9.999639999999999640e-01 2.483630000000000004e-01 -2.035139999999999953e-03 5.022849999999999690e-06 -1.329580000000000025e-06 0.000000000000000000e+00 3.705699999999999966e-02 -3.032059999999999964e-02 5.344610000000000333e-02 7.593829999999999764e-05 0.000000000000000000e+00 1.807489999999999921e-03 -3.599919999999999943e-03 2.104959999999999904e-03 1.284850000000000074e-05 0.000000000000000000e+00 3.897959999999999793e-04 -1.041169999999999899e-03 0.000000000000000000e+00 1.256459999999999910e-06 0.000000000000000000e+00 1.807840000000000011e-03 -3.600630000000000063e-03 -2.105169999999999958e-03 1.279869999999999996e-05 0.000000000000000000e+00 3.706079999999999791e-02 -3.032400000000000026e-02 -5.345140000000000308e-02 7.243170000000000652e-05 5.135540000000000070e-03 9.336709999999999584e-05 9.340179999999999739e-05 5.135589999999999773e-03 0.000000000000000000e+00 0.000000000000000000e+00 0.000000000000000000e+00 0.000000000000000000e+00 0.000000000000000000e+00 0.000000000000000000e+00 0.000000000000000000e+00 0.000000000000000000e+00 2.464560000000000015e-02 4.206200000000000216e-02 1.195489999999999967e-06 -5.663949999999999871e-05 0.000000000000000000e+00 2.385640000000000015e-04 5.943170000000000223e-04 -3.050670000000000118e-04 0.000000000000000000e+00 0.000000000000000000e+00 2.384789999999999913e-04 5.941079999999999842e-04 3.049929999999999850e-04 0.000000000000000000e+00
2.483630000000000004e-01 9.999989999999999712e-01 -1.298289999999999904e-03 3.204249999999999857e-06 0.000000000000000000e+00 3.705699999999999966e-02 3.621159999999999934e-01 -1.904949999999999977e-01 3.357850000000000001e-01 4.770959999999999871e-04 1.807489999999999921e-03 6.059670000000000334e-02 -7.705489999999999562e-02 4.505580000000000002e-02 2.750179999999999747e-04 3.897959999999999793e-04 2.521400000000000030e-02 -4.067119999999999763e-02 0.000000000000000000e+00 4.908120000000000028e-05 1.807840000000000011e-03 6.060340000000000171e-02 -7.706440000000000512e-02 -4.505699999999999983e-02 2.739299999999999743e-04 3.706079999999999791e-02 3.621380000000000154e-01 -1.905040000000000067e-01 -3.357970000000000121e-01 4.550369999999999871e-04 9.356920000000000515e-02 6.509680000000000327e-03 6.511199999999999974e-03 9.356989999999999752e-02 0.000000000000000000e+00 1.963450000000000048e-04 -4.155839999999999838e-04 0.000000000000000000e+00 -6.199149999999999761e-06 1.243399999999999920e-04 1.243539999999999956e-04 2.565970000000000056e-02 2.943740000000000245e-01 3.082599999999999785e-01 8.761389999999999814e-06 -4.150949999999999822e-04 1.501539999999999993e-03 3.708279999999999910e-02 4.434509999999999841e-02 -2.276270000000000029e-02 -4.526290000000000332e-05 1.501219999999999942e-03 3.707710000000000172e-02 4.433809999999999835e-02 2.276150000000000048e-02 -4.958280000000000239e-05
2.035139999999999953e-03 1.298289999999999904e-03 9.999940000000000495e-01 0.000000000000000000e+00 0.000000000000000000e+00 3.032059999999999964e-02 1.904949999999999977e-01 7.989000000000000268e-02 2.312450000000000061e-01 3.285620000000000164e-04 3.599919999999999943e-03 7.705489999999999562e-02 -8.279899999999999760e-02 6.323470000000000479e-02 3.859809999999999760e-04 1.041169999999999899e-03 4.067119999999999763e-02 -6.097890000000000255e-02 1.290829999999999972e-06 8.529319999999999849e-05 3.600630000000000063e-03 7.706440000000000512e-02 -8.281090000000000673e-02 -6.323729999999999629e-02 3.844599999999999884e-04 3.032400000000000026e-02 1.905040000000000067e-01 7.989970000000000405e-02 -2.312539999999999873e-01 3.133710000000000055e-04 8.329780000000000170e-03 8.291929999999999440e-03 8.293740000000000834e-03 8.332469999999999807e-03 0.000000000000000000e+00 4.670489999999999798e-04 -9.370169999999999498e-04 0.000000000000000000e+00 -1.491079999999999961e-05 2.569739999999999828e-04 2.570019999999999900e-04 -4.268539999999999834e-02 -3.554470000000000129e-01 -3.100840000000000263e-01 -1.338690000000000053e-05 6.342420000000000306e-04 -3.032560000000000117e-03 -5.568569999999999770e-02 -5.819919999999999954e-02 3.715410000000000240e-02 7.387989999999999716e-05 -3.031900000000000133e-03 -5.567670000000000258e-02 -5.818920000000000342e-02 -3.715170000000000278e-02 8.092990000000000589e-05
-5.022849999999999690e-06 -3.204249999999999857e-06 0.000000000000000000e+00 9.999980000000000535e-01 0.000000000000000000e+00 -5.344610000000000333e-02 -3.357850000000000001e-01 2.312450000000000061e-01 -1.965359999999999885e-01 -5.791540000000000186e-04 -2.104959999999999904e-03 -4.505580000000000002e-02 6.323470000000000479e-02 -1.162919999999999926e-02 -2.256919999999999933e-04 0.000000000000000000e+00 0.000000000000000000e+00 1.290829999999999972e-06 9.699299999999999242e-03 0.000000000000000000e+00 2.105169999999999958e-03 4.505699999999999983e-02 -6.323729999999999629e-02 -1.162400000000000065e-02 2.247809999999999880e-04 5.345140000000000308e-02 3.357970000000000121e-01 -2.312539999999999873e-01 -1.965320000000000122e-01 5.523719999999999759e-04 -1.210340000000000027e-01 -6.897129999999999581e-03 6.898610000000000332e-03 1.210340000000000027e-01 0.000000000000000000e+00 0.000000000000000000e+00 0.000000000000000000e+00 6.258689999999999534e-05 0.000000000000000000e+00 -4.891500000000000177e-05 4.892150000000000247e-05 -1.213209999999999943e-06 -1.010250000000000026e-05 -1.338690000000000053e-05 1.609210000000000085e-01 0.000000000000000000e+00 1.556639999999999977e-03 2.858389999999999889e-02 3.715410000000000240e-02 -4.888980000000000235e-03 -3.792310000000000288e-05 -1.556469999999999902e-03 -2.858230000000000146e-02 -3.715170000000000278e-02 -4.892170000000000372e-03 4.154639999999999917e-05
1.329580000000000025e-06 0.000000000000000000e+00 0.000000000000000000e+00 0.000000000000000000e+00 9.999980000000000535e-01 -7.593829999999999764e-05 -4.770959999999999871e-04 3.285620000000000164e-04 -5.791540000000000186e-04 2.110769999999999869e-01 -1.284850000000000074e-05 -2.750179999999999747e-04 3.859809999999999760e-04 -2.256919999999999933e-04 2.534430000000000016e-02 -1.256459999999999910e-06 -4.908120000000000028e-05 8.529319999999999849e-05 0.000000000000000000e+00 9.699199999999999836e-03 -1.279869999999999996e-05 -2.739299999999999743e-04 3.844599999999999884e-04 2.247809999999999880e-04 2.534739999999999910e-02 -7.243170000000000652e-05 -4.550369999999999871e-04 3.133710000000000055e-04 5.523719999999999759e-04 2.110940000000000039e-01 -2.761789999999999861e-05 -2.108780000000000162e-05 -2.121479999999999888e-05 -1.543070000000000119e-05 0.000000000000000000e+00 6.966840000000000199e-06 -1.491079999999999961e-05 0.000000000000000000e+00 6.236449999999999557e-05 -8.709600000000000433e-06 -8.677449999999999394e-06 5.747890000000000291e-05 4.786349999999999871e-04 6.342420000000000306e-04 0.000000000000000000e+00 1.609200000000000075e-01 3.095329999999999805e-06 5.683820000000000072e-05 7.387989999999999716e-05 -3.792310000000000288e-05 1.418239999999999952e-02 3.390550000000000089e-06 6.226270000000000274e-05 8.092990000000000589e-05 4.154639999999999917e-05 1.417999999999999990e-02
0.000000000000000000e+00 3.702830000000000010e-02 3.053789999999999977e-02 -5.326800000000000285e-02 -7.562240000000000292e-05 9.989090000000000469e-01 2.483680000000000054e-01 1.039799999999999926e-02 4.217339999999999978e-03 9.452599999999999927e-06 1.016869999999999973e-06 3.842140000000000138e-02 -6.369389999999999774e-02 1.384249999999999901e-04 2.625980000000000089e-04 0.000000000000000000e+00 1.715579999999999970e-03 -3.446119999999999999e-03 -1.992610000000000128e-03 2.712570000000000102e-06 0.000000000000000000e+00 3.890200000000000125e-04 -5.141990000000000146e-04 -9.031490000000000091e-04 2.108689999999999965e-06 0.000000000000000000e+00 1.680000000000000070e-03 1.129140000000000001e-05 -3.907029999999999705e-03 0.000000000000000000e+00 6.076820000000000138e-02 5.535550000000000193e-03 1.138140000000000084e-05 8.404299999999999477e-05 0.000000000000000000e+00 0.000000000000000000e+00 -1.389870000000000044e-06 0.000000000000000000e+00 0.000000000000000000e+00 7.015169999999999785e-06 0.000000000000000000e+00 0.000000000000000000e+00 5.058210000000000484e-04 1.158380000000000087e-03 -6.558300000000000414e-04 -1.983149999999999808e-06 0.000000000000000000e+00 0.000000000000000000e+00 0.000000000000000000e+00 0.000000000000000000e+00 0.000000000000000000e+00 0.000000000000000000e+00 1.376020000000000083e-05 4.571280000000000048e-05 -2.538030000000000076e-06 0.000000000000000000e+00
3.702830000000000010e-02 3.619560000000000000e-01 1.919490000000000085e-01 -3.348209999999999797e-01 -4.753320000000000223e-04 2.483680000000000054e-01 9.999679999999999680e-01 6.634609999999999987e-03 2.690940000000000172e-03 6.031379999999999841e-06 3.842140000000000138e-02 3.696760000000000046e-01 -3.915080000000000227e-01 8.508570000000000022e-04 1.614119999999999921e-03 1.715579999999999970e-03 5.879170000000000229e-02 -7.523699999999999832e-02 -4.350339999999999763e-02 5.922190000000000299e-05 3.890200000000000125e-04 2.518569999999999837e-02 -2.010230000000000003e-02 -3.530810000000000198e-02 8.243819999999999956e-05 1.680000000000000070e-03 5.808270000000000099e-02 2.484890000000000124e-04 -8.598150000000000237e-02 -2.606249999999999823e-06 4.847319999999999962e-01 9.875290000000000457e-02 1.772429999999999969e-03 6.093720000000000386e-03 3.486679999999999879e-06 1.140399999999999964e-03 -2.057980000000000052e-03 -7.195220000000000001e-04 -3.788490000000000043e-05 1.320229999999999928e-03 2.875989999999999818e-04 1.116910000000000038e-03 3.831040000000000140e-02 4.863830000000000237e-02 -2.753709999999999838e-02 -8.326869999999999780e-05 4.619690000000000149e-06 7.516820000000000446e-04 1.055219999999999943e-03 -8.685550000000000215e-04 -1.463049999999999909e-06 2.561509999999999807e-04 1.095609999999999987e-02 1.652599999999999902e-02 -9.175439999999999551e-04 -2.411900000000000065e-05
-3.053789999999999977e-02 -1.919490000000000085e-01 7.770989999999999842e-02 2.324219999999999897e-01 3.299609999999999804e-04 -1.039799999999999926e-02 -6.634609999999999987e-03 9.998340000000000005e-01 -4.242830000000000169e-05 0.000000000000000000e+00 6.369389999999999774e-02 3.915080000000000227e-01 -3.282300000000000217e-01 1.184769999999999920e-03 2.247569999999999950e-03 3.446119999999999999e-03 7.523699999999999832e-02 -8.164649999999999685e-02 -6.138060000000000044e-02 8.355840000000000283e-05 5.141990000000000146e-04 2.010230000000000003e-02 -7.598009999999999660e-03 -3.036060000000000147e-02 7.088669999999999336e-05 -1.129140000000000001e-05 -2.484890000000000124e-04 2.417930000000000079e-02 4.053920000000000245e-04 0.000000000000000000e+00 -2.320879999999999888e-01 1.137169999999999986e-01 1.572950000000000043e-03 -1.626129999999999937e-03 1.170469999999999993e-05 2.298329999999999904e-03 -3.873489999999999833e-03 -1.485229999999999927e-03 -7.820179999999999384e-05 2.415800000000000065e-03 5.106740000000000237e-04 -2.320040000000000210e-03 -5.406419999999999976e-02 -5.954290000000000277e-02 4.229089999999999933e-02 1.278820000000000065e-04 -1.245229999999999934e-05 -1.340910000000000062e-03 -1.679090000000000053e-03 1.579520000000000056e-03 2.660659999999999950e-06 -6.908570000000000162e-04 -2.062910000000000091e-02 -2.896460000000000007e-02 1.821160000000000053e-03 4.787179999999999794e-05
5.326800000000000285e-02 3.348209999999999797e-01 2.324219999999999897e-01 -1.944660000000000000e-01 -5.755590000000000098e-04 -4.217339999999999978e-03 -2.690940000000000172e-03 -4.242830000000000169e-05 9.999219999999999775e-01 0.000000000000000000e+00 -1.384249999999999901e-04 -8.508570000000000022e-04 1.184769999999999920e-03 2.169220000000000037e-01 -4.884609999999999638e-06 1.992610000000000128e-03 4.350339999999999763e-02 -6.138060000000000044e-02 -1.098310000000000085e-02 4.831500000000000074e-05 9.031490000000000091e-04 3.530810000000000198e-02 -3.036060000000000147e-02 -4.363840000000000080e-02 1.245069999999999922e-04 3.907029999999999705e-03 8.598150000000000237e-02 4.053920000000000245e-04 -1.160920000000000007e-01 -4.251919999999999603e-06 -4.013780000000000125e-01 -5.689059999999999950e-02 2.784019999999999898e-03 1.001130000000000075e-02 4.092249999999999656e-06 8.035540000000000521e-04 -1.485229999999999927e-03 -1.446859999999999900e-04 -2.734129999999999859e-05 1.971150000000000126e-04 2.701819999999999959e-04 1.313509999999999938e-03 3.060900000000000079e-02 4.229089999999999933e-02 -8.788699999999999984e-03 -7.240200000000000238e-05 1.024950000000000072e-05 1.103699999999999994e-03 1.579520000000000056e-03 -1.060219999999999956e-03 -2.190000000000000208e-06 3.835709999999999906e-05 1.145350000000000057e-03 1.821160000000000053e-03 3.735399999999999832e-03 -2.657899999999999997e-06
7.562240000000000292e-05 4.753320000000000223e-04 3.299609999999999804e-04 -5.755590000000000098e-04 2.109540000000000026e-01 -9.452599999999999927e-06 -6.031379999999999841e-06 0.000000000000000000e+00 0.000000000000000000e+00 9.999390000000000223e-01 -2.625980000000000089e-04 -1.614119999999999921e-03 2.247569999999999950e-03 -4.884609999999999638e-06 2.169149999999999967e-01 -2.712570000000000102e-06 -5.922190000000000299e-05 8.355840000000000283e-05 4.831500000000000074e-05 2.450820000000000082e-02 -2.108689999999999965e-06 -8.243819999999999956e-05 7.088669999999999336e-05 1.245069999999999922e-04 9.687219999999999859e-03 0.000000000000000000e+00 2.606249999999999823e-06 0.000000000000000000e+00 -4.251919999999999603e-06 2.418040000000000120e-02 5.200629999999999706e-04 -2.922269999999999924e-04 -4.073799999999999858e-06 4.289780000000000287e-06 0.000000000000000000e+00 4.230939999999999847e-05 -7.820179999999999384e-05 -2.734129999999999859e-05 3.731489999999999742e-04 -9.519239999999999343e-05 -2.004529999999999932e-05 3.971900000000000037e-06 9.255780000000000344e-05 1.278820000000000065e-04 -7.240200000000000238e-05 1.515460000000000071e-02 0.000000000000000000e+00 1.859160000000000086e-06 2.660659999999999950e-06 -2.190000000000000208e-06 2.398920000000000132e-04 1.008280000000000026e-06 3.010729999999999887e-05 4.787179999999999794e-05 -2.657899999999999997e-06 3.836439999999999989e-03
0.000000000000000000e+00 1.856549999999999997e-03 3.684849999999999931e-03 -2.158999999999999895e-03 -1.307499999999999933e-05 0.000000000000000000e+00 3.832719999999999877e-02 6.353860000000000063e-02 7.652950000000000648e-05 -2.582470000000000230e-04 9.992529999999999468e-01 2.483660000000000034e-01 -8.880050000000000443e-03 2.719010000000000003e-03 1.042820000000000021e-04 0.000000000000000000e+00 3.581039999999999918e-02 -3.032740000000000088e-02 -5.107969999999999872e-02 -1.674360000000000008e-04 0.000000000000000000e+00 1.672139999999999911e-03 -9.587259999999999413e-06 -3.890729999999999796e-03 0.000000000000000000e+00 0.000000000000000000e+00 3.866119999999999908e-04 5.113949999999999919e-04 -8.979549999999999772e-04 -2.108059999999999939e-06 5.416640000000000343e-03 6.090260000000000118e-02 8.174820000000000448e-05 1.132999999999999994e-05 0.000000000000000000e+00 6.166709999999999510e-04 -1.379510000000000024e-03 -8.004690000000000503e-04 -4.581880000000000252e-05 1.423430000000000051e-03 1.126640000000000042e-04 0.000000000000000000e+00 0.000000000000000000e+00 1.006849999999999940e-06 0.000000000000000000e+00 0.000000000000000000e+00 0.000000000000000000e+00 0.000000000000000000e+00 0.000000000000000000e+00 0.000000000000000000e+00 0.000000000000000000e+00 0.000000000000000000e+00 0.000000000000000000e+00 0.000000000000000000e+00 0.000000000000000000e+00 0.000000000000000000e+00
1.856549999999999997e-03 6.154500000000000248e-02 7.807730000000000226e-02 -4.574650000000000244e-02 -2.770429999999999833e-04 3.832719999999999877e-02 3.691579999999999862e-01 3.911390000000000144e-01 4.711100000000000075e-04 -1.589750000000000017e-03 2.483660000000000034e-01 9.999780000000000335e-01 -5.665680000000000195e-03 1.734789999999999943e-03 6.653419999999999734e-05 3.581039999999999918e-02 3.550760000000000027e-01 -1.944520000000000137e-01 -3.275109999999999966e-01 -1.073560000000000096e-03 1.672139999999999911e-03 5.792520000000000308e-02 -2.113619999999999865e-04 -8.577550000000000452e-02 1.411699999999999969e-06 3.866119999999999908e-04 2.509760000000000116e-02 2.004299999999999832e-02 -3.519339999999999968e-02 -8.262069999999999993e-05 9.722160000000000524e-02 4.852739999999999831e-01 5.988880000000000245e-03 1.767539999999999953e-03 1.308740000000000077e-03 4.236070000000000113e-02 -5.285449999999999871e-02 -3.066920000000000063e-02 -1.755499999999999899e-03 3.823370000000000241e-02 7.326739999999999989e-03 2.661749999999999969e-06 9.714860000000000292e-04 1.773290000000000066e-03 -6.117709999999999945e-04 -4.685469999999999882e-06 0.000000000000000000e+00 5.893549999999999672e-06 1.191409999999999999e-05 -6.546780000000000023e-06 0.000000000000000000e+00 0.000000000000000000e+00 8.074720000000000508e-05 1.654840000000000033e-04 -6.177539999999999980e-06 0.000000000000000000e+00
-3.684849999999999931e-03 -7.807730000000000226e-02 -8.359629999999999839e-02 6.408909999999999607e-02 3.881269999999999924e-04 -6.353860000000000063e-02 -3.911390000000000144e-01 -3.282039999999999957e-01 -6.560999999999999558e-04 2.213989999999999882e-03 8.880050000000000443e-03 5.665680000000000195e-03 9.998820000000000485e-01 2.335829999999999962e-05 0.000000000000000000e+00 3.032740000000000088e-02 1.944520000000000137e-01 6.684539999999999926e-02 -2.338510000000000033e-01 -7.665509999999999729e-04 9.587259999999999413e-06 2.113619999999999865e-04 2.410690000000000055e-02 -3.448990000000000194e-04 0.000000000000000000e+00 -5.113949999999999919e-04 -2.004299999999999832e-02 -7.591750000000000408e-03 3.027619999999999964e-02 7.107699999999999728e-05 -1.125599999999999934e-01 2.264599999999999946e-01 1.555610000000000022e-03 -1.580089999999999923e-03 2.655649999999999851e-03 5.879550000000000054e-02 -6.315030000000000643e-02 -4.646079999999999655e-02 -2.659410000000000072e-03 5.433969999999999773e-02 9.345259999999999331e-03 -9.063840000000000620e-06 -1.981679999999999987e-03 -3.381190000000000064e-03 1.276149999999999984e-03 9.773890000000000708e-06 0.000000000000000000e+00 -1.548219999999999891e-05 -2.960249999999999991e-05 1.725579999999999833e-05 0.000000000000000000e+00 0.000000000000000000e+00 -2.131939999999999920e-04 -4.155939999999999786e-04 1.644829999999999971e-05 1.028689999999999929e-06
2.158999999999999895e-03 4.574650000000000244e-02 6.408909999999999607e-02 -1.176349999999999965e-02 -2.274090000000000042e-04 -7.652950000000000648e-05 -4.711100000000000075e-04 -6.560999999999999558e-04 2.165219999999999922e-01 2.666659999999999978e-06 -2.719010000000000003e-03 -1.734789999999999943e-03 2.335829999999999962e-05 9.999510000000000343e-01 0.000000000000000000e+00 5.107969999999999872e-02 3.275109999999999966e-01 -2.338510000000000033e-01 -1.881799999999999862e-01 -1.291080000000000005e-03 3.890729999999999796e-03 8.577550000000000452e-02 -3.448990000000000194e-04 -1.158600000000000046e-01 2.303610000000000125e-06 8.979549999999999772e-04 3.519339999999999968e-02 3.027619999999999964e-02 -4.351089999999999819e-02 -1.248040000000000065e-04 -5.535500000000000143e-02 -4.049570000000000114e-01 9.857879999999999421e-03 2.770449999999999822e-03 1.540960000000000073e-03 3.411650000000000099e-02 -4.646079999999999655e-02 -1.004009999999999972e-02 -1.543139999999999920e-03 6.810069999999999665e-03 7.571030000000000294e-03 3.126960000000000043e-06 6.836639999999999514e-04 1.276149999999999984e-03 -1.223669999999999890e-04 -3.371919999999999981e-06 0.000000000000000000e+00 8.507440000000000323e-06 1.725579999999999833e-05 -7.681839999999999282e-06 0.000000000000000000e+00 0.000000000000000000e+00 7.958580000000000634e-06 1.644829999999999971e-05 2.440780000000000033e-05 0.000000000000000000e+00
1.307499999999999933e-05 2.770429999999999833e-04 3.881269999999999924e-04 -2.274090000000000042e-04 2.578570000000000167e-02 2.582470000000000230e-04 1.589750000000000017e-03 2.213989999999999882e-03 2.666659999999999978e-06 2.165130000000000110e-01 -1.042820000000000021e-04 -6.653419999999999734e-05 0.000000000000000000e+00 0.000000000000000000e+00 9.999580000000000135e-01 1.674360000000000008e-04 1.073560000000000096e-03 -7.665509999999999729e-04 -1.291080000000000005e-03 2.056850000000000067e-01 0.000000000000000000e+00 -1.411699999999999969e-06 0.000000000000000000e+00 2.303610000000000125e-06 2.410769999999999927e-02 2.108059999999999939e-06 8.262069999999999993e-05 7.107699999999999728e-05 -1.248040000000000065e-04 9.650580000000000616e-03 4.010870000000000038e-04 3.056749999999999897e-04 1.988420000000000014e-06 5.809099999999999998e-06 8.820439999999999867e-05 1.952830000000000017e-03 -2.659410000000000072e-03 -1.543139999999999920e-03 1.683079999999999993e-02 -3.159040000000000112e-03 -5.411220000000000006e-04 0.000000000000000000e+00 5.236080000000000019e-06 9.773890000000000708e-06 -3.371919999999999981e-06 3.178710000000000064e-04 0.000000000000000000e+00 0.000000000000000000e+00 0.000000000000000000e+00 0.000000000000000000e+00 1.800029999999999900e-06 0.000000000000000000e+00 0.000000000000000000e+00 1.028689999999999929e-06 0.000000000000000000e+00 2.501939999999999969e-05
0.000000000000000000e+00 3.870780000000000097e-04 1.034509999999999987e-03 0.000000000000000000e+00 -1.284950000000000081e-06 0.000000000000000000e+00 1.652419999999999931e-03 3.334769999999999922e-03 1.923559999999999940e-03 -2.760259999999999810e-06 0.000000000000000000e+00 3.580499999999999655e-02 3.019650000000000112e-02 5.114699999999999802e-02 1.661610000000000105e-04 9.998270000000000213e-01 2.483630000000000004e-01 4.465620000000000006e-03 1.920440000000000116e-06 -1.481700000000000129e-04 0.000000000000000000e+00 3.580649999999999805e-02 3.019780000000000034e-02 -5.114900000000000002e-02 1.648979999999999923e-04 0.000000000000000000e+00 1.652150000000000016e-03 3.334259999999999915e-03 -1.923350000000000103e-03 -2.886349999999999902e-06 8.393739999999999361e-05 4.988509999999999819e-03 4.988000000000000246e-03 8.392989999999999750e-05 0.000000000000000000e+00 3.071830000000000047e-02 -5.150550000000000267e-02 0.000000000000000000e+00 -2.469540000000000103e-03 6.412170000000000022e-03 6.412349999999999821e-03 0.000000000000000000e+00 0.000000000000000000e+00 0.000000000000000000e+00 0.000000000000000000e+00 0.000000000000000000e+00 0.000000000000000000e+00 0.000000000000000000e+00 0.000000000000000000e+00 0.000000000000000000e+00 0.000000000000000000e+00 0.000000000000000000e+00 0.000000000000000000e+00 0.000000000000000000e+00 0.000000000000000000e+00 0.000000000000000000e+00
3.870780000000000097e-04 2.511470000000000022e-02 4.052569999999999784e-02 0.000000000000000000e+00 -5.033620000000000097e-05 1.652419999999999931e-03 5.752890000000000087e-02 7.385120000000000573e-02 4.259879999999999917e-02 -6.112809999999999501e-05 3.580499999999999655e-02 3.550459999999999727e-01 1.936299999999999966e-01 3.279710000000000125e-01 1.065479999999999943e-03 2.483630000000000004e-01 9.999949999999999672e-01 2.848849999999999993e-03 1.225150000000000035e-06 -9.452510000000000068e-05 3.580649999999999805e-02 3.550539999999999807e-01 1.936340000000000006e-01 -3.279759999999999898e-01 1.057350000000000087e-03 1.652150000000000016e-03 5.752349999999999824e-02 7.384430000000000160e-02 -4.259670000000000123e-02 -6.392439999999999397e-05 6.088920000000000270e-03 9.163989999999999636e-02 9.163309999999999511e-02 6.088579999999999687e-03 3.085809999999999942e-02 3.309960000000000124e-01 -3.348090000000000233e-01 4.770709999999999763e-06 -1.605310000000000070e-02 1.098110000000000058e-01 1.098129999999999939e-01 0.000000000000000000e+00 1.464229999999999904e-04 3.148709999999999877e-04 0.000000000000000000e+00 0.000000000000000000e+00 0.000000000000000000e+00 1.685199999999999976e-06 3.989350000000000184e-06 0.000000000000000000e+00 0.000000000000000000e+00 0.000000000000000000e+00 1.685099999999999968e-06 3.989130000000000040e-06 0.000000000000000000e+00 0.000000000000000000e+00
-1.034509999999999987e-03 -4.052569999999999784e-02 -6.078680000000000194e-02 1.168009999999999935e-06 8.749819999999999516e-05 -3.334769999999999922e-03 -7.385120000000000573e-02 -8.052230000000000498e-02 -6.024720000000000075e-02 8.645299999999999372e-05 -3.019650000000000112e-02 -1.936299999999999966e-01 6.798419999999999463e-02 -2.332059999999999966e-01 -7.576160000000000186e-04 -4.465620000000000006e-03 -2.848849999999999993e-03 9.999710000000000543e-01 0.000000000000000000e+00 0.000000000000000000e+00 -3.019780000000000034e-02 -1.936340000000000006e-01 6.798800000000000676e-02 2.332089999999999996e-01 -7.518369999999999914e-04 -3.334259999999999915e-03 -7.384430000000000160e-02 -8.051490000000000036e-02 6.024399999999999894e-02 9.040749999999999796e-05 -7.853409999999999905e-03 -1.039349999999999996e-02 -1.039630000000000068e-02 -7.852809999999999999e-03 5.116369999999999946e-02 3.873460000000000236e-01 -3.191109999999999780e-01 7.214639999999999758e-06 -2.427680000000000116e-02 1.256029999999999924e-01 1.256039999999999934e-01 0.000000000000000000e+00 -3.541579999999999793e-04 -7.225089999999999768e-04 0.000000000000000000e+00 0.000000000000000000e+00 0.000000000000000000e+00 -5.195690000000000224e-06 -1.181349999999999963e-05 2.686610000000000100e-06 0.000000000000000000e+00 0.000000000000000000e+00 -5.195400000000000266e-06 -1.181290000000000001e-05 -2.686509999999999881e-06 0.000000000000000000e+00
0.000000000000000000e+00 0.000000000000000000e+00 1.168009999999999935e-06 9.657980000000000037e-03 0.000000000000000000e+00 -1.923559999999999940e-03 -4.259879999999999917e-02 -6.024720000000000075e-02 -1.082699999999999982e-02 4.986779999999999712e-05 -5.114699999999999802e-02 -3.279710000000000125e-01 -2.332059999999999966e-01 -1.893380000000000063e-01 -1.283250000000000102e-03 -1.920440000000000116e-06 -1.225150000000000035e-06 0.000000000000000000e+00 9.999900000000000455e-01 0.000000000000000000e+00 5.114900000000000002e-02 3.279759999999999898e-01 2.332089999999999996e-01 -1.893370000000000053e-01 1.273459999999999913e-03 1.923350000000000103e-03 4.259670000000000123e-02 6.024399999999999894e-02 -1.082909999999999949e-02 -5.215100000000000264e-05 -6.406450000000000165e-03 -1.186809999999999948e-01 1.186730000000000007e-01 6.406349999999999892e-03 0.000000000000000000e+00 -5.519309999999999677e-06 7.214639999999999758e-06 1.872129999999999905e-01 0.000000000000000000e+00 -5.963349999999999901e-02 5.964259999999999701e-02 0.000000000000000000e+00 0.000000000000000000e+00 0.000000000000000000e+00 4.653029999999999731e-05 0.000000000000000000e+00 0.000000000000000000e+00 1.132420000000000078e-06 2.686610000000000100e-06 0.000000000000000000e+00 0.000000000000000000e+00 0.000000000000000000e+00 -1.132380000000000032e-06 -2.686509999999999881e-06 0.000000000000000000e+00 0.000000000000000000e+00
1.284950000000000081e-06 5.033620000000000097e-05 8.749819999999999516e-05 0.000000000000000000e+00 9.657870000000000690e-03 2.760259999999999810e-06 6.112809999999999501e-05 8.645299999999999372e-05 4.986779999999999712e-05 2.392470000000000013e-02 -1.661610000000000105e-04 -1.065479999999999943e-03 -7.576160000000000186e-04 -1.283250000000000102e-03 2.056620000000000115e-01 1.481700000000000129e-04 9.452510000000000068e-05 0.000000000000000000e+00 0.000000000000000000e+00 9.999900000000000455e-01 -1.648979999999999923e-04 -1.057350000000000087e-03 -7.518369999999999914e-04 1.273459999999999913e-03 2.056679999999999897e-01 2.886349999999999902e-06 6.392439999999999397e-05 9.040749999999999796e-05 -5.215100000000000264e-05 2.392220000000000110e-02 8.832649999999999196e-06 -1.728780000000000074e-04 -1.749590000000000032e-04 9.477199999999999657e-06 2.453149999999999862e-03 1.857210000000000111e-02 -2.427680000000000116e-02 0.000000000000000000e+00 1.860489999999999922e-01 -1.038569999999999945e-02 -1.034559999999999994e-02 0.000000000000000000e+00 0.000000000000000000e+00 0.000000000000000000e+00 0.000000000000000000e+00 4.652910000000000146e-05 0.000000000000000000e+00 0.000000000000000000e+00 0.000000000000000000e+00 0.000000000000000000e+00 0.000000000000000000e+00 0.000000000000000000e+00 0.000000000000000000e+00 0.000000000000000000e+00 0.000000000000000000e+00 0.000000000000000000e+00
0.000000000000000000e+00 1.856879999999999989e-03 3.685519999999999855e-03 2.159180000000000127e-03 -1.302429999999999997e-05 0.000000000000000000e+00 3.867310000000000214e-04 5.115500000000000472e-04 8.982019999999999631e-04 -2.068110000000000008e-06 0.000000000000000000e+00 1.672169999999999950e-03 -9.560499999999999351e-06 3.890779999999999933e-03 0.000000000000000000e+00 0.000000000000000000e+00 3.581209999999999949e-02 -3.032889999999999892e-02 5.108209999999999834e-02 -1.661909999999999950e-04 9.992529999999999468e-01 2.483660000000000034e-01 -8.875469999999999887e-03 -2.725509999999999999e-03 1.036909999999999937e-04 0.000000000000000000e+00 3.832490000000000202e-02 6.353469999999999951e-02 -8.016830000000000288e-05 -2.605290000000000123e-04 1.133359999999999937e-05 8.176279999999999583e-05 6.090120000000000255e-02 5.416400000000000034e-03 0.000000000000000000e+00 6.166700000000000436e-04 -1.379500000000000084e-03 8.004820000000000381e-04 -4.579909999999999998e-05 1.126870000000000004e-04 1.423769999999999984e-03 0.000000000000000000e+00 0.000000000000000000e+00 1.006870000000000069e-06 0.000000000000000000e+00 0.000000000000000000e+00 0.000000000000000000e+00 0.000000000000000000e+00 0.000000000000000000e+00 0.000000000000000000e+00 0.000000000000000000e+00 0.000000000000000000e+00 0.000000000000000000e+00 0.000000000000000000e+00 0.000000000000000000e+00 0.000000000000000000e+00
1.856879999999999989e-03 6.155130000000000323e-02 7.808640000000000025e-02 4.574740000000000056e-02 -2.759489999999999968e-04 3.867310000000000214e-04 2.510199999999999931e-02 2.004660000000000122e-02 3.519869999999999943e-02 -8.104479999999999356e-05 1.672169999999999950e-03 5.792579999999999951e-02 -2.107710000000000052e-04 8.577619999999999689e-02 3.532799999999999871e-06 3.581209999999999949e-02 3.550860000000000127e-01 -1.944559999999999900e-01 3.275170000000000026e-01 -1.065549999999999961e-03 2.483660000000000034e-01 9.999780000000000335e-01 -5.662760000000000189e-03 -1.738940000000000017e-03 6.615719999999999739e-05 3.832490000000000202e-02 3.691459999999999742e-01 3.911290000000000044e-01 -4.935280000000000222e-04 -1.603849999999999981e-03 1.767890000000000043e-03 5.989549999999999735e-03 4.852679999999999771e-01 9.721860000000000224e-02 1.308740000000000077e-03 4.236070000000000113e-02 -5.285419999999999702e-02 3.066970000000000113e-02 -1.754750000000000016e-03 7.327659999999999729e-03 3.823990000000000028e-02 2.661789999999999802e-06 9.714949999999999541e-04 1.773309999999999947e-03 6.117590000000000224e-04 -4.670470000000000025e-06 0.000000000000000000e+00 8.074660000000000377e-05 1.654829999999999875e-04 6.177410000000000203e-06 0.000000000000000000e+00 0.000000000000000000e+00 5.893129999999999937e-06 1.191329999999999993e-05 6.546320000000000031e-06 0.000000000000000000e+00
-3.685519999999999855e-03 -7.808640000000000025e-02 -8.360789999999999889e-02 -6.409140000000000670e-02 3.866009999999999803e-04 -5.115500000000000472e-04 -2.004660000000000122e-02 -7.593199999999999603e-03 -3.028109999999999830e-02 6.972199999999999416e-05 9.560499999999999351e-06 2.107710000000000052e-04 2.410709999999999936e-02 3.439340000000000040e-04 0.000000000000000000e+00 3.032889999999999892e-02 1.944559999999999900e-01 6.685049999999999326e-02 2.338550000000000073e-01 -7.608260000000000370e-04 8.875469999999999887e-03 5.662760000000000189e-03 9.998820000000000485e-01 -2.340210000000000079e-05 0.000000000000000000e+00 -6.353469999999999951e-02 -3.911290000000000044e-01 -3.282030000000000225e-01 6.873240000000000079e-04 2.233649999999999785e-03 -1.580459999999999894e-03 1.555959999999999895e-03 2.264230000000000131e-01 -1.125540000000000013e-01 2.655639999999999910e-03 5.879519999999999885e-02 -6.314949999999999730e-02 4.646129999999999705e-02 -2.658259999999999963e-03 9.346520000000000522e-03 5.434859999999999691e-02 -9.064010000000000654e-06 -1.981699999999999868e-03 -3.381240000000000200e-03 -1.276130000000000103e-03 9.742639999999999948e-06 0.000000000000000000e+00 -2.131930000000000034e-04 -4.155920000000000013e-04 -1.644789999999999883e-05 1.004060000000000006e-06 0.000000000000000000e+00 -1.548109999999999989e-05 -2.960069999999999935e-05 -1.725459999999999909e-05 0.000000000000000000e+00
-2.159180000000000127e-03 -4.574740000000000056e-02 -6.409140000000000670e-02 -1.175819999999999990e-02 2.264920000000000128e-04 -8.982019999999999631e-04 -3.519869999999999943e-02 -3.028109999999999830e-02 -4.351610000000000200e-02 1.224209999999999990e-04 -3.890779999999999933e-03 -8.577619999999999689e-02 3.439340000000000040e-04 -1.158610000000000056e-01 -5.764800000000000269e-06 -5.108209999999999834e-02 -3.275170000000000026e-01 2.338550000000000073e-01 -1.881780000000000119e-01 1.281440000000000010e-03 2.725509999999999999e-03 1.738940000000000017e-03 -2.340210000000000079e-05 9.999510000000000343e-01 0.000000000000000000e+00 8.016830000000000288e-05 4.935280000000000222e-04 6.873240000000000079e-04 2.165120000000000100e-01 -2.818420000000000114e-06 -2.770910000000000126e-03 -9.858880000000000421e-03 4.049740000000000006e-01 5.535969999999999780e-02 -1.540979999999999954e-03 -3.411700000000000149e-02 4.646129999999999705e-02 -1.004090000000000017e-02 1.542500000000000034e-03 -7.571549999999999808e-03 -6.808429999999999864e-03 -3.126909999999999933e-06 -6.836490000000000405e-04 -1.276130000000000103e-03 -1.223410000000000133e-04 3.361019999999999798e-06 0.000000000000000000e+00 -7.958410000000000600e-06 -1.644789999999999883e-05 2.440759999999999989e-05 0.000000000000000000e+00 0.000000000000000000e+00 -8.506830000000000001e-06 -1.725459999999999909e-05 -7.681280000000000765e-06 0.000000000000000000e+00
1.302429999999999997e-05 2.759489999999999968e-04 3.866009999999999803e-04 2.264920000000000128e-04 2.578870000000000121e-02 2.068110000000000008e-06 8.104479999999999356e-05 6.972199999999999416e-05 1.224209999999999990e-04 9.652400000000000216e-03 0.000000000000000000e+00 -3.532799999999999871e-06 0.000000000000000000e+00 -5.764800000000000269e-06 2.410800000000000096e-02 1.661909999999999950e-04 1.065549999999999961e-03 -7.608260000000000370e-04 1.281440000000000010e-03 2.056929999999999870e-01 -1.036909999999999937e-04 -6.615719999999999739e-05 0.000000000000000000e+00 0.000000000000000000e+00 9.999580000000000135e-01 2.605290000000000123e-04 1.603849999999999981e-03 2.233649999999999785e-03 -2.818420000000000114e-06 2.165030000000000010e-01 5.607109999999999921e-06 2.013289999999999997e-06 2.767660000000000129e-04 4.120500000000000139e-04 8.816650000000000366e-05 1.951990000000000018e-03 -2.658259999999999963e-03 1.542500000000000034e-03 1.683079999999999993e-02 -5.434699999999999991e-04 -3.147599999999999964e-03 0.000000000000000000e+00 5.219319999999999861e-06 9.742639999999999948e-06 3.361019999999999798e-06 3.178739999999999994e-04 0.000000000000000000e+00 0.000000000000000000e+00 1.004060000000000006e-06 0.000000000000000000e+00 2.501929999999999947e-05 0.000000000000000000e+00 0.000000000000000000e+00 0.000000000000000000e+00 0.000000000000000000e+00 1.799890000000000059e-06
0.000000000000000000e+00 3.703179999999999666e-02 3.054070000000000049e-02 5.327300000000000091e-02 -7.213589999999999488e-05 0.000000000000000000e+00 1.680000000000000070e-03 1.123489999999999979e-05 3.907019999999999764e-03 0.000000000000000000e+00 0.000000000000000000e+00 3.889000000000000204e-04 -5.140449999999999750e-04 9.028979999999999602e-04 2.148869999999999892e-06 0.000000000000000000e+00 1.715270000000000076e-03 -3.445530000000000034e-03 1.992349999999999937e-03 2.842809999999999977e-06 1.016390000000000064e-06 3.841889999999999888e-02 -6.368980000000000474e-02 -1.349490000000000119e-04 2.648489999999999981e-04 9.989109999999999934e-01 2.483680000000000054e-01 1.039110000000000034e-02 -4.217040000000000025e-03 8.861809999999999439e-06 8.405249999999999527e-05 1.137810000000000038e-05 5.536300000000000075e-03 6.076899999999999663e-02 0.000000000000000000e+00 0.000000000000000000e+00 -1.389389999999999923e-06 0.000000000000000000e+00 0.000000000000000000e+00 0.000000000000000000e+00 7.015919999999999736e-06 0.000000000000000000e+00 5.058130000000000308e-04 1.158350000000000048e-03 6.558420000000000135e-04 -1.940080000000000151e-06 0.000000000000000000e+00 1.376250000000000079e-05 4.571990000000000250e-05 2.539720000000000139e-06 0.000000000000000000e+00 0.000000000000000000e+00 0.000000000000000000e+00 0.000000000000000000e+00 0.000000000000000000e+00 0.000000000000000000e+00
3.703179999999999666e-02 3.619749999999999912e-01 1.919549999999999867e-01 3.348329999999999917e-01 -4.533919999999999986e-04 1.680000000000000070e-03 5.808259999999999812e-02 2.472449999999999952e-04 8.598139999999999949e-02 3.042969999999999937e-06 3.889000000000000204e-04 2.518130000000000021e-02 -2.009880000000000000e-02 3.530269999999999936e-02 8.401939999999999723e-05 1.715270000000000076e-03 5.878549999999999748e-02 -7.522929999999999895e-02 4.350079999999999919e-02 6.206949999999999924e-05 3.841889999999999888e-02 3.696619999999999906e-01 -3.914980000000000127e-01 -8.295260000000000264e-04 1.628010000000000047e-03 2.483680000000000054e-01 9.999679999999999680e-01 6.630180000000000275e-03 -2.690749999999999999e-03 5.654420000000000151e-06 6.094149999999999567e-03 1.772109999999999918e-03 9.876250000000000306e-02 4.847350000000000270e-01 3.485690000000000079e-06 1.140210000000000008e-03 -2.057639999999999903e-03 7.194569999999999525e-04 -3.783109999999999766e-05 2.875709999999999746e-04 1.320320000000000044e-03 1.116900000000000098e-03 3.831009999999999971e-02 4.863739999999999730e-02 2.753780000000000117e-02 -8.146110000000000514e-05 2.561770000000000106e-04 1.095679999999999918e-02 1.652709999999999943e-02 9.180730000000000444e-04 -2.243839999999999848e-05 4.618660000000000093e-06 7.515720000000000473e-04 1.055060000000000026e-03 8.684549999999999648e-04 -1.509409999999999961e-06
-3.054070000000000049e-02 -1.919549999999999867e-01 7.772089999999999554e-02 -2.324289999999999967e-01 3.147280000000000130e-04 -1.123489999999999979e-05 -2.472449999999999952e-04 2.417930000000000079e-02 -4.033630000000000071e-04 0.000000000000000000e+00 5.140449999999999750e-04 2.009880000000000000e-02 -7.596750000000000204e-03 3.035590000000000163e-02 7.224599999999999913e-05 3.445530000000000034e-03 7.522929999999999895e-02 -8.163819999999999411e-02 6.137680000000000219e-02 8.757609999999999657e-05 6.368980000000000474e-02 3.914980000000000127e-01 -3.282289999999999930e-01 -1.155079999999999952e-03 2.266929999999999900e-03 -1.039110000000000034e-02 -6.630180000000000275e-03 9.998350000000000293e-01 4.239700000000000082e-05 0.000000000000000000e+00 -1.626330000000000050e-03 1.572720000000000107e-03 1.137259999999999938e-01 -2.320609999999999895e-01 1.170139999999999947e-05 2.297949999999999993e-03 -3.872860000000000105e-03 1.485100000000000049e-03 -7.809099999999999484e-05 5.106279999999999500e-04 2.415969999999999923e-03 -2.319980000000000132e-03 -5.406319999999999876e-02 -5.954090000000000077e-02 -4.229159999999999864e-02 1.251050000000000024e-04 -6.909210000000000481e-04 -2.063040000000000013e-02 -2.896620000000000097e-02 -1.822190000000000008e-03 4.453580000000000142e-05 -1.244949999999999998e-05 -1.340700000000000008e-03 -1.678819999999999922e-03 -1.579330000000000100e-03 2.744940000000000014e-06
