0.0  417.6944
0.5  422.2716
1.0  405.7548
1.5  371.7346
2.0  329.4032
2.5  288.6765
3.0  256.4624
3.5  235.6041
4.0  225.9848
4.5  226.0888
5.0  233.6794
5.5  245.5318
6.0  257.1590
6.5  263.5442
7.0  261.1972
7.5  250.7899
8.0  238.6470
8.5  235.1557
9.0  249.6544
9.5  284.3351
10.0  331.6033
10.5  377.4086
11.0  408.4400
11.5  418.2976
12.0  409.1455
12.5  388.8741
13.0  366.3772
13.5  347.9033
14.0  336.0017
14.5  330.5665
15.0  330.3262
15.5  333.4695
16.0  337.3351
16.5  338.0639
17.0  331.2310
17.5  313.8314
18.0  286.9512
18.5  257.4118
19.0  236.3486
19.5  234.1123
20.0  253.9625
20.5  289.1432
21.0  326.0917
21.5  351.7613
22.0  360.0278
22.5  353.4670
23.0  340.4087
23.5  329.9024
24.0  327.7495
24.5  335.3562
25.0  351.0009
25.5  371.7250
26.0  394.3018
26.5  415.0705
27.0  429.5515
27.5  432.9412
28.0  421.9351
28.5  397.2780
29.0  365.4096
29.5  337.2098
30.0  323.1342
30.5  326.9880
31.0  342.8132
31.5  357.8208
32.0  359.6528
32.5  343.0197
33.0  311.7467
33.5  275.8013
34.0  245.8410
34.5  228.6838
35.0  225.8538
35.5  235.0129
36.0  252.3457
36.5  274.0248
37.0  296.2834
37.5  314.9591
38.0  325.7119
38.5  325.5272
39.0  315.0434
39.5  300.1519
40.0  290.8766
40.5  296.7421
41.0  320.7341
41.5  356.2106
42.0  389.7118
42.5  408.1066
43.0  405.2841
43.5  384.4673
44.0  355.5865
44.5  329.9993
45.0  315.7454
45.5  315.5372
46.0  327.6112
46.5  347.8530
47.0  371.4296
47.5  393.3054
48.0  408.2583
48.5  411.4082
49.0  399.7968
49.5  374.5904
50.0  342.4733
50.5  314.3929
51.0  300.9610
51.5  306.5305
52.0  326.0611
52.5  347.5626
53.0  358.7022
53.5  353.1423
54.0  332.9409
54.5  306.4321
55.0  283.5991
55.5  271.7758
56.0  273.6640
56.5  287.8635
57.0  310.6023
57.5  337.1465
58.0  362.3302
58.5  380.7251
59.0  387.3191
59.5  379.1140
60.0  357.1600
60.5  327.6787
61.0  300.7026
61.5  285.8186
62.0  286.9660
62.5  299.8540
63.0  314.2223
63.5  319.5858
64.0  310.6693
64.5  289.4522
65.0  263.3251
65.5  241.0538
66.0  229.0095
66.5  229.4406
67.0  240.9985
67.5  260.3444
68.0  283.4484
68.5  306.0580
69.0  323.8149
69.5  332.8284
70.0  331.0720
70.5  320.1275
71.0  306.0141
71.5  297.7068
72.0  303.1143
72.5  324.4669
73.0  356.3724
73.5  388.3502
74.0  410.3396
74.5  417.5989
75.0  412.2474
75.5  401.1649
76.0  392.0085
76.5  389.7479
77.0  395.3371
77.5  406.5426
78.0  419.6596
78.5  430.7692
79.0  436.1271
79.5  432.2449
80.0  416.4711
80.5  388.3720
81.0  351.3491
81.5  313.1694
82.0  284.0712
82.5  272.4098
83.0  280.0208
83.5  300.5784
84.0  322.5455
84.5  334.9676
85.0  332.4968
85.5  317.0127
86.0  295.6124
86.5  276.6469
87.0  266.0978
87.5  265.9306
88.0  274.6012
88.5  288.6166
89.0  303.8511
89.5  316.1310
90.0  321.5232
90.5  317.0489
91.0  302.1017
91.5  280.0227
92.0  258.5349
92.5  247.7248
93.0  255.5951
93.5  283.4327
94.0  324.2816
94.5  366.0064
95.0  397.0692
95.5  411.3855
96.0  409.7771
96.5  398.0135
97.0  383.2377
97.5  370.9258
98.0  363.6512
98.5  361.5229
99.0  363.2159
99.5  366.6198
100.0  368.9502
100.5  366.8744
101.0  357.2702
101.5  338.7578
102.0  313.3961
102.5  287.3008
103.0  268.9505
103.5  265.1991
104.0  277.0798
104.5  298.4785
105.0  319.0620
105.5  329.6508
106.0  326.5468
106.5  312.4618
107.0  294.1895
107.5  278.9691
108.0  271.7145
108.5  274.1894
109.0  285.7214
109.5  304.2690
110.0  326.9766
110.5  350.2331
111.0  369.8523
111.5  381.9348
112.0  384.4495
112.5  378.8628
113.0  370.5683
113.5  366.9862
114.0  373.5326
114.5  389.7015
115.0  408.2619
115.5  418.6346
116.0  412.3451
116.5  387.0634
117.0  347.1489
117.5  301.1024
118.0  257.9218
118.5  224.3745
119.0  204.0606
119.5  197.8082
120.0  204.3546
120.5  220.6790
121.0  242.1458
121.5  263.0591
122.0  278.0668
122.5  284.2808
123.0  283.2602
123.5  281.4053
124.0  287.5155
124.5  307.9172
125.0  341.9512
125.5  381.2959
126.0  414.0695
126.5  430.9743
127.0  429.4867
127.5  414.0235
128.0  392.8760
128.5  374.2733
129.0  363.7112
129.5  363.3067
130.0  372.5122
130.5  389.0030
131.0  409.0724
131.5  427.7408
132.0  439.2321
132.5  438.3119
133.0  422.4121
133.5  393.7276
134.0  359.7967
134.5  331.1621
135.0  316.3267
135.5  316.7751
136.0  325.7889
136.5  332.3230
137.0  327.2862
137.5  308.0324
138.0  278.7721
138.5  247.6258
139.0  222.7329
139.5  209.5932
140.0  210.3940
140.5  224.6402
141.0  249.9252
141.5  282.2288
142.0  315.9798
142.5  344.5318
143.0  361.5324
143.5  363.1499
144.0  350.4227
144.5  330.2598
145.0  313.4819
145.5  309.7432
146.0  321.9341
146.5  344.1449
147.0  365.0731
147.5  374.4793
148.0  368.2162
148.5  349.1273
149.0  324.3609
149.5  301.5525
150.0  286.1377
150.5  280.6040
151.0  285.0358
151.5  297.8177
152.0  315.8795
152.5  334.7005
153.0  348.7032
153.5  352.5189
154.0  343.1004
154.5  321.9652
155.0  296.1373
155.5  276.2483
156.0  271.6730
156.5  285.2054
157.0  311.1543
157.5  338.6082
158.0  357.5565
158.5  363.6219
159.0  358.8755
159.5  349.2956
160.0  341.2142
160.5  338.8753
161.0  343.8319
161.5  355.5497
162.0  372.1332
162.5  390.5842
163.0  406.7796
163.5  415.7506
164.0  412.7381
164.5  395.0839
165.0  364.4107
165.5  327.7987
166.0  296.3331
166.5  280.4844
167.0  284.4063
167.5  303.1543
168.0  325.3069
168.5  339.2887
169.0  338.9915
169.5  325.4924
170.0  304.9147
170.5  284.7174
171.0  270.7835
171.5  266.3203
172.0  272.1064
172.5  287.0314
173.0  308.2916
173.5  331.3720
174.0  350.3666
174.5  359.1096
175.0  353.2159
175.5  332.5678
176.0  303.0096
176.5  275.4929
177.0  261.7438
177.5  268.1410
178.0  291.8996
178.5  322.6945
179.0  348.6280
179.5  362.1632
180.0  362.4231
180.5  353.5919
181.0  341.6251
181.5  331.6291
182.0  326.8729
182.5  328.9458
183.0  338.0701
183.5  353.0270
184.0  370.8797
184.5  387.0450
185.0  396.1819
185.5  394.0325
186.0  379.8216
186.5  358.0598
187.0  338.0265
187.5  329.9013
188.0  339.0081
188.5  362.0711
189.0  388.6670
189.5  407.0104
190.0  409.8353
190.5  396.7068
191.0  372.3710
191.5  343.3528
192.0  315.2602
192.5  291.8323
193.0  275.2086
193.5  266.3321
194.0  264.8757
194.5  268.8755
195.0  274.6622
195.5  277.5963
196.0  273.7574
196.5  262.2302
197.0  246.9171
197.5  236.2358
198.0  239.6194
198.5  262.0244
199.0  300.0944
199.5  343.2199
200.0  378.9797
200.5  398.9960
201.0  401.5072
201.5  390.0883
202.0  370.5817
202.5  348.5922
203.0  328.4993
203.5  313.4640
204.0  305.4659
204.5  304.9300
205.0  310.2160
205.5  317.5515
206.0  321.8566
206.5  318.5696
207.0  306.0900
207.5  287.7391
208.0  271.5688
208.5  266.9572
209.0  279.2427
209.5  306.0224
210.0  338.2007
210.5  365.1177
211.0  379.8514
211.5  381.2957
212.0  372.7558
212.5  359.1964
213.0  345.2706
213.5  334.7313
214.0  330.4973
214.5  334.4674
215.0  346.8485
215.5  365.4622
216.0  385.6808
216.5  401.3957
217.0  407.0307
217.5  400.1125
218.0  383.2492
218.5  363.8886
219.0  350.9167
219.5  349.4516
220.0  357.4088
220.5  366.7290
221.0  368.4472
221.5  357.7144
222.0  335.5012
222.5  306.8303
223.0  277.7522
223.5  253.2749
224.0  236.8828
224.5  230.8552
225.0  236.3339
225.5  252.7979
226.0  277.3928
226.5  304.8390
227.0  328.4255
227.5  342.1528
228.0  343.4756
228.5  335.3299
229.0  325.6661
229.5  323.6157
230.0  333.9837
230.5  353.9559
231.0  374.8018
231.5  387.2899
232.0  386.6205
232.5  373.7630
233.0  353.4320
233.5  331.1225
234.0  311.3060
234.5  297.1849
235.0  291.0630
235.5  294.3084
236.0  306.6728
236.5  325.4982
237.0  345.5680
237.5  360.1195
238.0  363.0942
238.5  352.0787
239.0  330.5517
239.5  307.5089
240.0  293.4582
240.5  294.5213
241.0  308.7846
241.5  327.9284
242.0  342.8100
242.5  348.5462
243.0  345.7937
243.5  338.5349
244.0  331.0013
244.5  325.9891
245.0  324.9510
245.5  328.7827
246.0  338.1083
246.5  352.7027
247.0  370.5500
247.5  387.3662
248.0  397.2556
248.5  394.7321
249.0  377.6374
249.5  349.5334
250.0  319.5027
250.5  298.1951
251.0  291.8084
251.5  298.2691
252.0  308.8406
252.5  313.9160
253.0  308.4237
253.5  293.3424
254.0  273.4980
254.5  254.2832
255.0  239.6641
255.5  231.9902
256.0  232.6177
256.5  242.1865
257.0  260.1713
257.5  284.1417
258.0  309.4597
258.5  329.9927
259.0  340.0575
259.5  337.2020
260.0  324.5352
260.5  310.6401
261.0  305.8746
261.5  316.5587
262.0  341.1130
262.5  371.3414
263.0  397.7789
263.5  414.7295
264.0  421.6340
264.5  421.0378
265.0  415.8131
265.5  407.8430
266.0  398.4054
266.5  389.0453
267.0  381.7337
267.5  378.0402
268.0  377.9032
268.5  378.8473
269.0  376.3191
269.5  365.4191
270.0  343.7101
270.5  313.8738
271.0  284.1845
271.5  265.2697
272.0  264.2015
272.5  279.9362
273.0  303.9223
273.5  325.5086
274.0  337.7630
274.5  339.6569
275.0  334.2755
275.5  325.6692
276.0  316.9326
276.5  310.1292
277.0  307.0042
277.5  309.2178
278.0  317.6871
278.5  331.4987
279.0  347.1803
279.5  359.0025
280.0  360.6828
280.5  348.3380
281.0  323.5933
281.5  294.7232
282.0  273.8190
282.5  270.4585
283.0  285.9000
283.5  312.4590
284.0  338.5975
284.5  355.3817
285.0  359.6014
285.5  352.6737
286.0  337.8763
286.5  318.5990
287.0  298.2402
287.5  280.6500
288.0  269.9081
288.5  269.1604
289.0  279.1110
289.5  297.0126
290.0  316.8105
290.5  330.7711
291.0  332.4719
291.5  320.2479
292.0  299.2109
292.5  279.7594
293.0  272.3154
293.5  281.3301
294.0  303.0819
294.5  328.9005
295.0  350.7244
295.5  364.4994
296.0  369.8996
296.5  368.2902
297.0  361.4279
297.5  351.5828
298.0  342.0779
298.5  337.0828
299.0  340.3962
299.5  353.7813
300.0  375.6783
300.5  400.9599
301.0  422.1232
301.5  431.9083
302.0  426.6394
302.5  408.6622
303.0  385.8825
303.5  367.7158
304.0  359.6230
304.5  360.2341
305.0  363.1859
305.5  361.6533
306.0  351.6784
306.5  332.5355
307.0  305.4455
307.5  272.6926
308.0  237.7154
308.5  205.3166
309.0  181.0678
309.5  169.8297
310.0  174.0146
310.5  192.3721
311.0  219.8804
311.5  249.0435
312.0  272.5214
312.5  286.3700
313.0  292.3330
313.5  297.3259
314.0  309.5326
314.5  333.2260
315.0  366.0979
315.5  401.0717
316.0  430.6524
316.5  450.1192
317.0  457.9019
317.5  454.4075
318.0  441.2256
318.5  421.2318
319.0  398.7663
319.5  379.0345
320.0  366.6638
320.5  364.0044
321.0  369.9117
321.5  379.5899
322.0  385.8325
322.5  381.6353
323.0  363.5118
323.5  334.0030
324.0  301.4782
324.5  276.4045
325.0  265.8637
325.5  270.0655
326.0  283.3118
326.5  298.0698
327.0  308.5948
327.5  312.0484
328.0  307.8984
328.5  297.3157
329.0  283.1496
329.5  269.8496
330.0  262.6518
330.5  266.0398
331.0  282.0407
331.5  309.0061
332.0  341.3913
332.5  370.8691
333.0  388.8452
333.5  389.8691
334.0  374.5739
334.5  350.1981
335.0  327.4888
335.5  315.2107
336.0  315.8317
336.5  325.3678
337.0  336.8409
337.5  344.0747
338.0  343.4279
338.5  333.7586
339.0  316.0993
339.5  293.6321
340.0  271.4391
340.5  255.4568
341.0  250.7384
341.5  259.6480
342.0  280.6635
342.5  308.2740
343.0  334.2276
343.5  350.0939
344.0  350.5778
344.5  336.2845
345.0  314.1721
345.5  294.6532
346.0  286.4986
346.5  292.7753
347.0  310.5174
347.5  333.6582
348.0  356.3098
348.5  374.2554
349.0  384.9728
349.5  387.5660
350.0  383.1025
350.5  374.7603
351.0  367.1443
351.5  364.8016
352.0  370.4936
352.5  383.8726
353.0  401.0749
353.5  415.5689
354.0  420.3143
354.5  410.7348
355.0  387.2598
355.5  355.7741
356.0  325.0649
356.5  302.4147
357.0  290.3092
357.5  286.5646
358.0  287.1719
358.5  288.9835
359.0  290.3454
359.5  290.3409
360.0  288.3570
360.5  284.5908
361.0  280.7014
361.5  279.6388
362.0  284.4801
362.5  296.8448
363.0  315.6626
363.5  336.8881
364.0  354.4752
364.5  362.5463
365.0  358.1396
365.5  343.2624
366.0  324.7251
366.5  311.0984
367.0  308.1758
367.5  315.9738
368.0  329.4659
368.5  342.1747
369.0  349.5385
369.5  349.8905
370.0  343.5154
370.5  331.6050
371.0  316.1121
371.5  300.0474
372.0  287.2973
372.5  281.6052
373.0  285.1032
373.5  297.1041
374.0  313.7911
374.5  329.1808
375.0  337.3323
375.5  335.1864
376.0  324.7372
376.5  312.9469
377.0  308.6511
377.5  317.7740
378.0  339.9656
378.5  369.1006
379.0  397.0115
379.5  417.3646
380.0  427.1935
380.5  426.1843
381.0  415.4442
381.5  397.0033
382.0  373.9195
382.5  350.1682
383.0  329.8275
383.5  315.7557
384.0  308.3801
384.5  305.2514
385.0  301.7966
385.5  293.2915
386.0  277.4822
386.5  256.6238
387.0  237.4284
387.5  228.1935
388.0  234.3257
388.5  255.1815
389.0  284.5685
389.5  314.3587
390.0  338.2787
390.5  353.4494
391.0  359.6927
391.5  358.2510
392.0  351.1746
392.5  341.3194
393.0  332.1980
393.5  327.2055
394.0  328.3793
394.5  335.2761
395.0  344.6012
395.5  351.0325
396.0  349.2835
396.5  336.8440
397.0  316.1337
397.5  294.4684
398.0  281.0318
398.5  282.1037
399.0  297.6403
399.5  321.7052
400.0  346.1932
400.5  364.7676
401.0  374.4885
401.5  375.1639
402.0  368.1093
402.5  355.5681
403.0  340.7180
403.5  327.5107
404.0  319.8705
404.5  320.4057
405.0  329.1966
405.5  343.2951
406.0  357.3934
406.5  365.7489
407.0  364.8577
407.5  355.6627
408.0  343.7287
408.5  336.5441
409.0  339.1042
409.5  350.7573
410.0  365.7557
410.5  376.9753
411.0  379.7594
411.5  373.3421
412.0  359.8311
412.5  342.4683
413.0  324.5746
413.5  309.3052
414.0  299.5598
414.5  297.5227
415.0  303.8403
415.5  316.8507
416.0  332.4150
416.5  344.7914
417.0  348.6416
417.5  341.6295
418.0  326.3190
418.5  309.7688
419.0  300.1731
419.5  302.0975
420.0  313.5749
420.5  327.3424
421.0  335.2135
421.5  332.2374
422.0  318.1493
422.5  296.2416
423.0  271.3961
423.5  248.6547
424.0  232.5274
424.5  226.5482
425.0  232.6833
425.5  250.6261
426.0  277.3282
426.5  307.1991
427.0  333.2920
427.5  349.4710
428.0  353.0069
428.5  346.3880
429.0  336.8757
429.5  333.2051
430.0  340.8667
430.5  359.0245
431.0  381.2940
431.5  399.6139
432.0  408.2356
432.5  405.4922
433.0  393.2778
433.5  375.5879
434.0  357.2430
434.5  343.0073
435.0  336.8136
435.5  340.8936
436.0  354.9337
436.5  375.6042
437.0  396.8639
437.5  411.3207
438.0  412.5990
438.5  398.0807
439.0  370.7223
439.5  338.4558
440.0  310.7010
440.5  293.6307
441.0  287.2987
441.5  286.6294
442.0  285.2028
442.5  278.8397
443.0  266.9230
443.5  251.6597
444.0  236.6739
444.5  225.9177
445.0  222.9881
445.5  230.5188
446.0  249.4586
446.5  278.3648
447.0  313.0611
447.5  347.0603
448.0  373.0187
448.5  385.1324
449.0  381.7738
449.5  367.0125
450.0  349.5838
450.5  339.0443
451.0  340.9980
451.5  354.5168
452.0  373.4719
452.5  390.4242
453.0  400.0918
453.5  400.5700
454.0  392.6749
454.5  378.7753
455.0  361.9718
455.5  345.6254
456.0  332.8698
456.5  325.9003
457.0  325.1533
457.5  328.7271
458.0  332.4903
458.5  331.2166
459.0  320.7160
459.5  300.2992
460.0  274.2608
460.5  250.9989
461.0  239.5164
461.5  245.0405
462.0  266.6160
462.5  298.2369
463.0  332.3252
463.5  362.9013
464.0  386.8167
464.5  403.3434
465.0  413.2650
465.5  418.1916
466.0  420.1102
466.5  420.9120
467.0  421.7674
467.5  422.4554
468.0  420.9259
468.5  413.4640
469.0  395.7697
469.5  364.9533
470.0  321.8364
470.5  272.2678
471.0  226.0628
471.5  193.3086
472.0  179.8323
472.5  184.7764
473.0  201.8757
473.5  223.1850
474.0  242.5128
474.5  256.8635
475.0  266.1218
475.5  272.0786
476.0  277.5125
476.5  285.4142
477.0  298.2094
477.5  316.9595
478.0  340.6918
478.5  366.1207
479.0  388.0538
479.5  400.7063
480.0  399.8520
480.5  385.1763
481.0  361.5701
481.5  338.0228
482.0  323.9095
482.5  324.4758
483.0  338.4239
483.5  359.1635
484.0  378.5044
484.5  390.1300
485.0  391.1884
485.5  382.1715
486.0  366.0528
486.5  347.3158
487.0  330.9626
487.5  321.4317
488.0  321.4898
488.5  331.3195
489.0  348.0943
489.5  366.3409
490.0  379.3006
490.5  381.2271
491.0  370.0235
491.5  348.9798
492.0  326.1856
492.5  311.1480
493.0  310.1264
493.5  323.0655
494.0  344.0521
494.5  364.5645
495.0  377.0770
495.5  377.2169
496.0  364.3013
496.5  340.9271
497.0  312.1074
497.5  284.0829
498.0  262.8768
498.5  252.8056
499.0  255.2658
499.5  268.1334
500.0  286.0721
500.5  301.9523
501.0  309.3182
501.5  305.2948
502.0  292.6097
502.5  279.1259
503.0  274.2804
503.5  284.0388
504.0  307.5947
504.5  337.9976
505.0  365.8709
505.5  383.4276
506.0  386.7200
506.5  375.9577
507.0  354.7392
507.5  328.8868
508.0  305.1144
508.5  289.5817
509.0  286.4586
509.5  296.7453
510.0  317.6719
510.5  343.0248
511.0  364.6615
511.5  375.1698
512.0  371.0307
512.5  354.8767
513.0  335.1287
513.5  322.3023
514.0  323.5957
514.5  339.1426
515.0  362.3696
515.5  383.7789
516.0  395.2945
516.5  392.8780
517.0  377.0190
517.5  351.8720
518.0  323.8161
518.5  299.8259
519.0  285.8445
519.5  285.3421
520.0  298.2983
520.5  320.8673
521.0  345.9735
521.5  365.0059
522.0  370.5326
522.5  359.4310
523.0  335.0989
523.5  307.0368
524.0  286.9954
524.5  283.2154
525.0  296.2599
525.5  319.1819
526.0  341.5417
526.5  354.2814
527.0  352.8168
527.5  337.7097
528.0  313.6865
528.5  287.9174
529.0  268.0811
529.5  260.4670
530.0  268.3344
530.5  290.8190
531.0  322.7084
531.5  355.3421
532.0  378.7257
532.5  384.6466
533.0  370.0694
533.5  339.4063
534.0  303.9129
534.5  277.3886
535.0  269.7928
535.5  282.5282
536.0  308.4438
536.5  336.1757
537.0  355.6038
537.5  361.4123
538.0  353.8952
538.5  337.8183
539.0  320.4470
539.5  309.4215
540.0  310.7654
540.5  327.2174
541.0  357.1600
541.5  394.4863
542.0  429.6766
542.5  452.1253
543.0  453.4242
543.5  430.8190
544.0  389.4352
544.5  341.5632
545.0  302.2173
545.5  282.5787
546.0  285.0778
546.5  303.2069
547.0  325.7467
547.5  342.2324
548.0  346.6419
548.5  338.4060
549.0  321.4930
549.5  302.6155
550.0  289.1783
550.5  287.2162
551.0  299.5441
551.5  324.5106
552.0  355.8342
552.5  383.8374
553.0  398.0219
553.5  390.5137
554.0  359.4753
554.5  311.0960
555.0  258.5742
555.5  217.4360
556.0  198.8704
556.5  204.8295
557.0  227.9701
557.5  256.1120
558.0  277.9892
558.5  287.1795
559.0  283.2176
559.5  270.6282
560.0  256.9761
560.5  250.6069
561.0  258.3598
561.5  283.5038
562.0  324.3505
562.5  374.0890
563.0  422.1635
563.5  457.0632
564.0  469.9537
564.5  458.2016
565.0  427.4126
565.5  390.4050
566.0  362.4391
566.5  354.3676
567.0  367.5478
567.5  393.7395
568.0  419.7431
568.5  433.4749
569.0  428.1928
569.5  403.7585
570.0  365.6459
570.5  322.8282
571.0  285.2710
571.5  261.3743
572.0  255.6927
572.5  267.4610
573.0  290.4986
573.5  314.7623
574.0  329.3106
574.5  326.0180
575.0  303.0649
575.5  266.8635
576.0  230.8996
576.5  210.8334
577.0  217.5094
577.5  251.7099
578.0  303.9408
578.5  359.1030
579.0  402.7876
579.5  425.8584
580.0  426.0990
580.5  407.5397
581.0  378.5382
581.5  349.3043
582.0  329.1887
582.5  324.0857
583.0  334.5568
583.5  355.3811
584.0  376.9101
584.5  388.0291
585.0  380.0352
585.5  350.4059
586.0  305.0393
586.5  257.3244
587.0  223.2608
587.5  214.2814
588.0  231.7923
588.5  266.9125
589.0  305.2646
589.5  333.4001
590.0  343.3893
590.5  334.3341
591.0  311.4655
591.5  283.9653
592.0  262.2839
592.5  255.3568
593.0  268.1091
593.5  299.8188
594.0  343.9244
594.5  389.5213
595.0  424.3047
595.5  438.3618
596.0  427.9635
596.5  398.0535
597.0  361.6913
597.5  335.3277
598.0  331.2796
598.5  351.5675
599.0  387.1520
599.5  422.8213
600.0  444.1594
600.5  442.6747
601.0  417.5627
601.5  374.7767
602.0  324.6807
602.5  279.1597
603.0  248.6243
603.5  239.3087
604.0  251.4502
604.5  278.9714
605.0  310.9489
605.5  334.6369
606.0  339.4438
606.5  320.9873
607.0  283.8845
607.5  241.4041
608.0  210.6963
608.5  204.9206
609.0  226.6726
609.5  267.0707
610.0  310.8159
610.5  343.3891
611.0  356.2140
611.5  348.2633
612.0  324.9573
612.5  295.7837
613.0  271.5485
613.5  261.6292
614.0  271.5106
614.5  301.0783
615.0  344.2358
615.5  390.1587
616.0  426.0447
616.5  440.8704
617.0  429.4013
617.5  395.2214
618.0  350.9119
618.5  313.8368
619.0  298.3992
619.5  308.9431
620.0  338.0262
620.5  371.0290
621.0  393.5154
621.5  396.8590
622.0  380.1739
622.5  349.2387
623.0  313.9386
623.5  285.2928
624.0  272.5584
624.5  280.7613
625.0  309.1445
625.5  351.0432
626.0  395.3635
626.5  429.3751
627.0  442.2640
627.5  428.8074
628.0  392.2026
628.5  344.4377
629.0  302.5990
629.5  281.5214
630.0  286.4857
630.5  310.8184
631.0  339.9998
631.5  359.1145
632.0  358.9412
632.5  338.2639
633.0  302.8816
633.5  262.9337
634.0  229.7820
634.5  213.0465
635.0  218.1500
635.5  244.8101
636.0  286.9052
636.5  333.8396
637.0  373.1213
637.5  393.6756
638.0  389.3956
638.5  362.1436
639.0  322.6758
639.5  287.6624
640.0  272.6408
640.5  284.1983
641.0  316.5729
641.5  355.1388
642.0  384.0560
642.5  393.0044
643.0  379.9691
643.5  350.3255
644.0  314.0074
644.5  282.2381
645.0  264.5226
645.5  266.2399
646.0  287.2116
646.5  321.6259
647.0  359.4054
647.5  388.7052
648.0  399.0504
648.5  384.6812
649.0  347.4931
649.5  298.2570
650.0  254.2609
650.5  232.7100
651.0  242.5066
651.5  279.5814
652.0  329.1822
652.5  373.3904
653.0  398.8009
653.5  400.5322
654.0  382.1073
654.5  352.8196
655.0  324.2520
655.5  306.8934
656.0  307.3613
656.5  326.6960
657.0  360.1147
657.5  398.2595
658.0  429.5347
658.5  442.9864
659.0  431.3440
659.5  393.8786
660.0  338.1954
660.5  279.3266
661.0  234.8727
661.5  217.4243
662.0  228.4979
662.5  258.2012
663.0  290.8408
663.5  312.4972
664.0  316.1857
664.5  302.9832
665.0  280.1090
665.5  257.6733
666.0  245.3119
666.5  249.3894
667.0  271.2635
667.5  306.9650
668.0  348.3045
668.5  385.0044
669.0  407.3025
669.5  408.6389
670.0  388.1080
670.5  351.9600
671.0  312.8281
671.5  285.6442
672.0  281.2052
672.5  300.8544
673.0  335.9003
673.5  372.2278
674.0  396.9422
674.5  403.2229
675.0  391.7070
675.5  369.0166
676.0  344.8470
676.5  328.7344
677.0  327.2246
677.5  342.0295
678.0  369.6183
678.5  402.2971
679.0  430.3510
679.5  444.6229
680.0  439.0662
680.5  412.9555
681.0  372.1711
681.5  328.4707
682.0  295.8565
682.5  284.7744
683.0  297.0725
683.5  325.0092
684.0  355.0702
684.5  374.0889
685.0  374.1919
685.5  354.7159
686.0  321.3242
686.5  283.4708
687.0  251.2576
687.5  232.4548
688.0  230.3716
688.5  243.1410
689.0  264.5594
689.5  286.0788
690.0  299.2962
690.5  298.4259
691.0  282.4234
691.5  256.2293
692.0  230.1539
692.5  216.5645
693.0  224.5154
693.5  255.0101
694.0  300.0387
694.5  346.2203
695.0  380.7146
695.5  395.9952
696.0  391.5997
696.5  373.0951
697.0  349.4900
697.5  330.2061
698.0  322.3336
698.5  328.7154
699.0  347.2932
699.5  371.8469
700.0  393.8340
700.5  404.8069
701.0  398.9518
701.5  375.3784
702.0  339.5176
702.5  302.5182
703.0  277.7294
703.5  274.9632
704.0  295.4381
704.5  330.7705
705.0  366.8928
705.5  390.3871
706.0  393.5958
706.5  376.5025
707.0  345.6285
707.5  311.2387
708.0  284.0337
708.5  272.1178
709.0  278.8565
709.5  302.1170
710.0  335.0471
710.5  368.0745
711.0  391.5282
711.5  398.3509
712.0  386.4809
712.5  360.2748
713.0  329.9336
713.5  308.1104
714.0  304.3995
714.5  320.4706
715.0  349.0222
715.5  377.3792
716.0  393.3845
716.5  390.1734
717.0  367.9450
717.5  332.9542
718.0  294.9337
718.5  264.0373
719.0  248.0105
719.5  250.1372
720.0  268.4448
720.5  296.3830
721.0  324.7448
721.5  344.2769
722.0  348.4080
722.5  335.5889
723.0  310.5525
723.5  283.5028
724.0  266.5693
724.5  268.4181
725.0  289.8098
725.5  323.0432
726.0  355.7812
726.5  376.7767
727.0  380.2480
727.5  367.2685
728.0  344.5217
728.5  321.6112
729.0  307.9576
729.5  309.9919
730.0  329.2449
730.5  361.8376
731.0  399.5363
731.5  432.0198
732.0  449.6952
732.5  446.4356
733.0  421.7418
733.5  381.6875
734.0  337.7434
734.5  302.9608
735.0  286.5523
735.5  289.6897
736.0  305.2655
736.5  321.8263
737.0  329.0777
737.5  321.8862
738.0  301.4361
738.5  274.0464
739.0  248.7596
739.5  234.5285
740.0  237.5345
740.5  259.2024
741.0  295.5258
741.5  338.0084
742.0  375.9431
742.5  399.3232
743.0  401.6687
743.5  382.2012
744.0  346.7274
744.5  306.3955
745.0  273.8957
745.5  258.1931
746.0  260.5558
746.5  274.4797
747.0  289.5773
747.5  296.8209
748.0  292.1759
748.5  277.4348
749.0  258.8542
749.5  244.7413
750.0  242.8070
750.5  257.7771
751.0  289.7566
751.5  333.8744
752.0  381.4388
752.5  422.2788
753.0  447.5459
753.5  452.2667
754.0  437.1198
754.5  408.8954
755.0  378.9377
755.5  359.2661
756.0  357.4834
756.5  373.1260
757.0  397.9001
757.5  419.7893
758.0  428.4405
758.5  418.9313
759.0  392.7472
759.5  356.5188
760.0  319.5819
760.5  291.1375
761.0  277.5651
761.5  280.5226
762.0  296.4732
762.5  317.8600
763.0  335.4844
763.5  341.2621
764.0  330.6564
764.5  304.3938
765.0  269.0605
765.5  235.8983
766.0  217.2905
766.5  221.7197
767.0  249.6918
767.5  293.3048
768.0  339.8990
768.5  377.4524
769.0  398.7121
769.5  402.6245
770.0  393.4480
770.5  378.5955
771.0  366.0081
771.5  361.5910
772.0  367.2926
772.5  380.4509
773.0  394.7036
773.5  402.1331
774.0  395.8819
774.5  372.5106
775.0  333.6248
775.5  286.3291
776.0  241.8719
776.5  212.1168
777.0  204.7547
777.5  219.7049
778.0  249.1142
778.5  281.0940
779.0  304.8398
779.5  314.3649
780.0  309.6651
780.5  295.7485
781.0  280.4667
781.5  271.8559
782.0  275.5484
782.5  292.9329
783.0  320.7127
783.5  352.0416
784.0  378.7432
784.5  393.7791
785.0  393.3198
785.5  378.1251
786.0  353.9586
786.5  330.4830
787.0  318.1704
787.5  323.8755
788.0  347.2858
788.5  380.6799
789.0  412.4012
789.5  431.8889
790.0  433.4633
790.5  417.5273
791.0  389.5628
791.5  357.9110
792.0  331.1128
792.5  315.3692
793.0  312.7420
793.5  320.6866
794.0  333.0885
794.5  342.3617
795.0  341.8458
795.5  327.8900
796.0  301.3063
796.5  267.8605
797.0  237.1900
797.5  219.6636
798.0  221.8790
798.5  243.1079
799.0  275.1982
799.5  306.3058
800.0  326.1527
800.5  329.8489
801.0  318.8860
801.5  299.7449
802.0  281.2609
802.5  271.7020
803.0  276.2581
803.5  295.5606
804.0  325.6576
804.5  359.3812
805.0  388.5292
805.5  406.1488
806.0  408.4612
806.5  396.2078
807.0  375.0546
807.5  354.3676
808.0  343.9096
808.5  349.3284
809.0  368.8844
809.5  393.8029
810.0  412.3302
810.5  415.0123
811.0  398.3285
811.5  365.4598
812.0  324.7036
812.5  286.6308
813.0  260.9083
813.5  253.5360
814.0  265.2279
814.5  291.4413
815.0  323.9791
815.5  353.4954
816.0  372.0799
816.5  375.3700
817.0  363.9168
817.5  343.4338
818.0  323.3169
818.5  313.1685
819.0  318.3682
819.5  337.1126
820.0  361.0373
820.5  379.2216
821.0  383.1118
821.5  369.7468
822.0  342.3083
822.5  308.5511
823.0  278.1244
823.5  259.6068
824.0  257.9520
824.5  273.0516
825.0  299.8942
825.5  330.2189
826.0  354.9979
826.5  366.9566
827.0  362.6171
827.5  343.5720
828.0  316.5576
828.5  291.6816
829.0  278.6391
829.5  282.2110
830.0  299.6325
830.5  321.7940
831.0  337.6779
831.5  339.2942
832.0  324.5884
832.5  297.6126
833.0  266.7045
833.5  241.7035
834.0  230.9710
834.5  238.8733
835.0  264.4281
835.5  301.5919
836.0  341.0760
836.5  373.0115
837.0  389.6622
837.5  387.6362
838.0  369.2211
838.5  342.3072
839.0  318.2401
839.5  307.6171
840.0  315.6006
840.5  339.4551
841.0  370.0466
841.5  396.3676
842.0  410.2586
842.5  409.0105
843.0  395.4068
843.5  376.0554
844.0  358.9751
844.5  351.0575
845.0  355.9033
845.5  372.6048
846.0  395.9122
846.5  417.7376
847.0  429.4571
847.5  424.3424
848.0  399.6488
848.5  358.0057
849.0  307.5566
849.5  260.1180
850.0  227.1988
850.5  215.2702
851.0  222.9576
851.5  242.1209
852.0  262.1738
852.5  274.9010
853.0  277.2979
853.5  271.7726
854.0  264.4590
854.5  262.6622
855.0  272.2084
855.5  295.3390
856.0  329.7556
856.5  369.1383
857.0  404.9128
857.5  428.6033
858.0  434.1101
858.5  419.5287
859.0  388.2567
859.5  348.9062
860.0  313.3234
860.5  292.5753
861.0  292.2890
861.5  309.9989
862.0  336.4113
862.5  359.8809
863.0  371.3406
863.5  367.2463
864.0  349.9071
864.5  325.9290
865.0  303.7350
865.5  290.8745
866.0  291.7287
866.5  306.2239
867.0  329.9387
867.5  355.4968
868.0  374.7194
868.5  380.9488
869.0  371.1342
869.5  347.3196
870.0  316.9116
870.5  290.9092
871.0  279.8835
871.5  289.1284
872.0  315.7845
872.5  350.0106
873.0  379.5422
873.5  394.7815
874.0  391.8642
874.5  373.0324
875.0  345.0671
875.5  316.7687
876.0  296.2023
876.5  288.3230
877.0  293.6114
877.5  308.1254
878.0  324.8648
878.5  335.9058
879.0  334.7075
879.5  318.1889
880.0  288.2606
880.5  252.2415
881.0  221.3225
881.5  206.7021
882.0  214.5983
882.5  242.9232
883.0  281.9922
883.5  318.9651
884.0  343.2393
884.5  349.9883
885.0  340.8801
885.5  322.5940
886.0  304.1734
886.5  294.0653
887.0  297.5834
887.5  315.4778
888.0  343.9819
888.5  376.1591
889.0  403.9527
889.5  420.3409
890.0  421.2622
890.5  407.1128
891.0  383.3657
891.5  359.4868
892.0  345.6002
892.5  347.8058
893.0  364.7643
893.5  388.0398
894.0  406.1749
894.5  409.8741
895.0  395.4607
895.5  365.5517
896.0  327.5441
896.5  290.9749
897.0  264.6193
897.5  254.0440
898.0  260.2499
898.5  279.7503
899.0  305.9152
899.5  331.0049
900.0  348.2877
900.5  353.8656
901.0  347.9995
901.5  335.5761
902.0  325.0347
902.5  325.2481
903.0  341.1249
903.5  370.3596
904.0  403.7966
904.5  429.5047
905.0  438.0225
905.5  425.8930
906.0  396.3375
906.5  357.6133
907.0  320.1097
907.5  293.0898
908.0  281.9166
908.5  286.5906
909.0  302.0790
909.5  320.2153
910.0  332.3586
910.5  331.9248
911.0  316.2485
911.5  287.5752
912.0  253.0007
912.5  222.9113
913.0  207.5790
913.5  212.6836
914.0  236.1102
914.5  268.4355
915.0  297.1832
915.5  312.2825
916.0  309.7982
916.5  292.7489
917.0  269.5161
917.5  250.8536
918.0  246.3815
918.5  261.4633
919.0  295.4460
919.5  341.9083
920.0  390.7567
920.5  431.2767
921.0  455.0894
921.5  458.3122
922.0  442.6400
922.5  415.1664
923.0  386.6095
923.5  367.7396
924.0  364.8548
924.5  376.5889
925.0  394.3547
925.5  406.4715
926.0  403.4666
926.5  381.7080
927.0  344.2531
927.5  299.4488
928.0  258.2427
928.5  230.9331
929.0  224.0684
929.5  238.4073
930.0  268.7170
930.5  305.4818
931.0  337.7943
931.5  356.3978
932.0  356.1245
932.5  337.3904
933.0  306.5081
933.5  274.3408
934.0  252.8553
934.5  250.2192
935.0  266.8220
935.5  294.9596
936.0  322.6877
936.5  339.3926
937.0  339.9295
937.5  325.8763
938.0  304.3312
938.5  285.2721
939.0  278.2820
939.5  289.3769
940.0  318.8716
940.5  361.1246
941.0  406.3038
941.5  443.4359
942.0  463.5952
942.5  462.3308
943.0  440.9295
943.5  406.3622
944.0  369.6515
944.5  342.4307
945.0  332.3623
945.5  339.5593
946.0  356.4569
946.5  371.5490
947.0  374.7135
947.5  361.1707
948.0  332.6951
948.5  296.4664
949.0  262.5306
949.5  240.6484
950.0  237.2345
950.5  253.2691
951.0  283.9676
951.5  320.3545
952.0  352.0796
952.5  370.4400
953.0  370.7905
953.5  353.9614
954.0  326.4871
954.5  299.2722
955.0  284.2806
955.5  289.7306
956.0  315.9526
956.5  354.6972
957.0  392.7595
957.5  417.7542
958.0  422.7599
958.5  408.0229
959.0  379.9441
959.5  348.4322
960.0  323.5871
960.5  312.5152
961.0  317.1338
961.5  333.6879
962.0  354.1129
962.5  368.6373
963.0  368.6972
963.5  349.4435
964.0  311.4978
964.5  261.6497
965.0  211.8472
965.5  175.7715
966.0  163.4601
966.5  176.5103
967.0  207.1155
967.5  241.9023
968.0  268.0995
968.5  278.4305
969.0  272.8588
969.5  257.5310
970.0  242.1052
970.5  236.4467
971.0  247.4613
971.5  276.8983
972.0  320.8282
972.5  370.9149
973.0  416.8816
973.5  449.2776
974.0  461.9071
974.5  453.6752
975.0  429.5968
975.5  400.2324
976.0  378.6121
976.5  374.8602
977.0  391.0216
977.5  419.6178
978.0  447.2665
978.5  461.0006
979.0  453.4694
979.5  424.8807
980.0  381.9324
980.5  335.0104
981.0  294.7876
981.5  269.1019
982.0  260.9155
982.5  267.9274
983.0  283.7939
983.5  300.2872
984.0  309.5676
984.5  306.1212
985.0  288.3694
985.5  259.9378
986.0  229.9040
986.5  210.7231
987.0  213.2977
987.5  241.1607
988.0  287.6815
988.5  338.7371
989.0  379.2122
989.5  399.1828
990.0  396.7948
990.5  377.5652
991.0  351.4346
991.5  329.0331
992.0  318.3197
992.5  322.4942
993.0  339.6662
993.5  364.0834
994.0  388.1476
994.5  404.4119
995.0  407.2070
995.5  394.0499
996.0  366.9851
996.5  333.2988
997.0  304.2352
997.5  290.7946
998.0  298.0456
998.5  321.6940
999.0  349.8231
999.5  368.8402
1000.0  369.6935
