0.0  1.36906407
0.5  1.38383575
1.0  1.38158096
1.5  1.36167068
2.0  1.32711360
2.5  1.28750202
3.0  1.25170518
3.5  1.22589752
4.0  1.21229323
4.5  1.20765624
5.0  1.20710878
5.5  1.20391501
6.0  1.19387782
6.5  1.17449856
7.0  1.14725777
7.5  1.11695778
8.0  1.09067923
8.5  1.07625101
9.0  1.07912530
9.5  1.10124550
10.0  1.13906132
10.5  1.18386570
11.0  1.22559175
11.5  1.25475639
12.0  1.26898231
12.5  1.27008544
13.0  1.26679628
13.5  1.26559567
14.0  1.27297597
14.5  1.28873231
15.0  1.31054622
15.5  1.33136637
16.0  1.34538499
16.5  1.34720285
17.0  1.33427334
17.5  1.30771202
18.0  1.27161450
18.5  1.23370215
19.0  1.20137427
19.5  1.18131989
20.0  1.17591725
20.5  1.18330707
21.0  1.19686887
21.5  1.20782290
22.0  1.20937009
22.5  1.19908270
23.0  1.18099250
23.5  1.16269429
24.0  1.15178546
24.5  1.15389207
25.0  1.16865856
25.5  1.19394791
26.0  1.22222627
26.5  1.24816313
27.0  1.26623860
27.5  1.27456841
28.0  1.27213689
28.5  1.26231585
29.0  1.25104249
29.5  1.24405325
30.0  1.24522440
30.5  1.25617061
31.0  1.27427556
31.5  1.29184505
32.0  1.30087569
32.5  1.29547726
33.0  1.27506192
33.5  1.24480822
34.0  1.21316362
34.5  1.18886744
35.0  1.17719956
35.5  1.17929435
36.0  1.19217839
36.5  1.21034546
37.0  1.22820437
37.5  1.24030030
38.0  1.24499052
38.5  1.24150648
39.0  1.23434038
39.5  1.22843925
40.0  1.23034498
40.5  1.24292416
41.0  1.26665513
41.5  1.29767035
42.0  1.32786862
42.5  1.34825377
43.0  1.35238173
43.5  1.33948703
44.0  1.31493165
44.5  1.28733330
45.0  1.26488014
45.5  1.25228364
46.0  1.25065086
46.5  1.25689600
47.0  1.26618280
47.5  1.27271698
48.0  1.27246840
48.5  1.26245341
49.0  1.24456347
49.5  1.22282793
50.0  1.20213847
50.5  1.18905021
51.0  1.18807677
51.5  1.19884752
52.0  1.21789298
52.5  1.23820289
53.0  1.25155320
53.5  1.25237972
54.0  1.24079697
54.5  1.22200786
55.0  1.20393800
55.5  1.19378174
56.0  1.19564496
56.5  1.20922810
57.0  1.23022583
57.5  1.25218091
58.0  1.26832085
58.5  1.27467678
59.0  1.26920624
59.5  1.25349846
60.0  1.23164598
60.5  1.20995330
61.0  1.19547689
61.5  1.19167776
62.0  1.19959397
62.5  1.21458634
63.0  1.22924752
63.5  1.23572812
64.0  1.22982686
64.5  1.21173869
65.0  1.18709701
65.5  1.16515937
66.0  1.15436401
66.5  1.15870151
67.0  1.17753895
67.5  1.20498720
68.0  1.23569760
68.5  1.26211354
69.0  1.28006571
69.5  1.28596788
70.0  1.28056237
70.5  1.26768844
71.0  1.25400891
71.5  1.24532547
72.0  1.24577389
72.5  1.25521620
73.0  1.27186674
73.5  1.28738551
74.0  1.29384341
74.5  1.28797082
75.0  1.27170190
75.5  1.24874876
76.0  1.22779542
76.5  1.21515347
77.0  1.21435158
77.5  1.22434634
78.0  1.24104252
78.5  1.26005176
79.0  1.27485478
79.5  1.28013900
80.0  1.27497652
80.5  1.26216501
81.0  1.24512646
81.5  1.22991360
82.0  1.22140212
82.5  1.22433723
83.0  1.23817807
83.5  1.25906673
84.0  1.27937278
84.5  1.29065526
85.0  1.28985694
85.5  1.27744477
86.0  1.25824188
86.5  1.24131164
87.0  1.23372846
87.5  1.23551283
88.0  1.24662241
88.5  1.26350660
89.0  1.27854699
89.5  1.28764940
90.0  1.28556546
90.5  1.27208750
91.0  1.24941206
91.5  1.22238383
92.0  1.19753358
92.5  1.18311166
93.0  1.18282860
93.5  1.19527282
94.0  1.21879974
94.5  1.24477575
95.0  1.26713502
95.5  1.27774004
96.0  1.27978240
96.5  1.27646494
97.0  1.27356342
97.5  1.27662624
98.0  1.28799751
98.5  1.30709787
99.0  1.32806682
99.5  1.34590868
100.0  1.35585760
100.5  1.35321353
101.0  1.33808241
101.5  1.31210906
102.0  1.28032257
102.5  1.24787483
103.0  1.22102366
103.5  1.20377914
104.0  1.19691833
104.5  1.19581398
105.0  1.19364545
105.5  1.18582645
106.0  1.16862035
106.5  1.14440572
107.0  1.11804554
107.5  1.09970848
108.0  1.09256876
108.5  1.10060714
109.0  1.11989591
109.5  1.14756082
110.0  1.17754454
110.5  1.20363370
111.0  1.22216084
111.5  1.23224385
112.0  1.23551664
112.5  1.23500307
113.0  1.23700774
113.5  1.24591937
114.0  1.26411298
114.5  1.29075799
115.0  1.31995791
115.5  1.34505588
116.0  1.35808011
116.5  1.35566295
117.0  1.33978072
117.5  1.31608583
118.0  1.29297577
118.5  1.27444485
119.0  1.26344903
119.5  1.25885033
120.0  1.25887338
120.5  1.25653442
121.0  1.25035642
121.5  1.23717461
122.0  1.21600114
122.5  1.19114215
123.0  1.16693292
123.5  1.14743247
124.0  1.13976907
124.5  1.14622417
125.0  1.16414786
125.5  1.19085516
126.0  1.21795975
126.5  1.23877601
127.0  1.25135009
127.5  1.25598269
128.0  1.25578137
128.5  1.25863700
129.0  1.26830067
129.5  1.28358279
130.0  1.30340732
130.5  1.32512021
131.0  1.34313117
131.5  1.35460137
132.0  1.35588039
132.5  1.34909323
133.0  1.33417406
133.5  1.31639312
134.0  1.30010956
134.5  1.28977345
135.0  1.28687075
135.5  1.29036343
136.0  1.29552522
136.5  1.29535266
137.0  1.28611911
137.5  1.26463781
138.0  1.23490151
138.5  1.20299179
139.0  1.17602763
139.5  1.16012024
140.0  1.15613492
140.5  1.16214230
141.0  1.17454684
141.5  1.18930271
142.0  1.20041400
142.5  1.20608057
143.0  1.20719031
143.5  1.20339054
144.0  1.19974833
144.5  1.20081371
145.0  1.20956842
145.5  1.22695092
146.0  1.25147908
146.5  1.27889415
147.0  1.30332952
147.5  1.31704370
148.0  1.31727406
148.5  1.30845957
149.0  1.29598717
149.5  1.28330460
150.0  1.27620430
150.5  1.27704278
151.0  1.28201326
151.5  1.28863216
152.0  1.29334094
152.5  1.29166444
153.0  1.28243262
153.5  1.26466314
154.0  1.24174432
154.5  1.21834770
155.0  1.19837374
155.5  1.18510977
156.0  1.18250279
156.5  1.18847490
157.0  1.19731553
157.5  1.20485781
158.0  1.20557354
158.5  1.19844059
159.0  1.18640868
159.5  1.17412048
160.0  1.16779042
160.5  1.17186756
161.0  1.18557499
161.5  1.20610262
162.0  1.23079380
162.5  1.25333406
163.0  1.27012832
163.5  1.27825706
164.0  1.27806966
164.5  1.27227366
165.0  1.26496750
165.5  1.25941983
166.0  1.26125692
166.5  1.27184412
167.0  1.28936884
167.5  1.31020136
168.0  1.32740653
168.5  1.33613760
169.0  1.33494890
169.5  1.32569930
170.0  1.31361768
170.5  1.30661325
171.0  1.30601980
171.5  1.31203397
172.0  1.32278503
172.5  1.33528314
173.0  1.34439036
173.5  1.34671747
174.0  1.34058141
174.5  1.32635015
175.0  1.30648354
175.5  1.28467485
176.0  1.26537954
176.5  1.25268821
177.0  1.24767789
177.5  1.25000561
178.0  1.25609599
178.5  1.26051760
179.0  1.25699078
179.5  1.24747034
180.0  1.23420970
180.5  1.22263863
181.0  1.21666144
181.5  1.21862363
182.0  1.23089203
182.5  1.25031608
183.0  1.27133761
183.5  1.29064612
184.0  1.30432329
184.5  1.31024647
185.0  1.30912068
185.5  1.30231760
186.0  1.29295569
186.5  1.28647560
187.0  1.28480129
187.5  1.29053614
188.0  1.30094799
188.5  1.31092633
189.0  1.31738552
189.5  1.31538794
190.0  1.30248622
190.5  1.28351485
191.0  1.26349702
191.5  1.24765753
192.0  1.23952005
192.5  1.23910252
193.0  1.24477059
193.5  1.25299694
194.0  1.25751791
194.5  1.25701270
195.0  1.24951819
195.5  1.23455822
196.0  1.21457545
196.5  1.19637050
197.0  1.18233828
197.5  1.17699798
198.0  1.18300810
198.5  1.19919476
199.0  1.22144712
199.5  1.24276120
200.0  1.25840804
200.5  1.26783874
201.0  1.27082748
201.5  1.27237883
202.0  1.27605301
202.5  1.28417193
203.0  1.29622629
203.5  1.31062474
204.0  1.32404191
204.5  1.33215248
205.0  1.33212977
205.5  1.32276863
206.0  1.30508190
206.5  1.28276259
207.0  1.25872421
207.5  1.23851904
208.0  1.22644308
208.5  1.22297598
209.0  1.22684352
209.5  1.23406256
210.0  1.23819261
210.5  1.23702095
211.0  1.22858559
211.5  1.21654540
212.0  1.20511932
212.5  1.19917440
213.0  1.20082986
213.5  1.21019058
214.0  1.22522785
214.5  1.24222433
215.0  1.25753626
215.5  1.26765899
216.0  1.27271978
216.5  1.26956393
217.0  1.26616192
217.5  1.26012763
218.0  1.26022387
218.5  1.26770885
219.0  1.28584406
219.5  1.30783376
220.0  1.33165845
220.5  1.34974938
221.0  1.35684645
221.5  1.35176216
222.0  1.33801616
222.5  1.31999561
223.0  1.30203206
223.5  1.28785164
224.0  1.28007115
224.5  1.27421302
225.0  1.27222953
225.5  1.26890674
226.0  1.26302532
226.5  1.25257888
227.0  1.23885845
227.5  1.22348390
228.0  1.20909091
228.5  1.20339802
229.0  1.20528769
229.5  1.22129572
230.0  1.24275895
230.5  1.27054091
231.0  1.29374959
231.5  1.30919525
232.0  1.31548899
232.5  1.31404871
233.0  1.30967437
233.5  1.30560501
234.0  1.30369746
234.5  1.30546259
235.0  1.30815468
235.5  1.31222616
236.0  1.31080712
236.5  1.30441992
237.0  1.28902055
237.5  1.27025249
238.0  1.24309732
238.5  1.21710332
239.0  1.19581598
239.5  1.18096625
240.0  1.17827080
240.5  1.18300724
241.0  1.19412139
241.5  1.19930568
242.0  1.20434322
242.5  1.19932347
243.0  1.19393782
243.5  1.18759585
244.0  1.18724161
244.5  1.19341555
245.0  1.20781540
245.5  1.22840288
246.0  1.25210978
246.5  1.27733080
247.0  1.30020602
247.5  1.31606690
248.0  1.32599620
248.5  1.32648597
249.0  1.32499044
249.5  1.31856836
250.0  1.31822597
250.5  1.31753470
251.0  1.32192372
251.5  1.32381001
252.0  1.32043764
252.5  1.31060203
253.0  1.28901725
253.5  1.26473919
254.0  1.23537265
254.5  1.21493399
255.0  1.19582191
255.5  1.18760631
256.0  1.18188997
256.5  1.18635571
257.0  1.19158155
257.5  1.19975725
258.0  1.20551934
258.5  1.20964223
259.0  1.21390140
259.5  1.21986455
260.0  1.22854892
260.5  1.24423499
261.0  1.26366885
261.5  1.29126265
262.0  1.31266677
262.5  1.33245854
263.0  1.33766550
263.5  1.33813869
264.0  1.32956601
264.5  1.31925226
265.0  1.31184371
265.5  1.30773357
266.0  1.31232275
266.5  1.31388686
267.0  1.32197441
267.5  1.32292668
268.0  1.32463705
268.5  1.31498862
269.0  1.30134416
269.5  1.28076479
270.0  1.25958768
270.5  1.24102249
271.0  1.22870565
271.5  1.22535399
272.0  1.23046553
272.5  1.23818813
273.0  1.24709103
273.5  1.24883132
274.0  1.24998695
274.5  1.24353535
275.0  1.24188577
275.5  1.23934092
276.0  1.24615143
276.5  1.25450808
277.0  1.26588857
277.5  1.27829629
278.0  1.28694442
278.5  1.29694246
279.0  1.29476594
279.5  1.29307653
280.0  1.27879558
280.5  1.26948497
281.0  1.25433748
281.5  1.24980079
282.0  1.24710724
282.5  1.25258902
283.0  1.25853982
283.5  1.26259041
284.0  1.26194926
284.5  1.25545269
285.0  1.24579471
285.5  1.23780404
286.0  1.23182089
286.5  1.23414533
287.0  1.23609997
287.5  1.24770433
288.0  1.25506859
288.5  1.26777586
289.0  1.26884454
289.5  1.26955783
290.0  1.26154037
290.5  1.25167337
291.0  1.23979357
291.5  1.22644589
292.0  1.22502640
292.5  1.22429228
293.0  1.23818769
293.5  1.24408655
294.0  1.25582559
294.5  1.25597238
295.0  1.25353931
295.5  1.24279300
296.0  1.23487475
296.5  1.22806302
297.0  1.22570776
297.5  1.22773865
298.0  1.23379164
298.5  1.24221119
299.0  1.25302263
299.5  1.25789551
300.0  1.26336401
300.5  1.25910365
301.0  1.25744780
301.5  1.24918903
302.0  1.25204510
302.5  1.25618209
303.0  1.27263132
303.5  1.29236944
304.0  1.31421961
304.5  1.33648729
305.0  1.34562265
305.5  1.35374814
306.0  1.34811460
306.5  1.34608675
307.0  1.33429315
307.5  1.32854720
308.0  1.31840085
308.5  1.31188581
309.0  1.30046428
309.5  1.28753818
310.0  1.26917341
310.5  1.24583378
311.0  1.21916170
311.5  1.19257232
312.0  1.16738108
312.5  1.15329750
313.0  1.14547877
313.5  1.15724373
314.0  1.17162639
314.5  1.19891435
315.0  1.21971755
315.5  1.24206648
316.0  1.25728029
316.5  1.27147546
317.0  1.28407247
317.5  1.29587336
318.0  1.31606294
318.5  1.33277263
319.0  1.35733586
319.5  1.37382097
320.0  1.39368100
320.5  1.40225392
321.0  1.40634162
321.5  1.39626954
322.0  1.37810408
322.5  1.35306671
323.0  1.33113057
323.5  1.31208571
324.0  1.29821811
324.5  1.28625793
325.0  1.27864345
325.5  1.26428664
326.0  1.24863375
326.5  1.22024984
327.0  1.19661678
327.5  1.16693367
328.0  1.14774233
328.5  1.12926105
329.0  1.12239089
329.5  1.12187007
330.0  1.13033572
330.5  1.14745356
331.0  1.16341974
331.5  1.18481282
332.0  1.19847845
332.5  1.21730408
333.0  1.23051317
333.5  1.25305698
334.0  1.27359179
334.5  1.30121667
335.0  1.32928731
335.5  1.35531227
336.0  1.37219301
336.5  1.38041374
337.0  1.37681815
337.5  1.36497694
338.0  1.34738593
338.5  1.32984662
339.0  1.31360315
339.5  1.29925028
340.0  1.28912093
340.5  1.28339534
341.0  1.27823809
341.5  1.27005890
342.0  1.25951184
342.5  1.24458652
343.0  1.22644162
343.5  1.20803850
344.0  1.19659356
344.5  1.19516519
345.0  1.20257788
345.5  1.21826825
346.0  1.23894272
346.5  1.25799182
347.0  1.27177418
347.5  1.27971594
348.0  1.28337207
348.5  1.28391151
349.0  1.28180360
349.5  1.28324693
350.0  1.29041782
350.5  1.30119687
351.0  1.31317329
351.5  1.32780725
352.0  1.34080875
352.5  1.34745029
353.0  1.34541117
353.5  1.33514418
354.0  1.31954050
354.5  1.30429870
355.0  1.29299549
355.5  1.28787450
356.0  1.28810809
356.5  1.29110301
357.0  1.29263569
357.5  1.29063333
358.0  1.28418402
358.5  1.27542130
359.0  1.26661951
359.5  1.25783336
360.0  1.25308238
360.5  1.25324134
361.0  1.25810418
361.5  1.26572161
362.0  1.27624307
362.5  1.28370495
363.0  1.28665154
363.5  1.28603649
364.0  1.28094697
364.5  1.27344988
365.0  1.26771646
365.5  1.26720235
366.0  1.27205609
366.5  1.28065470
367.0  1.28976966
367.5  1.29389771
368.0  1.29203185
368.5  1.28518895
369.0  1.27240323
369.5  1.25944786
370.0  1.24696931
370.5  1.23833917
371.0  1.23476458
371.5  1.23725948
372.0  1.24477823
372.5  1.25550433
373.0  1.26611332
373.5  1.27317871
374.0  1.27430905
374.5  1.26939039
375.0  1.26193271
375.5  1.25723214
376.0  1.25716816
376.5  1.26421282
377.0  1.27654130
377.5  1.28996944
378.0  1.29962082
378.5  1.30373726
379.0  1.30119255
379.5  1.29306082
380.0  1.28180604
380.5  1.27009144
381.0  1.25951631
381.5  1.25054814
382.0  1.24570787
382.5  1.24531846
383.0  1.24403050
383.5  1.24165501
384.0  1.23541948
384.5  1.22253458
385.0  1.20570534
385.5  1.18780635
386.0  1.17313795
386.5  1.16754121
387.0  1.17351506
387.5  1.18749351
388.0  1.20598916
388.5  1.22503977
389.0  1.24273628
389.5  1.25720254
390.0  1.26819749
390.5  1.27759179
391.0  1.28717474
391.5  1.29761642
392.0  1.31094544
392.5  1.32727996
393.0  1.34238356
393.5  1.35587269
394.0  1.36636258
394.5  1.36714749
395.0  1.35644372
395.5  1.33674651
396.0  1.31223373
396.5  1.28869864
397.0  1.27114913
397.5  1.26374384
398.0  1.26473939
398.5  1.26996391
399.0  1.27537564
399.5  1.27790005
400.0  1.27708041
400.5  1.27073463
401.0  1.26257897
401.5  1.25333966
402.0  1.24715063
402.5  1.24655613
403.0  1.25256699
403.5  1.26548189
404.0  1.28412082
404.5  1.30246242
405.0  1.31763776
405.5  1.32687916
406.0  1.32901881
406.5  1.32591329
407.0  1.32294581
407.5  1.32338734
408.0  1.32894425
408.5  1.33771825
409.0  1.34759306
409.5  1.35226361
410.0  1.35011229
410.5  1.34008290
411.0  1.32316942
411.5  1.30249895
412.0  1.28008264
412.5  1.25727900
413.0  1.23778823
413.5  1.22349368
414.0  1.21457602
414.5  1.20895193
415.0  1.20364908
415.5  1.20042846
416.0  1.19453734
416.5  1.18594232
417.0  1.18245735
417.5  1.18617698
418.0  1.19972036
418.5  1.22310526
419.0  1.25398733
419.5  1.28688040
420.0  1.31578607
420.5  1.33642299
421.0  1.34685389
421.5  1.34898656
422.0  1.34305019
422.5  1.33493052
423.0  1.32598463
423.5  1.31719883
424.0  1.31161815
424.5  1.30765958
425.0  1.30406521
425.5  1.29669153
426.0  1.28210748
426.5  1.26116960
427.0  1.23378730
427.5  1.20589932
428.0  1.18507053
428.5  1.17676085
429.0  1.18187113
429.5  1.19704765
430.0  1.21690551
430.5  1.23595454
431.0  1.25191114
431.5  1.26228341
432.0  1.26611554
432.5  1.26524147
433.0  1.26319559
433.5  1.26528093
434.0  1.27327496
434.5  1.28800582
435.0  1.30843469
435.5  1.33171121
436.0  1.35275103
436.5  1.36525902
437.0  1.36756467
437.5  1.35873168
438.0  1.34411574
438.5  1.32931466
439.0  1.32098499
439.5  1.31725201
440.0  1.31731663
440.5  1.31775351
441.0  1.31464665
441.5  1.30338399
442.0  1.28358359
442.5  1.25831157
443.0  1.23209942
443.5  1.20614994
444.0  1.18808454
444.5  1.18003393
445.0  1.18210572
445.5  1.19407131
446.0  1.21645578
446.5  1.23933141
447.0  1.25672749
447.5  1.27094752
448.0  1.27975920
448.5  1.28440274
449.0  1.29290577
449.5  1.30841619
450.0  1.33114210
450.5  1.35838396
451.0  1.38639992
451.5  1.40857107
452.0  1.42423390
452.5  1.43020263
453.0  1.42681577
453.5  1.41472899
454.0  1.40010716
454.5  1.38624549
455.0  1.37348504
455.5  1.36675648
456.0  1.36411551
456.5  1.36025843
457.0  1.35136948
457.5  1.33456556
458.0  1.30629900
458.5  1.27180721
459.0  1.23691131
459.5  1.21032712
460.0  1.19029981
460.5  1.18209207
461.0  1.18650230
461.5  1.19430618
462.0  1.20172728
462.5  1.20707569
463.0  1.20937036
463.5  1.20938286
464.0  1.20739652
464.5  1.20740313
465.0  1.21328445
465.5  1.22876918
466.0  1.25151254
466.5  1.27792338
467.0  1.30366499
467.5  1.32727680
468.0  1.34116163
468.5  1.34026142
469.0  1.32946328
469.5  1.31867266
470.0  1.31120698
470.5  1.31216283
471.0  1.32097855
471.5  1.33153558
472.0  1.34149171
472.5  1.34597615
473.0  1.34028626
473.5  1.32511081
474.0  1.30346982
474.5  1.27881283
475.0  1.25482337
475.5  1.23704799
476.0  1.22946243
476.5  1.23340647
477.0  1.24642332
477.5  1.26323321
478.0  1.27729160
478.5  1.28253790
479.0  1.27817961
479.5  1.26436728
480.0  1.25095116
480.5  1.24169255
481.0  1.24293753
481.5  1.25340137
482.0  1.27151271
482.5  1.29050491
483.0  1.30451380
483.5  1.31173476
484.0  1.30866395
484.5  1.30132151
485.0  1.28949681
485.5  1.27957298
486.0  1.27385198
486.5  1.27816057
487.0  1.29004310
487.5  1.30817408
488.0  1.33018667
488.5  1.34569570
489.0  1.34823229
489.5  1.34107607
490.0  1.32552043
490.5  1.30746864
491.0  1.29612180
491.5  1.29505993
492.0  1.30509245
492.5  1.32084615
493.0  1.33905693
493.5  1.35226089
494.0  1.35891053
494.5  1.35636447
495.0  1.34518539
495.5  1.32921813
496.0  1.31423729
496.5  1.30071180
497.0  1.29205235
497.5  1.29135877
498.0  1.29580633
498.5  1.29921026
499.0  1.29582689
499.5  1.28300528
500.0  1.25919602
500.5  1.22929620
501.0  1.20097781
501.5  1.18375588
502.0  1.17961685
502.5  1.19061014
503.0  1.21204713
503.5  1.23847888
504.0  1.26394120
504.5  1.28405377
505.0  1.29849942
505.5  1.30643538
506.0  1.31276538
506.5  1.31852971
507.0  1.32645808
507.5  1.34036770
508.0  1.36259504
508.5  1.38449238
509.0  1.40209438
509.5  1.40999078
510.0  1.40332552
510.5  1.38064021
511.0  1.34817873
511.5  1.31341479
512.0  1.28440515
512.5  1.26691036
513.0  1.25993481
513.5  1.25577195
514.0  1.25107961
514.5  1.24440810
515.0  1.22993693
515.5  1.20857241
516.0  1.18308232
516.5  1.16067501
517.0  1.14330184
517.5  1.13496755
518.0  1.14041509
518.5  1.15778111
519.0  1.18431007
519.5  1.21425723
520.0  1.23764558
520.5  1.25231240
521.0  1.25955418
521.5  1.26227558
522.0  1.26744865
522.5  1.28195824
523.0  1.30637425
523.5  1.33990127
524.0  1.37517621
524.5  1.40562018
525.0  1.42243337
525.5  1.42294302
526.0  1.41056051
526.5  1.38719185
527.0  1.35636315
527.5  1.32397091
528.0  1.29776379
528.5  1.27975400
529.0  1.27094218
529.5  1.26701250
530.0  1.26425175
530.5  1.25446730
531.0  1.23723602
531.5  1.21129503
532.0  1.18666518
532.5  1.16880251
533.0  1.16534017
533.5  1.17829588
534.0  1.20553156
534.5  1.24131175
535.0  1.27673608
535.5  1.30445896
536.0  1.32245706
536.5  1.32986223
537.0  1.33128511
537.5  1.32929176
538.0  1.32817973
538.5  1.33292212
539.0  1.34745025
539.5  1.36857840
540.0  1.39071623
540.5  1.40666971
541.0  1.41018712
541.5  1.39581327
542.0  1.36872340
542.5  1.33455886
543.0  1.30120299
543.5  1.27814077
544.0  1.26796601
544.5  1.26887293
545.0  1.27746431
545.5  1.28279720
546.0  1.28071441
546.5  1.27066793
547.0  1.25164208
547.5  1.22790013
548.0  1.20319953
548.5  1.18723632
549.0  1.18248553
549.5  1.19288712
550.0  1.21662389
550.5  1.24675472
551.0  1.27772824
551.5  1.29939887
552.0  1.30893430
552.5  1.30546470
553.0  1.29795862
553.5  1.29196690
554.0  1.29331709
554.5  1.30449601
555.0  1.32302271
555.5  1.34287927
556.0  1.35614028
556.5  1.36046434
557.0  1.35188939
557.5  1.33067411
558.0  1.30049121
558.5  1.27090222
559.0  1.24481148
559.5  1.22566870
560.0  1.21927226
560.5  1.22431513
561.0  1.23582429
561.5  1.24454220
562.0  1.24635453
562.5  1.23876594
563.0  1.22400789
563.5  1.20815474
564.0  1.19936641
564.5  1.20349063
565.0  1.22220315
565.5  1.24970920
566.0  1.28035906
566.5  1.30648892
567.0  1.32325367
567.5  1.32535666
568.0  1.31782931
568.5  1.30372020
569.0  1.28796440
569.5  1.27727250
570.0  1.27604058
570.5  1.28680030
571.0  1.30753016
571.5  1.32764727
572.0  1.33929508
572.5  1.33730757
573.0  1.31980042
573.5  1.28952432
574.0  1.25424540
574.5  1.22450340
575.0  1.20876417
575.5  1.21093140
576.0  1.22528951
576.5  1.24422408
577.0  1.26186636
577.5  1.27433365
578.0  1.27718523
578.5  1.27174116
579.0  1.26260664
579.5  1.25349451
580.0  1.25234903
580.5  1.26452527
581.0  1.28834636
581.5  1.32062031
582.0  1.35575880
582.5  1.38520483
583.0  1.39961658
583.5  1.39417198
584.0  1.37294613
584.5  1.34416412
585.0  1.32088201
585.5  1.30979900
586.0  1.30882351
586.5  1.31819600
587.0  1.33282328
587.5  1.34383902
588.0  1.34571705
588.5  1.33601584
589.0  1.31736902
589.5  1.29220960
590.0  1.26772039
590.5  1.24752888
591.0  1.23953182
591.5  1.24376623
592.0  1.26231105
592.5  1.28493533
593.0  1.30512162
593.5  1.31496455
594.0  1.31119647
594.5  1.29630659
595.0  1.27871726
595.5  1.26605759
596.0  1.26427494
596.5  1.27500079
597.0  1.29481640
597.5  1.31727139
598.0  1.33442008
598.5  1.33891141
599.0  1.33379000
599.5  1.31735793
600.0  1.29370551
600.5  1.26660831
601.0  1.24699637
601.5  1.23708319
602.0  1.23876572
602.5  1.25346678
603.0  1.27379351
603.5  1.28958571
604.0  1.29576779
604.5  1.29034616
605.0  1.27358041
605.5  1.25451387
606.0  1.24285943
606.5  1.24433638
607.0  1.26085040
607.5  1.28670640
608.0  1.31663283
608.5  1.34271901
609.0  1.35823278
609.5  1.36055771
610.0  1.35178323
610.5  1.33563576
611.0  1.31591253
611.5  1.29755073
612.0  1.28769914
612.5  1.28657066
613.0  1.28994153
613.5  1.29477956
614.0  1.29458740
614.5  1.28117615
615.0  1.25386031
615.5  1.22236923
616.0  1.19216205
616.5  1.17182664
617.0  1.16852550
617.5  1.18449180
618.0  1.21320376
618.5  1.24495496
619.0  1.27380901
619.5  1.29522183
620.0  1.30614256
620.5  1.30621028
621.0  1.30100908
621.5  1.29718291
622.0  1.29817861
622.5  1.31001141
623.0  1.33253472
623.5  1.36374827
624.0  1.39374538
624.5  1.41410578
625.0  1.41744215
625.5  1.40212177
626.0  1.37405333
626.5  1.34332168
627.0  1.32131017
627.5  1.31272171
628.0  1.31858781
628.5  1.33271462
629.0  1.34820215
629.5  1.35719061
630.0  1.35280782
630.5  1.33495780
631.0  1.30477506
631.5  1.26826099
632.0  1.23094439
632.5  1.19862356
633.0  1.18307620
633.5  1.18519193
634.0  1.20181279
634.5  1.22672385
635.0  1.25199151
635.5  1.27031725
636.0  1.27773817
636.5  1.27661554
637.0  1.27545272
637.5  1.28321333
638.0  1.30189094
638.5  1.33114190
639.0  1.36798611
639.5  1.40101190
640.0  1.42329291
640.5  1.43211430
641.0  1.42427381
641.5  1.40209273
642.0  1.37037800
642.5  1.33834955
643.0  1.30999835
643.5  1.29086904
644.0  1.28325082
644.5  1.28680635
645.0  1.29070113
645.5  1.28748907
646.0  1.27560695
646.5  1.25244615
647.0  1.22095647
647.5  1.19221362
648.0  1.17554500
648.5  1.17251739
649.0  1.18512466
649.5  1.20612930
650.0  1.23031180
650.5  1.24731520
651.0  1.25650099
651.5  1.25559179
652.0  1.24839072
652.5  1.23926709
653.0  1.23395822
653.5  1.24076075
654.0  1.26199589
654.5  1.29844894
655.0  1.34430270
655.5  1.39116169
656.0  1.42799112
656.5  1.44851385
657.0  1.45157230
657.5  1.43920679
658.0  1.42011582
658.5  1.40446247
659.0  1.39418797
659.5  1.38986847
660.0  1.39023111
660.5  1.38818939
661.0  1.37812973
661.5  1.35482888
662.0  1.32174031
662.5  1.28380873
663.0  1.24427212
663.5  1.20949723
664.0  1.18570057
664.5  1.17939126
665.0  1.18899754
665.5  1.20890150
666.0  1.23233945
666.5  1.25037328
667.0  1.25861809
667.5  1.25640394
668.0  1.24861833
668.5  1.24215268
669.0  1.24595114
669.5  1.26570502
670.0  1.29500261
670.5  1.33013769
671.0  1.36377737
671.5  1.38802749
672.0  1.39807203
672.5  1.39456661
673.0  1.38224379
673.5  1.36468406
674.0  1.34898141
674.5  1.34224682
675.0  1.34786214
675.5  1.36403243
676.0  1.38458982
676.5  1.40109264
677.0  1.40532280
677.5  1.39237818
678.0  1.36498056
678.5  1.32985985
679.0  1.29908722
679.5  1.28280102
680.0  1.28525875
680.5  1.30210021
681.0  1.32788684
681.5  1.35380531
682.0  1.37084141
682.5  1.37463033
683.0  1.36676919
683.5  1.34667024
684.0  1.31901997
684.5  1.29343316
685.0  1.27547521
685.5  1.26884682
686.0  1.27569866
686.5  1.29556593
687.0  1.31300521
687.5  1.32046688
688.0  1.31726103
688.5  1.30180828
689.0  1.27484150
689.5  1.24973280
690.0  1.23726043
690.5  1.23892098
691.0  1.25115610
691.5  1.27327577
692.0  1.29681877
692.5  1.31247330
693.0  1.31766690
693.5  1.31461208
694.0  1.30337316
694.5  1.28662888
695.0  1.27470629
695.5  1.27526160
696.0  1.28845468
696.5  1.31278191
697.0  1.34313138
697.5  1.36968966
698.0  1.38340620
698.5  1.37928336
699.0  1.35864143
699.5  1.32812408
700.0  1.29752689
700.5  1.27631769
701.0  1.26860162
701.5  1.27283933
702.0  1.28378507
702.5  1.29673431
703.0  1.30456380
703.5  1.30289058
704.0  1.29159958
704.5  1.27433738
705.0  1.25618819
705.5  1.24514134
706.0  1.24336865
706.5  1.25667099
707.0  1.28434147
707.5  1.31946553
708.0  1.35227961
708.5  1.37536475
709.0  1.38141117
709.5  1.37074879
710.0  1.35287775
710.5  1.33837156
711.0  1.33163436
711.5  1.33571602
712.0  1.35267431
712.5  1.37449986
713.0  1.39419216
713.5  1.40666367
714.0  1.40881045
714.5  1.39718089
715.0  1.37594803
715.5  1.35180523
716.0  1.33053923
716.5  1.31705114
717.0  1.31242745
717.5  1.31860759
718.0  1.33053414
718.5  1.34072012
719.0  1.34085450
719.5  1.32929275
720.0  1.30666194
720.5  1.28406060
721.0  1.26864657
721.5  1.26629682
722.0  1.28055353
722.5  1.30652066
723.0  1.33710017
723.5  1.36313249
724.0  1.38003617
724.5  1.38383339
725.0  1.37435679
725.5  1.35563575
726.0  1.33276029
726.5  1.31572781
727.0  1.30851835
727.5  1.31501493
728.0  1.33330575
728.5  1.35852225
729.0  1.37963754
729.5  1.38705413
730.0  1.37958424
730.5  1.36102613
731.0  1.33750327
731.5  1.31818253
732.0  1.31151919
732.5  1.31796182
733.0  1.33305371
733.5  1.35182492
734.0  1.36884321
734.5  1.37316661
735.0  1.36716857
735.5  1.35049199
736.0  1.32522310
736.5  1.29675324
737.0  1.27353227
737.5  1.26189049
738.0  1.26265131
738.5  1.27590372
739.0  1.29637424
739.5  1.31430476
740.0  1.32325710
740.5  1.32175806
741.0  1.31113484
741.5  1.29774361
742.0  1.29210686
742.5  1.29763673
743.0  1.31491473
743.5  1.33797360
744.0  1.36075676
744.5  1.37984065
745.0  1.38927855
745.5  1.38222182
746.0  1.36268011
746.5  1.33505741
747.0  1.30619277
747.5  1.28316026
748.0  1.27003923
748.5  1.26990050
749.0  1.28119818
749.5  1.29493705
750.0  1.30656024
750.5  1.30764598
751.0  1.29796886
751.5  1.28141476
752.0  1.26716302
752.5  1.26113759
753.0  1.26974136
753.5  1.29212781
754.0  1.32310131
754.5  1.35471753
755.0  1.37881862
755.5  1.39508974
756.0  1.39707270
756.5  1.38906866
757.0  1.37381270
757.5  1.35996713
758.0  1.35061012
758.5  1.35391092
759.0  1.36591132
759.5  1.39080213
760.0  1.41135632
760.5  1.42848373
761.0  1.42364747
761.5  1.40655002
762.0  1.37379896
762.5  1.34199727
763.0  1.31926709
763.5  1.30226296
764.0  1.30352539
764.5  1.30667795
765.0  1.32300954
765.5  1.32308882
766.0  1.32411528
766.5  1.30863050
767.0  1.29540085
767.5  1.27585815
768.0  1.26302375
768.5  1.26107603
769.0  1.27488721
769.5  1.30605651
770.0  1.34592215
770.5  1.39016084
771.0  1.42767684
771.5  1.44772424
772.0  1.45202493
772.5  1.43893758
773.0  1.42665649
773.5  1.41403219
774.0  1.41219806
774.5  1.41628602
775.0  1.42479981
775.5  1.43123881
776.0  1.42497609
776.5  1.41507569
777.0  1.38148270
777.5  1.34939018
778.0  1.29865986
778.5  1.26370847
779.0  1.22638438
779.5  1.21612808
780.0  1.21277662
780.5  1.22726502
781.0  1.24651933
781.5  1.26292761
782.0  1.26851360
782.5  1.26263986
783.0  1.25327731
783.5  1.24504872
784.0  1.24384238
784.5  1.25525030
785.0  1.27702487
785.5  1.31294420
786.0  1.34002873
786.5  1.36616366
787.0  1.37855094
787.5  1.38316359
788.0  1.37925637
788.5  1.36646650
789.0  1.35879826
789.5  1.34574361
790.0  1.35789959
790.5  1.36399531
791.0  1.39024113
791.5  1.39779265
792.0  1.40964663
792.5  1.39836897
793.0  1.37968834
793.5  1.35032206
794.0  1.32261205
794.5  1.30711254
795.0  1.30159130
795.5  1.30972675
796.0  1.32061372
796.5  1.33301703
797.0  1.34179471
797.5  1.33717641
798.0  1.32755896
798.5  1.30348941
799.0  1.28623594
799.5  1.26333698
800.0  1.25800587
800.5  1.26042790
801.0  1.27702827
801.5  1.30001376
802.0  1.32025377
802.5  1.34227388
803.0  1.33710169
803.5  1.33642980
804.0  1.31287803
804.5  1.31326895
805.0  1.30608339
805.5  1.32765075
806.0  1.34600979
806.5  1.37741570
807.0  1.40345157
807.5  1.42391327
808.0  1.43136082
808.5  1.42478146
809.0  1.40983949
809.5  1.39074348
810.0  1.36991873
810.5  1.36053321
811.0  1.35330251
811.5  1.36704315
812.0  1.37605140
812.5  1.39290750
813.0  1.39208026
813.5  1.38316458
814.0  1.36343491
814.5  1.33752983
815.0  1.32568844
815.5  1.31244550
816.0  1.32676771
816.5  1.33145102
817.0  1.36079638
817.5  1.36933341
818.0  1.38289329
818.5  1.37420025
819.0  1.36274650
819.5  1.33860160
820.0  1.31247081
820.5  1.29031455
821.0  1.27731889
821.5  1.27952123
822.0  1.29063560
822.5  1.30935878
823.0  1.32662993
823.5  1.32896011
824.0  1.32497434
824.5  1.30324466
825.0  1.28977289
825.5  1.27232812
826.0  1.27668481
826.5  1.28968594
827.0  1.31740737
827.5  1.34997365
828.0  1.37361512
828.5  1.39830765
829.0  1.39996222
829.5  1.40413248
830.0  1.37928268
830.5  1.36715333
831.0  1.33878755
831.5  1.33486174
832.0  1.32838995
832.5  1.34043894
833.0  1.34888891
833.5  1.35893521
834.0  1.35871583
834.5  1.34364533
835.0  1.31655131
835.5  1.28933766
836.0  1.26795725
836.5  1.25911656
837.0  1.25581424
837.5  1.27294814
838.0  1.28449950
838.5  1.30387475
839.0  1.30504354
839.5  1.30736449
840.0  1.29615823
840.5  1.28294372
841.0  1.27329614
841.5  1.26479944
842.0  1.27986841
842.5  1.29435662
843.0  1.33819057
843.5  1.36769515
844.0  1.41268076
844.5  1.43290286
845.0  1.45155289
845.5  1.44927442
846.0  1.44235425
846.5  1.43637380
847.0  1.43702052
847.5  1.44474960
848.0  1.45419010
848.5  1.45915603
849.0  1.45858289
849.5  1.44280652
850.0  1.42151712
850.5  1.37882899
851.0  1.34034619
851.5  1.29200239
852.0  1.26249977
852.5  1.23186715
853.0  1.22540714
853.5  1.22813563
854.0  1.24336694
854.5  1.26694281
855.0  1.27913438
855.5  1.29315720
856.0  1.29135034
856.5  1.30635397
857.0  1.31030474
857.5  1.33542624
858.0  1.35935779
858.5  1.39797297
859.0  1.42785272
859.5  1.45260353
860.0  1.46682611
860.5  1.47252092
861.0  1.46642194
861.5  1.45274405
862.0  1.43334001
862.5  1.41811200
863.0  1.40169813
863.5  1.40237456
864.0  1.39932387
864.5  1.40876139
865.0  1.40162464
865.5  1.39123820
866.0  1.36819773
866.5  1.33860102
867.0  1.31486340
867.5  1.29184945
868.0  1.28815946
868.5  1.28377721
869.0  1.30077543
869.5  1.30492509
870.0  1.31847022
870.5  1.31625444
871.0  1.31616471
871.5  1.30582506
872.0  1.29667352
872.5  1.28899159
873.0  1.29083710
873.5  1.30552577
874.0  1.32924513
874.5  1.35695266
875.0  1.38776659
875.5  1.40499983
876.0  1.41514483
876.5  1.40395910
877.0  1.39146319
877.5  1.36566921
878.0  1.35714490
878.5  1.34852196
879.0  1.35141933
879.5  1.35374540
880.0  1.35802544
880.5  1.35756771
881.0  1.34464739
881.5  1.33241285
882.0  1.30411370
882.5  1.28331226
883.0  1.25783558
883.5  1.25118804
884.0  1.25018944
884.5  1.26564494
885.0  1.28519742
885.5  1.31556094
886.0  1.34267409
886.5  1.35748561
887.0  1.36252357
887.5  1.36177329
888.0  1.36035662
888.5  1.36505673
889.0  1.37083300
889.5  1.38977574
890.0  1.40460866
890.5  1.42219199
891.0  1.42760817
891.5  1.43022391
892.0  1.42260767
892.5  1.40854308
893.0  1.39254362
893.5  1.37389013
894.0  1.36626656
894.5  1.35997700
895.0  1.36545157
895.5  1.36981253
896.0  1.37757568
896.5  1.37516138
897.0  1.36403229
897.5  1.34477228
898.0  1.32292334
898.5  1.30613442
899.0  1.29870968
899.5  1.30327598
900.0  1.31954664
900.5  1.34079887
901.0  1.36530211
901.5  1.38205179
902.0  1.39418774
902.5  1.39381073
903.0  1.39095597
903.5  1.38217379
904.0  1.37389009
904.5  1.36882492
905.0  1.37261551
905.5  1.38601524
906.0  1.40046152
906.5  1.41518119
907.0  1.41719119
907.5  1.41031963
908.0  1.38675149
908.5  1.36137040
909.0  1.33487676
909.5  1.31784742
910.0  1.30995848
910.5  1.31244142
911.0  1.31976411
911.5  1.33005146
912.0  1.33530167
912.5  1.33530554
913.0  1.32409365
913.5  1.31339773
914.0  1.29748970
914.5  1.28716791
915.0  1.28030806
915.5  1.28753995
916.0  1.30312444
916.5  1.32746562
917.0  1.35289976
917.5  1.37182273
918.0  1.38044920
918.5  1.37898990
919.0  1.37203791
919.5  1.36469922
920.0  1.36275654
920.5  1.36884664
921.0  1.37924999
921.5  1.39226555
922.0  1.40365937
922.5  1.40821659
923.0  1.40070741
923.5  1.38368869
924.0  1.35903822
924.5  1.32797304
925.0  1.30123337
925.5  1.27635318
926.0  1.26702792
926.5  1.26435995
927.0  1.27524835
927.5  1.28519297
928.0  1.29517844
928.5  1.29715859
929.0  1.29450809
929.5  1.28980276
930.0  1.29034570
930.5  1.29716292
931.0  1.31532165
931.5  1.34068680
932.0  1.36915887
932.5  1.39161165
933.0  1.41164939
933.5  1.41733219
934.0  1.41409522
934.5  1.39604560
935.0  1.37717107
935.5  1.35317069
936.0  1.33182308
936.5  1.31575735
937.0  1.30786637
937.5  1.31185096
938.0  1.31300840
938.5  1.32202897
939.0  1.31915039
939.5  1.31850685
940.0  1.31193689
940.5  1.31437416
941.0  1.32205241
941.5  1.33808992
942.0  1.36140200
942.5  1.38463469
943.0  1.40522180
943.5  1.42334992
944.0  1.43186016
944.5  1.43737158
945.0  1.43056555
945.5  1.43019197
946.0  1.42123241
946.5  1.42041167
947.0  1.41705147
947.5  1.42140731
948.0  1.42495282
948.5  1.42397563
949.0  1.42035987
949.5  1.39934904
950.0  1.38090691
950.5  1.35033648
951.0  1.33363043
951.5  1.31602209
952.0  1.31505494
952.5  1.31233461
953.0  1.31672470
953.5  1.31837180
954.0  1.31555972
954.5  1.30587593
955.0  1.29258790
955.5  1.27709846
956.0  1.26237662
956.5  1.25044110
957.0  1.25119458
957.5  1.25441051
958.0  1.28027896
958.5  1.30658681
959.0  1.34299670
959.5  1.36403941
960.0  1.38460043
960.5  1.39867231
961.0  1.40331411
961.5  1.40754992
962.0  1.40789928
962.5  1.42175986
963.0  1.42642442
963.5  1.43869412
964.0  1.43380846
964.5  1.43227563
965.0  1.41585188
965.5  1.39556767
966.0  1.36420119
966.5  1.33035900
967.0  1.29667162
967.5  1.27010265
968.0  1.25230791
968.5  1.24279006
969.0  1.24004151
969.5  1.24609336
970.0  1.24424750
970.5  1.25114445
971.0  1.24909484
971.5  1.25584748
972.0  1.25873896
972.5  1.27688111
973.0  1.29637845
973.5  1.32298543
974.0  1.35086218
974.5  1.37346762
975.0  1.39914959
975.5  1.40704423
976.0  1.42159689
976.5  1.41947655
977.0  1.42614330
977.5  1.42138452
978.0  1.43007421
978.5  1.43201738
979.0  1.43780490
979.5  1.44183077
980.0  1.44187812
980.5  1.43110668
981.0  1.40879415
981.5  1.38039771
982.0  1.35256299
982.5  1.32326640
983.0  1.30873338
983.5  1.29355489
984.0  1.29429395
984.5  1.29062551
985.0  1.29790129
985.5  1.29671841
986.0  1.29703917
986.5  1.29341958
987.0  1.28558118
987.5  1.28640722
988.0  1.27961078
988.5  1.29363639
989.0  1.30268151
989.5  1.33535081
990.0  1.35888368
990.5  1.39471120
991.0  1.41756030
991.5  1.43987773
992.0  1.44852918
992.5  1.45177877
993.0  1.45508968
993.5  1.45765238
994.0  1.46126594
994.5  1.46710564
995.0  1.46840454
995.5  1.47270924
996.0  1.46339102
996.5  1.45864411
997.0  1.43610507
997.5  1.41824779
998.0  1.39079398
998.5  1.36946092
999.0  1.35085744
999.5  1.33243147
1000.0  1.33130217
