0.0  238.0864
0.5  258.8857
1.0  274.7756
1.5  285.9621
2.0  295.0965
2.5  306.3404
3.0  323.5079
3.5  348.0211
4.0  377.7999
4.5  407.8400
5.0  432.2327
5.5  446.5160
6.0  449.1881
6.5  441.8747
7.0  428.3869
7.5  413.2757
8.0  400.4512
8.5  392.2096
9.0  388.8007
9.5  388.5414
10.0  388.4122
10.5  385.0256
11.0  375.7852
11.5  359.9645
12.0  339.3422
12.5  318.0101
13.0  301.1463
13.5  293.0052
14.0  294.9520
14.5  304.6169
15.0  316.7572
15.5  325.4247
16.0  326.2870
16.5  318.0161
17.0  302.3360
17.5  283.0259
18.0  264.4869
18.5  250.4135
19.0  242.8861
19.5  241.9958
20.0  245.9848
20.5  251.8241
21.0  256.1056
21.5  256.0822
22.0  250.6305
22.5  240.8411
23.0  229.9128
23.5  222.1456
24.0  221.2089
24.5  228.3939
25.0  241.8206
25.5  257.1642
26.0  269.5594
26.5  275.6452
27.0  274.7537
27.5  268.8761
28.0  261.6847
28.5  257.1763
29.0  258.4422
29.5  266.8583
30.0  281.8006
30.5  300.8681
31.0  320.5380
31.5  337.1274
32.0  347.8844
32.5  351.9581
33.0  350.9097
33.5  348.3970
34.0  348.8509
34.5  355.4520
35.0  368.3339
35.5  384.1124
36.0  397.1848
36.5  402.1453
37.0  396.0085
37.5  379.2142
38.0  355.2124
38.5  329.1085
39.0  306.0496
39.5  289.8690
40.0  282.2526
40.5  282.4950
41.0  287.8121
41.5  294.1315
42.0  297.2361
42.5  294.0694
43.0  283.8995
43.5  268.9131
44.0  253.7782
44.5  243.9810
45.0  243.3950
45.5  252.2533
46.0  266.7768
46.5  280.8123
47.0  288.5638
47.5  286.9190
48.0  276.3452
48.5  260.2950
49.0  243.7303
49.5  231.4932
50.0  227.0148
50.5  231.5706
51.0  244.1024
51.5  261.5532
52.0  279.6436
52.5  293.9970
53.0  301.4568
53.5  301.3059
54.0  295.9298
54.5  290.3891
55.0  290.6500
55.5  300.9551
56.0  321.6194
56.5  348.6136
57.0  375.2906
57.5  395.2478
58.0  404.7357
58.5  403.5766
59.0  394.5746
59.5  382.0700
60.0  370.3798
60.5  362.6076
61.0  360.0034
61.5  361.8673
62.0  365.9025
62.5  368.9082
63.0  367.6944
63.5  360.0855
64.0  345.8210
64.5  327.0519
65.0  308.0439
65.5  293.8422
66.0  288.1852
66.5  291.6431
67.0  301.1425
67.5  311.3053
68.0  316.8555
68.5  314.7452
69.0  305.0228
69.5  290.3446
70.0  274.6700
70.5  261.8199
71.0  254.3681
71.5  253.0659
72.0  256.8034
72.5  263.0171
73.0  268.4107
73.5  269.8478
74.0  265.2688
74.5  254.4707
75.0  239.5183
75.5  224.4756
76.0  214.2233
76.5  212.5587
77.0  220.4127
77.5  235.2640
78.0  252.2347
78.5  266.2707
79.0  274.1768
79.5  275.5505
80.0  272.4509
80.5  268.2650
81.0  266.3964
81.5  269.2292
82.0  277.5648
82.5  290.5449
83.0  305.9754
83.5  320.9360
84.0  332.5524
84.5  338.8193
85.0  339.3408
85.5  335.7685
86.0  331.6008
86.5  331.0685
87.0  337.2949
87.5  350.5880
88.0  367.9681
88.5  384.3733
89.0  394.8739
89.5  396.6286
90.0  389.6668
90.5  376.4113
91.0  360.4593
91.5  345.2625
92.0  333.1372
92.5  324.7780
93.0  319.2635
93.5  314.4631
94.0  307.7265
94.5  296.7313
95.0  280.3524
95.5  259.3664
96.0  236.7135
96.5  216.9835
97.0  204.9763
97.5  203.7292
98.0  212.9998
98.5  229.2089
99.0  247.0200
99.5  261.6647
100.0  270.7384
100.5  274.7040
101.0  276.1819
101.5  278.6188
102.0  284.9632
102.5  296.7380
103.0  313.6435
103.5  333.6617
104.0  353.5659
104.5  369.7134
105.0  378.9881
105.5  379.7350
106.0  372.4673
106.5  360.0452
107.0  347.0121
107.5  338.0185
108.0  335.8340
108.5  339.9757
109.0  346.8707
109.5  351.5711
110.0  350.0415
110.5  340.7857
111.0  325.1634
111.5  306.5608
112.0  289.0289
112.5  275.9884
113.0  269.3590
113.5  269.2219
114.0  273.9772
114.5  280.8877
115.0  286.8711
115.5  289.3917
116.0  287.2918
116.5  281.3680
117.0  274.4320
117.5  270.5812
118.0  273.6403
118.5  285.2827
119.0  303.8377
119.5  324.6366
120.0  341.8474
120.5  350.7922
121.0  349.5485
121.5  339.2371
122.0  323.1867
122.5  305.5783
123.0  290.1488
123.5  279.2917
124.0  273.6604
124.5  272.2383
125.0  272.7763
125.5  272.4807
126.0  268.8384
126.5  260.4708
127.0  247.8727
127.5  233.7638
128.0  222.6588
128.5  219.4156
129.0  227.1203
129.5  245.3820
130.0  270.1654
130.5  295.3984
131.0  315.4313
131.5  327.0030
132.0  329.9011
132.5  326.3753
133.0  319.8882
133.5  313.8273
134.0  310.5599
134.5  310.9609
135.0  314.3775
135.5  318.9328
136.0  322.0616
136.5  321.2007
137.0  314.5878
137.5  302.0878
138.0  285.7928
138.5  269.9229
139.0  259.6201
139.5  258.8385
140.0  268.3866
140.5  285.4052
141.0  304.7136
141.5  321.1908
142.0  331.7939
142.5  336.3040
143.0  336.7912
143.5  336.3784
144.0  337.9459
144.5  343.1864
145.0  352.1539
145.5  363.2859
146.0  373.8063
146.5  380.3942
147.0  380.0172
147.5  370.8278
148.0  352.9768
148.5  329.0496
149.0  303.7020
149.5  282.2432
150.0  268.5450
150.5  263.3587
151.0  264.1360
151.5  266.5281
152.0  266.6291
152.5  262.6847
153.0  255.5509
153.5  248.0135
154.0  243.5479
154.5  245.0997
155.0  254.2262
155.5  270.7100
156.0  292.6164
156.5  316.7158
157.0  339.1720
157.5  356.3914
158.0  365.9152
158.5  367.1850
159.0  361.9073
159.5  353.6612
160.0  346.5877
160.5  343.5545
161.0  344.7637
161.5  347.7084
162.0  348.5582
162.5  344.1096
163.0  333.1944
163.5  316.9676
164.0  298.2175
164.5  280.2369
165.0  265.7757
165.5  256.3675
166.0  252.1032
166.5  251.7950
167.0  253.4179
167.5  254.7085
168.0  253.8102
168.5  249.8727
169.0  243.4994
169.5  236.8575
170.0  233.1974
170.5  235.6870
171.0  245.9304
171.5  262.9907
172.0  283.6139
172.5  303.6084
173.0  319.5693
173.5  330.0139
174.0  335.4979
174.5  337.9099
175.0  339.4414
175.5  341.6892
176.0  345.1338
176.5  349.0446
177.0  351.7428
177.5  351.1014
178.0  345.1530
178.5  332.6908
179.0  313.7820
179.5  290.1094
180.0  264.9775
180.5  242.7489
181.0  227.6194
181.5  222.0875
182.0  225.9164
182.5  236.2918
183.0  249.1713
183.5  261.0535
184.0  270.2293
184.5  277.0374
185.0  283.2557
185.5  291.0951
186.0  302.2462
186.5  317.2452
187.0  335.2377
187.5  354.1067
188.0  370.8884
188.5  382.3919
189.0  385.9510
189.5  380.2249
190.0  365.8875
190.5  345.8981
191.0  324.9750
191.5  308.1441
192.0  298.8333
192.5  297.5069
193.0  301.6876
193.5  307.3672
194.0  310.9387
194.5  310.6069
195.0  306.7544
195.5  301.3961
196.0  297.2021
196.5  296.5354
197.0  300.7500
197.5  309.8196
198.0  322.2770
198.5  335.4402
199.0  345.9198
199.5  350.4107
200.0  346.7095
200.5  334.7213
201.0  316.9891
201.5  298.2147
202.0  283.6239
202.5  276.8002
203.0  278.1727
203.5  285.0761
204.0  293.2843
204.5  299.0162
205.0  300.3293
205.5  297.4286
206.0  292.1059
206.5  286.8169
207.0  283.8238
207.5  284.6010
208.0  289.5207
208.5  297.7670
209.0  307.4478
209.5  315.9194
210.0  320.3763
210.5  318.7097
211.0  310.4672
211.5  297.4968
212.0  283.7360
212.5  273.9077
213.0  271.5787
213.5  277.6190
214.0  289.9700
214.5  304.7822
215.0  318.1374
215.5  327.3921
216.0  331.6493
216.5  331.4664
217.0  328.2060
217.5  323.3978
218.0  318.2865
218.5  313.5748
219.0  309.3027
219.5  304.8252
220.0  298.9117
220.5  290.0583
221.0  277.0854
221.5  259.9425
222.0  240.3609
222.5  221.8287
223.0  208.5816
223.5  203.9411
224.0  208.9080
224.5  221.8581
225.0  239.4587
225.5  258.1538
226.0  275.3698
226.5  289.9871
227.0  302.1447
227.5  312.7160
228.0  322.7654
228.5  333.1366
229.0  344.1846
229.5  355.6094
230.0  366.3752
230.5  374.7584
231.0  378.6270
231.5  376.0446
232.0  366.1358
232.5  349.8722
233.0  330.2433
233.5  311.4503
234.0  297.3479
234.5  289.9542
235.0  288.8922
235.5  292.0054
236.0  296.6384
236.5  300.7943
237.0  303.6787
237.5  305.6203
238.0  307.6448
238.5  310.9819
239.0  316.6501
239.5  325.1425
240.0  336.1958
240.5  348.6584
241.0  360.5274
241.5  369.2645
242.0  372.4591
242.5  368.7350
243.0  358.5332
243.5  344.2473
244.0  329.4043
244.5  317.1780
245.0  309.0605
245.5  304.4832
246.0  301.5201
246.5  298.1011
247.0  292.9760
247.5  286.0307
248.0  278.0360
248.5  270.1598
249.0  263.5263
249.5  258.9372
250.0  256.7301
250.5  256.7057
251.0  258.0955
251.5  259.6168
252.0  259.7153
252.5  257.0645
253.0  251.2315
253.5  243.1918
254.0  235.2713
254.5  230.3338
255.0  230.5544
255.5  236.5028
256.0  247.1064
256.5  260.4424
257.0  274.7775
257.5  289.2330
258.0  303.8353
258.5  319.1095
259.0  335.5385
259.5  353.1387
260.0  371.2523
260.5  388.5459
261.0  403.1671
261.5  413.0165
262.0  416.1118
262.5  411.0302
263.0  397.3835
263.5  376.2114
264.0  350.0668
264.5  322.5572
265.0  297.3287
265.5  276.8811
266.0  261.8537
266.5  251.2071
267.0  243.1569
267.5  236.2652
268.0  230.1150
268.5  225.3621
269.0  223.3271
269.5  225.4218
270.0  232.6322
270.5  245.1533
271.0  262.1904
271.5  281.9336
272.0  301.7303
272.5  318.4859
273.0  329.2953
273.5  332.2309
274.0  327.0862
274.5  315.7319
275.0  301.7483
275.5  289.2811
276.0  281.5541
276.5  279.7817
277.0  283.0300
277.5  288.9861
278.0  295.0931
278.5  299.4586
279.0  301.2646
279.5  300.7425
280.0  298.9124
280.5  297.2283
281.0  297.1753
281.5  299.8314
282.0  305.4591
282.5  313.2528
283.0  321.3972
283.5  327.5290
284.0  329.5586
284.5  326.6077
285.0  319.6471
285.5  311.4146
286.0  305.4865
286.5  304.8728
287.0  310.8493
287.5  322.6191
288.0  337.8643
288.5  353.7497
289.0  367.8294
289.5  378.5535
290.0  385.3820
290.5  388.6590
291.0  389.3605
291.5  388.7426
292.0  387.8891
292.5  387.2174
293.0  386.0945
293.5  382.7688
294.0  374.7747
294.5  359.8105
295.0  336.8427
295.5  306.9616
296.0  273.4731
296.5  241.0169
297.0  214.0461
297.5  195.4219
298.0  185.8040
298.5  183.9897
299.0  187.8086
299.5  195.0220
300.0  203.8892
300.5  213.3753
301.0  223.1262
301.5  233.3195
302.0  244.4148
302.5  256.8057
303.0  270.4232
303.5  284.4209
304.0  297.1154
304.5  306.3151
305.0  310.0303
305.5  307.3431
306.0  299.0280
306.5  287.5152
307.0  276.0986
307.5  267.7485
308.0  264.1598
308.5  265.4898
309.0  270.7733
309.5  278.6299
310.0  287.8558
310.5  297.7194
311.0  308.0067
311.5  318.9293
312.0  330.9599
312.5  344.5881
313.0  359.9946
313.5  376.7046
314.0  393.3543
314.5  407.7254
315.0  417.1425
315.5  419.1970
316.0  412.5857
316.5  397.7045
317.0  376.6484
317.5  352.5259
318.0  328.3918
318.5  306.3454
319.0  287.2085
319.5  270.8026
320.0  256.5147
320.5  243.8098
321.0  232.5264
321.5  222.9778
322.0  215.9311
322.5  212.4842
323.0  213.8082
323.5  220.7493
324.0  233.3753
324.5  250.6448
325.0  270.3932
325.5  289.7489
326.0  305.9173
326.5  317.0798
327.0  323.0126
327.5  325.0870
328.0  325.5965
328.5  326.7423
329.0  329.8039
329.5  334.8568
330.0  341.0286
330.5  347.0032
331.0  351.4824
331.5  353.4853
332.0  352.5124
332.5  348.6264
333.0  342.4436
333.5  334.9835
334.0  327.3530
334.5  320.3314
335.0  314.0134
335.5  307.7006
336.0  300.1741
336.5  290.3243
337.0  277.9061
337.5  264.0359
338.0  251.0844
338.5  241.9230
339.0  238.8773
339.5  242.9327
340.0  253.5609
340.5  269.1350
341.0  287.6024
341.5  307.0777
342.0  326.1930
342.5  344.2126
343.0  360.9696
343.5  376.6547
344.0  391.4759
344.5  405.2511
345.0  417.0716
345.5  425.2008
346.0  427.3312
346.5  421.1978
347.0  405.4015
347.5  380.1482
348.0  347.5501
348.5  311.2446
349.0  275.3976
349.5  243.5072
350.0  217.5581
350.5  197.8618
351.0  183.5186
351.5  173.1618
352.0  165.6398
352.5  160.4598
353.0  157.9602
353.5  159.2200
354.0  165.7011
354.5  178.6539
355.0  198.4224
355.5  223.8931
356.0  252.3525
356.5  279.9069
357.0  302.4177
357.5  316.6891
358.0  321.4859
358.5  317.9495
359.0  309.1828
359.5  299.1485
360.0  291.3695
360.5  287.9867
361.0  289.4785
361.5  294.9710
362.0  302.8491
362.5  311.3944
363.0  319.3065
363.5  326.0616
364.0  332.0600
364.5  338.4912
365.0  346.8839
365.5  358.4214
366.0  373.2415
366.5  390.0031
367.0  405.9488
367.5  417.5352
368.0  421.4867
368.5  415.9148
369.0  401.0416
369.5  379.1857
370.0  354.0030
370.5  329.3389
371.0  308.2008
371.5  292.2086
372.0  281.5863
372.5  275.5257
373.0  272.7070
373.5  271.8245
374.0  272.0247
374.5  273.1708
375.0  275.8413
375.5  281.0199
376.0  289.5380
376.5  301.4502
377.0  315.5803
377.5  329.4581
378.0  339.7727
378.5  343.2939
379.0  337.9797
379.5  323.8176
380.0  302.9935
380.5  279.2859
381.0  256.9535
381.5  239.5843
382.0  229.3028
382.5  226.5092
383.0  230.1049
383.5  238.0534
384.0  248.0951
384.5  258.4326
385.0  268.1990
385.5  277.5604
386.0  287.4120
386.5  298.7756
387.0  312.1321
387.5  326.9377
388.0  341.5148
388.5  353.3951
389.0  360.0525
389.5  359.7991
390.0  352.4879
390.5  339.7018
391.0  324.3288
391.5  309.7099
392.0  298.7072
392.5  293.0148
393.0  292.8804
393.5  297.2482
394.0  304.2262
394.5  311.7331
395.0  318.1427
395.5  322.7354
396.0  325.8062
396.5  328.3819
397.0  331.6532
397.5  336.3317
398.0  342.1705
398.5  347.8243
399.0  351.1323
399.5  349.7721
400.0  342.0786
400.5  327.7026
401.0  307.8229
401.5  284.8225
402.0  261.5914
402.5  240.7489
403.0  224.0535
403.5  212.1486
404.0  204.6614
404.5  200.5887
405.0  198.8332
405.5  198.7153
406.0  200.2726
406.5  204.2207
407.0  211.5814
407.5  223.1294
408.0  238.8820
408.5  257.8248
409.0  277.9672
409.5  296.7305
410.0  311.5848
410.5  320.7581
411.0  323.7655
411.5  321.5468
412.0  316.1556
412.5  310.1332
413.0  305.8044
413.5  304.7178
414.0  307.3695
414.5  313.2515
415.0  321.1851
415.5  329.8206
416.0  338.1335
416.5  345.7305
417.0  352.8484
417.5  360.0610
418.0  367.8398
418.5  376.1691
419.0  384.3636
419.5  391.1451
420.0  394.9545
420.5  394.4183
421.0  388.8309
421.5  378.4723
422.0  364.6214
422.5  349.2421
423.0  334.4568
423.5  321.9957
424.0  312.7970
424.5  306.8709
425.0  303.4650
425.5  301.4833
426.0  300.0244
426.5  298.8364
427.0  298.4722
427.5  300.0310
428.0  304.5514
428.5  312.3074
429.0  322.3293
429.5  332.3862
430.0  339.4782
430.5  340.6859
431.0  334.0874
431.5  319.4158
432.0  298.2189
432.5  273.4690
433.0  248.7735
433.5  227.4515
434.0  211.7512
434.5  202.3979
435.0  198.5710
435.5  198.3145
436.0  199.2935
436.5  199.6990
437.0  199.0118
437.5  198.3137
438.0  199.9540
438.5  206.6306
439.0  220.2164
439.5  240.8176
440.0  266.4763
440.5  293.6731
441.0  318.4402
441.5  337.6352
442.0  349.8666
442.5  355.7455
443.0  357.4467
443.5  357.8311
444.0  359.4811
444.5  363.9451
445.0  371.3547
445.5  380.4619
446.0  389.0613
446.5  394.6985
447.0  395.4933
447.5  390.8346
448.0  381.6853
448.5  370.3216
449.0  359.5340
449.5  351.5516
450.0  347.1052
450.5  345.0288
451.0  342.6026
451.5  336.5358
452.0  324.2025
452.5  304.6256
453.0  278.8351
453.5  249.5262
454.0  220.2267
454.5  194.3232
455.0  174.2578
455.5  161.0897
456.0  154.4910
456.5  153.1491
457.0  155.4571
457.5  160.2836
458.0  167.5446
458.5  178.3151
459.0  194.3712
459.5  217.3016
460.0  247.5448
460.5  283.7653
461.0  322.8437
461.5  360.5122
462.0  392.4233
462.5  415.2789
463.0  427.6216
463.5  430.0280
464.0  424.6833
464.5  414.5471
465.0  402.4236
465.5  390.2233
466.0  378.5959
466.5  367.0005
467.0  354.1762
467.5  338.8813
468.0  320.6798
468.5  300.4947
469.0  280.6773
469.5  264.4961
470.0  255.1843
470.5  254.8843
471.0  263.8828
471.5  280.4186
472.0  301.1388
472.5  322.0507
473.0  339.6424
473.5  351.7776
474.0  358.0692
474.5  359.6548
475.0  358.5264
475.5  356.6944
476.0  355.4686
476.5  355.0554
477.0  354.5667
477.5  352.4287
478.0  347.0719
478.5  337.6802
479.0  324.7145
479.5  309.9625
480.0  296.0387
480.5  285.4967
481.0  279.9029
481.5  279.2401
482.0  281.8713
482.5  285.0759
483.0  285.9696
483.5  282.4777
484.0  274.0119
484.5  261.6157
485.0  247.5603
485.5  234.5752
486.0  224.9975
486.5  220.1088
487.0  219.8399
487.5  222.9159
488.0  227.3987
488.5  231.4704
489.0  234.1962
489.5  235.9642
490.0  238.3796
490.5  243.5989
491.0  253.3550
491.5  268.0803
492.0  286.5036
492.5  305.8934
493.0  322.8574
493.5  334.4027
494.0  338.8725
494.5  336.4306
495.0  328.9523
495.5  319.3994
496.0  310.9215
496.5  305.9745
497.0  305.6989
497.5  309.7123
498.0  316.3649
498.5  323.4018
499.0  328.8465
499.5  331.8104
500.0  332.8903
500.5  333.9245
501.0  337.1471
501.5  344.0778
502.0  354.6459
502.5  366.9432
503.0  377.7124
503.5  383.3678
504.0  381.1545
504.5  370.0315
505.0  350.9921
505.5  326.7572
506.0  300.9880
506.5  277.2956
507.0  258.3368
507.5  245.2250
508.0  237.3970
508.5  232.9847
509.0  229.6305
509.5  225.5454
510.0  220.4607
510.5  216.0548
511.0  215.5518
511.5  222.5165
512.0  239.2855
512.5  265.7186
513.0  298.8454
513.5  333.5791
514.0  364.1998
514.5  386.0134
515.0  396.5869
515.5  396.1832
516.0  387.3558
516.5  373.9479
517.0  359.8689
517.5  348.0082
518.0  339.5393
518.5  333.7542
519.0  328.4556
519.5  320.8290
520.0  308.5865
520.5  291.0455
521.0  269.7442
521.5  248.2885
522.0  231.3901
522.5  223.3936
523.0  226.8288
523.5  241.5300
524.0  264.6520
524.5  291.5748
525.0  317.3527
525.5  338.1533
526.0  352.1704
526.5  359.7521
527.0  362.8199
527.5  363.8888
528.0  365.0544
528.5  367.2516
529.0  369.9647
529.5  371.4540
530.0  369.4347
530.5  362.0117
531.0  348.5550
531.5  330.1696
532.0  309.5305
532.5  290.1076
533.0  275.0713
533.5  266.2858
534.0  263.7390
534.5  265.5859
535.0  268.7968
535.5  270.2050
536.0  267.5818
536.5  260.3382
537.0  249.6064
537.5  237.7268
538.0  227.3795
538.5  220.6862
539.0  218.5655
539.5  220.5284
540.0  224.9699
540.5  229.8756
541.0  233.7121
541.5  236.1620
542.0  238.3730
542.5  242.5627
543.0  251.1148
543.5  265.5430
544.0  285.7504
544.5  309.8553
545.0  334.6292
545.5  356.3894
546.0  372.0544
546.5  380.0033
547.0  380.4435
547.5  375.1827
548.0  366.9235
548.5  358.3459
549.0  351.2719
549.5  346.1502
550.0  342.0052
550.5  336.8818
551.0  328.6838
551.5  316.1527
552.0  299.6284
552.5  281.2476
553.0  264.4292
553.5  252.8147
554.0  249.0841
554.5  254.1098
555.0  266.7256
555.5  284.1397
556.0  302.8139
556.5  319.5093
557.0  332.1562
557.5  340.2733
558.0  344.8307
558.5  347.6561
559.0  350.6153
559.5  354.8441
560.0  360.2689
560.5  365.5698
561.0  368.6217
561.5  367.2980
562.0  360.3688
562.5  348.1332
563.0  332.4821
563.5  316.3128
564.0  302.5324
564.5  293.0837
565.0  288.3841
565.5  287.3380
566.0  287.8446
566.5  287.5835
567.0  284.8120
567.5  278.9205
568.0  270.5762
568.5  261.4331
569.0  253.5309
569.5  248.5897
570.0  247.4198
570.5  249.6345
571.0  253.7812
571.5  257.8921
572.0  260.3055
572.5  260.4580
573.0  259.2896
573.5  259.0201
574.0  262.3311
574.5  271.2955
575.0  286.5179
575.5  306.8140
576.0  329.4889
576.5  351.0700
577.0  368.2543
577.5  378.7956
578.0  382.0622
578.5  379.0864
579.0  372.1071
579.5  363.7759
580.0  356.2844
580.5  350.6659
581.0  346.4754
581.5  341.9678
582.0  334.7798
582.5  322.9469
583.0  305.9129
583.5  285.0989
584.0  263.7088
584.5  245.7667
585.0  234.7578
585.5  232.4314
586.0  238.2205
586.5  249.4518
587.0  262.2376
587.5  272.7429
588.0  278.3895
588.5  278.5750
589.0  274.6723
589.5  269.3734
590.0  265.6694
590.5  265.8216
591.0  270.6164
591.5  279.0905
592.0  288.8115
592.5  296.6732
593.0  300.0070
593.5  297.6417
594.0  290.4808
594.5  281.3007
595.0  273.8103
595.5  271.3617
596.0  275.8277
596.5  287.0273
597.0  302.8292
597.5  319.8694
598.0  334.6627
598.5  344.7370
599.0  349.3689
599.5  349.6501
600.0  347.9103
600.5  346.7652
601.0  348.1413
601.5  352.5690
602.0  358.9288
602.5  364.7300
603.0  366.8831
603.5  362.7752
604.0  351.3001
604.5  333.4265
605.0  312.0096
605.5  290.8849
606.0  273.6288
606.5  262.5134
607.0  258.0166
607.5  258.9607
608.0  263.1403
608.5  268.2065
609.0  272.5243
609.5  275.7102
610.0  278.6633
610.5  283.1010
611.0  290.7944
611.5  302.7782
612.0  318.7876
612.5  337.1067
613.0  354.9106
613.5  369.0517
614.0  377.0656
614.5  378.0165
615.0  372.7831
615.5  363.5938
616.0  353.0103
616.5  342.8796
617.0  333.7665
617.5  325.0455
618.0  315.4589
618.5  303.8080
619.0  289.5327
619.5  273.0506
620.0  255.7894
620.5  239.8904
621.0  227.6472
621.5  220.8341
622.0  220.1256
622.5  224.7993
623.0  232.8499
623.5  241.5518
624.0  248.3592
624.5  251.8713
625.0  252.4652
625.5  252.2397
626.0  254.1879
626.5  260.9245
627.0  273.5729
627.5  291.3237
628.0  311.7769
628.5  331.7868
629.0  348.4092
629.5  359.6622
630.0  364.9570
630.5  365.1358
631.0  362.1167
631.5  358.2273
632.0  355.4041
632.5  354.4910
633.0  354.8614
633.5  354.5270
634.0  350.7714
634.5  341.1743
635.0  324.6952
635.5  302.3614
636.0  277.1791
636.5  253.2181
637.0  234.2610
637.5  222.6590
638.0  218.8787
638.5  221.7819
639.0  229.3296
639.5  239.3476
640.0  250.1411
640.5  260.8717
641.0  271.6524
641.5  283.3338
642.0  297.0202
642.5  313.4421
643.0  332.3829
643.5  352.3773
644.0  370.8485
644.5  384.7380
645.0  391.4924
645.5  390.0667
646.0  381.4748
646.5  368.5193
647.0  354.7118
647.5  342.8797
648.0  334.1856
648.5  328.0359
649.0  322.7887
649.5  316.7547
650.0  308.9751
650.5  299.5421
651.0  289.5016
651.5  280.4945
652.0  274.2806
652.5  272.2416
653.0  274.9302
653.5  281.7516
654.0  290.8891
654.5  299.5961
655.0  304.8980
655.5  304.5885
656.0  298.1917
656.5  287.4211
657.0  275.7611
657.5  267.1856
658.0  264.5467
658.5  268.4457
659.0  277.1527
659.5  287.5309
660.0  296.4028
660.5  301.6988
661.0  303.0038
661.5  301.4612
662.0  299.2257
662.5  298.7183
663.0  301.8961
663.5  309.6694
664.0  321.5506
664.5  335.6147
665.0  348.8486
665.5  357.9102
666.0  360.1707
666.5  354.7171
667.0  342.8618
667.5  327.7979
668.0  313.4176
668.5  302.7991
669.0  297.1132
669.5  295.4683
670.0  295.6417
670.5  295.2031
671.0  292.4804
671.5  287.0666
672.0  279.8310
672.5  272.5470
673.0  267.2955
673.5  265.8087
674.0  268.9024
674.5  276.1270
675.0  285.7453
675.5  295.1096
676.0  301.4190
676.5  302.6837
677.0  298.5476
677.5  290.5521
678.0  281.5903
678.5  274.7110
679.0  271.8571
679.5  273.2087
680.0  277.4193
680.5  282.4729
681.0  286.6004
681.5  288.8509
682.0  289.2477
682.5  288.6557
683.0  288.4829
683.5  290.2667
684.0  295.1862
684.5  303.5895
685.0  314.6786
685.5  326.5082
686.0  336.4006
686.5  341.7540
687.0  341.0272
687.5  334.4951
688.0  324.3299
688.5  313.8021
689.0  305.8866
689.5  302.0003
690.0  301.5865
690.5  302.7294
691.0  303.3311
691.5  302.1333
692.0  299.1450
692.5  295.4902
693.0  292.9389
693.5  293.3635
694.0  298.2337
694.5  308.1853
695.0  322.7079
695.5  340.0388
696.0  357.3713
696.5  371.4469
697.0  379.4744
697.5  380.1294
698.0  374.2102
698.5  364.5097
699.0  354.7470
699.5  347.9320
700.0  344.9837
700.5  344.3763
701.0  342.9944
701.5  337.6580
702.0  326.4900
702.5  309.5682
703.0  288.7958
703.5  267.2533
704.0  248.3506
704.5  235.0061
705.0  228.9770
705.5  230.4244
706.0  237.7947
706.5  248.1033
707.0  257.6630
707.5  263.1813
708.0  262.9503
708.5  257.6610
709.0  250.3420
709.5  245.2251
710.0  245.9131
710.5  253.7415
711.0  267.2172
711.5  282.8029
712.0  296.5289
712.5  305.5559
713.0  309.0416
713.5  308.1630
714.0  305.5130
714.5  304.1970
715.0  306.8973
715.5  315.0867
716.0  328.5237
716.5  345.1336
717.0  361.3570
717.5  372.9843
718.0  376.3565
718.5  369.6195
719.0  353.5448
719.5  331.4464
720.0  308.0491
720.5  287.7231
721.0  272.9362
721.5  263.7017
722.0  258.2002
722.5  254.0817
723.0  249.6984
723.5  244.7631
724.0  240.3503
724.5  238.4341
725.0  241.2100
725.5  250.3955
726.0  266.6383
726.5  289.1345
727.0  315.5595
727.5  342.3963
728.0  365.6878
728.5  382.0991
729.0  389.9753
729.5  389.9278
730.0  384.5358
730.5  377.1267
731.0  370.1589
731.5  364.0758
732.0  357.2824
732.5  347.2025
733.0  331.7478
733.5  310.4176
734.0  284.6294
734.5  257.3420
735.0  232.2753
735.5  213.0249
736.0  202.2661
736.5  201.1636
737.0  209.0690
737.5  223.5886
738.0  241.0834
738.5  257.5959
739.0  270.0438
739.5  277.3166
740.0  280.7608
740.5  283.6412
741.0  289.6192
741.5  300.9046
742.0  317.0680
742.5  335.1779
743.0  351.1259
743.5  361.3505
744.0  364.1150
744.5  359.9309
745.0  351.2003
745.5  341.3858
746.0  334.0199
746.5  331.7841
747.0  335.8246
747.5  345.4251
748.0  358.1230
748.5  370.3005
749.0  378.1887
749.5  379.0763
750.0  372.3348
750.5  359.7730
751.0  344.9806
751.5  331.7819
752.0  322.5010
752.5  316.9764
753.0  312.8748
753.5  307.0532
754.0  297.1444
754.5  282.5812
755.0  264.7642
755.5  246.5398
756.0  231.3334
756.5  222.2285
757.0  221.1774
757.5  228.4652
758.0  242.5239
758.5  260.1731
759.0  277.3121
759.5  289.9940
760.0  295.6558
760.5  294.0964
761.0  287.7034
761.5  280.5975
762.0  276.8537
762.5  278.5759
763.0  284.8586
763.5  292.2482
764.0  296.4327
764.5  294.2069
765.0  284.7611
765.5  269.8834
766.0  253.2450
766.5  239.2207
767.0  231.6687
767.5  232.9553
768.0  243.3800
768.5  261.0804
769.0  282.4448
769.5  303.0005
770.0  318.6398
770.5  326.8955
771.0  327.8223
771.5  324.0152
772.0  319.5474
772.5  318.1425
773.0  321.4328
773.5  328.2485
774.0  335.3322
774.5  339.0275
775.0  336.9844
775.5  329.0846
776.0  317.3638
776.5  305.2073
777.0  296.2665
777.5  293.4476
778.0  298.1700
778.5  309.9880
779.0  326.6274
779.5  344.4685
780.0  359.4543
780.5  368.2863
781.0  369.5985
781.5  364.6381
782.0  356.9843
782.5  351.1606
783.0  350.5928
783.5  355.8961
784.0  364.4557
784.5  371.5682
785.0  372.5009
785.5  364.3843
786.0  347.1255
786.5  323.1866
787.0  296.5896
787.5  271.6611
788.0  251.9132
788.5  239.2670
789.0  233.7007
789.5  233.3451
790.0  235.0326
790.5  235.2535
791.0  231.3682
791.5  222.7472
792.0  211.3564
792.5  201.3349
793.0  197.4750
793.5  203.1358
794.0  218.6132
794.5  240.8825
795.0  264.8784
795.5  285.5931
796.0  299.9177
796.5  307.4856
797.0  310.4069
797.5  312.2535
798.0  316.7804
798.5  326.7724
799.0  343.2518
799.5  365.1591
800.0  389.5466
800.5  412.2609
801.0  429.0219
801.5  436.6895
802.0  434.3573
802.5  423.8067
803.0  408.9394
803.5  394.2048
804.0  382.6287
804.5  374.4348
805.0  367.0432
805.5  356.4519
806.0  339.2270
806.5  314.0938
807.0  282.5133
807.5  248.2255
808.0  216.1341
808.5  190.9910
809.0  176.2360
809.5  173.2156
810.0  180.9044
810.5  196.1759
811.0  214.5938
811.5  231.6063
812.0  243.8992
812.5  250.5154
813.0  253.2524
813.5  255.9604
814.0  262.7884
814.5  276.0536
815.0  294.8041
815.5  314.9096
816.0  330.6716
816.5  337.1021
817.0  331.7704
817.5  315.5314
818.0  292.0935
818.5  266.8139
819.0  245.2152
819.5  231.6264
820.0  228.2209
820.5  234.6185
821.0  248.1255
821.5  264.5877
822.0  279.7020
822.5  290.4777
823.0  296.3798
823.5  299.6336
824.0  304.3534
824.5  314.6661
825.0  332.6175
825.5  356.9420
826.0  383.3864
826.5  406.4038
827.0  421.2894
827.5  425.7454
828.0  420.3550
828.5  408.0482
829.0  392.9837
829.5  379.2953
830.0  370.0176
830.5  366.3770
831.0  367.5447
831.5  370.9025
832.0  372.8098
832.5  369.7678
833.0  359.7214
833.5  343.0696
834.0  322.8759
834.5  303.9418
835.0  290.9134
835.5  286.2125
836.0  288.8713
836.5  294.9448
837.0  299.2781
837.5  297.6711
838.0  288.4097
838.5  272.6563
839.0  253.8046
839.5  236.2530
840.0  224.0744
840.5  219.9218
841.0  224.3656
841.5  235.7538
842.0  250.6225
842.5  264.6151
843.0  273.7633
843.5  275.8305
844.0  271.2566
844.5  263.1975
845.0  256.3924
845.5  255.1412
846.0  261.2888
846.5  273.2918
847.0  286.9151
847.5  297.1662
848.0  300.4256
848.5  295.7873
849.0  285.2118
849.5  272.6875
850.0  262.8900
850.5  259.8150
851.0  265.7163
851.5  280.5343
852.0  301.8920
852.5  325.6599
853.0  347.0066
853.5  361.7475
854.0  367.6639
854.5  365.3331
855.0  358.0184
855.5  350.4301
856.0  346.7143
856.5  348.5637
857.0  354.4427
857.5  360.3612
858.0  361.7556
858.5  355.4739
859.0  340.9717
859.5  320.3842
860.0  297.6899
860.5  277.4335
861.0  263.4499
861.5  257.8955
862.0  260.7505
862.5  269.8614
863.0  281.5180
863.5  291.4770
864.0  296.2408
864.5  294.2618
865.0  286.6272
865.5  276.8056
866.0  269.3240
866.5  267.7801
867.0  273.0903
867.5  282.9164
868.0  292.6249
868.5  297.2803
869.0  293.6564
869.5  281.3934
870.0  262.9966
870.5  242.9093
871.0  226.1416
871.5  216.9111
872.0  217.6116
872.5  228.2875
873.0  246.6825
873.5  268.8528
874.0  290.2485
874.5  307.0574
875.0  317.4637
875.5  322.3575
876.0  325.0597
876.5  329.9434
877.0  340.3990
877.5  357.0878
878.0  377.4259
878.5  396.6029
879.0  409.5744
879.5  413.0046
880.0  406.3316
880.5  391.7110
881.0  373.1103
881.5  355.0280
882.0  341.2663
882.5  334.0312
883.0  333.5002
883.5  337.9015
884.0  344.0840
884.5  348.4855
885.0  348.3142
885.5  342.6200
886.0  332.8298
886.5  322.3598
887.0  315.2436
887.5  314.2599
888.0  319.4698
888.5  327.9874
889.0  335.1405
889.5  336.3897
890.0  329.0394
890.5  313.0460
891.0  290.7939
891.5  266.1479
892.0  243.2330
892.5  225.3195
893.0  214.0539
893.5  209.1582
894.0  208.6369
894.5  209.4598
895.0  208.6043
895.5  204.2276
896.0  196.6122
896.5  188.4517
897.0  184.1422
897.5  188.1220
898.0  202.8646
898.5  227.5146
899.0  257.9578
899.5  288.3455
900.0  313.2767
900.5  329.5741
901.0  336.9789
901.5  337.7282
902.0  335.4238
902.5  333.7051
903.0  335.1213
903.5  340.4316
904.0  348.4341
904.5  356.3388
905.0  360.6228
905.5  358.2046
906.0  347.6525
906.5  330.0263
907.0  308.9319
907.5  289.5522
908.0  276.8383
908.5  273.5621
909.0  279.1752
909.5  290.1082
910.0  301.3773
910.5  308.6630
911.0  309.8815
911.5  305.6855
912.0  298.9254
912.5  293.4873
913.0  292.9907
913.5  299.7076
914.0  313.9073
914.5  333.7134
915.0  355.4914
915.5  374.7180
916.0  387.1954
916.5  390.3411
917.0  384.1475
917.5  371.3551
918.0  356.5523
918.5  344.3584
919.0  337.4087
919.5  335.1433
920.0  334.0884
920.5  329.5035
921.0  317.5243
921.5  296.7696
922.0  268.8223
922.5  237.6222
923.0  208.2120
923.5  185.3479
924.0  172.3541
924.5  170.4297
925.0  178.4953
925.5  193.5847
926.0  211.7238
926.5  229.1381
927.0  243.5009
927.5  254.7996
928.0  265.3700
928.5  278.8654
929.0  298.4133
929.5  324.7628
930.0  355.4163
930.5  385.2943
931.0  408.6249
931.5  421.0885
932.0  421.2276
932.5  410.6646
933.0  393.2849
933.5  373.8874
934.0  356.8106
934.5  344.8866
935.0  338.8908
935.5  337.5360
936.0  337.9844
936.5  336.7890
937.0  331.0956
937.5  319.8104
938.0  304.3214
938.5  288.3430
939.0  276.6960
939.5  273.3409
940.0  279.5315
940.5  293.0733
941.0  309.1491
941.5  322.2789
942.0  328.3899
942.5  326.0616
943.0  316.5964
943.5  303.1586
944.0  289.4934
944.5  278.7036
945.0  272.3791
945.5  270.2156
946.0  270.1494
946.5  268.9746
947.0  263.3511
947.5  251.0220
948.0  231.9318
948.5  208.8178
949.0  186.8435
949.5  172.1030
950.0  169.3803
950.5  180.1203
951.0  201.6916
951.5  228.4211
952.0  253.8828
952.5  273.2683
953.0  284.7874
953.5  289.7274
954.0  291.4683
954.5  294.0434
955.0  300.7756
955.5  313.3106
956.0  331.1816
956.5  351.9257
957.0  371.7097
957.5  386.3619
958.0  392.6220
958.5  389.2985
959.0  377.9257
959.5  362.5238
960.0  348.3189
960.5  339.7702
961.0  338.7401
961.5  343.7508
962.0  350.7594
962.5  355.0408
963.0  353.1853
963.5  344.2932
964.0  330.0202
964.5  313.7174
965.0  299.1832
965.5  289.5042
966.0  286.2687
966.5  289.2604
967.0  296.6244
967.5  305.4346
968.0  312.5498
968.5  315.5887
969.0  313.7786
969.5  308.3732
970.0  302.3510
970.5  299.3172
971.0  301.9204
971.5  310.4837
972.0  322.6041
972.5  334.0285
973.0  340.3968
973.5  338.9710
974.0  329.5635
974.5  314.3906
975.0  297.1046
975.5  281.5023
976.0  270.3724
976.5  264.7692
977.0  263.8307
977.5  265.1342
978.0  265.4970
978.5  262.0525
979.0  253.3477
979.5  240.1350
980.0  225.5090
980.5  214.1545
981.0  210.7817
981.5  218.2665
982.0  236.3365
982.5  261.5213
983.0  288.4733
983.5  312.0187
984.0  328.9485
984.5  338.8126
985.0  343.5795
985.5  346.5230
986.0  350.8755
986.5  358.6925
987.0  370.1833
987.5  383.5966
988.0  395.6488
988.5  402.4053
989.0  400.4517
989.5  388.0843
990.0  366.1559
990.5  338.1863
991.0  309.5024
991.5  285.5428
992.0  269.9297
992.5  263.1836
993.0  262.7471
993.5  264.3260
994.0  263.8557
994.5  259.1401
995.0  250.5121
995.5  240.4397
996.0  232.4396
996.5  229.8006
997.0  234.5130
997.5  246.6360
998.0  264.1877
998.5  283.5633
999.0  300.4160
999.5  310.8526
1000.0  312.6764
