0.0  0.425925  1.314695  1.740620
0.5  0.483150  1.256324  1.739475
1.0  0.518187  1.220786  1.738973
1.5  0.522263  1.217087  1.739350
2.0  0.497916  1.242197  1.740113
2.5  0.455966  1.285114  1.741081
3.0  0.410992  1.331086  1.742078
3.5  0.376940  1.365751  1.742691
4.0  0.363633  1.379246  1.742879
4.5  0.374543  1.368080  1.742623
5.0  0.406036  1.335932  1.741968
5.5  0.448226  1.292981  1.741207
6.0  0.487349  1.252785  1.740134
6.5  0.509440  1.230071  1.739511
7.0  0.504926  1.234508  1.739433
7.5  0.473167  1.266846  1.740014
8.0  0.424989  1.316372  1.741361
8.5  0.380655  1.362238  1.742892
9.0  0.362151  1.381575  1.743726
9.5  0.382514  1.360948  1.743462
10.0  0.438478  1.303982  1.742460
10.5  0.511635  1.229236  1.740871
11.0  0.577371  1.162150  1.739521
11.5  0.615593  1.123484  1.739077
12.0  0.617372  1.122068  1.739441
12.5  0.585720  1.154499  1.740219
13.0  0.532266  1.209096  1.741362
13.5  0.472489  1.269729  1.742218
14.0  0.421225  1.321756  1.742982
14.5  0.389212  1.354149  1.743361
15.0  0.380899  1.362293  1.743192
15.5  0.393691  1.348815  1.742507
16.0  0.418682  1.322980  1.741662
16.5  0.442879  1.298124  1.741002
17.0  0.452790  1.287575  1.740366
17.5  0.439061  1.300972  1.740033
18.0  0.401118  1.339590  1.740709
18.5  0.349741  1.392290  1.742031
19.0  0.304870  1.438513  1.743383
19.5  0.287657  1.456373  1.744031
20.0  0.309836  1.433747  1.743583
20.5  0.366903  1.375621  1.742524
21.0  0.440049  1.300923  1.740972
21.5  0.505501  1.234092  1.739593
22.0  0.544986  1.194286  1.739272
22.5  0.551625  1.188211  1.739836
23.0  0.529958  1.210746  1.740703
23.5  0.492176  1.249374  1.741550
24.0  0.453285  1.289100  1.742385
24.5  0.426820  1.316232  1.743052
25.0  0.421743  1.321433  1.743176
25.5  0.440601  1.302325  1.742926
26.0  0.479029  1.263346  1.742374
26.5  0.526600  1.214967  1.741567
27.0  0.569050  1.171394  1.740444
27.5  0.591833  1.147698  1.739531
28.0  0.584747  1.155186  1.739934
28.5  0.546673  1.194112  1.740784
29.0  0.488292  1.253665  1.741957
29.5  0.430052  1.313186  1.743238
30.0  0.394203  1.350121  1.744324
30.5  0.393921  1.350211  1.744131
31.0  0.426123  1.316726  1.742849
31.5  0.473146  1.268158  1.741304
32.0  0.512099  1.227925  1.740024
32.5  0.525471  1.214316  1.739787
33.0  0.507141  1.232850  1.739991
33.5  0.462408  1.278477  1.740885
34.0  0.404188  1.337917  1.742105
34.5  0.348164  1.394883  1.743046
35.0  0.308499  1.435004  1.743503
35.5  0.294681  1.449145  1.743826
36.0  0.309593  1.434011  1.743604
36.5  0.348902  1.393977  1.742879
37.0  0.401860  1.339978  1.741839
37.5  0.453589  1.287261  1.740850
38.0  0.488792  1.251315  1.740107
38.5  0.496579  1.243420  1.740000
39.0  0.475316  1.265267  1.740583
39.5  0.435269  1.306663  1.741932
40.0  0.396309  1.347287  1.743596
40.5  0.379732  1.364741  1.744473
41.0  0.397472  1.346576  1.744048
41.5  0.445418  1.297369  1.742786
42.0  0.505640  1.235725  1.741365
42.5  0.555913  1.184622  1.740534
43.0  0.579935  1.160282  1.740217
43.5  0.572702  1.167955  1.740657
44.0  0.540023  1.201506  1.741528
44.5  0.494528  1.247782  1.742310
45.0  0.450897  1.292047  1.742944
45.5  0.421827  1.321562  1.743390
46.0  0.415195  1.328614  1.743809
46.5  0.432452  1.311228  1.743680
47.0  0.468290  1.274510  1.742800
47.5  0.511623  1.229913  1.741537
48.0  0.547896  1.192973  1.740869
48.5  0.562650  1.177828  1.740478
49.0  0.546066  1.194194  1.740260
49.5  0.497566  1.243659  1.741225
50.0  0.428455  1.314029  1.742484
50.5  0.359975  1.383944  1.743918
51.0  0.315521  1.429510  1.745031
51.5  0.309779  1.435155  1.744934
52.0  0.341182  1.402616  1.743799
52.5  0.393052  1.349293  1.742345
53.0  0.442637  1.298803  1.741441
53.5  0.471818  1.269078  1.740896
54.0  0.473433  1.267677  1.741110
54.5  0.451577  1.290441  1.742018
55.0  0.417913  1.325000  1.742914
55.5  0.386809  1.356640  1.743449
56.0  0.371017  1.372709  1.743726
56.5  0.378535  1.365532  1.744067
57.0  0.410786  1.333056  1.743842
57.5  0.462202  1.280634  1.742835
58.0  0.521216  1.220540  1.741756
58.5  0.572622  1.168637  1.741258
59.0  0.601149  1.139161  1.740311
59.5  0.595996  1.143875  1.739871
60.0  0.555469  1.185168  1.740636
60.5  0.489912  1.252309  1.742221
61.0  0.420333  1.323198  1.743531
61.5  0.371182  1.373305  1.744487
62.0  0.359455  1.385314  1.744770
62.5  0.386226  1.357734  1.743960
63.0  0.436484  1.305881  1.742365
63.5  0.487440  1.253525  1.740965
64.0  0.519528  1.220826  1.740354
64.5  0.523638  1.217182  1.740820
65.0  0.502249  1.239259  1.741508
65.5  0.466094  1.276267  1.742361
66.0  0.429204  1.313892  1.743097
66.5  0.404293  1.339249  1.743542
67.0  0.399375  1.344306  1.743681
67.5  0.415925  1.327360  1.743285
68.0  0.448648  1.293720  1.742367
68.5  0.486742  1.254836  1.741577
69.0  0.516374  1.224451  1.740825
69.5  0.524115  1.216010  1.740125
70.0  0.501036  1.238841  1.739878
70.5  0.446830  1.293874  1.740704
71.0  0.372377  1.369774  1.742151
71.5  0.298466  1.445084  1.743550
72.0  0.249156  1.495539  1.744695
72.5  0.241507  1.503219  1.744726
73.0  0.277206  1.466362  1.743568
73.5  0.341796  1.400363  1.742159
74.0  0.412227  1.328802  1.741029
74.5  0.467614  1.272493  1.740107
75.0  0.496895  1.243344  1.740239
75.5  0.500642  1.240311  1.740953
76.0  0.488225  1.253775  1.742001
76.5  0.472973  1.269891  1.742864
77.0  0.467389  1.275912  1.743302
77.5  0.479516  1.263826  1.743343
78.0  0.510934  1.232144  1.743078
78.5  0.556529  1.186123  1.742652
79.0  0.605815  1.135877  1.741692
79.5  0.645393  1.095344  1.740737
80.0  0.662153  1.077845  1.739998
80.5  0.646954  1.092924  1.739878
81.0  0.598325  1.142329  1.740655
81.5  0.525007  1.216814  1.741821
82.0  0.445358  1.297664  1.743022
82.5  0.382057  1.362137  1.744194
83.0  0.352976  1.392044  1.745020
83.5  0.362745  1.381525  1.744270
84.0  0.400478  1.342120  1.742598
84.5  0.445487  1.295721  1.741208
85.0  0.477197  1.263458  1.740655
85.5  0.483315  1.257197  1.740512
86.0  0.462820  1.278421  1.741241
86.5  0.424140  1.318313  1.742454
87.0  0.380765  1.362620  1.743385
87.5  0.346379  1.397119  1.743498
88.0  0.330850  1.412717  1.743567
88.5  0.337790  1.405928  1.743718
89.0  0.364003  1.379051  1.743054
89.5  0.400657  1.341623  1.742280
90.0  0.435705  1.305901  1.741606
90.5  0.457033  1.284250  1.741284
91.0  0.456002  1.284968  1.740970
91.5  0.430921  1.310380  1.741302
92.0  0.389422  1.352751  1.742173
92.5  0.347912  1.395500  1.743413
93.0  0.326604  1.417844  1.744448
93.5  0.340850  1.403828  1.744678
94.0  0.393004  1.350953  1.743957
94.5  0.470184  1.272332  1.742516
95.0  0.549892  1.191235  1.741127
95.5  0.609948  1.130432  1.740380
96.0  0.636845  1.103526  1.740370
96.5  0.628917  1.112106  1.741024
97.0  0.594569  1.147252  1.741821
97.5  0.547781  1.194803  1.742584
98.0  0.503091  1.239977  1.743068
98.5  0.471455  1.271808  1.743263
99.0  0.457766  1.285458  1.743224
99.5  0.460305  1.282541  1.742847
100.0  0.471895  1.270255  1.742151
100.5  0.482192  1.259514  1.741706
101.0  0.480600  1.260633  1.741233
101.5  0.459486  1.281468  1.740953
102.0  0.417352  1.323890  1.741243
102.5  0.361111  1.381173  1.742284
103.0  0.305866  1.438022  1.743888
103.5  0.270710  1.474164  1.744874
104.0  0.270930  1.473871  1.744802
104.5  0.310172  1.433850  1.744022
105.0  0.377600  1.365447  1.743046
105.5  0.452427  1.289217  1.741644
106.0  0.513092  1.227669  1.740761
106.5  0.545620  1.195080  1.740700
107.0  0.547342  1.194133  1.741475
107.5  0.525685  1.216901  1.742586
108.0  0.493962  1.249777  1.743739
108.5  0.466310  1.278161  1.744472
109.0  0.453333  1.291506  1.744839
109.5  0.459384  1.285403  1.744788
110.0  0.481917  1.262597  1.744514
110.5  0.512696  1.231063  1.743760
111.0  0.540276  1.202718  1.742994
111.5  0.553093  1.189307  1.742400
112.0  0.542795  1.200082  1.742877
112.5  0.507438  1.236788  1.744226
113.0  0.453756  1.291965  1.745721
113.5  0.396922  1.350627  1.747549
114.0  0.356259  1.393360  1.749619
114.5  0.347270  1.403771  1.751041
115.0  0.373601  1.377631  1.751232
115.5  0.424191  1.326189  1.750380
116.0  0.478130  1.271951  1.750081
116.5  0.514326  1.236061  1.750387
117.0  0.520180  1.231033  1.751213
117.5  0.495236  1.256447  1.751683
118.0  0.449554  1.302753  1.752307
118.5  0.398954  1.355032  1.753987
119.0  0.359451  1.395235  1.754686
119.5  0.342558  1.411794  1.754352
120.0  0.352485  1.400957  1.753442
120.5  0.385609  1.366728  1.752337
121.0  0.431968  1.319224  1.751193
121.5  0.478073  1.272113  1.750186
122.0  0.510318  1.238737  1.749055
122.5  0.518570  1.230662  1.749233
123.0  0.499565  1.251002  1.750568
123.5  0.459276  1.292298  1.751573
124.0  0.412637  1.340473  1.753110
124.5  0.379061  1.376419  1.755480
125.0  0.374168  1.382493  1.756661
125.5  0.401599  1.354459  1.756058
126.0  0.450348  1.304644  1.754992
126.5  0.500000  1.253977  1.753977
127.0  0.530616  1.221718  1.752334
127.5  0.531205  1.220599  1.751804
128.0  0.502885  1.249157  1.752042
128.5  0.456826  1.294853  1.751679
129.0  0.409300  1.341900  1.751200
129.5  0.376165  1.374798  1.750963
130.0  0.368335  1.381977  1.750312
130.5  0.389112  1.359825  1.748937
131.0  0.433766  1.313855  1.747622
131.5  0.491137  1.255889  1.747027
132.0  0.546597  1.199697  1.746294
132.5  0.585631  1.159749  1.745380
133.0  0.597548  1.148021  1.745569
133.5  0.578893  1.167584  1.746478
134.0  0.535767  1.211301  1.747069
134.5  0.483449  1.264618  1.748067
135.0  0.441782  1.307460  1.749242
135.5  0.426746  1.323033  1.749779
136.0  0.442158  1.306700  1.748857
136.5  0.477070  1.270190  1.747260
137.0  0.511277  1.235198  1.746475
137.5  0.525450  1.220369  1.745819
138.0  0.509611  1.236776  1.746386
138.5  0.466046  1.282645  1.748691
139.0  0.406918  1.344388  1.751306
139.5  0.349092  1.405614  1.754706
140.0  0.308569  1.449272  1.757842
140.5  0.296012  1.464053  1.760065
141.0  0.314180  1.448622  1.762802
141.5  0.357609  1.407711  1.765320
142.0  0.414346  1.352309  1.766655
142.5  0.469087  1.298860  1.767947
143.0  0.506969  1.262198  1.769167
143.5  0.517425  1.252085  1.769510
144.0  0.497645  1.272595  1.770240
144.5  0.454792  1.316548  1.771340
145.0  0.405428  1.366746  1.772174
145.5  0.370572  1.402412  1.772984
146.0  0.366856  1.406216  1.773071
146.5  0.397861  1.374558  1.772418
147.0  0.451522  1.319484  1.771007
147.5  0.506052  1.263550  1.769602
148.0  0.540646  1.228852  1.769498
148.5  0.544284  1.226757  1.771041
149.0  0.518591  1.254615  1.773207
149.5  0.475192  1.300072  1.775265
150.0  0.430310  1.347675  1.777984
150.5  0.399139  1.381176  1.780315
151.0  0.391495  1.390147  1.781642
151.5  0.409453  1.372561  1.782014
152.0  0.447227  1.334237  1.781464
152.5  0.493017  1.286882  1.779899
153.0  0.532164  1.245047  1.777211
153.5  0.550866  1.223432  1.774298
154.0  0.539882  1.232167  1.772050
154.5  0.497766  1.271494  1.769260
155.0  0.432865  1.334564  1.767429
155.5  0.362671  1.402838  1.765509
156.0  0.309056  1.455342  1.764398
156.5  0.289753  1.473548  1.763302
157.0  0.309852  1.451899  1.761751
157.5  0.358939  1.401049  1.759988
158.0  0.416472  1.342543  1.759015
158.5  0.462025  1.297410  1.759435
159.0  0.483968  1.275795  1.759763
159.5  0.482486  1.277809  1.760295
160.0  0.467204  1.294160  1.761364
160.5  0.452056  1.309608  1.761664
161.0  0.449927  1.310943  1.760870
161.5  0.468546  1.290989  1.759535
162.0  0.508345  1.250249  1.758595
162.5  0.562458  1.195251  1.757710
163.0  0.618583  1.137871  1.756454
163.5  0.662054  1.093872  1.755926
164.0  0.679396  1.077738  1.757133
164.5  0.661824  1.097088  1.758913
165.0  0.608313  1.153423  1.761737
165.5  0.527569  1.237362  1.764931
166.0  0.437589  1.331075  1.768664
166.5  0.361237  1.411629  1.772866
167.0  0.317796  1.458560  1.776356
167.5  0.314029  1.464504  1.778533
168.0  0.340572  1.438872  1.779443
168.5  0.376945  1.402749  1.779694
169.0  0.402151  1.378645  1.780796
169.5  0.404099  1.378273  1.782372
170.0  0.383152  1.400387  1.783539
170.5  0.349773  1.433889  1.783662
171.0  0.319056  1.465167  1.784224
171.5  0.304937  1.479590  1.784527
172.0  0.315834  1.467940  1.783774
172.5  0.352500  1.430535  1.783035
173.0  0.408201  1.374502  1.782703
173.5  0.470794  1.311596  1.782390
174.0  0.525919  1.256355  1.782274
174.5  0.560508  1.224514  1.785023
175.0  0.566075  1.221685  1.787760
175.5  0.541452  1.249464  1.790916
176.0  0.494407  1.301198  1.795604
176.5  0.440996  1.359255  1.800251
177.0  0.401284  1.402599  1.803883
177.5  0.391503  1.414199  1.805702
178.0  0.415950  1.388984  1.804934
178.5  0.464000  1.338432  1.802432
179.0  0.515125  1.284145  1.799270
179.5  0.548972  1.246103  1.795074
180.0  0.554129  1.236755  1.790884
180.5  0.531281  1.256575  1.787856
181.0  0.490824  1.294849  1.785673
181.5  0.447636  1.335403  1.783038
182.0  0.415665  1.365132  1.780797
182.5  0.403908  1.375784  1.779692
183.0  0.414421  1.363934  1.778355
183.5  0.442398  1.335640  1.778038
184.0  0.477917  1.299261  1.777178
184.5  0.508674  1.268031  1.776705
185.0  0.523088  1.253134  1.776222
185.5  0.513374  1.263038  1.776413
186.0  0.478311  1.297643  1.775954
186.5  0.425161  1.351351  1.776512
187.0  0.369486  1.407297  1.776783
187.5  0.331233  1.444908  1.776142
188.0  0.326859  1.448181  1.775040
188.5  0.360678  1.413135  1.773812
189.0  0.421257  1.350828  1.772085
189.5  0.486355  1.284588  1.770943
190.0  0.533622  1.237988  1.771610
190.5  0.550159  1.224443  1.774602
191.0  0.536047  1.243452  1.779499
191.5  0.501787  1.284787  1.786574
192.0  0.462635  1.329418  1.792053
192.5  0.432855  1.364582  1.797437
193.0  0.421607  1.380827  1.802434
193.5  0.431065  1.375129  1.806194
194.0  0.456652  1.352169  1.808821
194.5  0.488856  1.321145  1.810001
195.0  0.515929  1.294691  1.810619
195.5  0.526901  1.284139  1.811040
196.0  0.514547  1.296461  1.811008
196.5  0.478072  1.333892  1.811964
197.0  0.424932  1.388312  1.813243
197.5  0.370541  1.444485  1.815026
198.0  0.334280  1.481888  1.816168
198.5  0.331621  1.485684  1.817304
199.0  0.365657  1.453103  1.818760
199.5  0.423839  1.397147  1.820986
200.0  0.483324  1.339972  1.823296
200.5  0.521933  1.304094  1.826027
201.0  0.527689  1.303213  1.830902
201.5  0.502049  1.334644  1.836693
202.0  0.456949  1.384306  1.841255
202.5  0.408828  1.436097  1.844925
203.0  0.372719  1.475478  1.848197
203.5  0.358158  1.490446  1.848605
204.0  0.367398  1.478952  1.846349
204.5  0.395719  1.446677  1.842396
205.0  0.433270  1.404460  1.837729
205.5  0.467741  1.365056  1.832797
206.0  0.487386  1.340108  1.827495
206.5  0.484084  1.339062  1.823146
207.0  0.456203  1.363727  1.819930
207.5  0.410642  1.408510  1.819152
208.0  0.362704  1.456485  1.819189
208.5  0.332173  1.487328  1.819500
209.0  0.335340  1.484614  1.819954
209.5  0.376239  1.443099  1.819338
210.0  0.442967  1.373947  1.816914
210.5  0.512770  1.302053  1.814822
211.0  0.563020  1.250010  1.813030
211.5  0.581023  1.230097  1.811121
212.0  0.567506  1.239461  1.806967
212.5  0.533796  1.270979  1.804775
213.0  0.495876  1.308133  1.804009
213.5  0.468514  1.333922  1.802436
214.0  0.461203  1.339536  1.800738
214.5  0.476386  1.323592  1.799978
215.0  0.509677  1.290559  1.800236
215.5  0.551485  1.249481  1.800966
216.0  0.589443  1.212227  1.801670
216.5  0.611195  1.191938  1.803133
217.0  0.607352  1.199259  1.806611
217.5  0.574469  1.236511  1.810979
218.0  0.517471  1.298170  1.815641
218.5  0.450231  1.370245  1.820476
219.0  0.392409  1.433721  1.826130
219.5  0.361867  1.467109  1.828976
220.0  0.365436  1.464208  1.829644
220.5  0.394137  1.435686  1.829823
221.0  0.427340  1.401622  1.828962
221.5  0.443676  1.384900  1.828576
222.0  0.431411  1.396801  1.828212
222.5  0.392443  1.436978  1.829421
223.0  0.339486  1.490748  1.830234
223.5  0.289760  1.543609  1.833369
224.0  0.258718  1.579134  1.837852
224.5  0.255802  1.585366  1.841168
225.0  0.282728  1.562398  1.845126
225.5  0.333962  1.515831  1.849792
226.0  0.398648  1.455421  1.854070
226.5  0.463304  1.394951  1.858255
227.0  0.514737  1.347832  1.862570
227.5  0.542972  1.323033  1.866004
228.0  0.543974  1.324700  1.868675
228.5  0.521737  1.346173  1.867910
229.0  0.488585  1.380400  1.868985
229.5  0.462121  1.409001  1.871123
230.0  0.458183  1.412484  1.870667
230.5  0.482360  1.388673  1.871033
231.0  0.525642  1.343359  1.869001
231.5  0.568345  1.301057  1.869402
232.0  0.590298  1.277227  1.867526
232.5  0.580527  1.285624  1.866151
233.0  0.540975  1.326137  1.867111
233.5  0.483857  1.385080  1.868936
234.0  0.425743  1.444186  1.869928
234.5  0.381677  1.488513  1.870190
235.0  0.361189  1.509114  1.870303
235.5  0.366663  1.503495  1.870158
236.0  0.393715  1.475341  1.869055
236.5  0.432945  1.437351  1.870296
237.0  0.472392  1.394079  1.866472
237.5  0.500224  1.368286  1.868510
238.0  0.507412  1.358640  1.866052
238.5  0.490241  1.379301  1.869541
239.0  0.452280  1.415049  1.867329
239.5  0.404909  1.465766  1.870675
240.0  0.364941  1.506270  1.871211
240.5  0.348490  1.523178  1.871668
241.0  0.362929  1.510592  1.873522
241.5  0.401907  1.466808  1.868715
242.0  0.447871  1.422446  1.870317
242.5  0.481186  1.385806  1.866992
243.0  0.489787  1.379738  1.869525
243.5  0.473654  1.395175  1.868829
244.0  0.442945  1.428697  1.871642
244.5  0.412438  1.460355  1.872793
245.0  0.395646  1.476681  1.872327
245.5  0.400725  1.473163  1.873889
246.0  0.428809  1.444426  1.873236
246.5  0.474474  1.398501  1.872975
247.0  0.527629  1.344729  1.872358
247.5  0.576097  1.295067  1.871164
248.0  0.608327  1.263278  1.871605
248.5  0.615934  1.253389  1.869323
249.0  0.595854  1.276393  1.872247
249.5  0.551819  1.318069  1.869888
250.0  0.494483  1.379924  1.874408
250.5  0.439205  1.431812  1.871016
251.0  0.400868  1.474264  1.875133
251.5  0.387206  1.484833  1.872039
252.0  0.394546  1.479376  1.873922
252.5  0.409666  1.459702  1.869367
253.0  0.417193  1.453276  1.870468
253.5  0.407724  1.461520  1.869244
254.0  0.381763  1.488097  1.869859
254.5  0.348234  1.522636  1.870871
255.0  0.319697  1.550581  1.870278
255.5  0.307164  1.564315  1.871480
256.0  0.316548  1.554545  1.871093
256.5  0.347373  1.523973  1.871346
257.0  0.393490  1.476445  1.869935
257.5  0.445085  1.424416  1.869501
258.0  0.491183  1.377921  1.869104
258.5  0.522131  1.344857  1.866988
259.0  0.531722  1.336175  1.867898
259.5  0.518789  1.348378  1.867167
260.0  0.488040  1.380500  1.868541
260.5  0.449689  1.419762  1.869451
261.0  0.417194  1.450404  1.867598
261.5  0.402790  1.468956  1.871746
262.0  0.412015  1.454740  1.866755
262.5  0.440390  1.429902  1.870292
263.0  0.475194  1.389741  1.864936
263.5  0.501936  1.366455  1.868391
264.0  0.511507  1.354499  1.866006
264.5  0.503776  1.365074  1.868850
265.0  0.486348  1.382570  1.868918
265.5  0.470206  1.400151  1.870357
266.0  0.464898  1.406060  1.870958
266.5  0.475219  1.394777  1.869996
267.0  0.500115  1.370960  1.871075
267.5  0.533557  1.336197  1.869754
268.0  0.566624  1.304809  1.871433
268.5  0.589980  1.281089  1.871069
269.0  0.596150  1.274117  1.870267
269.5  0.581258  1.289551  1.870809
270.0  0.546058  1.325191  1.871249
270.5  0.496187  1.375867  1.872054
271.0  0.441446  1.430158  1.871604
271.5  0.393785  1.479405  1.873190
272.0  0.363747  1.509170  1.872916
272.5  0.356180  1.516288  1.872467
273.0  0.367547  1.505276  1.872823
273.5  0.387245  1.482197  1.869441
274.0  0.402866  1.469370  1.872236
274.5  0.406319  1.462300  1.868619
275.0  0.397156  1.475737  1.872892
275.5  0.381716  1.486404  1.868120
276.0  0.369321  1.505291  1.874612
276.5  0.367891  1.501868  1.869759
277.0  0.380922  1.492919  1.873841
277.5  0.406614  1.463647  1.870260
278.0  0.438936  1.433041  1.871977
278.5  0.469804  1.399252  1.869055
279.0  0.491487  1.378087  1.869573
279.5  0.498628  1.370386  1.869015
280.0  0.489567  1.378111  1.867679
280.5  0.466857  1.401240  1.868098
281.0  0.436972  1.432422  1.869393
281.5  0.409152  1.459835  1.868988
282.0  0.393228  1.477196  1.870424
282.5  0.396370  1.472214  1.868583
283.0  0.419635  1.450616  1.870251
283.5  0.456349  1.410971  1.867320
284.0  0.494181  1.373814  1.867996
284.5  0.520473  1.345863  1.866335
285.0  0.527842  1.339619  1.867461
285.5  0.516872  1.350673  1.867545
286.0  0.494848  1.371826  1.866674
286.5  0.471846  1.398383  1.870229
287.0  0.456433  1.409264  1.865696
287.5  0.452751  1.417815  1.870565
288.0  0.459739  1.405562  1.865301
288.5  0.472220  1.398298  1.870519
289.0  0.483055  1.381786  1.864841
289.5  0.485480  1.383112  1.868591
290.0  0.475047  1.391057  1.866105
290.5  0.450847  1.417059  1.867906
291.0  0.415950  1.452658  1.868608
291.5  0.377094  1.491162  1.868255
292.0  0.343620  1.527506  1.871126
292.5  0.325432  1.543509  1.868941
293.0  0.329857  1.540718  1.870574
293.5  0.358125  1.511583  1.869707
294.0  0.403529  1.465652  1.869181
294.5  0.453247  1.416220  1.869467
295.0  0.493590  1.372865  1.866455
295.5  0.515784  1.353719  1.869503
296.0  0.519017  1.349524  1.868541
296.5  0.509530  1.361193  1.870723
297.0  0.496919  1.373473  1.870392
297.5  0.489848  1.381509  1.871357
298.0  0.493013  1.380780  1.873793
298.5  0.506141  1.364252  1.870393
299.0  0.524834  1.350512  1.875346
299.5  0.542502  1.326951  1.869453
300.0  0.552555  1.323150  1.875704
300.5  0.550277  1.320137  1.870414
301.0  0.534068  1.342082  1.876150
301.5  0.505953  1.364864  1.870817
302.0  0.471384  1.404974  1.876358
302.5  0.438302  1.434350  1.872652
303.0  0.415250  1.460992  1.876242
303.5  0.408356  1.465562  1.873917
304.0  0.417986  1.456213  1.874199
304.5  0.437175  1.434618  1.871793
305.0  0.453802  1.416901  1.870703
305.5  0.456057  1.415803  1.871860
306.0  0.438104  1.433458  1.871562
306.5  0.402661  1.469222  1.871883
307.0  0.359480  1.512586  1.872066
307.5  0.321115  1.549779  1.870894
308.0  0.298305  1.577952  1.876256
308.5  0.296803  1.575229  1.872032
309.0  0.316374  1.559132  1.875507
309.5  0.351729  1.518886  1.870614
310.0  0.394607  1.477827  1.872434
310.5  0.436192  1.434235  1.870427
311.0  0.469243  1.399129  1.868372
311.5  0.489611  1.382621  1.872232
312.0  0.496999  1.369508  1.866507
312.5  0.494978  1.378881  1.873858
313.0  0.490214  1.375520  1.865734
313.5  0.490650  1.384025  1.874674
314.0  0.502406  1.367714  1.870119
314.5  0.526175  1.349153  1.875328
315.0  0.555328  1.315186  1.870513
315.5  0.577884  1.293508  1.871392
316.0  0.582003  1.289148  1.871152
316.5  0.561818  1.308979  1.870797
317.0  0.520179  1.352758  1.872937
317.5  0.467220  1.403950  1.871169
318.0  0.416132  1.458394  1.874526
318.5  0.378519  1.495575  1.874093
319.0  0.361149  1.513748  1.874897
319.5  0.364831  1.509162  1.873993
320.0  0.385193  1.487938  1.873131
320.5  0.414639  1.460447  1.875086
321.0  0.444710  1.428448  1.873158
321.5  0.468239  1.406439  1.874678
322.0  0.480905  1.393475  1.874380
322.5  0.482033  1.393017  1.875050
323.0  0.474657  1.400001  1.874658
323.5  0.464892  1.408179  1.873071
324.0  0.460303  1.409154  1.869457
324.5  0.466891  1.397590  1.864481
325.0  0.485376  1.373231  1.858607
325.5  0.509149  1.339940  1.849089
326.0  0.526313  1.312350  1.838663
326.5  0.525452  1.305517  1.830969
327.0  0.501649  1.323239  1.824888
327.5  0.459104  1.360633  1.819737
328.0  0.409270  1.405595  1.814865
328.5  0.366159  1.446182  1.812341
329.0  0.341373  1.469459  1.810832
329.5  0.340767  1.469314  1.810081
330.0  0.363442  1.446562  1.810004
330.5  0.402800  1.407707  1.810506
331.0  0.448860  1.361566  1.810426
331.5  0.490996  1.317921  1.808917
332.0  0.520405  1.285672  1.806077
332.5  0.531846  1.273912  1.805758
333.0  0.524511  1.280364  1.804874
333.5  0.502121  1.301417  1.803539
334.0  0.472352  1.327903  1.800255
334.5  0.445188  1.354379  1.799567
335.0  0.429652  1.369247  1.798899
335.5  0.429486  1.368361  1.797847
336.0  0.440416  1.356315  1.796731
336.5  0.451727  1.347477  1.799203
337.0  0.451961  1.349781  1.801742
337.5  0.435161  1.371567  1.806728
338.0  0.403799  1.409931  1.813730
338.5  0.367255  1.453058  1.820313
339.0  0.337480  1.488804  1.826284
339.5  0.324392  1.507921  1.832313
340.0  0.332811  1.504844  1.837656
340.5  0.361581  1.478284  1.839864
341.0  0.404542  1.436640  1.841182
341.5  0.452649  1.387323  1.839971
342.0  0.496417  1.341015  1.837432
342.5  0.528084  1.306749  1.834833
343.0  0.543046  1.288965  1.832011
343.5  0.540503  1.290491  1.830994
344.0  0.523526  1.306962  1.830488
344.5  0.498728  1.330340  1.829067
345.0  0.475120  1.355178  1.830298
345.5  0.461348  1.371827  1.833175
346.0  0.461615  1.373774  1.835388
346.5  0.472742  1.363771  1.836513
347.0  0.485262  1.351473  1.836735
347.5  0.488640  1.348424  1.837064
348.0  0.477278  1.360293  1.837570
348.5  0.453435  1.383448  1.836883
349.0  0.425826  1.408847  1.834672
349.5  0.405412  1.426698  1.832110
350.0  0.400938  1.426587  1.827525
350.5  0.416017  1.404971  1.820988
351.0  0.448386  1.366361  1.814747
351.5  0.491018  1.317985  1.809002
352.0  0.534318  1.268536  1.802854
352.5  0.568642  1.227800  1.796442
353.0  0.586479  1.204330  1.790808
353.5  0.583887  1.203495  1.787382
354.0  0.561065  1.225089  1.786154
354.5  0.522283  1.262856  1.785140
355.0  0.475421  1.309351  1.784771
355.5  0.430738  1.354191  1.784929
356.0  0.398084  1.387631  1.785715
356.5  0.382736  1.404077  1.786813
357.0  0.382258  1.403876  1.786134
357.5  0.387396  1.398713  1.786109
358.0  0.387277  1.397228  1.784505
358.5  0.375575  1.407286  1.782861
359.0  0.353661  1.426423  1.780084
359.5  0.329368  1.448859  1.778227
360.0  0.312934  1.464120  1.777054
360.5  0.312647  1.463182  1.775828
361.0  0.332026  1.443141  1.775167
361.5  0.369091  1.406066  1.775157
362.0  0.417375  1.358861  1.776236
362.5  0.467963  1.310853  1.778816
363.0  0.511816  1.270021  1.781837
363.5  0.541795  1.243963  1.785759
364.0  0.554002  1.236064  1.790066
364.5  0.548364  1.246457  1.794821
365.0  0.528694  1.269699  1.798393
365.5  0.502383  1.299830  1.802213
366.0  0.479231  1.324456  1.803687
366.5  0.468518  1.336935  1.805453
367.0  0.474605  1.330078  1.804683
367.5  0.493675  1.309471  1.803145
368.0  0.514774  1.286665  1.801438
368.5  0.525366  1.274295  1.799661
369.0  0.517835  1.280252  1.798087
369.5  0.492811  1.305350  1.798161
370.0  0.457990  1.339223  1.797213
370.5  0.424063  1.374382  1.798445
371.0  0.400369  1.399578  1.799947
371.5  0.392030  1.408522  1.800553
372.0  0.399067  1.402014  1.801080
372.5  0.417136  1.385922  1.803058
373.0  0.439239  1.364882  1.804121
373.5  0.457773  1.344390  1.802163
374.0  0.466437  1.333954  1.800391
374.5  0.461639  1.336067  1.797706
375.0  0.443297  1.351264  1.794561
375.5  0.415185  1.375937  1.791122
376.0  0.384896  1.402619  1.787515
376.5  0.362815  1.421682  1.784496
377.0  0.359010  1.422912  1.781922
377.5  0.378302  1.400777  1.779079
378.0  0.416373  1.359750  1.776123
378.5  0.460624  1.312188  1.772811
379.0  0.496185  1.275056  1.771240
379.5  0.513198  1.257516  1.770714
380.0  0.510686  1.260267  1.770953
380.5  0.495459  1.276195  1.771654
381.0  0.477886  1.293860  1.771746
381.5  0.467351  1.305528  1.772879
382.0  0.469271  1.304456  1.773727
382.5  0.484119  1.290024  1.774143
383.0  0.508015  1.266416  1.774432
383.5  0.534237  1.239115  1.773352
384.0  0.555050  1.217295  1.772345
384.5  0.563498  1.209740  1.773239
385.0  0.554898  1.218748  1.773647
385.5  0.528019  1.245055  1.773073
386.0  0.486054  1.287810  1.773864
386.5  0.437177  1.337965  1.775142
387.0  0.393596  1.382736  1.776331
387.5  0.367772  1.409910  1.777682
388.0  0.366320  1.412683  1.779003
388.5  0.385323  1.394966  1.780289
389.0  0.411358  1.371171  1.782529
389.5  0.428453  1.355063  1.783516
390.0  0.426253  1.359772  1.786025
390.5  0.404194  1.384229  1.788424
391.0  0.370204  1.419905  1.790109
391.5  0.336106  1.455810  1.791916
392.0  0.312830  1.479778  1.792608
392.5  0.307298  1.483615  1.790914
393.0  0.321357  1.468758  1.790115
393.5  0.352219  1.436056  1.788274
394.0  0.393742  1.392536  1.786279
394.5  0.438024  1.347603  1.785627
395.0  0.477004  1.308130  1.785134
395.5  0.503973  1.281331  1.785304
396.0  0.515022  1.270100  1.785122
396.5  0.510582  1.275498  1.786080
397.0  0.496667  1.291592  1.788259
397.5  0.484423  1.304613  1.789037
398.0  0.486261  1.303047  1.789308
398.5  0.509050  1.279631  1.788681
399.0  0.548575  1.238612  1.787187
399.5  0.590233  1.194285  1.784518
400.0  0.616413  1.164675  1.781087
400.5  0.615419  1.164382  1.779801
401.0  0.586192  1.193330  1.779522
401.5  0.537137  1.240875  1.778013
402.0  0.481381  1.294471  1.775852
402.5  0.431721  1.343901  1.775622
403.0  0.397232  1.378382  1.775614
403.5  0.381907  1.391528  1.773435
404.0  0.384828  1.388282  1.773110
404.5  0.401226  1.372782  1.774008
405.0  0.423949  1.349467  1.773415
405.5  0.445051  1.327386  1.772437
406.0  0.457369  1.316079  1.773447
406.5  0.456136  1.319011  1.775146
407.0  0.440777  1.336654  1.777431
407.5  0.416487  1.362892  1.779379
408.0  0.394107  1.386677  1.780784
408.5  0.386417  1.394987  1.781404
409.0  0.401165  1.379572  1.780737
409.5  0.435090  1.343850  1.778940
410.0  0.474230  1.302307  1.776537
410.5  0.501205  1.274368  1.775573
411.0  0.504321  1.271606  1.775928
411.5  0.482465  1.294044  1.776509
412.0  0.443946  1.335481  1.779427
412.5  0.401663  1.380260  1.781923
413.0  0.367968  1.416508  1.784476
413.5  0.351274  1.436202  1.787477
414.0  0.354772  1.435956  1.790728
414.5  0.376711  1.415788  1.792499
415.0  0.411559  1.381609  1.793168
415.5  0.451536  1.342417  1.793953
416.0  0.488199  1.306681  1.794879
416.5  0.513970  1.281401  1.795371
417.0  0.523711  1.270603  1.794314
417.5  0.516509  1.277075  1.793584
418.0  0.497319  1.296204  1.793523
418.5  0.476865  1.318007  1.794872
419.0  0.467886  1.326429  1.794314
419.5  0.478131  1.315177  1.793308
420.0  0.504484  1.286695  1.791179
420.5  0.533442  1.254282  1.787724
421.0  0.548462  1.237343  1.785805
421.5  0.538891  1.247336  1.786228
422.0  0.504588  1.284296  1.788884
422.5  0.454584  1.334971  1.789555
423.0  0.402217  1.387371  1.789588
423.5  0.360059  1.429561  1.789620
424.0  0.336571  1.453193  1.789763
424.5  0.334824  1.452920  1.787744
425.0  0.352768  1.432432  1.785200
425.5  0.384412  1.398220  1.782632
426.0  0.421431  1.358801  1.780232
426.5  0.454898  1.323230  1.778127
427.0  0.476941  1.299513  1.776455
427.5  0.482403  1.294172  1.776575
428.0  0.470608  1.307171  1.777779
428.5  0.446886  1.331564  1.778450
429.0  0.422295  1.356582  1.778877
429.5  0.409761  1.369762  1.779524
430.0  0.417197  1.363136  1.780333
430.5  0.441956  1.337564  1.779520
431.0  0.471575  1.307673  1.779248
431.5  0.490975  1.289374  1.780350
432.0  0.490883  1.289978  1.780861
432.5  0.471901  1.308526  1.780427
433.0  0.442869  1.337558  1.780427
433.5  0.416005  1.365139  1.781144
434.0  0.402039  1.379850  1.781890
434.5  0.407174  1.374891  1.782066
435.0  0.432139  1.348473  1.780612
435.5  0.472765  1.307126  1.779891
436.0  0.521397  1.258712  1.780109
436.5  0.568631  1.211227  1.779858
437.0  0.605032  1.174948  1.779980
437.5  0.622734  1.157917  1.780651
438.0  0.617011  1.166398  1.783409
438.5  0.588008  1.197006  1.785013
439.0  0.542139  1.242772  1.784911
439.5  0.491544  1.297018  1.788562
440.0  0.449960  1.339992  1.789952
440.5  0.425924  1.363727  1.789652
441.0  0.417728  1.371311  1.789039
441.5  0.414573  1.373540  1.788113
442.0  0.403594  1.383200  1.786794
442.5  0.377592  1.408800  1.786392
443.0  0.338482  1.447806  1.786288
443.5  0.295488  1.489607  1.785095
444.0  0.260497  1.525536  1.786032
444.5  0.243525  1.543697  1.787223
445.0  0.249955  1.536774  1.786729
445.5  0.279761  1.507319  1.787080
446.0  0.328224  1.459762  1.787986
446.5  0.387460  1.400412  1.787872
447.0  0.448208  1.338965  1.787173
447.5  0.501491  1.284984  1.786475
448.0  0.539968  1.246056  1.786024
448.5  0.559164  1.226047  1.785211
449.0  0.558848  1.224853  1.783702
449.5  0.544229  1.239563  1.783792
450.0  0.525477  1.257790  1.783267
450.5  0.514039  1.267354  1.781393
451.0  0.516584  1.263202  1.779786
451.5  0.530590  1.248860  1.779450
452.0  0.545540  1.232603  1.778143
452.5  0.549303  1.227842  1.777145
453.0  0.535065  1.242160  1.777225
453.5  0.504375  1.274641  1.779016
454.0  0.465466  1.315824  1.781290
454.5  0.429032  1.353095  1.782128
455.0  0.404113  1.377825  1.781938
455.5  0.395589  1.387231  1.782820
456.0  0.403520  1.380607  1.784126
456.5  0.423866  1.359890  1.783756
457.0  0.449999  1.331921  1.781920
457.5  0.474460  1.307371  1.781831
458.0  0.490560  1.289584  1.780144
458.5  0.493611  1.285424  1.779036
459.0  0.481892  1.299137  1.781030
459.5  0.457619  1.324406  1.782025
460.0  0.427580  1.355113  1.782693
460.5  0.402157  1.381527  1.783685
461.0  0.391574  1.394991  1.786565
461.5  0.400477  1.390036  1.790513
462.0  0.424594  1.368459  1.793053
462.5  0.452617  1.341483  1.794100
463.0  0.472377  1.323764  1.796141
463.5  0.476992  1.321414  1.798406
464.0  0.467263  1.333302  1.800565
464.5  0.449924  1.351963  1.801887
465.0  0.433787  1.368610  1.802396
465.5  0.426107  1.375775  1.801882
466.0  0.430416  1.370747  1.801163
466.5  0.446002  1.355589  1.801591
467.0  0.468661  1.333752  1.802413
467.5  0.492193  1.310585  1.802778
468.0  0.510122  1.293807  1.803929
468.5  0.517181  1.289031  1.806211
469.0  0.510293  1.298219  1.808511
469.5  0.489209  1.320702  1.809911
470.0  0.457154  1.354487  1.811642
470.5  0.421305  1.392310  1.813615
471.0  0.391893  1.423186  1.815079
471.5  0.378724  1.436123  1.814847
472.0  0.386059  1.427058  1.813117
472.5  0.409397  1.402528  1.811925
473.0  0.437256  1.371132  1.808388
473.5  0.457178  1.347438  1.804616
474.0  0.461793  1.340656  1.802449
474.5  0.451315  1.348582  1.799897
475.0  0.431981  1.364769  1.796750
475.5  0.412382  1.383088  1.795470
476.0  0.399940  1.396202  1.796143
476.5  0.398755  1.398252  1.797007
477.0  0.409003  1.388127  1.797130
477.5  0.427535  1.368437  1.795972
478.0  0.449189  1.347531  1.796720
478.5  0.468348  1.329956  1.798304
479.0  0.480297  1.317093  1.797389
479.5  0.482101  1.313903  1.796004
480.0  0.473162  1.320890  1.794053
480.5  0.455820  1.337824  1.793645
481.0  0.435905  1.356695  1.792600
481.5  0.422072  1.369022  1.791094
482.0  0.422681  1.367101  1.789781
482.5  0.441014  1.347672  1.788686
483.0  0.472173  1.315708  1.787882
483.5  0.504710  1.283531  1.788241
484.0  0.526356  1.263074  1.789429
484.5  0.529917  1.262567  1.792484
485.0  0.515788  1.281124  1.796912
485.5  0.490521  1.309837  1.800359
486.0  0.463286  1.341146  1.804432
486.5  0.442360  1.367805  1.810165
487.0  0.432870  1.379217  1.812087
487.5  0.435996  1.377497  1.813493
488.0  0.449365  1.365368  1.814733
488.5  0.468213  1.346032  1.814246
489.0  0.486879  1.327261  1.814140
489.5  0.500162  1.313529  1.813691
490.0  0.504266  1.308882  1.813149
490.5  0.497486  1.316672  1.814158
491.0  0.481015  1.333637  1.814652
491.5  0.459726  1.354583  1.814309
492.0  0.441656  1.373996  1.815652
492.5  0.434932  1.383156  1.818088
493.0  0.442990  1.376966  1.819956
493.5  0.461468  1.361258  1.822725
494.0  0.479757  1.345361  1.825118
494.5  0.486548  1.340796  1.827343
495.0  0.475484  1.355135  1.830619
495.5  0.447538  1.384270  1.831808
496.0  0.409624  1.421726  1.831349
496.5  0.371221  1.459280  1.830501
497.0  0.341063  1.487318  1.828380
497.5  0.324977  1.499487  1.824464
498.0  0.325062  1.494921  1.819983
498.5  0.339925  1.475352  1.815277
499.0  0.365655  1.445281  1.810936
499.5  0.397116  1.410987  1.808103
500.0  0.429120  1.376232  1.805352
500.5  0.457180  1.346179  1.803359
501.0  0.478042  1.325198  1.803240
501.5  0.490524  1.313140  1.803664
502.0  0.496646  1.307076  1.803722
502.5  0.501831  1.303011  1.804843
503.0  0.512589  1.292358  1.804947
503.5  0.532058  1.274356  1.806414
504.0  0.556542  1.248381  1.804923
504.5  0.576315  1.229158  1.805473
505.0  0.580604  1.224062  1.804666
505.5  0.563225  1.243219  1.806444
506.0  0.525308  1.279569  1.804877
506.5  0.474293  1.332164  1.806457
507.0  0.420704  1.385173  1.805877
507.5  0.374706  1.432567  1.807273
508.0  0.343600  1.464819  1.808418
508.5  0.330585  1.476874  1.807459
509.0  0.334702  1.473801  1.808503
509.5  0.351784  1.453036  1.804819
510.0  0.376052  1.431657  1.807709
510.5  0.401767  1.401801  1.803568
511.0  0.424368  1.383545  1.807913
511.5  0.441035  1.364299  1.805334
512.0  0.451197  1.357984  1.809180
512.5  0.457208  1.347970  1.805177
513.0  0.464276  1.343234  1.807511
513.5  0.478273  1.328285  1.806558
514.0  0.501685  1.305517  1.807202
514.5  0.530572  1.275690  1.806261
515.0  0.555512  1.249491  1.805004
515.5  0.566368  1.238072  1.804440
516.0  0.557494  1.246586  1.804080
516.5  0.530114  1.273690  1.803804
517.0  0.491200  1.312329  1.803529
517.5  0.450395  1.352496  1.802891
518.0  0.416844  1.384735  1.801579
518.5  0.396956  1.402911  1.799867
519.0  0.393293  1.404845  1.798138
519.5  0.404468  1.390855  1.795322
520.0  0.425939  1.367570  1.793509
520.5  0.451460  1.341685  1.793145
521.0  0.474679  1.317578  1.792256
521.5  0.490339  1.302024  1.792363
522.0  0.494993  1.299170  1.794162
522.5  0.487693  1.309447  1.797139
523.0  0.470922  1.330573  1.801495
523.5  0.450846  1.356287  1.807133
524.0  0.435341  1.375453  1.810794
524.5  0.429752  1.385368  1.815120
525.0  0.433139  1.385794  1.818933
525.5  0.438340  1.379787  1.818127
526.0  0.436247  1.382369  1.818616
526.5  0.421150  1.396422  1.817572
527.0  0.393599  1.423988  1.817587
527.5  0.359743  1.458051  1.817794
528.0  0.328479  1.488830  1.817309
528.5  0.308342  1.509478  1.817820
529.0  0.305234  1.512476  1.817710
529.5  0.321266  1.496771  1.818036
530.0  0.354597  1.465491  1.820088
530.5  0.400153  1.422553  1.822706
531.0  0.450986  1.375424  1.826410
531.5  0.499821  1.329280  1.829101
532.0  0.540251  1.290738  1.830989
532.5  0.567517  1.265113  1.832630
533.0  0.579346  1.253487  1.832833
533.5  0.577082  1.256404  1.833486
534.0  0.566168  1.265771  1.831939
534.5  0.554341  1.275827  1.830168
535.0  0.547461  1.279426  1.826887
535.5  0.545675  1.276661  1.822335
536.0  0.543256  1.274306  1.817562
536.5  0.532548  1.283051  1.815599
537.0  0.508951  1.302661  1.811612
537.5  0.473517  1.333456  1.806973
538.0  0.432202  1.371856  1.804058
538.5  0.393154  1.407104  1.800258
539.0  0.363910  1.435457  1.799367
539.5  0.349509  1.447837  1.797346
540.0  0.351659  1.444556  1.796215
540.5  0.368727  1.426755  1.795482
541.0  0.396368  1.398249  1.794617
541.5  0.428628  1.364582  1.793210
542.0  0.459169  1.333089  1.792259
542.5  0.482265  1.309903  1.792168
543.0  0.493595  1.296360  1.789955
543.5  0.491317  1.296409  1.787726
544.0  0.477517  1.308935  1.786452
544.5  0.458858  1.326280  1.785138
545.0  0.444579  1.337964  1.782543
545.5  0.441764  1.339495  1.781259
546.0  0.450849  1.328849  1.779697
546.5  0.465160  1.313857  1.779017
547.0  0.475104  1.303466  1.778570
547.5  0.473762  1.306728  1.780490
548.0  0.460065  1.323858  1.783923
548.5  0.438353  1.350304  1.788657
549.0  0.415709  1.377451  1.793160
549.5  0.399066  1.397653  1.796720
550.0  0.393241  1.406091  1.799332
550.5  0.400051  1.401825  1.801876
551.0  0.418296  1.384798  1.803094
551.5  0.444355  1.359340  1.803694
552.0  0.473167  1.330438  1.803605
552.5  0.499242  1.302257  1.801499
553.0  0.517408  1.283194  1.800601
553.5  0.523427  1.276787  1.800214
554.0  0.515107  1.284244  1.799351
554.5  0.494047  1.305597  1.799644
555.0  0.466750  1.336990  1.803740
555.5  0.443000  1.362177  1.805177
556.0  0.431077  1.373191  1.804268
556.5  0.432767  1.372838  1.805605
557.0  0.442231  1.365873  1.808104
557.5  0.449841  1.357168  1.807009
558.0  0.447879  1.359586  1.807465
558.5  0.434124  1.374101  1.808225
559.0  0.411843  1.396206  1.808049
559.5  0.387439  1.420251  1.807690
560.0  0.367730  1.437371  1.805100
560.5  0.357982  1.444136  1.802118
561.0  0.360861  1.439418  1.800279
561.5  0.376101  1.420751  1.796852
562.0  0.400743  1.390877  1.791620
562.5  0.429879  1.359430  1.789309
563.0  0.457674  1.327879  1.785553
563.5  0.478378  1.303821  1.782199
564.0  0.487370  1.292927  1.780297
564.5  0.482625  1.295279  1.777904
565.0  0.466612  1.310820  1.777432
565.5  0.447238  1.330628  1.777866
566.0  0.435761  1.342415  1.778176
566.5  0.441340  1.336447  1.777787
567.0  0.465414  1.312656  1.778070
567.5  0.500373  1.277259  1.777632
568.0  0.533779  1.242628  1.776407
568.5  0.554846  1.219687  1.774532
569.0  0.558759  1.215097  1.773856
569.5  0.547125  1.226805  1.773930
570.0  0.525750  1.246545  1.772295
570.5  0.501846  1.269939  1.771785
571.0  0.481875  1.289878  1.771753
571.5  0.470240  1.300438  1.770677
572.0  0.468632  1.303047  1.771679
572.5  0.475908  1.297905  1.773814
573.0  0.488442  1.285039  1.773482
573.5  0.500841  1.272716  1.773557
574.0  0.506848  1.269162  1.776010
574.5  0.500588  1.276304  1.776893
575.0  0.478563  1.298973  1.777536
575.5  0.442263  1.338826  1.781089
576.0  0.399837  1.383101  1.782937
576.5  0.364361  1.417356  1.781718
577.0  0.347978  1.433931  1.781909
577.5  0.355040  1.427194  1.782235
578.0  0.379390  1.401101  1.780491
578.5  0.407995  1.372190  1.780185
579.0  0.427974  1.352780  1.780754
579.5  0.432098  1.350596  1.782694
580.0  0.420225  1.363515  1.783739
580.5  0.397550  1.385483  1.783033
581.0  0.371795  1.411527  1.783322
581.5  0.350783  1.431506  1.782289
582.0  0.340765  1.443836  1.784602
582.5  0.345380  1.438677  1.784057
583.0  0.365123  1.419722  1.784846
583.5  0.397320  1.386966  1.784287
584.0  0.436489  1.345885  1.782374
584.5  0.475072  1.307609  1.782681
585.0  0.504810  1.275850  1.780660
585.5  0.519242  1.262423  1.781666
586.0  0.517088  1.262874  1.779962
586.5  0.504637  1.278035  1.782672
587.0  0.494298  1.287413  1.781712
587.5  0.498399  1.285681  1.784080
588.0  0.521571  1.261261  1.782832
588.5  0.557390  1.224570  1.781959
589.0  0.591906  1.188140  1.780046
589.5  0.611050  1.169159  1.780209
590.0  0.606636  1.173518  1.780154
590.5  0.578168  1.202849  1.781017
591.0  0.531270  1.250798  1.782068
591.5  0.474934  1.307357  1.782291
592.0  0.419047  1.362246  1.781293
592.5  0.372502  1.408641  1.781142
593.0  0.341764  1.437290  1.779054
593.5  0.329845  1.450677  1.780522
594.0  0.335793  1.442988  1.778781
594.5  0.354808  1.424684  1.779491
595.0  0.379064  1.397101  1.776165
595.5  0.399487  1.378787  1.778273
596.0  0.408768  1.368252  1.777020
596.5  0.405104  1.374039  1.779143
597.0  0.394576  1.384318  1.778894
597.5  0.389438  1.389388  1.778825
598.0  0.401668  1.377987  1.779655
598.5  0.435363  1.344160  1.779523
599.0  0.483585  1.295852  1.779436
599.5  0.532037  1.245497  1.777534
600.0  0.566468  1.212176  1.778645
600.5  0.578538  1.197032  1.775570
601.0  0.567511  1.209234  1.776745
601.5  0.538630  1.241474  1.780103
602.0  0.500358  1.280293  1.780651
602.5  0.461912  1.316880  1.778791
603.0  0.431419  1.347831  1.779250
603.5  0.414566  1.366268  1.780834
604.0  0.413661  1.367920  1.781581
604.5  0.427189  1.351986  1.779175
605.0  0.449911  1.329619  1.779529
605.5  0.473589  1.305520  1.779109
606.0  0.488720  1.290952  1.779672
606.5  0.487631  1.290034  1.777665
607.0  0.468469  1.309544  1.778013
607.5  0.437873  1.340996  1.778869
608.0  0.409360  1.370196  1.779556
608.5  0.396626  1.383099  1.779724
609.0  0.405444  1.373676  1.779120
609.5  0.430075  1.348019  1.778094
610.0  0.456852  1.319789  1.776642
610.5  0.471796  1.306539  1.778336
611.0  0.466828  1.310463  1.777291
611.5  0.441749  1.338016  1.779766
612.0  0.402759  1.375410  1.778170
612.5  0.359655  1.421790  1.781446
613.0  0.323116  1.458298  1.781414
613.5  0.302434  1.479629  1.782063
614.0  0.303678  1.478117  1.781795
614.5  0.328434  1.453962  1.782396
615.0  0.373344  1.408697  1.782041
615.5  0.430552  1.351050  1.781602
616.0  0.489018  1.292636  1.781654
616.5  0.536846  1.245712  1.782558
617.0  0.564735  1.216137  1.780872
617.5  0.569873  1.211826  1.781700
618.0  0.558109  1.224125  1.782234
618.5  0.541865  1.244231  1.786095
619.0  0.533597  1.249823  1.783420
619.5  0.538605  1.245842  1.784447
620.0  0.552364  1.228342  1.780706
620.5  0.564110  1.217761  1.781871
621.0  0.563413  1.215534  1.778946
621.5  0.545062  1.235909  1.780970
622.0  0.510245  1.270070  1.780315
622.5  0.465001  1.316152  1.781153
623.0  0.417845  1.364614  1.782458
623.5  0.377645  1.403932  1.781577
624.0  0.351930  1.430666  1.782596
624.5  0.345497  1.437776  1.783273
625.0  0.359405  1.424017  1.783422
625.5  0.390533  1.391309  1.781842
626.0  0.431836  1.349200  1.781036
626.5  0.473387  1.307287  1.780675
627.0  0.504487  1.274410  1.778897
627.5  0.516981  1.262440  1.779421
628.0  0.509004  1.270860  1.779864
628.5  0.486883  1.294559  1.781443
629.0  0.462808  1.320033  1.782841
629.5  0.448450  1.335146  1.783596
630.0  0.448386  1.337481  1.785866
630.5  0.458066  1.325510  1.783576
631.0  0.467470  1.318230  1.785700
631.5  0.467151  1.314954  1.782105
632.0  0.452512  1.330404  1.782916
632.5  0.424714  1.356470  1.781184
633.0  0.389249  1.394377  1.783626
633.5  0.353833  1.430427  1.784260
634.0  0.326505  1.457686  1.784192
634.5  0.313991  1.470204  1.784195
635.0  0.320298  1.463714  1.784012
635.5  0.345688  1.439518  1.785205
636.0  0.386314  1.396651  1.782965
636.5  0.434654  1.347681  1.782335
637.0  0.480805  1.301483  1.782287
637.5  0.514816  1.266652  1.781468
638.0  0.530032  1.252494  1.782526
638.5  0.526399  1.257161  1.783560
639.0  0.511420  1.273725  1.785145
639.5  0.496865  1.288594  1.785459
640.0  0.492292  1.292838  1.785131
640.5  0.499671  1.286331  1.786001
641.0  0.513044  1.273986  1.787030
641.5  0.523021  1.264010  1.787031
642.0  0.522230  1.263472  1.785701
642.5  0.508233  1.278339  1.786572
643.0  0.483311  1.302561  1.785873
643.5  0.452672  1.334943  1.787614
644.0  0.422621  1.364853  1.787474
644.5  0.399253  1.391856  1.791109
645.0  0.387417  1.402576  1.789993
645.5  0.389711  1.401416  1.791127
646.0  0.405612  1.382519  1.788131
646.5  0.431066  1.355995  1.787060
647.0  0.458871  1.325642  1.784513
647.5  0.480103  1.304276  1.784379
648.0  0.486759  1.298068  1.784827
648.5  0.475321  1.310153  1.785474
649.0  0.449716  1.337553  1.787269
649.5  0.421147  1.366627  1.787774
650.0  0.403360  1.383848  1.787208
650.5  0.405397  1.381353  1.786750
651.0  0.426752  1.359697  1.786449
651.5  0.458410  1.328162  1.786572
652.0  0.488467  1.295332  1.783799
652.5  0.507904  1.276931  1.784835
653.0  0.513206  1.272745  1.785951
653.5  0.505803  1.282203  1.788007
654.0  0.490135  1.297451  1.787586
654.5  0.471867  1.315395  1.787261
655.0  0.456654  1.332560  1.789213
655.5  0.449155  1.338430  1.787585
656.0  0.452009  1.335402  1.787411
656.5  0.464898  1.321269  1.786166
657.0  0.484068  1.304246  1.788314
657.5  0.502653  1.282826  1.785479
658.0  0.512078  1.275372  1.787450
658.5  0.504766  1.281321  1.786087
659.0  0.477820  1.309939  1.787759
659.5  0.436083  1.352075  1.788158
660.0  0.391915  1.397367  1.789282
660.5  0.360194  1.432172  1.792365
661.0  0.350716  1.441275  1.791990
661.5  0.363161  1.428713  1.791875
662.0  0.388258  1.401217  1.789476
662.5  0.413721  1.375010  1.788731
663.0  0.430267  1.357646  1.787913
663.5  0.434307  1.355552  1.789859
664.0  0.427317  1.364640  1.791958
664.5  0.413810  1.378908  1.792719
665.0  0.399506  1.393495  1.793001
665.5  0.390096  1.405423  1.795519
666.0  0.390270  1.407003  1.797272
666.5  0.402682  1.394245  1.796927
667.0  0.426982  1.371447  1.798429
667.5  0.459282  1.340153  1.799436
668.0  0.492470  1.305685  1.798154
668.5  0.517686  1.278937  1.796623
669.0  0.527155  1.270294  1.797449
669.5  0.517947  1.279027  1.796973
670.0  0.494926  1.303657  1.798583
670.5  0.470267  1.326829  1.797096
671.0  0.458155  1.343339  1.801494
671.5  0.467098  1.331778  1.798876
672.0  0.495046  1.304756  1.799802
672.5  0.530855  1.267077  1.797932
673.0  0.560543  1.238503  1.799046
673.5  0.573574  1.224056  1.797630
674.0  0.565787  1.231833  1.797620
674.5  0.538923  1.257636  1.796559
675.0  0.498622  1.300123  1.798745
675.5  0.452461  1.347502  1.799962
676.0  0.408468  1.392428  1.800896
676.5  0.373874  1.426200  1.800074
677.0  0.353855  1.446518  1.800373
677.5  0.350382  1.449398  1.799780
678.0  0.361503  1.439127  1.800630
678.5  0.381409  1.417366  1.798775
679.0  0.401655  1.399017  1.800672
679.5  0.413848  1.385257  1.799105
680.0  0.413498  1.388533  1.802031
680.5  0.403387  1.398695  1.802083
681.0  0.393678  1.408701  1.802380
681.5  0.397131  1.408462  1.805593
682.0  0.421519  1.380699  1.802218
682.5  0.464473  1.338966  1.803440
683.0  0.514573  1.286279  1.800852
683.5  0.557471  1.246634  1.804104
684.0  0.582289  1.218677  1.800966
684.5  0.584676  1.219489  1.804165
685.0  0.566318  1.235374  1.801692
685.5  0.532804  1.271393  1.804197
686.0  0.491551  1.315281  1.806832
686.5  0.450323  1.356329  1.806653
687.0  0.416117  1.390707  1.806824
687.5  0.394080  1.413071  1.807151
688.0  0.386442  1.421686  1.808128
688.5  0.391738  1.417183  1.808921
689.0  0.404734  1.404928  1.809663
689.5  0.417538  1.391311  1.808849
690.0  0.422265  1.388204  1.810469
690.5  0.414927  1.397462  1.812389
691.0  0.398751  1.416922  1.815674
691.5  0.384098  1.435147  1.819245
692.0  0.383441  1.439691  1.823132
692.5  0.403731  1.422227  1.825958
693.0  0.441481  1.386344  1.827826
693.5  0.484362  1.345816  1.830178
694.0  0.517758  1.314347  1.832104
694.5  0.531353  1.301657  1.833011
695.0  0.522107  1.310674  1.832780
695.5  0.493520  1.339597  1.833116
696.0  0.453195  1.378706  1.831902
696.5  0.410411  1.420555  1.830966
697.0  0.374298  1.454054  1.828352
697.5  0.352417  1.472951  1.825368
698.0  0.349485  1.473661  1.823146
698.5  0.366276  1.454781  1.821057
699.0  0.399009  1.420643  1.819652
699.5  0.439633  1.378801  1.818434
700.0  0.477459  1.341040  1.818499
700.5  0.502406  1.316612  1.819018
701.0  0.509316  1.310797  1.820113
701.5  0.501371  1.321748  1.823119
702.0  0.489721  1.335996  1.825717
702.5  0.487963  1.337667  1.825630
703.0  0.504085  1.320409  1.824494
703.5  0.535420  1.285843  1.821263
704.0  0.570290  1.247290  1.817580
704.5  0.594653  1.220249  1.814902
705.0  0.598662  1.213120  1.811782
705.5  0.579555  1.228570  1.808126
706.0  0.540889  1.262890  1.803779
706.5  0.490133  1.311291  1.801424
707.0  0.436389  1.364959  1.801348
707.5  0.388719  1.410453  1.799171
708.0  0.354851  1.443433  1.798284
708.5  0.339916  1.458668  1.798583
709.0  0.345249  1.454571  1.799820
709.5  0.367596  1.433245  1.800840
710.0  0.399204  1.402017  1.801222
710.5  0.429318  1.374012  1.803329
711.0  0.447373  1.358115  1.805488
711.5  0.447426  1.361813  1.809240
712.0  0.431865  1.378190  1.810055
712.5  0.411454  1.399420  1.810874
713.0  0.400131  1.413131  1.813262
713.5  0.406880  1.405236  1.812116
714.0  0.430258  1.380029  1.810287
714.5  0.459590  1.350612  1.810203
715.0  0.481461  1.329998  1.811459
715.5  0.486433  1.327020  1.813453
716.0  0.472134  1.345448  1.817582
716.5  0.442534  1.379760  1.822294
717.0  0.405429  1.423150  1.828579
717.5  0.369946  1.465372  1.835318
718.0  0.344714  1.496689  1.841404
718.5  0.336491  1.512630  1.849120
719.0  0.348968  1.506891  1.855858
719.5  0.381759  1.478636  1.860395
720.0  0.429848  1.433734  1.863583
720.5  0.483915  1.383100  1.867015
721.0  0.532017  1.336059  1.868076
721.5  0.562922  1.303927  1.866849
722.0  0.570575  1.295536  1.866111
722.5  0.557719  1.307635  1.865353
723.0  0.535761  1.329924  1.865685
723.5  0.519381  1.343805  1.863186
724.0  0.518338  1.342676  1.861014
724.5  0.532003  1.328787  1.860790
725.0  0.550516  1.308542  1.859058
725.5  0.561119  1.294104  1.855223
726.0  0.554673  1.300904  1.855577
726.5  0.528663  1.328290  1.856953
727.0  0.486569  1.371272  1.857841
727.5  0.435587  1.426270  1.861857
728.0  0.384427  1.477284  1.861711
728.5  0.341706  1.520918  1.862624
729.0  0.314670  1.547547  1.862217
729.5  0.307919  1.550485  1.858405
730.0  0.322186  1.532842  1.855028
730.5  0.353535  1.495870  1.849406
731.0  0.393495  1.449081  1.842576
731.5  0.430621  1.404134  1.834755
732.0  0.453801  1.374983  1.828784
732.5  0.456814  1.366974  1.823788
733.0  0.442250  1.378211  1.820461
733.5  0.421823  1.398734  1.820557
734.0  0.411256  1.409608  1.820864
734.5  0.421797  1.400313  1.822110
735.0  0.453867  1.370008  1.823875
735.5  0.497383  1.328804  1.826187
736.0  0.537933  1.289941  1.827874
736.5  0.563855  1.265193  1.829049
737.0  0.569980  1.260159  1.830139
737.5  0.557486  1.272422  1.829908
738.0  0.531775  1.298975  1.830750
738.5  0.500257  1.330362  1.830620
739.0  0.470727  1.359050  1.829777
739.5  0.450084  1.379924  1.830009
740.0  0.443010  1.387998  1.831008
740.5  0.450560  1.380993  1.831554
741.0  0.469094  1.364014  1.833108
741.5  0.490188  1.345366  1.835553
742.0  0.502245  1.338136  1.840381
742.5  0.494168  1.350845  1.845013
743.0  0.460510  1.390921  1.851431
743.5  0.405936  1.452393  1.858329
744.0  0.345656  1.520214  1.865870
744.5  0.299719  1.572415  1.872134
745.0  0.283258  1.594916  1.878174
745.5  0.298863  1.584221  1.883084
746.0  0.336400  1.548782  1.885182
746.5  0.379706  1.506316  1.886021
747.0  0.414661  1.468590  1.883251
747.5  0.433771  1.449052  1.882823
748.0  0.436437  1.445334  1.881771
748.5  0.426987  1.456433  1.883420
749.0  0.412515  1.472664  1.885179
749.5  0.401217  1.484088  1.885305
750.0  0.400909  1.484768  1.885678
750.5  0.417272  1.469910  1.887182
751.0  0.451874  1.438090  1.889964
751.5  0.500610  1.392777  1.893388
752.0  0.553428  1.340997  1.894425
752.5  0.596159  1.294374  1.890534
753.0  0.614748  1.279618  1.894367
753.5  0.601100  1.291112  1.892211
754.0  0.558265  1.334934  1.893199
754.5  0.501502  1.394539  1.896041
755.0  0.452794  1.443664  1.896458
755.5  0.430484  1.468974  1.899458
756.0  0.440229  1.453797  1.894026
756.5  0.473375  1.424141  1.897516
757.0  0.513138  1.379739  1.892877
757.5  0.543271  1.353114  1.896385
758.0  0.553733  1.338357  1.892090
758.5  0.541862  1.353448  1.895310
759.0  0.510886  1.384182  1.895067
759.5  0.467926  1.427536  1.895462
760.0  0.422362  1.475146  1.897508
760.5  0.384234  1.512385  1.896619
761.0  0.362217  1.536434  1.898652
761.5  0.361191  1.537968  1.899159
762.0  0.380095  1.518975  1.899070
762.5  0.411135  1.487412  1.898546
763.0  0.441231  1.455268  1.896499
763.5  0.456068  1.441835  1.897903
764.0  0.446014  1.449098  1.895112
764.5  0.411753  1.487058  1.898811
765.0  0.366248  1.532342  1.898590
765.5  0.330308  1.570482  1.900790
766.0  0.322616  1.579141  1.901758
766.5  0.349887  1.551401  1.901288
767.0  0.403781  1.498209  1.901990
767.5  0.466203  1.438071  1.904274
768.0  0.518341  1.390239  1.908580
768.5  0.547472  1.364312  1.911784
769.0  0.549167  1.369294  1.918461
769.5  0.526230  1.396800  1.923030
770.0  0.486599  1.438966  1.925565
770.5  0.441272  1.489346  1.930619
771.0  0.402213  1.531647  1.933861
771.5  0.379866  1.555156  1.935021
772.0  0.380400  1.554641  1.935041
772.5  0.403407  1.531849  1.935256
773.0  0.441058  1.494359  1.935417
773.5  0.479640  1.452426  1.932065
774.0  0.503802  1.427920  1.931722
774.5  0.502785  1.429553  1.932338
775.0  0.476428  1.457426  1.933854
775.5  0.437444  1.498385  1.935829
776.0  0.406969  1.530309  1.937278
776.5  0.404155  1.535248  1.939403
777.0  0.435681  1.505923  1.941604
777.5  0.492351  1.448438  1.940789
778.0  0.554688  1.386477  1.941165
778.5  0.602600  1.339845  1.942445
779.0  0.622680  1.320312  1.942992
779.5  0.610548  1.331810  1.942358
780.0  0.569672  1.372405  1.942077
780.5  0.509082  1.431703  1.940784
781.0  0.441147  1.498806  1.939954
781.5  0.379349  1.558284  1.937633
782.0  0.335644  1.598868  1.934511
782.5  0.317555  1.614238  1.931792
783.0  0.325728  1.601973  1.927700
783.5  0.353027  1.572189  1.925216
784.0  0.386051  1.538002  1.924054
784.5  0.409350  1.513905  1.923255
785.0  0.411606  1.511314  1.922920
785.5  0.391680  1.533088  1.924767
786.0  0.361163  1.565230  1.926393
786.5  0.340417  1.585856  1.926273
787.0  0.348489  1.579183  1.927673
787.5  0.392441  1.532642  1.925082
788.0  0.463322  1.456858  1.920180
788.5  0.541281  1.373572  1.914853
789.0  0.605282  1.306721  1.912003
789.5  0.640866  1.268532  1.909397
790.0  0.642913  1.263044  1.905956
790.5  0.614612  1.292850  1.907461
791.0  0.565047  1.344827  1.909875
791.5  0.506756  1.400806  1.907561
792.0  0.453284  1.455808  1.909092
792.5  0.416429  1.495181  1.911610
793.0  0.403252  1.510200  1.913453
793.5  0.413623  1.499940  1.913563
794.0  0.439373  1.473453  1.912826
794.5  0.466005  1.446519  1.912524
795.0  0.477250  1.436009  1.913259
795.5  0.461690  1.450662  1.912352
796.0  0.419155  1.493218  1.912374
796.5  0.363237  1.549416  1.912653
797.0  0.316705  1.598268  1.914973
797.5  0.300457  1.613989  1.914447
798.0  0.322235  1.590698  1.912933
798.5  0.372891  1.536432  1.909323
799.0  0.432393  1.474932  1.907325
799.5  0.480232  1.429519  1.909751
800.0  0.503201  1.408173  1.911374
800.5  0.497738  1.416704  1.914442
801.0  0.468477  1.450798  1.919275
801.5  0.425617  1.501576  1.927193
802.0  0.382375  1.551662  1.934037
802.5  0.352416  1.586982  1.939398
803.0  0.346869  1.597848  1.944717
803.5  0.371146  1.578397  1.949543
804.0  0.422469  1.528674  1.951143
804.5  0.489339  1.460318  1.949656
805.0  0.553858  1.395084  1.948942
805.5  0.597003  1.353643  1.950646
806.0  0.605807  1.343244  1.949052
806.5  0.579880  1.366890  1.946770
807.0  0.533491  1.414881  1.948372
807.5  0.490129  1.460253  1.950382
808.0  0.470733  1.479979  1.950712
808.5  0.482451  1.469920  1.952370
809.0  0.515749  1.436337  1.952086
809.5  0.551302  1.401593  1.952895
810.0  0.570563  1.382759  1.953322
810.5  0.562950  1.391170  1.954120
811.0  0.527394  1.426812  1.954206
811.5  0.470361  1.484231  1.954592
812.0  0.403086  1.551766  1.954852
812.5  0.339164  1.614015  1.953180
813.0  0.292225  1.657014  1.949239
813.5  0.273190  1.671739  1.944929
814.0  0.287213  1.653588  1.940800
814.5  0.331204  1.605048  1.936252
815.0  0.393219  1.538448  1.931667
815.5  0.454751  1.473436  1.928187
816.0  0.496154  1.429675  1.925829
816.5  0.504174  1.421571  1.925745
817.0  0.478885  1.449698  1.928583
817.5  0.435904  1.495806  1.931710
818.0  0.400441  1.534088  1.934529
818.5  0.394444  1.541852  1.936296
819.0  0.424424  1.512829  1.937253
819.5  0.478642  1.457690  1.936332
820.0  0.535063  1.401302  1.936365
820.5  0.573087  1.365457  1.938543
821.0  0.581218  1.356445  1.937663
821.5  0.558410  1.375410  1.933820
822.0  0.511615  1.421096  1.932711
822.5  0.452610  1.481767  1.934377
823.0  0.395354  1.537994  1.933347
823.5  0.353553  1.578131  1.931684
824.0  0.337890  1.594554  1.932444
824.5  0.353002  1.580859  1.933861
825.0  0.395093  1.539932  1.935025
825.5  0.451433  1.482608  1.934041
826.0  0.502799  1.433924  1.936723
826.5  0.529109  1.413075  1.942184
827.0  0.517284  1.429141  1.946425
827.5  0.468655  1.482507  1.951163
828.0  0.401574  1.555307  1.956881
828.5  0.345251  1.618303  1.963554
829.0  0.325671  1.642330  1.968000
829.5  0.351654  1.616252  1.967906
830.0  0.411011  1.556989  1.967999
830.5  0.479021  1.489268  1.968289
831.0  0.531730  1.438061  1.969791
831.5  0.554975  1.415576  1.970552
832.0  0.546231  1.423488  1.969719
832.5  0.511940  1.454525  1.966465
833.0  0.463896  1.501211  1.965107
833.5  0.416214  1.551110  1.967324
834.0  0.382690  1.587483  1.970173
834.5  0.374002  1.598570  1.972572
835.0  0.394755  1.580098  1.974853
835.5  0.441188  1.537649  1.978837
836.0  0.500715  1.479618  1.980333
836.5  0.554252  1.423533  1.977785
837.0  0.581581  1.395244  1.976825
837.5  0.568916  1.408010  1.976926
838.0  0.516329  1.459273  1.975602
838.5  0.441064  1.531135  1.972199
839.0  0.372591  1.594784  1.967375
839.5  0.339284  1.621062  1.960346
840.0  0.353693  1.599857  1.953550
840.5  0.406648  1.540683  1.947330
841.0  0.474069  1.466496  1.940565
841.5  0.530237  1.406000  1.936237
842.0  0.558107  1.376169  1.934275
842.5  0.552535  1.382924  1.935459
843.0  0.518386  1.417378  1.935764
843.5  0.467021  1.471045  1.938066
844.0  0.413014  1.528800  1.941814
844.5  0.371146  1.575354  1.946500
845.0  0.353233  1.595360  1.948593
845.5  0.364912  1.585086  1.949998
846.0  0.403229  1.546007  1.949236
846.5  0.456177  1.492276  1.948452
847.0  0.505047  1.441562  1.946609
847.5  0.529736  1.414573  1.944309
848.0  0.516195  1.425900  1.942095
848.5  0.463900  1.476123  1.940023
849.0  0.389552  1.552067  1.941619
849.5  0.322724  1.619967  1.942691
850.0  0.292726  1.653406  1.946132
850.5  0.313212  1.636151  1.949363
851.0  0.375226  1.578912  1.954137
851.5  0.453565  1.506682  1.960248
852.0  0.520629  1.447066  1.967695
852.5  0.557698  1.419439  1.977137
853.0  0.558803  1.430168  1.988971
853.5  0.528895  1.469610  1.998505
854.0  0.480073  1.529167  2.009240
854.5  0.427942  1.589083  2.017025
855.0  0.388256  1.633270  2.021526
855.5  0.373458  1.650926  2.024384
856.0  0.389332  1.638242  2.027574
856.5  0.432660  1.593842  2.026502
857.0  0.491030  1.533450  2.024480
857.5  0.545437  1.476200  2.021637
858.0  0.575620  1.445387  2.021007
858.5  0.567255  1.456287  2.023543
859.0  0.519143  1.506096  2.025239
859.5  0.446968  1.582928  2.029896
860.0  0.379542  1.657755  2.037298
860.5  0.346350  1.697151  2.043501
861.0  0.362182  1.685172  2.047354
861.5  0.419281  1.631767  2.051048
862.0  0.492713  1.560801  2.053514
862.5  0.554034  1.499351  2.053384
863.0  0.583282  1.470171  2.053453
863.5  0.573703  1.477538  2.051241
864.0  0.530321  1.514119  2.044440
864.5  0.466027  1.572953  2.038980
865.0  0.397525  1.634197  2.031722
865.5  0.341609  1.682353  2.023962
866.0  0.311595  1.703055  2.014650
866.5  0.314128  1.693890  2.008018
867.0  0.347116  1.654915  2.002031
867.5  0.399631  1.598552  1.998183
868.0  0.454231  1.541616  1.995847
868.5  0.491612  1.503798  1.995411
869.0  0.496985  1.499713  1.996698
869.5  0.466824  1.532566  1.999390
870.0  0.413215  1.588771  2.001986
870.5  0.361823  1.643265  2.005088
871.0  0.341334  1.666182  2.007516
871.5  0.368415  1.637928  2.006343
872.0  0.438041  1.565890  2.003931
872.5  0.526470  1.471347  1.997816
873.0  0.604038  1.389825  1.993863
873.5  0.648154  1.341472  1.989626
874.0  0.649578  1.336297  1.985875
874.5  0.611916  1.372299  1.984215
875.0  0.547797  1.437425  1.985221
875.5  0.474446  1.511388  1.985834
876.0  0.409526  1.579145  1.988672
876.5  0.367267  1.625510  1.992778
877.0  0.355169  1.641229  1.996398
877.5  0.372007  1.630252  2.002259
878.0  0.407859  1.598818  2.006678
878.5  0.446444  1.565989  2.012433
879.0  0.469551  1.549213  2.018763
879.5  0.463022  1.563690  2.026712
880.0  0.423193  1.610982  2.034175
880.5  0.361345  1.677918  2.039263
881.0  0.302333  1.741754  2.044087
881.5  0.274820  1.773235  2.048055
882.0  0.296384  1.749411  2.045794
882.5  0.363071  1.680851  2.043922
883.0  0.451410  1.590297  2.041707
883.5  0.531083  1.508940  2.040023
884.0  0.578664  1.461357  2.040022
884.5  0.584712  1.456268  2.040980
885.0  0.553448  1.485882  2.039330
885.5  0.498495  1.544524  2.043019
886.0  0.437800  1.600686  2.038485
886.5  0.389030  1.656740  2.045770
887.0  0.365684  1.673401  2.039085
887.5  0.374149  1.669986  2.044135
888.0  0.412205  1.627584  2.039789
888.5  0.469412  1.570552  2.039964
889.0  0.529402  1.510199  2.039601
889.5  0.573834  1.460485  2.034319
890.0  0.587589  1.455543  2.043132
890.5  0.564566  1.469937  2.034503
891.0  0.512304  1.531623  2.043928
891.5  0.452072  1.585643  2.037716
892.0  0.411341  1.637386  2.048726
892.5  0.410209  1.630086  2.040295
893.0  0.449841  1.593187  2.043028
893.5  0.511603  1.529270  2.040873
894.0  0.567492  1.474636  2.042127
894.5  0.593772  1.446588  2.040360
895.0  0.579474  1.458239  2.037713
895.5  0.527533  1.513131  2.040664
896.0  0.451238  1.590500  2.041737
896.5  0.369165  1.675794  2.044960
897.0  0.300230  1.746661  2.046891
897.5  0.259354  1.786382  2.045736
898.0  0.254189  1.794802  2.048991
898.5  0.283445  1.761860  2.045305
899.0  0.337244  1.712058  2.049302
899.5  0.399439  1.644732  2.044171
900.0  0.451479  1.595612  2.047091
900.5  0.477441  1.567433  2.044874
901.0  0.469737  1.577218  2.046955
901.5  0.434001  1.615040  2.049040
902.0  0.389921  1.657552  2.047473
902.5  0.364535  1.692048  2.056583
903.0  0.378723  1.669622  2.048345
903.5  0.434633  1.621512  2.056145
904.0  0.513591  1.531614  2.045205
904.5  0.586337  1.465256  2.051593
905.0  0.627632  1.415692  2.043324
905.5  0.625822  1.424489  2.050312
906.0  0.584263  1.461910  2.046173
906.5  0.517260  1.533583  2.050843
907.0  0.444274  1.604925  2.049199
907.5  0.384466  1.666777  2.051243
908.0  0.352289  1.698315  2.050604
908.5  0.354448  1.694594  2.049042
909.0  0.388625  1.659174  2.047798
909.5  0.444168  1.602340  2.046507
910.0  0.504511  1.538500  2.043011
910.5  0.550883  1.493535  2.044418
911.0  0.567004  1.471605  2.038609
911.5  0.544535  1.498465  2.043000
912.0  0.488173  1.550478  2.038651
912.5  0.417375  1.627324  2.044698
913.0  0.360844  1.678361  2.039205
913.5  0.343445  1.701249  2.044694
914.0  0.372338  1.667726  2.040065
914.5  0.432554  1.606073  2.038627
915.0  0.495667  1.542149  2.037816
915.5  0.534727  1.501606  2.036333
916.0  0.535357  1.506449  2.041806
916.5  0.498557  1.538309  2.036866
917.0  0.437199  1.608681  2.045880
917.5  0.370093  1.668608  2.038700
918.0  0.316189  1.729349  2.045537
918.5  0.289917  1.752899  2.042816
919.0  0.298136  1.747267  2.045403
919.5  0.338964  1.705593  2.044557
920.0  0.402545  1.641266  2.043811
920.5  0.473323  1.568626  2.041949
921.0  0.533311  1.508941  2.042252
921.5  0.566096  1.475439  2.041535
922.0  0.561612  1.482640  2.044252
922.5  0.521134  1.518847  2.039981
923.0  0.460148  1.587546  2.047694
923.5  0.405248  1.639635  2.044883
924.0  0.383133  1.667501  2.050634
924.5  0.406323  1.641996  2.048319
925.0  0.465490  1.583727  2.049217
925.5  0.534723  1.511057  2.045780
926.0  0.585650  1.462482  2.048133
926.5  0.600286  1.447524  2.047810
927.0  0.576072  1.470999  2.047071
927.5  0.523549  1.523510  2.047059
928.0  0.460450  1.587326  2.047776
928.5  0.405412  1.646316  2.051728
929.0  0.372879  1.675554  2.048432
929.5  0.369859  1.681827  2.051686
930.0  0.394841  1.653866  2.048708
930.5  0.438737  1.613058  2.051795
931.0  0.487285  1.557300  2.044585
931.5  0.524211  1.524317  2.048528
932.0  0.534812  1.509861  2.044673
932.5  0.510095  1.537116  2.047211
933.0  0.451270  1.594113  2.045383
933.5  0.372816  1.673323  2.046139
934.0  0.300583  1.745957  2.046540
934.5  0.262420  1.784624  2.047044
935.0  0.274354  1.771651  2.046005
935.5  0.331248  1.712824  2.044072
936.0  0.409446  1.631566  2.041012
936.5  0.479537  1.564503  2.044040
937.0  0.519990  1.520255  2.040245
937.5  0.524023  1.520105  2.044128
938.0  0.498676  1.544568  2.043243
938.5  0.459395  1.587963  2.047358
939.0  0.423626  1.621205  2.044832
939.5  0.405450  1.641741  2.047191
940.0  0.412178  1.633279  2.045457
940.5  0.443228  1.602425  2.045654
941.0  0.491015  1.557444  2.048459
941.5  0.543163  1.501969  2.045133
942.0  0.585273  1.460843  2.046116
942.5  0.603899  1.439378  2.043277
943.0  0.589982  1.456779  2.046761
943.5  0.542814  1.501648  2.044462
944.0  0.473288  1.577178  2.050466
944.5  0.403372  1.645338  2.048710
945.0  0.358921  1.694400  2.053321
945.5  0.357303  1.696093  2.053396
946.0  0.397287  1.654413  2.051700
946.5  0.459101  1.590575  2.049676
947.0  0.515064  1.532846  2.047910
947.5  0.543043  1.506535  2.049579
948.0  0.534617  1.514888  2.049506
948.5  0.495514  1.555025  2.050539
949.0  0.440782  1.610533  2.051315
949.5  0.388230  1.663404  2.051633
950.0  0.352611  1.697265  2.049877
950.5  0.341875  1.706693  2.048569
951.0  0.355967  1.688412  2.044379
951.5  0.387907  1.653700  2.041607
952.0  0.426235  1.611619  2.037855
952.5  0.457881  1.576085  2.033966
953.0  0.471019  1.564807  2.035826
953.5  0.458166  1.581495  2.039661
954.0  0.419697  1.624025  2.043722
954.5  0.366708  1.681725  2.048433
955.0  0.320419  1.733216  2.053635
955.5  0.305287  1.755481  2.060767
956.0  0.337025  1.728395  2.065420
956.5  0.412555  1.652895  2.065451
957.0  0.509809  1.555166  2.064975
957.5  0.598256  1.469207  2.067464
958.0  0.652809  1.416129  2.068938
958.5  0.662727  1.406649  2.069376
959.0  0.632595  1.440103  2.072697
959.5  0.577579  1.494794  2.072373
960.0  0.516604  1.555206  2.071810
960.5  0.466179  1.605342  2.071521
961.0  0.436354  1.634714  2.071068
961.5  0.429321  1.643452  2.072772
962.0  0.440279  1.629073  2.069352
962.5  0.459613  1.610694  2.070307
963.0  0.475431  1.589264  2.064694
963.5  0.476156  1.591636  2.067793
964.0  0.453522  1.609740  2.063262
964.5  0.406250  1.658956  2.065205
965.0  0.343450  1.718777  2.062227
965.5  0.284859  1.781362  2.066222
966.0  0.254792  1.811872  2.066664
966.5  0.270418  1.794140  2.064557
967.0  0.331045  1.735488  2.066532
967.5  0.416786  1.644842  2.061627
968.0  0.498328  1.564833  2.063161
968.5  0.550865  1.507764  2.058629
969.0  0.563449  1.498472  2.061921
969.5  0.540289  1.519926  2.060215
970.0  0.496038  1.568191  2.064228
970.5  0.448884  1.613958  2.062842
971.0  0.414398  1.649387  2.063785
971.5  0.401673  1.664006  2.065679
972.0  0.412165  1.654512  2.066676
972.5  0.440707  1.623587  2.064294
973.0  0.477647  1.590383  2.068030
973.5  0.511192  1.553912  2.065104
974.0  0.529706  1.539635  2.069340
974.5  0.524431  1.538240  2.062671
975.0  0.493006  1.576301  2.069306
975.5  0.442947  1.624542  2.067489
976.0  0.392344  1.681569  2.073913
976.5  0.364490  1.706546  2.071036
977.0  0.376616  1.697783  2.074398
977.5  0.428946  1.644516  2.073462
978.0  0.502634  1.569595  2.072229
978.5  0.569004  1.502318  2.071322
979.0  0.603598  1.467319  2.070917
979.5  0.596021  1.475555  2.071576
980.0  0.551585  1.516689  2.068275
980.5  0.486534  1.585212  2.071746
981.0  0.420800  1.652524  2.073324
981.5  0.371460  1.705136  2.076596
982.0  0.348606  1.725592  2.074198
982.5  0.354088  1.720014  2.074102
983.0  0.382562  1.690409  2.072971
983.5  0.423701  1.648871  2.072572
984.0  0.464622  1.607416  2.072039
984.5  0.492297  1.576930  2.069227
985.0  0.496463  1.572572  2.069035
985.5  0.473446  1.594829  2.068275
986.0  0.429945  1.638631  2.068577
986.5  0.383830  1.686979  2.070808
987.0  0.358508  1.710751  2.069259
987.5  0.371180  1.700687  2.071867
988.0  0.421711  1.644436  2.066147
988.5  0.490949  1.578292  2.069241
989.0  0.550607  1.514323  2.064930
989.5  0.577511  1.492632  2.070143
990.0  0.563038  1.502696  2.065734
990.5  0.514068  1.553112  2.067180
991.0  0.447733  1.620893  2.068626
991.5  0.384092  1.688439  2.072531
992.0  0.339827  1.730425  2.070252
992.5  0.324465  1.742829  2.067294
993.0  0.339344  1.730921  2.070265
993.5  0.378690  1.691698  2.070388
994.0  0.431691  1.638289  2.069980
994.5  0.484752  1.579433  2.064185
995.0  0.523800  1.541429  2.065229
995.5  0.537239  1.529366  2.066605
996.0  0.520004  1.546557  2.066561
996.5  0.477796  1.588415  2.066211
997.0  0.428425  1.638436  2.066861
997.5  0.396464  1.672916  2.069380
998.0  0.401114  1.669429  2.070543
998.5  0.444086  1.622304  2.066391
999.0  0.507060  1.561816  2.068877
999.5  0.561503  1.500122  2.061625
1000.0  0.583583  1.484020  2.067603
