0.0  1.36700208
0.5  1.36618637
1.0  1.36788098
1.5  1.36986573
2.0  1.36849376
2.5  1.36013813
3.0  1.34279044
3.5  1.31741180
4.0  1.28784477
4.5  1.25837605
5.0  1.23345336
5.5  1.21663085
6.0  1.21003129
6.5  1.21448688
7.0  1.22830085
7.5  1.24864826
8.0  1.26947398
8.5  1.28563704
9.0  1.29341548
9.5  1.29357388
10.0  1.28953714
10.5  1.28687028
11.0  1.28920015
11.5  1.29894509
12.0  1.31414315
12.5  1.33063581
13.0  1.34354905
13.5  1.34980829
14.0  1.34899850
14.5  1.34246562
15.0  1.33431619
15.5  1.32798283
16.0  1.32597190
16.5  1.32901425
17.0  1.33726857
17.5  1.34902544
18.0  1.36110446
18.5  1.36945044
19.0  1.36933014
19.5  1.35960202
20.0  1.34379275
20.5  1.32586938
21.0  1.31219080
21.5  1.30694753
22.0  1.31224190
22.5  1.32604687
23.0  1.34320008
23.5  1.35868168
24.0  1.36923960
24.5  1.37455328
25.0  1.37564407
25.5  1.37716652
26.0  1.38249103
26.5  1.39308762
27.0  1.40793639
27.5  1.42369585
28.0  1.43681537
28.5  1.44316708
29.0  1.43842759
29.5  1.42017350
30.0  1.38832232
30.5  1.34717482
31.0  1.30360951
31.5  1.26449829
32.0  1.23550933
32.5  1.21946108
33.0  1.21437713
33.5  1.21638620
34.0  1.22006239
34.5  1.22229020
35.0  1.22267703
35.5  1.22345516
36.0  1.22804606
36.5  1.23940133
37.0  1.25898192
37.5  1.28575146
38.0  1.31668564
38.5  1.34952965
39.0  1.37983550
39.5  1.40239472
40.0  1.41424582
40.5  1.41421436
41.0  1.40460545
41.5  1.39021396
42.0  1.37745590
42.5  1.36901850
43.0  1.36718879
43.5  1.37054785
44.0  1.37443252
44.5  1.37362976
45.0  1.36610913
45.5  1.35226400
46.0  1.33630673
46.5  1.32224271
47.0  1.31267334
47.5  1.30971834
48.0  1.31431963
48.5  1.32510547
49.0  1.33927335
49.5  1.35428158
50.0  1.36554867
50.5  1.37010347
51.0  1.36728656
51.5  1.35937227
52.0  1.35116787
52.5  1.34880732
53.0  1.35413869
53.5  1.36797905
54.0  1.38692102
54.5  1.40404704
55.0  1.41350286
55.5  1.41057956
56.0  1.39423075
56.5  1.36600469
57.0  1.33115460
57.5  1.29628399
58.0  1.26450378
58.5  1.23957423
59.0  1.22349096
59.5  1.21508044
60.0  1.21111629
60.5  1.20841400
61.0  1.20205711
61.5  1.19235853
62.0  1.18174977
62.5  1.17470893
63.0  1.17670947
63.5  1.19072307
64.0  1.21764545
64.5  1.25519704
65.0  1.29742620
65.5  1.33705740
66.0  1.36829089
66.5  1.38964137
67.0  1.40112817
67.5  1.40523929
68.0  1.40624378
68.5  1.40750624
69.0  1.41148161
69.5  1.41847367
70.0  1.42746881
70.5  1.43478542
71.0  1.43720179
71.5  1.43103637
72.0  1.41654305
72.5  1.39675036
73.0  1.37678678
73.5  1.36229287
74.0  1.35694970
74.5  1.36104137
75.0  1.37179425
75.5  1.38483714
76.0  1.39540037
76.5  1.39831902
77.0  1.39213635
77.5  1.37896540
78.0  1.36270391
78.5  1.34824865
79.0  1.33825326
79.5  1.33445019
80.0  1.33624461
80.5  1.34074683
81.0  1.34511473
81.5  1.34527918
82.0  1.33917568
82.5  1.32663137
83.0  1.31093598
83.5  1.29676345
84.0  1.28767157
84.5  1.28539846
85.0  1.28970011
85.5  1.29634111
86.0  1.30080619
86.5  1.29925055
87.0  1.28999145
87.5  1.27486165
88.0  1.25714609
88.5  1.24093391
89.0  1.23259408
89.5  1.23363145
90.0  1.24424575
90.5  1.26479338
91.0  1.29000590
91.5  1.31553979
92.0  1.33701653
92.5  1.35152024
93.0  1.35801082
93.5  1.36022907
94.0  1.36195399
94.5  1.36723300
95.0  1.37835016
95.5  1.39338453
96.0  1.40992227
96.5  1.42181113
97.0  1.42399219
97.5  1.41543267
98.0  1.39696434
98.5  1.37195644
99.0  1.34604055
99.5  1.32430184
100.0  1.31131304
100.5  1.30786155
101.0  1.31414210
101.5  1.32775598
102.0  1.34387826
102.5  1.35750175
103.0  1.36452406
103.5  1.36464710
104.0  1.35988486
104.5  1.35367434
105.0  1.35011930
105.5  1.35173473
106.0  1.35842554
106.5  1.36765130
107.0  1.37521636
107.5  1.37661221
108.0  1.37011845
108.5  1.35593345
109.0  1.33586938
109.5  1.31267904
110.0  1.29027289
110.5  1.27202113
111.0  1.25986485
111.5  1.25367625
112.0  1.25221304
112.5  1.25275178
113.0  1.25237226
113.5  1.24717616
114.0  1.23689455
114.5  1.22322503
115.0  1.21201686
115.5  1.20678019
116.0  1.21051789
116.5  1.22376368
117.0  1.24409047
117.5  1.26815975
118.0  1.29066441
118.5  1.31036965
119.0  1.32642368
119.5  1.33989466
120.0  1.35326482
120.5  1.36863413
121.0  1.38801650
121.5  1.41269215
122.0  1.44120753
122.5  1.47131970
123.0  1.49925357
123.5  1.52094787
124.0  1.53236924
124.5  1.53185903
125.0  1.52089251
125.5  1.50276185
126.0  1.48124208
126.5  1.45935801
127.0  1.43923168
127.5  1.42011770
128.0  1.40025841
128.5  1.37855920
129.0  1.35431636
129.5  1.32892358
130.0  1.30316904
130.5  1.28009795
131.0  1.26273396
131.5  1.25097907
132.0  1.24506915
132.5  1.24448276
133.0  1.24831111
133.5  1.25484896
134.0  1.25998468
134.5  1.26233634
135.0  1.26157080
135.5  1.25843395
136.0  1.25490038
136.5  1.25416666
137.0  1.25785333
137.5  1.26587964
138.0  1.27653294
138.5  1.28829009
139.0  1.29977346
139.5  1.30966089
140.0  1.31874795
140.5  1.32767564
141.0  1.33730201
141.5  1.34657938
142.0  1.35441428
142.5  1.35985086
143.0  1.36248010
143.5  1.36204364
144.0  1.35810244
144.5  1.35077460
145.0  1.34021150
145.5  1.32723974
146.0  1.31318687
146.5  1.30099456
147.0  1.29321373
147.5  1.29194455
148.0  1.29715071
148.5  1.30716424
149.0  1.32001761
149.5  1.33413391
150.0  1.34882418
150.5  1.36315954
151.0  1.37720023
151.5  1.39146040
152.0  1.40464786
152.5  1.41559925
153.0  1.42368961
153.5  1.42924169
154.0  1.43028331
154.5  1.42597838
155.0  1.41562486
155.5  1.39840988
156.0  1.37502420
156.5  1.34747042
157.0  1.31974721
157.5  1.29598522
158.0  1.27848040
158.5  1.26906213
159.0  1.26669100
159.5  1.26862055
160.0  1.27424422
160.5  1.28230051
161.0  1.28801160
161.5  1.29232484
162.0  1.29567339
162.5  1.29524555
163.0  1.29176648
163.5  1.28890546
164.0  1.28756353
164.5  1.28894477
165.0  1.29473715
165.5  1.30470838
166.0  1.31615187
166.5  1.32900303
167.0  1.34319401
167.5  1.35953693
168.0  1.37820780
168.5  1.39803882
169.0  1.41928688
169.5  1.43905112
170.0  1.45424937
170.5  1.46551620
171.0  1.47199931
171.5  1.47252550
172.0  1.46820734
172.5  1.46096805
173.0  1.45125769
173.5  1.44005737
174.0  1.42904330
174.5  1.41919550
175.0  1.41217895
175.5  1.40693926
176.0  1.40340248
176.5  1.40234837
177.0  1.40234955
177.5  1.40408374
178.0  1.40761130
178.5  1.41373225
179.0  1.42055046
179.5  1.42725104
180.0  1.43248444
180.5  1.43273018
181.0  1.42790871
181.5  1.41782439
182.0  1.40337279
182.5  1.38543796
183.0  1.36585697
183.5  1.34469768
184.0  1.32224939
184.5  1.30090449
185.0  1.28331572
185.5  1.26849836
186.0  1.25892647
186.5  1.25680965
187.0  1.26134014
187.5  1.27168350
188.0  1.28716358
188.5  1.30629719
189.0  1.32746846
189.5  1.34649928
190.0  1.36107086
190.5  1.37030001
191.0  1.37543225
191.5  1.37532273
192.0  1.37415252
192.5  1.37418359
193.0  1.37848662
193.5  1.38629676
194.0  1.39607073
194.5  1.40503424
195.0  1.41068556
195.5  1.41210516
196.0  1.41003037
196.5  1.40685537
197.0  1.40445384
197.5  1.40591682
198.0  1.41350945
198.5  1.42692465
199.0  1.44647264
199.5  1.46902768
200.0  1.48961888
200.5  1.50566892
201.0  1.51412830
201.5  1.51431380
202.0  1.50893447
202.5  1.50097875
203.0  1.49278918
203.5  1.48617093
204.0  1.48269571
204.5  1.48185509
205.0  1.48156993
205.5  1.47915369
206.0  1.47208216
206.5  1.46214605
207.0  1.44978514
207.5  1.43606808
208.0  1.42387818
208.5  1.41477354
209.0  1.40862279
209.5  1.40651435
210.0  1.40477294
210.5  1.39980955
211.0  1.38923397
211.5  1.37223244
212.0  1.34982075
212.5  1.32466181
213.0  1.30151511
213.5  1.28567776
214.0  1.28021899
214.5  1.28595079
215.0  1.30228398
215.5  1.32755821
216.0  1.35747837
216.5  1.38927408
217.0  1.41991558
217.5  1.44799386
218.0  1.47318269
218.5  1.49553047
219.0  1.51667111
219.5  1.53626193
220.0  1.55331336
220.5  1.56545527
221.0  1.57062237
221.5  1.56631852
222.0  1.55272856
222.5  1.53270145
223.0  1.50976991
223.5  1.48792212
224.0  1.47395791
224.5  1.46957885
225.0  1.47385484
225.5  1.48375148
226.0  1.49756630
226.5  1.51055884
227.0  1.51840974
227.5  1.51909990
228.0  1.51417201
228.5  1.50471558
229.0  1.49310232
229.5  1.48176618
230.0  1.47420458
230.5  1.47021832
231.0  1.46676643
231.5  1.46146391
232.0  1.45307261
232.5  1.44029533
233.0  1.42419346
233.5  1.40860520
234.0  1.39898840
234.5  1.39858572
235.0  1.40907644
235.5  1.42790421
236.0  1.44993076
236.5  1.46913259
237.0  1.48000413
237.5  1.47843525
238.0  1.46351011
238.5  1.43947785
239.0  1.41182485
239.5  1.38573765
240.0  1.36698196
240.5  1.35924705
241.0  1.36291230
241.5  1.37354446
242.0  1.38709963
242.5  1.39870297
243.0  1.40474004
243.5  1.40468676
244.0  1.40162103
244.5  1.40011748
245.0  1.40470870
245.5  1.41776552
246.0  1.43820602
246.5  1.46247505
247.0  1.48554056
247.5  1.50274704
248.0  1.51064023
248.5  1.50701409
249.0  1.49328566
249.5  1.47567647
250.0  1.46128579
250.5  1.45656669
251.0  1.46501737
251.5  1.48608502
252.0  1.51643067
252.5  1.55040860
253.0  1.58092585
253.5  1.60272782
254.0  1.61316461
254.5  1.61402083
255.0  1.60929941
255.5  1.60309250
256.0  1.59899849
256.5  1.59864830
257.0  1.60106067
257.5  1.60475155
258.0  1.60589941
258.5  1.59997867
259.0  1.58480921
259.5  1.55840800
260.0  1.52347342
260.5  1.48481707
261.0  1.45002018
261.5  1.42403087
262.0  1.40857930
262.5  1.40175208
263.0  1.40011725
263.5  1.39855485
264.0  1.39329587
264.5  1.38169948
265.0  1.36653634
265.5  1.35002564
266.0  1.33645749
266.5  1.32964138
267.0  1.33007517
267.5  1.33737187
268.0  1.35173100
268.5  1.37099433
269.0  1.39046447
269.5  1.40549765
270.0  1.41378242
270.5  1.41747037
271.0  1.42051874
271.5  1.42751394
272.0  1.44210706
272.5  1.46647149
273.0  1.49831652
273.5  1.53165306
274.0  1.56048039
274.5  1.57983567
275.0  1.58780315
275.5  1.58621109
276.0  1.57842653
276.5  1.56767577
277.0  1.55794097
277.5  1.55080038
278.0  1.54705919
278.5  1.54549980
279.0  1.54426438
279.5  1.53967151
280.0  1.52853361
280.5  1.50915571
281.0  1.48347917
281.5  1.45796909
282.0  1.43837547
282.5  1.42929219
283.0  1.43337215
283.5  1.44836778
284.0  1.46846674
284.5  1.48612718
285.0  1.49682158
285.5  1.49823738
286.0  1.49059293
286.5  1.47614518
287.0  1.46034980
287.5  1.44734166
288.0  1.43817232
288.5  1.44543011
289.0  1.44231294
289.5  1.44871890
290.0  1.43970110
290.5  1.43119658
291.0  1.40767346
291.5  1.38137490
292.0  1.35408758
292.5  1.33161035
293.0  1.32280459
293.5  1.32384456
294.0  1.33650477
294.5  1.34945955
295.0  1.36427304
295.5  1.37097052
296.0  1.36992072
296.5  1.36683016
297.0  1.35918462
297.5  1.36147730
298.0  1.36485077
298.5  1.38555945
299.0  1.40989638
299.5  1.44098132
300.0  1.47753319
300.5  1.50543492
301.0  1.53817262
301.5  1.54618339
302.0  1.56340795
302.5  1.55851529
303.0  1.56802233
303.5  1.56940415
304.0  1.58346091
304.5  1.59486206
305.0  1.60178837
305.5  1.60305642
306.0  1.58861659
306.5  1.56526846
307.0  1.52946624
307.5  1.49160178
308.0  1.45613192
308.5  1.42396569
309.0  1.40466150
309.5  1.39091226
310.0  1.38783824
310.5  1.39272576
311.0  1.39668280
311.5  1.40945319
312.0  1.40574359
312.5  1.41699700
313.0  1.40649471
313.5  1.42053918
314.0  1.41898358
314.5  1.44578241
315.0  1.45483248
315.5  1.47874850
316.0  1.48406770
316.5  1.48793146
317.0  1.47496257
317.5  1.45660932
318.0  1.43501968
318.5  1.41048393
319.0  1.39395795
319.5  1.37922438
320.0  1.37005781
320.5  1.36479009
321.0  1.35852160
321.5  1.35893518
322.0  1.34538005
322.5  1.34475660
323.0  1.32645735
323.5  1.32918953
324.0  1.32102722
324.5  1.33982320
325.0  1.35625966
325.5  1.38669035
326.0  1.41948195
326.5  1.44241387
327.0  1.47251430
327.5  1.47666258
328.0  1.50088379
328.5  1.50032128
329.0  1.52569039
329.5  1.53666985
330.0  1.56472156
330.5  1.58308403
331.0  1.60115050
331.5  1.61149799
332.0  1.60995977
332.5  1.59898953
333.0  1.57858622
333.5  1.54745002
334.0  1.51898976
334.5  1.48256256
335.0  1.46263107
335.5  1.43623220
336.0  1.42408772
336.5  1.40458327
337.0  1.38731827
337.5  1.36695119
338.0  1.33835077
338.5  1.32696882
339.0  1.30516949
339.5  1.32104256
340.0  1.32387838
340.5  1.36522091
341.0  1.38317196
341.5  1.42646464
342.0  1.44336512
342.5  1.46893518
343.0  1.47107996
343.5  1.47469655
344.0  1.46786833
344.5  1.46174827
345.0  1.45584582
345.5  1.45190358
346.0  1.44848954
346.5  1.44666730
347.0  1.43422995
347.5  1.42349557
348.0  1.39200952
348.5  1.37724092
349.0  1.34430437
349.5  1.34840895
350.0  1.34132520
350.5  1.37512628
351.0  1.39759827
351.5  1.44107729
352.0  1.47217595
352.5  1.49884022
353.0  1.52050285
353.5  1.52335388
354.0  1.53389624
354.5  1.52659722
355.0  1.53391557
355.5  1.53162653
356.0  1.54754724
356.5  1.55870980
357.0  1.57348993
357.5  1.58028110
358.0  1.57848972
358.5  1.56468435
359.0  1.54059700
359.5  1.50924700
360.0  1.48628963
360.5  1.45828951
361.0  1.45101689
361.5  1.43185913
362.0  1.43354286
362.5  1.41458830
363.0  1.40745711
363.5  1.38543277
364.0  1.36707908
364.5  1.34789313
365.0  1.32568546
365.5  1.32674826
366.0  1.31930676
366.5  1.34812412
367.0  1.36267029
367.5  1.40874493
368.0  1.43157800
368.5  1.46846598
369.0  1.47972447
369.5  1.49261174
370.0  1.49233101
370.5  1.49310256
371.0  1.49224712
371.5  1.49022333
372.0  1.49002902
372.5  1.48374542
373.0  1.47035098
373.5  1.45299430
374.0  1.42217172
374.5  1.39862933
375.0  1.35677051
375.5  1.33856993
376.0  1.30527367
376.5  1.31021818
377.0  1.30222655
377.5  1.33245660
378.0  1.35015749
378.5  1.38816555
379.0  1.41384143
379.5  1.43910157
380.0  1.46200580
380.5  1.47576275
381.0  1.50011376
381.5  1.51576710
382.0  1.54669955
382.5  1.56728893
383.0  1.59332469
383.5  1.60786964
384.0  1.61071594
384.5  1.60309645
385.0  1.58437901
385.5  1.55824852
386.0  1.53241354
386.5  1.50086170
387.0  1.49000742
387.5  1.46973066
388.0  1.47840361
388.5  1.46871726
389.0  1.48152919
389.5  1.46932774
390.0  1.46762209
390.5  1.44614104
391.0  1.42764483
391.5  1.41032867
392.0  1.39439856
392.5  1.39358143
393.0  1.38884149
393.5  1.39852566
394.0  1.39850970
394.5  1.40534764
395.0  1.40190076
395.5  1.39994764
396.0  1.39639655
396.5  1.39320795
397.0  1.39913331
397.5  1.40570237
398.0  1.42323075
398.5  1.43809842
399.0  1.45371773
399.5  1.46372966
400.0  1.46377996
400.5  1.45994397
401.0  1.43938729
401.5  1.43019564
402.0  1.40884138
402.5  1.41362107
403.0  1.40698612
403.5  1.42738380
404.0  1.43458430
404.5  1.45541365
405.0  1.46662177
405.5  1.48156497
406.0  1.49259081
406.5  1.50229443
407.0  1.51811585
407.5  1.53187839
408.0  1.55171902
408.5  1.56944738
409.0  1.58243598
409.5  1.59071880
410.0  1.58330570
410.5  1.57078660
411.0  1.54459352
411.5  1.51361659
412.0  1.48341630
412.5  1.45198712
413.0  1.43569749
413.5  1.41554978
414.0  1.42013864
414.5  1.41013813
415.0  1.42000553
415.5  1.41371173
416.0  1.42021145
416.5  1.41534651
417.0  1.41637580
417.5  1.41469179
418.0  1.41597552
418.5  1.42191475
419.0  1.42629166
419.5  1.43294113
420.0  1.43428039
420.5  1.43121300
421.0  1.42084625
421.5  1.40319937
422.0  1.38582452
422.5  1.36430905
423.0  1.35552118
423.5  1.34664732
424.0  1.35718679
424.5  1.36436540
425.0  1.38282869
425.5  1.39757312
426.0  1.41474140
426.5  1.43119651
427.0  1.44167459
427.5  1.45684527
428.0  1.46136642
428.5  1.47992059
429.0  1.48728065
429.5  1.50829507
430.0  1.51583256
430.5  1.52868942
431.0  1.53256279
431.5  1.53596860
432.0  1.53414627
432.5  1.52930925
433.0  1.52566635
433.5  1.52859005
434.0  1.53244182
434.5  1.54484906
435.0  1.54578036
435.5  1.55522099
436.0  1.54847484
436.5  1.54830806
437.0  1.53490052
437.5  1.52280049
438.0  1.50983407
438.5  1.49156679
439.0  1.48379361
439.5  1.46854281
440.0  1.46287925
440.5  1.44753911
441.0  1.43914288
441.5  1.42185745
442.0  1.40860088
442.5  1.39589661
443.0  1.39126998
443.5  1.39343333
444.0  1.40538266
444.5  1.42547945
445.0  1.45154568
445.5  1.47104270
446.0  1.48854241
446.5  1.48651431
447.0  1.48627463
447.5  1.46600820
448.0  1.45640053
448.5  1.43116089
449.0  1.42560208
449.5  1.41257089
450.0  1.40283378
450.5  1.39742424
451.0  1.39545536
451.5  1.39205077
452.0  1.38575868
452.5  1.38112080
453.0  1.37880648
453.5  1.37998578
454.0  1.38994255
454.5  1.40939200
455.0  1.43513805
455.5  1.46300205
456.0  1.48925233
456.5  1.50782688
457.0  1.51738584
457.5  1.51954596
458.0  1.51767015
458.5  1.51504206
459.0  1.51538131
459.5  1.52103946
460.0  1.53164495
460.5  1.54718901
461.0  1.56349548
461.5  1.57722781
462.0  1.58567721
462.5  1.58570021
463.0  1.57950442
463.5  1.57018088
464.0  1.55975921
464.5  1.54971843
465.0  1.54371872
465.5  1.54213776
466.0  1.54037610
466.5  1.53448719
467.0  1.52074996
467.5  1.49938847
468.0  1.47446715
468.5  1.44700712
469.0  1.41858636
469.5  1.39158828
470.0  1.37190040
470.5  1.35773128
471.0  1.34849176
471.5  1.34065308
472.0  1.33395536
472.5  1.32884059
473.0  1.32185635
473.5  1.31269275
474.0  1.30483431
474.5  1.30208626
475.0  1.30710027
475.5  1.31915044
476.0  1.33629363
476.5  1.35403448
477.0  1.37327038
477.5  1.38904291
478.0  1.40044854
478.5  1.40741994
479.0  1.41362020
479.5  1.42232664
480.0  1.43258988
480.5  1.44546949
481.0  1.45978491
481.5  1.47539904
482.0  1.48976884
482.5  1.49869916
483.0  1.50217060
483.5  1.49884317
484.0  1.49070419
484.5  1.47916449
485.0  1.46807315
485.5  1.45996225
486.0  1.45792664
486.5  1.45863402
487.0  1.45558359
487.5  1.44881505
488.0  1.43735700
488.5  1.42081484
489.0  1.40273138
489.5  1.38850961
490.0  1.37987674
490.5  1.37959592
491.0  1.39032692
491.5  1.40819406
492.0  1.42912553
492.5  1.45001621
493.0  1.46635541
493.5  1.47122629
494.0  1.46540507
494.5  1.45274253
495.0  1.43407113
495.5  1.41295272
496.0  1.39441894
496.5  1.37982429
497.0  1.37001760
497.5  1.35728761
498.0  1.33904671
498.5  1.31473850
499.0  1.28528609
499.5  1.25532086
500.0  1.23011028
500.5  1.21610996
501.0  1.21827437
501.5  1.23508131
502.0  1.26312578
502.5  1.29898774
503.0  1.33462372
503.5  1.36209062
504.0  1.37701003
504.5  1.38167115
505.0  1.37727013
505.5  1.36724720
506.0  1.36292329
506.5  1.36714300
507.0  1.37888453
507.5  1.39810239
508.0  1.41824479
508.5  1.43328531
509.0  1.43807515
509.5  1.43163510
510.0  1.41609750
510.5  1.39902664
511.0  1.38362857
511.5  1.37502441
512.0  1.37741024
512.5  1.38885786
513.0  1.40311859
513.5  1.41711920
514.0  1.42631261
514.5  1.42526031
515.0  1.41366765
515.5  1.39401470
516.0  1.37191971
516.5  1.35551421
517.0  1.34893259
517.5  1.35333943
518.0  1.36578221
518.5  1.38150526
519.0  1.39249529
519.5  1.39365110
520.0  1.38439823
520.5  1.36612350
521.0  1.34314320
521.5  1.32345043
522.0  1.31063461
522.5  1.30836479
523.0  1.31436043
523.5  1.32468311
524.0  1.33325039
524.5  1.33572697
525.0  1.32819614
525.5  1.31105127
526.0  1.28821104
526.5  1.26571948
527.0  1.24970438
527.5  1.24704787
528.0  1.26098750
528.5  1.28698757
529.0  1.32082598
529.5  1.35520571
530.0  1.38187542
530.5  1.40271242
531.0  1.41604143
531.5  1.42302581
532.0  1.43027461
532.5  1.44409936
533.0  1.46333568
533.5  1.48536645
534.0  1.50724025
534.5  1.52435523
535.0  1.52974975
535.5  1.52013983
536.0  1.49708747
536.5  1.46484238
537.0  1.42922447
537.5  1.39855952
538.0  1.38049714
538.5  1.37475761
539.0  1.37947870
539.5  1.39020694
540.0  1.39910744
540.5  1.40119246
541.0  1.39430787
541.5  1.38199545
542.0  1.36831293
542.5  1.35993635
543.0  1.35989806
543.5  1.36996763
544.0  1.38858218
544.5  1.40897858
545.0  1.42134461
545.5  1.42314451
546.0  1.41209606
546.5  1.38719456
547.0  1.35378347
547.5  1.32104674
548.0  1.29676187
548.5  1.28510287
549.0  1.28821091
549.5  1.30228281
550.0  1.32054608
550.5  1.33467588
551.0  1.33756112
551.5  1.32674512
552.0  1.30695208
552.5  1.28479628
553.0  1.26582737
553.5  1.25783956
554.0  1.26411619
554.5  1.28391520
555.0  1.31047608
555.5  1.33681332
556.0  1.35717540
556.5  1.36680516
557.0  1.36567284
557.5  1.36201031
558.0  1.36365573
558.5  1.37491601
559.0  1.40051904
559.5  1.44133746
560.0  1.49389702
560.5  1.54724329
561.0  1.59139019
561.5  1.61823752
562.0  1.62491134
562.5  1.61579867
563.0  1.59437743
563.5  1.56758479
564.0  1.54360815
564.5  1.52754652
565.0  1.51912107
565.5  1.51800314
566.0  1.51652870
566.5  1.50701276
567.0  1.48704143
567.5  1.45730105
568.0  1.42308126
568.5  1.38970379
569.0  1.36525533
569.5  1.35406245
570.0  1.35743122
570.5  1.36941465
571.0  1.38592339
571.5  1.40079213
572.0  1.40675863
572.5  1.40087821
573.0  1.38427337
573.5  1.36208898
574.0  1.33970061
574.5  1.32634992
575.0  1.32780929
575.5  1.34540629
576.0  1.37574337
576.5  1.41134120
577.0  1.44291961
577.5  1.46534786
578.0  1.47678918
578.5  1.47823594
579.0  1.47264021
579.5  1.46756353
580.0  1.46428077
580.5  1.46690865
581.0  1.47297240
581.5  1.47798451
582.0  1.48010304
582.5  1.47488245
583.0  1.46111222
583.5  1.43935326
584.0  1.41576499
584.5  1.39711551
585.0  1.38775637
585.5  1.39395187
586.0  1.41760574
586.5  1.45351671
587.0  1.49385089
587.5  1.53212758
588.0  1.56126862
588.5  1.57786831
589.0  1.58458478
589.5  1.58633189
590.0  1.58734928
590.5  1.59259791
591.0  1.60461059
591.5  1.62135099
592.0  1.63665944
592.5  1.64608993
593.0  1.64612990
593.5  1.63514167
594.0  1.61298192
594.5  1.58466027
595.0  1.55464525
595.5  1.53115201
596.0  1.51627675
596.5  1.50987688
597.0  1.51165246
597.5  1.51162227
598.0  1.50399273
598.5  1.48512653
599.0  1.45410291
599.5  1.41400642
600.0  1.37548684
600.5  1.34653229
601.0  1.33073403
601.5  1.32977403
602.0  1.34238423
602.5  1.36348856
603.0  1.38408575
603.5  1.39976332
604.0  1.40701417
604.5  1.40733824
605.0  1.40393839
605.5  1.40241972
606.0  1.40800630
606.5  1.42597038
607.0  1.45728809
607.5  1.49656446
608.0  1.53657331
608.5  1.57018866
609.0  1.59153388
609.5  1.59819859
610.0  1.59332364
610.5  1.58455133
611.0  1.57823284
611.5  1.57965078
612.0  1.59185213
612.5  1.61229527
613.0  1.63526626
613.5  1.65457315
614.0  1.66804324
614.5  1.67418756
615.0  1.67054876
615.5  1.66033059
616.0  1.64876415
616.5  1.64211793
617.0  1.64340449
617.5  1.65145912
618.0  1.66410201
618.5  1.67249747
619.0  1.67265520
619.5  1.65992379
620.0  1.63179300
620.5  1.59275237
621.0  1.55004547
621.5  1.50852581
622.0  1.47419356
622.5  1.44974963
623.0  1.43533784
623.5  1.42795688
624.0  1.42421233
624.5  1.42385767
625.0  1.42333863
625.5  1.42215510
626.0  1.42276117
626.5  1.42774079
627.0  1.43813637
627.5  1.45517852
628.0  1.47985482
628.5  1.50770280
629.0  1.53237246
629.5  1.54919578
630.0  1.55356842
630.5  1.54477023
631.0  1.52948619
631.5  1.51333781
632.0  1.50147137
632.5  1.49713819
633.0  1.50237682
633.5  1.51165635
634.0  1.52305617
634.5  1.53369150
635.0  1.54086000
635.5  1.54399000
636.0  1.54397929
636.5  1.54058614
637.0  1.53875404
637.5  1.54031263
638.0  1.54601223
638.5  1.55482879
639.0  1.56488127
639.5  1.57036423
640.0  1.56968476
640.5  1.56366387
641.0  1.55354239
641.5  1.54312783
642.0  1.54197870
642.5  1.55584998
643.0  1.58252746
643.5  1.61801740
644.0  1.65808121
644.5  1.69161256
645.0  1.70952756
645.5  1.71236623
646.0  1.70027470
646.5  1.67742297
647.0  1.64757740
647.5  1.61873798
648.0  1.59225689
648.5  1.57123861
649.0  1.55471699
649.5  1.53908833
650.0  1.52112712
650.5  1.49386916
651.0  1.46014897
651.5  1.42235976
652.0  1.38469312
652.5  1.35730164
653.0  1.35079553
653.5  1.36408994
654.0  1.39180217
654.5  1.42842009
655.0  1.46357127
655.5  1.48800773
656.0  1.49794357
656.5  1.49773363
657.0  1.49286432
657.5  1.48466206
658.0  1.48168051
658.5  1.48772883
659.0  1.50285922
659.5  1.52165507
660.0  1.54341492
660.5  1.56082566
661.0  1.56863347
661.5  1.56566571
662.0  1.55482027
662.5  1.53949840
663.0  1.52955717
663.5  1.52811610
664.0  1.53818263
664.5  1.55623793
665.0  1.57785074
665.5  1.59481160
666.0  1.60227794
666.5  1.60145160
667.0  1.59134443
667.5  1.58272325
668.0  1.57751347
668.5  1.57883980
669.0  1.58726705
669.5  1.60571232
670.0  1.62729976
670.5  1.64639162
671.0  1.65815695
671.5  1.65854067
672.0  1.64174249
672.5  1.61649352
673.0  1.59040276
673.5  1.56583401
674.0  1.54429757
674.5  1.53573018
675.0  1.53438141
675.5  1.53255951
676.0  1.52432925
676.5  1.50750788
677.0  1.48121106
677.5  1.45058090
678.0  1.41883371
678.5  1.39231413
679.0  1.37669796
679.5  1.37119312
680.0  1.37727445
680.5  1.39175826
681.0  1.40973924
681.5  1.42679758
682.0  1.43720638
682.5  1.43913933
683.0  1.43616218
683.5  1.43097648
684.0  1.42993325
684.5  1.44064087
685.0  1.46376143
685.5  1.49284316
686.0  1.52257395
686.5  1.54450104
687.0  1.55208495
687.5  1.54602074
688.0  1.52859422
688.5  1.50479309
689.0  1.48320108
689.5  1.46802277
690.0  1.46121150
690.5  1.47175757
691.0  1.49058343
691.5  1.51376588
692.0  1.53616890
692.5  1.55579006
693.0  1.56815811
693.5  1.57332234
694.0  1.57679646
694.5  1.58455486
695.0  1.60222804
695.5  1.62764910
696.0  1.65991886
696.5  1.68939851
697.0  1.71113829
697.5  1.71562936
698.0  1.69862569
698.5  1.66538057
699.0  1.62367251
699.5  1.58037698
700.0  1.54273959
700.5  1.51670523
701.0  1.50199198
701.5  1.49914710
702.0  1.49843504
702.5  1.49457690
703.0  1.48511345
703.5  1.46575742
704.0  1.43696176
704.5  1.40434777
705.0  1.37452262
705.5  1.35533917
706.0  1.34973215
706.5  1.36117569
707.0  1.38235411
707.5  1.40723391
708.0  1.43173946
708.5  1.45329660
709.0  1.46837722
709.5  1.48072588
710.0  1.49672457
710.5  1.51906378
711.0  1.54905984
711.5  1.58611986
712.0  1.62304436
712.5  1.65452580
713.0  1.67102883
713.5  1.67152790
714.0  1.64971593
714.5  1.60816892
715.0  1.55948229
715.5  1.50689773
716.0  1.45833110
716.5  1.42358297
717.0  1.40169530
717.5  1.38986652
718.0  1.39054924
718.5  1.39774207
719.0  1.41042207
719.5  1.42883347
720.0  1.45099000
720.5  1.48003183
721.0  1.51766215
721.5  1.56318471
722.0  1.61314983
722.5  1.66054749
723.0  1.70205153
723.5  1.72839297
724.0  1.73723357
724.5  1.73196228
725.0  1.71208090
725.5  1.68383195
726.0  1.65532030
726.5  1.62857591
727.0  1.61036730
727.5  1.59981374
728.0  1.58900456
728.5  1.57368167
729.0  1.55361520
729.5  1.52613763
730.0  1.48873734
730.5  1.44859055
731.0  1.41367647
731.5  1.38569409
732.0  1.36548476
732.5  1.35419500
733.0  1.35279684
733.5  1.35543871
734.0  1.35834421
734.5  1.35638505
735.0  1.35600565
735.5  1.35683725
736.0  1.36108818
736.5  1.37102208
737.0  1.39546213
737.5  1.42963466
738.0  1.46996438
738.5  1.50905666
739.0  1.54075759
739.5  1.56394485
740.0  1.57223959
740.5  1.56641698
741.0  1.55619455
741.5  1.54447003
742.0  1.53276873
742.5  1.52977075
743.0  1.53337263
743.5  1.53983898
744.0  1.54350675
744.5  1.54404908
745.0  1.53880140
745.5  1.52786909
746.0  1.51377417
746.5  1.50218985
747.0  1.49997871
747.5  1.50733998
748.0  1.52319198
748.5  1.54701828
749.0  1.57068292
749.5  1.58850192
750.0  1.59645187
750.5  1.59506024
751.0  1.58245739
751.5  1.56916762
752.0  1.55563997
752.5  1.54456730
753.0  1.54192247
753.5  1.54459545
754.0  1.54404031
754.5  1.53587818
755.0  1.51957317
755.5  1.49205943
756.0  1.45090554
756.5  1.40756751
757.0  1.36923184
757.5  1.33912559
758.0  1.32409666
758.5  1.32631574
759.0  1.34031817
759.5  1.36021394
760.0  1.38005522
760.5  1.39479100
761.0  1.40416069
761.5  1.41005923
762.0  1.41418496
762.5  1.42375046
763.0  1.43954437
763.5  1.46278957
764.0  1.48852568
764.5  1.51098546
765.0  1.52563167
765.5  1.53065545
766.0  1.52542631
766.5  1.50873523
767.0  1.49153387
767.5  1.47996664
768.0  1.47545770
768.5  1.48237832
769.0  1.49894655
769.5  1.51564990
770.0  1.52888374
770.5  1.53356347
771.0  1.52810234
771.5  1.51609236
772.0  1.49749392
772.5  1.47951535
773.0  1.46913858
773.5  1.46715271
774.0  1.47367357
774.5  1.48636589
775.0  1.49994348
775.5  1.50875799
776.0  1.50867511
776.5  1.49899896
777.0  1.48296321
777.5  1.46810093
778.0  1.45775476
778.5  1.45854683
779.0  1.47304826
779.5  1.49624317
780.0  1.52084513
780.5  1.53795852
781.0  1.54403313
781.5  1.53473363
782.0  1.51138155
782.5  1.47835913
783.0  1.44144908
783.5  1.40982674
784.0  1.39044338
784.5  1.38153964
785.0  1.38112176
785.5  1.39040993
786.0  1.40283888
786.5  1.40796468
787.0  1.40735250
787.5  1.40555870
788.0  1.40171616
788.5  1.39879211
789.0  1.40635359
789.5  1.42320962
790.0  1.44657757
790.5  1.47078123
791.0  1.48714817
791.5  1.49590062
792.0  1.49329698
792.5  1.47974549
793.0  1.46259789
793.5  1.44959457
794.0  1.44642141
794.5  1.45640806
795.0  1.48029952
795.5  1.51047460
796.0  1.54234957
796.5  1.56937065
797.0  1.58449249
797.5  1.58642579
798.0  1.57772505
798.5  1.55956790
799.0  1.54334307
799.5  1.52998725
800.0  1.52274551
800.5  1.52100608
801.0  1.52048491
801.5  1.51406395
802.0  1.49671501
802.5  1.47045928
803.0  1.43755774
803.5  1.40357606
804.0  1.37869785
804.5  1.36703712
805.0  1.37333590
805.5  1.39494330
806.0  1.42398873
806.5  1.45487698
807.0  1.48058564
807.5  1.49183408
808.0  1.48836048
808.5  1.47256084
809.0  1.45137780
809.5  1.43259497
810.0  1.42379434
810.5  1.42268745
811.0  1.43045787
811.5  1.44507845
812.0  1.45568475
812.5  1.45292624
813.0  1.43890295
813.5  1.42059354
814.0  1.40032623
814.5  1.38504817
815.0  1.38225686
815.5  1.39612257
816.0  1.42125222
816.5  1.45230096
817.0  1.48237719
817.5  1.50084724
818.0  1.50266482
818.5  1.49103687
819.0  1.46922844
819.5  1.44324364
820.0  1.42750671
820.5  1.42846574
821.0  1.44482217
821.5  1.47245376
822.0  1.50749077
822.5  1.53416650
823.0  1.54182477
823.5  1.53223136
824.0  1.50968411
824.5  1.47558377
825.0  1.44635819
825.5  1.42888329
826.0  1.42405604
826.5  1.43011259
827.0  1.44413142
827.5  1.45374740
828.0  1.45104498
828.5  1.43461709
829.0  1.40551278
829.5  1.36381616
830.0  1.32321732
830.5  1.29153990
831.0  1.27582419
831.5  1.28031644
832.0  1.30141246
832.5  1.33181097
833.0  1.36017799
833.5  1.37861272
834.0  1.38480527
834.5  1.37870148
835.0  1.36557773
835.5  1.36016973
836.0  1.36953293
836.5  1.39158520
837.0  1.42404080
837.5  1.46485508
838.0  1.50176443
838.5  1.52486794
839.0  1.52918164
839.5  1.51247059
840.0  1.48250300
840.5  1.44691739
841.0  1.41312646
841.5  1.39545345
842.0  1.39723270
842.5  1.41410349
843.0  1.43687710
843.5  1.45976833
844.0  1.47017776
844.5  1.46497684
845.0  1.44674434
845.5  1.42428689
846.0  1.40613513
846.5  1.39760070
847.0  1.40453592
847.5  1.42441808
848.0  1.45136166
848.5  1.47297306
849.0  1.48215716
849.5  1.47578370
850.0  1.45304751
850.5  1.41997510
851.0  1.38484765
851.5  1.36023008
852.0  1.35283293
852.5  1.36121495
853.0  1.38501922
853.5  1.41567072
854.0  1.43728350
854.5  1.44313602
855.0  1.43192614
855.5  1.40783270
856.0  1.37894764
856.5  1.35046473
857.0  1.33563083
857.5  1.33777665
858.0  1.35222558
858.5  1.37440613
859.0  1.39452006
859.5  1.40164499
860.0  1.39629436
860.5  1.37713157
861.0  1.34758897
861.5  1.31899228
862.0  1.30277632
862.5  1.30268439
863.0  1.32025577
863.5  1.35392666
864.0  1.38873280
864.5  1.41617763
865.0  1.42853705
865.5  1.42232140
866.0  1.40042375
866.5  1.37610328
867.0  1.35429926
867.5  1.34817196
868.0  1.36173799
868.5  1.38785488
869.0  1.42069477
869.5  1.45428399
870.0  1.47792086
870.5  1.48221288
871.0  1.47244699
871.5  1.45471374
872.0  1.43148562
872.5  1.41419368
873.0  1.41227245
873.5  1.42424945
874.0  1.44950951
874.5  1.47346087
875.0  1.49095744
875.5  1.49437899
876.0  1.47848795
876.5  1.44602074
877.0  1.40633696
877.5  1.37198195
878.0  1.34973490
878.5  1.34126085
879.0  1.34821964
879.5  1.36442571
880.0  1.38115003
880.5  1.38900372
881.0  1.38212628
881.5  1.36615206
882.0  1.34278848
882.5  1.31484886
883.0  1.29791079
883.5  1.29706099
884.0  1.31122546
884.5  1.33630337
885.0  1.36720232
885.5  1.39563268
886.0  1.41198330
886.5  1.41102349
887.0  1.39620607
887.5  1.37327755
888.0  1.35127140
888.5  1.33882673
889.0  1.33847792
889.5  1.35402724
890.0  1.37894617
890.5  1.40544036
891.0  1.42537412
891.5  1.43413166
892.0  1.43090549
892.5  1.41951976
893.0  1.40935559
893.5  1.40338035
894.0  1.40725399
894.5  1.42190190
895.0  1.44455057
895.5  1.47132271
896.0  1.49106014
896.5  1.49665412
897.0  1.49075516
897.5  1.47494110
898.0  1.45439023
898.5  1.43670391
899.0  1.43224385
899.5  1.44443758
900.0  1.46875647
900.5  1.50155133
901.0  1.53243195
901.5  1.55217423
902.0  1.55540240
902.5  1.54253270
903.0  1.51763336
903.5  1.48646311
904.0  1.46054977
904.5  1.44215824
905.0  1.43369024
905.5  1.43147063
906.0  1.42875146
906.5  1.42030419
907.0  1.40087158
907.5  1.37026994
908.0  1.33317323
908.5  1.29414545
909.0  1.26181845
909.5  1.24891417
910.0  1.25263957
910.5  1.27296203
911.0  1.30103171
911.5  1.33124974
912.0  1.35479305
912.5  1.36259475
913.0  1.35769039
913.5  1.34738598
914.0  1.33588519
914.5  1.33148118
915.0  1.33909978
915.5  1.35967749
916.0  1.38743723
916.5  1.41716480
917.0  1.44063199
917.5  1.44930521
918.0  1.44616606
918.5  1.43488941
919.0  1.41650800
919.5  1.40328438
920.0  1.40415716
920.5  1.41953045
921.0  1.44768360
921.5  1.48117423
922.0  1.50991730
922.5  1.52898860
923.0  1.53311691
923.5  1.51910937
924.0  1.49642983
924.5  1.47137111
925.0  1.45158900
925.5  1.44645624
926.0  1.45303496
926.5  1.46792719
927.0  1.48845560
927.5  1.50574784
928.0  1.51605156
928.5  1.51879004
929.0  1.51106978
929.5  1.50046093
930.0  1.49128137
930.5  1.48965955
931.0  1.49824322
931.5  1.51564371
932.0  1.53744301
932.5  1.55486605
933.0  1.55811588
933.5  1.54824915
934.0  1.52335588
934.5  1.48855873
935.0  1.45339366
935.5  1.42103724
936.0  1.40087020
936.5  1.39291603
937.0  1.39138035
937.5  1.38980153
938.0  1.38822161
938.5  1.38691225
939.0  1.37862052
939.5  1.36474101
940.0  1.35056396
940.5  1.34411873
941.0  1.34629612
941.5  1.35906498
942.0  1.38462072
942.5  1.41765151
943.0  1.44835811
943.5  1.47052912
944.0  1.48289106
944.5  1.48586910
945.0  1.47796298
945.5  1.47060340
946.0  1.47139553
946.5  1.48032196
947.0  1.49772131
947.5  1.52067116
948.0  1.54328582
948.5  1.55887417
949.0  1.56532967
949.5  1.56499887
950.0  1.55691497
950.5  1.54896875
951.0  1.54419336
951.5  1.54794383
952.0  1.56007824
952.5  1.57871256
953.0  1.59851135
953.5  1.61360797
954.0  1.61698220
954.5  1.60679145
955.0  1.58275040
955.5  1.55183266
956.0  1.52419980
956.5  1.50423365
957.0  1.49504750
957.5  1.49816103
958.0  1.50601099
958.5  1.50976007
959.0  1.50755379
959.5  1.49631256
960.0  1.47329130
960.5  1.44457056
961.0  1.41817915
961.5  1.39650828
962.0  1.38160082
962.5  1.37898087
963.0  1.38319094
963.5  1.38852096
964.0  1.39100580
964.5  1.38841049
965.0  1.37562269
965.5  1.35691152
966.0  1.33922285
966.5  1.33128711
967.0  1.33858319
967.5  1.36451954
968.0  1.40792481
968.5  1.46154635
969.0  1.51664844
969.5  1.56435114
970.0  1.60050607
970.5  1.62527793
971.0  1.64027576
971.5  1.64627328
972.0  1.65104208
972.5  1.65820497
973.0  1.66547629
973.5  1.67104419
974.0  1.67331705
974.5  1.66827562
975.0  1.65163371
975.5  1.62097047
976.0  1.58381772
976.5  1.54929105
977.0  1.52229438
977.5  1.50736625
978.0  1.50585097
978.5  1.51471737
979.0  1.52735383
979.5  1.53719202
980.0  1.53824300
980.5  1.53054138
981.0  1.51444843
981.5  1.49549587
982.0  1.47934770
982.5  1.47497971
983.0  1.48139366
983.5  1.50037950
984.0  1.52898842
984.5  1.56164072
985.0  1.58902586
985.5  1.60953804
986.0  1.61934884
986.5  1.61846325
987.0  1.60981060
987.5  1.60106191
988.0  1.59475550
988.5  1.59043560
989.0  1.59056607
989.5  1.58970844
990.0  1.58018767
990.5  1.55901946
991.0  1.52999161
991.5  1.49306777
992.0  1.45066231
992.5  1.41414944
993.0  1.38888424
993.5  1.37707501
994.0  1.37906005
994.5  1.39514943
995.0  1.42020223
995.5  1.44624211
996.0  1.46903011
996.5  1.48772412
997.0  1.50157999
997.5  1.51494447
998.0  1.53213893
998.5  1.55662215
999.0  1.58918500
999.5  1.62723467
1000.0  1.66410663
