0.0  0.479647  1.339641  1.819288
0.5  0.491493  1.328689  1.820182
1.0  0.520289  1.298963  1.819252
1.5  0.560795  1.258508  1.819303
2.0  0.603718  1.214412  1.818130
2.5  0.638790  1.179319  1.818108
3.0  0.657591  1.160049  1.817640
3.5  0.655622  1.162025  1.817647
4.0  0.633529  1.184777  1.818306
4.5  0.597324  1.221096  1.818419
5.0  0.557171  1.262680  1.819851
5.5  0.524416  1.295105  1.819522
6.0  0.507456  1.312913  1.820369
6.5  0.508151  1.311099  1.819250
7.0  0.520770  1.298309  1.819079
7.5  0.534308  1.283587  1.817895
8.0  0.537138  1.280598  1.817736
8.5  0.521794  1.295665  1.817459
9.0  0.487854  1.330228  1.818082
9.5  0.441957  1.376949  1.818906
10.0  0.395157  1.424352  1.819509
10.5  0.358781  1.461245  1.820026
11.0  0.340441  1.479873  1.820314
11.5  0.341766  1.478110  1.819877
12.0  0.358540  1.460902  1.819442
12.5  0.382786  1.435861  1.818647
13.0  0.405632  1.413303  1.818935
13.5  0.419932  1.398218  1.818150
14.0  0.422178  1.396803  1.818981
14.5  0.413623  1.405148  1.818771
15.0  0.400349  1.420193  1.820542
15.5  0.391801  1.428533  1.820334
16.0  0.397538  1.423857  1.821395
16.5  0.422993  1.398227  1.821220
17.0  0.466186  1.354359  1.820545
17.5  0.517436  1.302182  1.819617
18.0  0.562630  1.255788  1.818418
18.5  0.588570  1.230176  1.818746
19.0  0.587876  1.229842  1.817718
19.5  0.561409  1.257109  1.818518
20.0  0.517565  1.301314  1.818878
20.5  0.469053  1.351222  1.820275
21.0  0.428539  1.391767  1.820306
21.5  0.404744  1.415730  1.820474
22.0  0.400278  1.420134  1.820412
22.5  0.411676  1.408331  1.820007
23.0  0.431209  1.388019  1.819228
23.5  0.449559  1.369164  1.818722
24.0  0.458543  1.359909  1.818452
24.5  0.453468  1.365021  1.818489
25.0  0.434817  1.383566  1.818383
25.5  0.408789  1.411003  1.819792
26.0  0.385951  1.433929  1.819880
26.5  0.377720  1.443370  1.821090
27.0  0.391589  1.428767  1.820356
27.5  0.427337  1.393336  1.820673
28.0  0.476472  1.342987  1.819460
28.5  0.525468  1.293480  1.818948
29.0  0.561167  1.257069  1.818236
29.5  0.575681  1.242357  1.818039
30.0  0.568743  1.250105  1.818848
30.5  0.546963  1.272064  1.819026
31.0  0.520768  1.299419  1.820188
31.5  0.500451  1.319314  1.819765
32.0  0.492809  1.327676  1.820485
32.5  0.499438  1.320308  1.819746
33.0  0.516923  1.302854  1.819778
33.5  0.538453  1.280621  1.819074
34.0  0.556046  1.262661  1.818707
34.5  0.562811  1.255388  1.818199
35.0  0.554962  1.263269  1.818231
35.5  0.533392  1.285336  1.818728
36.0  0.504267  1.314923  1.819190
36.5  0.477814  1.341987  1.819801
37.0  0.464865  1.355607  1.820472
37.5  0.472040  1.348411  1.820451
38.0  0.497916  1.322157  1.820072
38.5  0.532624  1.285939  1.818563
39.0  0.561544  1.257208  1.818752
39.5  0.571252  1.246487  1.817739
40.0  0.554728  1.263494  1.818221
40.5  0.513569  1.304238  1.817807
41.0  0.456762  1.363219  1.819982
41.5  0.397057  1.423398  1.820455
42.0  0.346657  1.474443  1.821100
42.5  0.313786  1.506829  1.820615
43.0  0.301039  1.519588  1.820627
43.5  0.305598  1.515123  1.820721
44.0  0.320741  1.498898  1.819639
44.5  0.337967  1.481454  1.819421
45.0  0.349243  1.469552  1.818795
45.5  0.349225  1.470492  1.819718
46.0  0.337206  1.482672  1.819878
46.5  0.318154  1.502194  1.820347
47.0  0.301890  1.518788  1.820678
47.5  0.299822  1.521369  1.821191
48.0  0.320013  1.501398  1.821411
48.5  0.362931  1.458028  1.820959
49.0  0.420456  1.399367  1.819824
49.5  0.479044  1.340223  1.819267
50.0  0.525337  1.293325  1.818663
50.5  0.551268  1.268226  1.819494
51.0  0.556324  1.263261  1.819584
51.5  0.546528  1.274298  1.820826
52.0  0.531215  1.289207  1.820422
52.5  0.519295  1.302070  1.821365
53.0  0.516465  1.304887  1.821353
53.5  0.524053  1.297193  1.821246
54.0  0.539387  1.281563  1.820950
54.5  0.557099  1.263451  1.820551
55.0  0.570766  1.250123  1.820889
55.5  0.574597  1.245056  1.819653
56.0  0.565146  1.255297  1.820443
56.5  0.542897  1.277578  1.820475
57.0  0.513156  1.308228  1.821384
57.5  0.485307  1.336235  1.821541
58.0  0.469845  1.352633  1.822478
58.5  0.473857  1.348458  1.822315
59.0  0.497139  1.324275  1.821414
59.5  0.531428  1.289009  1.820438
60.0  0.563617  1.256631  1.820247
60.5  0.581313  1.238941  1.820254
61.0  0.577811  1.242042  1.819853
61.5  0.554184  1.265249  1.819433
62.0  0.518058  1.302320  1.820378
62.5  0.480198  1.341018  1.821217
63.0  0.450639  1.371695  1.822334
63.5  0.435799  1.385634  1.821433
64.0  0.437239  1.384236  1.821475
64.5  0.451968  1.368411  1.820379
65.0  0.473712  1.347383  1.821095
65.5  0.494622  1.325667  1.820289
66.0  0.507110  1.312901  1.820012
66.5  0.505800  1.313709  1.819509
67.0  0.489368  1.330418  1.819786
67.5  0.461701  1.358865  1.820566
68.0  0.431385  1.389319  1.820705
68.5  0.408932  1.412726  1.821657
69.0  0.402350  1.418842  1.821192
69.5  0.413178  1.407809  1.820987
70.0  0.435387  1.384357  1.819744
70.5  0.458081  1.361491  1.819572
71.0  0.470537  1.348492  1.819029
71.5  0.466809  1.352546  1.819354
72.0  0.447700  1.372129  1.819829
72.5  0.419661  1.400822  1.820483
73.0  0.391668  1.428973  1.820641
73.5  0.371751  1.449193  1.820944
74.0  0.364519  1.456877  1.821396
74.5  0.370282  1.451585  1.821867
75.0  0.385581  1.434983  1.820564
75.5  0.404557  1.415852  1.820409
76.0  0.420614  1.399102  1.819716
76.5  0.428129  1.391960  1.820088
77.0  0.424140  1.395680  1.819820
77.5  0.409796  1.410222  1.820018
78.0  0.390929  1.429909  1.820838
78.5  0.376905  1.443962  1.820868
79.0  0.377403  1.444452  1.821855
79.5  0.398063  1.423622  1.821685
80.0  0.437214  1.384629  1.821843
80.5  0.485814  1.334187  1.820000
81.0  0.530998  1.288371  1.819369
81.5  0.561418  1.257435  1.818854
82.0  0.571597  1.249210  1.820808
82.5  0.563422  1.257719  1.821141
83.0  0.544608  1.276357  1.820964
83.5  0.525332  1.295942  1.821274
84.0  0.514639  1.307442  1.822082
84.5  0.517879  1.304426  1.822305
85.0  0.535707  1.286258  1.821965
85.5  0.564476  1.256776  1.821252
86.0  0.597501  1.223743  1.821244
86.5  0.626697  1.193726  1.820423
87.0  0.644394  1.176285  1.820679
87.5  0.645269  1.175104  1.820373
88.0  0.628153  1.193429  1.821582
88.5  0.597029  1.224631  1.821660
89.0  0.560300  1.261983  1.822283
89.5  0.527848  1.294557  1.822405
90.0  0.506737  1.316035  1.822773
90.5  0.497703  1.325199  1.822902
91.0  0.494645  1.327423  1.822067
91.5  0.487667  1.333112  1.820779
92.0  0.467999  1.351926  1.819925
92.5  0.432109  1.389085  1.821194
93.0  0.383122  1.438239  1.821360
93.5  0.329352  1.492993  1.822345
94.0  0.281106  1.541137  1.822243
94.5  0.247301  1.575727  1.823029
95.0  0.233083  1.590325  1.823408
95.5  0.238935  1.584544  1.823479
96.0  0.261127  1.561959  1.823086
96.5  0.293038  1.529749  1.822787
97.0  0.326881  1.495438  1.822318
97.5  0.355601  1.466777  1.822379
98.0  0.374807  1.447467  1.822274
98.5  0.384381  1.438648  1.823029
99.0  0.389081  1.433959  1.823040
99.5  0.397273  1.426273  1.823546
100.0  0.417579  1.406387  1.823966
100.5  0.454530  1.370113  1.824643
101.0  0.505494  1.318111  1.823604
101.5  0.560887  1.261160  1.822047
102.0  0.607840  1.213823  1.821663
102.5  0.635374  1.186027  1.821401
103.0  0.638434  1.183938  1.822372
103.5  0.619126  1.202383  1.821509
104.0  0.585202  1.237336  1.822538
104.5  0.546951  1.275531  1.822481
105.0  0.513919  1.309430  1.823349
105.5  0.492488  1.331115  1.823603
106.0  0.484734  1.339041  1.823776
106.5  0.488530  1.334791  1.823321
107.0  0.498543  1.323823  1.822366
107.5  0.507801  1.313819  1.821619
108.0  0.509630  1.311849  1.821479
108.5  0.499783  1.322041  1.821824
109.0  0.478337  1.343999  1.822336
109.5  0.450556  1.371782  1.822337
110.0  0.425780  1.397250  1.823030
110.5  0.414078  1.409900  1.823978
111.0  0.421755  1.402864  1.824618
111.5  0.448035  1.375511  1.823546
112.0  0.484982  1.338146  1.823128
112.5  0.520884  1.301058  1.821942
113.0  0.545214  1.276395  1.821609
113.5  0.552542  1.269541  1.822083
114.0  0.543804  1.279195  1.823000
114.5  0.524975  1.299085  1.824060
115.0  0.504277  1.319353  1.823630
115.5  0.489267  1.335012  1.824278
116.0  0.484680  1.339151  1.823830
116.5  0.491424  1.331808  1.823232
117.0  0.506659  1.315656  1.822314
117.5  0.524710  1.298648  1.823358
118.0  0.538569  1.284201  1.822770
118.5  0.541795  1.281086  1.822882
119.0  0.530615  1.291778  1.822393
119.5  0.505722  1.316262  1.821983
120.0  0.472950  1.350010  1.822960
120.5  0.441911  1.381909  1.823821
121.0  0.422460  1.401586  1.824047
121.5  0.420241  1.403520  1.823761
122.0  0.433688  1.389280  1.822968
122.5  0.454417  1.368162  1.822579
123.0  0.470973  1.350396  1.821369
123.5  0.473847  1.348258  1.822105
124.0  0.459146  1.362636  1.821782
124.5  0.429480  1.393499  1.822978
125.0  0.392310  1.431228  1.823539
125.5  0.356976  1.467532  1.824509
126.0  0.331724  1.494028  1.825751
126.5  0.321586  1.502917  1.824503
127.0  0.327439  1.496792  1.824231
127.5  0.346149  1.477330  1.823479
128.0  0.371554  1.453316  1.824870
128.5  0.396045  1.427813  1.823858
129.0  0.412576  1.410879  1.823455
129.5  0.416866  1.406575  1.823441
130.0  0.409283  1.415266  1.824549
130.5  0.395513  1.429826  1.825339
131.0  0.385101  1.440637  1.825738
131.5  0.387789  1.438357  1.826146
132.0  0.409008  1.417563  1.826571
132.5  0.446948  1.379549  1.826498
133.0  0.493070  1.332925  1.825995
133.5  0.535873  1.289090  1.824963
134.0  0.565761  1.259148  1.824909
134.5  0.578482  1.246747  1.825229
135.0  0.575881  1.250161  1.826042
135.5  0.564280  1.261931  1.826211
136.0  0.551672  1.274851  1.826522
136.5  0.544946  1.282961  1.827907
137.0  0.547914  1.279568  1.827482
137.5  0.560449  1.266511  1.826960
138.0  0.578715  1.247033  1.825747
138.5  0.596250  1.230460  1.826710
139.0  0.605665  1.219567  1.825232
139.5  0.600721  1.224545  1.825267
140.0  0.578487  1.246585  1.825072
140.5  0.541005  1.284510  1.825515
141.0  0.495601  1.329901  1.825501
141.5  0.453061  1.373306  1.826367
142.0  0.423776  1.403154  1.826931
142.5  0.413330  1.413884  1.827214
143.0  0.419902  1.406824  1.826727
143.5  0.435145  1.390376  1.825520
144.0  0.448133  1.376763  1.824896
144.5  0.450179  1.374761  1.824940
145.0  0.438074  1.387437  1.825511
145.5  0.414630  1.411225  1.825856
146.0  0.386937  1.438680  1.825618
146.5  0.363521  1.463255  1.826776
147.0  0.351609  1.475252  1.826861
147.5  0.355221  1.472525  1.827746
148.0  0.374364  1.453686  1.828050
148.5  0.405231  1.421957  1.827188
149.0  0.441197  1.385011  1.826208
149.5  0.474378  1.350476  1.824853
150.0  0.497604  1.328655  1.826258
150.5  0.506564  1.320491  1.827055
151.0  0.501565  1.325350  1.826915
151.5  0.488033  1.336933  1.824967
152.0  0.474930  1.352478  1.827409
152.5  0.471115  1.357683  1.828798
153.0  0.481100  1.346687  1.827787
153.5  0.502557  1.323541  1.826098
154.0  0.527213  1.298589  1.825802
154.5  0.544744  1.281661  1.826405
155.0  0.547414  1.278155  1.825568
155.5  0.533069  1.292927  1.825996
156.0  0.505417  1.321524  1.826941
156.5  0.472086  1.355670  1.827756
157.0  0.441711  1.387538  1.829248
157.5  0.421252  1.407543  1.828794
158.0  0.414234  1.414445  1.828679
158.5  0.420152  1.409021  1.829172
159.0  0.434900  1.394112  1.829012
159.5  0.451988  1.375998  1.827986
160.0  0.464259  1.363305  1.827564
160.5  0.465915  1.362600  1.828515
161.0  0.454561  1.373332  1.827892
161.5  0.432686  1.396223  1.828909
162.0  0.407731  1.421011  1.828741
162.5  0.390028  1.440566  1.830594
163.0  0.388814  1.441490  1.830304
163.5  0.407945  1.422512  1.830457
164.0  0.443701  1.385555  1.829256
164.5  0.486161  1.342950  1.829110
165.0  0.523476  1.305503  1.828979
165.5  0.546636  1.281823  1.828459
166.0  0.552397  1.276542  1.828939
166.5  0.543486  1.284989  1.828475
167.0  0.526699  1.302601  1.829300
167.5  0.510129  1.318998  1.829127
168.0  0.500616  1.328475  1.829091
168.5  0.502027  1.326687  1.828714
169.0  0.514529  1.314451  1.828980
169.5  0.534793  1.294456  1.829248
170.0  0.556921  1.271837  1.828758
170.5  0.573949  1.254378  1.828327
171.0  0.579773  1.247922  1.827695
171.5  0.571227  1.257101  1.828328
172.0  0.549715  1.279204  1.828919
172.5  0.521467  1.307747  1.829213
173.0  0.495642  1.333729  1.829371
173.5  0.480497  1.348804  1.829302
174.0  0.479268  1.351099  1.830366
174.5  0.488180  1.341220  1.829400
175.0  0.498022  1.331107  1.829129
175.5  0.498468  1.328327  1.826794
176.0  0.482690  1.345160  1.827849
176.5  0.449959  1.378452  1.828410
177.0  0.405452  1.424388  1.829839
177.5  0.357986  1.471032  1.829018
178.0  0.316991  1.511220  1.828211
178.5  0.289842  1.539920  1.829762
179.0  0.280172  1.549988  1.830160
179.5  0.287338  1.541739  1.829077
180.0  0.306936  1.520482  1.827417
180.5  0.332109  1.495776  1.827885
181.0  0.355418  1.472299  1.827717
181.5  0.370984  1.456328  1.827311
182.0  0.376536  1.450807  1.827343
182.5  0.374695  1.452654  1.827349
183.0  0.372623  1.455436  1.828059
183.5  0.379528  1.449976  1.829503
184.0  0.402542  1.427361  1.829903
184.5  0.442877  1.385576  1.828453
185.0  0.494500  1.332610  1.827110
185.5  0.546343  1.281337  1.827679
186.0  0.586845  1.239919  1.826764
186.5  0.608336  1.218716  1.827051
187.0  0.609228  1.217067  1.826296
187.5  0.593588  1.234569  1.828157
188.0  0.568910  1.263074  1.831985
188.5  0.543389  1.294859  1.838248
189.0  0.523606  1.323723  1.847329
189.5  0.513110  1.343318  1.856429
190.0  0.511949  1.351881  1.863829
190.5  0.517014  1.353315  1.870329
191.0  0.523057  1.354637  1.877694
191.5  0.524223  1.359819  1.884042
192.0  0.515971  1.370817  1.886788
192.5  0.497022  1.391867  1.888888
193.0  0.470656  1.420277  1.890932
193.5  0.444429  1.447044  1.891473
194.0  0.427735  1.463456  1.891191
194.5  0.427762  1.465277  1.893040
195.0  0.445770  1.450947  1.896716
195.5  0.475956  1.425119  1.901076
196.0  0.507831  1.400732  1.908562
196.5  0.530779  1.389910  1.920689
197.0  0.538299  1.397773  1.936072
197.5  0.529932  1.423526  1.953459
198.0  0.510561  1.461691  1.972252
198.5  0.488000  1.503407  1.991408
199.0  0.470178  1.538451  2.008629
199.5  0.462845  1.558101  2.020946
200.0  0.468232  1.559987  2.028219
200.5  0.484709  1.544994  2.029703
201.0  0.507299  1.516045  2.023344
201.5  0.528912  1.481485  2.010397
202.0  0.542132  1.453537  1.995670
202.5  0.541366  1.436040  1.977407
203.0  0.524893  1.432700  1.957593
203.5  0.496062  1.444759  1.940821
204.0  0.462738  1.466253  1.928991
204.5  0.434614  1.485948  1.920562
205.0  0.419168  1.494097  1.913265
205.5  0.418240  1.491131  1.909371
206.0  0.427264  1.481786  1.909050
206.5  0.437706  1.471350  1.909056
207.0  0.441248  1.466232  1.907479
207.5  0.433384  1.471975  1.905358
208.0  0.414810  1.487061  1.901871
208.5  0.390498  1.504948  1.895446
209.0  0.367419  1.518834  1.886253
209.5  0.352095  1.523249  1.875343
210.0  0.348760  1.515894  1.864654
210.5  0.358440  1.496612  1.855052
211.0  0.378885  1.469037  1.847922
211.5  0.405192  1.439496  1.844688
212.0  0.430983  1.415378  1.846361
212.5  0.450028  1.403008  1.853035
213.0  0.458158  1.404292  1.862450
213.5  0.454994  1.420244  1.875238
214.0  0.444729  1.446556  1.891285
214.5  0.435122  1.469617  1.904739
215.0  0.434523  1.482125  1.916648
215.5  0.447975  1.479049  1.927024
216.0  0.474474  1.458726  1.933200
216.5  0.507140  1.429035  1.936175
217.0  0.536376  1.401756  1.938132
217.5  0.554185  1.384312  1.938497
218.0  0.557335  1.379334  1.936669
218.5  0.548087  1.387794  1.935881
219.0  0.532688  1.405690  1.938377
219.5  0.518762  1.422842  1.941604
220.0  0.512780  1.432482  1.945262
220.5  0.518304  1.434819  1.953123
221.0  0.535217  1.430974  1.966191
221.5  0.559864  1.422293  1.982158
222.0  0.585911  1.413167  1.999078
222.5  0.605788  1.414030  2.019818
223.0  0.612603  1.428757  2.041360
223.5  0.602238  1.458236  2.060474
224.0  0.575085  1.497843  2.072929
224.5  0.536551  1.543071  2.079622
225.0  0.495598  1.585534  2.081132
225.5  0.461397  1.611516  2.072913
226.0  0.439422  1.618438  2.057860
226.5  0.429121  1.610347  2.039468
227.0  0.424605  1.594038  2.018643
227.5  0.417983  1.582052  2.000035
228.0  0.403370  1.579759  1.983130
228.5  0.379442  1.590509  1.969951
229.0  0.349629  1.612189  1.961818
229.5  0.320421  1.638037  1.958458
230.0  0.298917  1.659128  1.958045
230.5  0.290654  1.667494  1.958149
231.0  0.298262  1.659953  1.958215
231.5  0.321002  1.634799  1.955801
232.0  0.355070  1.598004  1.953074
232.5  0.394457  1.553802  1.948258
233.0  0.432272  1.507164  1.939436
233.5  0.462427  1.466515  1.928942
234.0  0.481418  1.437666  1.919085
234.5  0.489684  1.422927  1.912610
235.0  0.491733  1.416991  1.908724
235.5  0.494483  1.414407  1.908890
236.0  0.504067  1.412902  1.916969
236.5  0.522535  1.407227  1.929762
237.0  0.546377  1.402839  1.949216
237.5  0.567907  1.406604  1.974511
238.0  0.578818  1.420415  1.999232
238.5  0.573887  1.449026  2.022913
239.0  0.553000  1.490432  2.043432
239.5  0.520857  1.539508  2.060365
240.0  0.485012  1.587253  2.072265
240.5  0.453364  1.624351  2.077715
241.0  0.432045  1.645821  2.077866
241.5  0.424159  1.652196  2.076354
242.0  0.429390  1.644852  2.074243
242.5  0.444350  1.627139  2.071489
243.0  0.463490  1.606372  2.069862
243.5  0.480506  1.591954  2.072460
244.0  0.490089  1.588446  2.078535
244.5  0.489717  1.597665  2.087382
245.0  0.480884  1.620404  2.101288
245.5  0.468968  1.649735  2.118704
246.0  0.461274  1.675876  2.137149
246.5  0.463730  1.692846  2.156577
247.0  0.477809  1.696617  2.174426
247.5  0.499507  1.687137  2.186644
248.0  0.521155  1.673332  2.194486
248.5  0.535038  1.661648  2.196686
249.0  0.536745  1.654284  2.191029
249.5  0.526615  1.652270  2.178885
250.0  0.508981  1.652198  2.161179
250.5  0.490069  1.648796  2.138865
251.0  0.475714  1.640430  2.116144
251.5  0.469718  1.623846  2.093563
252.0  0.473107  1.597654  2.070761
252.5  0.484164  1.568284  2.052448
253.0  0.499007  1.542583  2.041590
253.5  0.512547  1.521505  2.034053
254.0  0.519737  1.508788  2.028525
254.5  0.517027  1.510920  2.027947
255.0  0.503773  1.526324  2.030097
255.5  0.483024  1.547470  2.030494
256.0  0.461050  1.566608  2.027658
256.5  0.445234  1.577415  2.022649
257.0  0.440884  1.573771  2.014655
257.5  0.448503  1.553205  2.001708
258.0  0.463178  1.525257  1.988435
258.5  0.476672  1.499291  1.975963
259.0  0.481120  1.486073  1.967193
259.5  0.472297  1.493214  1.965511
260.0  0.450933  1.520627  1.971560
260.5  0.421857  1.563571  1.985428
261.0  0.391846  1.611546  2.003392
261.5  0.367350  1.658721  2.026071
262.0  0.352842  1.697532  2.050375
262.5  0.350034  1.721572  2.071606
263.0  0.357820  1.731770  2.089590
263.5  0.372744  1.730205  2.102950
264.0  0.389890  1.722236  2.112126
264.5  0.404140  1.711167  2.115307
265.0  0.411739  1.701681  2.113420
265.5  0.411808  1.697989  2.109797
266.0  0.407184  1.699404  2.106588
266.5  0.403836  1.699083  2.102919
267.0  0.408566  1.691744  2.100310
267.5  0.425730  1.672981  2.098712
268.0  0.454664  1.646163  2.100828
268.5  0.489486  1.617296  2.106782
269.0  0.521593  1.594319  2.115913
269.5  0.543472  1.582243  2.125715
270.0  0.551690  1.585245  2.136935
270.5  0.547725  1.601411  2.149135
271.0  0.536655  1.621759  2.158414
271.5  0.524795  1.640254  2.165049
272.0  0.517445  1.648070  2.165515
272.5  0.517472  1.642095  2.159566
273.0  0.524847  1.622750  2.147597
273.5  0.536921  1.596076  2.132997
274.0  0.549185  1.564752  2.113936
274.5  0.556369  1.534624  2.090993
275.0  0.553813  1.513955  2.067768
275.5  0.538973  1.507817  2.046789
276.0  0.512723  1.516265  2.028988
276.5  0.479829  1.535226  2.015055
277.0  0.447959  1.557563  2.005522
277.5  0.425103  1.574295  1.999397
278.0  0.416235  1.580732  1.996968
278.5  0.420939  1.574551  1.995491
279.0  0.433481  1.562822  1.996303
279.5  0.445492  1.550072  1.995563
280.0  0.449805  1.544102  1.993907
280.5  0.443396  1.546211  1.989606
281.0  0.428159  1.552579  1.980737
281.5  0.409590  1.563053  1.972643
282.0  0.394434  1.570632  1.965066
282.5  0.388425  1.567531  1.955956
283.0  0.394825  1.552981  1.947807
283.5  0.413874  1.531235  1.945109
284.0  0.442937  1.506460  1.949398
284.5  0.477147  1.480015  1.957162
285.0  0.510415  1.456577  1.966992
285.5  0.536809  1.446888  1.983697
286.0  0.552154  1.453201  2.005355
286.5  0.555485  1.471568  2.027053
287.0  0.549655  1.493943  2.043598
287.5  0.540433  1.517500  2.057932
288.0  0.534011  1.535565  2.069576
288.5  0.533864  1.541049  2.074913
289.0  0.538688  1.536041  2.074729
289.5  0.542827  1.528550  2.071377
290.0  0.539099  1.526020  2.065119
290.5  0.522447  1.539468  2.061915
291.0  0.492397  1.567152  2.059549
291.5  0.453266  1.603223  2.056489
292.0  0.412391  1.646383  2.058775
292.5  0.377539  1.690777  2.068316
293.0  0.354652  1.724226  2.078878
293.5  0.346576  1.741917  2.088493
294.0  0.352796  1.748326  2.101122
294.5  0.369926  1.744235  2.114160
295.0  0.392652  1.729336  2.121988
295.5  0.414975  1.712341  2.127316
296.0  0.431664  1.696248  2.127912
296.5  0.439769  1.682615  2.122384
297.0  0.439796  1.671911  2.111707
297.5  0.435894  1.660677  2.096571
298.0  0.434532  1.642507  2.077039
298.5  0.441745  1.615371  2.057116
299.0  0.460048  1.576375  2.036423
299.5  0.486725  1.528390  2.015115
300.0  0.514683  1.483204  1.997887
300.5  0.535570  1.450526  1.986096
301.0  0.543430  1.434289  1.977719
301.5  0.537016  1.434843  1.971859
302.0  0.519851  1.449527  1.969377
302.5  0.498463  1.471194  1.969657
303.0  0.479939  1.493123  1.973063
303.5  0.469831  1.503799  1.973631
304.0  0.470955  1.499871  1.970825
304.5  0.483069  1.485019  1.968088
305.0  0.503213  1.459953  1.963166
305.5  0.526490  1.428042  1.954532
306.0  0.547210  1.395285  1.942495
306.5  0.560345  1.370689  1.931035
307.0  0.563085  1.357051  1.920136
307.5  0.556010  1.357842  1.913853
308.0  0.543209  1.367770  1.910979
308.5  0.530800  1.380560  1.911361
309.0  0.524122  1.395209  1.919331
309.5  0.524823  1.411360  1.936183
310.0  0.529572  1.426093  1.955665
310.5  0.531373  1.441992  1.973365
311.0  0.522884  1.471267  1.994151
311.5  0.499898  1.513827  2.013726
312.0  0.463214  1.561264  2.024478
312.5  0.418225  1.613846  2.032072
313.0  0.372829  1.662430  2.035260
313.5  0.334839  1.698516  2.033356
314.0  0.309916  1.718247  2.028163
314.5  0.300489  1.722734  2.023223
315.0  0.305634  1.713715  2.019349
315.5  0.321635  1.695569  2.017205
316.0  0.343024  1.676105  2.019129
316.5  0.363932  1.659375  2.023307
317.0  0.379684  1.650002  2.029686
317.5  0.388326  1.650856  2.039183
318.0  0.391589  1.657471  2.049060
318.5  0.394570  1.661991  2.056561
319.0  0.403777  1.658881  2.062658
319.5  0.423987  1.642099  2.066086
320.0  0.455422  1.608365  2.063787
320.5  0.492955  1.561908  2.054863
321.0  0.528032  1.514702  2.042735
321.5  0.552338  1.471909  2.024247
322.0  0.561163  1.442406  2.003568
322.5  0.554852  1.428111  1.982963
323.0  0.538007  1.423662  1.961669
323.5  0.517282  1.423404  1.940686
324.0  0.499005  1.424782  1.923787
324.5  0.487489  1.424162  1.911651
325.0  0.484297  1.417942  1.902239
325.5  0.488287  1.407523  1.895811
326.0  0.496187  1.395438  1.891625
326.5  0.503529  1.385785  1.889314
327.0  0.505923  1.384043  1.889966
327.5  0.500522  1.389869  1.890391
328.0  0.487371  1.403287  1.890658
328.5  0.469999  1.419717  1.889715
329.0  0.454609  1.432177  1.886786
329.5  0.447711  1.435935  1.883646
330.0  0.453004  1.426849  1.879853
330.5  0.469162  1.403864  1.873026
331.0  0.490006  1.375874  1.865880
331.5  0.507209  1.354349  1.861558
332.0  0.514101  1.345624  1.859725
332.5  0.508510  1.350629  1.859139
333.0  0.493343  1.369963  1.863306
333.5  0.474989  1.395680  1.870669
334.0  0.460650  1.418204  1.878854
334.5  0.455867  1.433632  1.889499
335.0  0.463035  1.439347  1.902381
335.5  0.481061  1.430838  1.911899
336.0  0.505895  1.412103  1.917997
336.5  0.531586  1.391339  1.922924
337.0  0.551648  1.375761  1.927409
337.5  0.560617  1.367157  1.927774
338.0  0.555640  1.369970  1.925610
338.5  0.537714  1.384049  1.921763
339.0  0.511943  1.407515  1.919459
339.5  0.486235  1.429020  1.915256
340.0  0.468441  1.442235  1.910676
340.5  0.462956  1.445928  1.908884
341.0  0.468538  1.442670  1.911208
341.5  0.478761  1.434964  1.913725
342.0  0.485042  1.433848  1.918890
342.5  0.480613  1.446368  1.926981
343.0  0.463351  1.472465  1.935816
343.5  0.436249  1.506828  1.943077
344.0  0.405743  1.546871  1.952614
344.5  0.379043  1.582102  1.961145
345.0  0.361738  1.605069  1.966807
345.5  0.356399  1.611641  1.968041
346.0  0.362300  1.605841  1.968141
346.5  0.375937  1.587974  1.963911
347.0  0.392047  1.565548  1.957595
347.5  0.404947  1.543205  1.948152
348.0  0.410109  1.524314  1.934423
348.5  0.405784  1.516444  1.922228
349.0  0.394170  1.518796  1.912965
349.5  0.381387  1.521806  1.903193
350.0  0.375659  1.518325  1.893984
350.5  0.383961  1.504058  1.888019
351.0  0.408508  1.472267  1.880775
351.5  0.445088  1.430640  1.875729
352.0  0.484470  1.389774  1.874244
352.5  0.516318  1.357225  1.873543
353.0  0.533537  1.337123  1.870660
353.5  0.534858  1.335282  1.870140
354.0  0.524692  1.348738  1.873429
354.5  0.510810  1.365670  1.876479
355.0  0.501233  1.377667  1.878900
355.5  0.501643  1.377845  1.879488
356.0  0.514006  1.367573  1.881579
356.5  0.536433  1.350634  1.887067
357.0  0.563916  1.326086  1.890002
357.5  0.589598  1.301178  1.890776
358.0  0.606362  1.285778  1.892140
358.5  0.608644  1.284481  1.893124
359.0  0.594232  1.299373  1.893606
359.5  0.565528  1.327762  1.893290
360.0  0.529481  1.361370  1.890851
360.5  0.495632  1.392164  1.887795
361.0  0.472539  1.413348  1.885887
361.5  0.464063  1.416848  1.880911
362.0  0.467529  1.409454  1.876983
362.5  0.475027  1.400328  1.875355
363.0  0.477228  1.395143  1.872371
363.5  0.467641  1.400275  1.867916
364.0  0.445140  1.421825  1.866965
364.5  0.413880  1.452887  1.866767
365.0  0.381177  1.486132  1.867308
365.5  0.354682  1.513663  1.868344
366.0  0.340067  1.526209  1.866276
366.5  0.339781  1.526435  1.866216
367.0  0.352848  1.516032  1.868880
367.5  0.375390  1.496062  1.871452
368.0  0.401616  1.469478  1.871093
368.5  0.425170  1.449799  1.874968
369.0  0.440830  1.439756  1.880586
369.5  0.446316  1.439706  1.886022
370.0  0.443603  1.449189  1.892791
370.5  0.438843  1.460794  1.899637
371.0  0.440248  1.465196  1.905443
371.5  0.454286  1.457400  1.911686
372.0  0.481938  1.434236  1.916173
372.5  0.517247  1.400482  1.917729
373.0  0.549386  1.370019  1.919405
373.5  0.567280  1.352282  1.919562
374.0  0.564298  1.355957  1.920255
374.5  0.540686  1.377383  1.918069
375.0  0.502970  1.411228  1.914198
375.5  0.461164  1.450840  1.912004
376.0  0.425346  1.484886  1.910232
376.5  0.402924  1.504507  1.907431
377.0  0.397189  1.505008  1.902197
377.5  0.407109  1.493030  1.900139
378.0  0.427993  1.474087  1.902081
378.5  0.452764  1.450999  1.903763
379.0  0.473676  1.432886  1.906561
379.5  0.484418  1.427035  1.911453
380.0  0.482253  1.437623  1.919876
380.5  0.469487  1.461790  1.931277
381.0  0.453253  1.491504  1.944757
381.5  0.443023  1.512571  1.955594
382.0  0.446398  1.517648  1.964046
382.5  0.465172  1.505884  1.971056
383.0  0.494035  1.482335  1.976370
383.5  0.522921  1.452004  1.974925
384.0  0.541690  1.426511  1.968201
384.5  0.544517  1.413742  1.958260
385.0  0.531825  1.414669  1.946494
385.5  0.509326  1.424151  1.933477
386.0  0.485245  1.434270  1.919515
386.5  0.467277  1.436402  1.903680
387.0  0.460421  1.432960  1.893381
387.5  0.466057  1.421302  1.887359
388.0  0.482086  1.398720  1.880806
388.5  0.503725  1.373243  1.876968
389.0  0.524683  1.353446  1.878129
389.5  0.538668  1.339776  1.878444
390.0  0.541166  1.337227  1.878393
390.5  0.531239  1.349527  1.880765
391.0  0.512634  1.368196  1.880830
391.5  0.493268  1.386926  1.880194
392.0  0.482518  1.395313  1.877831
392.5  0.486988  1.386480  1.873469
393.0  0.506793  1.362429  1.869221
393.5  0.534694  1.331629  1.866323
394.0  0.558945  1.304797  1.863742
394.5  0.568352  1.294013  1.862365
395.0  0.556797  1.303848  1.860645
395.5  0.525108  1.339575  1.864683
396.0  0.479919  1.381636  1.861554
396.5  0.430686  1.436879  1.867565
397.0  0.386464  1.474904  1.861367
397.5  0.353610  1.512795  1.866405
398.0  0.334805  1.529906  1.864711
398.5  0.329146  1.538069  1.867215
399.0  0.332915  1.529144  1.862059
399.5  0.340735  1.522444  1.863179
400.0  0.347051  1.519898  1.866950
400.5  0.347899  1.517184  1.865083
401.0  0.342665  1.521608  1.864273
401.5  0.335102  1.530373  1.865475
402.0  0.332632  1.536375  1.869007
402.5  0.343480  1.522490  1.865970
403.0  0.372492  1.493143  1.865635
403.5  0.417838  1.448853  1.866691
404.0  0.470826  1.393101  1.863928
404.5  0.519277  1.344517  1.863794
405.0  0.552604  1.310120  1.862724
405.5  0.565805  1.298745  1.864550
406.0  0.560593  1.304022  1.864616
406.5  0.543727  1.321616  1.865343
407.0  0.523874  1.340060  1.863934
407.5  0.508573  1.356054  1.864627
408.0  0.502262  1.366474  1.868736
408.5  0.505611  1.358638  1.864248
409.0  0.515895  1.350497  1.866392
409.5  0.528009  1.333836  1.861845
410.0  0.535853  1.329960  1.865813
410.5  0.533989  1.327647  1.861636
411.0  0.519441  1.346402  1.865843
411.5  0.493272  1.369622  1.862895
412.0  0.461196  1.402946  1.864142
412.5  0.432387  1.432806  1.865193
413.0  0.416248  1.449797  1.866044
413.5  0.418202  1.447906  1.866108
414.0  0.436725  1.427308  1.864034
414.5  0.463627  1.400032  1.863659
415.0  0.487722  1.375603  1.863325
415.5  0.499850  1.364966  1.864816
416.0  0.496546  1.367365  1.863911
416.5  0.480762  1.382073  1.862835
417.0  0.459898  1.404102  1.864000
417.5  0.442555  1.422406  1.864961
418.0  0.435554  1.428849  1.864403
418.5  0.442152  1.424379  1.866531
419.0  0.461602  1.408311  1.869913
419.5  0.489738  1.383742  1.873480
420.0  0.520134  1.360298  1.880432
420.5  0.545587  1.343175  1.888762
421.0  0.559853  1.336065  1.895918
421.5  0.559498  1.345092  1.904590
422.0  0.545473  1.370366  1.915838
422.5  0.523553  1.400564  1.924117
423.0  0.502789  1.428023  1.930812
423.5  0.491870  1.442896  1.934766
424.0  0.494807  1.441598  1.936404
424.5  0.508396  1.428328  1.936724
425.0  0.523340  1.411813  1.935153
425.5  0.528624  1.400185  1.928810
426.0  0.516670  1.408192  1.924861
426.5  0.486516  1.437564  1.924080
427.0  0.443823  1.477017  1.920840
427.5  0.398296  1.520168  1.918464
428.0  0.360109  1.560644  1.920753
428.5  0.336819  1.587065  1.923884
429.0  0.331598  1.597521  1.929119
429.5  0.342925  1.592507  1.935432
430.0  0.365407  1.577458  1.942866
430.5  0.391319  1.560905  1.952224
431.0  0.412546  1.551670  1.964216
431.5  0.422736  1.550554  1.973290
432.0  0.419369  1.558391  1.977761
432.5  0.405169  1.578192  1.983361
433.0  0.387932  1.597610  1.985542
433.5  0.378088  1.603842  1.981931
434.0  0.384359  1.589045  1.973404
434.5  0.409382  1.553513  1.962895
435.0  0.447893  1.502321  1.950214
435.5  0.488826  1.450491  1.939317
436.0  0.520267  1.404074  1.924341
436.5  0.534492  1.378113  1.912606
437.0  0.530610  1.376789  1.907399
437.5  0.514079  1.389987  1.904066
438.0  0.494000  1.406064  1.900064
438.5  0.479716  1.419800  1.899516
439.0  0.478012  1.422515  1.900527
439.5  0.491567  1.410633  1.902200
440.0  0.518685  1.383318  1.902003
440.5  0.554017  1.348347  1.902363
441.0  0.589926  1.308947  1.898873
441.5  0.618276  1.276464  1.894740
442.0  0.632507  1.259706  1.892213
442.5  0.629733  1.258691  1.888424
443.0  0.612239  1.272609  1.884847
443.5  0.587398  1.295732  1.883130
444.0  0.565264  1.318535  1.883799
444.5  0.554204  1.332275  1.886478
445.0  0.556537  1.336600  1.893137
445.5  0.566841  1.334280  1.901122
446.0  0.574251  1.335708  1.909959
446.5  0.567565  1.353846  1.921410
447.0  0.540263  1.396266  1.936529
447.5  0.492995  1.453465  1.946460
448.0  0.432885  1.520797  1.953681
448.5  0.370632  1.588888  1.959520
449.0  0.316968  1.647283  1.964251
449.5  0.279744  1.686589  1.966333
450.0  0.262317  1.702025  1.964342
450.5  0.263312  1.697456  1.960768
451.0  0.277492  1.679650  1.957141
451.5  0.297362  1.657890  1.955252
452.0  0.315219  1.637686  1.952906
452.5  0.325392  1.626872  1.952264
453.0  0.326312  1.628789  1.955101
453.5  0.321722  1.637425  1.959147
454.0  0.320077  1.644600  1.964677
454.5  0.331548  1.641688  1.973236
455.0  0.363285  1.616656  1.979941
455.5  0.415167  1.570201  1.985368
456.0  0.478693  1.508955  1.987648
456.5  0.540021  1.447866  1.987887
457.0  0.585568  1.401103  1.986672
457.5  0.607090  1.371966  1.979056
458.0  0.603948  1.365870  1.969818
458.5  0.582180  1.378518  1.960698
459.0  0.551517  1.397574  1.949090
459.5  0.521908  1.414905  1.936813
460.0  0.500735  1.425412  1.926147
460.5  0.491274  1.427188  1.918462
461.0  0.492452  1.418066  1.910518
461.5  0.499642  1.406136  1.905778
462.0  0.506175  1.395571  1.901746
462.5  0.505311  1.395955  1.901266
463.0  0.492408  1.408954  1.901362
463.5  0.466932  1.435362  1.902294
464.0  0.433606  1.467745  1.901352
464.5  0.401800  1.498278  1.900078
465.0  0.382605  1.516593  1.899198
465.5  0.384248  1.511461  1.895709
466.0  0.407968  1.482360  1.890328
466.5  0.446888  1.435881  1.882769
467.0  0.488876  1.391557  1.880433
467.5  0.521829  1.359498  1.881326
468.0  0.538472  1.344117  1.882588
468.5  0.538455  1.347953  1.886408
469.0  0.527392  1.367423  1.894814
469.5  0.513949  1.391893  1.905842
470.0  0.506515  1.411139  1.917654
470.5  0.510573  1.417842  1.928415
471.0  0.527325  1.409865  1.937191
471.5  0.553622  1.392905  1.946527
472.0  0.582920  1.368990  1.951910
472.5  0.606976  1.346372  1.953348
473.0  0.617947  1.337099  1.955046
473.5  0.610659  1.343211  1.953870
474.0  0.584603  1.367762  1.952365
474.5  0.545001  1.405151  1.950152
475.0  0.502034  1.444458  1.946492
475.5  0.467718  1.477433  1.945151
476.0  0.451119  1.494102  1.945222
476.5  0.454090  1.492246  1.946336
477.0  0.470121  1.479838  1.949959
477.5  0.487294  1.468920  1.956214
478.0  0.493719  1.470659  1.964378
478.5  0.482458  1.491768  1.974226
479.0  0.453663  1.530654  1.984317
479.5  0.413609  1.579063  1.992672
480.0  0.371767  1.626179  1.997945
480.5  0.337427  1.663539  2.000966
481.0  0.317032  1.683004  2.000036
481.5  0.312739  1.682256  1.994995
482.0  0.322284  1.662225  1.984509
482.5  0.339926  1.634561  1.974487
483.0  0.358166  1.604626  1.962792
483.5  0.369908  1.578732  1.948640
484.0  0.370753  1.565916  1.936669
484.5  0.360903  1.566626  1.927529
485.0  0.345916  1.575451  1.921367
485.5  0.335448  1.581155  1.916603
486.0  0.339696  1.573182  1.912877
486.5  0.364613  1.546593  1.911206
487.0  0.408359  1.505565  1.913924
487.5  0.461329  1.454066  1.915396
488.0  0.510127  1.401485  1.911612
488.5  0.543246  1.363991  1.907236
489.0  0.555436  1.351341  1.906777
489.5  0.548902  1.353441  1.902343
490.0  0.531513  1.365126  1.896639
490.5  0.513429  1.376842  1.890271
491.0  0.503664  1.383340  1.887004
491.5  0.507590  1.378178  1.885768
492.0  0.525797  1.359857  1.885654
492.5  0.554274  1.332421  1.886695
493.0  0.585636  1.307654  1.893290
493.5  0.611066  1.291654  1.902720
494.0  0.622639  1.289980  1.912618
494.5  0.615687  1.307881  1.923568
495.0  0.590691  1.346706  1.937397
495.5  0.553943  1.396092  1.950035
496.0  0.516156  1.440659  1.956815
496.5  0.488784  1.472504  1.961288
497.0  0.479157  1.485440  1.964597
497.5  0.486819  1.476316  1.963136
498.0  0.503442  1.454710  1.958152
498.5  0.516647  1.436433  1.953081
499.0  0.515635  1.432608  1.948243
499.5  0.495589  1.451074  1.946664
500.0  0.459005  1.489115  1.948121
500.5  0.414029  1.537278  1.951307
501.0  0.371160  1.585382  1.956543
501.5  0.339835  1.623202  1.963037
502.0  0.325901  1.645357  1.971257
502.5  0.330437  1.648097  1.978534
503.0  0.349918  1.637038  1.986956
503.5  0.377453  1.614160  1.991613
504.0  0.404741  1.589617  1.994359
504.5  0.424392  1.570860  1.995251
505.0  0.432179  1.561493  1.993673
505.5  0.428714  1.559679  1.988393
506.0  0.419792  1.558117  1.977909
506.5  0.414740  1.549860  1.964600
507.0  0.422718  1.525946  1.948664
507.5  0.448216  1.486024  1.934240
508.0  0.488066  1.435127  1.923193
508.5  0.532017  1.378890  1.910907
509.0  0.566897  1.331324  1.898221
509.5  0.582167  1.307386  1.889553
510.0  0.573963  1.311303  1.885266
510.5  0.545976  1.336386  1.882362
511.0  0.507420  1.372013  1.879433
511.5  0.469481  1.410832  1.880313
512.0  0.441767  1.442028  1.883795
512.5  0.429788  1.454997  1.884785
513.0  0.433903  1.448304  1.882207
513.5  0.449680  1.428434  1.878114
514.0  0.469361  1.406211  1.875572
514.5  0.484044  1.388746  1.872790
515.0  0.486164  1.381901  1.868065
515.5  0.471880  1.394748  1.866628
516.0  0.442841  1.421359  1.864200
516.5  0.406575  1.457639  1.864214
517.0  0.374777  1.489894  1.864671
517.5  0.359347  1.507221  1.866568
518.0  0.367404  1.502805  1.870209
518.5  0.397714  1.477221  1.874935
519.0  0.440825  1.438045  1.878870
519.5  0.483144  1.399575  1.882719
520.0  0.512742  1.373568  1.886310
520.5  0.523822  1.366137  1.889958
521.0  0.518005  1.375634  1.893639
521.5  0.502607  1.391971  1.894577
522.0  0.487290  1.408812  1.896102
522.5  0.480655  1.414330  1.894985
523.0  0.487785  1.406858  1.894642
523.5  0.509149  1.383454  1.892604
524.0  0.540821  1.349267  1.890087
524.5  0.575699  1.313237  1.888936
525.0  0.605394  1.285180  1.890573
525.5  0.622435  1.269894  1.892330
526.0  0.622490  1.273831  1.896321
526.5  0.606087  1.297506  1.903593
527.0  0.579127  1.333708  1.912835
527.5  0.551424  1.369785  1.921209
528.0  0.533084  1.398807  1.931891
528.5  0.529880  1.413060  1.942940
529.0  0.539991  1.414833  1.954824
529.5  0.554286  1.408809  1.963095
530.0  0.560350  1.411268  1.971619
530.5  0.548063  1.430898  1.978961
531.0  0.513761  1.466180  1.979941
531.5  0.461264  1.516797  1.978061
532.0  0.399950  1.575221  1.975171
532.5  0.341297  1.626395  1.967691
533.0  0.295389  1.664143  1.959531
533.5  0.268431  1.682217  1.950648
534.0  0.261652  1.678752  1.940403
534.5  0.271554  1.660007  1.931560
535.0  0.291211  1.633177  1.924387
535.5  0.312255  1.606201  1.918456
536.0  0.327217  1.586665  1.913882
536.5  0.331867  1.580778  1.912645
537.0  0.327037  1.586928  1.913965
537.5  0.319125  1.597857  1.916981
538.0  0.318426  1.602755  1.921181
538.5  0.335114  1.589047  1.924161
539.0  0.374195  1.554476  1.928671
539.5  0.432100  1.499115  1.931214
540.0  0.497286  1.433549  1.930835
540.5  0.554869  1.372457  1.927326
541.0  0.592693  1.329177  1.921870
541.5  0.605596  1.308330  1.913926
542.0  0.596202  1.308413  1.904615
542.5  0.572715  1.323676  1.896391
543.0  0.545331  1.342871  1.888202
543.5  0.522855  1.355131  1.877986
544.0  0.510471  1.360044  1.870515
544.5  0.508919  1.358421  1.867340
545.0  0.514941  1.351081  1.866022
545.5  0.522614  1.343318  1.865932
546.0  0.525180  1.344466  1.869646
546.5  0.517048  1.358059  1.875106
547.0  0.495693  1.383810  1.879503
547.5  0.463083  1.420816  1.883898
548.0  0.426043  1.461859  1.887902
548.5  0.394879  1.495342  1.890221
549.0  0.380009  1.511936  1.891945
549.5  0.387539  1.504880  1.892420
550.0  0.415981  1.474468  1.890449
550.5  0.456289  1.435232  1.891521
551.0  0.495631  1.396345  1.891976
551.5  0.522859  1.371459  1.894318
552.0  0.532728  1.367525  1.900252
552.5  0.527041  1.382685  1.909726
553.0  0.512859  1.409559  1.922419
553.5  0.499178  1.437901  1.937080
554.0  0.493639  1.460088  1.953727
554.5  0.500277  1.470305  1.970582
555.0  0.518664  1.469005  1.987670
555.5  0.544349  1.459309  2.003659
556.0  0.570221  1.445903  2.016123
556.5  0.588412  1.434418  2.022830
557.0  0.592389  1.435142  2.027531
557.5  0.578901  1.448428  2.027329
558.0  0.549389  1.473566  2.022954
558.5  0.510272  1.506466  2.016737
559.0  0.471504  1.535835  2.007339
559.5  0.443268  1.553656  1.996924
560.0  0.431776  1.556429  1.988205
560.5  0.436261  1.542774  1.979035
561.0  0.449163  1.522198  1.971360
561.5  0.459755  1.506303  1.966058
562.0  0.459221  1.505686  1.964907
562.5  0.444372  1.521684  1.966056
563.0  0.418360  1.551514  1.969874
563.5  0.388664  1.587131  1.975795
564.0  0.363795  1.620975  1.984770
564.5  0.350250  1.642050  1.992300
565.0  0.350663  1.647833  1.998496
565.5  0.363418  1.639398  2.002817
566.0  0.383515  1.618964  2.002479
566.5  0.404216  1.592036  1.996252
567.0  0.418978  1.564933  1.983912
567.5  0.423237  1.546485  1.969722
568.0  0.415723  1.536564  1.952287
568.5  0.399072  1.534184  1.933256
569.0  0.379470  1.536858  1.916328
569.5  0.365138  1.537984  1.903121
570.0  0.363724  1.532107  1.895830
570.5  0.379255  1.514719  1.893974
571.0  0.410007  1.484177  1.894184
571.5  0.448722  1.446576  1.895298
572.0  0.485509  1.418157  1.903666
572.5  0.512080  1.398731  1.910811
573.0  0.525065  1.390386  1.915451
573.5  0.526846  1.395278  1.922124
574.0  0.523893  1.402409  1.926303
574.5  0.523776  1.401544  1.925320
575.0  0.532246  1.395072  1.927318
575.5  0.551382  1.374420  1.925803
576.0  0.579138  1.342373  1.921511
576.5  0.610150  1.312562  1.922712
577.0  0.637376  1.287759  1.925135
577.5  0.654072  1.276605  1.930678
578.0  0.655642  1.287127  1.942768
578.5  0.640970  1.317824  1.958793
579.0  0.612934  1.364280  1.977214
579.5  0.577851  1.421354  1.999205
580.0  0.543770  1.483086  2.026856
580.5  0.517836  1.533363  2.051199
581.0  0.503480  1.567623  2.071102
581.5  0.498705  1.590088  2.088793
582.0  0.496696  1.605941  2.102636
582.5  0.488874  1.617429  2.106302
583.0  0.468966  1.636849  2.105815
583.5  0.435953  1.666881  2.102834
584.0  0.394492  1.701400  2.095891
584.5  0.352928  1.733133  2.086061
585.0  0.320110  1.756305  2.076416
585.5  0.302426  1.766920  2.069346
586.0  0.302021  1.761409  2.063430
586.5  0.316536  1.742527  2.059063
587.0  0.340161  1.720103  2.060263
587.5  0.365516  1.700029  2.065546
588.0  0.385812  1.685912  2.071724
588.5  0.396764  1.685370  2.082134
589.0  0.397863  1.696447  2.094310
589.5  0.392653  1.711922  2.104576
590.0  0.387772  1.725433  2.113205
590.5  0.390765  1.727173  2.117939
591.0  0.407126  1.707379  2.114505
591.5  0.437575  1.667628  2.105203
592.0  0.476977  1.613340  2.090317
592.5  0.515825  1.552901  2.068727
593.0  0.543925  1.497178  2.041103
593.5  0.554511  1.458891  2.013402
594.0  0.546722  1.444794  1.991516
594.5  0.525433  1.447086  1.972519
595.0  0.498889  1.459265  1.958154
595.5  0.475506  1.476004  1.951510
596.0  0.461145  1.488271  1.949415
596.5  0.457658  1.493587  1.951245
597.0  0.462871  1.492520  1.955391
597.5  0.471723  1.488881  1.960605
598.0  0.478082  1.487936  1.966018
598.5  0.476719  1.491808  1.968527
599.0  0.465028  1.502238  1.967266
599.5  0.444111  1.521369  1.965479
600.0  0.418920  1.544948  1.963868
600.5  0.397197  1.563005  1.960202
601.0  0.387212  1.568736  1.955948
601.5  0.394777  1.558257  1.953034
602.0  0.420626  1.534941  1.955566
602.5  0.459482  1.501148  1.960630
603.0  0.501689  1.468107  1.969796
603.5  0.536900  1.446785  1.983685
604.0  0.558081  1.445426  2.003507
604.5  0.563864  1.462728  2.026592
605.0  0.558330  1.493474  2.051803
605.5  0.548704  1.524458  2.073161
606.0  0.542264  1.549249  2.091512
606.5  0.543750  1.564514  2.108264
607.0  0.554038  1.566162  2.120201
607.5  0.570237  1.554528  2.124765
608.0  0.586893  1.536116  2.123009
608.5  0.597801  1.523023  2.120824
609.0  0.597869  1.517979  2.115848
609.5  0.584631  1.523635  2.108266
610.0  0.559100  1.541731  2.100831
610.5  0.525745  1.568746  2.094491
611.0  0.491492  1.598133  2.089624
611.5  0.463804  1.623522  2.087325
612.0  0.448209  1.642324  2.090532
612.5  0.446041  1.649969  2.096010
613.0  0.453511  1.650045  2.103556
613.5  0.462952  1.650661  2.113613
614.0  0.465996  1.657481  2.123477
614.5  0.457191  1.679656  2.136847
615.0  0.436179  1.710618  2.146796
615.5  0.407457  1.741047  2.148504
616.0  0.378173  1.769162  2.147334
616.5  0.355207  1.786128  2.141335
617.0  0.342840  1.782212  2.125052
617.5  0.341694  1.758973  2.100666
618.0  0.349029  1.726513  2.075542
618.5  0.360003  1.691510  2.051513
619.0  0.369368  1.659726  2.029094
619.5  0.373121  1.636229  2.009351
620.0  0.369756  1.627203  1.996958
620.5  0.360875  1.631096  1.991971
621.0  0.351001  1.640151  1.991152
621.5  0.346479  1.644698  1.991176
622.0  0.353564  1.641053  1.994618
622.5  0.376074  1.623231  1.999304
623.0  0.413373  1.589853  2.003226
623.5  0.459794  1.542364  2.002158
624.0  0.506228  1.492956  1.999184
624.5  0.543511  1.449402  1.992913
625.0  0.566001  1.420967  1.986968
625.5  0.573475  1.408562  1.982037
626.0  0.570555  1.410051  1.980606
626.5  0.564245  1.417290  1.981535
627.0  0.560961  1.424208  1.985169
627.5  0.564303  1.430705  1.995009
628.0  0.574178  1.437348  2.011526
628.5  0.587231  1.446858  2.034088
629.0  0.598188  1.458899  2.057087
629.5  0.601564  1.478798  2.080362
630.0  0.593300  1.509546  2.102846
630.5  0.571971  1.552669  2.124640
631.0  0.539363  1.600858  2.140221
631.5  0.500230  1.647415  2.147645
632.0  0.461252  1.687297  2.148549
632.5  0.429299  1.717604  2.146903
633.0  0.409371  1.733527  2.142898
633.5  0.402787  1.730168  2.132955
634.0  0.406496  1.716623  2.123119
634.5  0.414211  1.704910  2.119121
635.0  0.419188  1.698637  2.117825
635.5  0.417326  1.696569  2.113895
636.0  0.408914  1.707212  2.116126
636.5  0.398203  1.726430  2.124633
637.0  0.391266  1.745097  2.136363
637.5  0.393368  1.753372  2.146740
638.0  0.406996  1.748050  2.155046
638.5  0.431104  1.731093  2.162197
639.0  0.461552  1.704371  2.165923
639.5  0.492375  1.672569  2.164944
640.0  0.517419  1.639990  2.157409
640.5  0.531932  1.611116  2.143047
641.0  0.533794  1.590484  2.124278
641.5  0.524118  1.578558  2.102677
642.0  0.507006  1.572572  2.079578
642.5  0.488432  1.568129  2.056561
643.0  0.474407  1.560638  2.035045
643.5  0.468868  1.548495  2.017362
644.0  0.471986  1.536505  2.008491
644.5  0.479808  1.524507  2.004315
645.0  0.485779  1.516483  2.002262
645.5  0.483744  1.519011  2.002755
646.0  0.470911  1.538222  2.009133
646.5  0.449154  1.564295  2.013449
647.0  0.424089  1.589183  2.013272
647.5  0.402652  1.611702  2.014353
648.0  0.390485  1.622703  2.013188
648.5  0.390212  1.617075  2.007286
649.0  0.400970  1.597513  1.998483
649.5  0.419052  1.572179  1.991231
650.0  0.439178  1.548141  1.987320
650.5  0.455992  1.533224  1.989216
651.0  0.465413  1.529910  1.995324
651.5  0.465656  1.543239  2.008895
652.0  0.457732  1.570108  2.027839
652.5  0.445280  1.605413  2.050694
653.0  0.433647  1.639699  2.073346
653.5  0.428269  1.666238  2.094507
654.0  0.432720  1.678310  2.111030
654.5  0.447075  1.672143  2.119218
655.0  0.467507  1.654585  2.122092
655.5  0.487699  1.634924  2.122623
656.0  0.501634  1.615284  2.116918
656.5  0.506336  1.599398  2.105734
657.0  0.503049  1.592618  2.095666
657.5  0.496360  1.593536  2.089896
658.0  0.491983  1.590136  2.082119
658.5  0.494428  1.580449  2.074877
659.0  0.505507  1.566819  2.072326
659.5  0.523993  1.548977  2.072969
660.0  0.546246  1.528695  2.074941
660.5  0.567391  1.509355  2.076746
661.0  0.582669  1.500510  2.083180
661.5  0.588677  1.500043  2.088721
662.0  0.584274  1.507267  2.091541
662.5  0.570961  1.522898  2.093859
663.0  0.552534  1.541899  2.094433
663.5  0.533984  1.553218  2.087202
664.0  0.519851  1.553150  2.073001
664.5  0.512524  1.546372  2.058896
665.0  0.511101  1.530466  2.041567
665.5  0.511450  1.507343  2.018792
666.0  0.507767  1.486264  1.994031
666.5  0.495177  1.479713  1.974889
667.0  0.472102  1.485719  1.957822
667.5  0.441115  1.503408  1.944522
668.0  0.407866  1.529346  1.937212
668.5  0.378814  1.555490  1.934304
669.0  0.358924  1.573667  1.932591
669.5  0.350287  1.585735  1.936023
670.0  0.351908  1.588465  1.940373
670.5  0.360458  1.580540  1.940998
671.0  0.371518  1.569468  1.940986
671.5  0.380886  1.561573  1.942459
672.0  0.385678  1.556281  1.941959
672.5  0.385047  1.553460  1.938508
673.0  0.380434  1.554729  1.935163
673.5  0.375250  1.556721  1.931971
674.0  0.373984  1.555710  1.929694
674.5  0.380795  1.551892  1.932687
675.0  0.397889  1.539321  1.937210
675.5  0.424216  1.524156  1.948372
676.0  0.455242  1.507708  1.962950
676.5  0.484329  1.498351  1.982680
677.0  0.505329  1.497480  2.002810
677.5  0.515101  1.508175  2.023276
678.0  0.514551  1.520933  2.035484
678.5  0.507768  1.535771  2.043540
679.0  0.499925  1.546494  2.046419
679.5  0.495133  1.551188  2.046321
680.0  0.495141  1.545341  2.040482
680.5  0.499149  1.532005  2.031154
681.0  0.504485  1.517399  2.021884
681.5  0.507690  1.502625  2.010315
682.0  0.505621  1.492402  1.998022
682.5  0.496345  1.492311  1.988656
683.0  0.479757  1.506772  1.986530
683.5  0.457903  1.527451  1.985354
684.0  0.434889  1.549493  1.984382
684.5  0.416221  1.569218  1.985438
685.0  0.407405  1.583660  1.991066
685.5  0.412039  1.584231  1.996270
686.0  0.430069  1.569860  1.999929
686.5  0.457285  1.544434  2.001718
687.0  0.486730  1.515634  2.002364
687.5  0.511544  1.488014  1.999558
688.0  0.527709  1.467465  1.995174
688.5  0.535217  1.450951  1.986168
689.0  0.537242  1.436384  1.973626
689.5  0.538106  1.423424  1.961529
690.0  0.541228  1.408630  1.949858
690.5  0.547918  1.385930  1.933847
691.0  0.557217  1.361763  1.918980
691.5  0.566519  1.341359  1.907878
692.0  0.572515  1.329568  1.902083
692.5  0.572109  1.325345  1.897454
693.0  0.563130  1.327953  1.891083
693.5  0.544863  1.342625  1.887488
694.0  0.518463  1.370102  1.888565
694.5  0.487145  1.404815  1.891961
695.0  0.455876  1.435776  1.891652
695.5  0.430230  1.461035  1.891265
696.0  0.414503  1.476340  1.890843
696.5  0.409837  1.482144  1.891981
697.0  0.413561  1.478121  1.891682
697.5  0.420448  1.471243  1.891692
698.0  0.425330  1.466402  1.891731
698.5  0.425523  1.464536  1.890059
699.0  0.421692  1.468167  1.889858
699.5  0.416893  1.477346  1.894239
700.0  0.414659  1.487254  1.901913
700.5  0.417252  1.492162  1.909414
701.0  0.424810  1.493478  1.918288
701.5  0.435483  1.493249  1.928732
702.0  0.446231  1.493172  1.939402
702.5  0.453792  1.493802  1.947594
703.0  0.455497  1.498248  1.953746
703.5  0.449802  1.506758  1.956560
704.0  0.436614  1.518247  1.954861
704.5  0.417539  1.531750  1.949289
705.0  0.395989  1.546552  1.942541
705.5  0.376874  1.557991  1.934865
706.0  0.365526  1.562940  1.928466
706.5  0.365890  1.555214  1.921104
707.0  0.378695  1.536369  1.915064
707.5  0.400802  1.511470  1.912272
708.0  0.426452  1.483570  1.910022
708.5  0.449904  1.458064  1.907968
709.0  0.467924  1.441634  1.909558
709.5  0.480729  1.434502  1.915231
710.0  0.491116  1.423041  1.914158
710.5  0.502605  1.411670  1.914274
711.0  0.517705  1.402831  1.920535
711.5  0.537042  1.387698  1.924741
712.0  0.559416  1.364379  1.923794
712.5  0.582425  1.340559  1.922985
713.0  0.603221  1.323269  1.926491
713.5  0.619045  1.309848  1.928892
714.0  0.627529  1.300676  1.928205
714.5  0.626948  1.296894  1.923842
715.0  0.616607  1.304562  1.921169
715.5  0.597349  1.323727  1.921076
716.0  0.571797  1.346801  1.918598
716.5  0.543850  1.368742  1.912592
717.0  0.517330  1.391717  1.909047
717.5  0.494363  1.411564  1.905927
718.0  0.474577  1.428581  1.903158
718.5  0.455794  1.445725  1.901519
719.0  0.435868  1.464331  1.900199
719.5  0.414430  1.482446  1.896876
720.0  0.393413  1.500623  1.894036
720.5  0.376170  1.516568  1.892738
721.0  0.365874  1.528702  1.894577
721.5  0.364178  1.529840  1.894018
722.0  0.370697  1.526296  1.896993
722.5  0.383357  1.516620  1.899977
723.0  0.399220  1.504056  1.903276
723.5  0.415334  1.493837  1.909172
724.0  0.429325  1.490693  1.920018
724.5  0.439668  1.491109  1.930777
725.0  0.445796  1.493001  1.938797
725.5  0.448183  1.497075  1.945258
726.0  0.448336  1.501601  1.949937
726.5  0.448480  1.504482  1.952962
727.0  0.450739  1.499790  1.950529
727.5  0.456021  1.485936  1.941957
728.0  0.463194  1.470513  1.933708
728.5  0.469264  1.458051  1.927314
729.0  0.470684  1.445585  1.916270
729.5  0.465192  1.437256  1.902447
730.0  0.453086  1.442641  1.895728
730.5  0.437239  1.456252  1.893491
731.0  0.421903  1.469035  1.890938
731.5  0.411065  1.475620  1.886686
732.0  0.407163  1.481478  1.888641
732.5  0.410622  1.479676  1.890298
733.0  0.420168  1.469971  1.890138
733.5  0.433572  1.455361  1.888933
734.0  0.448396  1.441612  1.890007
734.5  0.462494  1.427994  1.890489
735.0  0.474286  1.411911  1.886197
735.5  0.482936  1.402275  1.885212
736.0  0.488574  1.400600  1.889174
736.5  0.492393  1.396933  1.889326
737.0  0.496329  1.394786  1.891115
737.5  0.502181  1.397708  1.899889
738.0  0.510511  1.402577  1.913088
738.5  0.520036  1.403151  1.923187
739.0  0.528092  1.405502  1.933594
739.5  0.532062  1.416856  1.948918
740.0  0.530937  1.431179  1.962116
740.5  0.526036  1.445512  1.971548
741.0  0.520457  1.459171  1.979628
741.5  0.517612  1.468494  1.986106
742.0  0.519681  1.472937  1.992618
742.5  0.526735  1.467268  1.994003
743.0  0.536805  1.454489  1.991294
743.5  0.546715  1.439771  1.986486
744.0  0.553192  1.428933  1.982125
744.5  0.553826  1.424720  1.978546
745.0  0.547588  1.426734  1.974322
745.5  0.534938  1.435464  1.970402
746.0  0.517691  1.451214  1.968905
746.5  0.498729  1.473698  1.972428
747.0  0.481499  1.496640  1.978139
747.5  0.469093  1.516557  1.985650
748.0  0.463044  1.530434  1.993478
748.5  0.462395  1.545193  2.007588
749.0  0.463789  1.559079  2.022867
749.5  0.462850  1.575534  2.038385
750.0  0.456289  1.592851  2.049140
750.5  0.443571  1.610877  2.054448
751.0  0.427244  1.628084  2.055328
751.5  0.411754  1.637467  2.049221
752.0  0.401446  1.634340  2.035786
752.5  0.398757  1.618595  2.017352
753.0  0.403394  1.591448  1.994842
753.5  0.412683  1.560660  1.973343
754.0  0.422747  1.530542  1.953290
754.5  0.429889  1.509832  1.939720
755.0  0.431629  1.499354  1.930983
755.5  0.427185  1.498138  1.925322
756.0  0.417463  1.507269  1.924732
756.5  0.404819  1.523922  1.928741
757.0  0.392682  1.539636  1.932317
757.5  0.384903  1.550331  1.935235
758.0  0.384661  1.550893  1.935554
758.5  0.393117  1.543600  1.936716
759.0  0.408547  1.524955  1.933502
759.5  0.426724  1.504307  1.931031
760.0  0.442653  1.482835  1.925488
760.5  0.452899  1.467726  1.920625
761.0  0.457250  1.461055  1.918305
761.5  0.458818  1.457163  1.915982
762.0  0.462545  1.455917  1.918462
762.5  0.472875  1.454147  1.927022
763.0  0.491729  1.451185  1.942914
763.5  0.517614  1.445283  1.962897
764.0  0.546135  1.435945  1.982080
764.5  0.571491  1.434624  2.006115
765.0  0.588255  1.440634  2.028889
765.5  0.592755  1.456737  2.049492
766.0  0.583767  1.482733  2.066500
766.5  0.562550  1.514396  2.076946
767.0  0.532505  1.551817  2.084322
767.5  0.498585  1.588502  2.087087
768.0  0.466402  1.621242  2.087644
768.5  0.440922  1.641563  2.082485
769.0  0.424976  1.651217  2.076194
769.5  0.418274  1.650781  2.069055
770.0  0.417633  1.647806  2.065439
770.5  0.418572  1.645577  2.064149
771.0  0.417571  1.647804  2.065375
771.5  0.413842  1.655412  2.069254
772.0  0.409701  1.667543  2.077245
772.5  0.409365  1.680705  2.090071
773.0  0.416827  1.687056  2.103883
773.5  0.433852  1.682172  2.116024
774.0  0.459026  1.667538  2.126564
774.5  0.488202  1.644290  2.132492
775.0  0.515992  1.613683  2.129675
775.5  0.537527  1.585606  2.123133
776.0  0.549749  1.562823  2.112572
776.5  0.551874  1.546257  2.098131
777.0  0.545160  1.532645  2.077805
777.5  0.532335  1.518001  2.050336
778.0  0.516919  1.512024  2.028943
778.5  0.502444  1.511124  2.013568
779.0  0.491492  1.508858  2.000349
779.5  0.484710  1.502588  1.987298
780.0  0.480355  1.500220  1.980574
780.5  0.474852  1.510528  1.985380
781.0  0.464432  1.528760  1.993191
781.5  0.447150  1.549934  1.997083
782.0  0.424297  1.576321  2.000618
782.5  0.400403  1.604654  2.005057
783.0  0.381731  1.627621  2.009353
783.5  0.373906  1.634959  2.008865
784.0  0.379717  1.623260  2.002977
784.5  0.398050  1.599285  1.997335
785.0  0.424338  1.570890  1.995228
785.5  0.452200  1.543358  1.995558
786.0  0.475453  1.522298  1.997751
786.5  0.489701  1.513971  2.003672
787.0  0.493095  1.523030  2.016126
787.5  0.486339  1.551947  2.038286
788.0  0.472250  1.590553  2.062803
788.5  0.455096  1.632205  2.087301
789.0  0.439651  1.671834  2.111485
789.5  0.429896  1.703363  2.133259
790.0  0.427637  1.722786  2.150423
790.5  0.431704  1.729730  2.161434
791.0  0.438382  1.725525  2.163907
791.5  0.443125  1.719754  2.162879
792.0  0.442828  1.715591  2.158419
792.5  0.437504  1.712924  2.150428
793.0  0.430506  1.711317  2.141824
793.5  0.427190  1.706854  2.134044
794.0  0.432641  1.695492  2.128132
794.5  0.449536  1.674243  2.123779
795.0  0.477090  1.644403  2.121493
795.5  0.511447  1.609303  2.120750
796.0  0.547196  1.577709  2.124905
796.5  0.579169  1.553307  2.132477
797.0  0.603765  1.536103  2.139868
797.5  0.619411  1.526726  2.146136
798.0  0.626326  1.525696  2.152023
798.5  0.625983  1.526809  2.152791
799.0  0.620527  1.533021  2.153548
799.5  0.612199  1.534141  2.146340
800.0  0.602627  1.530723  2.133350
800.5  0.592102  1.523833  2.115935
801.0  0.579213  1.517431  2.096644
801.5  0.561270  1.511995  2.073265
802.0  0.535614  1.513585  2.049199
802.5  0.501299  1.526781  2.028079
803.0  0.460309  1.555231  2.015540
803.5  0.417550  1.590236  2.007786
804.0  0.379463  1.624180  2.003643
804.5  0.351807  1.652996  2.004803
805.0  0.337602  1.672498  2.010100
805.5  0.336192  1.679977  2.016168
806.0  0.343808  1.674630  2.018438
806.5  0.355275  1.665123  2.020398
807.0  0.365983  1.655802  2.021785
807.5  0.373251  1.649606  2.022856
808.0  0.376707  1.641159  2.017865
808.5  0.377830  1.636053  2.013883
809.0  0.379144  1.634094  2.013238
809.5  0.383399  1.636360  2.019760
810.0  0.392836  1.634304  2.027139
810.5  0.408409  1.627071  2.035480
811.0  0.429092  1.622062  2.051154
811.5  0.451633  1.620632  2.072265
812.0  0.471219  1.620662  2.091881
812.5  0.483077  1.624673  2.107750
813.0  0.484459  1.639560  2.124019
813.5  0.476034  1.661073  2.137107
814.0  0.461925  1.683390  2.145315
814.5  0.448207  1.697279  2.145486
815.0  0.440515  1.699613  2.140128
815.5  0.441854  1.691281  2.133135
816.0  0.451638  1.671072  2.122709
816.5  0.466340  1.646625  2.112965
817.0  0.481277  1.621783  2.103060
817.5  0.492536  1.601123  2.093659
818.0  0.498165  1.591178  2.089343
818.5  0.498311  1.589259  2.087570
819.0  0.494611  1.594014  2.088625
819.5  0.489371  1.600505  2.089876
820.0  0.484904  1.609564  2.094468
820.5  0.483053  1.617022  2.100076
821.0  0.484776  1.620372  2.105148
821.5  0.489747  1.617563  2.107310
822.0  0.496207  1.608098  2.104305
822.5  0.501363  1.597896  2.099259
823.0  0.502471  1.589714  2.092185
823.5  0.498262  1.579371  2.077634
824.0  0.489972  1.570318  2.060290
824.5  0.481265  1.565531  2.046796
825.0  0.476870  1.553113  2.029984
825.5  0.480473  1.534883  2.015356
826.0  0.492912  1.507066  1.999978
826.5  0.511639  1.476844  1.988483
827.0  0.531719  1.450229  1.981949
827.5  0.547814  1.432218  1.980031
828.0  0.556131  1.427111  1.983242
828.5  0.555496  1.431871  1.987366
829.0  0.547279  1.444957  1.992235
829.5  0.534513  1.462490  1.997003
830.0  0.520753  1.481392  2.002144
830.5  0.509097  1.496037  2.005135
831.0  0.501522  1.502839  2.004361
831.5  0.498479  1.502136  2.000615
832.0  0.498741  1.499007  1.997748
832.5  0.499574  1.497744  1.997318
833.0  0.497411  1.499311  1.996722
833.5  0.489061  1.511415  2.000477
834.0  0.473167  1.533783  2.006950
834.5  0.451258  1.566399  2.017657
835.0  0.427696  1.607311  2.035007
835.5  0.408260  1.650757  2.059017
836.0  0.397818  1.682597  2.080415
836.5  0.398163  1.697573  2.095735
837.0  0.407153  1.703220  2.110373
837.5  0.419615  1.699445  2.119060
838.0  0.429507  1.691163  2.120669
838.5  0.432209  1.685492  2.117701
839.0  0.425904  1.685731  2.111635
839.5  0.411692  1.689701  2.101392
840.0  0.392764  1.694204  2.086969
840.5  0.373239  1.701201  2.074439
841.0  0.357108  1.709709  2.066817
841.5  0.347478  1.712925  2.060404
842.0  0.346031  1.710371  2.056402
842.5  0.352676  1.702797  2.055473
843.0  0.365501  1.693079  2.058581
843.5  0.381271  1.682276  2.063547
844.0  0.396590  1.667957  2.064547
844.5  0.409430  1.655706  2.065135
845.0  0.420301  1.644940  2.065240
845.5  0.432314  1.631768  2.064082
846.0  0.449877  1.611040  2.060917
846.5  0.476504  1.577251  2.053755
847.0  0.512818  1.527253  2.040072
847.5  0.555797  1.468075  2.023872
848.0  0.599658  1.407804  2.007462
848.5  0.637860  1.353415  1.991275
849.0  0.665160  1.310394  1.975554
849.5  0.678844  1.280726  1.959571
850.0  0.678882  1.268051  1.946933
850.5  0.667311  1.270425  1.937736
851.0  0.647345  1.288230  1.935575
851.5  0.622505  1.313780  1.936285
852.0  0.595903  1.342963  1.938866
852.5  0.569644  1.373167  1.942811
853.0  0.544416  1.402252  1.946668
853.5  0.519420  1.431042  1.950462
854.0  0.492835  1.462456  1.955291
854.5  0.462891  1.493875  1.956766
855.0  0.429223  1.526316  1.955539
855.5  0.393867  1.559438  1.953305
856.0  0.361238  1.590378  1.951616
856.5  0.336851  1.613852  1.950703
857.0  0.325211  1.627483  1.952694
857.5  0.327879  1.627521  1.955400
858.0  0.342731  1.619648  1.962380
858.5  0.364822  1.607794  1.972617
859.0  0.388348  1.598164  1.986513
859.5  0.408630  1.594594  2.003224
860.0  0.423255  1.599223  2.022478
860.5  0.432139  1.603951  2.036090
861.0  0.436848  1.609099  2.045947
861.5  0.439677  1.614512  2.054188
862.0  0.442815  1.612466  2.055281
862.5  0.447723  1.600233  2.047956
863.0  0.454706  1.582481  2.037187
863.5  0.462720  1.563300  2.026021
864.0  0.469485  1.543086  2.012571
864.5  0.472079  1.529629  2.001708
865.0  0.468036  1.525816  1.993852
865.5  0.456632  1.527308  1.983941
866.0  0.439795  1.537084  1.976879
866.5  0.421994  1.549376  1.971371
867.0  0.408945  1.564097  1.973042
867.5  0.405504  1.570785  1.976289
868.0  0.413729  1.562466  1.976196
868.5  0.432097  1.543826  1.975924
869.0  0.456272  1.520626  1.976898
869.5  0.480928  1.498577  1.979505
870.0  0.501606  1.479498  1.981105
870.5  0.515795  1.462630  1.978425
871.0  0.523035  1.448930  1.971965
871.5  0.524406  1.443262  1.967668
872.0  0.521819  1.440607  1.962426
872.5  0.517374  1.439115  1.956489
873.0  0.512850  1.433119  1.945970
873.5  0.509279  1.424144  1.933422
874.0  0.506605  1.420790  1.927395
874.5  0.503588  1.417076  1.920665
875.0  0.498161  1.417774  1.915935
875.5  0.488386  1.425680  1.914067
876.0  0.473709  1.436726  1.910435
876.5  0.455887  1.453737  1.909624
877.0  0.438944  1.474988  1.913932
877.5  0.427924  1.489342  1.917266
878.0  0.426894  1.490515  1.917409
878.5  0.437186  1.478291  1.915477
879.0  0.456844  1.457551  1.914395
879.5  0.481569  1.435133  1.916703
880.0  0.506536  1.409008  1.915544
880.5  0.528030  1.385468  1.913498
881.0  0.544180  1.370389  1.914569
881.5  0.554777  1.362289  1.917066
882.0  0.560637  1.360435  1.921072
882.5  0.562992  1.363854  1.926846
883.0  0.563108  1.372021  1.935129
883.5  0.562046  1.380945  1.942991
884.0  0.560402  1.392542  1.952944
884.5  0.557981  1.403799  1.961780
885.0  0.553553  1.412103  1.965656
885.5  0.545035  1.426156  1.971191
886.0  0.530275  1.445662  1.975937
886.5  0.508216  1.464828  1.973045
887.0  0.479862  1.488613  1.968475
887.5  0.448388  1.515147  1.963535
888.0  0.418167  1.540990  1.959157
888.5  0.393094  1.559741  1.952835
889.0  0.375076  1.568365  1.943441
889.5  0.363570  1.574966  1.938536
890.0  0.356386  1.577803  1.934189
890.5  0.351178  1.579169  1.930347
891.0  0.346681  1.580384  1.927065
891.5  0.343083  1.580343  1.923426
892.0  0.341586  1.581171  1.922756
892.5  0.343656  1.582907  1.926563
893.0  0.350426  1.578712  1.929138
893.5  0.362434  1.566642  1.929076
894.0  0.379566  1.551977  1.931543
894.5  0.400990  1.536779  1.937768
895.0  0.424979  1.513846  1.938825
895.5  0.448881  1.489960  1.938841
896.0  0.469547  1.475618  1.945165
896.5  0.484350  1.469883  1.954234
897.0  0.492371  1.464416  1.956787
897.5  0.495077  1.464206  1.959283
898.0  0.495944  1.470519  1.966463
898.5  0.499000  1.473369  1.972368
899.0  0.506932  1.465644  1.972576
899.5  0.519767  1.451028  1.970795
900.0  0.534886  1.436960  1.971846
900.5  0.548354  1.425593  1.973947
901.0  0.556715  1.415744  1.972459
901.5  0.558216  1.411808  1.970024
902.0  0.552976  1.413943  1.966919
902.5  0.542343  1.422332  1.964675
903.0  0.528092  1.433770  1.961862
903.5  0.511958  1.448401  1.960359
904.0  0.495568  1.461543  1.957111
904.5  0.480473  1.478531  1.959003
905.0  0.467925  1.493750  1.961675
905.5  0.458364  1.509212  1.967577
906.0  0.450979  1.520860  1.971840
906.5  0.443899  1.538289  1.982188
907.0  0.435181  1.555215  1.990396
907.5  0.424178  1.577267  2.001445
908.0  0.412482  1.599570  2.012052
908.5  0.403732  1.617837  2.021569
909.0  0.402179  1.628239  2.030418
909.5  0.410649  1.624676  2.035325
910.0  0.429036  1.603489  2.032524
910.5  0.454234  1.568693  2.022927
911.0  0.481534  1.531153  2.012687
911.5  0.506552  1.491406  1.997958
912.0  0.526559  1.454254  1.980813
912.5  0.540659  1.426462  1.967121
913.0  0.549133  1.406404  1.955537
913.5  0.552658  1.390753  1.943411
914.0  0.551912  1.381138  1.933050
914.5  0.547614  1.385175  1.932788
915.0  0.540629  1.395162  1.935791
915.5  0.531765  1.403618  1.935383
916.0  0.521250  1.411971  1.933221
916.5  0.508349  1.426852  1.935201
917.0  0.491635  1.447608  1.939243
917.5  0.470020  1.468875  1.938894
918.0  0.444032  1.491281  1.935313
918.5  0.416551  1.514637  1.931188
919.0  0.392370  1.535984  1.928354
919.5  0.376562  1.548416  1.924979
920.0  0.372331  1.547980  1.920311
920.5  0.379501  1.539466  1.918967
921.0  0.394561  1.528605  1.923166
921.5  0.412253  1.517828  1.930081
922.0  0.427705  1.510903  1.938608
922.5  0.437893  1.513659  1.951552
923.0  0.441896  1.526669  1.968565
923.5  0.440269  1.543387  1.983656
924.0  0.434297  1.564345  1.998642
924.5  0.425644  1.589567  2.015211
925.0  0.416382  1.612775  2.029157
925.5  0.408959  1.628654  2.037613
926.0  0.405702  1.638847  2.044548
926.5  0.407881  1.640960  2.048841
927.0  0.414929  1.636070  2.050999
927.5  0.424496  1.625343  2.049839
928.0  0.433544  1.611613  2.045157
928.5  0.439987  1.603705  2.043692
929.0  0.443980  1.599941  2.043920
929.5  0.448103  1.598127  2.046230
930.0  0.456224  1.587759  2.043984
930.5  0.471554  1.576987  2.048541
931.0  0.494941  1.566158  2.061100
931.5  0.524410  1.549033  2.073444
932.0  0.556128  1.529598  2.085726
932.5  0.586050  1.515539  2.101589
933.0  0.611163  1.511007  2.122169
933.5  0.629756  1.506837  2.136594
934.0  0.640988  1.509098  2.150086
934.5  0.644407  1.517678  2.162085
935.0  0.639935  1.527338  2.167273
935.5  0.628220  1.530548  2.158768
936.0  0.610864  1.530813  2.141676
936.5  0.590037  1.533520  2.123557
937.0  0.567506  1.532535  2.100040
937.5  0.543698  1.527623  2.071320
938.0  0.517557  1.530751  2.048308
938.5  0.487429  1.543405  2.030834
939.0  0.452506  1.595929  2.048435
939.5  0.413996  1.622526  2.036523
940.0  0.375351  1.665463  2.040814
940.5  0.341354  1.694421  2.035775
941.0  0.316503  1.723434  2.039937
941.5  0.303492  1.742596  2.046088
942.0  0.302573  1.739832  2.042405
942.5  0.311994  1.726335  2.038329
943.0  0.329016  1.715421  2.044437
943.5  0.350759  1.686147  2.036906
944.0  0.374520  1.670549  2.045069
944.5  0.397777  1.629580  2.027358
945.0  0.418342  1.624613  2.042955
945.5  0.434841  1.590829  2.025670
946.0  0.447235  1.596757  2.043992
946.5  0.456859  1.568302  2.025161
947.0  0.465661  1.574203  2.039864
947.5  0.474938  1.557768  2.032707
948.0  0.484354  1.547840  2.032194
948.5  0.491929  1.543725  2.035654
949.0  0.495084  1.532186  2.027270
949.5  0.492091  1.548641  2.040732
950.0  0.483121  1.540602  2.023723
950.5  0.470335  1.572592  2.042927
951.0  0.457019  1.567582  2.024600
951.5  0.446268  1.596341  2.042609
952.0  0.439938  1.586401  2.026340
952.5  0.438368  1.599070  2.037438
953.0  0.440864  1.588575  2.029440
953.5  0.446401  1.586497  2.032898
954.0  0.453997  1.578703  2.032700
954.5  0.462634  1.568965  2.031599
955.0  0.471066  1.561311  2.032377
955.5  0.477934  1.553285  2.031219
956.0  0.482262  1.547298  2.029560
956.5  0.484023  1.551436  2.035459
957.0  0.484243  1.541787  2.026030
957.5  0.484417  1.556487  2.040903
958.0  0.485522  1.537494  2.023016
958.5  0.487307  1.555747  2.043054
959.0  0.488400  1.530111  2.018511
959.5  0.487198  1.551399  2.038596
960.0  0.482993  1.540527  2.023520
960.5  0.476656  1.558729  2.035385
961.0  0.470504  1.558861  2.029365
961.5  0.467450  1.561457  2.028908
962.0  0.469892  1.567798  2.037690
962.5  0.478914  1.546071  2.024985
963.0  0.494154  1.544799  2.038953
963.5  0.514220  1.508820  2.023040
964.0  0.537193  1.498694  2.035887
964.5  0.560838  1.465967  2.026805
965.0  0.582568  1.453690  2.036258
965.5  0.599524  1.429036  2.028560
966.0  0.609077  1.421855  2.030933
966.5  0.609655  1.423510  2.033165
967.0  0.601411  1.430747  2.032158
967.5  0.586232  1.443552  2.029784
968.0  0.566910  1.465921  2.032831
968.5  0.545878  1.484811  2.030690
969.0  0.524226  1.513888  2.038114
969.5  0.501563  1.525635  2.027198
970.0  0.476756  1.568291  2.045047
970.5  0.449024  1.576951  2.025976
971.0  0.418746  1.624051  2.042797
971.5  0.387553  1.637423  2.024976
972.0  0.357743  1.686261  2.044004
972.5  0.331442  1.695423  2.026865
973.0  0.310052  1.725584  2.035635
973.5  0.294298  1.735962  2.030260
974.0  0.284664  1.744106  2.028769
974.5  0.281711  1.755793  2.037504
975.0  0.285925  1.738969  2.024894
975.5  0.297224  1.740302  2.037526
976.0  0.314603  1.711347  2.025950
976.5  0.336316  1.701024  2.037341
977.0  0.360511  1.667072  2.027584
977.5  0.385903  1.646024  2.031926
978.0  0.411993  1.618995  2.030987
978.5  0.438682  1.592323  2.031005
979.0  0.465579  1.566652  2.032231
979.5  0.491557  1.537045  2.028602
980.0  0.514918  1.515607  2.030525
980.5  0.534113  1.496076  2.030189
981.0  0.548539  1.477797  2.026336
981.5  0.558914  1.471555  2.030469
982.0  0.566980  1.454276  2.021256
982.5  0.574676  1.464024  2.038700
983.0  0.583215  1.435608  2.018823
983.5  0.592604  1.443646  2.036250
984.0  0.601821  1.415663  2.017484
984.5  0.609407  1.427879  2.037286
985.0  0.613987  1.410411  2.024399
985.5  0.614417  1.419643  2.034060
986.0  0.609677  1.418750  2.028427
986.5  0.598866  1.428053  2.026918
987.0  0.581485  1.452996  2.034482
987.5  0.557896  1.466187  2.024083
988.0  0.529582  1.504543  2.034125
988.5  0.498952  1.524573  2.023524
989.0  0.468659  1.564373  2.033032
989.5  0.440758  1.583281  2.024038
990.0  0.416179  1.612621  2.028800
990.5  0.394837  1.634656  2.029492
991.0  0.376284  1.651475  2.027759
991.5  0.360500  1.667564  2.028064
992.0  0.348314  1.679509  2.027823
992.5  0.341218  1.684444  2.025663
993.0  0.340638  1.687734  2.028373
993.5  0.347126  1.672793  2.019919
994.0  0.359984  1.671634  2.031617
994.5  0.377555  1.638951  2.016506
995.0  0.397929  1.635478  2.033407
995.5  0.419520  1.594626  2.014146
996.0  0.441173  1.588708  2.029881
996.5  0.461901  1.555092  2.016993
997.0  0.480634  1.544073  2.024706
997.5  0.496260  1.525831  2.022090
998.0  0.507911  1.513362  2.021273
998.5  0.515223  1.511806  2.027029
999.0  0.518321  1.499040  2.017362
999.5  0.517476  1.513241  2.030716
1000.0  0.512680  1.505126  2.017806
