0.0  330.4676
0.5  357.2968
1.0  374.1840
1.5  377.2266
2.0  367.1280
2.5  349.6305
3.0  333.4571
3.5  326.2896
4.0  330.8861
4.5  343.7849
5.0  357.4514
5.5  364.3534
6.0  360.3650
6.5  345.8549
7.0  324.6597
7.5  302.2168
8.0  283.9401
8.5  274.1448
9.0  275.3178
9.5  287.5398
10.0  308.1548
10.5  331.9984
11.0  352.4820
11.5  363.5550
12.0  362.0737
12.5  349.5740
13.0  332.2420
13.5  318.4760
14.0  314.8495
14.5  322.6615
15.0  337.2666
15.5  350.6292
16.0  355.3752
16.5  347.8731
17.0  329.0082
17.5  303.0337
18.0  275.7324
18.5  252.8309
19.0  238.8861
19.5  236.4590
20.0  245.4634
20.5  262.8452
21.0  282.9260
21.5  298.6898
22.0  303.9815
22.5  296.0566
23.0  277.3607
23.5  255.2601
24.0  239.1783
24.5  236.1728
25.0  247.3892
25.5  267.6360
26.0  288.3115
26.5  301.6786
27.0  303.9311
27.5  295.8448
28.0  281.5561
28.5  266.7334
29.0  257.0035
29.5  256.7870
30.0  268.3784
30.5  291.2339
31.0  321.6929
31.5  353.4799
32.0  379.2110
32.5  392.7633
33.0  391.8132
33.5  379.3403
34.0  362.8959
34.5  351.3627
35.0  350.5776
35.5  360.3474
36.0  374.7830
36.5  385.6666
37.0  386.5687
37.5  375.3294
38.0  354.0910
38.5  327.7177
39.0  301.9173
39.5  281.8278
40.0  271.0999
40.5  271.2289
41.0  281.0570
41.5  296.6581
42.0  311.9560
42.5  320.3042
43.0  316.8572
43.5  300.9770
44.0  277.4035
44.5  255.0050
45.0  243.0263
45.5  246.5068
46.0  263.5877
46.5  286.5067
47.0  305.6180
47.5  313.8305
48.0  309.0289
48.5  293.8357
49.0  273.7400
49.5  255.0000
50.0  243.0886
50.5  241.7001
51.0  252.0667
51.5  272.5125
52.0  298.4604
52.5  323.2341
53.0  339.8471
53.5  343.5402
54.0  334.2039
54.5  317.3333
55.0  302.3653
55.5  298.5238
56.0  310.1300
56.5  334.2158
57.0  362.0498
57.5  383.5572
58.0  391.8221
58.5  385.3022
59.0  367.3173
59.5  343.9696
60.0  321.9228
60.5  306.7872
61.0  302.1234
61.5  308.8261
62.0  324.8089
62.5  345.1729
63.0  363.1478
63.5  371.9414
64.0  367.2162
64.5  349.3171
65.0  323.9672
65.5  300.4323
66.0  287.4516
66.5  288.9104
67.0  301.8751
67.5  318.2720
68.0  329.0590
68.5  328.2590
69.0  314.8191
69.5  292.0465
70.0  265.7203
70.5  242.1139
71.0  226.5131
71.5  222.2138
72.0  229.8281
72.5  246.9167
73.0  268.1979
73.5  286.6288
74.0  295.4439
74.5  290.7560
75.0  273.7204
75.5  250.9069
76.0  231.9868
76.5  225.3199
77.0  233.7246
77.5  253.0927
78.0  274.7909
78.5  290.2194
79.0  294.6729
79.5  288.6336
80.0  276.6133
80.5  264.9124
81.0  259.5817
81.5  265.0769
82.0  283.4670
82.5  313.9548
83.0  352.7062
83.5  393.2323
84.0  427.6120
84.5  448.6076
85.0  452.2357
85.5  439.7681
86.0  417.8494
86.5  395.9684
87.0  382.0335
87.5  378.3945
88.0  380.8307
88.5  381.2027
89.0  371.9900
89.5  349.9210
90.0  316.9902
90.5  279.0871
91.0  243.6134
91.5  217.3467
92.0  205.0454
92.5  208.6858
93.0  227.1034
93.5  256.0136
94.0  288.6175
94.5  317.0298
95.0  334.5214
95.5  338.0583
96.0  330.0296
96.5  317.8494
97.0  310.8420
97.5  315.4876
98.0  331.6594
98.5  352.3408
99.0  367.1388
99.5  367.3761
100.0  349.7903
100.5  317.2714
101.0  277.0876
101.5  238.1147
102.0  208.3743
102.5  193.3989
103.0  195.3547
103.5  212.7237
104.0  240.5252
104.5  271.2469
105.0  296.6521
105.5  310.3425
106.0  310.4029
106.5  300.8777
107.0  290.7679
107.5  290.2088
108.0  305.3418
108.5  334.7944
109.0  370.0893
109.5  399.7748
110.0  414.6572
110.5  411.2127
111.0  391.9642
111.5  363.5634
112.0  334.1158
112.5  310.9001
113.0  298.8635
113.5  299.7869
114.0  311.9737
114.5  330.4939
115.0  348.1712
115.5  357.4535
116.0  352.9844
116.5  334.1340
117.0  306.2170
117.5  279.1527
118.0  263.4167
118.5  264.9825
119.0  282.1729
119.5  306.4966
120.0  326.9464
120.5  335.0275
121.0  327.7710
121.5  307.8011
122.0  281.3592
122.5  255.7916
123.0  237.5108
123.5  230.6805
124.0  236.4737
124.5  252.7812
125.0  274.4582
125.5  294.3360
126.0  305.1354
126.5  302.0500
127.0  285.1780
127.5  260.4878
128.0  238.1483
128.5  228.2747
129.0  235.9956
129.5  258.7601
130.0  287.7006
130.5  312.1952
131.0  324.7612
131.5  323.6631
132.0  312.5420
132.5  298.1433
133.0  287.6935
133.5  286.8957
134.0  298.7402
134.5  322.9460
135.0  355.8912
135.5  391.1126
136.0  420.5663
136.5  436.7252
137.0  435.1855
137.5  416.8792
138.0  388.5916
138.5  360.8013
139.0  343.2017
139.5  340.0200
140.0  347.9466
140.5  358.0900
141.0  360.7357
141.5  349.9863
142.0  325.8962
142.5  293.6771
143.0  261.1797
143.5  236.1935
144.0  224.4832
144.5  228.7132
145.0  248.0454
145.5  278.2431
146.0  312.3343
146.5  342.0051
147.0  359.7748
147.5  361.5863
148.0  348.8621
148.5  328.7152
149.0  311.4174
149.5  305.6892
150.0  314.1369
150.5  331.6675
151.0  348.0466
151.5  353.0384
152.0  341.0437
152.5  312.9611
153.0  275.0638
153.5  236.2211
154.0  205.0234
154.5  187.7007
155.0  186.9950
155.5  201.7978
156.0  227.4015
156.5  256.4036
157.0  280.3982
157.5  292.4248
158.0  289.6901
158.5  275.4589
159.0  258.7134
159.5  250.8203
160.0  260.1854
160.5  287.6918
161.0  325.8503
161.5  362.3714
162.0  385.9443
162.5  390.8527
163.0  378.3744
163.5  355.1710
164.0  330.2456
164.5  312.0222
165.0  306.3248
165.5  315.3249
166.0  337.2495
166.5  366.7149
167.0  395.7422
167.5  415.5799
168.0  419.2753
168.5  404.4489
169.0  375.1129
169.5  341.1159
170.0  314.5344
170.5  304.1596
171.0  311.0043
171.5  327.7084
172.0  342.3393
172.5  344.1977
173.0  328.2769
173.5  296.4751
174.0  255.8943
174.5  215.8131
175.0  184.8285
175.5  168.8917
176.0  170.2905
176.5  187.3806
177.0  214.9497
177.5  245.2785
178.0  270.0059
178.5  282.6932
179.0  281.4768
179.5  270.6113
180.0  259.5587
180.5  259.1528
181.0  276.2184
181.5  309.6057
182.0  350.2458
182.5  385.3424
183.0  404.1270
183.5  401.9669
184.0  381.2150
184.5  349.3210
185.0  315.7974
185.5  289.4258
186.0  276.3252
186.5  278.9086
187.0  295.5634
187.5  320.9987
188.0  347.3509
188.5  366.1536
189.0  371.0204
189.5  360.3708
190.0  338.9563
190.5  316.8441
191.0  305.4402
191.5  312.0039
192.0  335.6601
192.5  367.5158
193.0  394.9472
193.5  407.4192
194.0  400.5794
194.5  377.0115
195.0  344.2179
195.5  311.4780
196.0  287.0146
196.5  276.1102
197.0  280.1920
197.5  296.6923
198.0  319.5788
198.5  340.6063
199.0  351.3562
199.5  345.8959
200.0  323.3840
200.5  289.3999
201.0  254.7072
201.5  231.1278
202.0  226.0727
202.5  238.7508
203.0  260.5365
203.5  279.3739
204.0  285.4862
204.5  275.2136
205.0  251.5447
205.5  222.0176
206.0  195.6327
206.5  180.1354
207.0  180.2423
207.5  196.8072
208.0  226.7408
208.5  263.6036
209.0  298.9306
209.5  324.3415
210.0  334.2119
210.5  328.1487
211.0  311.9996
211.5  296.1938
212.0  291.3639
212.5  303.1050
213.0  328.9213
213.5  359.4348
214.0  383.1669
214.5  391.9241
215.0  383.8858
215.5  363.4288
216.0  338.6629
216.5  318.3302
217.0  309.2806
217.5  314.9659
218.0  334.8803
218.5  364.7473
219.0  397.3634
219.5  424.1259
220.0  437.2347
220.5  432.2556
221.0  410.2260
221.5  378.0899
222.0  346.5087
222.5  325.3564
223.0  318.9454
223.5  323.8033
224.0  330.5415
224.5  328.7209
225.0  311.8016
225.5  279.6454
226.0  237.9425
226.5  195.6289
227.0  161.8535
227.5  143.5792
228.0  144.1875
228.5  163.0072
229.0  195.5896
229.5  234.6543
230.0  271.7257
230.5  299.3875
231.0  313.7494
231.5  316.2233
232.0  313.4354
232.5  314.5713
233.0  326.8408
233.5  351.3157
234.0  381.7312
234.5  407.2246
235.0  417.4556
235.5  407.1713
236.0  378.0186
236.5  337.3450
237.0  295.2328
237.5  261.3216
238.0  242.4241
238.5  241.2408
239.0  256.0734
239.5  281.3648
240.0  308.9939
240.5  330.3017
241.0  338.6804
241.5  332.1552
242.0  314.8926
242.5  296.4230
243.0  288.0861
243.5  297.8143
244.0  325.8803
244.5  364.2142
245.0  399.8975
245.5  420.8496
246.0  420.5849
246.5  399.9457
247.0  365.7566
247.5  327.7729
248.0  295.4917
248.5  275.7793
249.0  271.5752
249.5  281.5475
250.0  300.5273
250.5  320.6658
251.0  333.3335
251.5  331.6606
252.0  313.2272
252.5  281.8625
253.0  247.2454
253.5  221.5937
254.0  214.3412
254.5  227.4318
255.0  254.0999
255.5  282.0611
256.0  299.2381
256.5  298.7646
257.0  280.9773
257.5  252.2341
258.0  221.9266
258.5  199.2916
259.0  191.0127
259.5  199.8960
260.0  224.5052
260.5  259.5865
261.0  297.2155
261.5  328.6736
262.0  346.9444
262.5  349.3329
263.0  339.1759
263.5  325.3557
264.0  318.9680
264.5  328.1386
265.0  353.6625
265.5  388.2262
266.0  419.8728
266.5  437.6122
267.0  435.9542
267.5  416.3399
268.0  385.5899
268.5  352.8466
269.0  326.5518
269.5  312.3293
270.0  311.9535
270.5  323.2487
271.0  340.7250
271.5  356.8689
272.0  364.0554
272.5  356.9230
273.0  334.6754
273.5  302.3106
274.0  269.6491
274.5  247.7701
275.0  244.0473
275.5  258.3821
276.0  283.0278
276.5  306.2856
277.0  317.8990
277.5  313.1629
278.0  294.0198
278.5  267.3854
279.0  242.1366
279.5  226.1961
280.0  224.5128
280.5  238.1096
281.0  264.0577
281.5  296.2069
282.0  326.5821
282.5  347.3762
283.0  353.3151
283.5  343.8077
284.0  323.9011
284.5  303.0426
285.0  291.4531
285.5  295.4070
286.0  313.9049
286.5  338.8642
287.0  358.9147
287.5  364.6325
288.0  352.3749
288.5  325.1206
289.0  290.6194
289.5  258.2861
290.0  236.2586
290.5  229.4059
291.0  238.4539
291.5  260.0933
292.0  287.8937
292.5  313.9021
293.0  330.7897
293.5  334.2227
294.0  324.7827
294.5  308.4631
295.0  294.9150
295.5  293.5399
296.0  308.9544
296.5  338.2641
297.0  371.9423
297.5  398.0218
298.0  407.2888
298.5  396.7661
299.0  370.1462
299.5  335.6626
300.0  302.8827
300.5  279.7947
301.0  270.9101
301.5  276.5137
302.0  292.9063
302.5  313.4472
303.0  330.2467
303.5  336.3314
304.0  327.9306
304.5  306.2279
305.0  277.6670
305.5  252.0923
306.0  238.9001
306.5  242.7178
307.0  260.9234
307.5  284.6264
308.0  302.7376
308.5  306.8848
309.0  294.6408
309.5  269.8503
310.0  240.5573
310.5  215.9352
311.0  203.5025
311.5  207.3005
312.0  227.1651
312.5  258.9713
313.0  295.6926
313.5  329.1478
314.0  352.2528
314.5  361.3762
315.0  358.0380
315.5  348.9386
316.0  343.6159
316.5  350.1637
317.0  370.9390
317.5  400.7758
318.0  429.0300
318.5  444.4134
319.0  439.9057
319.5  415.2996
320.0  376.6559
320.5  333.6111
321.0  296.0789
321.5  271.5397
322.0  263.4393
322.5  270.7241
323.0  288.3511
323.5  308.6078
324.0  323.1102
324.5  325.2654
325.0  312.7262
325.5  288.9658
326.0  262.8854
326.5  245.8238
327.0  246.6799
327.5  267.4202
328.0  301.6252
328.5  337.1683
329.0  361.5808
329.5  367.1351
330.0  353.2496
330.5  325.7141
331.0  293.8505
331.5  267.1960
332.0  252.8444
332.5  253.9053
333.0  269.0683
333.5  293.1072
334.0  318.1698
334.5  335.7358
335.0  339.0418
335.5  325.5051
336.0  298.2987
336.5  266.0415
337.0  240.0269
337.5  229.6719
338.0  238.2542
338.5  261.3169
339.0  288.7791
339.5  309.6103
340.0  316.5212
340.5  308.4340
341.0  290.0613
341.5  269.4411
342.0  254.8669
342.5  252.3489
343.0  264.1334
343.5  288.3321
344.0  319.5176
344.5  350.1081
345.0  372.3581
345.5  380.6663
346.0  373.6620
346.5  355.2483
347.0  333.7617
347.5  319.0112
348.0  318.1232
348.5  332.1371
349.0  355.2548
349.5  377.3215
350.0  388.3045
350.5  382.4609
351.0  360.2705
351.5  327.6556
352.0  293.3832
352.5  266.0378
353.0  251.6218
353.5  252.2364
354.0  265.8536
354.5  287.0097
355.0  308.2380
355.5  322.0529
356.0  323.1944
356.5  310.6029
357.0  288.3262
357.5  264.5733
358.0  248.7553
358.5  247.4924
359.0  261.4746
359.5  284.9205
360.0  308.0724
360.5  321.4956
361.0  320.0057
361.5  304.4301
362.0  280.7657
362.5  257.5875
363.0  243.0499
363.5  242.5189
364.0  257.2967
364.5  284.4653
365.0  317.6928
365.5  348.8138
366.0  369.9877
366.5  376.1108
367.0  366.8779
367.5  347.5658
368.0  327.6531
368.5  317.1982
369.0  322.3136
369.5  342.0721
370.0  368.7023
370.5  391.0854
371.0  399.6629
371.5  390.2482
372.0  365.1630
372.5  331.7228
373.0  299.2569
373.5  276.0557
374.0  267.1687
374.5  273.3798
375.0  291.2930
375.5  314.3231
376.0  334.3890
376.5  344.1039
377.0  339.1346
377.5  320.1064
378.0  293.1236
378.5  268.0905
379.0  254.9336
379.5  259.2261
380.0  279.4928
380.5  307.7459
381.0  332.9822
381.5  345.7803
382.0  341.7812
382.5  322.7301
383.0  295.1312
383.5  267.5510
384.0  247.7919
384.5  240.7823
385.0  247.5139
385.5  265.0183
386.0  287.2366
386.5  306.6191
387.0  316.2578
387.5  312.2021
388.0  295.3019
388.5  271.6326
389.0  250.7339
389.5  241.8600
390.0  249.8131
390.5  272.5748
391.0  302.0959
391.5  327.8157
392.0  341.0589
392.5  338.2372
393.0  321.6744
393.5  298.1572
394.0  276.2272
394.5  263.4002
395.0  264.1369
395.5  278.8953
396.0  304.2521
396.5  333.9243
397.0  360.4705
397.5  377.3996
398.0  381.2822
398.5  373.2301
399.0  358.9482
399.5  346.8151
400.0  344.3599
400.5  354.6517
401.0  374.5410
401.5  395.8162
402.0  408.7173
402.5  406.0142
403.0  385.7403
403.5  351.5772
404.0  311.1328
404.5  273.1771
405.0  244.9864
405.5  230.5392
406.0  229.8179
406.5  239.1463
407.0  252.3576
407.5  262.5544
408.0  264.1885
408.5  255.0709
409.0  237.6963
409.5  219.0840
410.0  208.5935
410.5  214.1238
411.0  238.3288
411.5  276.9127
412.0  320.0897
412.5  356.5143
413.0  377.6855
413.5  380.7907
414.0  369.0146
414.5  349.6681
415.0  331.2895
415.5  320.9048
416.0  322.1783
416.5  334.6932
417.0  354.2836
417.5  374.2101
418.0  386.9568
418.5  386.4061
419.0  370.0343
419.5  340.4902
420.0  305.6410
420.5  276.3546
421.0  262.3302
421.5  267.7582
422.0  289.2338
422.5  317.2714
423.0  340.6222
423.5  351.0227
424.0  346.0657
424.5  329.2675
425.0  307.9271
425.5  290.1201
426.0  282.0409
426.5  286.3564
427.0  301.7192
427.5  323.2941
428.0  344.0548
428.5  356.6097
429.0  355.3124
429.5  338.2924
430.0  308.7645
430.5  274.7324
431.0  246.4966
431.5  232.5172
432.0  235.5628
432.5  251.3898
433.0  270.8265
433.5  284.0708
434.0  284.8619
434.5  272.6169
435.0  252.0073
435.5  230.7056
436.0  216.5414
436.5  215.1030
437.0  228.3243
437.5  254.1639
438.0  287.2368
438.5  320.1706
439.0  345.4402
439.5  357.4176
440.0  354.2525
440.5  338.9639
441.0  318.9498
441.5  303.4706
442.0  299.7618
442.5  309.6336
443.0  328.5513
443.5  347.8188
444.0  358.6390
444.5  355.9000
445.0  339.9934
445.5  316.2319
446.0  292.5692
446.5  276.7965
447.0  274.2110
447.5  286.2933
448.0  310.5073
448.5  341.0845
449.0  370.5445
449.5  391.6576
450.0  399.5089
450.5  393.2072
451.0  376.5951
451.5  357.2744
452.0  343.7563
452.5  341.6555
453.0  350.8369
453.5  365.2390
454.0  375.5974
454.5  373.5995
455.0  355.3556
455.5  322.7272
456.0  282.3198
456.5  242.9794
457.0  212.9701
457.5  197.7575
458.0  198.8449
458.5  213.7058
459.0  236.6356
459.5  260.2617
460.0  277.4541
460.5  283.3671
461.0  277.2375
461.5  263.2981
462.0  249.9784
462.5  246.9502
463.0  260.8032
463.5  291.4802
464.0  331.7006
464.5  369.9425
465.0  395.3462
465.5  401.9119
466.0  390.1595
466.5  366.0622
467.0  338.3181
467.5  315.3275
468.0  302.8651
468.5  302.8629
469.0  313.2974
469.5  328.9693
470.0  342.9230
470.5  348.2932
471.0  340.3828
471.5  318.6354
472.0  287.7975
472.5  257.2757
473.0  238.0771
473.5  238.1171
474.0  258.2414
474.5  291.4738
475.0  326.1381
475.5  351.0311
476.0  359.7792
476.5  352.4791
477.0  334.5447
477.5  313.9522
478.0  298.2936
478.5  292.5856
479.0  298.1834
479.5  312.7444
480.0  331.0076
480.5  346.1505
481.0  351.5480
481.5  342.7733
482.0  319.4978
482.5  286.5503
483.0  253.1369
483.5  229.7325
484.0  223.5930
484.5  235.2441
485.0  258.1830
485.5  282.0884
486.0  297.6079
486.5  300.0883
487.0  290.6981
487.5  275.0662
488.0  260.6116
488.5  253.8478
489.0  258.4828
489.5  274.5998
490.0  298.8384
490.5  325.3425
491.0  347.2191
491.5  358.2986
492.0  354.9970
492.5  337.9157
493.0  312.4943
493.5  287.8787
494.0  273.7248
494.5  276.0041
495.0  294.0389
495.5  320.6859
496.0  345.6996
496.5  360.3397
497.0  360.7803
497.5  348.9584
498.0  331.0589
498.5  314.7978
499.0  306.7475
499.5  310.5025
500.0  325.9512
500.5  349.5580
501.0  375.3866
501.5  396.5733
502.0  407.0216
502.5  403.1291
503.0  385.2354
503.5  358.1751
504.0  330.1686
504.5  309.8327
505.0  302.3670
505.5  306.9977
506.0  317.3559
506.5  324.6750
507.0  321.9494
507.5  306.8557
508.0  282.2882
508.5  254.7687
509.0  231.8291
509.5  219.5156
510.0  220.7419
510.5  234.7324
511.0  257.4502
511.5  282.7333
512.0  303.8312
512.5  315.0930
513.0  313.6008
513.5  300.4273
514.0  280.9215
514.5  263.3315
515.0  255.6773
515.5  262.0394
516.0  280.3385
516.5  303.1315
517.0  321.0979
517.5  327.2245
518.0  319.5223
518.5  301.2853
519.0  279.3123
519.5  261.2531
520.0  253.1910
520.5  258.1074
521.0  275.4007
521.5  301.3157
522.0  329.9998
522.5  354.9087
523.0  370.3759
523.5  373.2156
524.0  364.0700
524.5  347.8533
525.0  332.4804
525.5  325.7111
526.0  331.3345
526.5  346.9425
527.0  364.9142
527.5  376.1542
528.0  374.3455
528.5  358.4474
529.0  332.5832
529.5  303.9610
530.0  280.1199
530.5  266.6048
531.0  265.6433
531.5  275.9211
532.0  293.2565
532.5  311.8474
533.0  325.7644
533.5  330.4600
534.0  324.1362
534.5  308.6978
535.0  289.7230
535.5  274.8152
536.0  270.4098
536.5  278.4206
537.0  294.8427
537.5  311.4864
538.0  319.9179
538.5  315.2784
539.0  298.0348
539.5  273.2497
540.0  248.2562
540.5  230.0011
541.0  222.9994
541.5  228.3257
542.0  243.6630
542.5  264.2016
543.0  284.0675
543.5  297.9377
544.0  302.5440
544.5  297.8217
545.0  287.3964
545.5  277.9500
546.0  277.0883
546.5  290.0773
547.0  316.9345
547.5  351.7815
548.0  385.2098
548.5  408.4300
549.0  416.8703
549.5  411.5079
550.0  397.7623
550.5  382.9475
551.0  373.5500
551.5  373.2277
552.0  381.9187
552.5  396.0639
553.0  409.7291
553.5  416.2891
554.0  410.2888
554.5  389.1099
555.0  354.1193
555.5  310.9480
556.0  268.4740
556.5  236.2712
557.0  221.0619
557.5  223.7727
558.0  239.0440
558.5  257.7840
559.0  271.3857
559.5  275.2508
560.0  270.0027
560.5  260.3318
561.0  252.5316
561.5  251.9660
562.0  261.2934
562.5  279.7609
563.0  303.5210
563.5  326.7246
564.0  343.0542
564.5  347.3399
565.0  336.9710
565.5  312.8929
566.0  279.9256
566.5  245.9720
567.0  219.7650
567.5  207.5619
568.0  210.3196
568.5  223.2161
569.0  238.1274
569.5  247.6867
570.0  248.5857
570.5  242.5586
571.0  235.0655
571.5  232.7671
572.0  241.0229
572.5  262.2062
573.0  295.1130
573.5  335.3890
574.0  376.6950
574.5  412.2488
575.0  436.3807
575.5  445.8504
576.0  440.7692
576.5  424.9002
577.0  404.8998
577.5  388.1528
578.0  379.6549
578.5  379.5003
579.0  382.7368
579.5  381.9945
580.0  371.3717
580.5  349.3142
581.0  319.1449
581.5  287.4545
582.0  261.5097
582.5  246.8571
583.0  245.8250
583.5  257.1271
584.0  276.4471
584.5  297.7233
585.0  314.7661
585.5  322.8394
586.0  319.9036
586.5  307.3096
587.0  289.7097
587.5  273.8692
588.0  266.2577
588.5  270.0817
589.0  283.3244
589.5  299.2888
590.0  309.6718
590.5  308.4539
591.0  294.4416
591.5  271.3995
592.0  246.1967
592.5  226.1694
593.0  216.8046
593.5  220.3520
594.0  235.5117
594.5  258.0752
595.0  282.2522
595.5  302.3264
596.0  314.2433
596.5  316.7836
597.0  312.0807
597.5  305.2847
598.0  303.1427
598.5  311.4838
599.0  332.3434
599.5  362.2820
600.0  393.2834
600.5  416.1019
601.0  424.2409
601.5  416.4217
602.0  396.5682
602.5  371.8139
603.0  349.7684
603.5  336.1492
604.0  333.3782
604.5  340.2804
605.0  352.7503
605.5  365.0966
606.0  371.6833
606.5  368.4598
607.0  354.0709
607.5  330.3997
608.0  302.4249
608.5  277.1406
609.0  261.3423
609.5  258.7684
610.0  268.0262
610.5  282.8380
611.0  294.8257
611.5  297.3161
612.0  288.0506
612.5  269.6119
613.0  247.8341
613.5  229.3182
614.0  219.1712
614.5  219.6297
615.0  229.7520
615.5  246.0461
616.0  263.7134
616.5  278.0816
617.0  285.8143
617.5  285.6578
618.0  278.7178
618.5  268.3158
619.0  259.2774
619.5  256.4175
620.0  262.4606
620.5  276.4375
621.0  293.8037
621.5  308.5384
622.0  316.0691
622.5  315.3196
623.0  308.9078
623.5  301.7171
624.0  298.7933
624.5  303.5179
625.0  316.6154
625.5  336.1292
626.0  358.2014
626.5  378.3138
627.0  392.5559
627.5  398.5446
628.0  395.8495
628.5  386.0255
629.0  372.3650
629.5  359.2300
630.0  350.7223
630.5  348.9130
631.0  352.5941
631.5  357.6081
632.0  358.8623
632.5  352.9016
633.0  339.5486
633.5  321.8489
634.0  304.6168
634.5  292.4720
635.0  288.2182
635.5  292.0481
636.0  301.6748
636.5  313.2132
637.0  322.4570
637.5  326.1126
638.0  322.6178
638.5  312.4037
639.0  297.6991
639.5  282.0076
640.0  269.2097
640.5  262.2357
641.0  261.6801
641.5  265.2128
642.0  268.4765
642.5  267.2154
643.0  259.4670
643.5  246.6019
644.0  232.7784
644.5  223.2675
645.0  222.5061
645.5  232.6212
646.0  252.8133
646.5  279.6573
647.0  308.1429
647.5  333.1120
648.0  350.6452
648.5  358.9863
649.0  358.7989
649.5  352.8178
650.0  345.0482
650.5  339.5760
651.0  339.0867
651.5  343.5688
652.0  350.0183
652.5  353.6554
653.0  350.2167
653.5  338.1073
654.0  319.2812
654.5  298.5329
655.0  281.7154
655.5  273.7425
656.0  277.0937
656.5  291.1953
657.0  312.7343
657.5  336.7224
658.0  357.9486
658.5  372.3506
659.0  377.8980
659.5  374.8368
660.0  365.4189
660.5  353.2638
661.0  342.3182
661.5  335.4081
662.0  332.8511
662.5  332.0289
663.0  328.5077
663.5  318.2771
664.0  299.8566
664.5  275.1268
665.0  248.5919
665.5  225.6314
666.0  210.6235
666.5  205.6523
667.0  210.1290
667.5  221.3020
668.0  235.3640
668.5  248.6973
669.0  258.7882
669.5  264.5679
670.0  266.3205
670.5  265.5009
671.0  264.5664
671.5  266.4918
672.0  273.6454
672.5  286.3813
673.0  302.3587
673.5  317.3614
674.0  327.3127
674.5  330.2752
675.0  327.2888
675.5  321.7427
676.0  317.8063
676.5  318.7564
677.0  325.8633
677.5  338.1292
678.0  352.8296
678.5  366.5578
679.0  376.3301
679.5  380.3387
680.0  378.1857
680.5  370.7807
681.0  360.1926
681.5  349.4535
682.0  341.9404
682.5  340.1098
683.0  344.0993
683.5  351.2523
684.0  357.2026
684.5  358.0150
685.0  352.0947
685.5  340.8137
686.0  327.7052
686.5  316.8404
687.0  311.2188
687.5  311.7707
688.0  317.2039
688.5  324.6126
689.0  330.5428
689.5  332.0837
690.0  327.5888
690.5  316.8826
691.0  301.1414
691.5  282.7281
692.0  264.9586
692.5  251.4338
693.0  244.7583
693.5  245.1933
694.0  250.2663
694.5  255.8748
695.0  258.3308
695.5  256.1172
696.0  250.4197
696.5  244.3579
697.0  241.5095
697.5  244.4774
698.0  254.0143
698.5  268.8922
699.0  286.4308
699.5  303.4159
700.0  317.0288
700.5  325.4510
701.0  328.0463
701.5  325.3096
702.0  318.8197
702.5  311.1169
703.0  305.1396
703.5  303.0951
704.0  305.3102
704.5  309.9598
705.0  314.0725
705.5  315.2487
706.0  313.0151
706.5  309.0658
707.0  306.4094
707.5  308.0055
708.0  315.5696
708.5  328.9816
709.0  346.4064
709.5  364.9743
710.0  381.6903
710.5  394.1780
711.0  400.9741
711.5  401.4109
712.0  395.4489
712.5  383.7830
713.0  368.0800
713.5  350.7994
714.0  334.2918
714.5  319.6441
715.0  306.1986
715.5  292.2492
716.0  276.4632
716.5  259.0351
717.0  241.8594
717.5  227.7345
718.0  219.1543
718.5  217.3280
719.0  221.8165
719.5  230.8465
720.0  242.0924
720.5  253.5467
721.0  264.0603
721.5  273.3089
722.0  281.3256
722.5  288.0875
723.0  293.5594
723.5  298.0591
724.0  302.3486
724.5  307.0750
725.0  311.9509
725.5  315.5203
726.0  315.9377
726.5  312.2828
727.0  305.4634
727.5  298.0919
728.0  293.4551
728.5  294.1923
729.0  301.3313
729.5  314.0425
730.0  330.1099
730.5  346.8345
731.0  361.9303
731.5  374.0078
732.0  382.4970
732.5  387.2599
733.0  388.3589
733.5  386.2178
734.0  381.8781
734.5  376.8004
735.0  372.0600
735.5  367.5039
736.0  361.6735
736.5  352.7335
737.0  339.8050
737.5  323.7866
738.0  307.1710
738.5  293.0509
739.0  283.9200
739.5  280.8377
740.0  283.2370
740.5  289.3295
741.0  296.8374
741.5  303.6943
742.0  308.4184
742.5  310.0954
743.0  308.2091
743.5  302.6585
744.0  294.0316
744.5  283.7705
745.0  273.7745
745.5  265.4664
746.0  258.9608
746.5  253.0501
747.0  246.1186
747.5  237.3641
748.0  227.5063
748.5  218.5948
749.0  213.1322
749.5  213.0606
750.0  219.0980
750.5  230.6400
751.0  246.1581
751.5  263.8424
752.0  282.1663
752.5  300.1057
753.0  316.9621
753.5  332.0375
754.0  344.5602
754.5  354.0077
755.0  360.5017
755.5  364.7651
756.0  367.5260
756.5  368.8544
757.0  368.0626
757.5  364.3224
758.0  357.5278
758.5  348.7454
759.0  339.9460
759.5  333.2157
760.0  329.9205
760.5  330.2366
761.0  333.2156
761.5  337.3034
762.0  341.0578
762.5  343.7237
763.0  345.3592
763.5  346.4296
764.0  347.1621
764.5  347.1842
765.0  345.7454
765.5  342.2664
766.0  336.6521
766.5  329.1050
767.0  319.7415
767.5  308.5136
768.0  295.5782
768.5  281.7653
769.0  268.6722
769.5  258.2151
770.0  251.8797
770.5  250.0997
771.0  252.0919
771.5  256.2237
772.0  260.7370
772.5  264.5010
773.0  267.4387
773.5  270.3883
774.0  274.4457
774.5  280.1765
775.0  287.2179
775.5  294.5115
776.0  300.9028
776.5  305.5970
777.0  308.2169
777.5  308.6647
778.0  307.1374
778.5  304.3689
779.0  301.8120
779.5  301.4359
780.0  305.0937
780.5  313.7409
781.0  326.9017
781.5  342.6493
782.0  358.1244
782.5  370.3930
783.0  377.3289
783.5  378.1990
784.0  373.7335
784.5  365.6740
785.0  356.0457
785.5  346.5117
786.0  338.0286
786.5  330.7650
787.0  324.1537
787.5  317.0788
788.0  308.3163
788.5  297.2065
789.0  284.2613
789.5  271.3089
790.0  261.0079
790.5  255.9267
791.0  257.6116
791.5  266.0341
792.0  279.5914
792.5  295.5945
793.0  311.0276
793.5  323.3277
794.0  330.9577
794.5  333.6177
795.0  332.0518
795.5  327.5848
796.0  321.6163
796.5  315.2241
797.0  308.8801
797.5  302.2857
798.0  294.4630
798.5  284.2435
799.0  271.0383
799.5  255.4862
800.0  239.5682
800.5  226.0799
801.0  217.7196
801.5  216.2190
802.0  221.8578
802.5  233.4798
803.0  248.9228
803.5  265.6773
804.0  281.5866
804.5  295.4093
805.0  307.0609
805.5  317.4168
806.0  327.7554
806.5  339.1100
807.0  351.7912
807.5  365.1768
808.0  377.7549
808.5  387.4433
809.0  392.2010
809.5  390.7875
810.0  383.3360
810.5  371.4207
811.0  357.5568
811.5  344.3747
812.0  333.8433
812.5  326.8337
813.0  323.1045
813.5  321.6190
814.0  321.0449
814.5  320.3058
815.0  319.0372
815.5  317.7473
816.0  317.5394
816.5  319.4931
817.0  324.0482
817.5  330.6947
818.0  338.0190
818.5  343.9930
819.0  346.4400
819.5  343.6593
820.0  335.0679
820.5  321.5650
821.0  305.3684
821.5  289.3369
822.0  276.0691
822.5  267.1622
823.0  262.8916
823.5  262.3516
824.0  263.9228
824.5  265.8730
825.0  266.9249
825.5  266.6404
826.0  265.4968
826.5  264.6202
827.0  265.3152
827.5  268.6101
828.0  274.9303
828.5  283.8880
829.0  294.2249
829.5  304.0553
830.0  311.4787
830.5  315.3406
831.0  315.7266
831.5  313.8826
832.0  311.6075
832.5  310.4605
833.0  311.1899
833.5  313.6122
834.0  316.9009
834.5  320.0563
835.0  322.3041
835.5  323.2865
836.0  323.0487
836.5  321.8959
837.0  320.2309
837.5  318.4774
838.0  317.0884
838.5  316.4929
839.0  316.8632
839.5  317.8430
840.0  318.5617
840.5  318.0872
841.0  316.0736
841.5  313.1389
842.0  310.6773
842.5  310.1997
843.0  312.5847
843.5  317.6420
844.0  324.1756
844.5  330.4549
845.0  334.8264
845.5  336.2081
846.0  334.3365
846.5  329.7441
847.0  323.4789
847.5  316.6472
848.0  309.9866
848.5  303.6889
849.0  297.4951
849.5  290.8952
850.0  283.3227
850.5  274.3953
851.0  264.2471
851.5  253.8062
852.0  244.7694
852.5  239.1611
853.0  238.6306
853.5  243.8170
854.0  254.0793
854.5  267.6882
855.0  282.3538
855.5  295.8642
856.0  306.6686
856.5  314.3267
857.0  319.7003
857.5  324.6538
858.0  331.1644
858.5  340.1973
859.0  351.0253
859.5  361.4207
860.0  368.5528
860.5  370.0719
861.0  364.9501
861.5  353.8824
862.0  339.1940
862.5  324.2690
863.0  312.6324
863.5  306.9515
864.0  308.2870
864.5  315.8407
865.0  327.2539
865.5  339.3072
866.0  348.7900
866.5  353.3547
867.0  352.2250
867.5  346.5396
868.0  339.0031
868.5  332.7246
869.0  329.6970
869.5  329.7837
870.0  330.8042
870.5  329.5862
871.0  323.3513
871.5  310.8210
872.0  292.7209
872.5  271.6224
873.0  251.2261
873.5  235.3144
874.0  226.6946
874.5  226.4663
875.0  233.8303
875.5  246.4523
876.0  261.2032
876.5  275.0252
877.0  285.7270
877.5  292.5800
878.0  296.5311
878.5  299.7919
879.0  304.7681
879.5  312.7750
880.0  323.2561
880.5  333.9393
881.0  341.7658
881.5  344.0623
882.0  339.4750
882.5  328.4154
883.0  312.9542
883.5  296.2258
884.0  281.5256
884.5  271.3899
885.0  266.9713
885.5  267.9137
886.0  272.7252
886.5  279.4537
887.0  286.4014
887.5  292.6901
888.0  298.5792
888.5  305.4179
889.0  315.0750
889.5  328.8956
890.0  346.6512
890.5  366.1415
891.0  383.7567
891.5  395.7154
892.0  399.3634
892.5  394.0039
893.0  381.0352
893.5  363.4437
894.0  344.8681
894.5  328.5350
895.0  316.3841
895.5  308.6431
896.0  303.9632
896.5  300.0250
897.0  294.3743
897.5  285.2408
898.0  272.2036
898.5  256.6234
899.0  241.6233
899.5  231.2884
900.0  229.0706
900.5  236.0765
901.0  250.2955
901.5  267.3462
902.0  282.3367
902.5  291.7933
903.0  294.7510
903.5  292.7188
904.0  288.7988
904.5  286.4542
905.0  288.3712
905.5  295.7081
906.0  307.8726
906.5  322.8087
907.0  337.6162
907.5  349.2571
908.0  355.2001
908.5  354.0447
909.0  346.1761
909.5  334.1772
910.0  322.3917
910.5  315.3265
911.0  315.5276
911.5  322.2741
912.0  332.0234
912.5  340.3091
913.0  343.8711
913.5  341.8864
914.0  335.9361
914.5  329.0502
915.0  324.4207
915.5  324.2764
916.0  329.2149
916.5  338.1102
917.0  348.5377
917.5  357.4959
918.0  362.1412
918.5  360.3692
919.0  351.2905
919.5  335.6822
920.0  316.1987
920.5  296.8411
921.0  281.4799
921.5  272.0654
922.0  267.6929
922.5  265.2284
923.0  261.1060
923.5  253.1871
924.0  241.7214
924.5  229.1447
925.0  219.0458
925.5  214.8502
926.0  218.6883
926.5  230.7539
927.0  249.2873
927.5  271.1431
928.0  292.7155
928.5  310.8857
929.0  323.7124
929.5  330.7681
930.0  333.1568
930.5  333.1830
931.0  333.5536
931.5  336.1887
932.0  341.1608
932.5  346.4540
933.0  348.8265
933.5  345.3511
934.0  334.8183
934.5  318.3513
935.0  299.0698
935.5  281.0659
936.0  268.1295
936.5  262.6440
937.0  264.9662
937.5  273.4600
938.0  285.1598
938.5  296.8270
939.0  306.0215
939.5  311.8297
940.0  315.0695
940.5  317.9644
941.0  323.3358
941.5  333.4115
942.0  348.5949
942.5  366.8097
943.0  383.9339
943.5  395.2482
944.0  397.2155
944.5  388.7575
945.0  371.5461
945.5  349.3407
946.0  326.7433
946.5  307.8315
947.0  295.0602
947.5  288.7068
948.0  286.9897
948.5  286.8085
949.0  284.8589
949.5  278.7562
950.0  267.8449
950.5  253.5389
951.0  239.1363
951.5  229.0108
952.0  227.1328
952.5  235.2969
953.0  251.9629
953.5  272.5664
954.0  291.3171
954.5  303.5475
955.0  307.4064
955.5  304.2218
956.0  297.6412
956.5  292.1302
957.0  291.4563
957.5  297.5997
958.0  310.3102
958.5  327.3426
959.0  345.2312
959.5  360.3183
960.0  369.7166
960.5  372.0014
961.0  367.5997
961.5  358.8514
962.0  349.5412
962.5  343.6696
963.0  343.7080
963.5  349.2478
964.0  357.0205
964.5  362.4353
965.0  361.7536
965.5  353.6788
966.0  339.6704
966.5  323.0939
967.0  307.8018
967.5  296.7690
968.0  291.2021
968.5  290.3116
969.0  291.7463
969.5  292.5113
970.0  290.0396
970.5  283.0451
971.0  271.9242
971.5  258.6931
972.0  246.5486
972.5  239.0540
973.0  238.9441
973.5  246.8596
974.0  260.7240
974.5  276.3549
975.0  289.1670
975.5  296.0804
976.0  296.6537
976.5  293.0055
977.0  288.7550
977.5  287.5512
978.0  291.7443
978.5  301.5748
979.0  315.0687
979.5  328.6562
980.0  338.3314
980.5  340.9896
981.0  335.4811
981.5  323.0294
982.0  306.9073
982.5  291.5035
983.0  281.0051
983.5  278.0017
984.0  282.4767
984.5  291.7232
985.0  301.4097
985.5  307.3997
986.0  307.4707
986.5  302.1540
987.0  294.4231
987.5  288.5003
988.0  288.3231
988.5  296.1952
989.0  311.9927
989.5  333.1199
990.0  355.2225
990.5  373.4666
991.0  383.9962
991.5  385.0890
992.0  377.6287
992.5  364.7674
993.0  350.9010
993.5  340.2205
994.0  335.2061
994.5  335.5945
995.0  338.3829
995.5  339.0705
996.0  333.6720
996.5  320.5517
997.0  301.2235
997.5  279.8405
998.0  261.7222
998.5  251.5670
999.0  251.9626
999.5  262.5973
1000.0  280.3475
