0.0  245.6594
0.5  294.5619
1.0  351.5364
1.5  402.0048
2.0  434.2528
2.5  443.4755
3.0  432.5845
3.5  410.2738
4.0  387.5142
4.5  373.6610
5.0  373.3783
5.5  385.4547
6.0  403.8811
6.5  420.4819
7.0  427.7566
7.5  420.9311
8.0  399.1112
8.5  365.8934
9.0  329.3266
9.5  300.3466
10.0  289.0476
10.5  299.8979
11.0  328.7704
11.5  364.1766
12.0  392.2704
12.5  402.6532
13.0  392.0215
13.5  364.6027
14.0  330.0094
14.5  299.6565
15.0  282.8503
15.5  283.7182
16.0  300.1105
16.5  324.9105
17.0  349.0007
17.5  364.3723
18.0  366.2124
18.5  353.8318
19.0  330.9305
19.5  305.2815
20.0  287.0636
20.5  285.2187
21.0  302.9203
21.5  334.9628
22.0  369.3303
22.5  392.3547
23.0  394.4499
23.5  373.5640
24.0  335.4277
24.5  291.2529
25.0  253.9460
25.5  233.8669
26.0  235.3730
26.5  255.4972
27.0  285.4073
27.5  313.9158
28.0  331.3235
28.5  332.1307
29.0  316.2288
29.5  288.9441
30.0  260.0539
30.5  241.2407
31.0  241.7616
31.5  263.8260
32.0  300.6030
32.5  338.7261
33.0  364.0861
33.5  367.5768
34.0  348.1194
34.5  312.4481
35.0  272.5497
35.5  241.8123
36.0  230.7847
36.5  243.7008
37.0  277.1308
37.5  321.4724
38.0  364.5832
38.5  395.8127
39.0  408.9128
39.5  403.3720
40.0  384.4616
40.5  362.0381
41.0  347.6259
41.5  349.8403
42.0  369.9811
42.5  400.6870
43.0  429.0239
43.5  442.2837
44.0  433.1485
44.5  401.9880
45.0  356.1961
45.5  307.6119
46.0  268.9687
46.5  250.0557
47.0  254.5279
47.5  278.6151
48.0  312.5080
48.5  343.8979
49.0  362.0701
49.5  361.0215
50.0  341.0108
50.5  308.6188
51.0  275.2150
51.5  253.4184
52.0  252.0035
52.5  271.5342
53.0  303.6661
53.5  334.9759
54.0  353.0215
54.5  351.1887
55.0  330.4402
55.5  298.2604
56.0  265.9808
56.5  245.3792
57.0  245.1057
57.5  267.7478
58.0  308.7089
58.5  357.6613
59.0  402.0789
59.5  431.2766
60.0  439.4365
60.5  427.0343
61.0  400.7562
61.5  371.8338
62.0  352.4619
62.5  350.8430
63.0  367.1419
63.5  393.1099
64.0  415.9978
64.5  424.3853
65.0  412.6507
65.5  382.4253
66.0  341.4365
66.5  300.8907
67.0  272.2026
67.5  263.5618
68.0  277.1176
68.5  307.9429
69.0  345.5305
69.5  377.3425
70.0  392.8805
70.5  386.7977
71.0  360.4451
71.5  321.8277
72.0  283.7324
72.5  259.6511
73.0  258.2626
73.5  279.1395
74.0  312.6367
74.5  344.3756
75.0  361.5515
75.5  357.5680
76.0  333.4189
76.5  296.4178
77.0  257.5557
77.5  228.2936
78.0  217.1931
78.5  227.0704
79.0  253.8037
79.5  287.6173
80.0  316.4726
80.5  330.1091
81.0  323.2683
81.5  297.4417
82.0  260.9933
82.5  227.2541
83.0  210.1582
83.5  218.3869
84.0  250.9988
84.5  297.5916
85.0  343.1577
85.5  374.5619
86.0  385.0870
86.5  375.6200
87.0  353.2142
87.5  328.3458
88.0  311.6851
88.5  310.8398
89.0  327.7865
89.5  358.0237
90.0  392.0383
90.5  418.5523
91.0  428.1745
91.5  416.2644
92.0  384.5748
92.5  341.5171
93.0  300.4702
93.5  275.5432
94.0  275.7239
94.5  300.4359
95.0  339.5799
95.5  378.2675
96.0  403.2578
96.5  407.6002
97.0  391.9971
97.5  363.4828
98.0  332.6498
98.5  310.2946
99.0  304.0976
99.5  316.1686
100.0  342.4156
100.5  374.1087
101.0  400.9325
101.5  414.1919
102.0  409.2061
102.5  386.7136
103.0  353.2741
103.5  320.0520
104.0  299.2045
104.5  298.5497
105.0  317.3366
105.5  346.1557
106.0  371.3331
106.5  381.0105
107.0  369.5362
107.5  338.6919
108.0  296.3040
108.5  253.4418
109.0  221.1008
109.5  207.0249
110.0  213.4799
110.5  236.8201
111.0  269.0610
111.5  300.6861
112.0  323.4499
112.5  332.4324
113.0  327.3626
113.5  313.2491
114.0  299.5647
114.5  297.0021
115.0  312.3440
115.5  344.2778
116.0  383.2738
116.5  415.9096
117.0  430.8375
117.5  423.0167
118.0  394.7718
118.5  354.2731
119.0  312.6719
119.5  280.8020
120.0  266.1065
120.5  270.5782
121.0  290.4924
121.5  318.0748
122.0  344.2974
122.5  361.5813
123.0  365.6839
123.5  356.8063
124.0  340.0010
124.5  324.2600
125.0  319.4320
125.5  331.4758
126.0  358.6302
126.5  391.3885
127.0  416.6675
127.5  423.5523
128.0  407.3858
128.5  370.7754
129.0  322.0609
129.5  272.4452
130.0  232.6998
130.5  210.1286
131.0  206.5877
131.5  218.3212
132.0  237.7059
132.5  256.0506
133.0  266.2267
133.5  264.4698
134.0  251.4752
134.5  232.8907
135.0  218.4787
135.5  218.9235
136.0  240.7588
136.5  282.2139
137.0  333.1507
137.5  379.5282
138.0  409.5276
138.5  417.8315
139.0  406.5597
139.5  383.5420
140.0  359.3025
140.5  343.7652
141.0  343.3324
141.5  359.0231
142.0  386.3263
142.5  416.8614
143.0  441.1040
143.5  451.0840
144.0  442.4175
144.5  415.6662
145.0  376.9316
145.5  336.8931
146.0  307.4412
146.5  296.6077
147.0  304.5713
147.5  323.6026
148.0  342.1446
148.5  350.3061
149.0  343.6371
149.5  323.9517
150.0  297.8660
150.5  274.2738
151.0  261.6031
151.5  265.3511
152.0  286.4305
152.5  320.8843
153.0  361.1184
153.5  398.1120
154.0  423.7378
154.5  432.6622
155.0  423.7918
155.5  401.1233
156.0  373.1979
156.5  350.2887
157.0  339.8534
157.5  342.7401
158.0  352.8466
158.5  360.5904
159.0  357.8043
159.5  341.1527
160.0  312.8521
160.5  279.2758
161.0  248.6060
161.5  228.3537
162.0  223.2185
162.5  233.7420
163.0  256.2111
163.5  283.8889
164.0  309.0417
164.5  324.9531
165.0  327.4712
165.5  316.1283
166.0  294.7926
166.5  271.1824
167.0  254.4138
167.5  250.9707
168.0  261.3015
168.5  279.5529
169.0  296.8180
169.5  305.6756
170.0  303.2753
170.5  291.8324
171.0  277.1515
171.5  266.3498
172.0  265.5950
172.5  278.2893
173.0  304.0566
173.5  338.8624
174.0  376.2599
174.5  409.2446
175.0  432.0175
175.5  441.2925
176.0  437.1964
176.5  423.7061
177.0  408.0226
177.5  398.2020
178.0  399.4684
178.5  411.2251
179.0  427.0046
179.5  437.6504
180.0  435.6557
180.5  418.1139
181.0  387.2229
181.5  348.9132
182.0  310.6701
182.5  279.2943
183.0  259.0155
183.5  250.3770
184.0  250.3118
184.5  253.4542
185.0  254.1343
185.5  248.2437
186.0  234.4953
186.5  215.0772
187.0  195.6840
187.5  184.4525
188.0  189.2929
188.5  214.1876
189.0  256.5106
189.5  307.4796
190.0  355.7961
190.5  392.2155
191.0  412.4954
191.5  417.7820
192.0  413.1124
192.5  405.1478
193.0  399.8926
193.5  400.8359
194.0  407.9405
194.5  417.8403
195.0  425.1859
195.5  424.5399
196.0  412.1003
196.5  386.9247
197.0  351.7079
197.5  312.9688
198.0  279.9746
198.5  261.8039
199.0  263.2788
199.5  282.1275
200.0  309.6574
200.5  334.8187
201.0  349.0611
201.5  349.2440
202.0  337.7397
202.5  320.5982
203.0  305.0369
203.5  297.0934
204.0  299.8991
204.5  312.9380
205.0  332.4924
205.5  353.0421
206.0  368.9578
206.5  375.8813
207.0  371.6940
207.5  357.3341
208.0  337.3693
208.5  319.4821
209.0  311.9346
209.5  319.4759
210.0  340.1146
210.5  365.4111
211.0  384.4820
211.5  389.0729
212.0  376.6804
212.5  350.6700
213.0  318.2614
213.5  287.7582
214.0  265.9785
214.5  256.4420
215.0  258.7114
215.5  269.0289
216.0  281.8718
216.5  291.6459
217.0  293.9115
217.5  286.1932
218.0  268.8435
218.5  246.0073
219.0  225.6931
219.5  217.5079
220.0  228.0024
220.5  256.2312
221.0  293.1544
221.5  325.8882
222.0  343.9203
222.5  343.3323
223.0  327.3179
223.5  303.8921
224.0  282.5459
224.5  271.1539
225.0  273.8875
225.5  290.5753
226.0  317.5457
226.5  349.3515
227.0  380.3888
227.5  405.7472
228.0  421.4961
228.5  425.2255
229.0  417.3321
229.5  402.3258
230.0  388.3541
230.5  383.7273
231.0  391.8834
231.5  408.5668
232.0  423.8613
232.5  427.7100
233.0  414.9747
233.5  387.2464
234.0  351.4038
234.5  316.4890
235.0  290.4560
235.5  277.8216
236.0  278.8312
236.5  290.2328
237.0  307.0450
237.5  324.2419
238.0  337.5799
238.5  343.7112
239.0  340.4678
239.5  328.0109
240.0  310.3195
240.5  295.1714
241.0  291.0223
241.5  301.8203
242.0  323.6116
242.5  346.1361
243.0  358.4558
243.5  354.4932
244.0  335.2345
244.5  307.3515
245.0  279.8974
245.5  260.8419
246.0  254.6360
246.5  261.4457
247.0  278.0523
247.5  299.6708
248.0  321.5654
248.5  339.7575
249.0  351.0480
249.5  353.2086
250.0  345.9830
250.5  332.4905
251.0  319.4670
251.5  314.8192
252.0  323.0695
252.5  341.8973
253.0  362.9119
253.5  376.3689
254.0  376.3615
254.5  363.2456
255.0  342.6345
255.5  322.3214
256.0  308.9216
256.5  305.5956
257.0  311.5708
257.5  323.3710
258.0  336.8290
258.5  348.6257
259.0  356.6179
259.5  359.2582
260.0  355.1830
260.5  343.9254
261.0  327.5980
261.5  311.9242
262.0  304.6005
262.5  310.8921
263.0  329.4554
263.5  352.1392
264.0  368.3637
264.5  370.8277
265.0  358.7313
265.5  337.1917
266.0  314.0418
266.5  296.0961
267.0  286.6389
267.5  285.0295
268.0  288.1878
268.5  292.7334
269.0  296.3464
269.5  297.7082
270.0  295.5752
270.5  288.2558
271.0  274.4890
271.5  255.5410
272.0  236.8253
272.5  226.8073
273.0  232.6601
273.5  255.3527
274.0  288.2579
274.5  320.7413
275.0  344.0376
275.5  355.3029
276.0  357.7837
276.5  357.8388
277.0  361.0061
277.5  369.2844
278.0  380.8395
278.5  391.8782
279.0  399.1897
279.5  401.6440
280.0  399.8733
280.5  394.7107
281.0  385.7987
281.5  371.6720
282.0  351.5683
282.5  327.6842
283.0  305.6486
283.5  291.9439
284.0  289.7245
284.5  296.4586
285.0  305.5868
285.5  310.9661
286.0  310.7362
286.5  308.1058
287.0  308.9528
287.5  318.0510
288.0  336.2936
288.5  360.4573
289.0  385.3302
289.5  406.5330
290.0  422.1684
290.5  432.5308
291.0  438.5087
291.5  440.0647
292.0  436.0067
292.5  425.3158
293.0  408.9914
293.5  390.5684
294.0  374.2307
294.5  361.6534
295.0  350.3159
295.5  335.0612
296.0  311.8901
296.5  281.1524
297.0  247.9109
297.5  219.3333
298.0  200.8601
298.5  193.5811
299.0  194.3806
299.5  198.4802
300.0  202.4307
300.5  205.5916
301.0  209.5004
301.5  216.0266
302.0  225.8131
302.5  238.1078
303.0  252.0284
303.5  268.1068
304.0  288.4304
304.5  314.6776
305.0  345.4187
305.5  375.2282
306.0  396.8888
306.5  405.3551
307.0  400.7336
307.5  388.3338
308.0  375.8217
308.5  369.2284
309.0  370.2042
309.5  376.0642
310.0  382.2561
310.5  385.3014
311.0  384.2656
311.5  380.2036
312.0  374.4951
312.5  367.5232
313.0  358.7132
313.5  347.9320
314.0  337.0908
314.5  330.2250
315.0  331.2305
315.5  340.5925
316.0  353.8733
316.5  363.6185
317.0  363.5427
317.5  352.0710
318.0  332.9391
318.5  312.6579
319.0  296.6217
319.5  286.4062
320.0  279.9081
320.5  273.9053
321.0  266.9225
321.5  260.3200
322.0  257.0772
322.5  259.4075
323.0  266.9896
323.5  277.0944
324.0  286.6424
324.5  294.8051
325.0  304.0203
325.5  318.1660
326.0  338.9794
326.5  363.6478
327.0  385.7898
327.5  399.2339
328.0  401.7699
328.5  396.2404
329.0  388.3746
329.5  382.9653
330.0  381.0140
330.5  379.7066
331.0  374.9770
331.5  364.5912
332.0  349.5645
332.5  333.2071
333.0  318.7678
333.5  307.4005
334.0  297.8183
334.5  287.8994
335.0  277.1302
335.5  267.9014
336.0  264.2580
336.5  268.7755
337.0  280.1057
337.5  293.4297
338.0  303.6533
338.5  308.9346
339.0  311.9605
339.5  318.0901
340.0  331.6612
340.5  353.0057
341.0  378.1974
341.5  401.5168
342.0  418.6742
342.5  428.5728
343.0  432.7798
343.5  433.5231
344.0  431.7747
344.5  426.7099
345.0  416.8610
345.5  402.0460
346.0  384.3464
346.5  366.9767
347.0  351.7351
347.5  337.2485
348.0  319.7618
348.5  296.1032
349.0  266.6798
349.5  236.3149
350.0  212.1960
350.5  200.0928
351.0  201.2409
351.5  211.9512
352.0  226.0885
352.5  238.5309
353.0  247.2913
353.5  253.2920
354.0  258.5037
354.5  264.0262
355.0  269.4558
355.5  273.8747
356.0  277.5110
356.5  282.4055
357.0  291.1261
357.5  304.3803
358.0  319.6257
358.5  332.0975
359.0  337.6945
359.5  335.7403
360.0  329.7764
360.5  325.8286
361.0  329.1217
361.5  341.2350
362.0  359.5058
362.5  378.9507
363.0  395.1903
363.5  406.3341
364.0  412.8383
364.5  415.9173
365.0  415.9569
365.5  412.1831
366.0  403.8319
366.5  391.8069
367.0  379.1809
367.5  369.6861
368.0  365.1554
368.5  364.0172
369.0  362.1827
369.5  355.7319
370.0  343.5150
370.5  328.0140
371.0  313.9832
371.5  305.6876
372.0  304.4205
372.5  307.9033
373.0  311.9607
373.5  313.2501
374.0  311.1219
374.5  307.4460
375.0  304.7582
375.5  304.2164
376.0  304.9146
376.5  305.0666
377.0  304.0427
377.5  303.4070
378.0  305.8685
378.5  312.9412
379.0  323.3476
379.5  333.5605
380.0  340.0640
380.5  341.6546
381.0  340.2329
381.5  339.5963
382.0  342.9407
382.5  350.5893
383.0  359.4303
383.5  364.4903
384.0  361.6360
384.5  349.6814
385.0  330.6998
385.5  308.5747
386.0  286.9204
386.5  267.8465
387.0  252.3534
387.5  241.7261
388.0  238.2811
388.5  244.3436
389.0  260.1302
389.5  282.5068
390.0  305.9912
390.5  325.4931
391.0  338.9526
391.5  348.1966
392.0  357.5153
392.5  370.7932
393.0  388.8826
393.5  408.8054
394.0  425.2197
394.5  433.1161
395.0  430.0490
395.5  416.7384
396.0  396.0369
396.5  371.2311
397.0  344.9482
397.5  319.3558
398.0  297.1190
398.5  281.6930
399.0  276.0283
399.5  280.4222
400.0  291.4290
400.5  303.1029
401.0  309.9909
401.5  309.9835
402.0  305.3078
402.5  301.1405
403.0  302.6536
403.5  312.1509
404.0  327.8747
404.5  344.9885
405.0  357.8964
405.5  362.4570
406.0  357.0695
406.5  342.4999
407.0  321.0273
407.5  295.7430
408.0  270.4675
408.5  249.8928
409.0  238.9472
409.5  240.9025
410.0  255.1882
410.5  276.7430
411.0  297.8813
411.5  311.7878
412.0  315.6160
412.5  311.5250
413.0  305.2500
413.5  303.0893
414.0  308.9589
414.5  323.0245
415.0  342.3479
415.5  362.7082
416.0  380.2807
416.5  392.3826
417.0  397.3955
417.5  394.5406
418.0  384.1431
418.5  368.4119
419.0  351.9298
419.5  340.7408
420.0  339.7823
420.5  349.9866
421.0  367.1692
421.5  383.7838
422.0  392.5863
422.5  390.0220
423.0  377.5469
423.5  360.4476
424.0  345.0639
424.5  336.0322
425.0  334.9477
425.5  340.7732
426.0  351.1758
426.5  363.6257
427.0  375.6748
427.5  384.7129
428.0  387.9818
428.5  383.4285
429.0  371.1740
429.5  354.4638
430.0  338.8113
430.5  329.1840
431.0  326.8453
431.5  328.1738
432.0  326.4983
432.5  315.7879
433.0  293.8805
433.5  263.5203
434.0  230.9493
434.5  203.0874
435.0  184.9165
435.5  178.3343
436.0  182.6643
436.5  195.9451
437.0  215.8870
437.5  240.0148
438.0  265.3869
438.5  288.7071
439.0  307.3536
439.5  320.9529
440.0  332.2299
440.5  345.8845
441.0  365.5957
441.5  391.0215
442.0  417.0926
442.5  436.3151
443.0  442.5956
443.5  434.2288
444.0  414.5021
444.5  389.8818
445.0  366.9550
445.5  349.8054
446.0  339.0934
446.5  332.9666
447.0  328.8064
447.5  324.5412
448.0  318.9128
448.5  311.0395
449.0  300.1789
449.5  286.3624
450.0  271.6040
450.5  260.3895
451.0  258.2253
451.5  268.5417
452.0  290.0129
452.5  316.4920
453.0  339.8794
453.5  354.0997
454.0  357.8182
454.5  354.6038
455.0  350.7633
455.5  352.1509
456.0  361.5977
456.5  378.1069
457.0  397.8346
457.5  415.8951
458.0  427.8639
458.5  430.4528
459.0  421.6014
459.5  400.6431
460.0  368.9964
460.5  331.0296
461.0  293.9458
461.5  265.7070
462.0  251.5294
462.5  251.1243
463.0  258.8174
463.5  266.6690
464.0  268.6226
464.5  263.3033
465.0  254.2466
465.5  247.8122
466.0  250.0383
466.5  264.0108
467.0  288.8856
467.5  320.6598
468.0  353.8255
468.5  382.8475
469.0  402.9643
469.5  410.5635
470.0  403.7479
470.5  383.3960
471.0  354.1569
471.5  324.1065
472.0  302.2066
472.5  294.3822
473.0  300.6144
473.5  315.1586
474.0  329.8301
474.5  338.2445
475.0  338.6382
475.5  334.1183
476.0  330.6371
476.5  333.9336
477.0  346.9923
477.5  369.1365
478.0  396.8285
478.5  425.2661
479.0  449.6652
479.5  465.7332
480.0  469.7054
480.5  458.7635
481.0  432.3002
481.5  393.4615
482.0  349.5054
482.5  309.7757
483.0  281.7536
483.5  267.4865
484.0  262.8639
484.5  260.2838
485.0  252.9317
485.5  238.1222
486.0  218.1334
486.5  198.5422
487.0  185.2834
487.5  182.1056
488.0  189.6158
488.5  205.9596
489.0  228.1725
489.5  253.1031
490.0  277.5211
490.5  297.9312
491.0  311.0100
491.5  315.0805
492.0  311.8861
492.5  307.0400
493.0  307.9662
493.5  319.9823
494.0  342.9820
494.5  371.1192
495.0  395.7838
495.5  409.8838
496.0  410.9090
496.5  401.3938
497.0  386.9874
497.5  373.4588
498.0  364.2852
498.5  359.9256
499.0  358.7404
499.5  358.5434
500.0  357.6291
500.5  354.7774
501.0  348.6965
501.5  337.9411
502.0  322.0032
502.5  303.0579
503.0  286.6883
503.5  280.1127
504.0  288.3269
504.5  310.6637
505.0  340.4216
505.5  367.9999
506.0  385.4499
506.5  389.7173
507.0  383.1301
507.5  371.4331
508.0  360.7705
508.5  355.2104
509.0  355.7922
509.5  361.0707
510.0  368.3605
510.5  374.7729
511.0  377.6157
511.5  374.4214
512.0  363.3152
512.5  344.1988
513.0  320.2265
513.5  298.0760
514.0  285.7565
514.5  288.5333
515.0  305.5452
515.5  329.7095
516.0  351.1484
516.5  361.8368
517.0  358.7058
517.5  343.9419
518.0  323.0377
518.5  302.0729
519.0  285.6125
519.5  275.8855
520.0  273.0709
520.5  276.0189
521.0  282.7404
521.5  290.4300
522.0  295.4135
522.5  293.8220
523.0  283.4432
523.5  266.0104
524.0  248.0600
524.5  238.7592
525.0  245.2158
525.5  268.2057
526.0  301.4750
526.5  335.1387
527.0  360.6413
527.5  374.1064
528.0  376.6960
528.5  372.7323
529.0  367.2377
529.5  364.1762
530.0  365.7932
530.5  372.7426
531.0  384.4308
531.5  399.1122
532.0  413.6488
532.5  423.3982
533.0  423.0637
533.5  408.9203
534.0  381.5677
534.5  347.1958
535.0  315.6244
535.5  295.5315
536.0  289.8225
536.5  294.4810
537.0  301.6355
537.5  304.3604
538.0  299.9154
538.5  289.9588
539.0  278.5580
539.5  269.7930
540.0  266.2807
540.5  268.9361
541.0  277.5363
541.5  291.3667
542.0  309.3173
542.5  329.2358
543.0  347.1473
543.5  357.5538
544.0  355.5662
544.5  340.0511
545.0  315.5301
545.5  290.7947
546.0  274.4279
546.5  270.0917
547.0  275.0036
547.5  282.5741
548.0  286.9242
548.5  286.0100
549.0  281.8056
549.5  278.3320
550.0  279.3289
550.5  286.8736
551.0  301.2308
551.5  321.5154
552.0  346.4894
552.5  374.8016
553.0  404.3405
553.5  431.2684
554.0  450.0997
554.5  455.7657
555.0  446.8744
555.5  427.7521
556.0  407.0824
556.5  393.3081
557.0  389.7583
557.5  393.0651
558.0  395.9187
558.5  391.8337
559.0  378.5290
559.5  358.2575
560.0  335.8121
560.5  316.0085
561.0  302.0122
561.5  294.9261
562.0  294.3707
562.5  299.4358
563.0  309.1860
563.5  322.1554
564.0  335.2602
564.5  343.5836
565.0  342.2180
565.5  329.5380
566.0  309.4769
566.5  290.4521
567.0  280.9161
567.5  284.3888
568.0  297.5942
568.5  312.9323
569.0  323.1181
569.5  324.6376
570.0  318.3138
570.5  307.6386
571.0  296.5519
571.5  287.9080
572.0  282.9930
572.5  281.9253
573.0  284.4682
573.5  290.4771
574.0  299.3222
574.5  308.6417
575.0  313.9511
575.5  310.4432
576.0  296.4291
576.5  275.9227
577.0  257.8291
577.5  251.4849
578.0  261.3176
578.5  284.4710
579.0  313.0021
579.5  338.6219
580.0  356.4073
580.5  365.5541
581.0  367.8646
581.5  365.8261
582.0  361.5138
582.5  356.4562
583.0  352.0464
583.5  349.9574
584.0  351.9246
584.5  358.5153
585.0  367.5184
585.5  373.5920
586.0  370.4061
586.5  354.5838
587.0  328.8813
587.5  301.9698
588.0  284.2519
588.5  282.1478
589.0  294.8334
589.5  315.6827
590.0  336.8782
590.5  353.4533
591.0  364.3158
591.5  370.7135
592.0  374.1890
592.5  375.5291
593.0  374.8944
593.5  372.5773
594.0  369.6882
594.5  368.0553
595.0  368.9443
595.5  371.2287
596.0  370.6696
596.5  361.6266
597.0  340.6765
597.5  309.7898
598.0  276.5135
598.5  250.4038
599.0  237.7364
599.5  238.2092
600.0  246.0646
600.5  254.4924
601.0  259.6974
601.5  261.9194
602.0  263.6427
602.5  267.1678
603.0  273.3482
603.5  281.8250
604.0  292.0977
604.5  304.5335
605.0  320.4592
605.5  340.8966
606.0  364.6115
606.5  387.1997
607.0  402.5880
607.5  406.4834
608.0  399.5108
608.5  387.6006
609.0  378.8646
609.5  378.7614
610.0  386.9325
610.5  398.0235
611.0  405.6234
611.5  406.0791
612.0  399.5993
612.5  388.7195
613.0  376.0626
613.5  363.0948
614.0  350.2533
614.5  337.8828
615.0  327.1389
615.5  320.0219
616.0  318.1229
616.5  320.7636
617.0  324.1829
617.5  323.0192
618.0  313.5628
618.5  296.6441
619.0  277.9439
619.5  265.0716
620.0  263.0576
620.5  271.3394
621.0  284.4261
621.5  295.5555
622.0  300.4029
622.5  298.3819
623.0  291.4797
623.5  282.3240
624.0  272.9915
624.5  264.8916
625.0  259.2758
625.5  257.7509
626.0  262.1506
626.5  273.4225
627.0  290.1047
627.5  307.8327
628.0  320.9375
628.5  325.5961
629.0  322.5411
629.5  317.2708
630.0  317.1413
630.5  326.9054
631.0  345.7038
631.5  367.7169
632.0  385.8597
632.5  395.5590
633.0  396.0548
633.5  389.1265
634.0  377.0632
634.5  361.5681
635.0  343.9637
635.5  326.0389
636.0  310.6075
636.5  301.0192
637.0  299.4896
637.5  305.1913
638.0  313.7409
638.5  319.0478
639.0  316.7546
639.5  307.1487
640.0  295.5150
640.5  289.3539
641.0  293.9746
641.5  309.3802
642.0  330.6844
642.5  351.5903
643.0  368.0583
643.5  379.5231
644.0  387.4671
644.5  393.2338
645.0  396.9544
645.5  398.0414
646.0  396.4736
646.5  393.7331
647.0  392.5112
647.5  395.0407
648.0  401.0088
648.5  406.6891
649.0  406.3326
649.5  395.2625
650.0  372.8135
650.5  343.1888
651.0  313.4667
651.5  289.7865
652.0  274.1922
652.5  264.3742
653.0  256.3483
653.5  247.7311
654.0  239.0466
654.5  232.5348
655.0  230.0170
655.5  231.6879
656.0  236.5055
656.5  243.5668
657.0  253.2719
657.5  267.2465
658.0  286.8164
658.5  311.0347
659.0  335.9207
659.5  355.8691
660.0  366.5530
660.5  367.4369
661.0  362.1520
661.5  356.3067
662.0  354.0458
662.5  355.7244
663.0  358.3981
663.5  358.6494
664.0  355.4007
664.5  350.5744
665.0  347.4277
665.5  348.1634
666.0  352.5999
666.5  358.5976
667.0  363.7129
667.5  366.8623
668.0  368.7885
668.5  370.9111
669.0  373.4188
669.5  374.2366
670.0  369.9453
670.5  358.1645
671.0  339.6760
671.5  318.6179
672.0  300.3767
672.5  288.4730
673.0  282.6503
673.5  279.6169
674.0  275.8465
674.5  270.2214
675.0  264.6025
675.5  262.2134
676.0  265.3160
676.5  273.8318
677.0  285.6165
677.5  297.9730
678.0  309.2657
678.5  319.4329
679.0  328.9730
679.5  337.2811
680.0  341.9422
680.5  339.9034
681.0  329.8500
681.5  314.0109
682.0  297.8683
682.5  287.6317
683.0  286.9434
683.5  295.0321
684.0  307.6331
684.5  319.9336
685.0  329.3196
685.5  336.1163
686.0  342.2857
686.5  349.4535
687.0  357.6951
687.5  365.6621
688.0  371.7339
688.5  375.2890
689.0  377.0600
689.5  378.1499
690.0  378.4704
690.5  376.0817
691.0  368.3152
691.5  354.0567
692.0  335.4993
692.5  317.8842
693.0  307.0720
693.5  306.3741
694.0  314.8158
694.5  328.0979
695.0  341.4718
695.5  352.3006
696.0  360.5836
696.5  367.5622
697.0  373.9143
697.5  378.9523
698.0  381.1853
698.5  379.6422
699.0  374.9250
699.5  369.1033
700.0  364.3001
700.5  360.9153
701.0  356.9787
701.5  349.4139
702.0  336.4832
702.5  319.6545
703.0  303.4000
703.5  292.8066
704.0  290.4997
704.5  295.0807
705.0  302.2807
705.5  307.9013
706.0  310.2138
706.5  310.1250
707.0  309.4134
707.5  308.7557
708.0  307.0605
708.5  302.3947
709.0  293.7013
709.5  282.0821
710.0  270.6404
710.5  262.7637
711.0  259.9312
711.5  260.7376
712.0  262.0464
712.5  261.5360
713.0  259.7635
713.5  260.1343
714.0  266.6354
714.5  280.8972
715.0  300.8205
715.5  321.8753
716.0  339.9917
716.5  353.6973
717.0  364.0172
717.5  372.6664
718.0  380.2528
718.5  385.7885
719.0  387.5915
719.5  384.7807
720.0  378.3059
720.5  370.7086
721.0  364.5796
721.5  360.7093
722.0  357.4110
722.5  351.7675
723.0  342.0616
723.5  329.6176
724.0  318.5396
724.5  313.2685
725.0  315.5810
725.5  323.3064
726.0  331.8255
726.5  337.1587
727.0  338.2139
727.5  336.6838
728.0  335.1240
728.5  334.9557
729.0  335.7657
729.5  336.0991
730.0  334.9932
730.5  333.1244
731.0  332.6363
731.5  335.5475
732.0  341.7931
732.5  348.5171
733.0  351.4629
733.5  347.6950
734.0  337.7252
734.5  325.3703
735.0  315.2191
735.5  309.4616
736.0  306.5411
736.5  302.7300
737.0  295.2724
737.5  284.4957
738.0  273.4262
738.5  265.6449
739.0  263.2562
739.5  266.2749
740.0  273.4649
740.5  283.7986
741.0  297.4612
741.5  315.6120
742.0  338.9172
742.5  365.8978
743.0  392.5410
743.5  413.8201
744.0  426.2908
744.5  429.9809
745.0  428.1204
745.5  424.7247
746.0  421.7036
746.5  417.7172
747.0  409.6780
747.5  395.5626
748.0  376.1600
748.5  354.5186
749.0  333.8935
749.5  315.9784
750.0  300.5933
750.5  286.7616
751.0  274.2616
751.5  264.5320
752.0  260.1648
752.5  263.1189
753.0  272.8443
753.5  285.8472
754.0  297.3219
754.5  303.9212
755.0  305.7536
755.5  306.0727
756.0  308.6926
756.5  314.9590
757.0  322.6650
757.5  327.8277
758.0  327.8157
758.5  323.2450
759.0  317.3211
759.5  313.4824
760.0  313.2596
760.5  315.6960
761.0  318.4203
761.5  319.5061
762.0  318.8673
762.5  318.2066
763.0  319.4759
763.5  322.9797
764.0  326.7002
764.5  327.5552
765.0  323.7321
765.5  316.2654
766.0  308.4841
766.5  303.5889
767.0  302.2278
767.5  302.1218
768.0  300.1297
768.5  295.0309
769.0  288.7399
769.5  285.1012
770.0  287.3575
770.5  296.1525
771.0  309.2562
771.5  322.9785
772.0  334.2873
772.5  342.2903
773.0  348.1282
773.5  353.4055
774.0  358.4218
774.5  361.6947
775.0  361.2538
775.5  356.7093
776.0  350.3646
776.5  346.2553
777.0  347.5748
777.5  354.3796
778.0  363.4842
778.5  370.7700
779.0  374.1265
779.5  374.7848
780.0  376.2294
780.5  381.7114
781.0  392.1084
781.5  405.3331
782.0  417.4576
782.5  424.7820
783.0  425.5329
783.5  420.0769
784.0  409.6175
784.5  394.5862
785.0  374.2232
785.5  347.8201
786.0  316.6195
786.5  284.6719
787.0  257.5828
787.5  239.6734
788.0  231.5185
788.5  229.8388
789.0  229.9753
789.5  229.0688
790.0  227.5958
790.5  228.4172
791.0  234.4217
791.5  246.5593
792.0  263.4114
792.5  282.3048
793.0  301.0528
793.5  319.0173
794.0  336.6549
794.5  353.9382
795.0  369.1028
795.5  379.0120
796.0  381.0991
796.5  375.5122
797.0  365.7931
797.5  357.3224
798.0  354.3028
798.5  357.2840
799.0  363.0779
799.5  367.1597
800.0  366.6699
800.5  361.7838
801.0  354.7515
801.5  347.7564
802.0  341.3251
802.5  334.2938
803.0  325.1795
803.5  313.9113
804.0  302.5585
804.5  294.2783
805.0  291.0777
805.5  292.1266
806.0  294.1049
806.5  293.4921
807.0  289.1813
807.5  283.5113
808.0  280.8737
808.5  284.7384
809.0  295.1948
809.5  308.8814
810.0  321.3320
810.5  329.7961
811.0  334.3501
811.5  336.7769
812.0  338.5075
812.5  339.3404
813.0  337.7635
813.5  332.5409
814.0  324.4136
814.5  316.5464
815.0  313.0392
815.5  316.3028
816.0  325.2435
816.5  335.7814
817.0  343.4545
817.5  346.2745
818.0  345.8351
818.5  345.8957
819.0  349.4186
819.5  356.2227
820.0  363.0280
820.5  365.7649
821.0  362.2038
821.5  352.9343
822.0  340.3270
822.5  326.6522
823.0  312.8072
823.5  298.4139
824.0  283.1280
824.5  268.1985
825.0  256.9315
825.5  253.2861
826.0  259.3201
826.5  273.4344
827.0  290.9976
827.5  307.1240
828.0  319.6799
828.5  330.3801
829.0  343.1534
829.5  360.9012
830.0  383.0305
830.5  405.6110
831.0  423.8949
831.5  435.0776
832.0  439.2975
832.5  438.5843
833.0  434.9599
833.5  429.1163
834.0  420.4336
834.5  408.2349
835.0  393.3607
835.5  378.6972
836.0  367.8275
836.5  362.4869
837.0  360.7845
837.5  357.8442
838.0  348.7081
838.5  331.5853
839.0  309.2002
839.5  287.2394
840.0  270.8888
840.5  261.8836
841.0  258.1301
841.5  255.8639
842.0  252.3467
842.5  247.1171
843.0  241.4144
843.5  236.7673
844.0  233.9379
844.5  232.8818
845.0  233.6876
845.5  237.6991
846.0  247.5814
846.5  265.6772
847.0  291.5293
847.5  320.5807
848.0  345.4982
848.5  359.6330
849.0  360.5139
849.5  351.1622
850.0  338.3462
850.5  328.8150
851.0  325.9413
851.5  328.8834
852.0  334.3583
852.5  339.1889
853.0  341.7434
853.5  341.8307
854.0  339.8124
854.5  335.8646
855.0  329.9603
855.5  322.6473
856.0  316.0078
856.5  313.6680
857.0  319.1473
857.5  333.2584
858.0  352.4865
858.5  369.9378
859.0  378.6407
859.5  375.2166
860.0  361.5950
860.5  343.6766
861.0  327.8501
861.5  317.7568
862.0  313.4064
862.5  312.7130
863.0  313.6438
863.5  315.2333
864.0  317.2232
864.5  319.2211
865.0  320.2852
865.5  319.3359
866.0  316.2590
866.5  312.9565
867.0  313.2296
867.5  320.9021
868.0  337.0269
868.5  358.1874
869.0  377.4872
869.5  387.9418
870.0  386.2032
870.5  374.2455
871.0  357.9405
871.5  343.5014
872.0  334.2528
872.5  329.8398
873.0  327.8940
873.5  326.2842
874.0  324.1719
874.5  321.6210
875.0  318.6523
875.5  314.6942
876.0  308.9160
876.5  301.3476
877.0  294.0009
877.5  290.8012
878.0  295.7136
878.5  309.9186
879.0  330.0605
879.5  349.1811
880.0  360.1243
880.5  359.4174
881.0  349.2362
881.5  336.1711
882.0  327.4964
882.5  327.3498
883.0  335.2789
883.5  347.6462
884.0  360.2061
884.5  369.8446
885.0  374.8647
885.5  374.4617
886.0  368.2636
886.5  356.4573
887.0  340.5101
887.5  323.8539
888.0  311.5061
888.5  308.1004
889.0  315.1347
889.5  329.3103
890.0  343.4782
890.5  350.0274
891.0  344.8785
891.5  329.7497
892.0  311.2614
892.5  297.3014
893.0  292.9366
893.5  298.5080
894.0  310.7135
894.5  325.0997
895.0  337.8491
895.5  346.1572
896.0  347.8860
896.5  341.4360
897.0  326.3102
897.5  304.2049
898.0  279.7846
898.5  260.0002
899.0  251.4813
899.5  257.0460
900.0  273.5224
900.5  292.6158
901.0  304.6616
901.5  303.2827
902.0  288.4579
902.5  266.3696
903.0  246.1238
903.5  235.3108
904.0  237.1123
904.5  250.2907
905.0  271.0577
905.5  294.9024
906.0  317.4909
906.5  334.9967
907.0  344.4877
907.5  344.6513
908.0  336.7353
908.5  325.1020
909.0  316.5066
909.5  317.6760
910.0  332.0290
910.5  357.4422
911.0  386.7007
911.5  410.6651
912.0  422.5097
912.5  420.7759
913.0  409.6353
913.5  396.2665
914.0  387.0040
914.5  384.7093
915.0  388.6707
915.5  396.1828
916.0  404.0382
916.5  409.1087
917.0  408.4362
917.5  399.5290
918.0  381.1829
918.5  354.6515
919.0  324.4657
919.5  297.8904
920.0  282.4897
920.5  282.5981
921.0  296.7026
921.5  317.5939
922.0  335.5180
922.5  342.7013
923.0  336.8524
923.5  321.8176
924.0  305.0855
924.5  293.6895
925.0  291.0829
925.5  296.6319
926.0  307.1743
926.5  318.8498
927.0  328.0929
927.5  331.9271
928.0  328.1860
928.5  316.0725
929.0  297.0437
929.5  275.4635
930.0  258.0961
930.5  251.9000
931.0  260.8002
931.5  283.2682
932.0  312.4444
932.5  339.0512
933.0  355.6076
933.5  359.7077
934.0  354.6565
934.5  347.1805
935.0  343.6458
935.5  347.1298
936.0  356.8351
936.5  369.3763
937.0  380.4175
937.5  385.7709
938.0  382.0802
938.5  367.4622
939.0  342.2330
939.5  309.5742
940.0  275.6958
940.5  248.8023
941.0  236.5263
941.5  242.6012
942.0  264.5925
942.5  294.3350
943.0  321.1997
943.5  336.6203
944.0  337.6323
944.5  327.7189
945.0  314.6133
945.5  306.3670
946.0  307.9882
946.5  320.2459
947.0  340.3778
947.5  363.4018
948.0  383.3203
948.5  394.3623
949.0  392.4111
949.5  376.3589
950.0  348.9799
950.5  316.8811
951.0  289.0577
951.5  273.9598
952.0  275.9719
952.5  293.1148
953.0  317.5275
953.5  338.7642
954.0  348.2827
954.5  342.8738
955.0  325.3914
955.5  302.5931
956.0  281.5782
956.5  267.1068
957.0  261.0500
957.5  263.2057
958.0  271.9308
958.5  284.1633
959.0  295.6383
959.5  301.9774
960.0  300.4302
960.5  291.4902
961.0  279.5363
961.5  271.8150
962.0  275.6544
962.5  294.8924
963.0  327.4519
963.5  365.7248
964.0  399.8157
964.5  421.9332
965.0  429.5775
965.5  425.9127
966.0  417.3289
966.5  409.9010
967.0  407.0462
967.5  409.4210
968.0  416.0473
968.5  425.0333
969.0  433.5003
969.5  437.6090
970.0  433.4596
970.5  418.7219
971.0  394.2342
971.5  364.6876
972.0  337.6582
972.5  320.8219
973.0  318.3288
973.5  328.3356
974.0  343.4523
974.5  354.1392
975.0  353.1983
975.5  338.8602
976.0  314.8932
976.5  287.9566
977.0  264.1051
977.5  246.7323
978.0  236.7751
978.5  233.9749
979.0  237.5052
979.5  245.6059
980.0  255.1973
980.5  262.4107
981.0  264.0919
981.5  259.5919
982.0  251.8349
982.5  246.7055
983.0  250.4726
983.5  266.2724
984.0  291.7613
984.5  319.6986
985.0  341.3902
985.5  351.0167
986.0  348.3460
986.5  338.3643
987.0  328.2292
987.5  323.6029
988.0  326.6730
988.5  336.5899
989.0  351.0282
989.5  367.1602
990.0  381.6667
990.5  390.6680
991.0  390.4164
991.5  378.7630
992.0  356.7366
992.5  329.2913
993.0  304.3422
993.5  289.8603
994.0  290.0993
994.5  303.1199
995.0  321.4328
995.5  335.6748
996.0  339.2354
996.5  331.2107
997.0  316.1791
997.5  301.2422
998.0  292.4147
998.5  292.6250
999.0  301.9711
999.5  318.9204
1000.0  340.8693
