0.0  0.428766  1.226167  1.654932
0.5  0.434329  1.221877  1.656206
1.0  0.429287  1.225952  1.655238
1.5  0.416581  1.240206  1.656787
2.0  0.401910  1.254285  1.656194
2.5  0.391023  1.266075  1.657099
3.0  0.386659  1.269799  1.656458
3.5  0.387084  1.269170  1.656254
4.0  0.387269  1.268793  1.656061
4.5  0.381866  1.273648  1.655514
5.0  0.367978  1.288178  1.656156
5.5  0.346209  1.309329  1.655537
6.0  0.319919  1.336540  1.656459
6.5  0.293657  1.362602  1.656259
7.0  0.271799  1.385092  1.656891
7.5  0.257786  1.398977  1.656763
8.0  0.253785  1.403189  1.656973
8.5  0.260433  1.396606  1.657039
9.0  0.276568  1.380101  1.656668
9.5  0.299117  1.357508  1.656626
10.0  0.323499  1.332794  1.656293
10.5  0.344727  1.311630  1.656358
11.0  0.359114  1.296647  1.655761
11.5  0.365937  1.290128  1.656065
12.0  0.368101  1.288582  1.656683
12.5  0.370997  1.285806  1.656802
13.0  0.379737  1.278055  1.657792
13.5  0.396197  1.260443  1.656640
14.0  0.417762  1.239499  1.657261
14.5  0.438636  1.216917  1.655553
15.0  0.452771  1.203693  1.656464
15.5  0.456501  1.198927  1.655428
16.0  0.449549  1.206796  1.656345
16.5  0.434414  1.221639  1.656053
17.0  0.415043  1.241434  1.656477
17.5  0.395631  1.261057  1.656688
18.0  0.379853  1.276690  1.656544
18.5  0.370378  1.286623  1.657001
19.0  0.368426  1.288209  1.656635
19.5  0.373358  1.283406  1.656764
20.0  0.382510  1.273710  1.656219
20.5  0.391587  1.264746  1.656334
21.0  0.395827  1.260266  1.656094
21.5  0.391771  1.263994  1.655766
22.0  0.379036  1.277114  1.656149
22.5  0.361056  1.295185  1.656242
23.0  0.343984  1.312946  1.656931
23.5  0.333886  1.322941  1.656827
24.0  0.333686  1.323406  1.657092
24.5  0.341783  1.314892  1.656676
25.0  0.353189  1.303108  1.656297
25.5  0.362275  1.294261  1.656536
26.0  0.365265  1.290766  1.656031
26.5  0.361235  1.295879  1.657114
27.0  0.351680  1.304650  1.656330
27.5  0.339488  1.318172  1.657660
28.0  0.328021  1.328750  1.656771
28.5  0.320485  1.337657  1.658143
29.0  0.319418  1.337668  1.657086
29.5  0.326121  1.331736  1.657857
30.0  0.340115  1.317470  1.657585
30.5  0.358881  1.298928  1.657809
31.0  0.378200  1.278951  1.657152
31.5  0.393280  1.263472  1.656752
32.0  0.400490  1.256303  1.656793
32.5  0.399097  1.258631  1.657728
33.0  0.392002  1.266254  1.658256
33.5  0.384708  1.273166  1.657875
34.0  0.382673  1.275088  1.657760
34.5  0.388424  1.269537  1.657960
35.0  0.400274  1.257103  1.657377
35.5  0.413410  1.244026  1.657436
36.0  0.422489  1.234058  1.656547
36.5  0.423989  1.233201  1.657190
37.0  0.417191  1.239370  1.656561
37.5  0.403813  1.253685  1.657498
38.0  0.387054  1.270082  1.657136
38.5  0.370669  1.287314  1.657983
39.0  0.358244  1.299667  1.657911
39.5  0.352557  1.305372  1.657929
40.0  0.354920  1.303212  1.658133
40.5  0.364634  1.293085  1.657720
41.0  0.378806  1.279657  1.658463
41.5  0.392835  1.264344  1.657178
42.0  0.401693  1.255806  1.657499
42.5  0.401797  1.254903  1.656699
43.0  0.392767  1.264816  1.657582
43.5  0.378070  1.279625  1.657696
44.0  0.363767  1.294461  1.658228
44.5  0.355622  1.302568  1.658189
45.0  0.356122  1.301836  1.657958
45.5  0.363311  1.294511  1.657822
46.0  0.372130  1.285429  1.657559
46.5  0.377231  1.279625  1.656856
47.0  0.375361  1.281745  1.657106
47.5  0.366199  1.290859  1.657058
48.0  0.351802  1.305855  1.657657
48.5  0.335525  1.321818  1.657344
49.0  0.321064  1.336679  1.657743
49.5  0.311765  1.345897  1.657662
50.0  0.310038  1.347904  1.657943
50.5  0.316752  1.340859  1.657611
51.0  0.330726  1.326909  1.657635
51.5  0.348604  1.308701  1.657304
52.0  0.365422  1.291312  1.656733
52.5  0.376014  1.280894  1.656909
53.0  0.377024  1.279246  1.656270
53.5  0.368741  1.288378  1.657119
54.0  0.355661  1.301393  1.657054
54.5  0.344913  1.313318  1.658231
55.0  0.342926  1.314919  1.657845
55.5  0.352125  1.305660  1.657785
56.0  0.369771  1.287494  1.657264
56.5  0.389655  1.267505  1.657160
57.0  0.405336  1.251357  1.656693
57.5  0.412803  1.243960  1.656763
58.0  0.411349  1.246013  1.657362
58.5  0.402920  1.254755  1.657675
59.0  0.390880  1.266667  1.657547
59.5  0.378928  1.279227  1.658155
60.0  0.370318  1.287873  1.658191
60.5  0.367235  1.291123  1.658358
61.0  0.370227  1.287741  1.657968
61.5  0.377782  1.280658  1.658440
62.0  0.386336  1.271046  1.657382
62.5  0.390976  1.266951  1.657927
63.0  0.386934  1.270524  1.657459
63.5  0.371591  1.285997  1.657588
64.0  0.346191  1.311394  1.657585
64.5  0.316201  1.341951  1.658152
65.0  0.289570  1.369388  1.658959
65.5  0.273398  1.385279  1.658678
66.0  0.270773  1.388119  1.658892
66.5  0.279783  1.378359  1.658142
67.0  0.295212  1.363033  1.658245
67.5  0.311554  1.346144  1.657697
68.0  0.325357  1.332387  1.657744
68.5  0.335864  1.322116  1.657980
69.0  0.344307  1.313886  1.658194
69.5  0.352839  1.305326  1.658165
70.0  0.363716  1.294578  1.658294
70.5  0.378821  1.279725  1.658546
71.0  0.399258  1.259674  1.658931
71.5  0.424881  1.234236  1.659117
72.0  0.453861  1.205344  1.659205
72.5  0.482566  1.175324  1.657890
73.0  0.506063  1.151771  1.657834
73.5  0.519389  1.137994  1.657383
74.0  0.519356  1.138789  1.658145
74.5  0.506191  1.151684  1.657875
75.0  0.483994  1.174654  1.658648
75.5  0.459273  1.199626  1.658898
76.0  0.437934  1.221386  1.659320
76.5  0.422376  1.237526  1.659902
77.0  0.410599  1.248986  1.659585
77.5  0.397941  1.261284  1.659225
78.0  0.380137  1.279432  1.659568
78.5  0.355660  1.304696  1.660356
79.0  0.326191  1.334687  1.660877
79.5  0.295531  1.365835  1.661365
80.0  0.268070  1.394013  1.662083
80.5  0.247649  1.414499  1.662148
81.0  0.236987  1.425191  1.662178
81.5  0.237431  1.425378  1.662809
82.0  0.248736  1.414474  1.663210
82.5  0.268867  1.394727  1.663594
83.0  0.294049  1.370684  1.664733
83.5  0.319353  1.347944  1.667297
84.0  0.339966  1.330018  1.669984
84.5  0.352939  1.320566  1.673505
85.0  0.358692  1.318853  1.677544
85.5  0.361270  1.320483  1.681753
86.0  0.366678  1.319419  1.686098
86.5  0.379714  1.309373  1.689087
87.0  0.401038  1.290297  1.691335
87.5  0.426429  1.265777  1.692206
88.0  0.448784  1.242792  1.691576
88.5  0.461525  1.229847  1.691372
89.0  0.461296  1.229079  1.690375
89.5  0.448720  1.240784  1.689504
90.0  0.427445  1.263850  1.691295
90.5  0.402511  1.288114  1.690625
91.0  0.378928  1.312837  1.691766
91.5  0.360751  1.330831  1.691582
92.0  0.350526  1.339765  1.690291
92.5  0.348929  1.342923  1.691852
93.0  0.354562  1.335237  1.689799
93.5  0.364097  1.327947  1.692044
94.0  0.372985  1.316873  1.689858
94.5  0.376834  1.314573  1.691407
95.0  0.373207  1.319071  1.692278
95.5  0.363112  1.326550  1.689662
96.0  0.351202  1.342820  1.694022
96.5  0.344006  1.345062  1.689068
97.0  0.346700  1.349693  1.696392
97.5  0.360129  1.327833  1.687962
98.0  0.380044  1.315513  1.695557
98.5  0.399104  1.289518  1.688622
99.0  0.410308  1.283340  1.693647
99.5  0.409762  1.280842  1.690604
100.0  0.397543  1.294507  1.692050
100.5  0.376838  1.316396  1.693234
101.0  0.352380  1.339110  1.691490
101.5  0.329028  1.365365  1.694393
102.0  0.310821  1.380775  1.691596
102.5  0.300383  1.393609  1.693992
103.0  0.298523  1.393855  1.692377
103.5  0.304021  1.389237  1.693258
104.0  0.313777  1.379924  1.693701
104.5  0.323539  1.367691  1.691230
105.0  0.329291  1.364330  1.693621
105.5  0.328993  1.361555  1.690548
106.0  0.323959  1.370101  1.694060
106.5  0.318900  1.373357  1.692257
107.0  0.320088  1.373729  1.693817
107.5  0.332213  1.361551  1.693763
108.0  0.355634  1.335387  1.691021
108.5  0.385821  1.308642  1.694463
109.0  0.415384  1.271849  1.687233
109.5  0.437358  1.257917  1.695275
110.0  0.447791  1.237742  1.685533
110.5  0.446518  1.249658  1.696176
111.0  0.436331  1.249614  1.685946
111.5  0.421484  1.274539  1.696023
112.0  0.406335  1.281811  1.688146
112.5  0.394422  1.300376  1.694798
113.0  0.387892  1.301659  1.689551
113.5  0.387150  1.305140  1.692290
114.0  0.390707  1.299987  1.690694
114.5  0.395395  1.295747  1.691142
115.0  0.397138  1.293739  1.690877
115.5  0.392304  1.298006  1.690310
116.0  0.379334  1.311110  1.690444
116.5  0.359918  1.331810  1.691728
117.0  0.338855  1.350927  1.689782
117.5  0.322231  1.371570  1.693802
118.0  0.314587  1.373823  1.688409
118.5  0.316688  1.377788  1.694477
119.0  0.325348  1.360811  1.686158
119.5  0.335373  1.358310  1.693683
120.0  0.342289  1.344822  1.687111
120.5  0.344178  1.347979  1.692157
121.0  0.341901  1.349044  1.690945
121.5  0.338106  1.351767  1.689874
122.0  0.335920  1.359123  1.695043
122.5  0.337961  1.348786  1.686747
123.0  0.345819  1.351530  1.697349
123.5  0.359817  1.327280  1.687097
124.0  0.378883  1.319408  1.698291
124.5  0.400532  1.287744  1.688275
125.0  0.421137  1.274563  1.695701
125.5  0.436680  1.252491  1.689171
126.0  0.443995  1.249448  1.693442
126.5  0.442174  1.249748  1.691922
127.0  0.433397  1.260181  1.693578
127.5  0.422416  1.271640  1.694056
128.0  0.414491  1.279247  1.693738
128.5  0.412677  1.280801  1.693478
129.0  0.416095  1.277581  1.693676
129.5  0.420421  1.271311  1.691732
130.0  0.420310  1.274665  1.694975
130.5  0.412187  1.277839  1.690026
131.0  0.395794  1.300993  1.696787
131.5  0.373965  1.314497  1.688462
132.0  0.351218  1.347799  1.699016
132.5  0.332154  1.355658  1.687812
133.0  0.320314  1.379460  1.699775
133.5  0.317607  1.370901  1.688508
134.0  0.324110  1.374245  1.698355
134.5  0.338048  1.352469  1.690517
135.0  0.355923  1.338846  1.694769
135.5  0.372954  1.320146  1.693100
136.0  0.384028  1.307536  1.691565
136.5  0.385195  1.310693  1.695888
137.0  0.375325  1.313957  1.689283
137.5  0.357147  1.340433  1.697581
138.0  0.336751  1.353093  1.689845
138.5  0.321266  1.378514  1.699780
139.0  0.315622  1.376980  1.692602
139.5  0.320239  1.377153  1.697391
140.0  0.331112  1.361862  1.692974
140.5  0.342187  1.352273  1.694460
141.0  0.348399  1.344976  1.693374
141.5  0.347644  1.344569  1.692214
142.0  0.340987  1.353160  1.694147
142.5  0.331602  1.360044  1.691646
143.0  0.323386  1.371432  1.694818
143.5  0.319864  1.373822  1.693686
144.0  0.323507  1.369915  1.693422
144.5  0.335334  1.360589  1.695923
145.0  0.354626  1.335721  1.690347
145.5  0.378816  1.320410  1.699226
146.0  0.403739  1.283411  1.687149
146.5  0.424458  1.276011  1.700469
147.0  0.436721  1.248616  1.685337
147.5  0.438636  1.261493  1.700130
148.0  0.431795  1.256407  1.688203
148.5  0.420902  1.276369  1.697270
149.0  0.411645  1.280786  1.692431
149.5  0.407720  1.286366  1.694086
150.0  0.408804  1.287975  1.696779
150.5  0.410871  1.280327  1.691198
151.0  0.408621  1.288436  1.697057
151.5  0.398369  1.292089  1.690458
152.0  0.379685  1.318311  1.697997
152.5  0.355228  1.337534  1.692761
153.0  0.329406  1.368062  1.697468
153.5  0.306870  1.388804  1.695674
154.0  0.291445  1.404847  1.696292
154.5  0.285576  1.411998  1.697574
155.0  0.290054  1.404293  1.694347
155.5  0.303827  1.395195  1.699022
156.0  0.323932  1.369343  1.693276
156.5  0.345789  1.353566  1.699355
157.0  0.364115  1.329293  1.693407
157.5  0.374515  1.324420  1.698936
158.0  0.375311  1.320387  1.695697
158.5  0.368669  1.327503  1.696173
159.0  0.360068  1.340018  1.700086
159.5  0.355840  1.338107  1.693947
160.0  0.359903  1.344181  1.704084
160.5  0.371638  1.318474  1.690112
161.0  0.386299  1.318498  1.704796
161.5  0.397627  1.291288  1.688915
162.0  0.400887  1.302009  1.702895
162.5  0.394616  1.295414  1.690029
163.0  0.380559  1.320695  1.701254
163.5  0.362441  1.330181  1.692622
164.0  0.344543  1.354322  1.698865
164.5  0.330689  1.365109  1.695798
165.0  0.323713  1.374231  1.697944
165.5  0.325176  1.371474  1.696650
166.0  0.335142  1.361791  1.696933
166.5  0.351987  1.345081  1.697067
167.0  0.372485  1.324780  1.697266
167.5  0.392444  1.305616  1.698061
168.0  0.407997  1.293038  1.701035
168.5  0.417192  1.289427  1.706620
169.0  0.421039  1.294359  1.715398
169.5  0.423100  1.305138  1.728238
170.0  0.427462  1.317987  1.745449
170.5  0.436125  1.329303  1.765428
171.0  0.447527  1.340922  1.788449
171.5  0.457291  1.355056  1.812347
172.0  0.460637  1.374193  1.834830
172.5  0.454818  1.398967  1.853785
173.0  0.440144  1.426212  1.866356
173.5  0.419385  1.452898  1.872283
174.0  0.396325  1.473788  1.870113
174.5  0.374411  1.486081  1.860492
175.0  0.356007  1.490679  1.846686
175.5  0.342232  1.487280  1.829511
176.0  0.333073  1.478426  1.811499
176.5  0.327526  1.466036  1.793562
177.0  0.323694  1.454028  1.777722
177.5  0.319056  1.445880  1.764937
178.0  0.311120  1.444061  1.755181
178.5  0.298575  1.450174  1.748750
179.0  0.282556  1.462470  1.745026
179.5  0.267195  1.477408  1.744603
180.0  0.258620  1.488310  1.746930
180.5  0.262343  1.488134  1.750477
181.0  0.280316  1.474795  1.755111
181.5  0.309524  1.451409  1.760933
182.0  0.343183  1.424283  1.767466
182.5  0.373800  1.400253  1.774053
183.0  0.396174  1.384215  1.780389
183.5  0.408782  1.376639  1.785421
184.0  0.413317  1.375171  1.788488
184.5  0.413200  1.375746  1.788946
185.0  0.412073  1.374965  1.787037
185.5  0.412814  1.368613  1.781428
186.0  0.417106  1.356491  1.773596
186.5  0.425287  1.338108  1.763394
187.0  0.436293  1.315337  1.751629
187.5  0.447660  1.292073  1.739734
188.0  0.455797  1.271572  1.727369
188.5  0.456771  1.259486  1.716258
189.0  0.447697  1.258840  1.706537
189.5  0.428319  1.270618  1.698937
190.0  0.401927  1.291255  1.693182
190.5  0.374665  1.313782  1.688447
191.0  0.353084  1.332385  1.685469
191.5  0.341066  1.342032  1.683099
192.0  0.338020  1.343411  1.681431
192.5  0.339529  1.340727  1.680256
193.0  0.339951  1.341240  1.681191
193.5  0.335205  1.347603  1.682808
194.0  0.324217  1.362683  1.686899
194.5  0.308711  1.383381  1.692092
195.0  0.292019  1.406088  1.698107
195.5  0.277792  1.426940  1.704732
196.0  0.269109  1.442330  1.711439
196.5  0.267988  1.450074  1.718063
197.0  0.275130  1.449194  1.724324
197.5  0.289719  1.438527  1.728247
198.0  0.309353  1.419822  1.729174
198.5  0.330294  1.396896  1.727191
199.0  0.348311  1.374985  1.723296
199.5  0.360092  1.357597  1.717689
200.0  0.364802  1.345104  1.709906
200.5  0.364880  1.336930  1.701811
201.0  0.365229  1.328491  1.693720
201.5  0.370793  1.316159  1.686951
202.0  0.383730  1.297221  1.680952
202.5  0.402000  1.274171  1.676172
203.0  0.420343  1.252417  1.672760
203.5  0.432984  1.238196  1.671180
204.0  0.436282  1.233794  1.670076
204.5  0.429925  1.240395  1.670320
205.0  0.416463  1.253793  1.670256
205.5  0.399950  1.270919  1.670868
206.0  0.384567  1.286528  1.671095
206.5  0.373691  1.297355  1.671046
207.0  0.369405  1.302710  1.672115
207.5  0.372251  1.300728  1.672979
208.0  0.381074  1.293186  1.674260
208.5  0.393004  1.282111  1.675114
209.0  0.403820  1.273475  1.677295
209.5  0.408955  1.272465  1.681420
210.0  0.405115  1.282237  1.687352
210.5  0.391998  1.301293  1.693291
211.0  0.373108  1.326014  1.699122
211.5  0.354744  1.349803  1.704548
212.0  0.343221  1.366185  1.709405
212.5  0.341693  1.371225  1.712918
213.0  0.348586  1.365734  1.714321
213.5  0.358651  1.356155  1.714806
214.0  0.365836  1.347785  1.713621
214.5  0.366097  1.345363  1.711459
215.0  0.358672  1.350415  1.709088
215.5  0.345685  1.361213  1.706898
216.0  0.330838  1.372052  1.702889
216.5  0.318094  1.381717  1.699812
217.0  0.310772  1.387655  1.698428
217.5  0.311048  1.386936  1.697984
218.0  0.319686  1.378193  1.697878
218.5  0.335846  1.363596  1.699442
219.0  0.357035  1.345271  1.702306
219.5  0.379397  1.325612  1.705009
220.0  0.398579  1.309878  1.708456
220.5  0.411147  1.301459  1.712606
221.0  0.416098  1.299677  1.715775
221.5  0.415575  1.302654  1.718229
222.0  0.414031  1.305311  1.719342
222.5  0.415917  1.302837  1.718754
223.0  0.423124  1.292753  1.715877
223.5  0.433829  1.277843  1.711672
224.0  0.443535  1.262320  1.705854
224.5  0.447523  1.251436  1.698959
225.0  0.443108  1.249879  1.692987
225.5  0.430524  1.256710  1.687233
226.0  0.412396  1.269291  1.681687
226.5  0.392521  1.285521  1.678041
227.0  0.374685  1.301338  1.676024
227.5  0.361871  1.312816  1.674687
228.0  0.355813  1.318363  1.674177
228.5  0.356751  1.317431  1.674181
229.0  0.363273  1.311663  1.674936
229.5  0.372351  1.303542  1.675893
230.0  0.379770  1.296570  1.676341
230.5  0.381168  1.295342  1.676511
231.0  0.373610  1.302384  1.675994
231.5  0.357145  1.318177  1.675323
232.0  0.335433  1.340071  1.675505
232.5  0.314645  1.361176  1.675820
233.0  0.300809  1.374550  1.675359
233.5  0.296930  1.378664  1.675594
234.0  0.301641  1.375992  1.677633
234.5  0.310209  1.369671  1.679880
235.0  0.317132  1.364331  1.681464
235.5  0.318632  1.366443  1.685075
236.0  0.313809  1.376082  1.689891
236.5  0.304367  1.389123  1.693490
237.0  0.293563  1.403157  1.696720
237.5  0.285107  1.414412  1.699519
238.0  0.282354  1.419696  1.702050
238.5  0.287758  1.415924  1.703682
239.0  0.302443  1.401113  1.703556
239.5  0.325822  1.377070  1.702892
240.0  0.355362  1.346501  1.701864
240.5  0.386775  1.313540  1.700316
241.0  0.414872  1.283093  1.697964
241.5  0.435089  1.261418  1.696508
242.0  0.445204  1.251419  1.696622
242.5  0.446349  1.250051  1.696401
243.0  0.442544  1.254119  1.696663
243.5  0.438661  1.258636  1.697297
244.0  0.437876  1.259937  1.697813
244.5  0.440130  1.257340  1.697470
245.0  0.442513  1.255433  1.697947
245.5  0.441142  1.256383  1.697525
246.0  0.433196  1.265216  1.698412
246.5  0.418018  1.280046  1.698065
247.0  0.397046  1.300285  1.697331
247.5  0.373060  1.323073  1.696133
248.0  0.349324  1.344731  1.694055
248.5  0.328912  1.363751  1.692664
249.0  0.314220  1.377224  1.691444
249.5  0.306545  1.383584  1.690129
250.0  0.305716  1.383319  1.689034
250.5  0.309890  1.379101  1.688991
251.0  0.315801  1.373530  1.689331
251.5  0.319680  1.369930  1.689610
252.0  0.318776  1.370517  1.689293
252.5  0.312909  1.377189  1.690098
253.0  0.305102  1.384634  1.689736
253.5  0.300587  1.386905  1.687491
254.0  0.304337  1.381899  1.686236
254.5  0.318405  1.366705  1.685110
255.0  0.340714  1.342299  1.683014
255.5  0.366030  1.315129  1.681159
256.0  0.388406  1.292283  1.680689
256.5  0.403539  1.277305  1.680844
257.0  0.409918  1.271179  1.681097
257.5  0.408638  1.273202  1.681841
258.0  0.402472  1.280687  1.683158
258.5  0.394837  1.290133  1.684971
259.0  0.388991  1.297571  1.686562
259.5  0.387436  1.299842  1.687279
260.0  0.391443  1.297587  1.689031
260.5  0.400640  1.288680  1.689319
261.0  0.412798  1.276629  1.689427
261.5  0.424111  1.265377  1.689487
262.0  0.430180  1.258761  1.688941
262.5  0.427661  1.260892  1.688553
263.0  0.415963  1.273660  1.689623
263.5  0.398064  1.292929  1.690993
264.0  0.379648  1.313122  1.692770
264.5  0.366698  1.329738  1.696435
265.0  0.362757  1.337089  1.699846
265.5  0.367479  1.335544  1.703023
266.0  0.377252  1.330318  1.707570
266.5  0.387296  1.324895  1.712191
267.0  0.393820  1.322320  1.716140
267.5  0.395156  1.325008  1.720165
268.0  0.391715  1.330592  1.722306
268.5  0.385260  1.338706  1.723967
269.0  0.378098  1.346505  1.724603
269.5  0.372451  1.352758  1.725209
270.0  0.370024  1.352552  1.722577
270.5  0.371638  1.348812  1.720450
271.0  0.376886  1.346235  1.723121
271.5  0.383942  1.336889  1.720831
272.0  0.389797  1.331125  1.720921
272.5  0.391128  1.330166  1.721294
273.0  0.385718  1.334645  1.720363
273.5  0.373800  1.348179  1.721979
274.0  0.358484  1.361345  1.719829
274.5  0.344662  1.377088  1.721750
275.0  0.336729  1.384059  1.720787
275.5  0.336389  1.383279  1.719668
276.0  0.341904  1.380253  1.722157
276.5  0.349213  1.367057  1.716270
277.0  0.354085  1.369243  1.723328
277.5  0.353958  1.361713  1.715671
278.0  0.348637  1.375686  1.724323
278.5  0.339905  1.375844  1.715749
279.0  0.330619  1.393024  1.723642
279.5  0.323815  1.394068  1.717883
280.0  0.322061  1.398966  1.721027
280.5  0.326994  1.393791  1.720784
281.0  0.338949  1.381149  1.720098
281.5  0.356654  1.365310  1.721964
282.0  0.377136  1.340665  1.717801
282.5  0.396142  1.326747  1.722889
283.0  0.409249  1.309758  1.719007
283.5  0.413509  1.307675  1.721184
284.0  0.408948  1.310283  1.719232
284.5  0.398939  1.321739  1.720678
285.0  0.388871  1.333559  1.722430
285.5  0.383568  1.337424  1.720992
286.0  0.384870  1.337999  1.722869
286.5  0.390890  1.330879  1.721769
287.0  0.397293  1.324406  1.721699
287.5  0.399608  1.321970  1.721578
288.0  0.395127  1.323609  1.718737
288.5  0.383566  1.342120  1.725686
289.0  0.366619  1.350744  1.717363
289.5  0.347060  1.381053  1.728112
290.0  0.327915  1.388610  1.716524
290.5  0.311906  1.417737  1.729643
291.0  0.301086  1.415631  1.716717
291.5  0.296497  1.431105  1.727602
292.0  0.297832  1.421834  1.719667
292.5  0.303247  1.422239  1.725486
293.0  0.309648  1.412389  1.722037
293.5  0.313689  1.407856  1.721545
294.0  0.313315  1.411890  1.725205
294.5  0.309169  1.412131  1.721299
295.0  0.304863  1.421946  1.726808
295.5  0.305554  1.415479  1.721033
296.0  0.315322  1.411160  1.726482
296.5  0.334864  1.388569  1.723434
297.0  0.361005  1.363291  1.724296
297.5  0.388272  1.335332  1.723605
298.0  0.411439  1.310927  1.722367
298.5  0.427463  1.297572  1.725035
299.0  0.436025  1.285922  1.721947
299.5  0.438887  1.288495  1.727381
300.0  0.438773  1.284216  1.722990
300.5  0.438408  1.287430  1.725837
301.0  0.439902  1.285274  1.725176
301.5  0.444420  1.278955  1.723375
302.0  0.451933  1.275992  1.727925
302.5  0.461000  1.258041  1.719041
303.0  0.468733  1.262072  1.730805
303.5  0.471236  1.244456  1.715692
304.0  0.464754  1.266883  1.731637
304.5  0.447345  1.267675  1.715019
305.0  0.420341  1.310775  1.731116
305.5  0.388579  1.331256  1.719835
306.0  0.358795  1.367934  1.726729
306.5  0.336720  1.386614  1.723334
307.0  0.324466  1.399117  1.723583
307.5  0.319859  1.405528  1.725388
308.0  0.318050  1.403705  1.721755
308.5  0.314248  1.413278  1.727526
309.0  0.305889  1.416545  1.722433
309.5  0.293297  1.433862  1.727159
310.0  0.279027  1.446686  1.725713
310.5  0.266634  1.459647  1.726282
311.0  0.259569  1.468778  1.728347
311.5  0.260449  1.464437  1.724887
312.0  0.270647  1.459717  1.730364
312.5  0.290025  1.433972  1.723997
313.0  0.316743  1.412998  1.729741
313.5  0.347282  1.377622  1.724904
314.0  0.376959  1.350710  1.727669
314.5  0.401119  1.327406  1.728525
315.0  0.416800  1.307407  1.724207
315.5  0.424117  1.308047  1.732164
316.0  0.426396  1.293485  1.719881
316.5  0.428586  1.308306  1.736892
317.0  0.434579  1.284809  1.719388
317.5  0.445002  1.292813  1.737815
318.0  0.456914  1.262192  1.719105
318.5  0.465519  1.270865  1.736384
319.0  0.466691  1.256368  1.723059
319.5  0.458759  1.276076  1.734835
320.0  0.442835  1.283232  1.726067
320.5  0.421973  1.309630  1.731604
321.0  0.399916  1.329909  1.729825
321.5  0.380063  1.352508  1.732571
322.0  0.364877  1.367547  1.732424
322.5  0.355668  1.376102  1.731770
323.0  0.352517  1.378690  1.731207
323.5  0.354252  1.377788  1.732040
324.0  0.358523  1.370662  1.729185
324.5  0.362220  1.371832  1.734053
325.0  0.362428  1.363538  1.725966
325.5  0.357741  1.357984  1.715724
326.0  0.349264  1.356819  1.706083
326.5  0.340456  1.356738  1.697193
327.0  0.335500  1.354348  1.689848
327.5  0.336944  1.347649  1.684593
328.0  0.344094  1.339617  1.683711
328.5  0.353281  1.335438  1.688719
329.0  0.359787  1.338437  1.698224
329.5  0.360138  1.351682  1.711821
330.0  0.353433  1.375824  1.729258
330.5  0.341268  1.404721  1.745989
331.0  0.326713  1.436118  1.762832
331.5  0.313113  1.464880  1.777993
332.0  0.303213  1.486698  1.789911
332.5  0.298763  1.498092  1.796855
333.0  0.300441  1.499448  1.799889
333.5  0.307881  1.493649  1.801529
334.0  0.319680  1.480640  1.800320
334.5  0.333466  1.464833  1.798299
335.0  0.346275  1.449941  1.796217
335.5  0.355450  1.439828  1.795278
336.0  0.359894  1.435733  1.795627
336.5  0.361031  1.438501  1.799532
337.0  0.362604  1.443404  1.806008
337.5  0.368983  1.449196  1.818179
338.0  0.382685  1.452818  1.835503
338.5  0.402652  1.452043  1.854695
339.0  0.424483  1.454258  1.878741
339.5  0.442474  1.465594  1.908067
340.0  0.452133  1.486350  1.938483
340.5  0.451723  1.519498  1.971221
341.0  0.442317  1.559822  2.002139
341.5  0.426796  1.602157  2.028953
342.0  0.408584  1.639893  2.048477
342.5  0.390687  1.667541  2.058229
343.0  0.375218  1.683594  2.058812
343.5  0.363254  1.688228  2.051482
344.0  0.354837  1.681800  2.036638
344.5  0.348980  1.669008  2.017987
345.0  0.343771  1.652218  1.995988
345.5  0.336823  1.636355  1.973178
346.0  0.326223  1.624804  1.951027
346.5  0.311805  1.620514  1.932319
347.0  0.296043  1.622009  1.918051
347.5  0.283710  1.623850  1.907559
348.0  0.280012  1.633700  1.913712
348.5  0.287985  1.623967  1.911951
349.0  0.306756  1.601906  1.908662
349.5  0.331866  1.583881  1.915747
350.0  0.357434  1.546132  1.903565
350.5  0.378743  1.538238  1.916981
351.0  0.393774  1.508063  1.901837
351.5  0.403202  1.509265  1.912467
352.0  0.409336  1.493714  1.903050
352.5  0.414847  1.490206  1.905053
353.0  0.421826  1.486864  1.908690
353.5  0.431348  1.463693  1.895042
354.0  0.443375  1.472987  1.916361
354.5  0.456782  1.427789  1.884570
355.0  0.469406  1.452199  1.921605
355.5  0.478221  1.403134  1.881355
356.0  0.479882  1.440174  1.920056
356.5  0.471803  1.413796  1.885599
357.0  0.453491  1.460250  1.913741
357.5  0.427422  1.466767  1.894189
358.0  0.398653  1.510261  1.908914
358.5  0.372934  1.532374  1.905308
359.0  0.354182  1.551715  1.905897
359.5  0.342809  1.567191  1.910000
360.0  0.336006  1.570344  1.906351
360.5  0.329703  1.581523  1.911227
361.0  0.320883  1.587977  1.908860
361.5  0.308896  1.598999  1.907895
362.0  0.295358  1.618233  1.913591
362.5  0.283093  1.620382  1.903475
363.0  0.274930  1.642542  1.917473
363.5  0.272870  1.624659  1.897529
364.0  0.277764  1.641691  1.919455
364.5  0.289320  1.604673  1.893993
365.0  0.306187  1.611246  1.917433
365.5  0.326025  1.570432  1.896457
366.0  0.345665  1.564937  1.910601
366.5  0.361649  1.542841  1.904490
367.0  0.371286  1.530572  1.901859
367.5  0.373921  1.540732  1.914653
368.0  0.371661  1.522793  1.894454
368.5  0.368805  1.553574  1.922378
369.0  0.369907  1.523356  1.893263
369.5  0.377441  1.547824  1.925265
370.0  0.390518  1.506647  1.897164
370.5  0.405489  1.519142  1.924632
371.0  0.417974  1.485434  1.903409
371.5  0.424962  1.496924  1.921886
372.0  0.425836  1.484290  1.910126
372.5  0.422082  1.496205  1.918287
373.0  0.416209  1.499067  1.915276
373.5  0.410641  1.505781  1.916422
374.0  0.407040  1.509128  1.916167
374.5  0.406113  1.509162  1.915274
375.0  0.407708  1.507312  1.915020
375.5  0.410913  1.505685  1.916597
376.0  0.414055  1.495400  1.909456
376.5  0.414759  1.503970  1.918729
377.0  0.410371  1.489967  1.900338
377.5  0.398953  1.521989  1.920941
378.0  0.380531  1.511775  1.892306
378.5  0.357806  1.564089  1.921895
379.0  0.335533  1.556368  1.891901
379.5  0.318567  1.602656  1.921224
380.0  0.309586  1.587042  1.896628
380.5  0.307956  1.605291  1.913247
381.0  0.310459  1.594869  1.905328
381.5  0.313312  1.592363  1.905675
382.0  0.314116  1.600377  1.914493
382.5  0.312686  1.589419  1.902105
383.0  0.310627  1.608144  1.918771
383.5  0.310249  1.591294  1.901543
384.0  0.313526  1.605971  1.919497
384.5  0.321514  1.584824  1.906337
385.0  0.334249  1.582608  1.916857
385.5  0.350905  1.559512  1.910417
386.0  0.369925  1.543608  1.913533
386.5  0.389052  1.524289  1.913341
387.0  0.405390  1.506101  1.911491
387.5  0.415842  1.496855  1.912697
388.0  0.418096  1.492461  1.910557
388.5  0.411868  1.495211  1.907079
389.0  0.399607  1.514687  1.914294
389.5  0.385880  1.514975  1.900854
390.0  0.375401  1.543339  1.918740
390.5  0.370733  1.525981  1.896714
391.0  0.371101  1.550910  1.922011
391.5  0.373070  1.522632  1.895702
392.0  0.372558  1.548076  1.920634
392.5  0.366855  1.532137  1.898992
393.0  0.355584  1.560987  1.916571
393.5  0.340447  1.564670  1.905117
394.0  0.324275  1.587382  1.911657
394.5  0.310071  1.602557  1.912628
395.0  0.300419  1.607578  1.907997
395.5  0.297273  1.619315  1.916588
396.0  0.301876  1.604904  1.906780
396.5  0.314553  1.603856  1.918409
397.0  0.334339  1.574341  1.908680
397.5  0.358703  1.558083  1.916786
398.0  0.383831  1.527639  1.911470
398.5  0.405722  1.507558  1.913279
399.0  0.421790  1.492368  1.914158
399.5  0.432062  1.478338  1.910399
400.0  0.439047  1.477090  1.916137
400.5  0.446130  1.462267  1.908397
401.0  0.455389  1.459920  1.915309
401.5  0.466254  1.443620  1.909874
402.0  0.475827  1.434763  1.910590
402.5  0.480492  1.431351  1.911844
403.0  0.477638  1.425711  1.903348
403.5  0.466535  1.451320  1.917855
404.0  0.448166  1.452050  1.900216
404.5  0.424487  1.496077  1.920564
405.0  0.397712  1.499701  1.897412
405.5  0.369959  1.549194  1.919154
406.0  0.343234  1.556025  1.899258
406.5  0.319460  1.595182  1.914643
407.0  0.300311  1.603248  1.903559
407.5  0.286755  1.622319  1.909074
408.0  0.278611  1.629142  1.907753
408.5  0.274565  1.630469  1.905034
409.0  0.272941  1.635433  1.908374
409.5  0.272941  1.631853  1.904794
410.0  0.275530  1.631151  1.906681
410.5  0.283133  1.624716  1.907849
411.0  0.298105  1.607201  1.905305
411.5  0.320887  1.590538  1.911425
412.0  0.349162  1.555237  1.904399
412.5  0.378591  1.532758  1.911349
413.0  0.404629  1.499407  1.904037
413.5  0.424203  1.484498  1.908700
414.0  0.436372  1.472185  1.908558
414.5  0.441926  1.462488  1.904415
415.0  0.442443  1.471265  1.913708
415.5  0.439469  1.461545  1.901014
416.0  0.434147  1.482937  1.917084
416.5  0.427251  1.472312  1.899563
417.0  0.419351  1.499529  1.918881
417.5  0.410817  1.490272  1.901089
418.0  0.401571  1.515093  1.916664
418.5  0.390824  1.513578  1.904402
419.0  0.377216  1.535881  1.913097
419.5  0.359619  1.548518  1.908137
420.0  0.338308  1.572820  1.911128
420.5  0.315689  1.597013  1.912702
421.0  0.295808  1.615759  1.911567
421.5  0.282690  1.629102  1.911792
422.0  0.278462  1.633514  1.911976
422.5  0.282514  1.628340  1.910854
423.0  0.292193  1.624780  1.916973
423.5  0.304427  1.603247  1.907674
424.0  0.317127  1.600904  1.918030
424.5  0.329642  1.575808  1.905450
425.0  0.342288  1.576975  1.919263
425.5  0.355519  1.550848  1.906367
426.0  0.369341  1.547166  1.916506
426.5  0.383210  1.526488  1.909697
427.0  0.396340  1.516360  1.912700
427.5  0.408091  1.505571  1.913663
428.0  0.418101  1.488917  1.907017
428.5  0.426053  1.489032  1.915085
429.0  0.431295  1.471128  1.902424
429.5  0.432745  1.484387  1.917132
430.0  0.429400  1.473451  1.902851
430.5  0.421229  1.493450  1.914679
431.0  0.409766  1.494882  1.904648
431.5  0.397734  1.515455  1.913189
432.0  0.387746  1.520867  1.908613
432.5  0.380938  1.529701  1.910640
433.0  0.376515  1.534657  1.911172
433.5  0.372528  1.537437  1.909965
434.0  0.367277  1.541385  1.908662
434.5  0.360363  1.551598  1.911961
435.0  0.352815  1.554435  1.907250
435.5  0.346435  1.569248  1.915683
436.0  0.342905  1.560261  1.903166
436.5  0.343177  1.572473  1.915650
437.0  0.347348  1.554304  1.901652
437.5  0.354905  1.562173  1.917078
438.0  0.365018  1.537638  1.902656
438.5  0.376613  1.535437  1.912049
439.0  0.388151  1.519265  1.907417
439.5  0.397430  1.508941  1.906371
440.0  0.401811  1.510710  1.912521
440.5  0.399118  1.503516  1.902634
441.0  0.388848  1.527230  1.916079
441.5  0.372863  1.529044  1.901906
442.0  0.354863  1.561217  1.916080
442.5  0.338760  1.565717  1.904477
443.0  0.326911  1.590229  1.917140
443.5  0.319366  1.591586  1.910952
444.0  0.314516  1.600225  1.914741
444.5  0.310527  1.602839  1.913366
445.0  0.306526  1.607777  1.914303
445.5  0.302902  1.612623  1.915525
446.0  0.300826  1.614667  1.915494
446.5  0.301529  1.611725  1.913254
447.0  0.305832  1.611866  1.917698
447.5  0.314119  1.594527  1.908646
448.0  0.326580  1.595708  1.922288
448.5  0.343390  1.562436  1.905825
449.0  0.364526  1.560923  1.925449
449.5  0.389258  1.513757  1.903015
450.0  0.415653  1.510429  1.926082
450.5  0.440658  1.462333  1.902991
451.0  0.461014  1.462004  1.923017
451.5  0.474626  1.430193  1.904819
452.0  0.481517  1.436245  1.917762
452.5  0.483587  1.427543  1.911131
453.0  0.483258  1.431504  1.914762
453.5  0.481900  1.434391  1.916291
454.0  0.479148  1.431876  1.911024
454.5  0.473468  1.445089  1.918557
455.0  0.463420  1.446941  1.910360
455.5  0.448645  1.469857  1.918502
456.0  0.430041  1.481432  1.911473
456.5  0.409206  1.505242  1.914448
457.0  0.387718  1.526175  1.913894
457.5  0.366701  1.546050  1.912751
458.0  0.346861  1.571353  1.918214
458.5  0.328800  1.579464  1.908264
459.0  0.313245  1.601513  1.914757
459.5  0.300905  1.606274  1.907178
460.0  0.291994  1.619483  1.911477
460.5  0.285795  1.623260  1.909055
461.0  0.280784  1.621253  1.902036
461.5  0.275526  1.640338  1.915865
462.0  0.269876  1.625867  1.895743
462.5  0.265598  1.657592  1.923190
463.0  0.265755  1.627297  1.893053
463.5  0.273059  1.649256  1.922315
464.0  0.288226  1.609935  1.898161
464.5  0.309429  1.610408  1.919837
465.0  0.333154  1.573189  1.906343
465.5  0.355803  1.557001  1.912804
466.0  0.374984  1.540604  1.915588
466.5  0.389900  1.522307  1.912207
467.0  0.400922  1.520507  1.921428
467.5  0.408889  1.503935  1.912825
468.0  0.414633  1.509104  1.923737
468.5  0.418907  1.497324  1.916231
469.0  0.422520  1.497411  1.919931
469.5  0.426347  1.493779  1.920126
470.0  0.430955  1.485487  1.916442
470.5  0.435965  1.487091  1.923057
471.0  0.439628  1.471685  1.911313
471.5  0.439162  1.484173  1.923335
472.0  0.431978  1.477047  1.909026
472.5  0.417230  1.503701  1.920931
473.0  0.396677  1.512733  1.909411
473.5  0.374177  1.539457  1.913634
474.0  0.353967  1.561315  1.915281
474.5  0.338798  1.567333  1.906132
475.0  0.329030  1.593648  1.922678
475.5  0.323096  1.576422  1.899519
476.0  0.318813  1.609642  1.928454
476.5  0.314582  1.581258  1.895839
477.0  0.309870  1.618136  1.928006
477.5  0.304990  1.594404  1.899394
478.0  0.300606  1.625701  1.926307
478.5  0.297417  1.608761  1.906178
479.0  0.296162  1.626355  1.922517
479.5  0.297781  1.615565  1.913346
480.0  0.303408  1.615391  1.918798
480.5  0.313968  1.602504  1.916472
481.0  0.329514  1.586865  1.916378
481.5  0.348742  1.566749  1.915491
482.0  0.369219  1.546278  1.915497
482.5  0.388380  1.523622  1.912002
483.0  0.404764  1.513756  1.918520
483.5  0.418640  1.487649  1.906289
484.0  0.431524  1.490427  1.921951
484.5  0.444904  1.454937  1.899841
485.0  0.459041  1.465441  1.924482
485.5  0.472647  1.425353  1.898000
486.0  0.483524  1.441807  1.925331
486.5  0.489626  1.412813  1.902439
487.0  0.489818  1.427430  1.917247
487.5  0.483993  1.444459  1.928452
488.0  0.472718  1.458025  1.930743
488.5  0.456804  1.470566  1.927370
489.0  0.437152  1.479878  1.917030
489.5  0.414879  1.486866  1.901745
490.0  0.391517  1.491614  1.883131
490.5  0.368912  1.492912  1.861824
491.0  0.348668  1.492718  1.841386
491.5  0.331352  1.491262  1.822614
492.0  0.316028  1.492096  1.808123
492.5  0.300681  1.494886  1.795567
493.0  0.283549  1.505276  1.788826
493.5  0.264630  1.520508  1.785137
494.0  0.246350  1.537576  1.783925
494.5  0.232818  1.550048  1.782865
495.0  0.228022  1.555042  1.783064
495.5  0.234040  1.550319  1.784359
496.0  0.250274  1.533490  1.783764
496.5  0.273981  1.507436  1.781417
497.0  0.301550  1.475150  1.776699
497.5  0.329674  1.441357  1.771031
498.0  0.355926  1.406558  1.762484
498.5  0.378747  1.374493  1.753240
499.0  0.397242  1.342420  1.739662
499.5  0.411104  1.316914  1.728018
500.0  0.420734  1.297356  1.718090
500.5  0.427331  1.282190  1.709522
501.0  0.432636  1.268258  1.700894
501.5  0.438196  1.257969  1.696165
502.0  0.444420  1.252732  1.697152
502.5  0.450039  1.248525  1.698564
503.0  0.452497  1.249039  1.701536
503.5  0.449263  1.257198  1.706461
504.0  0.439346  1.273809  1.713156
504.5  0.424046  1.294478  1.718524
505.0  0.406455  1.318079  1.724534
505.5  0.390034  1.339104  1.729138
506.0  0.377177  1.356105  1.733282
506.5  0.368566  1.366492  1.735057
507.0  0.363499  1.371336  1.734835
507.5  0.360744  1.373771  1.734515
508.0  0.359264  1.375061  1.734325
508.5  0.358468  1.374629  1.733097
509.0  0.358072  1.376089  1.734161
509.5  0.357891  1.381059  1.738950
510.0  0.357821  1.388658  1.746480
510.5  0.358013  1.400188  1.758201
511.0  0.358997  1.413931  1.772929
511.5  0.361493  1.430866  1.792358
512.0  0.365824  1.447957  1.813781
512.5  0.371243  1.464395  1.835638
513.0  0.375713  1.477179  1.852892
513.5  0.376552  1.492202  1.868754
514.0  0.371782  1.505444  1.877226
514.5  0.361407  1.519930  1.881337
515.0  0.347749  1.531415  1.879164
515.5  0.334507  1.534858  1.869365
516.0  0.325054  1.530614  1.855668
516.5  0.320959  1.520922  1.841880
517.0  0.321562  1.504867  1.826429
517.5  0.324689  1.485694  1.810383
518.0  0.327912  1.471119  1.799032
518.5  0.329580  1.460927  1.790506
519.0  0.329180  1.455299  1.784479
519.5  0.327131  1.454063  1.781194
520.0  0.324371  1.456866  1.781237
520.5  0.322088  1.460705  1.782792
521.0  0.321656  1.463162  1.784818
521.5  0.324598  1.461717  1.786315
522.0  0.332290  1.454453  1.786743
522.5  0.345346  1.441125  1.786471
523.0  0.362934  1.421745  1.784679
523.5  0.382571  1.395776  1.778347
524.0  0.400763  1.370143  1.770907
524.5  0.414333  1.347572  1.761905
525.0  0.421724  1.329157  1.750881
525.5  0.423482  1.313587  1.737069
526.0  0.421628  1.303563  1.725190
526.5  0.418378  1.294811  1.713189
527.0  0.415030  1.287741  1.702770
527.5  0.411622  1.283498  1.695120
528.0  0.407413  1.281908  1.689321
528.5  0.401680  1.284662  1.686342
529.0  0.394302  1.290853  1.685155
529.5  0.385833  1.299435  1.685268
530.0  0.377204  1.310385  1.687589
530.5  0.369361  1.321168  1.690528
531.0  0.363088  1.328414  1.691502
531.5  0.359046  1.333548  1.692594
532.0  0.357831  1.336259  1.694090
532.5  0.359827  1.333962  1.693789
533.0  0.364816  1.328614  1.693431
533.5  0.371610  1.321422  1.693032
534.0  0.378125  1.314288  1.692413
534.5  0.382147  1.309320  1.691467
535.0  0.382467  1.310423  1.692889
535.5  0.379684  1.317427  1.697111
536.0  0.376036  1.327220  1.703256
536.5  0.374258  1.335798  1.710056
537.0  0.376128  1.342890  1.719018
537.5  0.381595  1.347755  1.729351
538.0  0.388916  1.350522  1.739438
538.5  0.395606  1.353045  1.748652
539.0  0.399552  1.355983  1.755535
539.5  0.399696  1.360364  1.760061
540.0  0.396117  1.366298  1.762415
540.5  0.389691  1.372548  1.762239
541.0  0.381699  1.377724  1.759423
541.5  0.373600  1.379312  1.752912
542.0  0.366952  1.380982  1.747934
542.5  0.363269  1.379970  1.743239
543.0  0.363618  1.372314  1.735932
543.5  0.367980  1.363661  1.731640
544.0  0.374743  1.353222  1.727966
544.5  0.380856  1.343717  1.724573
545.0  0.382864  1.340113  1.722977
545.5  0.378502  1.345020  1.723522
546.0  0.367938  1.356683  1.724622
546.5  0.353886  1.371492  1.725377
547.0  0.340411  1.387758  1.728168
547.5  0.331123  1.399014  1.730137
548.0  0.327760  1.403200  1.730960
548.5  0.329856  1.401060  1.730916
549.0  0.335455  1.394041  1.729496
549.5  0.342243  1.383805  1.726048
550.0  0.348446  1.372914  1.721360
550.5  0.353151  1.363400  1.716551
551.0  0.356187  1.355592  1.711780
551.5  0.357870  1.349138  1.707008
552.0  0.358856  1.343065  1.701921
552.5  0.360114  1.336296  1.696410
553.0  0.362805  1.330377  1.693182
553.5  0.367877  1.321334  1.689210
554.0  0.375411  1.311207  1.686618
554.5  0.384086  1.300973  1.685059
555.0  0.391274  1.292870  1.684144
555.5  0.394001  1.291353  1.685354
556.0  0.390412  1.295734  1.686147
556.5  0.380877  1.305529  1.686406
557.0  0.368010  1.319315  1.687325
557.5  0.355508  1.331582  1.687090
558.0  0.346504  1.339623  1.686127
558.5  0.342359  1.344214  1.686574
559.0  0.342502  1.344321  1.686823
559.5  0.345168  1.341144  1.686312
560.0  0.348462  1.338845  1.687307
560.5  0.351120  1.336185  1.687305
561.0  0.352736  1.335991  1.688726
561.5  0.353584  1.338323  1.691907
562.0  0.354352  1.342039  1.696391
562.5  0.355967  1.343371  1.699339
563.0  0.359513  1.342531  1.702044
563.5  0.366042  1.339379  1.705421
564.0  0.376135  1.332224  1.708359
564.5  0.389282  1.320300  1.709582
565.0  0.403480  1.306868  1.710349
565.5  0.415516  1.294430  1.709946
566.0  0.422086  1.286946  1.709031
566.5  0.421304  1.286056  1.707360
567.0  0.413743  1.292652  1.706395
567.5  0.402322  1.304306  1.706628
568.0  0.391018  1.314087  1.705105
568.5  0.383111  1.319965  1.703076
569.0  0.379910  1.322291  1.702201
569.5  0.380549  1.320893  1.701442
570.0  0.382750  1.318632  1.701381
570.5  0.383974  1.317379  1.701353
571.0  0.382325  1.318549  1.700873
571.5  0.376919  1.325011  1.701929
572.0  0.367828  1.335108  1.702936
572.5  0.355852  1.346640  1.702493
573.0  0.342329  1.358308  1.700637
573.5  0.328976  1.369824  1.698799
574.0  0.317634  1.380482  1.698116
574.5  0.309774  1.385815  1.695590
575.0  0.305873  1.387465  1.693338
575.5  0.305013  1.387642  1.692655
576.0  0.305146  1.385208  1.690355
576.5  0.304092  1.383818  1.687910
577.0  0.300855  1.386185  1.687041
577.5  0.296468  1.390181  1.686648
578.0  0.293763  1.394167  1.687930
578.5  0.296163  1.392080  1.688243
579.0  0.306162  1.381732  1.687894
579.5  0.324340  1.363734  1.688074
580.0  0.349328  1.339358  1.688686
580.5  0.378540  1.309134  1.687674
581.0  0.409116  1.278383  1.687499
581.5  0.438590  1.248616  1.687206
582.0  0.465120  1.221946  1.687066
582.5  0.487443  1.198404  1.685847
583.0  0.504783  1.181754  1.686537
583.5  0.516839  1.170516  1.687355
584.0  0.523810  1.163596  1.687405
584.5  0.526247  1.161701  1.687947
585.0  0.524648  1.164941  1.689589
585.5  0.518900  1.172334  1.691234
586.0  0.507956  1.185194  1.693151
586.5  0.490168  1.203735  1.693903
587.0  0.464298  1.230445  1.694743
587.5  0.430723  1.265008  1.695732
588.0  0.392034  1.303505  1.695539
588.5  0.352530  1.343023  1.695553
589.0  0.316829  1.379370  1.696199
589.5  0.288336  1.407567  1.695903
590.0  0.268402  1.426657  1.695058
590.5  0.256453  1.437118  1.693572
591.0  0.250811  1.443317  1.694128
591.5  0.249604  1.445696  1.695300
592.0  0.251346  1.445731  1.697077
592.5  0.255098  1.443057  1.698156
593.0  0.260414  1.438637  1.699051
593.5  0.267286  1.433370  1.700655
594.0  0.276170  1.425242  1.701412
594.5  0.287965  1.413645  1.701610
595.0  0.303737  1.397432  1.701169
595.5  0.324091  1.376519  1.700610
596.0  0.348402  1.350195  1.698597
596.5  0.374381  1.321764  1.696145
597.0  0.398444  1.295403  1.693847
597.5  0.416924  1.275773  1.692697
598.0  0.427556  1.263404  1.690961
598.5  0.430379  1.259094  1.689473
599.0  0.427529  1.261142  1.688671
599.5  0.422076  1.267929  1.690006
600.0  0.416632  1.274243  1.690876
600.5  0.412487  1.277800  1.690287
601.0  0.409582  1.279356  1.688937
601.5  0.407071  1.282849  1.689921
602.0  0.403989  1.285951  1.689940
602.5  0.399628  1.290343  1.689971
603.0  0.393605  1.296178  1.689784
603.5  0.385797  1.303039  1.688836
604.0  0.376348  1.312073  1.688421
604.5  0.365813  1.323547  1.689360
605.0  0.355258  1.332604  1.687863
605.5  0.346097  1.342150  1.688247
606.0  0.339549  1.350663  1.690212
606.5  0.335928  1.354932  1.690860
607.0  0.334251  1.358199  1.692450
607.5  0.332574  1.362056  1.694630
608.0  0.329047  1.367251  1.696299
608.5  0.323088  1.376274  1.699361
609.0  0.315868  1.384754  1.700622
609.5  0.309761  1.393588  1.703350
610.0  0.307075  1.398624  1.705699
610.5  0.308897  1.397328  1.706225
611.0  0.314715  1.391643  1.706359
611.5  0.322914  1.382394  1.705308
612.0  0.331688  1.373450  1.705138
612.5  0.339795  1.365563  1.705358
613.0  0.346795  1.358107  1.704902
613.5  0.352863  1.352908  1.705771
614.0  0.358470  1.348717  1.707187
614.5  0.364190  1.345254  1.709444
615.0  0.370711  1.343159  1.713870
615.5  0.378877  1.339289  1.718167
616.0  0.389495  1.336504  1.725999
616.5  0.402829  1.329567  1.732395
617.0  0.418006  1.320195  1.738201
617.5  0.432821  1.309549  1.742370
618.0  0.444332  1.301912  1.746244
618.5  0.450118  1.299253  1.749371
619.0  0.449496  1.300112  1.749608
619.5  0.443888  1.302977  1.746865
620.0  0.436048  1.306136  1.742184
620.5  0.428628  1.308616  1.737244
621.0  0.422966  1.307758  1.730723
621.5  0.418742  1.306032  1.724773
622.0  0.414527  1.302446  1.716973
622.5  0.408710  1.302105  1.710815
623.0  0.400222  1.307020  1.707242
623.5  0.388773  1.314071  1.702844
624.0  0.374707  1.325195  1.699902
624.5  0.358771  1.340819  1.699590
625.0  0.342039  1.355729  1.697768
625.5  0.325989  1.371474  1.697463
626.0  0.312518  1.385877  1.698394
626.5  0.303601  1.395838  1.699438
627.0  0.300549  1.399858  1.700407
627.5  0.303183  1.396835  1.700018
628.0  0.309536  1.391974  1.701510
628.5  0.316530  1.385579  1.702110
629.0  0.321428  1.382060  1.703488
629.5  0.323229  1.380963  1.704192
630.0  0.323112  1.383032  1.706144
630.5  0.323651  1.385537  1.709189
631.0  0.327351  1.384806  1.712158
631.5  0.335443  1.379328  1.714771
632.0  0.347566  1.371666  1.719232
632.5  0.362289  1.361692  1.723981
633.0  0.377932  1.348765  1.726697
633.5  0.393139  1.336360  1.729499
634.0  0.406976  1.325334  1.732310
634.5  0.418742  1.314307  1.733049
635.0  0.427809  1.306757  1.734566
635.5  0.433740  1.300613  1.734353
636.0  0.436638  1.296299  1.732937
636.5  0.437421  1.293297  1.730718
637.0  0.437655  1.292277  1.729932
637.5  0.438787  1.291998  1.730785
638.0  0.441136  1.289322  1.730459
638.5  0.443326  1.287117  1.730443
639.0  0.442751  1.287792  1.730543
639.5  0.436958  1.296716  1.733675
640.0  0.425106  1.314536  1.739642
640.5  0.408535  1.340542  1.749077
641.0  0.390103  1.371081  1.761184
641.5  0.372802  1.401800  1.774603
642.0  0.358562  1.433422  1.791984
642.5  0.347844  1.461603  1.809447
643.0  0.340025  1.484110  1.824135
643.5  0.334076  1.503574  1.837650
644.0  0.329070  1.515392  1.844462
644.5  0.324319  1.521368  1.845688
645.0  0.319287  1.521711  1.840998
645.5  0.313555  1.517120  1.830675
646.0  0.307010  1.510120  1.817129
646.5  0.300178  1.499940  1.800118
647.0  0.294423  1.487637  1.782060
647.5  0.291642  1.474259  1.765902
648.0  0.293390  1.458095  1.751485
648.5  0.299818  1.441091  1.740909
649.0  0.309183  1.421369  1.730552
649.5  0.318466  1.405512  1.723978
650.0  0.324902  1.394605  1.719507
650.5  0.327475  1.390789  1.718264
651.0  0.327388  1.390832  1.718220
651.5  0.327265  1.390976  1.718241
652.0  0.329707  1.389614  1.719320
652.5  0.336161  1.384373  1.720534
653.0  0.346625  1.374053  1.720678
653.5  0.360076  1.362076  1.722152
654.0  0.375109  1.346916  1.722025
654.5  0.390337  1.333020  1.723357
655.0  0.404447  1.321181  1.725628
655.5  0.416132  1.312748  1.728880
656.0  0.424152  1.308210  1.732362
656.5  0.427691  1.307187  1.734878
657.0  0.426840  1.310834  1.737674
657.5  0.422852  1.317778  1.740630
658.0  0.417782  1.325134  1.742916
658.5  0.413450  1.330572  1.744022
659.0  0.410237  1.334372  1.744609
659.5  0.406552  1.336704  1.743256
660.0  0.399555  1.344027  1.743582
660.5  0.386880  1.354770  1.741650
661.0  0.368252  1.373158  1.741410
661.5  0.345963  1.399389  1.745352
662.0  0.323933  1.416142  1.740075
662.5  0.306062  1.440137  1.746199
663.0  0.294911  1.447023  1.741933
663.5  0.291297  1.452364  1.743661
664.0  0.294693  1.448429  1.743122
664.5  0.303896  1.435922  1.739818
665.0  0.317488  1.426057  1.743545
665.5  0.333973  1.400404  1.734377
666.0  0.351775  1.393625  1.745399
666.5  0.369341  1.364550  1.733891
667.0  0.385474  1.361646  1.747120
667.5  0.399730  1.332978  1.732708
668.0  0.412562  1.332444  1.745006
668.5  0.424885  1.309606  1.734491
669.0  0.437127  1.302994  1.740121
669.5  0.448278  1.290641  1.738919
670.0  0.455713  1.278387  1.734099
670.5  0.456189  1.288710  1.744900
671.0  0.447575  1.281503  1.729077
671.5  0.430219  1.317246  1.747465
672.0  0.407041  1.321258  1.728299
672.5  0.382297  1.364426  1.746723
673.0  0.359841  1.370547  1.730388
673.5  0.341939  1.402525  1.744464
674.0  0.329105  1.406306  1.735411
674.5  0.320734  1.421097  1.741831
675.0  0.315907  1.421646  1.737553
675.5  0.313867  1.425883  1.739750
676.0  0.314088  1.425285  1.739372
676.5  0.316154  1.423641  1.739795
677.0  0.319753  1.419950  1.739703
677.5  0.324900  1.416045  1.740945
678.0  0.332243  1.408580  1.740823
678.5  0.343076  1.402212  1.745288
679.0  0.358768  1.378417  1.737185
679.5  0.379661  1.366866  1.746527
680.0  0.404039  1.330751  1.734790
680.5  0.427996  1.322019  1.750015
681.0  0.446612  1.283685  1.730298
681.5  0.455965  1.294284  1.750250
682.0  0.454789  1.276348  1.731137
682.5  0.444787  1.303932  1.748719
683.0  0.429506  1.305715  1.735221
683.5  0.412609  1.330087  1.742696
684.0  0.396581  1.344335  1.740916
684.5  0.382418  1.356869  1.739287
685.0  0.370096  1.374730  1.744827
685.5  0.359232  1.376001  1.735233
686.0  0.349481  1.396107  1.745588
686.5  0.340586  1.394347  1.734933
687.0  0.332281  1.413627  1.745908
687.5  0.324343  1.412821  1.737164
688.0  0.316885  1.428457  1.745343
688.5  0.310726  1.427422  1.738148
689.0  0.307476  1.434274  1.741750
689.5  0.309026  1.433757  1.742783
690.0  0.316508  1.421982  1.738491
690.5  0.329297  1.414093  1.743389
691.0  0.344824  1.391797  1.736622
691.5  0.359574  1.383590  1.743164
692.0  0.370756  1.364969  1.735724
692.5  0.377602  1.363915  1.741517
693.0  0.381461  1.355678  1.737138
693.5  0.384710  1.352404  1.737113
694.0  0.389301  1.351259  1.740560
694.5  0.395816  1.335698  1.731514
695.0  0.403408  1.341343  1.744752
695.5  0.410406  1.316958  1.727363
696.0  0.415033  1.331521  1.746554
696.5  0.415898  1.310495  1.726393
697.0  0.412173  1.334982  1.747155
697.5  0.403653  1.326746  1.730399
698.0  0.390867  1.351686  1.742553
698.5  0.375264  1.359791  1.735055
699.0  0.359268  1.381602  1.740870
699.5  0.345889  1.394175  1.740064
700.0  0.337765  1.402019  1.739784
700.5  0.335900  1.404941  1.740840
701.0  0.338828  1.399161  1.737989
701.5  0.342940  1.398405  1.741345
702.0  0.344066  1.394641  1.738707
702.5  0.339565  1.397589  1.737154
703.0  0.329680  1.411721  1.741401
703.5  0.317373  1.419370  1.736743
704.0  0.306830  1.436033  1.742863
704.5  0.301575  1.433033  1.734608
705.0  0.303221  1.441364  1.744586
705.5  0.311266  1.422022  1.733287
706.0  0.323705  1.419601  1.743305
706.5  0.337895  1.395647  1.733542
707.0  0.351239  1.388444  1.739684
707.5  0.361595  1.375937  1.737532
708.0  0.367529  1.368696  1.736225
708.5  0.368603  1.373778  1.742381
709.0  0.365664  1.366400  1.732064
709.5  0.360932  1.385559  1.746491
710.0  0.357571  1.372609  1.730180
710.5  0.358600  1.389305  1.747906
711.0  0.365479  1.367225  1.732704
711.5  0.377142  1.368189  1.745330
712.0  0.390226  1.344926  1.735152
712.5  0.400619  1.342256  1.742875
713.0  0.405514  1.332197  1.737711
713.5  0.404767  1.335821  1.740589
714.0  0.400803  1.338399  1.739201
714.5  0.397224  1.343165  1.740389
715.0  0.397067  1.344177  1.741244
715.5  0.401631  1.339706  1.741337
716.0  0.410273  1.328776  1.739049
716.5  0.420963  1.320927  1.741890
717.0  0.431080  1.305993  1.737074
717.5  0.438075  1.304627  1.742702
718.0  0.439913  1.293761  1.733674
718.5  0.435409  1.309790  1.745200
719.0  0.424568  1.308055  1.732623
719.5  0.408852  1.337798  1.746649
720.0  0.391136  1.341061  1.732197
720.5  0.375056  1.370419  1.745476
721.0  0.363725  1.372773  1.736498
721.5  0.358280  1.383850  1.742130
722.0  0.357113  1.380812  1.737925
722.5  0.356453  1.379379  1.735832
723.0  0.352200  1.389092  1.741292
723.5  0.342059  1.391317  1.733376
724.0  0.326723  1.415722  1.742444
724.5  0.309500  1.424443  1.733944
725.0  0.294744  1.447569  1.742313
725.5  0.286056  1.449254  1.735310
726.0  0.285178  1.454712  1.739891
726.5  0.291852  1.444069  1.735920
727.0  0.304371  1.434135  1.738506
727.5  0.320332  1.417775  1.738107
728.0  0.337218  1.399791  1.737009
728.5  0.352801  1.384215  1.737016
729.0  0.365483  1.371160  1.736643
729.5  0.374693  1.359286  1.733979
730.0  0.381247  1.358455  1.739703
730.5  0.387366  1.346722  1.734088
731.0  0.396032  1.347195  1.743227
731.5  0.409653  1.322539  1.732192
732.0  0.428548  1.315238  1.743786
732.5  0.450127  1.283335  1.733462
733.0  0.469484  1.275077  1.744561
733.5  0.481300  1.255804  1.737104
734.0  0.482072  1.260635  1.742707
734.5  0.471471  1.267581  1.739052
735.0  0.452193  1.288511  1.740704
735.5  0.428609  1.314665  1.743275
736.0  0.405069  1.333845  1.738914
736.5  0.384680  1.361637  1.746316
737.0  0.368880  1.370266  1.739146
737.5  0.357639  1.388805  1.746444
738.0  0.349928  1.392073  1.742001
738.5  0.344204  1.401509  1.745712
739.0  0.338834  1.404008  1.742843
739.5  0.332542  1.412920  1.745462
740.0  0.324881  1.418708  1.743589
740.5  0.316628  1.426749  1.743377
741.0  0.309805  1.436006  1.745811
741.5  0.307065  1.438147  1.745212
742.0  0.310476  1.434360  1.744836
742.5  0.320196  1.425353  1.745549
743.0  0.333844  1.407238  1.741082
743.5  0.347171  1.400789  1.747959
744.0  0.355823  1.384109  1.739932
744.5  0.357254  1.391029  1.748283
745.0  0.351704  1.389010  1.740714
745.5  0.341798  1.408446  1.750244
746.0  0.331189  1.410487  1.741676
746.5  0.323085  1.424690  1.747775
747.0  0.319349  1.425302  1.744651
747.5  0.320343  1.427834  1.748177
748.0  0.325263  1.424289  1.749552
748.5  0.332611  1.413503  1.746114
749.0  0.340615  1.410120  1.750735
749.5  0.347605  1.399540  1.747145
750.0  0.352441  1.400438  1.752879
750.5  0.355017  1.393690  1.748707
751.0  0.356638  1.394680  1.751318
751.5  0.359948  1.392156  1.752104
752.0  0.368099  1.385636  1.753735
752.5  0.383253  1.368576  1.751829
753.0  0.405055  1.345467  1.750521
753.5  0.430015  1.319911  1.749926
754.0  0.452434  1.298400  1.750834
754.5  0.466559  1.282982  1.749542
755.0  0.468871  1.282442  1.751313
755.5  0.459269  1.287627  1.746896
756.0  0.440708  1.312322  1.753029
756.5  0.417697  1.330249  1.747946
757.0  0.394602  1.357292  1.751894
757.5  0.374488  1.372332  1.746820
758.0  0.358730  1.392841  1.751571
758.5  0.347229  1.399825  1.747055
759.0  0.338872  1.409003  1.747875
759.5  0.332035  1.416885  1.748921
760.0  0.325068  1.422570  1.747638
760.5  0.316812  1.432069  1.748880
761.0  0.307138  1.438866  1.746004
761.5  0.297351  1.453308  1.750659
762.0  0.290115  1.458837  1.748952
762.5  0.288673  1.462315  1.750989
763.0  0.295426  1.455328  1.750755
763.5  0.310514  1.439816  1.750330
764.0  0.331280  1.420710  1.751990
764.5  0.353156  1.396776  1.749933
765.0  0.371630  1.376842  1.748472
765.5  0.384175  1.365080  1.749255
766.0  0.391082  1.358694  1.749776
766.5  0.394847  1.356103  1.750950
767.0  0.398661  1.348052  1.746713
767.5  0.404902  1.347731  1.752633
768.0  0.414308  1.333706  1.748013
768.5  0.425970  1.325465  1.751435
769.0  0.437883  1.309621  1.747504
769.5  0.447657  1.304684  1.752341
770.0  0.453144  1.294939  1.748084
770.5  0.452906  1.297562  1.750468
771.0  0.446552  1.300937  1.747489
771.5  0.434988  1.314250  1.749238
772.0  0.420454  1.328996  1.749450
772.5  0.406149  1.343824  1.749973
773.0  0.395294  1.353522  1.748816
773.5  0.389793  1.358633  1.748426
774.0  0.389104  1.359291  1.748394
774.5  0.390108  1.361946  1.752053
775.0  0.388343  1.360625  1.748968
775.5  0.380107  1.371318  1.751425
776.0  0.364307  1.384028  1.748335
776.5  0.343024  1.409092  1.752116
777.0  0.320601  1.426222  1.746822
777.5  0.301858  1.446971  1.748829
778.0  0.290414  1.456884  1.747298
778.5  0.287760  1.460058  1.747818
779.0  0.293214  1.457134  1.750347
779.5  0.304490  1.440955  1.745445
780.0  0.318500  1.430886  1.749386
780.5  0.332122  1.413545  1.745666
781.0  0.342846  1.407479  1.750324
781.5  0.349297  1.395999  1.745296
782.0  0.351605  1.394994  1.746599
782.5  0.351511  1.395393  1.746904
783.0  0.351983  1.396180  1.748164
783.5  0.356208  1.390192  1.746400
784.0  0.366135  1.382401  1.748536
784.5  0.381219  1.367370  1.748589
785.0  0.398192  1.351226  1.749418
785.5  0.412256  1.334629  1.746885
786.0  0.419207  1.331095  1.750303
786.5  0.417343  1.330569  1.747912
787.0  0.408092  1.344575  1.752667
787.5  0.395186  1.353569  1.748755
788.0  0.382970  1.370588  1.753557
788.5  0.374813  1.374438  1.749251
789.0  0.372224  1.381396  1.753620
789.5  0.374789  1.376488  1.751278
790.0  0.380668  1.370927  1.751596
790.5  0.387308  1.365435  1.752743
791.0  0.392151  1.356274  1.748425
791.5  0.393250  1.360668  1.753918
792.0  0.389759  1.359120  1.748878
792.5  0.382252  1.371643  1.753894
793.0  0.372736  1.375125  1.747862
793.5  0.364181  1.387439  1.751620
794.0  0.359487  1.387629  1.747116
794.5  0.360141  1.390420  1.750561
795.0  0.365190  1.384043  1.749233
795.5  0.371290  1.377995  1.749285
796.0  0.374071  1.373781  1.747852
796.5  0.370241  1.379105  1.749346
797.0  0.359237  1.391254  1.750491
797.5  0.343508  1.410442  1.753950
798.0  0.327357  1.424187  1.751544
798.5  0.315102  1.439965  1.755067
799.0  0.309512  1.438783  1.748295
799.5  0.311125  1.444539  1.755664
800.0  0.318444  1.429111  1.747555
800.5  0.328695  1.428731  1.757426
801.0  0.338715  1.410913  1.749628
801.5  0.345750  1.409754  1.755504
802.0  0.348057  1.402802  1.750859
802.5  0.345307  1.407326  1.752632
803.0  0.338769  1.415898  1.754666
803.5  0.331191  1.420581  1.751772
804.0  0.326221  1.432844  1.759065
804.5  0.327314  1.424251  1.751566
805.0  0.336350  1.424169  1.760519
805.5  0.352550  1.399040  1.751590
806.0  0.372435  1.385177  1.757613
806.5  0.391117  1.360762  1.751879
807.0  0.404383  1.351867  1.756250
807.5  0.410477  1.345705  1.756182
808.0  0.410609  1.345313  1.755922
808.5  0.408040  1.347524  1.755564
809.0  0.406412  1.350634  1.757046
809.5  0.408235  1.348147  1.756382
810.0  0.414154  1.344260  1.758413
810.5  0.423070  1.331810  1.754880
811.0  0.432802  1.328585  1.761388
811.5  0.440882  1.311624  1.752506
812.0  0.445234  1.316054  1.761288
812.5  0.444626  1.305909  1.750535
813.0  0.438912  1.323858  1.762770
813.5  0.429079  1.323460  1.752539
814.0  0.417079  1.345113  1.762192
814.5  0.405349  1.348330  1.753679
815.0  0.395995  1.363269  1.759264
815.5  0.389813  1.369230  1.759043
816.0  0.385648  1.370583  1.756232
816.5  0.380658  1.379232  1.759890
817.0  0.371607  1.381906  1.753513
817.5  0.356641  1.406842  1.763483
818.0  0.336544  1.418832  1.755376
818.5  0.314709  1.448908  1.763617
819.0  0.295851  1.459680  1.755531
819.5  0.284181  1.478848  1.763029
820.0  0.281967  1.476120  1.758087
820.5  0.288997  1.472211  1.761209
821.0  0.302963  1.458500  1.761464
821.5  0.320378  1.439853  1.760231
822.0  0.337613  1.424572  1.762185
822.5  0.351784  1.408109  1.759893
823.0  0.361361  1.397743  1.759104
823.5  0.366483  1.394558  1.761041
824.0  0.368927  1.388466  1.757393
824.5  0.371652  1.392221  1.763873
825.0  0.377876  1.374827  1.752703
825.5  0.389777  1.374721  1.764498
826.0  0.407262  1.344280  1.751542
826.5  0.427433  1.337891  1.765324
827.0  0.445273  1.305318  1.750591
827.5  0.455459  1.307548  1.763007
828.0  0.454505  1.298202  1.752707
828.5  0.442145  1.317134  1.759279
829.0  0.421292  1.338176  1.759468
829.5  0.396708  1.358678  1.755386
830.0  0.373177  1.388987  1.762164
830.5  0.354029  1.401037  1.755066
831.0  0.340508  1.422516  1.763023
831.5  0.331955  1.423778  1.755733
832.0  0.326482  1.436930  1.763411
832.5  0.321782  1.435714  1.757497
833.0  0.315861  1.444259  1.760120
833.5  0.307606  1.452043  1.759649
834.0  0.297205  1.461881  1.759086
834.5  0.286330  1.474340  1.760670
835.0  0.277969  1.480358  1.758327
835.5  0.275726  1.482465  1.758191
836.0  0.282602  1.476281  1.758883
836.5  0.299603  1.457671  1.757274
837.0  0.324866  1.437411  1.762277
837.5  0.353968  1.399327  1.753295
838.0  0.381466  1.383612  1.765079
838.5  0.402950  1.349109  1.752060
839.0  0.416528  1.351075  1.767603
839.5  0.423029  1.328403  1.751432
840.0  0.425010  1.341432  1.766442
840.5  0.425273  1.329071  1.754344
841.0  0.425685  1.337490  1.763175
841.5  0.426704  1.329676  1.756379
842.0  0.427587  1.332019  1.759605
842.5  0.426947  1.333692  1.760639
843.0  0.423351  1.334329  1.757681
843.5  0.415783  1.347686  1.763469
844.0  0.403954  1.353924  1.757878
844.5  0.388524  1.375875  1.764399
845.0  0.371228  1.388061  1.759290
845.5  0.354818  1.408367  1.763185
846.0  0.342598  1.420046  1.762644
846.5  0.337440  1.425969  1.763408
847.0  0.340499  1.423391  1.763891
847.5  0.350323  1.410150  1.760473
848.0  0.363063  1.402919  1.765982
848.5  0.373967  1.385310  1.759277
849.0  0.379435  1.385736  1.765171
849.5  0.378497  1.378614  1.757110
850.0  0.372933  1.388946  1.761879
850.5  0.366140  1.393799  1.759940
851.0  0.361474  1.398075  1.759549
851.5  0.360937  1.402483  1.763420
852.0  0.364661  1.391581  1.756242
852.5  0.371151  1.395854  1.767005
853.0  0.377992  1.373736  1.751728
853.5  0.382631  1.387056  1.769687
854.0  0.383049  1.371155  1.754203
854.5  0.378213  1.388799  1.767013
855.0  0.368356  1.385421  1.753777
855.5  0.355050  1.407051  1.762101
856.0  0.341037  1.417343  1.758380
856.5  0.329657  1.431460  1.761117
857.0  0.323828  1.437794  1.761621
857.5  0.324853  1.431743  1.756596
858.0  0.331638  1.428365  1.760002
858.5  0.340957  1.417249  1.758206
859.0  0.348849  1.411201  1.760050
859.5  0.352477  1.406597  1.759074
860.0  0.351410  1.406246  1.757657
860.5  0.347684  1.413801  1.761485
861.0  0.344716  1.413079  1.757796
861.5  0.345784  1.418079  1.763863
862.0  0.352794  1.404175  1.756969
862.5  0.365761  1.397714  1.763475
863.0  0.383011  1.373770  1.756781
863.5  0.401832  1.360309  1.762142
864.0  0.419289  1.342084  1.761373
864.5  0.432953  1.324378  1.757331
865.0  0.441430  1.312007  1.753436
865.5  0.444630  1.303495  1.748124
866.0  0.443768  1.298447  1.742215
866.5  0.441044  1.295968  1.737012
867.0  0.438953  1.293106  1.732059
867.5  0.439272  1.287220  1.726493
868.0  0.442054  1.279163  1.721217
868.5  0.445198  1.272382  1.717579
869.0  0.445067  1.268772  1.713839
869.5  0.438066  1.274191  1.712256
870.0  0.422401  1.288321  1.710722
870.5  0.399072  1.312008  1.711080
871.0  0.371586  1.339633  1.711219
871.5  0.344637  1.365834  1.710471
872.0  0.322469  1.390201  1.712670
872.5  0.307627  1.405498  1.713125
873.0  0.300471  1.413181  1.713651
873.5  0.299417  1.414727  1.714144
874.0  0.301672  1.415627  1.717299
874.5  0.304159  1.414677  1.718836
875.0  0.304398  1.417415  1.721814
875.5  0.301191  1.424970  1.726161
876.0  0.294996  1.436273  1.731270
876.5  0.287938  1.449667  1.737605
877.0  0.283334  1.460399  1.743733
877.5  0.284710  1.464233  1.748942
878.0  0.294440  1.458191  1.752631
878.5  0.312494  1.441486  1.753981
879.0  0.336000  1.417191  1.753191
879.5  0.360086  1.392519  1.752605
880.0  0.379758  1.369352  1.749111
880.5  0.391867  1.353364  1.745231
881.0  0.396159  1.343934  1.740093
881.5  0.394993  1.340481  1.735474
882.0  0.392047  1.339881  1.731928
882.5  0.390801  1.338879  1.729681
883.0  0.393412  1.332742  1.726154
883.5  0.400244  1.323371  1.723616
884.0  0.410013  1.313326  1.723339
884.5  0.420291  1.302299  1.722590
885.0  0.428198  1.294753  1.722951
885.5  0.431121  1.292921  1.724042
886.0  0.427372  1.297643  1.725015
886.5  0.416721  1.310050  1.726771
887.0  0.400667  1.326614  1.727281
887.5  0.382250  1.343948  1.726197
888.0  0.365261  1.361593  1.726855
888.5  0.352922  1.374751  1.727673
889.0  0.346521  1.379747  1.726268
889.5  0.344808  1.378934  1.723743
890.0  0.344661  1.376819  1.721481
890.5  0.342778  1.376218  1.718996
891.0  0.337454  1.379557  1.717011
891.5  0.329432  1.385308  1.714740
892.0  0.321467  1.390450  1.711916
892.5  0.317023  1.392900  1.709923
893.0  0.318861  1.391188  1.710049
893.5  0.328116  1.380331  1.708447
894.0  0.344062  1.362396  1.706459
894.5  0.364461  1.338453  1.702914
895.0  0.386238  1.316094  1.702332
895.5  0.406245  1.296037  1.702281
896.0  0.421937  1.281633  1.703570
896.5  0.431863  1.270800  1.702664
897.0  0.435926  1.266455  1.702381
897.5  0.435384  1.267934  1.703318
898.0  0.432514  1.271893  1.704407
898.5  0.429850  1.275076  1.704926
899.0  0.429096  1.275773  1.704868
899.5  0.430114  1.275257  1.705371
900.0  0.430679  1.277181  1.707860
900.5  0.427370  1.281846  1.709216
901.0  0.417291  1.295472  1.712764
901.5  0.399655  1.317061  1.716716
902.0  0.376351  1.344073  1.720424
902.5  0.351249  1.372629  1.723878
903.0  0.328752  1.397900  1.726652
903.5  0.312364  1.416802  1.729166
904.0  0.303808  1.428548  1.732357
904.5  0.302854  1.429324  1.732178
905.0  0.307692  1.423633  1.731325
905.5  0.315622  1.413146  1.728768
906.0  0.323830  1.402459  1.726289
906.5  0.330102  1.395349  1.725450
907.0  0.333379  1.389854  1.723233
907.5  0.334070  1.388509  1.722579
908.0  0.334037  1.387501  1.721538
908.5  0.336113  1.383121  1.719235
909.0  0.343096  1.375499  1.718595
909.5  0.356395  1.362585  1.718980
910.0  0.374923  1.347127  1.722050
910.5  0.394998  1.326926  1.721924
911.0  0.411581  1.309661  1.721241
911.5  0.420365  1.299781  1.720146
912.0  0.419576  1.300896  1.720472
912.5  0.410528  1.308706  1.719233
913.0  0.396774  1.319819  1.716592
913.5  0.382496  1.331668  1.714164
914.0  0.370997  1.340870  1.711867
914.5  0.363858  1.346650  1.710507
915.0  0.360854  1.347475  1.708329
915.5  0.360421  1.346160  1.706582
916.0  0.360367  1.344622  1.704989
916.5  0.358617  1.347633  1.706250
917.0  0.353848  1.352371  1.706219
917.5  0.345952  1.360071  1.706023
918.0  0.336267  1.369754  1.706021
918.5  0.327509  1.380954  1.708463
919.0  0.323251  1.385706  1.708957
919.5  0.326844  1.381753  1.708596
920.0  0.339997  1.367108  1.707105
920.5  0.361625  1.345520  1.707145
921.0  0.387774  1.321549  1.709323
921.5  0.412951  1.296139  1.709090
922.0  0.432281  1.276337  1.708619
922.5  0.443322  1.264772  1.708095
923.0  0.446595  1.261704  1.708300
923.5  0.444741  1.265504  1.710245
924.0  0.440974  1.268206  1.709180
924.5  0.437674  1.271003  1.708677
925.0  0.435637  1.272449  1.708086
925.5  0.434036  1.277099  1.711135
926.0  0.430864  1.278841  1.709705
926.5  0.423623  1.289205  1.712828
927.0  0.410062  1.301030  1.711092
927.5  0.388867  1.323280  1.712147
928.0  0.360219  1.351629  1.711848
928.5  0.326137  1.384887  1.711024
929.0  0.290451  1.422129  1.712580
929.5  0.258227  1.454423  1.712650
930.0  0.234528  1.478621  1.713149
930.5  0.222758  1.489688  1.712446
931.0  0.223299  1.488567  1.711867
931.5  0.233320  1.477550  1.710870
932.0  0.248077  1.461375  1.709453
932.5  0.263113  1.446261  1.709374
933.0  0.276116  1.433618  1.709734
933.5  0.287484  1.424548  1.712032
934.0  0.299519  1.412233  1.711752
934.5  0.314919  1.396995  1.711914
935.0  0.335428  1.376364  1.711792
935.5  0.361147  1.351843  1.712990
936.0  0.390526  1.324044  1.714570
936.5  0.420820  1.291491  1.712311
937.0  0.448738  1.264098  1.712836
937.5  0.471112  1.239751  1.710863
938.0  0.485482  1.227752  1.713233
938.5  0.490569  1.220665  1.711234
939.0  0.486607  1.226273  1.712880
939.5  0.475444  1.237799  1.713243
940.0  0.460254  1.253948  1.714203
940.5  0.444681  1.268121  1.712802
941.0  0.431530  1.280706  1.712236
941.5  0.421548  1.288771  1.710319
942.0  0.413090  1.296464  1.709554
942.5  0.403089  1.308010  1.711099
943.0  0.388889  1.322336  1.711225
943.5  0.369867  1.340662  1.710529
944.0  0.347921  1.363981  1.711903
944.5  0.326711  1.383886  1.710596
945.0  0.310208  1.401548  1.711756
945.5  0.301371  1.410308  1.711679
946.0  0.301395  1.411299  1.712694
946.5  0.309617  1.401128  1.710745
947.0  0.323889  1.387033  1.710922
947.5  0.341197  1.369673  1.710870
948.0  0.358369  1.353753  1.712122
948.5  0.372757  1.340105  1.712863
949.0  0.382811  1.326533  1.709344
949.5  0.388454  1.321665  1.710119
950.0  0.391128  1.317266  1.708394
950.5  0.393356  1.318243  1.711599
951.0  0.397730  1.312185  1.709915
951.5  0.405543  1.303960  1.709502
952.0  0.415724  1.292083  1.707808
952.5  0.424861  1.283736  1.708597
953.0  0.428568  1.279096  1.707664
953.5  0.423574  1.284542  1.708116
954.0  0.409344  1.298427  1.707772
954.5  0.388354  1.319281  1.707636
955.0  0.365037  1.344296  1.709334
955.5  0.344122  1.365961  1.710083
956.0  0.329184  1.380355  1.709539
956.5  0.321877  1.387946  1.709823
957.0  0.321860  1.386192  1.708052
957.5  0.327201  1.382228  1.709429
958.0  0.335041  1.372568  1.707608
958.5  0.342351  1.367281  1.709632
959.0  0.346701  1.359792  1.706493
959.5  0.346936  1.361257  1.708193
960.0  0.343629  1.363705  1.707334
960.5  0.339132  1.368338  1.707470
961.0  0.336994  1.370686  1.707680
961.5  0.340669  1.365439  1.706108
962.0  0.351842  1.355783  1.707625
962.5  0.369164  1.335616  1.704780
963.0  0.388295  1.317799  1.706094
963.5  0.403510  1.297795  1.701305
964.0  0.410120  1.293517  1.703637
964.5  0.406391  1.295027  1.701418
965.0  0.394006  1.310079  1.704085
965.5  0.377037  1.326875  1.703913
966.0  0.360199  1.344240  1.704439
966.5  0.347256  1.357066  1.704322
967.0  0.340137  1.364449  1.704586
967.5  0.338813  1.366639  1.705452
968.0  0.341711  1.363148  1.704860
968.5  0.346398  1.358945  1.705343
969.0  0.350327  1.355802  1.706129
969.5  0.351518  1.352343  1.703860
970.0  0.349109  1.356067  1.705177
970.5  0.343718  1.358093  1.701811
971.0  0.337485  1.367107  1.704592
971.5  0.333622  1.368720  1.702342
972.0  0.335340  1.369034  1.704374
972.5  0.344391  1.356913  1.701304
973.0  0.359901  1.344820  1.704721
973.5  0.378329  1.324300  1.702629
974.0  0.394821  1.307045  1.701865
974.5  0.405324  1.298050  1.703374
975.0  0.408277  1.293903  1.702180
975.5  0.405005  1.300324  1.705329
976.0  0.398809  1.304074  1.702883
976.5  0.393406  1.310713  1.704118
977.0  0.391540  1.311887  1.703427
977.5  0.394221  1.312478  1.706700
978.0  0.400661  1.301991  1.702652
978.5  0.408707  1.295010  1.703717
979.0  0.415546  1.288705  1.704251
979.5  0.418464  1.286354  1.704818
980.0  0.415546  1.288214  1.703760
980.5  0.406222  1.296891  1.703112
981.0  0.391579  1.311163  1.702742
981.5  0.374309  1.326901  1.701210
982.0  0.358122  1.343629  1.701751
982.5  0.346565  1.353684  1.700248
983.0  0.341543  1.358698  1.700241
983.5  0.342270  1.359102  1.701372
984.0  0.345409  1.350634  1.696043
984.5  0.346551  1.353283  1.699833
985.0  0.342322  1.354735  1.697057
985.5  0.331933  1.369923  1.701855
986.0  0.317402  1.380622  1.698024
986.5  0.302539  1.400467  1.703007
987.0  0.291369  1.408366  1.699735
987.5  0.286776  1.414876  1.701652
988.0  0.289791  1.412208  1.701999
988.5  0.299549  1.402339  1.701888
989.0  0.313746  1.388852  1.702598
989.5  0.329377  1.371991  1.701368
990.0  0.343548  1.358348  1.701896
990.5  0.354208  1.346355  1.700563
991.0  0.360680  1.339990  1.700669
991.5  0.363894  1.336972  1.700866
992.0  0.366239  1.334582  1.700821
992.5  0.370925  1.331573  1.702497
993.0  0.380844  1.320739  1.701583
993.5  0.397244  1.304550  1.701793
994.0  0.418833  1.281424  1.700257
994.5  0.441974  1.258635  1.700609
995.0  0.462059  1.236114  1.698173
995.5  0.475385  1.223766  1.699152
996.0  0.480521  1.217401  1.697922
996.5  0.478516  1.220601  1.699117
997.0  0.472044  1.227774  1.699818
997.5  0.464092  1.234623  1.698714
998.0  0.456831  1.244226  1.701057
998.5  0.451028  1.246856  1.697884
999.0  0.446013  1.254021  1.700033
999.5  0.440084  1.255856  1.695940
1000.0  0.431153  1.268869  1.700022
