0.0  285.8437
0.5  289.5527
1.0  286.1912
1.5  277.7207
2.0  267.9398
2.5  260.6823
3.0  257.7730
3.5  258.0558
4.0  258.1791
4.5  254.5774
5.0  245.3186
5.5  230.8058
6.0  213.2791
6.5  195.7714
7.0  181.1993
7.5  171.8573
8.0  169.1898
8.5  173.6222
9.0  184.3785
9.5  199.4117
10.0  215.6661
10.5  229.8183
11.0  239.4094
11.5  243.9581
12.0  245.4004
12.5  247.3310
13.0  253.1580
13.5  264.1313
14.0  278.5078
14.5  292.4240
15.0  301.8475
15.5  304.3343
16.0  299.6993
16.5  289.6093
17.0  276.6954
17.5  263.7539
18.0  253.2355
18.5  246.9189
19.0  245.6176
19.5  248.9054
20.0  255.0063
20.5  261.0583
21.0  263.8848
21.5  261.1808
22.0  252.6904
22.5  240.7041
23.0  229.3230
23.5  222.5908
24.0  222.4576
24.5  227.8555
25.0  235.4593
25.5  241.5169
26.0  243.5103
26.5  240.8233
27.0  234.4535
27.5  226.3256
28.0  218.6807
28.5  213.6570
29.0  212.9453
29.5  217.4137
30.0  226.7431
30.5  239.2537
31.0  252.1335
31.5  262.1864
32.0  266.9933
32.5  266.0644
33.0  261.3344
33.5  256.4723
34.0  255.1151
34.5  258.9492
35.0  266.8492
35.5  275.6069
36.0  281.6591
36.5  282.6591
37.0  278.1271
37.5  269.2086
38.0  258.0360
38.5  247.1125
39.0  238.8296
39.5  235.0381
40.0  236.6136
40.5  243.0896
41.0  252.5375
41.5  261.8898
42.0  267.7954
42.5  267.8645
43.0  261.8444
43.5  252.0467
44.0  242.5115
44.5  237.0810
45.0  237.4149
45.5  242.2070
46.0  248.0865
46.5  251.4874
47.0  250.2410
47.5  244.1327
48.0  234.5348
48.5  223.6836
49.0  214.0427
49.5  207.8435
50.0  206.6923
50.5  211.1681
51.0  220.4840
51.5  232.4025
52.0  243.6144
52.5  250.6763
53.0  251.3493
53.5  245.8275
54.0  237.1074
54.5  229.9417
55.0  228.6170
55.5  234.7499
56.0  246.5139
56.5  259.7700
57.0  270.2243
57.5  275.2018
58.0  274.2325
58.5  268.6132
59.0  260.5868
59.5  252.6188
60.0  246.8784
60.5  244.8235
61.0  246.8181
61.5  251.8547
62.0  257.5574
62.5  260.6506
63.0  257.9563
63.5  247.7273
64.0  230.7943
64.5  210.8004
65.0  193.0470
65.5  182.2656
66.0  180.5155
66.5  186.5223
67.0  196.8080
67.5  207.7025
68.0  216.9047
68.5  223.9091
69.0  229.5383
69.5  235.2258
70.0  242.4773
70.5  252.5475
71.0  266.1718
71.5  283.2538
72.0  302.5741
72.5  321.7108
73.0  337.3756
73.5  346.2597
74.0  346.2374
74.5  337.4610
75.0  322.6628
75.5  306.1817
76.0  291.9560
76.5  281.5841
77.0  273.7329
77.5  265.2941
78.0  253.4245
78.5  237.1068
79.0  217.4604
79.5  197.0204
80.0  178.7136
80.5  165.0993
81.0  157.9914
81.5  158.2876
82.0  165.8239
82.5  179.2445
83.0  196.0327
83.5  212.9018
84.0  226.6440
84.5  235.2929
85.0  239.1277
85.5  240.8467
86.0  244.4523
86.5  253.1426
87.0  267.3587
87.5  284.2860
88.0  299.1894
88.5  307.6834
89.0  307.5306
89.5  299.1467
90.0  284.9631
90.5  268.3407
91.0  252.6189
91.5  240.5005
92.0  233.6839
92.5  232.6191
93.0  236.3746
93.5  242.7314
94.0  248.6566
94.5  251.2226
95.0  248.8043
95.5  242.0749
96.0  234.1344
96.5  229.3373
97.0  231.1330
97.5  240.0857
98.0  253.3626
98.5  266.0693
99.0  273.5384
99.5  273.1746
100.0  265.0284
100.5  251.2252
101.0  234.9197
101.5  219.3520
102.0  207.2141
102.5  200.2553
103.0  199.0152
103.5  202.6806
104.0  209.1845
104.5  215.6928
105.0  219.5271
105.5  219.3285
106.0  215.9726
106.5  212.5999
107.0  213.3922
107.5  221.4753
108.0  237.0893
108.5  257.2141
109.0  276.9225
109.5  291.5718
110.0  298.5276
110.5  297.6790
111.0  290.8875
111.5  280.9896
112.0  270.8903
112.5  262.9478
113.0  258.5946
113.5  258.0999
114.0  260.4712
114.5  263.5969
115.0  264.7586
115.5  261.5359
116.0  252.8895
116.5  239.9453
117.0  225.9034
117.5  214.8210
118.0  209.7246
118.5  211.1255
119.0  216.8985
119.5  223.5821
120.0  228.1927
120.5  229.4520
121.0  227.9340
121.5  225.4043
122.0  223.9465
122.5  225.3071
123.0  230.5458
123.5  239.8780
124.0  252.5884
124.5  267.0211
125.0  280.7582
125.5  291.1199
126.0  295.9964
126.5  294.7823
127.0  288.9313
127.5  281.6106
128.0  276.3274
128.5  275.1178
129.0  277.3967
129.5  280.2809
130.0  280.2068
130.5  274.7911
131.0  263.8626
131.5  249.3099
132.0  234.1450
132.5  221.4359
133.0  213.5428
133.5  211.7378
134.0  216.0731
134.5  225.3653
135.0  237.2821
135.5  248.6358
136.0  256.0189
136.5  256.7968
137.0  250.2169
137.5  238.0982
138.0  224.5009
138.5  214.1774
139.0  210.4147
139.5  213.4925
140.0  220.7416
140.5  228.1246
141.0  232.2657
141.5  231.7628
142.0  227.3245
142.5  221.0677
143.0  215.5908
143.5  213.2424
144.0  215.6714
144.5  223.5558
145.0  236.4171
145.5  252.5442
146.0  269.1590
146.5  282.9721
147.0  291.1470
147.5  292.4243
148.0  287.8636
148.5  280.6012
149.0  274.4298
149.5  271.8131
150.0  272.5361
150.5  273.9140
151.0  272.4138
151.5  265.5793
152.0  253.1235
152.5  236.8184
153.0  219.6038
153.5  204.5798
154.0  194.2965
154.5  190.3840
155.0  193.3694
155.5  202.5512
156.0  215.9549
156.5  230.5260
157.0  242.7432
157.5  249.6769
158.0  250.2071
158.5  245.7795
159.0  240.0453
159.5  237.2264
160.0  239.9354
160.5  247.7586
161.0  257.5325
161.5  265.0844
162.0  267.2579
162.5  263.0772
163.0  253.7059
163.5  241.6272
164.0  229.6953
164.5  220.4595
165.0  215.8084
165.5  216.7840
166.0  223.4278
166.5  234.6579
167.0  248.3235
167.5  261.6295
168.0  271.9979
168.5  278.1283
169.0  280.6929
169.5  282.0667
170.0  284.9749
170.5  290.7500
171.0  298.3517
171.5  304.8606
172.0  307.0914
172.5  303.2122
173.0  293.4292
173.5  279.5900
174.0  264.2169
174.5  249.6073
175.0  237.3379
175.5  228.1544
176.0  222.0490
176.5  218.3503
177.0  215.7962
177.5  212.7042
178.0  207.4137
178.5  199.0501
179.0  188.3703
179.5  178.1303
180.0  172.4134
180.5  174.8954
181.0  186.8774
181.5  206.3494
182.0  228.7889
182.5  249.2002
183.0  264.1160
183.5  272.5211
184.0  275.5445
184.5  275.4668
185.0  274.7152
185.5  275.2095
186.0  278.0703
186.5  283.5243
187.0  290.8617
187.5  298.4403
188.0  303.8648
188.5  304.5143
189.0  298.4646
189.5  285.5459
190.0  267.9512
190.5  249.7768
191.0  235.3894
191.5  227.3777
192.0  225.3465
192.5  226.3524
193.0  226.6341
193.5  223.4700
194.0  216.1446
194.5  205.8073
195.0  194.6791
195.5  185.1947
196.0  179.4057
196.5  178.6588
197.0  183.4199
197.5  193.1461
198.0  206.2350
198.5  220.1963
199.0  232.2074
199.5  240.0612
200.0  243.2014
200.5  243.2534
201.0  243.4860
201.5  247.1950
202.0  255.8202
202.5  268.0002
203.0  280.2287
203.5  288.6557
204.0  290.8547
204.5  286.6165
205.0  277.6418
205.5  266.6333
206.0  256.3783
206.5  249.1273
207.0  246.2698
207.5  248.1675
208.0  254.0496
208.5  262.0024
209.0  269.2131
209.5  272.6365
210.0  270.0765
210.5  261.3321
211.0  248.7386
211.5  236.4962
212.0  228.8139
212.5  227.7952
213.0  232.3909
213.5  239.1005
214.0  243.8907
214.5  244.0645
215.0  239.1149
215.5  230.4564
216.0  220.5584
216.5  212.0630
217.0  207.1815
217.5  207.3655
218.0  213.1238
218.5  223.8972
219.0  238.0233
219.5  252.9316
220.0  265.7192
220.5  274.0979
221.0  277.3987
221.5  277.0500
222.0  276.0206
222.5  277.2780
223.0  282.0825
223.5  289.2193
224.0  295.6898
224.5  298.3486
225.0  295.4055
225.5  287.0158
226.0  274.9304
226.5  261.6804
227.0  249.7903
227.5  241.2474
228.0  237.2089
228.5  237.8337
229.0  242.1819
229.5  248.2341
230.0  253.1802
230.5  254.1123
231.0  249.0731
231.5  238.0969
232.0  223.6222
232.5  209.7631
233.0  200.5392
233.5  197.9536
234.0  201.0938
234.5  206.8057
235.0  211.4216
235.5  212.4214
236.0  209.2061
236.5  202.9114
237.0  195.7085
237.5  190.0715
238.0  188.2362
238.5  191.8386
239.0  201.6287
239.5  217.2146
240.0  236.9083
240.5  257.8501
241.0  276.5812
241.5  290.0596
242.0  296.8024
242.5  297.5662
243.0  295.0294
243.5  292.4407
244.0  291.9174
244.5  293.4199
245.0  295.0088
245.5  294.0945
246.0  288.7974
246.5  278.6789
247.0  264.6973
247.5  248.7065
248.0  232.8826
248.5  219.2749
249.0  209.4798
249.5  204.3632
250.0  203.8105
250.5  206.5935
251.0  210.5340
251.5  213.1197
252.0  212.5176
252.5  208.6060
253.0  203.4010
253.5  200.3911
254.0  202.8911
254.5  212.2702
255.0  227.1427
255.5  244.0202
256.0  258.9374
256.5  269.0260
257.0  273.2787
257.5  272.4256
258.0  268.3146
258.5  263.2250
259.0  259.3274
259.5  258.2907
260.0  260.9623
260.5  267.0932
261.0  275.1989
261.5  282.7406
262.0  286.7869
262.5  285.1071
263.0  277.3087
263.5  265.3762
264.0  253.0989
264.5  244.4651
265.0  241.8379
265.5  244.9861
266.0  251.5016
266.5  258.1975
267.0  262.5467
267.5  263.4376
268.0  261.1431
268.5  256.8402
269.0  252.0655
269.5  248.3009
270.0  246.6829
270.5  247.7588
271.0  251.2573
271.5  255.9615
272.0  259.8645
272.5  260.7523
273.0  257.1452
273.5  249.1999
274.0  238.9895
274.5  229.7744
275.0  224.4858
275.5  224.2594
276.0  227.9362
276.5  232.8089
277.0  236.0568
277.5  235.9719
278.0  232.4245
278.5  226.6034
279.0  220.4123
279.5  215.8767
280.0  214.7073
280.5  217.9958
281.0  225.9663
281.5  237.7693
282.0  251.4243
282.5  264.0949
283.0  272.8324
283.5  275.6727
284.0  272.6323
284.5  265.9591
285.0  259.2474
285.5  255.7118
286.0  256.5799
286.5  260.5934
287.0  264.8619
287.5  266.4051
288.0  263.4182
288.5  255.7105
289.0  244.4126
289.5  231.3733
290.0  218.6097
290.5  207.9373
291.0  200.7238
291.5  197.6647
292.0  198.5547
292.5  202.1645
293.0  206.4322
293.5  209.1260
294.0  208.8766
294.5  206.1123
295.0  203.2418
295.5  203.7027
296.0  210.2145
296.5  223.2430
297.0  240.6698
297.5  258.8483
298.0  274.2929
298.5  284.9751
299.0  290.6833
299.5  292.5911
300.0  292.5156
300.5  292.2718
301.0  293.2680
301.5  296.2801
302.0  301.2886
302.5  307.3336
303.0  312.4888
303.5  314.1574
304.0  309.8359
304.5  298.2297
305.0  280.2273
305.5  259.0526
306.0  239.1970
306.5  224.4797
307.0  216.3106
307.5  213.2394
308.0  212.0333
308.5  209.4986
309.0  203.9257
309.5  195.5316
310.0  186.0181
310.5  177.7562
311.0  173.0462
311.5  173.6329
312.0  180.4315
312.5  193.3498
313.0  211.1618
313.5  231.5215
314.0  251.3059
314.5  267.4125
315.0  277.8668
315.5  282.7449
316.0  284.2640
316.5  285.7239
317.0  289.7190
317.5  296.6681
318.0  304.6091
318.5  310.3458
319.0  311.1271
319.5  305.8391
320.0  295.2235
320.5  281.3156
321.0  266.6109
321.5  253.3750
322.0  243.2516
322.5  237.1120
323.0  235.0113
323.5  236.1683
324.0  239.0156
324.5  241.4801
325.0  241.6186
325.5  238.4938
326.0  232.8424
326.5  226.9705
327.0  223.6667
327.5  224.6292
328.0  229.3963
328.5  235.5208
329.0  239.8578
329.5  240.0921
330.0  235.6223
330.5  227.5118
331.0  217.8087
331.5  208.7420
332.0  202.1420
332.5  199.1751
333.0  200.2937
333.5  205.2539
334.0  213.1203
334.5  222.3108
335.0  230.8501
335.5  236.9667
336.0  239.9295
336.5  240.6870
337.0  241.7359
337.5  245.9886
338.0  255.1233
338.5  268.4349
339.0  282.9885
339.5  294.9824
340.0  301.4217
340.5  301.1484
341.0  294.8779
341.5  284.5309
342.0  272.3893
342.5  260.4583
343.0  250.1453
343.5  242.1696
344.0  236.5583
344.5  232.6530
345.0  229.1805
345.5  224.5485
346.0  217.4820
346.5  207.8701
347.0  197.3617
347.5  189.1397
348.0  186.6745
348.5  191.9898
349.0  204.5041
349.5  221.2437
350.0  238.2890
350.5  252.4953
351.0  262.5163
351.5  268.8010
352.0  272.8907
352.5  276.5647
353.0  281.2174
353.5  287.5654
354.0  295.5831
354.5  304.5211
355.0  312.9375
355.5  318.8138
356.0  319.9214
356.5  314.5356
357.0  302.3271
357.5  284.9479
358.0  265.7686
358.5  248.6229
359.0  236.1212
359.5  228.5395
360.0  224.0042
360.5  219.8023
361.0  213.9220
361.5  205.9310
362.0  196.9053
362.5  188.7290
363.0  183.2869
363.5  181.9134
364.0  185.1761
364.5  192.8797
365.0  204.1247
365.5  217.3500
366.0  230.4432
366.5  241.0994
367.0  247.5242
367.5  249.2805
368.0  247.7737
368.5  245.8699
369.0  246.6047
369.5  251.6272
370.0  260.3451
370.5  270.3261
371.0  278.6495
371.5  283.3078
372.0  283.8908
372.5  281.3880
373.0  277.4724
373.5  273.7607
374.0  271.3597
374.5  270.7419
375.0  271.8054
375.5  273.9418
376.0  276.0369
376.5  276.5059
377.0  273.5805
377.5  265.9685
378.0  253.6876
378.5  238.5372
379.0  223.6888
379.5  212.3782
380.0  206.3908
380.5  205.3039
381.0  206.9726
381.5  208.8748
382.0  209.4110
382.5  208.4573
383.0  207.0845
383.5  206.8327
384.0  209.0174
384.5  214.3423
385.0  222.8328
385.5  233.9366
386.0  246.6169
386.5  259.3681
387.0  270.2600
387.5  277.2280
388.0  278.7307
388.5  274.5786
389.0  266.4047
389.5  257.2530
390.0  250.2671
390.5  247.1554
391.0  247.4007
391.5  248.7133
392.0  248.3722
392.5  244.5700
393.0  237.0562
393.5  226.9647
394.0  216.1835
394.5  206.7139
395.0  200.2792
395.5  198.1820
396.0  201.2505
396.5  209.7018
397.0  222.8925
397.5  239.1354
398.0  255.8872
398.5  270.4813
399.0  281.1936
399.5  288.0411
400.0  292.6978
400.5  297.4201
401.0  303.5928
401.5  310.8358
402.0  317.2181
402.5  320.3280
403.0  318.4253
403.5  311.0231
404.0  298.7773
404.5  282.9914
405.0  265.1411
405.5  246.6397
406.0  228.8225
406.5  212.9734
407.0  200.2071
407.5  191.1701
408.0  185.7409
408.5  183.0435
409.0  181.9604
409.5  181.9608
410.0  183.6868
410.5  188.7556
411.0  198.7364
411.5  213.9250
412.0  232.7744
412.5  252.3939
413.0  269.7530
413.5  282.8018
414.0  290.9149
414.5  294.6175
415.0  294.9617
415.5  292.9792
416.0  289.4316
416.5  284.8343
417.0  279.5676
417.5  273.8779
418.0  267.7140
418.5  260.5494
419.0  251.4773
419.5  239.7458
420.0  225.5389
420.5  210.4591
421.0  197.2052
421.5  188.4599
422.0  185.6413
422.5  188.3424
423.0  194.7954
423.5  202.9511
424.0  211.4178
424.5  219.7616
425.0  228.1919
425.5  237.0128
426.0  246.2272
426.5  255.4731
427.0  264.2269
427.5  272.0610
428.0  278.7339
428.5  284.0355
429.0  287.5302
429.5  288.4969
430.0  286.2664
430.5  280.8191
431.0  273.1774
431.5  265.1557
432.0  258.4973
432.5  253.9590
433.0  251.0100
433.5  248.3517
434.0  244.8515
434.5  240.2421
435.0  235.2098
435.5  230.9564
436.0  228.6034
436.5  228.7847
437.0  231.5653
437.5  236.6031
438.0  243.3456
438.5  251.0751
439.0  258.7676
439.5  264.9535
440.0  267.8739
440.5  266.0787
441.0  259.2323
441.5  248.5750
442.0  236.5751
442.5  225.8399
443.0  217.9409
443.5  212.9108
444.0  209.6772
444.5  207.0179
445.0  204.3505
445.5  201.9344
446.0  200.5509
446.5  201.0196
447.0  203.8881
447.5  209.4125
448.0  217.7203
448.5  228.9265
449.0  243.0176
449.5  259.5054
450.0  277.1019
450.5  293.7721
451.0  307.3425
451.5  316.4175
452.0  321.0112
452.5  322.3915
453.0  322.1721
453.5  321.2669
454.0  319.4321
454.5  315.6456
455.0  308.9464
455.5  299.0968
456.0  286.6937
456.5  272.8042
457.0  258.4788
457.5  244.4670
458.0  231.2404
458.5  219.2001
459.0  208.8297
459.5  200.6031
460.0  194.6629
460.5  190.5298
461.0  187.1892
461.5  183.6843
462.0  179.9175
462.5  177.0656
463.0  177.1703
463.5  182.0396
464.0  192.1509
464.5  206.2857
465.0  222.1029
465.5  237.2020
466.0  249.9891
466.5  259.9331
467.0  267.2813
467.5  272.5927
468.0  276.4223
468.5  279.2711
469.0  281.6799
469.5  284.2314
470.0  287.3035
470.5  290.6436
471.0  293.0856
471.5  292.7747
472.0  287.9855
472.5  278.1531
473.0  264.4516
473.5  249.4512
474.0  235.9778
474.5  225.8656
475.0  219.3534
475.5  215.3974
476.0  212.5419
476.5  209.7211
477.0  206.5803
477.5  203.3269
478.0  200.4041
478.5  198.2781
479.0  197.4415
479.5  198.5210
480.0  202.2718
480.5  209.3120
481.0  219.6757
481.5  232.4947
482.0  246.1460
482.5  258.9197
483.0  269.8427
483.5  279.0934
484.0  287.6828
484.5  296.6025
485.0  306.0276
485.5  315.0980
486.0  322.3491
486.5  326.4171
487.0  326.5450
487.5  322.6621
488.0  315.1451
488.5  304.5362
489.0  291.4346
489.5  276.5862
490.0  261.0114
490.5  245.9410
491.0  232.4453
491.5  220.9014
492.0  210.6851
492.5  200.4541
493.0  189.0328
493.5  176.4198
494.0  164.2330
494.5  155.2118
495.0  152.0147
495.5  156.0266
496.0  166.8491
496.5  182.6541
497.0  201.0330
497.5  219.7828
498.0  237.2841
498.5  252.4981
499.0  264.8280
499.5  274.0693
500.0  280.4894
500.5  284.8876
501.0  288.4242
501.5  292.1305
502.0  296.2800
502.5  300.0259
503.0  301.6645
503.5  299.5089
504.0  292.8975
504.5  282.6973
505.0  270.9698
505.5  260.0227
506.0  251.4516
506.5  245.7106
507.0  242.3325
507.5  240.4959
508.0  239.5093
508.5  238.9787
509.0  238.7146
509.5  238.5939
510.0  238.5477
510.5  238.6756
511.0  239.3315
511.5  240.9951
512.0  243.8827
512.5  247.4955
513.0  250.4752
513.5  251.0347
514.0  247.8549
514.5  240.9383
515.0  231.8325
515.5  223.0049
516.0  216.7028
516.5  213.9725
517.0  214.3743
517.5  216.4592
518.0  218.6083
518.5  219.7199
519.0  219.4533
519.5  218.0873
520.0  216.2474
520.5  214.7250
521.0  214.4372
521.5  216.3984
522.0  221.5269
522.5  230.2307
523.0  241.9560
523.5  255.0475
524.0  267.1755
524.5  276.2219
525.0  281.1494
525.5  282.3211
526.0  281.0850
526.5  278.9188
527.0  276.6866
527.5  274.4150
528.0  271.6087
528.5  267.7869
529.0  262.8680
529.5  257.2219
530.0  251.4693
530.5  246.2405
531.0  242.0587
531.5  239.3642
532.0  238.5541
532.5  239.8846
533.0  243.2110
533.5  247.7398
534.0  252.0834
534.5  254.7646
535.0  254.9778
535.5  253.1225
536.0  250.6909
536.5  249.5051
537.0  250.7520
537.5  254.3968
538.0  259.2774
538.5  263.7376
539.0  266.3679
539.5  266.4643
540.0  264.0782
540.5  259.7939
541.0  254.4658
541.5  249.0667
542.0  244.6346
542.5  242.1794
543.0  242.4121
543.5  245.3197
544.0  249.8290
544.5  253.9039
545.0  255.2428
545.5  252.3345
546.0  245.2922
546.5  235.9239
547.0  226.9406
547.5  220.7486
548.0  218.5065
548.5  219.9041
549.0  223.6364
549.5  228.1619
550.0  232.2972
550.5  235.4340
551.0  237.4582
551.5  238.5797
552.0  239.2373
552.5  240.0763
553.0  241.8700
553.5  245.2511
554.0  250.2741
554.5  256.0576
555.0  260.8492
555.5  262.6675
556.0  260.2748
556.5  253.9183
557.0  245.3399
557.5  237.0055
558.0  231.0024
558.5  228.2396
559.0  228.3347
559.5  230.1121
560.0  232.3081
560.5  234.0803
561.0  235.1571
561.5  235.7227
562.0  236.2347
562.5  237.3115
563.0  239.6751
563.5  244.0279
564.0  250.7567
564.5  259.5216
565.0  268.9868
565.5  277.0105
566.0  281.3905
566.5  280.8691
567.0  275.8286
567.5  268.2147
568.0  260.6787
568.5  255.4073
569.0  253.2734
569.5  253.6991
570.0  255.1666
570.5  255.9829
571.0  254.8831
571.5  251.2790
572.0  245.2186
572.5  237.2349
573.0  228.2191
573.5  219.3171
574.0  211.7560
574.5  206.5163
575.0  203.9150
575.5  203.3423
576.0  203.4310
576.5  202.7278
577.0  200.5701
577.5  197.6450
578.0  195.8417
578.5  197.4417
579.0  204.1078
579.5  216.2266
580.0  232.8854
580.5  252.3601
581.0  272.7442
581.5  292.3931
582.0  310.0798
582.5  324.9622
583.0  336.5218
583.5  344.5595
584.0  349.2064
584.5  350.8310
585.0  349.7654
585.5  345.9333
586.0  338.6375
586.5  326.7785
587.0  309.5319
587.5  287.1489
588.0  261.3557
588.5  235.0201
589.0  211.2191
589.5  192.2239
590.0  178.9344
590.5  170.9687
591.0  167.2074
591.5  166.4029
592.0  167.5640
592.5  170.0655
593.0  173.6094
593.5  178.1905
594.0  184.1131
594.5  191.9767
595.0  202.4913
595.5  216.0607
596.0  232.2680
596.5  249.5871
597.0  265.6290
597.5  277.9495
598.0  285.0376
598.5  286.9196
599.0  285.0196
599.5  281.3842
600.0  277.7548
600.5  274.9915
601.0  273.0544
601.5  271.3810
602.0  269.3261
602.5  266.4186
603.0  262.4036
603.5  257.1978
604.0  250.8985
604.5  243.8752
605.0  236.8388
605.5  230.7315
606.0  226.3658
606.5  223.9523
607.0  222.8343
607.5  221.7158
608.0  219.3647
608.5  215.3918
609.0  210.5789
609.5  206.5076
610.0  204.7166
610.5  205.9313
611.0  209.8103
611.5  215.2758
612.0  221.1255
612.5  226.5299
613.0  231.1964
613.5  235.2423
614.0  238.9802
614.5  242.7930
615.0  247.1409
615.5  252.5850
616.0  259.6633
616.5  268.5525
617.0  278.6706
617.5  288.5473
618.0  296.2213
618.5  300.0788
619.0  299.6641
619.5  295.9253
620.0  290.6986
620.5  285.7520
621.0  281.9770
621.5  279.1611
622.0  276.3514
622.5  272.4737
623.0  266.8149
623.5  259.1822
624.0  249.8048
624.5  239.1809
625.0  228.0260
625.5  217.3262
626.0  208.3451
626.5  202.4004
627.0  200.3660
627.5  202.1219
628.0  206.3573
628.5  211.0203
629.0  214.2856
629.5  215.4860
630.0  215.4082
630.5  215.7677
631.0  218.2340
631.5  223.6284
632.0  231.7106
632.5  241.5260
633.0  251.9549
633.5  262.0925
634.0  271.3173
634.5  279.1613
635.0  285.2061
635.5  289.1603
636.0  291.0921
636.5  291.6142
637.0  291.7697
637.5  292.5246
638.0  294.0908
638.5  295.5509
639.0  295.1676
639.5  291.3055
640.0  283.4042
640.5  272.3569
641.0  260.0687
641.5  248.5349
642.0  239.0411
642.5  231.8961
643.0  226.6833
643.5  222.7174
644.0  219.3803
644.5  216.2128
645.0  212.8580
645.5  209.0369
646.0  204.6731
646.5  200.1187
647.0  196.2822
647.5  194.4283
648.0  195.5933
648.5  199.8786
649.0  206.1218
649.5  212.3104
650.0  216.6013
650.5  218.3167
651.0  218.2588
651.5  218.1763
652.0  219.8046
652.5  224.1075
653.0  231.0832
653.5  240.0504
654.0  250.0726
654.5  260.2244
655.0  269.6316
655.5  277.4211
656.0  282.7678
656.5  285.1273
657.0  284.5600
657.5  281.9016
658.0  278.5211
658.5  275.6332
659.0  273.4916
659.5  271.0345
660.0  266.3703
660.5  257.9198
661.0  245.5011
661.5  230.6422
662.0  215.9554
662.5  204.0412
663.0  196.6071
663.5  194.1979
664.0  196.4622
664.5  202.5975
665.0  211.6584
665.5  222.6486
666.0  234.5166
666.5  246.2274
667.0  256.9824
667.5  266.4868
668.0  275.0414
668.5  283.2569
669.0  291.4182
669.5  298.8519
670.0  303.8084
670.5  304.1261
671.0  298.3832
671.5  286.8124
672.0  271.3609
672.5  254.8644
673.0  239.8939
673.5  227.9594
674.0  219.4033
674.5  213.8228
675.0  210.6044
675.5  209.2444
676.0  209.3918
676.5  210.7694
677.0  213.1684
677.5  216.6000
678.0  221.4953
678.5  228.7177
679.0  239.1789
679.5  253.1074
680.0  269.3596
680.5  285.3307
681.0  297.7417
681.5  303.9769
682.0  303.1926
682.5  296.5244
683.0  286.3375
683.5  275.0727
684.0  264.3871
684.5  254.9455
685.0  246.7310
685.5  239.4879
686.0  232.9874
686.5  227.0572
687.0  221.5206
687.5  216.2288
688.0  211.2569
688.5  207.1508
689.0  204.9839
689.5  206.0173
690.0  211.0056
690.5  219.5312
691.0  229.8828
691.5  239.7161
692.0  247.1706
692.5  251.7350
693.0  254.3071
693.5  256.4731
694.0  259.5342
694.5  263.8771
695.0  268.9389
695.5  273.6039
696.0  276.6889
696.5  277.2655
697.0  274.7822
697.5  269.1020
698.0  260.5779
698.5  250.1762
699.0  239.5120
699.5  230.5929
700.0  225.1769
700.5  223.9331
701.0  225.8854
701.5  228.6265
702.0  229.3774
702.5  226.3769
703.0  219.7866
703.5  211.5822
704.0  204.5533
704.5  201.0503
705.0  202.1475
705.5  207.5106
706.0  215.8032
706.5  225.2631
707.0  234.1596
707.5  241.0632
708.0  245.0194
708.5  245.7354
709.0  243.7757
709.5  240.6214
710.0  238.3809
710.5  239.0669
711.0  243.6529
711.5  251.4277
712.0  260.1506
712.5  267.0795
713.0  270.3425
713.5  269.8450
714.0  267.2019
714.5  264.8158
715.0  264.7115
715.5  267.7538
716.0  273.5152
716.5  280.6420
717.0  287.3868
717.5  292.0501
718.0  293.2753
718.5  290.2730
719.0  283.0454
719.5  272.5678
720.0  260.7572
720.5  250.0375
721.0  242.4832
721.5  238.8533
722.0  238.0756
722.5  237.6350
723.0  234.7999
723.5  228.0394
724.0  217.8152
724.5  206.3336
725.0  196.4958
725.5  190.7041
726.0  190.1189
726.5  194.5677
727.0  202.9143
727.5  213.5547
728.0  224.8122
728.5  235.2010
729.0  243.6555
729.5  249.7954
730.0  254.1649
730.5  258.2442
731.0  264.0211
731.5  273.1021
732.0  285.6987
732.5  300.0844
733.0  312.9893
733.5  320.8666
734.0  321.3813
734.5  314.3137
735.0  301.4621
735.5  285.7396
736.0  270.0459
736.5  256.4531
737.0  245.9200
737.5  238.4257
738.0  233.2851
738.5  229.4690
739.0  225.8896
739.5  221.6948
740.0  216.5873
740.5  211.0854
741.0  206.5364
741.5  204.7097
742.0  206.9843
742.5  213.4640
743.0  222.5626
743.5  231.4471
744.0  237.2153
744.5  238.1696
745.0  234.4692
745.5  227.8654
746.0  220.7928
746.5  215.3899
747.0  212.8991
747.5  213.5621
748.0  216.8419
748.5  221.7404
749.0  227.0765
749.5  231.7364
750.0  234.9609
750.5  236.6779
751.0  237.7587
751.5  239.9654
752.0  245.3992
752.5  255.5020
753.0  270.0364
753.5  286.6767
754.0  301.6224
754.5  311.0396
755.0  312.5804
755.5  306.1795
756.0  293.8053
756.5  278.4644
757.0  263.0681
757.5  249.6585
758.0  239.1536
758.5  231.4863
759.0  225.9149
759.5  221.3569
760.0  216.7122
760.5  211.2077
761.0  204.7589
761.5  198.2340
762.0  193.4102
762.5  192.4487
763.0  196.9509
763.5  207.0095
764.0  220.8531
764.5  235.4376
765.0  247.7536
765.5  256.1169
766.0  260.7212
766.5  263.2313
767.0  265.7741
767.5  269.9349
768.0  276.2053
768.5  283.9802
769.0  291.9220
769.5  298.4377
770.0  302.0961
770.5  301.9371
771.0  297.7012
771.5  289.9919
772.0  280.3025
772.5  270.7660
773.0  263.5296
773.5  259.8621
774.0  259.4024
774.5  260.0719
775.0  258.8952
775.5  253.4049
776.0  242.8712
776.5  228.6829
777.0  213.7338
777.5  201.2385
778.0  193.6093
778.5  191.8398
779.0  195.4758
779.5  202.9936
780.0  212.3336
780.5  221.4145
781.0  228.5637
781.5  232.8644
782.0  234.4034
782.5  234.3408
783.0  234.6555
783.5  237.4720
784.0  244.0899
784.5  254.1461
785.0  265.4616
785.5  274.8371
786.0  279.4715
786.5  278.2284
787.0  272.0614
787.5  263.4571
788.0  255.3132
788.5  249.8754
789.0  248.1494
789.5  249.8596
790.0  253.7790
790.5  258.2054
791.0  261.4342
791.5  262.1667
792.0  259.8392
792.5  254.8346
793.0  248.4909
793.5  242.7872
794.0  239.6579
794.5  240.0937
795.0  243.4601
795.5  247.5264
796.0  249.3805
796.5  246.8272
797.0  239.4914
797.5  229.0054
798.0  218.2383
798.5  210.0680
799.0  206.3416
799.5  207.4166
800.0  212.2963
800.5  219.1299
801.0  225.8098
801.5  230.5001
802.0  232.0382
802.5  230.2044
803.0  225.8459
803.5  220.7939
804.0  217.4804
804.5  218.2095
805.0  224.2333
805.5  235.0332
806.0  248.2903
806.5  260.7447
807.0  269.5886
807.5  273.6513
808.0  273.7390
808.5  272.0267
809.0  270.9416
809.5  272.1567
810.0  276.1024
810.5  282.0470
811.0  288.5349
811.5  293.9214
812.0  296.8224
812.5  296.4173
813.0  292.6081
813.5  286.0529
814.0  278.0524
814.5  270.2325
815.0  263.9968
815.5  259.8752
816.0  257.0988
816.5  253.7721
817.0  247.7378
817.5  237.7607
818.0  224.3628
818.5  209.8063
819.0  197.2337
819.5  189.4540
820.0  187.9779
820.5  192.6649
821.0  201.9756
821.5  213.5851
822.0  225.0753
822.5  234.5227
823.0  240.9075
823.5  244.3222
824.0  245.9510
824.5  247.7682
825.0  251.9173
825.5  259.8512
826.0  271.5077
826.5  284.9552
827.0  296.8485
827.5  303.6393
828.0  303.0032
828.5  294.7634
829.0  280.8612
829.5  264.4720
830.0  248.7847
830.5  236.0193
831.0  227.0052
831.5  221.3031
832.0  217.6544
832.5  214.5217
833.0  210.5738
833.5  205.0706
834.0  198.1366
834.5  190.8869
835.0  185.3126
835.5  183.8172
836.0  188.4015
836.5  199.7354
837.0  216.5775
837.5  235.9789
838.0  254.3109
838.5  268.6334
839.0  277.6854
839.5  282.0193
840.0  283.3398
840.5  283.5155
841.0  283.7897
841.5  284.4690
842.0  285.0578
842.5  284.6315
843.0  282.2343
843.5  277.1885
844.0  269.3028
844.5  259.0162
845.0  247.4856
845.5  236.5453
846.0  228.3988
846.5  224.9598
847.0  226.9996
847.5  233.5487
848.0  242.0418
848.5  249.3111
849.0  252.9567
849.5  252.3310
850.0  248.6221
850.5  244.0935
851.0  240.9826
851.5  240.6249
852.0  243.1071
852.5  247.4342
853.0  251.9946
853.5  255.0876
854.0  255.3658
854.5  252.1423
855.0  245.5704
855.5  236.6997
856.0  227.3582
856.5  219.7711
857.0  215.8852
857.5  216.5686
858.0  221.0918
858.5  227.3044
859.0  232.5662
859.5  234.9846
860.0  234.2736
860.5  231.7892
861.0  229.8107
861.5  230.5229
862.0  235.1959
862.5  243.8409
863.0  255.3409
863.5  267.8883
864.0  279.5262
864.5  288.6355
865.0  294.2865
865.5  296.4197
866.0  295.8451
866.5  294.0295
867.0  292.6355
867.5  292.8483
868.0  294.7028
868.5  296.7984
869.0  296.7111
869.5  292.0438
870.0  281.6005
870.5  266.0477
871.0  247.7238
871.5  229.7583
872.0  214.9794
872.5  205.0846
873.0  200.3137
873.5  199.6112
874.0  201.1147
874.5  202.7725
875.0  202.9322
875.5  200.7939
876.0  196.6643
876.5  191.9587
877.0  188.8891
877.5  189.8064
878.0  196.2934
878.5  208.3295
879.0  224.0000
879.5  240.0577
880.0  253.1723
880.5  261.2444
881.0  264.1063
881.5  263.3284
882.0  261.3643
882.5  260.5343
883.0  262.2744
883.5  266.8296
884.0  273.3420
884.5  280.1939
885.0  285.4656
885.5  287.4138
886.0  284.9143
886.5  277.8143
887.0  267.1115
887.5  254.8331
888.0  243.5075
888.5  235.2811
889.0  231.0137
889.5  229.8723
890.0  229.7742
890.5  228.5187
891.0  224.9695
891.5  219.6214
892.0  214.3111
892.5  211.3484
893.0  212.5741
893.5  218.7441
894.0  229.3750
894.5  242.9743
895.0  257.4921
895.5  270.8298
896.0  281.2912
896.5  287.9087
897.0  290.6175
897.5  290.2562
898.0  288.3424
898.5  286.5669
899.0  286.0638
899.5  286.7425
900.0  287.1191
900.5  284.9136
901.0  278.1941
901.5  266.4368
902.0  250.9006
902.5  234.1657
903.0  219.1682
903.5  208.2428
904.0  202.5388
904.5  201.9025
905.0  205.1281
905.5  210.4150
906.0  215.8868
906.5  220.0680
907.0  222.2525
907.5  222.7136
908.0  222.6915
908.5  224.0756
909.0  228.7308
909.5  237.5965
910.0  249.9488
910.5  263.3319
911.0  274.3871
911.5  280.2431
912.0  279.7173
912.5  273.6852
913.0  264.5158
913.5  254.9975
914.0  247.3315
914.5  242.5718
915.0  240.5694
915.5  240.2809
916.0  240.2448
916.5  239.0778
917.0  235.8987
917.5  230.6346
918.0  224.1779
918.5  218.3396
919.0  215.5004
919.5  217.8959
920.0  226.6649
920.5  241.0835
921.0  258.5160
921.5  275.3007
922.0  288.1876
922.5  295.5483
923.0  297.7302
923.5  296.4943
924.0  293.9827
924.5  291.7824
925.0  290.4247
925.5  289.3573
926.0  287.2429
926.5  282.4155
927.0  273.3747
927.5  259.2445
928.0  240.1460
928.5  217.4245
929.0  193.6338
929.5  172.1513
930.0  156.3522
930.5  148.5054
931.0  148.8663
931.5  155.5467
932.0  165.3848
932.5  175.4088
933.0  184.0771
933.5  191.6561
934.0  199.6795
934.5  209.9458
935.0  223.6188
935.5  240.7650
936.0  260.3510
936.5  280.5466
937.0  299.1587
937.5  314.0748
938.0  323.6545
938.5  327.0458
939.0  324.4044
939.5  316.9630
940.0  306.8363
940.5  296.4541
941.0  287.6868
941.5  281.0319
942.0  275.3930
942.5  268.7258
943.0  259.2596
943.5  246.5779
944.0  231.9477
944.5  217.8071
945.0  206.8054
945.5  200.9140
946.0  200.9300
946.5  206.4115
947.0  215.9261
947.5  227.4648
948.0  238.9129
948.5  248.5049
949.0  255.2077
949.5  258.9695
950.0  260.7520
950.5  262.2374
951.0  265.1532
951.5  270.3617
952.0  277.1496
952.5  283.2408
953.0  285.7118
953.5  282.3828
954.0  272.8962
954.5  258.9028
955.0  243.3583
955.5  229.4146
956.0  219.4557
956.5  214.5844
957.0  214.5731
957.5  218.1340
958.0  223.3605
958.5  228.2340
959.0  231.1343
959.5  231.2906
960.0  229.0858
960.5  226.0880
961.0  224.6627
961.5  227.1129
962.0  234.5616
962.5  246.1096
963.0  258.8636
963.5  269.0069
964.0  273.4133
964.5  270.9275
965.0  262.6706
965.5  251.3583
966.0  240.1327
966.5  231.5037
967.0  226.7581
967.5  225.8756
968.0  227.8074
968.5  230.9319
969.0  233.5512
969.5  234.3451
970.0  232.7395
970.5  229.1455
971.0  224.9902
971.5  222.4146
972.0  223.5601
972.5  229.5941
973.0  239.9341
973.5  252.2192
974.0  263.2138
974.5  270.2161
975.0  272.1847
975.5  270.0036
976.0  265.8726
976.5  262.2704
977.0  261.0265
977.5  262.8143
978.0  267.1073
978.5  272.4716
979.0  277.0310
979.5  278.9761
980.0  277.0306
980.5  270.8144
981.0  261.0525
981.5  249.5393
982.0  238.7480
982.5  231.0431
983.0  227.6952
983.5  228.1802
984.0  230.2724
984.5  231.0337
985.0  228.2149
985.5  221.2885
986.0  211.6015
986.5  201.6930
987.0  194.2459
987.5  191.1840
988.0  193.1941
988.5  199.6993
989.0  209.1642
989.5  219.5849
990.0  229.0320
990.5  236.1387
991.0  240.4531
991.5  242.5959
992.0  244.1596
992.5  247.2831
993.0  253.8959
993.5  264.8292
994.0  279.2218
994.5  294.6492
995.0  308.0393
995.5  316.9236
996.0  320.3476
996.5  319.0108
997.0  314.6960
997.5  309.3943
998.0  304.5541
998.5  300.6853
999.0  297.3420
999.5  293.3894
1000.0  287.4356
