0.0  236.5925
0.5  241.3316
1.0  246.7169
1.5  252.7404
2.0  258.8795
2.5  264.4116
3.0  268.7841
3.5  271.7687
4.0  273.3345
4.5  273.4327
5.0  271.9543
5.5  268.9415
6.0  264.8694
6.5  260.7095
7.0  257.6327
7.5  256.4873
8.0  257.3688
8.5  259.5624
9.0  261.9079
9.5  263.3759
10.0  263.5246
10.5  262.5897
11.0  261.1933
11.5  259.8881
12.0  258.8390
12.5  257.8160
13.0  256.4313
13.5  254.3776
14.0  251.4677
14.5  247.4973
15.0  242.1550
15.5  235.1836
16.0  226.7556
16.5  217.7840
17.0  209.8642
17.5  204.7649
18.0  203.6977
18.5  206.7673
19.0  212.9227
19.5  220.4466
20.0  227.7083
20.5  233.7749
21.0  238.5855
21.5  242.6755
22.0  246.6973
22.5  251.0610
23.0  255.8627
23.5  261.0093
24.0  266.2976
24.5  271.2995
25.0  275.1687
25.5  276.6579
26.0  274.5306
26.5  268.2237
27.0  258.3600
27.5  246.7354
28.0  235.7082
28.5  227.2834
29.0  222.3696
29.5  220.5836
30.0  220.6597
30.5  221.1820
31.0  221.2152
31.5  220.5360
32.0  219.4602
32.5  218.5154
33.0  218.2500
33.5  219.2761
34.0  222.3715
34.5  228.3575
35.0  237.6516
35.5  249.7433
36.0  263.0346
36.5  275.3044
37.0  284.6131
37.5  290.1169
38.0  292.3064
38.5  292.5466
39.0  292.2211
39.5  291.9853
40.0  291.5196
40.5  289.8386
41.0  285.8826
41.5  278.9946
42.0  269.0397
42.5  256.2221
43.0  240.8786
43.5  223.5190
44.0  205.1279
44.5  187.4389
45.0  172.7922
45.5  163.4377
46.0  160.6057
46.5  163.9567
47.0  171.8298
47.5  182.1648
48.0  193.5025
48.5  205.4606
49.0  218.4794
49.5  233.1134
50.0  249.3765
50.5  266.5306
51.0  283.3694
51.5  298.7242
52.0  311.8187
52.5  322.2607
53.0  329.7586
53.5  333.8661
54.0  334.0310
54.5  329.9752
55.0  322.1249
55.5  311.6997
56.0  300.2729
56.5  289.0308
57.0  278.2366
57.5  267.3015
58.0  255.4116
58.5  242.2543
59.0  228.3429
59.5  214.7703
60.0  202.6301
60.5  192.5380
61.0  184.5529
61.5  178.4845
62.0  174.2956
62.5  172.2737
63.0  172.8439
63.5  176.1868
64.0  181.9851
64.5  189.5452
65.0  198.2496
65.5  208.0102
66.0  219.3194
66.5  232.7511
67.0  248.2001
67.5  264.4205
68.0  279.2637
68.5  290.5110
69.0  296.7671
69.5  297.8736
70.0  294.6801
70.5  288.4428
71.0  280.2944
71.5  271.0741
72.0  261.4861
72.5  252.3184
73.0  244.4443
73.5  238.5408
74.0  234.7201
74.5  232.3932
75.0  230.5680
75.5  228.4895
76.0  226.2434
76.5  224.8812
77.0  225.8848
77.5  230.2476
78.0  237.7682
78.5  247.0402
79.0  256.1227
79.5  263.4006
80.0  268.0840
80.5  270.1490
81.0  269.9494
81.5  267.8907
82.0  264.3922
82.5  260.0589
83.0  255.7909
83.5  252.6050
84.0  251.1879
84.5  251.4423
85.0  252.3720
85.5  252.4787
86.0  250.5274
86.5  246.2521
87.0  240.5439
87.5  234.9517
88.0  230.7813
88.5  228.3832
89.0  227.0896
89.5  225.7771
90.0  223.5928
90.5  220.3411
91.0  216.3794
91.5  212.2627
92.0  208.5007
92.5  205.6025
93.0  204.2771
93.5  205.4993
94.0  210.2429
94.5  218.9464
95.0  231.0259
95.5  244.7895
96.0  257.9094
96.5  268.2789
97.0  274.8278
97.5  277.8577
98.0  278.7212
98.5  279.0578
99.0  280.0557
99.5  282.1372
100.0  285.1192
100.5  288.5643
101.0  291.9984
101.5  294.9034
102.0  296.6588
102.5  296.6504
103.0  294.5825
103.5  290.7910
104.0  286.2785
104.5  282.3370
105.0  279.8965
105.5  278.9573
106.0  278.4581
106.5  276.7029
107.0  272.1324
107.5  264.0117
108.0  252.6542
108.5  239.1021
109.0  224.5327
109.5  209.8183
110.0  195.4899
110.5  182.0059
111.0  169.9895
111.5  160.1780
112.0  153.1255
112.5  148.9431
113.0  147.3415
113.5  147.9885
114.0  150.9221
114.5  156.6827
115.0  166.0067
115.5  179.2366
116.0  195.8291
116.5  214.3223
117.0  232.8455
117.5  249.8970
118.0  264.9128
118.5  278.2636
119.0  290.6921
119.5  302.5862
120.0  313.5934
120.5  322.8063
121.0  329.3161
121.5  332.6845
122.0  333.0153
122.5  330.6600
123.0  325.8682
123.5  318.6894
124.0  309.1829
124.5  297.7202
125.0  285.0756
125.5  272.1597
126.0  259.5409
126.5  247.1009
127.0  234.1319
127.5  219.9049
128.0  204.4087
128.5  188.7889
129.0  175.1570
129.5  165.8181
130.0  162.3533
130.5  165.0945
131.0  173.2465
131.5  185.4565
132.0  200.3662
132.5  216.8108
133.0  233.6893
133.5  249.8114
134.0  263.9943
134.5  275.4144
135.0  283.9402
135.5  290.1322
136.0  294.8059
136.5  298.3814
137.0  300.4365
137.5  299.7977
138.0  295.1837
138.5  286.0557
139.0  273.1662
139.5  258.4412
140.0  244.2318
140.5  232.3718
141.0  223.6063
141.5  217.6781
142.0  213.8891
142.5  211.6656
143.0  210.7577
143.5  211.0707
144.0  212.4202
144.5  214.5065
145.0  217.1533
145.5  220.5781
146.0  225.3958
146.5  232.2448
147.0  241.2287
147.5  251.5567
148.0  261.6832
148.5  269.9420
149.0  275.3284
149.5  277.9596
150.0  278.9197
150.5  279.5873
151.0  280.8779
151.5  282.8732
152.0  284.9983
152.5  286.5104
153.0  286.8822
153.5  285.8373
154.0  283.1278
154.5  278.3631
155.0  271.1220
155.5  261.3167
156.0  249.5275
156.5  237.0068
157.0  225.2636
157.5  215.4417
158.0  207.8754
158.5  202.1240
159.0  197.4765
159.5  193.5972
160.0  190.8699
160.5  190.1881
161.0  192.3299
161.5  197.3622
162.0  204.5007
162.5  212.5060
163.0  220.2953
163.5  227.3237
164.0  233.5176
164.5  238.9117
165.0  243.3486
165.5  246.5015
166.0  248.1863
166.5  248.6782
167.0  248.7324
167.5  249.2277
168.0  250.6476
168.5  252.7604
169.0  254.7570
169.5  255.8038
170.0  255.6665
170.5  254.9756
171.0  254.9115
171.5  256.4825
172.0  259.8694
172.5  264.2756
173.0  268.3566
173.5  270.8922
174.0  271.2429
174.5  269.3659
175.0  265.5262
175.5  260.0289
176.0  253.1992
176.5  245.5712
177.0  238.0377
177.5  231.7311
178.0  227.6192
178.5  226.0447
179.0  226.5343
179.5  228.0601
180.0  229.6495
180.5  230.9818
181.0  232.5721
181.5  235.3852
182.0  240.1132
182.5  246.6089
183.0  253.8735
183.5  260.5927
184.0  265.8203
184.5  269.3392
185.0  271.5200
185.5  272.8769
186.0  273.7017
186.5  274.0266
187.0  273.8650
187.5  273.4574
188.0  273.2598
188.5  273.6335
189.0  274.4538
189.5  274.9520
190.0  273.9762
190.5  270.5739
191.0  264.5536
191.5  256.6501
192.0  248.1456
192.5  240.1680
193.0  233.1297
193.5  226.6823
194.0  220.1800
194.5  213.2816
195.0  206.2554
195.5  199.8317
196.0  194.7953
196.5  191.6664
197.0  190.6780
197.5  191.9814
198.0  195.8202
198.5  202.4511
199.0  211.8198
199.5  223.2287
200.0  235.2986
200.5  246.3637
201.0  255.1412
201.5  261.2928
202.0  265.4952
202.5  268.9205
203.0  272.4240
203.5  275.9679
204.0  278.6611
204.5  279.3564
205.0  277.3624
205.5  272.8060
206.0  266.4957
206.5  259.4973
207.0  252.7664
207.5  247.0353
208.0  242.8894
208.5  240.8107
209.0  241.0303
209.5  243.2428
210.0  246.4246
210.5  249.0051
211.0  249.4430
211.5  246.9747
212.0  242.1171
212.5  236.5694
213.0  232.4739
213.5  231.4113
214.0  233.7092
214.5  238.4575
215.0  244.1435
215.5  249.4318
216.0  253.6105
216.5  256.5571
217.0  258.4367
217.5  259.4559
218.0  259.8280
218.5  259.8567
219.0  259.9136
219.5  260.1893
220.0  260.3321
220.5  259.2641
221.0  255.4284
221.5  247.4715
222.0  235.0620
222.5  219.3847
223.0  202.9572
223.5  188.7699
224.0  179.1643
224.5  175.0565
225.0  175.9017
225.5  180.3150
226.0  186.8777
226.5  194.6578
227.0  203.2895
227.5  212.7903
228.0  223.3851
228.5  235.4482
229.0  249.4524
229.5  265.7473
230.0  284.1348
230.5  303.4535
231.0  321.5025
231.5  335.5168
232.0  343.0984
232.5  343.2089
233.0  336.7221
233.5  326.1933
234.0  314.8789
234.5  305.4629
235.0  299.1373
235.5  295.4721
236.0  293.0073
236.5  290.0912
237.0  285.4734
237.5  278.4856
238.0  268.9810
238.5  257.2864
239.0  244.2487
239.5  231.2260
240.0  219.8149
240.5  211.2784
241.0  205.9172
241.5  202.7821
242.0  200.0023
242.5  195.6639
243.0  188.8235
243.5  180.1121
244.0  171.5614
244.5  165.7024
245.0  164.4128
245.5  168.1527
246.0  175.9676
246.5  186.1259
247.0  196.8951
247.5  207.0053
248.0  215.7059
248.5  222.6428
249.0  227.8239
249.5  231.7241
250.0  235.3385
250.5  239.9399
251.0  246.5040
251.5  255.0683
252.0  264.4482
252.5  272.5970
253.0  277.5221
253.5  278.3106
254.0  275.6996
254.5  271.8383
255.0  269.3271
255.5  270.0411
256.0  274.3767
256.5  281.2733
257.0  288.8554
257.5  295.2022
258.0  298.8242
258.5  298.7751
259.0  294.6223
259.5  286.5096
260.0  275.3188
260.5  262.7071
261.0  250.7766
261.5  241.3665
262.0  235.2797
262.5  231.9052
263.0  229.5359
263.5  226.2863
264.0  221.1410
264.5  214.5652
265.0  208.3326
265.5  204.6658
266.0  205.1793
266.5  210.2124
267.0  218.8530
267.5  229.4793
268.0  240.3689
268.5  250.0304
269.0  257.2533
269.5  261.1237
270.0  261.2075
270.5  257.8443
271.0  252.2720
271.5  246.3179
272.0  241.6674
272.5  239.0615
273.0  237.9124
273.5  236.6353
274.0  233.5711
274.5  227.9998
275.0  220.6656
275.5  213.5015
276.0  208.7122
276.5  207.7643
277.0  210.8715
277.5  217.1955
278.0  225.4846
278.5  234.6386
279.0  243.8755
279.5  252.5808
280.0  260.1670
280.5  266.1962
281.0  270.7074
281.5  274.4391
282.0  278.6400
282.5  284.4420
283.0  292.1137
283.5  300.6770
284.0  308.1915
284.5  312.6094
285.0  312.7357
285.5  308.7409
286.0  301.9303
286.5  293.9289
287.0  285.8034
287.5  277.6665
288.0  268.9451
288.5  259.0179
289.0  247.7212
289.5  235.4213
290.0  222.7456
290.5  210.3116
291.0  198.7125
291.5  188.7224
292.0  181.4406
292.5  178.1014
293.0  179.5357
293.5  185.5779
294.0  194.8416
294.5  205.1095
295.0  214.2100
295.5  220.9262
296.0  225.4172
296.5  228.8933
297.0  232.7362
297.5  237.6126
298.0  243.1248
298.5  248.1561
299.0  251.5781
299.5  252.8010
300.0  251.8686
300.5  249.2050
301.0  245.3521
301.5  240.9380
302.0  236.8282
302.5  234.1920
303.0  234.2478
303.5  237.7079
304.0  244.2293
304.5  252.2709
305.0  259.5684
305.5  264.0665
306.0  264.8429
306.5  262.5078
307.0  258.8305
307.5  255.7947
308.0  254.6327
308.5  255.3946
309.0  257.2200
309.5  259.0069
310.0  259.9768
310.5  259.8419
311.0  258.6511
311.5  256.6052
312.0  254.0458
312.5  251.5723
313.0  250.0577
313.5  250.3758
314.0  252.8878
314.5  256.9875
315.0  261.0663
315.5  263.0550
316.0  261.3408
316.5  255.5788
317.0  246.9213
317.5  237.4954
318.0  229.4138
318.5  223.8980
319.0  221.0021
319.5  219.9984
320.0  220.0465
320.5  220.6642
321.0  221.7844
321.5  223.5427
322.0  226.0961
322.5  229.6450
323.0  234.5633
323.5  241.3937
324.0  250.5431
324.5  261.7698
325.0  273.7926
325.5  284.3754
326.0  291.0036
326.5  291.9026
327.0  286.8871
327.5  277.5522
328.0  266.6371
328.5  256.8628
329.0  249.8686
329.5  245.8058
330.0  243.7022
330.5  242.2306
331.0  240.3600
331.5  237.6125
332.0  234.0050
332.5  229.9209
333.0  226.0516
333.5  223.3427
334.0  222.7850
334.5  224.9957
335.0  229.7533
335.5  235.7915
336.0  241.0937
336.5  243.6714
337.0  242.5040
337.5  238.1542
338.0  232.6703
338.5  228.7354
339.0  228.4582
339.5  232.4519
340.0  239.6907
340.5  248.1437
341.0  255.7237
341.5  261.0065
342.0  263.4714
342.5  263.3798
343.0  261.5495
343.5  259.1640
344.0  257.5581
344.5  257.8676
345.0  260.5506
345.5  264.9836
346.0  269.4216
346.5  271.4955
347.0  269.1498
347.5  261.6472
348.0  250.1425
348.5  237.4546
349.0  227.0309
349.5  221.5519
350.0  221.8783
350.5  226.8731
351.0  234.0915
351.5  240.8425
352.0  245.0421
352.5  245.5916
353.0  242.3858
353.5  236.1838
354.0  228.4448
354.5  221.0503
355.0  215.8137
355.5  213.8406
356.0  215.0037
356.5  217.8538
357.0  220.1306
357.5  219.7326
358.0  215.7402
358.5  208.9992
359.0  201.9299
359.5  197.5856
360.0  198.3890
360.5  205.1822
361.0  217.0439
361.5  231.8555
362.0  247.1809
362.5  260.9778
363.0  271.9420
363.5  279.5913
364.0  284.2641
364.5  287.0586
365.0  289.5868
365.5  293.4451
366.0  299.5075
366.5  307.3588
367.0  315.2169
367.5  320.4991
368.0  320.8602
368.5  315.2576
369.0  304.5302
369.5  291.1525
370.0  278.2114
370.5  268.0844
371.0  261.5033
371.5  257.4739
372.0  253.9884
372.5  249.0251
373.0  241.2992
373.5  230.5526
374.0  217.5086
374.5  203.6996
375.0  191.2349
375.5  182.4233
376.0  179.1832
376.5  182.3565
377.0  191.2274
377.5  203.5632
378.0  216.2908
378.5  226.6016
379.0  233.0245
379.5  235.9593
380.0  237.3689
380.5  239.7284
381.0  244.7386
381.5  252.4761
382.0  261.3936
382.5  269.0606
383.0  273.1384
383.5  272.0979
384.0  265.5163
384.5  254.0849
385.0  239.5016
385.5  224.2665
386.0  211.2647
386.5  203.0793
387.0  201.1861
387.5  205.3785
388.0  213.7717
388.5  223.5004
389.0  231.8764
389.5  237.5119
390.0  240.8754
390.5  243.9719
391.0  249.2596
391.5  258.3371
392.0  271.0896
392.5  285.7130
393.0  299.4903
393.5  309.7950
394.0  314.8195
394.5  313.8609
395.0  307.3039
395.5  296.4878
396.0  283.4908
396.5  270.7370
397.0  260.3678
397.5  253.5179
398.0  249.8116
398.5  247.4013
399.0  243.6556
399.5  236.2826
400.0  224.4236
400.5  209.2034
401.0  193.4219
401.5  180.4655
402.0  172.9387
402.5  171.7015
403.0  175.7640
403.5  182.9695
404.0  190.9783
404.5  198.0486
405.0  203.4037
405.5  207.2673
406.0  210.7214
406.5  215.4311
407.0  223.1942
407.5  235.3098
408.0  251.9198
408.5  271.6111
409.0  291.5514
409.5  308.2369
410.0  318.6339
410.5  321.2613
411.0  316.7211
411.5  307.3920
412.0  296.3949
412.5  286.3316
413.0  278.4275
413.5  272.4475
414.0  267.2697
414.5  261.6652
415.0  254.8686
415.5  246.8067
416.0  238.0959
416.5  229.9469
417.0  223.9881
417.5  221.9267
418.0  225.0125
418.5  233.4337
419.0  245.9280
419.5  259.8931
420.0  272.0828
420.5  279.6812
421.0  281.3131
421.5  277.5233
422.0  270.4643
422.5  262.9016
423.0  257.0058
423.5  253.5244
424.0  251.7001
424.5  249.8586
425.0  246.2559
425.5  239.7673
426.0  230.2348
426.5  218.5138
427.0  206.3150
427.5  195.8685
428.0  189.3910
428.5  188.4049
429.0  193.1098
429.5  202.1019
430.0  212.6734
430.5  221.6877
431.0  226.7339
431.5  227.0854
432.0  224.0163
432.5  220.2845
433.0  218.9739
433.5  222.2225
434.0  230.4333
434.5  242.2866
435.0  255.4167
435.5  267.3206
436.0  276.0930
436.5  280.8253
437.0  281.7036
437.5  279.8825
438.0  277.1459
438.5  275.3533
439.0  275.7562
439.5  278.4122
440.0  281.9831
440.5  284.1082
441.0  282.2951
441.5  275.0071
442.0  262.4823
442.5  246.8791
443.0  231.6099
443.5  220.1038
444.0  214.5522
444.5  215.2191
445.0  220.5841
445.5  228.1253
446.0  235.2768
446.5  240.1613
447.0  241.9511
447.5  240.9110
448.0  238.2111
448.5  235.5446
449.0  234.5688
449.5  236.2696
450.0  240.4620
450.5  245.6777
451.0  249.5866
451.5  249.8700
452.0  245.2286
452.5  236.0952
453.0  224.6909
453.5  214.3226
454.0  208.1750
454.5  208.1310
455.0  214.1653
455.5  224.5460
456.0  236.6444
456.5  247.9046
457.0  256.5837
457.5  262.1052
458.0  265.0568
458.5  266.9109
459.0  269.5249
459.5  274.4933
460.0  282.4973
460.5  292.8793
461.0  303.6593
461.5  312.0794
462.0  315.5412
462.5  312.6063
463.0  303.6479
463.5  290.8298
464.0  277.3378
464.5  266.1362
465.0  258.7990
465.5  254.9626
466.0  252.6224
466.5  249.0519
467.0  241.8706
467.5  229.8552
468.0  213.3158
468.5  194.0494
469.0  174.9392
469.5  159.2787
470.0  149.9328
470.5  148.5314
471.0  154.9550
471.5  167.3398
472.0  182.6711
472.5  197.8081
473.0  210.5772
473.5  220.5029
474.0  228.8434
474.5  237.8717
475.0  249.6870
475.5  265.1057
476.0  283.1490
476.5  301.3267
477.0  316.4977
477.5  325.8756
478.0  327.8112
478.5  322.1840
479.0  310.3918
479.5  294.9841
480.0  279.0119
480.5  265.2182
481.0  255.2756
481.5  249.3223
482.0  246.0015
482.5  243.0492
483.0  238.2601
483.5  230.4797
484.0  220.2136
484.5  209.5514
485.0  201.3774
485.5  198.1783
486.0  200.9927
486.5  208.9888
487.0  219.8135
487.5  230.4649
488.0  238.2724
488.5  241.6551
489.0  240.5126
489.5  236.2229
490.0  231.2558
490.5  228.4565
491.0  230.1454
491.5  237.2938
492.0  249.0758
492.5  263.0116
493.0  275.7125
493.5  283.9982
494.0  285.9948
494.5  281.7901
495.0  273.3596
495.5  263.7477
496.0  255.8266
496.5  251.1877
497.0  249.6588
497.5  249.6029
498.0  248.7554
498.5  245.1797
499.0  237.9995
499.5  227.7517
500.0  216.3232
500.5  206.4929
501.0  201.1565
501.5  202.4181
502.0  210.8283
502.5  225.0588
503.0  242.1865
503.5  258.5453
504.0  270.8865
504.5  277.4454
505.0  278.5037
505.5  276.1841
506.0  273.5090
506.5  273.0961
507.0  276.0727
507.5  281.6827
508.0  287.6808
508.5  291.2359
509.0  289.9238
509.5  282.5054
510.0  269.3477
510.5  252.4373
511.0  234.9578
511.5  220.4724
512.0  211.8839
512.5  210.4934
513.0  215.5178
513.5  224.3012
514.0  233.1976
514.5  238.8281
515.0  239.2524
515.5  234.6099
516.0  226.9695
516.5  219.4429
517.0  214.9353
517.5  215.0784
518.0  219.7670
518.5  227.3850
519.0  235.4888
519.5  241.6255
520.0  244.0553
520.5  242.2669
521.0  237.1955
521.5  231.0419
522.0  226.6426
522.5  226.5059
523.0  231.8330
523.5  241.9385
524.0  254.3733
524.5  265.7647
525.0  273.0555
525.5  274.6446
526.0  270.9527
526.5  264.1762
527.0  257.3367
527.5  253.0641
528.0  252.6638
528.5  255.8254
529.0  260.9606
529.5  265.8774
530.0  268.4857
530.5  267.3782
531.0  262.2424
531.5  254.0406
532.0  244.8380
532.5  237.2056
533.0  233.3027
533.5  233.9701
534.0  238.2560
534.5  243.6597
535.0  247.0615
535.5  245.9777
536.0  239.6150
536.5  229.2604
537.0  217.8086
537.5  208.6144
538.0  204.1934
538.5  205.3752
539.0  211.2393
539.5  219.7129
540.0  228.4199
540.5  235.4086
541.0  239.6141
541.5  241.0760
542.0  240.9283
542.5  241.1048
543.0  243.7172
543.5  250.2163
544.0  260.6434
544.5  273.3481
545.0  285.4010
545.5  293.6101
546.0  295.7505
546.5  291.4851
547.0  282.5545
547.5  272.1114
548.0  263.4593
548.5  258.7631
549.0  258.3228
549.5  260.6823
550.0  263.3911
550.5  263.9717
551.0  260.7118
551.5  253.1281
552.0  242.1142
552.5  229.7872
553.0  219.0022
553.5  212.5445
554.0  212.1763
554.5  217.8836
555.0  227.6998
555.5  238.2836
556.0  246.0961
556.5  248.7416
557.0  245.9331
557.5  239.6542
558.0  233.3867
558.5  230.6775
559.0  233.6657
559.5  242.2453
560.0  254.1933
560.5  266.0735
561.0  274.4056
561.5  276.6411
562.0  271.7521
562.5  260.4301
563.0  244.9237
563.5  228.5022
564.0  214.5833
564.5  205.7192
565.0  202.7907
565.5  204.7739
566.0  209.2361
566.5  213.4052
567.0  215.3914
567.5  215.0557
568.0  214.1320
568.5  215.4976
569.0  221.8711
569.5  234.5252
570.0  252.6257
570.5  273.4631
571.0  293.3627
571.5  308.7916
572.0  317.2535
572.5  317.8061
573.0  311.2014
573.5  299.6672
574.0  286.3205
574.5  274.2722
575.0  265.6374
575.5  260.8104
576.0  258.3466
576.5  255.5728
577.0  249.7332
577.5  239.2327
578.0  224.4707
578.5  207.8871
579.0  193.1319
579.5  183.6621
580.0  181.3814
580.5  185.9539
581.0  195.0555
581.5  205.3326
582.0  213.5634
582.5  217.5895
583.0  216.8356
583.5  212.4054
584.0  206.7761
584.5  203.1095
585.0  204.2804
585.5  211.8797
586.0  225.5639
586.5  243.0629
587.0  260.9075
587.5  275.6313
588.0  284.9985
588.5  288.7918
589.0  288.8361
589.5  288.2023
590.0  289.8687
590.5  295.4027
591.0  304.2590
591.5  313.9894
592.0  321.1971
592.5  322.7689
593.0  316.9196
593.5  303.7809
594.0  285.4478
594.5  265.4935
595.0  248.0334
595.5  236.5357
596.0  232.7249
596.5  235.9780
597.0  243.4973
597.5  251.2512
598.0  255.3715
598.5  253.5047
599.0  245.6276
599.5  233.9991
600.0  222.2281
600.5  213.7999
601.0  210.6881
601.5  212.6561
602.0  217.4994
602.5  222.0053
603.0  223.1514
603.5  219.1097
604.0  209.8292
604.5  197.1282
605.0  184.2901
605.5  175.2133
606.0  173.2693
606.5  180.1803
607.0  195.3234
607.5  215.7893
608.0  237.2573
608.5  255.4056
609.0  267.3403
609.5  272.4989
610.0  272.6681
610.5  271.0901
611.0  271.0201
611.5  274.3631
612.0  280.9775
612.5  288.8762
613.0  295.1074
613.5  296.8643
614.0  292.4231
614.5  281.6989
615.0  266.3511
615.5  249.4320
616.0  234.6155
616.5  225.1402
617.0  222.7512
617.5  227.0309
618.0  235.4521
618.5  244.2318
619.0  249.7154
619.5  249.7619
620.0  244.5687
620.5  236.5749
621.0  229.4518
621.5  226.5977
622.0  229.7950
622.5  238.6020
623.0  250.6503
623.5  262.5838
624.0  271.1763
624.5  274.2463
625.0  271.1877
625.5  263.0725
626.0  252.3338
626.5  242.0677
627.0  235.0717
627.5  232.8684
628.0  235.0713
628.5  239.4119
629.0  242.5247
629.5  241.2534
630.0  233.9782
630.5  221.4016
631.0  206.4212
631.5  193.0865
632.0  185.0680
632.5  184.3247
633.0  190.5523
633.5  201.5613
634.0  214.2753
634.5  225.8467
635.0  234.4977
635.5  239.9201
636.0  243.2276
636.5  246.5176
637.0  252.1337
637.5  261.7836
638.0  275.7576
638.5  292.5484
639.0  309.1071
639.5  321.7481
640.0  327.4300
640.5  324.9237
641.0  315.3721
641.5  301.9479
642.0  288.6983
642.5  279.0451
643.0  274.6003
643.5  274.7846
644.0  277.3032
644.5  279.1425
645.0  277.6304
645.5  271.2372
646.0  259.9810
646.5  245.4121
647.0  230.1909
647.5  217.3250
648.0  209.2247
648.5  206.8548
649.0  209.3154
649.5  214.0898
650.0  217.9532
650.5  218.2370
651.0  213.9485
651.5  206.2587
652.0  198.0959
652.5  192.9612
653.0  193.4689
653.5  200.2809
654.0  211.9053
654.5  225.3621
655.0  237.3073
655.5  245.1104
656.0  247.5482
656.5  245.0183
657.0  239.3121
657.5  233.0439
658.0  228.8599
658.5  228.6016
659.0  232.6550
659.5  239.7348
660.0  247.2665
660.5  252.3231
661.0  252.8210
661.5  248.5044
662.0  241.2635
662.5  234.5568
663.0  232.0952
663.5  236.3339
664.0  247.4582
664.5  263.3107
665.0  280.2087
665.5  294.2004
666.0  302.2316
666.5  302.8892
667.0  296.6256
667.5  285.5053
668.0  272.5751
668.5  260.9925
669.0  253.1053
669.5  249.7309
670.0  249.8960
670.5  251.2002
671.0  250.7570
671.5  246.4067
672.0  237.7250
672.5  226.3626
673.0  215.4926
673.5  208.5372
674.0  207.7308
674.5  213.2004
675.0  222.9690
675.5  233.7905
676.0  242.3462
676.5  246.2893
677.0  244.8382
677.5  238.8590
678.0  230.5195
678.5  222.6431
679.0  217.9065
679.5  218.0509
680.0  223.3124
680.5  232.2832
681.0  242.3320
681.5  250.5226
682.0  254.7378
682.5  254.5718
683.0  251.5814
683.5  248.7124
684.0  249.0769
684.5  254.5923
685.0  265.1037
685.5  278.3726
686.0  290.8752
686.5  299.0027
687.0  300.1869
687.5  293.6224
688.0  280.4606
688.5  263.4815
689.0  246.3430
689.5  232.5772
690.0  224.5892
690.5  222.9593
691.0  226.3144
691.5  231.8714
692.0  236.5119
692.5  238.0070
693.0  235.9144
693.5  231.7421
694.0  228.2532
694.5  228.1705
695.0  232.8725
695.5  241.7085
696.0  252.2347
696.5  261.1796
697.0  265.6381
697.5  264.0164
698.0  256.4792
698.5  244.8717
699.0  232.2097
699.5  221.8773
700.0  216.7039
700.5  218.1348
701.0  225.7400
701.5  237.2724
702.0  249.3486
702.5  258.5998
703.0  262.9136
703.5  262.2736
704.0  258.7869
704.5  255.7823
705.0  256.3053
705.5  261.6879
706.0  270.8964
706.5  280.9412
707.0  288.0750
707.5  289.1685
708.0  282.7202
708.5  269.2477
709.0  251.0807
709.5  231.7054
710.0  214.8481
710.5  203.4878
711.0  199.0133
711.5  200.7596
712.0  206.1302
712.5  211.3776
713.0  212.8798
713.5  208.5183
714.0  198.6336
714.5  186.1015
715.0  175.3683
715.5  170.7471
716.0  174.6993
716.5  186.9031
717.0  204.5122
717.5  223.3786
718.0  239.5956
718.5  250.7285
719.0  256.3998
719.5  258.2044
720.0  259.0909
720.5  262.4014
721.0  270.7793
721.5  285.2014
722.0  304.4244
722.5  325.0942
723.0  342.5936
723.5  352.4356
724.0  351.7689
724.5  340.4568
725.0  321.2685
725.5  298.9934
726.0  278.7337
726.5  264.0629
727.0  255.8821
727.5  252.4649
728.0  250.5492
728.5  246.8542
729.0  239.3516
729.5  227.9056
730.0  214.2328
730.5  201.3267
731.0  192.5488
731.5  190.5965
732.0  196.5873
732.5  209.5276
733.0  226.4047
733.5  242.9746
734.0  255.0609
734.5  259.9474
735.0  257.3443
735.5  249.5084
736.0  240.3779
736.5  233.9962
737.0  232.8765
737.5  237.0479
738.0  244.1896
738.5  250.7025
739.0  253.1540
739.5  249.4948
740.0  239.6937
740.5  225.7174
741.0  210.9536
741.5  199.2468
742.0  193.7640
742.5  195.9798
743.0  205.1176
743.5  218.3173
744.0  231.5604
744.5  241.0818
745.0  244.7697
745.5  243.0213
746.0  238.6799
746.5  235.9903
747.0  238.9136
747.5  249.4872
748.0  266.9613
748.5  288.0791
749.0  308.2935
749.5  323.3105
750.0  330.3472
750.5  328.7627
751.0  320.0224
751.5  307.1180
752.0  293.6235
752.5  282.5975
753.0  275.6040
753.5  272.1708
754.0  269.9407
754.5  265.5584
755.0  256.0311
755.5  240.0823
756.0  218.9633
756.5  196.3383
757.0  177.1704
757.5  165.9597
758.0  165.0461
758.5  173.7384
759.0  188.6480
759.5  205.0052
760.0  218.3101
760.5  225.6610
761.0  226.3918
761.5  221.9828
762.0  215.4063
762.5  210.1304
763.0  209.0158
763.5  213.3638
764.0  222.4005
764.5  233.4295
765.0  242.6988
765.5  246.7530
766.0  243.8093
766.5  234.6261
767.0  222.4632
767.5  212.0449
768.0  207.8567
768.5  212.4632
769.0  225.5852
769.5  244.3155
770.0  264.2872
770.5  281.2037
771.0  292.1137
771.5  296.0740
772.0  294.1523
772.5  288.9122
773.0  283.5782
773.5  281.0694
774.0  283.1011
774.5  289.5954
775.0  298.6371
775.5  307.0876
776.0  311.7145
776.5  310.4373
777.0  303.1852
777.5  291.9700
778.0  280.0905
778.5  270.7746
779.0  265.8574
779.5  265.0948
780.0  266.3867
780.5  266.7261
781.0  263.3965
781.5  254.9274
782.0  241.5314
782.5  224.9864
783.0  208.0894
783.5  193.8664
784.0  184.7331
784.5  181.8005
785.0  184.5273
785.5  190.8777
786.0  198.0128
786.5  203.3309
787.0  205.4837
787.5  204.9366
788.0  203.7730
788.5  204.7551
789.0  210.0209
789.5  220.0191
790.0  233.1903
790.5  246.5185
791.0  256.6498
791.5  261.0651
792.0  258.8746
792.5  251.0309
793.0  239.9908
793.5  228.9922
794.0  221.1636
794.5  218.6822
795.0  222.1840
795.5  230.5961
796.0  241.4954
796.5  251.9487
797.0  259.6028
797.5  263.6306
798.0  265.1088
798.5  266.5707
799.0  270.8301
799.5  279.5695
800.0  292.3783
800.5  306.7272
801.0  318.8741
801.5  325.2354
802.0  323.6151
802.5  313.8627
803.0  297.8373
803.5  278.8018
804.0  260.4846
804.5  246.0710
805.0  237.3576
805.5  234.2665
806.0  234.8667
806.5  235.9588
807.0  234.1260
807.5  226.9732
808.0  214.1345
808.5  197.6143
809.0  181.2115
809.5  169.1503
810.0  164.4565
810.5  167.8207
811.0  177.4690
811.5  190.0343
812.0  201.9399
812.5  210.6642
813.0  215.4481
813.5  217.3303
814.0  218.6346
814.5  222.1464
815.0  230.2131
815.5  243.9759
816.0  262.8990
816.5  284.7345
817.0  305.9940
817.5  322.8716
818.0  332.3907
818.5  333.4006
819.0  327.0134
819.5  316.2086
820.0  304.6647
820.5  295.2712
821.0  289.0099
821.5  284.7415
822.0  279.9554
822.5  272.0518
823.0  259.5341
823.5  242.6509
824.0  223.3452
824.5  204.6480
825.0  189.7838
825.5  181.2691
826.0  180.2238
826.5  186.0490
827.0  196.5622
827.5  208.5990
828.0  218.9762
828.5  225.5556
829.0  228.0370
829.5  228.1126
830.0  228.8045
830.5  233.1608
831.0  242.8572
831.5  257.3674
832.0  274.1110
832.5  289.4679
833.0  300.1392
833.5  304.2536
834.0  301.8431
834.5  294.6331
835.0  285.3319
835.5  276.7046
836.0  270.7121
836.5  267.9248
837.0  267.3436
837.5  266.6880
838.0  263.1210
838.5  254.2614
839.0  239.2032
839.5  219.1666
840.0  197.4415
840.5  178.4880
841.0  166.4330
841.5  163.5634
842.0  169.5143
842.5  181.5389
843.0  195.6930
843.5  208.3470
844.0  217.3818
844.5  222.6797
845.0  225.8606
845.5  229.4626
846.0  235.8888
846.5  246.4501
847.0  260.7759
847.5  276.7541
848.0  291.0355
848.5  299.9892
849.0  300.8693
849.5  292.8502
850.0  277.5649
850.5  258.8569
851.0  241.6820
851.5  230.4557
852.0  227.4840
852.5  232.1822
853.0  241.4510
853.5  251.0058
854.0  257.0301
854.5  257.4762
855.0  252.5984
855.5  244.6592
856.0  237.0168
856.5  232.9382
857.0  234.5064
857.5  241.9255
858.0  253.4073
858.5  265.6756
859.0  274.9599
859.5  278.2134
860.0  274.1943
860.5  264.0351
861.0  251.0142
861.5  239.4817
862.0  233.2569
862.5  234.1487
863.0  241.2854
863.5  251.5714
864.0  261.0081
864.5  266.2305
865.0  265.6185
865.5  259.6456
866.0  250.4867
866.5  241.1431
867.0  234.4229
867.5  232.0790
868.0  234.3076
868.5  239.7101
869.0  245.7340
869.5  249.5067
870.0  248.8578
870.5  243.2095
871.0  233.9800
871.5  224.2411
872.0  217.6334
872.5  216.9011
873.0  222.6850
873.5  233.1657
874.0  244.7451
874.5  253.4224
875.0  256.2272
875.5  252.1468
876.0  242.3025
876.5  229.4522
877.0  217.0842
877.5  208.4063
878.0  205.4830
878.5  208.7044
879.0  216.7097
879.5  226.8228
880.0  235.9397
880.5  241.6466
881.0  243.2032
881.5  241.9889
882.0  241.1238
882.5  244.2733
883.0  254.0429
883.5  270.6726
884.0  291.6874
884.5  312.6990
885.0  328.9626
885.5  336.9621
886.0  335.4039
886.5  325.3689
887.0  309.7350
887.5  292.1771
888.0  276.0775
888.5  263.6160
889.0  255.2314
889.5  249.5833
890.0  244.0606
890.5  235.7483
891.0  222.6009
891.5  204.4393
892.0  183.3740
892.5  163.3812
893.0  149.0491
893.5  143.9022
894.0  149.0078
894.5  162.5332
895.0  180.4709
895.5  198.1604
896.0  211.8911
896.5  219.9620
897.0  222.9308
897.5  223.1475
898.0  223.8415
898.5  228.0554
899.0  237.6647
899.5  252.7012
900.0  271.1794
900.5  289.5587
901.0  303.7847
901.5  310.6193
902.0  308.8036
902.5  299.5908
903.0  286.3716
903.5  273.4477
904.0  264.4052
904.5  260.7924
905.0  261.7073
905.5  264.4440
906.0  265.8028
906.5  263.4068
907.0  256.5063
907.5  246.1074
908.0  234.5629
908.5  224.8661
909.0  219.8370
909.5  221.3247
910.0  229.5766
910.5  242.9937
911.0  258.4723
911.5  272.3318
912.0  281.5502
912.5  284.8287
913.0  283.0336
913.5  278.7778
914.0  275.2548
914.5  274.7904
915.0  277.7678
915.5  282.4469
916.0  285.7508
916.5  284.5977
917.0  277.1286
917.5  263.3413
918.0  245.0078
918.5  225.0691
919.0  206.8116
919.5  193.0557
920.0  185.4758
920.5  184.1405
921.0  187.4183
921.5  192.3992
922.0  195.8364
922.5  195.3508
923.0  190.4418
923.5  182.8419
924.0  175.9744
924.5  173.6524
925.0  178.5389
925.5  191.0643
926.0  209.3128
926.5  229.8847
927.0  249.2488
927.5  264.9207
928.0  276.0255
928.5  283.1971
929.0  288.0610
929.5  292.5988
930.0  298.5520
930.5  306.8878
931.0  317.3525
931.5  328.2668
932.0  336.7966
932.5  339.7883
933.0  334.9506
933.5  321.8987
934.0  302.5473
934.5  280.5865
935.0  260.1844
935.5  244.4570
936.0  234.4010
936.5  228.7781
937.0  224.9452
937.5  220.1574
938.0  212.7099
938.5  202.4877
939.0  190.8551
939.5  180.0988
940.0  172.7075
940.5  170.6762
941.0  174.9152
941.5  184.8382
942.0  198.2907
942.5  211.9940
943.0  222.5152
943.5  227.4805
944.0  226.5425
944.5  221.6369
945.0  216.3338
945.5  214.4863
946.0  218.7295
946.5  229.4927
947.0  244.9532
947.5  261.8847
948.0  276.9302
948.5  287.7132
949.0  293.3995
949.5  294.6570
950.0  293.1962
950.5  291.1320
951.0  290.3247
951.5  291.7817
952.0  295.2260
952.5  299.0123
953.0  300.5598
953.5  297.2840
954.0  287.7268
954.5  272.4032
955.0  253.9220
955.5  236.2141
956.0  223.1101
956.5  216.8738
957.0  217.3882
957.5  222.3855
958.0  228.5613
958.5  232.9730
959.0  234.0662
959.5  231.9787
960.0  228.1758
960.5  224.7329
961.0  223.6021
961.5  226.0463
962.0  232.2736
962.5  241.2730
963.0  250.9305
963.5  258.5342
964.0  261.6517
964.5  259.1298
965.0  251.7890
965.5  242.4063
966.0  234.8355
966.5  232.5170
967.0  237.0107
967.5  247.2679
968.0  260.0250
968.5  271.1166
969.0  277.0446
969.5  276.1054
970.0  268.7015
970.5  256.9029
971.0  243.5977
971.5  231.6070
972.0  222.9903
972.5  218.6056
973.0  217.9356
973.5  219.2358
974.0  220.0710
974.5  218.1947
975.0  212.5267
975.5  203.8408
976.0  194.7895
976.5  189.1054
977.0  190.1850
977.5  199.6302
978.0  216.4543
978.5  237.3796
979.0  258.0845
979.5  274.7704
980.0  285.3305
980.5  289.7129
981.0  289.5163
981.5  287.1605
982.0  285.0159
982.5  284.7284
983.0  286.8042
983.5  290.4584
984.0  293.7709
984.5  294.2097
985.0  289.4730
985.5  278.4234
986.0  261.7512
986.5  242.0224
987.0  222.9616
987.5  208.1526
988.0  199.6786
988.5  197.3514
989.0  198.9373
989.5  201.2688
990.0  201.6654
990.5  198.9897
991.0  193.9372
991.5  188.5884
992.0  185.5541
992.5  187.0975
993.0  194.4826
993.5  207.6277
994.0  225.0676
994.5  244.2478
995.0  262.1581
995.5  276.2081
996.0  285.0883
996.5  289.2716
997.0  290.8653
997.5  292.7510
998.0  297.2838
998.5  305.1169
999.0  314.7513
999.5  323.0823
1000.0  326.6927
