0.0  1.24540299
0.5  1.25733566
1.0  1.25789237
1.5  1.24648300
2.0  1.22532282
2.5  1.20014490
3.0  1.17738763
3.5  1.16471636
4.0  1.16776369
4.5  1.18597017
5.0  1.21259923
5.5  1.23659955
6.0  1.24984144
6.5  1.24837807
7.0  1.23668611
7.5  1.22205930
8.0  1.21364751
8.5  1.21533605
9.0  1.22724266
9.5  1.24558324
10.0  1.26551457
10.5  1.28052167
11.0  1.28592428
11.5  1.27923619
12.0  1.26014902
12.5  1.23058055
13.0  1.19645482
13.5  1.16533437
14.0  1.14548075
14.5  1.14179321
15.0  1.15515289
15.5  1.17843718
16.0  1.20225457
16.5  1.21753355
17.0  1.22310632
17.5  1.22170670
18.0  1.22055429
18.5  1.22684530
19.0  1.24340353
19.5  1.26924420
20.0  1.29993034
20.5  1.33131930
21.0  1.35723752
21.5  1.37344364
22.0  1.37692320
22.5  1.36782633
23.0  1.34753036
23.5  1.32044627
24.0  1.29345630
24.5  1.27397266
25.0  1.26576456
25.5  1.26831478
26.0  1.27488241
26.5  1.27678791
27.0  1.26629919
27.5  1.24405489
28.0  1.21510583
28.5  1.18920738
29.0  1.17316203
29.5  1.17037030
30.0  1.18005798
30.5  1.19831601
31.0  1.22078765
31.5  1.24130184
32.0  1.25666560
32.5  1.26297967
33.0  1.26026732
33.5  1.24924351
34.0  1.23492311
34.5  1.22216258
35.0  1.21663495
35.5  1.22250670
36.0  1.23729039
36.5  1.25341610
37.0  1.26170389
37.5  1.25463305
38.0  1.23154770
38.5  1.20074115
39.0  1.17199193
39.5  1.15186747
40.0  1.14414903
40.5  1.14783989
41.0  1.16035243
41.5  1.17625411
42.0  1.19192660
42.5  1.20245246
43.0  1.20655285
43.5  1.20242059
44.0  1.19319016
44.5  1.18239772
45.0  1.17644966
45.5  1.18116922
46.0  1.19963611
46.5  1.22876338
47.0  1.25916679
47.5  1.28082051
48.0  1.28509541
48.5  1.27135717
49.0  1.24631996
49.5  1.22015396
50.0  1.20072581
50.5  1.19113134
51.0  1.19118640
51.5  1.19898875
52.0  1.20968529
52.5  1.21970230
53.0  1.22526521
53.5  1.22459304
54.0  1.21811483
54.5  1.20771480
55.0  1.19688898
55.5  1.19236976
56.0  1.20042622
56.5  1.22490599
57.0  1.26252342
57.5  1.30439981
58.0  1.33816201
58.5  1.35533497
59.0  1.35482202
59.5  1.34274941
60.0  1.32796496
60.5  1.31800035
61.0  1.31689955
61.5  1.32412792
62.0  1.33692644
62.5  1.35155048
63.0  1.36404601
63.5  1.37080487
64.0  1.37010572
64.5  1.36152929
65.0  1.34621874
65.5  1.32871770
66.0  1.31563919
66.5  1.31378692
67.0  1.32603079
67.5  1.35016556
68.0  1.37685689
68.5  1.39660553
69.0  1.40213649
69.5  1.39418863
70.0  1.37850060
70.5  1.36451179
71.0  1.35949377
71.5  1.36675192
72.0  1.38483071
72.5  1.40941195
73.0  1.43473189
73.5  1.45592241
74.0  1.46717280
74.5  1.46525285
75.0  1.44677115
75.5  1.41350114
76.0  1.36891858
76.5  1.32178560
77.0  1.28164192
77.5  1.25450535
78.0  1.24042748
78.5  1.23381948
79.0  1.22674673
79.5  1.21302452
80.0  1.19148384
80.5  1.16912203
81.0  1.15472753
81.5  1.15236549
82.0  1.16502336
82.5  1.19062118
83.0  1.22510603
83.5  1.26286730
84.0  1.29809623
84.5  1.32514854
85.0  1.34146970
85.5  1.34676704
86.0  1.33828983
86.5  1.31995491
87.0  1.30340049
87.5  1.29634169
88.0  1.30229404
88.5  1.32192851
89.0  1.34907377
89.5  1.37516095
90.0  1.39201036
90.5  1.39846855
91.0  1.40051876
91.5  1.40455521
92.0  1.41512816
92.5  1.43360750
93.0  1.45772993
93.5  1.48345033
94.0  1.50642709
94.5  1.52437292
95.0  1.53338091
95.5  1.53149948
96.0  1.51851902
96.5  1.49623453
97.0  1.46943536
97.5  1.44539414
98.0  1.43234555
98.5  1.43501352
99.0  1.45122302
99.5  1.47141261
100.0  1.48586321
100.5  1.48822267
101.0  1.47645150
101.5  1.45664641
102.0  1.43467398
102.5  1.41626212
103.0  1.40408946
103.5  1.39881183
104.0  1.39724864
104.5  1.39707287
105.0  1.39866230
105.5  1.42547334
106.0  1.42024847
106.5  1.42363463
107.0  1.40980932
107.5  1.39181414
108.0  1.38021970
108.5  1.36928930
109.0  1.38534804
109.5  1.40192568
110.0  1.43155185
110.5  1.44850044
111.0  1.45465875
111.5  1.45079572
112.0  1.43334206
112.5  1.42404351
113.0  1.41002029
113.5  1.41319435
114.0  1.41843355
114.5  1.43045218
115.0  1.44709701
115.5  1.45125150
116.0  1.46783711
116.5  1.45456576
117.0  1.45906558
117.5  1.42594437
118.0  1.41842527
118.5  1.38643983
119.0  1.38792376
119.5  1.38512523
120.0  1.40627404
120.5  1.42444315
121.0  1.43716164
121.5  1.43752047
122.0  1.42219712
122.5  1.40119668
123.0  1.38105712
123.5  1.36153163
124.0  1.35842477
124.5  1.35054861
125.0  1.36290131
125.5  1.36307380
126.0  1.37572043
126.5  1.37594288
127.0  1.37136541
127.5  1.36174284
128.0  1.33337857
128.5  1.31893020
129.0  1.28496427
129.5  1.28990515
130.0  1.28479868
130.5  1.31922171
131.0  1.33877503
131.5  1.37032192
132.0  1.38035229
132.5  1.38258927
133.0  1.37516232
133.5  1.36528685
134.0  1.35927773
134.5  1.35834844
135.0  1.36082229
135.5  1.37430199
136.0  1.38209326
136.5  1.40234272
137.0  1.40253474
137.5  1.41347373
138.0  1.39532663
138.5  1.38602983
139.0  1.35365145
139.5  1.33587593
140.0  1.31949920
140.5  1.32320225
141.0  1.34315017
141.5  1.36155523
142.0  1.38832128
142.5  1.39025375
143.0  1.39881111
143.5  1.38114219
144.0  1.37804118
144.5  1.36507564
145.0  1.36865818
145.5  1.37075122
146.0  1.38012473
146.5  1.39254177
147.0  1.40433654
147.5  1.41386737
148.0  1.41638009
148.5  1.40633740
149.0  1.39419198
149.5  1.36418570
150.0  1.35261362
150.5  1.33186732
151.0  1.34919842
151.5  1.35827935
152.0  1.39101033
152.5  1.40474919
153.0  1.41578392
153.5  1.41541450
154.0  1.40101451
154.5  1.39737260
155.0  1.38383734
155.5  1.39294776
156.0  1.39478893
156.5  1.41521033
157.0  1.43225736
157.5  1.45533938
158.0  1.47391176
158.5  1.48502443
159.0  1.48450060
159.5  1.47277487
160.0  1.44687536
160.5  1.42856723
161.0  1.40441685
161.5  1.41205255
162.0  1.41032178
162.5  1.43749229
163.0  1.43488637
163.5  1.44248795
164.0  1.41989909
164.5  1.40310188
165.0  1.37832960
165.5  1.35833978
166.0  1.35112670
166.5  1.34410567
167.0  1.35806697
167.5  1.37925657
168.0  1.40357180
168.5  1.42603954
169.0  1.44016416
169.5  1.44098012
170.0  1.42807335
170.5  1.40570393
171.0  1.38192178
171.5  1.36640158
172.0  1.36563186
172.5  1.37943555
173.0  1.40057379
173.5  1.41896696
174.0  1.42932179
174.5  1.43194235
175.0  1.43019415
175.5  1.42772063
176.0  1.42740722
176.5  1.43310395
177.0  1.44488051
177.5  1.46098956
178.0  1.47898653
178.5  1.49680373
179.0  1.51186627
179.5  1.51915253
180.0  1.51437925
180.5  1.49696508
181.0  1.47420281
181.5  1.45430300
182.0  1.44582321
182.5  1.45468014
183.0  1.47958133
183.5  1.51103521
184.0  1.53764103
184.5  1.55249401
185.0  1.55295986
185.5  1.54199541
186.0  1.52521565
186.5  1.50702314
187.0  1.48901492
187.5  1.47423965
188.0  1.46426139
188.5  1.45906835
189.0  1.45673385
189.5  1.45429148
190.0  1.44676759
190.5  1.43059818
191.0  1.40570040
191.5  1.37693078
192.0  1.35256394
192.5  1.33993321
193.0  1.34347650
193.5  1.36153785
194.0  1.38444116
194.5  1.39827163
195.0  1.39862740
195.5  1.38752015
196.0  1.36608312
196.5  1.34140321
197.0  1.31909088
197.5  1.30311902
198.0  1.29453119
198.5  1.29564033
199.0  1.30639836
199.5  1.32328517
200.0  1.34253534
200.5  1.35919693
201.0  1.36779199
201.5  1.36580505
202.0  1.35904237
202.5  1.35634357
203.0  1.36592626
203.5  1.38843450
204.0  1.42256491
204.5  1.45906488
205.0  1.48819265
205.5  1.50223251
206.0  1.50245361
206.5  1.49453081
207.0  1.48570098
207.5  1.48057031
208.0  1.48111401
208.5  1.48900974
209.0  1.50381955
209.5  1.52181563
210.0  1.53733804
210.5  1.54578497
211.0  1.54027983
211.5  1.51374175
212.0  1.46702250
212.5  1.41031911
213.0  1.35639912
213.5  1.31361349
214.0  1.28796281
214.5  1.28205794
215.0  1.28801597
215.5  1.29327293
216.0  1.28994146
216.5  1.27818408
217.0  1.26233063
217.5  1.24758238
218.0  1.23654729
218.5  1.23304029
219.0  1.23639357
219.5  1.24538257
220.0  1.26050167
220.5  1.27851186
221.0  1.29294554
221.5  1.29622562
222.0  1.28373209
222.5  1.25892729
223.0  1.22901739
223.5  1.20245474
224.0  1.18808020
224.5  1.19447974
225.0  1.21873609
225.5  1.24810062
226.0  1.27350370
226.5  1.28949511
227.0  1.29368513
227.5  1.28866489
228.0  1.28130527
228.5  1.27561822
229.0  1.27184501
229.5  1.27328689
230.0  1.28337249
230.5  1.29745383
231.0  1.31291653
231.5  1.32620745
232.0  1.33231096
232.5  1.32757367
233.0  1.30943846
233.5  1.28570964
234.0  1.26999528
234.5  1.27129686
235.0  1.26978756
235.5  1.30033749
236.0  1.31591349
236.5  1.34139308
237.0  1.34923419
237.5  1.34260348
238.0  1.33466665
238.5  1.30991739
239.0  1.30893001
239.5  1.28907054
240.0  1.30256337
240.5  1.30057346
241.0  1.33047642
241.5  1.34713163
242.0  1.37672545
242.5  1.38747640
243.0  1.39055287
243.5  1.37898932
244.0  1.36198201
244.5  1.34933653
245.0  1.35002813
245.5  1.36179932
246.0  1.39298207
246.5  1.41290024
247.0  1.44019126
247.5  1.43199167
248.0  1.43456362
248.5  1.40175604
249.0  1.39009176
249.5  1.35744637
250.0  1.34777546
250.5  1.33639257
251.0  1.34011716
251.5  1.35283830
252.0  1.36054180
252.5  1.38241911
253.0  1.37890499
253.5  1.38033890
254.0  1.35243733
254.5  1.32236141
255.0  1.29844663
255.5  1.28994305
256.0  1.30018632
256.5  1.32256374
257.0  1.34584399
257.5  1.35814517
258.0  1.35784055
258.5  1.34580297
259.0  1.32210031
259.5  1.29343083
260.0  1.26625498
260.5  1.24680649
261.0  1.23664182
261.5  1.23587278
262.0  1.24437364
262.5  1.25906833
263.0  1.27338231
263.5  1.28065744
264.0  1.27660142
264.5  1.26082626
265.0  1.24192074
265.5  1.22938223
266.0  1.22891110
266.5  1.24423403
267.0  1.26987505
267.5  1.29336922
268.0  1.30653231
268.5  1.30787379
269.0  1.29807309
269.5  1.27969875
270.0  1.26088091
270.5  1.24703204
271.0  1.24273575
271.5  1.24691845
272.0  1.26588446
272.5  1.29671798
273.0  1.33538724
273.5  1.37363195
274.0  1.40344267
274.5  1.41977913
275.0  1.42197627
275.5  1.41719813
276.0  1.41560895
276.5  1.42389147
277.0  1.44248783
277.5  1.46675618
278.0  1.48966703
278.5  1.50269942
279.0  1.50157076
279.5  1.48911072
280.0  1.47058085
280.5  1.45178831
281.0  1.43695328
281.5  1.42816224
282.0  1.42797581
282.5  1.43676898
283.0  1.45095529
283.5  1.46208403
284.0  1.46478920
284.5  1.45414395
285.0  1.42712234
285.5  1.38570398
286.0  1.33989651
286.5  1.30513442
287.0  1.29011665
287.5  1.29613757
288.0  1.31713243
288.5  1.34444101
289.0  1.36921433
289.5  1.38563701
290.0  1.39191869
290.5  1.39072891
291.0  1.38778154
291.5  1.38655929
292.0  1.38902060
292.5  1.39705917
293.0  1.41299654
293.5  1.43590197
294.0  1.46061866
294.5  1.48041175
295.0  1.48789120
295.5  1.48444195
296.0  1.46896527
296.5  1.44909881
297.0  1.43785073
297.5  1.44371829
298.0  1.46483017
298.5  1.49629924
299.0  1.52782685
299.5  1.54926944
300.0  1.55461939
300.5  1.54714085
301.0  1.52973366
301.5  1.50655438
302.0  1.48341787
302.5  1.46671609
303.0  1.45783387
303.5  1.45600696
304.0  1.46282142
304.5  1.47590712
305.0  1.48586145
305.5  1.48483644
306.0  1.47140973
306.5  1.45198031
307.0  1.43102551
307.5  1.41738694
308.0  1.41905874
308.5  1.43525420
309.0  1.45828778
309.5  1.47906899
310.0  1.48703342
310.5  1.47779366
311.0  1.45698959
311.5  1.42906631
312.0  1.40033757
312.5  1.37659594
313.0  1.36409118
313.5  1.36476376
314.0  1.37845165
314.5  1.40113527
315.0  1.42523488
315.5  1.44389361
316.0  1.44823030
316.5  1.43304404
317.0  1.40404769
317.5  1.37245598
318.0  1.34846184
318.5  1.33861173
319.0  1.34924575
319.5  1.37355904
320.0  1.39971645
320.5  1.41919789
321.0  1.42957424
321.5  1.43220352
322.0  1.42831077
322.5  1.42154769
323.0  1.42082403
323.5  1.42981374
324.0  1.44663491
324.5  1.47127688
325.0  1.50166012
325.5  1.53179444
326.0  1.55236333
326.5  1.55448319
327.0  1.54044966
327.5  1.51507843
328.0  1.48710235
328.5  1.47051715
329.0  1.47575066
329.5  1.50023531
330.0  1.54266689
330.5  1.59017762
331.0  1.63033496
331.5  1.65922534
332.0  1.67740627
332.5  1.68215069
333.0  1.67758658
333.5  1.67131117
334.0  1.66802777
334.5  1.66748190
335.0  1.67277165
335.5  1.68464791
336.0  1.69446016
336.5  1.69601273
337.0  1.68603972
337.5  1.66156165
338.0  1.62724735
338.5  1.59357004
339.0  1.57173190
339.5  1.57028161
340.0  1.58503345
340.5  1.61015871
341.0  1.63432015
341.5  1.64654960
342.0  1.63872904
342.5  1.61213164
343.0  1.57307810
343.5  1.52756776
344.0  1.48227413
344.5  1.44718960
345.0  1.42959135
345.5  1.42941433
346.0  1.44643736
346.5  1.47595771
347.0  1.50685495
347.5  1.52956753
348.0  1.53974894
348.5  1.53943330
349.0  1.53447048
349.5  1.53525443
350.0  1.54827878
350.5  1.57288573
351.0  1.60240094
351.5  1.62931502
352.0  1.64179664
352.5  1.63737161
353.0  1.61973414
353.5  1.59404842
354.0  1.56578754
354.5  1.54290276
355.0  1.53280779
355.5  1.54388848
356.0  1.57463433
356.5  1.62177385
357.0  1.67884404
357.5  1.73344067
358.0  1.77580108
358.5  1.80119154
359.0  1.81134623
359.5  1.81307300
360.0  1.81473922
360.5  1.82628202
361.0  1.84621123
361.5  1.86661574
362.0  1.88129436
362.5  1.88547835
363.0  1.87466385
363.5  1.84996382
364.0  1.81652943
364.5  1.78142483
365.0  1.75181922
365.5  1.73157225
366.0  1.72509474
366.5  1.73044128
367.0  1.74301410
367.5  1.75294094
368.0  1.74975587
368.5  1.72596468
369.0  1.67873736
369.5  1.61576428
370.0  1.55054822
370.5  1.49650789
371.0  1.46632522
371.5  1.46231121
372.0  1.47600658
372.5  1.49936755
373.0  1.52714200
373.5  1.54865237
374.0  1.55927896
374.5  1.56560934
375.0  1.57071508
375.5  1.57421228
376.0  1.58355607
376.5  1.60264311
377.0  1.61924590
377.5  1.64787994
378.0  1.67980472
378.5  1.68853131
379.0  1.69446464
379.5  1.66206154
380.0  1.63774476
380.5  1.59699890
381.0  1.57085448
381.5  1.57169145
382.0  1.56882933
382.5  1.61317027
383.0  1.60797386
383.5  1.65746852
384.0  1.62809393
384.5  1.65168771
385.0  1.60718172
385.5  1.60941714
386.0  1.57932123
386.5  1.57984589
387.0  1.58717975
387.5  1.60076274
388.0  1.63622978
388.5  1.65607334
389.0  1.67996624
389.5  1.67404952
390.0  1.65123734
390.5  1.61905373
391.0  1.57641072
391.5  1.55902455
392.0  1.54163079
392.5  1.55212053
393.0  1.56856396
393.5  1.58059866
394.0  1.60434445
394.5  1.58544202
395.0  1.60185557
395.5  1.55513655
396.0  1.56853093
396.5  1.52003195
397.0  1.54376654
397.5  1.52675055
398.0  1.56627701
398.5  1.58082147
399.0  1.61393801
399.5  1.63026025
400.0  1.62711067
400.5  1.61328638
401.0  1.57628666
401.5  1.55265142
402.0  1.52979572
402.5  1.52801623
403.0  1.54106191
403.5  1.55188169
404.0  1.57853285
404.5  1.56740532
405.0  1.57693220
405.5  1.53404523
406.0  1.52917866
406.5  1.48084384
407.0  1.48000685
407.5  1.45806554
408.0  1.47835416
408.5  1.50255145
409.0  1.53242801
409.5  1.55662178
410.0  1.56550655
410.5  1.55506138
411.0  1.52541582
411.5  1.48685018
412.0  1.45664416
412.5  1.44379695
413.0  1.45309610
413.5  1.47989974
414.0  1.51601984
414.5  1.54841413
415.0  1.56486830
415.5  1.56138640
416.0  1.54073516
416.5  1.50362650
417.0  1.46050568
417.5  1.41709155
418.0  1.37705156
418.5  1.34843892
419.0  1.33465119
419.5  1.33270490
420.0  1.33300040
420.5  1.32916641
421.0  1.31775755
421.5  1.30056163
422.0  1.28236434
422.5  1.27667453
423.0  1.29265577
423.5  1.33198653
424.0  1.38639595
424.5  1.44867426
425.0  1.50853086
425.5  1.55277574
426.0  1.57654561
426.5  1.58151697
427.0  1.57406466
427.5  1.56136179
428.0  1.55081730
428.5  1.54912367
429.0  1.56138352
429.5  1.58747899
430.0  1.62177222
430.5  1.65446243
431.0  1.67559203
431.5  1.67781783
432.0  1.66345287
432.5  1.64279080
433.0  1.62669404
433.5  1.62409134
434.0  1.63645692
434.5  1.65776028
435.0  1.67863380
435.5  1.69011443
436.0  1.68596114
436.5  1.66372532
437.0  1.62603829
437.5  1.58227630
438.0  1.54239130
438.5  1.51226338
439.0  1.49559538
439.5  1.49837193
440.0  1.51795974
440.5  1.54416485
441.0  1.56381519
441.5  1.56916633
442.0  1.55499685
442.5  1.52116640
443.0  1.47754294
443.5  1.44039566
444.0  1.41897350
444.5  1.41725448
445.0  1.43176366
445.5  1.45472736
446.0  1.47612487
446.5  1.48825028
447.0  1.48914144
447.5  1.48024153
448.0  1.46671662
448.5  1.45292951
449.0  1.44722940
449.5  1.45446607
450.0  1.47613919
450.5  1.50799020
451.0  1.54136770
451.5  1.56897286
452.0  1.57853096
452.5  1.56608713
453.0  1.53793484
453.5  1.50507496
454.0  1.48389623
454.5  1.48503077
455.0  1.50716664
455.5  1.54638479
456.0  1.59315136
456.5  1.63717766
457.0  1.66779795
457.5  1.68117382
458.0  1.68151586
458.5  1.67416376
459.0  1.66540455
459.5  1.65950964
460.0  1.66327102
460.5  1.68227109
461.0  1.70990673
461.5  1.73898414
462.0  1.75833525
462.5  1.76149585
463.0  1.74720366
463.5  1.71754031
464.0  1.68614644
464.5  1.66945931
465.0  1.67308916
465.5  1.69600777
466.0  1.73281252
466.5  1.77369542
467.0  1.80210383
467.5  1.81191618
468.0  1.79998845
468.5  1.76868488
469.0  1.72654204
469.5  1.68294523
470.0  1.64938080
470.5  1.63197896
471.0  1.63410668
471.5  1.65502185
472.0  1.68741562
472.5  1.71263022
473.0  1.72517404
473.5  1.72166876
474.0  1.70018839
474.5  1.67263196
475.0  1.65014051
475.5  1.64450583
476.0  1.65637019
476.5  1.67735950
477.0  1.70017009
477.5  1.71705428
478.0  1.72192513
478.5  1.71350520
479.0  1.69644692
479.5  1.67882117
480.0  1.66696234
480.5  1.66631572
481.0  1.68263493
481.5  1.71768730
482.0  1.76338521
482.5  1.80816636
483.0  1.84169779
483.5  1.85420631
484.0  1.84351775
484.5  1.81473675
485.0  1.77894888
485.5  1.74903897
486.0  1.73748764
486.5  1.74532089
487.0  1.76701238
487.5  1.79089313
488.0  1.80792079
488.5  1.81325285
489.0  1.80794513
489.5  1.79275923
490.0  1.77133661
490.5  1.75278986
491.0  1.74604873
491.5  1.75150179
492.0  1.76560037
492.5  1.78684519
493.0  1.80871714
493.5  1.82002874
494.0  1.80969305
494.5  1.77925338
495.0  1.74083333
495.5  1.70549822
496.0  1.68382276
496.5  1.68413738
497.0  1.70786300
497.5  1.74468229
498.0  1.78338931
498.5  1.81389674
499.0  1.82796195
499.5  1.82133924
500.0  1.79693808
500.5  1.75915822
501.0  1.71941138
501.5  1.68596151
502.0  1.66431910
502.5  1.65628002
503.0  1.65891655
503.5  1.66706187
504.0  1.67291157
504.5  1.66715493
505.0  1.64984017
505.5  1.62844126
506.0  1.61234899
506.5  1.61117906
507.0  1.63329206
507.5  1.67565881
508.0  1.73067851
508.5  1.78294068
509.0  1.82640321
509.5  1.85594641
510.0  1.86634848
510.5  1.85987803
511.0  1.84618001
511.5  1.83262303
512.0  1.82691739
512.5  1.83637750
513.0  1.86193948
513.5  1.89820316
514.0  1.93608260
514.5  1.96861552
515.0  1.98761684
515.5  1.98920282
516.0  1.97705752
516.5  1.92769326
517.0  1.91619451
517.5  1.91612390
518.0  1.92100990
518.5  1.96702474
519.0  1.97274974
519.5  2.01471111
520.0  2.00154650
520.5  2.01373522
521.0  1.98163587
521.5  1.96663270
522.0  1.94130114
522.5  1.93080346
523.0  1.93267974
523.5  1.94612250
524.0  1.96377150
524.5  1.99641121
525.0  1.99795547
525.5  2.01419452
526.0  1.97396199
526.5  1.97328741
527.0  1.92122133
527.5  1.92552005
528.0  1.90853995
528.5  1.93480063
529.0  1.96006560
529.5  1.97751675
530.0  2.00953715
530.5  1.98804862
531.0  2.00330747
531.5  1.95201757
532.0  1.95189934
532.5  1.89434430
533.0  1.89828634
533.5  1.87211037
534.0  1.88691342
534.5  1.88445245
535.0  1.89549497
535.5  1.89745039
536.0  1.88487729
536.5  1.86363317
537.0  1.83577854
537.5  1.81381627
538.0  1.81257958
538.5  1.80993031
539.0  1.85823023
539.5  1.86644270
540.0  1.93197922
540.5  1.91868268
541.0  1.96532768
541.5  1.92284565
542.0  1.94025111
542.5  1.89763111
543.0  1.89701657
543.5  1.88442208
544.0  1.89016823
544.5  1.92218993
545.0  1.93445675
545.5  1.98025305
546.0  1.98233028
546.5  1.99997485
547.0  1.97685909
547.5  1.95899733
548.0  1.93490141
548.5  1.91893196
549.0  1.92149651
549.5  1.93523624
550.0  1.95357068
550.5  1.98042035
551.0  1.97390204
551.5  1.99458011
552.0  1.94877324
552.5  1.95658924
553.0  1.88844571
553.5  1.89906860
554.0  1.85105070
554.5  1.87656177
555.0  1.86613003
555.5  1.89566708
556.0  1.91607330
556.5  1.93030259
557.0  1.95145822
557.5  1.93211001
558.0  1.94195413
558.5  1.92042028
559.0  1.93891576
559.5  1.94597400
560.0  1.97912449
560.5  2.01193360
561.0  2.03350284
561.5  2.05875659
562.0  2.04558547
562.5  2.04324470
563.0  2.00965212
563.5  1.98977564
564.0  1.97239632
564.5  1.95252006
565.0  1.97634403
565.5  1.96087856
566.0  2.01891383
566.5  1.99732419
567.0  2.04800397
567.5  2.00654238
568.0  2.01819174
568.5  1.97317303
569.0  1.95823764
569.5  1.94429627
570.0  1.93773445
570.5  1.96365592
571.0  1.96752369
571.5  1.99647767
572.0  1.99150452
572.5  1.98792212
573.0  1.96441883
573.5  1.92837625
574.0  1.90254003
574.5  1.86342076
575.0  1.85433753
575.5  1.84419921
576.0  1.85150299
576.5  1.87266460
577.0  1.87215800
577.5  1.90924910
578.0  1.87660877
578.5  1.90628628
579.0  1.84940852
579.5  1.88298310
580.0  1.84447667
580.5  1.89306297
581.0  1.89712587
581.5  1.95016918
582.0  1.97285240
582.5  1.99543761
583.0  2.00742553
583.5  1.99667829
584.0  1.98760100
584.5  1.95914501
585.0  1.94602832
585.5  1.93838517
586.0  1.93091977
586.5  1.94502474
587.0  1.93734869
587.5  1.96152503
588.0  1.93326530
588.5  1.93743353
589.0  1.88672862
589.5  1.87257376
590.0  1.83152988
590.5  1.82232287
591.0  1.83265418
591.5  1.83905451
592.0  1.88850804
592.5  1.89007262
593.0  1.94452425
593.5  1.92086518
594.0  1.95123052
594.5  1.91666327
595.0  1.92838631
595.5  1.90636265
596.0  1.91857386
596.5  1.92883501
597.0  1.95075833
597.5  1.97727376
598.0  2.00214385
598.5  2.01185475
599.0  2.01862979
599.5  1.98943816
600.0  1.98510835
600.5  1.93616989
601.0  1.94337652
601.5  1.92165747
602.0  1.94848978
602.5  1.95685599
603.0  1.97511004
603.5  2.00093339
604.0  1.98034063
604.5  1.99971322
605.0  1.95563256
605.5  1.97483736
606.0  1.93017885
606.5  1.95668927
607.0  1.94211797
607.5  1.97184936
608.0  1.97926605
608.5  2.00151746
609.0  2.01079901
609.5  2.00381398
610.0  1.98972879
610.5  1.97378836
611.0  1.95135843
611.5  1.95323624
612.0  1.94389405
612.5  1.98400227
613.0  1.98305728
613.5  2.03134869
614.0  2.01850550
614.5  2.04586743
615.0  2.01493244
615.5  2.01354769
616.0  1.98836728
616.5  1.97250226
617.0  1.97517540
617.5  1.95960258
618.0  1.99014674
618.5  1.97443697
619.0  2.00665285
619.5  1.98335090
620.0  1.98868580
620.5  1.95139411
621.0  1.92622121
621.5  1.89278655
622.0  1.87683572
622.5  1.87370822
623.0  1.87963141
623.5  1.88903485
624.0  1.90864869
624.5  1.90062973
625.0  1.91198741
625.5  1.87232895
626.0  1.88062784
626.5  1.83616832
627.0  1.84900804
627.5  1.82315418
628.0  1.84901816
628.5  1.86210122
629.0  1.88768426
629.5  1.92188989
630.0  1.93022717
630.5  1.96475231
631.0  1.94625370
631.5  1.96362154
632.0  1.94417508
632.5  1.96514300
633.0  1.97069672
633.5  1.99768563
634.0  2.02112146
634.5  2.04019892
635.0  2.04692729
635.5  2.03737696
636.0  2.01721240
636.5  1.99636107
637.0  1.95415359
637.5  1.94347052
638.0  1.90612838
638.5  1.92345272
639.0  1.89146472
639.5  1.92443762
640.0  1.89927685
640.5  1.92615028
641.0  1.89890151
641.5  1.90559193
642.0  1.88792665
642.5  1.88575220
643.0  1.89370100
643.5  1.90913173
644.0  1.94422477
644.5  1.96517048
645.0  1.99885096
645.5  2.01091083
646.0  2.01512444
646.5  2.01038534
647.0  1.99275529
647.5  1.98884451
648.0  1.96640700
648.5  1.96661225
649.0  1.96575303
649.5  1.97393080
650.0  1.99312663
650.5  1.98471808
651.0  2.01449074
651.5  1.98334492
652.0  2.00252190
652.5  1.96297138
653.0  1.97677391
653.5  1.96255769
654.0  1.98301582
654.5  2.00269407
655.0  2.01842591
655.5  2.04626889
656.0  2.04122704
656.5  2.04954963
657.0  2.02740331
657.5  2.01886320
658.0  2.00072852
658.5  1.98772115
659.0  1.98791454
659.5  1.98560962
660.0  1.99744920
660.5  2.00311371
661.0  2.00156897
661.5  2.00709435
662.0  1.97911506
662.5  1.98318159
663.0  1.93288657
663.5  1.94866603
664.0  1.91076102
664.5  1.94885648
665.0  1.93132861
665.5  1.97216521
666.0  1.96243198
666.5  1.97911387
667.0  1.96394266
667.5  1.95185602
668.0  1.93233414
668.5  1.91168124
669.0  1.90578355
669.5  1.90416128
670.0  1.91206690
670.5  1.92803643
671.0  1.93075398
671.5  1.95456360
672.0  1.94201509
672.5  1.95741411
673.0  1.92236001
673.5  1.92420725
674.0  1.89615145
674.5  1.90023026
675.0  1.90451579
675.5  1.90993095
676.0  1.94389547
676.5  1.93380287
677.0  1.96439949
677.5  1.93110013
678.0  1.95055558
678.5  1.91263812
679.0  1.92240810
679.5  1.90396459
680.0  1.90025015
680.5  1.90591863
681.0  1.91948080
681.5  1.93730369
682.0  1.95205177
682.5  1.95428205
683.0  1.94563023
683.5  1.92654506
684.0  1.89897540
684.5  1.86773847
685.0  1.84557567
685.5  1.83488763
686.0  1.83043408
686.5  1.83177852
687.0  1.83604728
687.5  1.84338949
688.0  1.84660991
688.5  1.85026019
689.0  1.86034008
689.5  1.87755529
690.0  1.90129834
690.5  1.93061194
691.0  1.96824982
691.5  2.00962025
692.0  2.04161491
692.5  2.06123068
693.0  2.07144748
693.5  2.07211968
694.0  2.05948993
694.5  2.04263183
695.0  2.03191168
695.5  2.03111098
696.0  2.05042689
696.5  2.08101194
697.0  2.11798046
697.5  2.16088842
698.0  2.20383416
698.5  2.23953076
699.0  2.26836136
699.5  2.29278864
700.0  2.31116823
700.5  2.32318283
701.0  2.32988411
701.5  2.33019673
702.0  2.32233628
702.5  2.30646258
703.0  2.28174755
703.5  2.25109472
704.0  2.21570126
704.5  2.17728856
705.0  2.14184333
705.5  2.11682962
706.0  2.10005949
706.5  2.09187048
707.0  2.09304869
707.5  2.09318251
708.0  2.08059205
708.5  2.05400992
709.0  2.01761539
709.5  1.96819780
710.0  1.91056515
710.5  1.86188375
711.0  1.82302537
711.5  1.79425149
712.0  1.77951096
712.5  1.78609056
713.0  1.80745452
713.5  1.83653529
714.0  1.87396808
714.5  1.91869929
715.0  1.96114596
715.5  2.00022180
716.0  2.04012413
716.5  2.08339654
717.0  2.12524788
717.5  2.16325929
718.0  2.19568593
718.5  2.21365359
719.0  2.21449256
719.5  2.20054022
720.0  2.17525476
720.5  2.14567643
721.0  2.11768453
721.5  2.09750963
722.0  2.08900282
722.5  2.09372025
723.0  2.11042948
723.5  2.13966788
724.0  2.18085111
724.5  2.22907179
725.0  2.27197742
725.5  2.31008024
726.0  2.34576856
726.5  2.37863304
727.0  2.40761397
727.5  2.43562700
728.0  2.46181746
728.5  2.48285263
729.0  2.49211404
729.5  2.49574059
730.0  2.49336141
730.5  2.48715420
731.0  2.48098501
731.5  2.47776268
732.0  2.47872990
732.5  2.48594130
733.0  2.49334288
733.5  2.49675709
734.0  2.49520969
734.5  2.48641913
735.0  2.46687267
735.5  2.42947666
736.0  2.37759516
736.5  2.32068057
737.0  2.26328634
737.5  2.21163764
738.0  2.17329681
738.5  2.15173020
739.0  2.13949271
739.5  2.13308633
740.0  2.13236781
740.5  2.13965028
741.0  2.14919373
741.5  2.16073622
742.0  2.17709108
742.5  2.19668745
743.0  2.21669169
743.5  2.23259757
744.0  2.24280275
744.5  2.24669031
745.0  2.24569413
745.5  2.23656282
746.0  2.21735788
746.5  2.19054381
747.0  2.16167160
747.5  2.14000343
748.0  2.13308773
748.5  2.12247972
749.0  2.14513683
749.5  2.12158827
750.0  2.16153242
750.5  2.12010917
751.0  2.15444872
751.5  2.10530148
752.0  2.12591654
752.5  2.09034006
753.0  2.09800388
753.5  2.08595213
754.0  2.08627123
754.5  2.09131368
755.0  2.09089907
755.5  2.10893606
756.0  2.11193497
756.5  2.11629000
757.0  2.11764980
757.5  2.09589180
758.0  2.09215154
758.5  2.06481466
759.0  2.07403091
759.5  2.06146132
760.0  2.05921692
760.5  2.05692682
761.0  2.03741270
761.5  2.05210825
762.0  2.00673473
762.5  2.03265910
763.0  1.98891470
763.5  2.02695769
764.0  1.98875235
764.5  2.02989688
765.0  2.01758909
765.5  2.05379673
766.0  2.07060397
766.5  2.09993283
767.0  2.11746772
767.5  2.12589707
768.0  2.13707628
768.5  2.13651082
769.0  2.13849824
769.5  2.14891280
770.0  2.15058955
770.5  2.17135326
771.0  2.15228251
771.5  2.17375270
772.0  2.13627301
772.5  2.15160329
773.0  2.10661350
773.5  2.11864112
774.0  2.08209489
774.5  2.07891417
775.0  2.06309038
775.5  2.05563140
776.0  2.06892593
776.5  2.04974434
777.0  2.08118653
777.5  2.06135173
778.0  2.08287056
778.5  2.04956505
779.0  2.05883224
779.5  2.04457366
780.0  2.05338451
780.5  2.05650344
781.0  2.06777997
781.5  2.08023082
782.0  2.09450197
782.5  2.09810386
783.0  2.11484313
783.5  2.10760245
784.0  2.13525357
784.5  2.11205132
785.0  2.13825213
785.5  2.11997156
786.0  2.14102952
786.5  2.14262314
787.0  2.15694698
787.5  2.17621703
788.0  2.16837177
788.5  2.19350667
789.0  2.16116830
789.5  2.17812843
790.0  2.15049203
790.5  2.16709214
791.0  2.15160508
791.5  2.16253567
792.0  2.15854213
792.5  2.16145054
793.0  2.15725716
793.5  2.15046122
794.0  2.13999939
794.5  2.13749813
795.0  2.11572965
795.5  2.11726538
796.0  2.08680266
796.5  2.10463052
797.0  2.07658263
797.5  2.10619323
798.0  2.08472384
798.5  2.10925338
799.0  2.08608950
799.5  2.08830485
800.0  2.07488254
800.5  2.07034215
801.0  2.07978539
801.5  2.07888577
802.0  2.10426510
802.5  2.10035025
803.0  2.12385120
803.5  2.11881067
804.0  2.12546363
804.5  2.12116651
805.0  2.11463215
805.5  2.10455383
806.0  2.08353400
806.5  2.06875646
807.0  2.05454994
807.5  2.04229564
808.0  2.05310226
808.5  2.04121536
809.0  2.06229055
809.5  2.03473364
810.0  2.05620722
810.5  2.02157491
811.0  2.03421979
811.5  2.01980113
812.0  2.03468921
812.5  2.04054347
813.0  2.04503609
813.5  2.06978443
814.0  2.06672094
814.5  2.08854916
815.0  2.08720385
815.5  2.10945633
816.0  2.10485032
816.5  2.10573349
817.0  2.10785684
817.5  2.11159850
818.0  2.12063753
818.5  2.12455643
819.0  2.13684553
819.5  2.14390172
820.0  2.13288413
820.5  2.13104613
821.0  2.10298059
821.5  2.11425204
822.0  2.08288504
822.5  2.11168491
823.0  2.09074688
823.5  2.12344144
824.0  2.10286620
824.5  2.12524034
825.0  2.10978917
825.5  2.11650274
826.0  2.10115524
826.5  2.09061409
827.0  2.08036373
827.5  2.07300381
828.0  2.07196074
828.5  2.08058064
829.0  2.09161887
829.5  2.12384588
830.0  2.12570944
830.5  2.14598642
831.0  2.12872981
831.5  2.13985466
832.0  2.12701779
832.5  2.13132440
833.0  2.13979238
833.5  2.13831612
834.0  2.16598827
834.5  2.15166683
835.0  2.18757997
835.5  2.16512052
836.0  2.18581799
836.5  2.16200570
837.0  2.16256833
837.5  2.14316573
838.0  2.12795643
838.5  2.12291498
839.0  2.11537403
839.5  2.12897258
840.0  2.13914009
840.5  2.14198936
841.0  2.14560788
841.5  2.12659385
842.0  2.12533375
842.5  2.09760594
843.0  2.09822673
843.5  2.08938403
844.0  2.09216342
844.5  2.09526543
845.0  2.08585693
845.5  2.10827214
846.0  2.08253951
846.5  2.10300705
847.0  2.06379203
847.5  2.08868239
848.0  2.04441013
848.5  2.05953265
849.0  2.03575100
849.5  2.06615074
850.0  2.07240369
850.5  2.10004877
851.0  2.11148574
851.5  2.11919185
852.0  2.11135348
852.5  2.09782042
853.0  2.08543392
853.5  2.08252151
854.0  2.06850423
854.5  2.08505315
855.0  2.06887428
855.5  2.09613355
856.0  2.06728101
856.5  2.09698837
857.0  2.06681494
857.5  2.07452886
858.0  2.04171504
858.5  2.03121705
859.0  2.02210674
859.5  2.00102408
860.0  2.03373018
860.5  2.02905928
861.0  2.08335912
861.5  2.07966934
862.0  2.11535144
862.5  2.10313259
863.0  2.11344937
863.5  2.10199183
864.0  2.09833246
864.5  2.10093042
865.0  2.10770519
865.5  2.10627805
866.0  2.12222187
866.5  2.11379552
867.0  2.13823319
867.5  2.10500235
868.0  2.12730637
868.5  2.08217561
869.0  2.09426983
869.5  2.05655781
870.0  2.06786183
870.5  2.06985426
871.0  2.08338848
871.5  2.11803748
872.0  2.11358643
872.5  2.14646059
873.0  2.11464872
873.5  2.13484447
874.0  2.09935488
874.5  2.11894668
875.0  2.10079235
875.5  2.11751972
876.0  2.12196440
876.5  2.13500100
877.0  2.14699528
877.5  2.15089270
878.0  2.16241205
878.5  2.15721415
879.0  2.14198624
879.5  2.14187769
880.0  2.11418448
880.5  2.14113556
881.0  2.11355009
881.5  2.17595531
882.0  2.15227031
882.5  2.20574672
883.0  2.17162701
883.5  2.18527393
884.0  2.15935233
884.5  2.14418149
885.0  2.14427924
885.5  2.11950796
886.0  2.14784790
886.5  2.12722216
887.0  2.15076812
887.5  2.14179273
888.0  2.15641475
888.5  2.14283082
889.0  2.13015308
889.5  2.11548901
890.0  2.08881429
890.5  2.06311611
891.0  2.05877628
891.5  2.05408519
892.0  2.07625955
892.5  2.05637893
893.0  2.09574347
893.5  2.04998548
894.0  2.06936758
894.5  2.00453359
895.0  2.03419848
895.5  1.98634118
896.0  2.01290122
896.5  2.00390435
897.0  2.03867447
897.5  2.05287599
898.0  2.07097489
898.5  2.10802023
899.0  2.10736343
899.5  2.12789399
900.0  2.11442173
900.5  2.12561575
901.0  2.11292455
901.5  2.12217862
902.0  2.14017874
902.5  2.15049053
903.0  2.17876705
903.5  2.17023352
904.0  2.18211337
904.5  2.14319472
905.0  2.13366900
905.5  2.10069950
906.0  2.08523522
906.5  2.09057926
907.0  2.07121408
907.5  2.10529328
908.0  2.07488107
908.5  2.12412613
909.0  2.08341107
909.5  2.12142129
910.0  2.06827420
910.5  2.07652745
911.0  2.03816537
911.5  2.03013539
912.0  2.02339432
912.5  2.03116056
913.0  2.06316821
913.5  2.08598125
914.0  2.11111862
914.5  2.11839251
915.0  2.10703411
915.5  2.11104646
916.0  2.08642369
916.5  2.10261745
917.0  2.08525811
917.5  2.11432229
918.0  2.12587260
918.5  2.15134438
919.0  2.17939074
919.5  2.17003317
920.0  2.21075260
920.5  2.16532188
921.0  2.20001472
921.5  2.13194807
922.0  2.16138037
922.5  2.12123051
923.0  2.16315302
923.5  2.16056475
924.0  2.18944850
924.5  2.19732762
925.0  2.19629597
925.5  2.19084573
926.0  2.16976457
926.5  2.15636528
927.0  2.14517473
927.5  2.13286438
928.0  2.14586812
928.5  2.13198597
929.0  2.16240155
929.5  2.13409960
930.0  2.16406912
930.5  2.11874182
931.0  2.13111112
931.5  2.08413051
932.0  2.07680731
932.5  2.06238993
933.0  2.06303176
933.5  2.10480526
934.0  2.10329590
934.5  2.16187487
935.0  2.14332563
935.5  2.18526243
936.0  2.14138733
936.5  2.14535710
937.0  2.11307119
937.5  2.11600344
938.0  2.10364062
938.5  2.10697660
939.0  2.11685040
939.5  2.12329495
940.0  2.11935143
940.5  2.12445196
941.0  2.09867412
941.5  2.09194473
942.0  2.03186196
942.5  2.03502051
943.0  1.98612830
943.5  2.00866232
944.0  2.05000765
944.5  2.09444843
945.0  2.12686011
945.5  2.14259591
946.0  2.14057913
946.5  2.11892944
947.0  2.08552481
947.5  2.05112197
948.0  2.02447731
948.5  2.00838472
949.0  2.00300192
949.5  2.00731981
950.0  2.01714121
950.5  2.02643690
951.0  2.03083482
951.5  2.02585727
952.0  2.01055481
952.5  1.99057597
953.0  1.96911596
953.5  1.95138267
954.0  1.94158122
954.5  1.94494482
955.0  1.95028868
955.5  1.94617442
956.0  1.92302401
956.5  1.88259539
957.0  1.83052042
957.5  1.77248794
958.0  1.71949795
958.5  1.68314727
959.0  1.66717971
959.5  1.66840062
960.0  1.68305281
960.5  1.70897965
961.0  1.73367443
961.5  1.74916001
962.0  1.75830663
962.5  1.75626067
963.0  1.74459938
963.5  1.72887551
964.0  1.72304342
964.5  1.73088101
965.0  1.75352929
965.5  1.78446589
966.0  1.81341333
966.5  1.83391061
967.0  1.84225237
967.5  1.84116028
968.0  1.83949790
968.5  1.84483583
969.0  1.86008232
969.5  1.88672328
970.0  1.92124779
970.5  1.95794394
971.0  1.98894353
971.5  2.00666679
972.0  2.00953012
972.5  1.99300353
973.0  1.95922714
973.5  1.91725138
974.0  1.87695421
974.5  1.85399758
975.0  1.85042561
975.5  1.86313879
976.0  1.88606489
976.5  1.90670010
977.0  1.91319534
977.5  1.90238536
978.0  1.87703969
978.5  1.83949476
979.0  1.80374612
979.5  1.77862285
980.0  1.76467565
980.5  1.75716689
981.0  1.75250755
981.5  1.74877931
982.0  1.74228380
982.5  1.72341964
983.0  1.68889088
983.5  1.68763466
984.0  1.64940575
984.5  1.64309291
985.0  1.62708777
985.5  1.64287567
986.0  1.67571901
986.5  1.71294350
987.0  1.74525779
987.5  1.75537796
988.0  1.75033108
988.5  1.73484321
989.0  1.69656161
989.5  1.67567584
990.0  1.64522533
990.5  1.65580843
991.0  1.65436700
991.5  1.68149927
992.0  1.70050750
992.5  1.71778836
993.0  1.73088259
993.5  1.70663306
994.0  1.70306450
994.5  1.65664251
995.0  1.65653558
995.5  1.62304896
996.0  1.64870629
996.5  1.66306869
997.0  1.70878004
997.5  1.73204529
998.0  1.74411369
998.5  1.73951013
999.0  1.71820464
999.5  1.69129275
1000.0  1.66920126
