0.0  0.383593  1.271813  1.655406
0.5  0.387429  1.267680  1.655109
1.0  0.391610  1.263051  1.654661
1.5  0.390077  1.264651  1.654729
2.0  0.380125  1.274576  1.654701
2.5  0.362986  1.292176  1.655161
3.0  0.343081  1.312422  1.655502
3.5  0.326536  1.329379  1.655915
4.0  0.319399  1.336760  1.656159
4.5  0.325881  1.330561  1.656442
5.0  0.346954  1.309284  1.656238
5.5  0.379702  1.275996  1.655698
6.0  0.417697  1.237620  1.655317
6.5  0.452451  1.202288  1.654739
7.0  0.475690  1.178696  1.654386
7.5  0.481928  1.172562  1.654490
8.0  0.470543  1.184116  1.654658
8.5  0.446405  1.208749  1.655154
9.0  0.418362  1.237495  1.655857
9.5  0.395738  1.260737  1.656475
10.0  0.384352  1.271884  1.656236
10.5  0.384181  1.271850  1.656031
11.0  0.389929  1.265745  1.655674
11.5  0.393990  1.261344  1.655333
12.0  0.389977  1.265304  1.655281
12.5  0.375195  1.280112  1.655307
13.0  0.351413  1.304385  1.655798
13.5  0.324179  1.332090  1.656269
14.0  0.301159  1.355652  1.656811
14.5  0.289965  1.367071  1.657036
15.0  0.295920  1.361180  1.657100
15.5  0.320326  1.336626  1.656952
16.0  0.359756  1.296716  1.656472
16.5  0.406681  1.249109  1.655790
17.0  0.451352  1.203789  1.655141
17.5  0.484486  1.170223  1.654709
18.0  0.500068  1.154496  1.654565
18.5  0.497429  1.157379  1.654809
19.0  0.481686  1.174012  1.655699
19.5  0.461981  1.194318  1.656298
20.0  0.447840  1.208737  1.656578
20.5  0.445187  1.211523  1.656710
21.0  0.454022  1.202708  1.656730
21.5  0.468934  1.187188  1.656122
22.0  0.481853  1.173858  1.655711
22.5  0.485413  1.170108  1.655521
23.0  0.475424  1.180160  1.655583
23.5  0.451930  1.204127  1.656058
24.0  0.418977  1.237074  1.656051
24.5  0.383391  1.273484  1.656876
25.0  0.352852  1.304368  1.657221
25.5  0.333609  1.323685  1.657294
26.0  0.328436  1.328500  1.656936
26.5  0.335547  1.320976  1.656523
27.0  0.348944  1.307158  1.656103
27.5  0.360247  1.295187  1.655433
28.0  0.361502  1.294132  1.655634
28.5  0.348160  1.307657  1.655818
29.0  0.321200  1.335023  1.656223
29.5  0.287429  1.369253  1.656682
30.0  0.257417  1.399986  1.657403
30.5  0.241547  1.416652  1.658200
31.0  0.245885  1.412121  1.658006
31.5  0.269963  1.387736  1.657699
32.0  0.307516  1.349253  1.656769
32.5  0.349422  1.307078  1.656499
33.0  0.387080  1.268822  1.655902
33.5  0.414811  1.241099  1.655909
34.0  0.430837  1.225353  1.656190
34.5  0.437082  1.219557  1.656639
35.0  0.438100  1.218670  1.656770
35.5  0.439386  1.217461  1.656847
36.0  0.445355  1.211680  1.657035
36.5  0.457540  1.199772  1.657312
37.0  0.473643  1.183311  1.656955
37.5  0.487944  1.168745  1.656689
38.0  0.493063  1.163305  1.656368
38.5  0.482617  1.173693  1.656310
39.0  0.453923  1.202539  1.656462
39.5  0.409739  1.247507  1.657246
40.0  0.358137  1.299746  1.657883
40.5  0.310120  1.348445  1.658566
41.0  0.275707  1.383160  1.658866
41.5  0.260232  1.398606  1.658839
42.0  0.262782  1.395658  1.658440
42.5  0.277397  1.380493  1.657890
43.0  0.296082  1.361547  1.657628
43.5  0.311900  1.344915  1.656815
44.0  0.320987  1.335924  1.656911
44.5  0.323223  1.333402  1.656625
45.0  0.321841  1.335337  1.657177
45.5  0.322249  1.335041  1.657290
46.0  0.330269  1.327876  1.658145
46.5  0.350074  1.307786  1.657860
47.0  0.382383  1.275288  1.657672
47.5  0.423595  1.233921  1.657515
48.0  0.466332  1.190914  1.657246
48.5  0.501422  1.155626  1.657048
49.0  0.520782  1.136649  1.657431
49.5  0.520318  1.137469  1.657787
50.0  0.501772  1.156466  1.658238
50.5  0.472558  1.186414  1.658972
51.0  0.443220  1.216379  1.659599
51.5  0.423331  1.236428  1.659759
52.0  0.417720  1.241821  1.659541
52.5  0.424992  1.233905  1.658898
53.0  0.438925  1.220726  1.659651
53.5  0.451610  1.209251  1.660861
54.0  0.456547  1.206292  1.662839
54.5  0.450524  1.215505  1.666029
55.0  0.434099  1.237301  1.671400
55.5  0.411057  1.267118  1.678175
56.0  0.387175  1.297916  1.685091
56.5  0.368531  1.323448  1.691979
57.0  0.359636  1.339594  1.699230
57.5  0.361903  1.344426  1.706329
58.0  0.372993  1.338878  1.711871
58.5  0.387413  1.328696  1.716109
59.0  0.398295  1.320851  1.719145
59.5  0.399875  1.321224  1.721100
60.0  0.389889  1.331335  1.721224
60.5  0.370948  1.349664  1.720612
61.0  0.350117  1.369805  1.719923
61.5  0.336420  1.382066  1.718486
62.0  0.337095  1.379877  1.716972
62.5  0.354380  1.362022  1.716403
63.0  0.384517  1.332070  1.716587
63.5  0.419421  1.299205  1.718627
64.0  0.449896  1.272630  1.722527
64.5  0.468708  1.258884  1.727591
65.0  0.472430  1.261732  1.734162
65.5  0.461866  1.279320  1.741186
66.0  0.441348  1.306489  1.747837
66.5  0.417303  1.335299  1.752601
67.0  0.396375  1.358198  1.754573
67.5  0.383515  1.369475  1.752990
68.0  0.380501  1.367643  1.748144
68.5  0.385392  1.354584  1.739976
69.0  0.393154  1.335951  1.729105
69.5  0.397369  1.319941  1.717309
70.0  0.392606  1.312637  1.705243
70.5  0.376746  1.317798  1.694544
71.0  0.352370  1.333439  1.685809
71.5  0.326376  1.352967  1.679343
72.0  0.307503  1.368159  1.675663
72.5  0.302609  1.371652  1.674260
73.0  0.313543  1.360976  1.674519
73.5  0.336390  1.339552  1.675942
74.0  0.363390  1.314317  1.677708
74.5  0.386281  1.293314  1.679595
75.0  0.399255  1.282004  1.681258
75.5  0.400492  1.281498  1.681990
76.0  0.392189  1.289177  1.681366
76.5  0.379500  1.300508  1.680007
77.0  0.368858  1.308542  1.677400
77.5  0.366058  1.308116  1.674175
78.0  0.374511  1.296907  1.671418
78.5  0.394114  1.275492  1.669606
79.0  0.421107  1.248762  1.669869
79.5  0.449023  1.224365  1.673388
80.0  0.470548  1.209552  1.680100
80.5  0.479836  1.210684  1.690520
81.0  0.474624  1.230007  1.704631
81.5  0.457334  1.264814  1.722149
82.0  0.434437  1.307129  1.741566
82.5  0.413892  1.346871  1.760762
83.0  0.401610  1.376469  1.778079
83.5  0.398748  1.395138  1.793887
84.0  0.401388  1.405848  1.807236
84.5  0.402687  1.413082  1.815769
85.0  0.396120  1.424361  1.820482
85.5  0.378128  1.445450  1.823578
86.0  0.349263  1.474616  1.823879
86.5  0.313871  1.508077  1.821948
87.0  0.278740  1.540840  1.819580
87.5  0.251224  1.565430  1.816654
88.0  0.237254  1.577774  1.815028
88.5  0.239715  1.575237  1.814952
89.0  0.257611  1.559653  1.817264
89.5  0.286312  1.536679  1.822991
90.0  0.318845  1.512827  1.831672
90.5  0.347935  1.495503  1.843438
91.0  0.368262  1.491187  1.859449
91.5  0.378299  1.498643  1.876943
92.0  0.381005  1.514069  1.895074
92.5  0.382758  1.528998  1.911756
93.0  0.390563  1.533860  1.924423
93.5  0.408605  1.522356  1.930960
94.0  0.435952  1.494112  1.930064
94.5  0.466762  1.455314  1.922076
95.0  0.492795  1.413639  1.906434
95.5  0.506742  1.378461  1.885203
96.0  0.504767  1.355743  1.860510
96.5  0.487509  1.347215  1.834724
97.0  0.459645  1.350276  1.809921
97.5  0.428440  1.359732  1.788172
98.0  0.401730  1.368552  1.770283
98.5  0.385780  1.371071  1.756851
99.0  0.383554  1.364218  1.747772
99.5  0.393888  1.348799  1.742688
100.0  0.411870  1.328455  1.740325
100.5  0.430328  1.309168  1.739496
101.0  0.442051  1.298081  1.740132
101.5  0.442132  1.298987  1.741119
102.0  0.429797  1.310508  1.740305
102.5  0.408999  1.329392  1.738391
103.0  0.387237  1.347422  1.734659
103.5  0.372620  1.355770  1.728391
104.0  0.370308  1.349348  1.719655
104.5  0.380128  1.328987  1.709115
105.0  0.396777  1.300776  1.697553
105.5  0.412400  1.273466  1.685866
106.0  0.420005  1.255932  1.675937
106.5  0.416036  1.252906  1.668942
107.0  0.401325  1.263910  1.665235
107.5  0.380526  1.285077  1.665603
108.0  0.360521  1.308352  1.668873
108.5  0.348338  1.327272  1.675610
109.0  0.349051  1.337006  1.686057
109.5  0.364200  1.333563  1.697763
110.0  0.391186  1.317919  1.709105
110.5  0.423845  1.297147  1.720992
111.0  0.454105  1.277390  1.731495
111.5  0.474280  1.266603  1.740882
112.0  0.479414  1.268551  1.747965
112.5  0.469008  1.283992  1.753000
113.0  0.447407  1.309057  1.756464
113.5  0.422369  1.335303  1.757671
114.0  0.402009  1.356537  1.758546
114.5  0.391362  1.366846  1.758208
115.0  0.390358  1.368700  1.759058
115.5  0.394365  1.367342  1.761707
116.0  0.396826  1.370131  1.766957
116.5  0.392376  1.384461  1.776837
117.0  0.378946  1.411898  1.790844
117.5  0.358271  1.450876  1.809147
118.0  0.335073  1.494446  1.829519
118.5  0.315453  1.537080  1.852533
119.0  0.304999  1.569207  1.874206
119.5  0.307068  1.584709  1.891777
120.0  0.321674  1.581781  1.903455
120.5  0.345315  1.562731  1.908046
121.0  0.371804  1.533788  1.905591
121.5  0.393921  1.501546  1.895467
122.0  0.405457  1.474852  1.880309
122.5  0.403178  1.457466  1.860644
123.0  0.388143  1.451981  1.840124
123.5  0.365801  1.454442  1.820243
124.0  0.344409  1.458656  1.803065
124.5  0.331942  1.457582  1.789524
125.0  0.332697  1.446787  1.779484
125.5  0.345401  1.427029  1.772431
126.0  0.363991  1.404593  1.768584
126.5  0.380597  1.386559  1.767156
127.0  0.389014  1.378329  1.767343
127.5  0.386997  1.381355  1.768353
128.0  0.376711  1.392071  1.768782
128.5  0.363621  1.405326  1.768947
129.0  0.354481  1.411954  1.766436
129.5  0.355081  1.406268  1.761349
130.0  0.368361  1.385636  1.753997
130.5  0.393376  1.352036  1.745412
131.0  0.425391  1.308771  1.734162
131.5  0.457075  1.263949  1.721024
132.0  0.480474  1.227244  1.707718
132.5  0.489272  1.205100  1.694371
133.0  0.480826  1.202861  1.683687
133.5  0.457406  1.218383  1.675789
134.0  0.426002  1.243087  1.669088
134.5  0.396294  1.269630  1.665924
135.0  0.377099  1.288392  1.665490
135.5  0.372736  1.294133  1.666869
136.0  0.381260  1.287932  1.669192
136.5  0.395622  1.277418  1.673040
137.0  0.407079  1.271184  1.678263
137.5  0.408937  1.274434  1.683371
138.0  0.398949  1.289247  1.688197
138.5  0.379739  1.312273  1.692012
139.0  0.357542  1.337210  1.694752
139.5  0.339949  1.356537  1.696486
140.0  0.333392  1.363478  1.696870
140.5  0.341054  1.355130  1.696184
141.0  0.361774  1.333623  1.695396
141.5  0.390234  1.305288  1.695522
142.0  0.418355  1.278553  1.696907
142.5  0.437514  1.263091  1.700605
143.0  0.441057  1.267535  1.708592
143.5  0.426522  1.291578  1.718100
144.0  0.396932  1.333673  1.730605
144.5  0.360452  1.384302  1.744754
145.0  0.327986  1.431251  1.759237
145.5  0.309220  1.462899  1.772118
146.0  0.308772  1.472490  1.781262
146.5  0.324524  1.462349  1.786873
147.0  0.349031  1.439354  1.788385
147.5  0.373096  1.412657  1.785753
148.0  0.389521  1.391788  1.781310
148.5  0.395418  1.379390  1.774808
149.0  0.392602  1.373912  1.766514
149.5  0.386413  1.371460  1.757873
150.0  0.383619  1.366952  1.750572
150.5  0.390055  1.353833  1.743888
151.0  0.408629  1.329665  1.738294
151.5  0.438235  1.296538  1.734772
152.0  0.473855  1.258039  1.731894
152.5  0.507808  1.223305  1.731113
153.0  0.531800  1.199188  1.730988
153.5  0.539290  1.192391  1.731682
154.0  0.527666  1.205317  1.732983
154.5  0.499573  1.233542  1.733116
155.0  0.462674  1.269900  1.732575
155.5  0.427367  1.304382  1.731749
156.0  0.402923  1.325428  1.728351
156.5  0.393703  1.328926  1.722629
157.0  0.397502  1.318296  1.715798
157.5  0.406923  1.301168  1.708091
158.0  0.412906  1.286537  1.699444
158.5  0.408456  1.282311  1.690767
159.0  0.390991  1.292838  1.683829
159.5  0.362817  1.315404  1.678221
160.0  0.329998  1.343757  1.673756
160.5  0.300284  1.370184  1.670468
161.0  0.280726  1.388551  1.669277
161.5  0.275657  1.393226  1.668883
162.0  0.285559  1.383393  1.668951
162.5  0.307058  1.362236  1.669294
163.0  0.333991  1.336299  1.670289
163.5  0.359191  1.312789  1.671980
164.0  0.376624  1.295564  1.672188
164.5  0.383427  1.288887  1.672314
165.0  0.381260  1.291455  1.672716
165.5  0.376187  1.296156  1.672343
166.0  0.376513  1.295153  1.671666
166.5  0.389032  1.282102  1.671134
167.0  0.415414  1.254925  1.670339
167.5  0.450872  1.219022  1.669894
168.0  0.485969  1.185053  1.671022
168.5  0.510462  1.163225  1.673687
169.0  0.517078  1.160763  1.677842
169.5  0.503673  1.179707  1.683380
170.0  0.473366  1.215763  1.689129
170.5  0.433130  1.261855  1.694986
171.0  0.391527  1.309271  1.700798
171.5  0.356277  1.349199  1.705476
172.0  0.332284  1.375968  1.708252
172.5  0.320594  1.388723  1.709317
173.0  0.318496  1.390165  1.708661
173.5  0.320655  1.386456  1.707111
174.0  0.320926  1.383342  1.704269
174.5  0.314461  1.387267  1.701728
175.0  0.299661  1.400394  1.700055
175.5  0.279399  1.418297  1.697695
176.0  0.260720  1.435400  1.696121
176.5  0.252555  1.443218  1.695773
177.0  0.261930  1.433710  1.695640
177.5  0.290470  1.405568  1.696038
178.0  0.333216  1.363251  1.696467
178.5  0.380511  1.315218  1.695729
179.0  0.421814  1.273633  1.695447
179.5  0.449396  1.247282  1.696678
180.0  0.460439  1.235567  1.696006
180.5  0.457195  1.236578  1.693773
181.0  0.445645  1.246997  1.692642
181.5  0.433322  1.257063  1.690385
182.0  0.426936  1.267521  1.694457
182.5  0.430401  1.259182  1.689583
183.0  0.443754  1.250255  1.694009
183.5  0.463222  1.225715  1.688937
184.0  0.482375  1.210300  1.692675
184.5  0.494047  1.194463  1.688510
185.0  0.492598  1.198530  1.691129
185.5  0.476025  1.212601  1.688625
186.0  0.447228  1.242868  1.690096
186.5  0.413652  1.276844  1.690496
187.0  0.384824  1.305999  1.690823
187.5  0.368460  1.322760  1.691220
188.0  0.367014  1.323729  1.690743
188.5  0.376681  1.313150  1.689831
189.0  0.389419  1.300144  1.689563
189.5  0.396688  1.291754  1.688443
190.0  0.392870  1.297183  1.690053
190.5  0.377028  1.310688  1.687716
191.0  0.352819  1.337710  1.690530
191.5  0.327057  1.361723  1.688780
192.0  0.307569  1.384632  1.692201
192.5  0.300929  1.389684  1.690614
193.0  0.310605  1.380806  1.691412
193.5  0.335963  1.354502  1.690464
194.0  0.372372  1.317460  1.689831
194.5  0.412370  1.278652  1.691022
195.0  0.447582  1.241361  1.688944
195.5  0.470999  1.218719  1.689718
196.0  0.479129  1.208562  1.687691
196.5  0.473344  1.217601  1.690945
197.0  0.459595  1.230135  1.689730
197.5  0.446077  1.245063  1.691140
198.0  0.439492  1.251191  1.690683
198.5  0.441781  1.249517  1.691298
199.0  0.449259  1.240783  1.690042
199.5  0.454640  1.234912  1.689551
200.0  0.450618  1.239156  1.689774
200.5  0.433034  1.257037  1.690071
201.0  0.402357  1.286617  1.688974
201.5  0.363372  1.328902  1.692274
202.0  0.323623  1.366648  1.690271
202.5  0.291282  1.401759  1.693041
203.0  0.272999  1.416829  1.689828
203.5  0.272225  1.421082  1.693307
204.0  0.288385  1.401816  1.690201
204.5  0.317083  1.374549  1.691632
205.0  0.351272  1.338645  1.689917
205.5  0.383103  1.306455  1.689558
206.0  0.406081  1.284368  1.690449
206.5  0.417058  1.271810  1.688868
207.0  0.417393  1.274356  1.691749
207.5  0.412537  1.277301  1.689838
208.0  0.409672  1.283514  1.693186
208.5  0.414218  1.276722  1.690940
209.0  0.427011  1.265702  1.692713
209.5  0.443874  1.248166  1.692040
210.0  0.457784  1.233926  1.691710
210.5  0.462233  1.228986  1.691219
211.0  0.453936  1.236852  1.690788
211.5  0.433879  1.258788  1.692667
212.0  0.406729  1.285735  1.692464
212.5  0.379199  1.313339  1.692538
213.0  0.358016  1.335352  1.693367
213.5  0.348024  1.344341  1.692364
214.0  0.350874  1.344304  1.695178
214.5  0.364611  1.325687  1.690298
215.0  0.384240  1.310094  1.694334
215.5  0.403107  1.286644  1.689751
216.0  0.414728  1.279572  1.694300
216.5  0.414704  1.274594  1.689297
217.0  0.402283  1.290621  1.692904
217.5  0.381052  1.308088  1.689141
218.0  0.358084  1.335007  1.693091
218.5  0.341360  1.350554  1.691914
219.0  0.336304  1.355783  1.692086
219.5  0.343210  1.348977  1.692188
220.0  0.357174  1.333547  1.690721
220.5  0.370558  1.321364  1.691922
221.0  0.376522  1.313768  1.690290
221.5  0.371778  1.319777  1.691555
222.0  0.357576  1.334031  1.691607
222.5  0.338974  1.352718  1.691692
223.0  0.323012  1.369739  1.692751
223.5  0.316463  1.375677  1.692140
224.0  0.323770  1.369858  1.693628
224.5  0.345650  1.346406  1.692056
225.0  0.378738  1.313884  1.692623
225.5  0.416358  1.276312  1.692670
226.0  0.450201  1.240183  1.690384
226.5  0.472505  1.220466  1.692972
227.0  0.478257  1.210378  1.688635
227.5  0.466898  1.227735  1.694634
228.0  0.442910  1.245720  1.688630
228.5  0.414644  1.281721  1.696365
229.0  0.391334  1.299086  1.690420
229.5  0.379332  1.316598  1.695930
230.0  0.379484  1.312236  1.691720
230.5  0.387157  1.306250  1.693407
231.0  0.394828  1.297827  1.692654
231.5  0.395647  1.296035  1.691681
232.0  0.386203  1.308373  1.694576
232.5  0.367554  1.324737  1.692291
233.0  0.344601  1.350439  1.695041
233.5  0.324374  1.369834  1.694209
234.0  0.313832  1.382518  1.696350
234.5  0.317777  1.377855  1.695632
235.0  0.337383  1.357312  1.694696
235.5  0.369741  1.326469  1.696211
236.0  0.408521  1.284460  1.692981
236.5  0.445558  1.248872  1.694430
237.0  0.472977  1.219107  1.692083
237.5  0.485400  1.209159  1.694559
238.0  0.481756  1.209791  1.691547
238.5  0.466010  1.226590  1.692600
239.0  0.446096  1.249186  1.695281
239.5  0.430923  1.260864  1.691787
240.0  0.426541  1.268943  1.695484
240.5  0.433472  1.256740  1.690212
241.0  0.446773  1.250472  1.697245
241.5  0.458689  1.228911  1.687599
242.0  0.462233  1.233694  1.695927
242.5  0.453873  1.235059  1.688932
243.0  0.434454  1.262275  1.696729
243.5  0.408502  1.282047  1.690548
244.0  0.382488  1.313195  1.695682
244.5  0.362705  1.330799  1.693505
245.0  0.353329  1.341665  1.694995
245.5  0.355189  1.338552  1.693741
246.0  0.365605  1.327702  1.693306
246.5  0.379318  1.314287  1.693606
247.0  0.390194  1.302652  1.692845
247.5  0.393168  1.298745  1.691913
248.0  0.385969  1.307247  1.693217
248.5  0.370169  1.321200  1.691369
249.0  0.351129  1.344158  1.695287
249.5  0.336451  1.354948  1.691399
250.0  0.333077  1.363234  1.696311
250.5  0.344154  1.346785  1.690939
251.0  0.367355  1.327908  1.695263
251.5  0.395741  1.295351  1.691092
252.0  0.420671  1.271166  1.691837
252.5  0.435152  1.257183  1.692335
253.0  0.436098  1.253582  1.689680
253.5  0.424886  1.270663  1.695548
254.0  0.406436  1.281226  1.687662
254.5  0.387369  1.310419  1.697788
255.0  0.373815  1.315402  1.689218
255.5  0.369463  1.327969  1.697432
256.0  0.374382  1.315468  1.689850
256.5  0.385030  1.310595  1.695625
257.0  0.395447  1.296108  1.691555
257.5  0.399264  1.293673  1.692937
258.0  0.391901  1.300371  1.692272
258.5  0.372334  1.320749  1.693083
259.0  0.343948  1.350600  1.694547
259.5  0.314032  1.379662  1.693695
260.0  0.291706  1.402896  1.694602
260.5  0.284609  1.410536  1.695145
261.0  0.295690  1.397969  1.693659
261.5  0.321794  1.373748  1.695542
262.0  0.354964  1.336546  1.691510
262.5  0.385744  1.310472  1.696215
263.0  0.406714  1.283667  1.690381
263.5  0.414739  1.281939  1.696678
264.0  0.411408  1.279963  1.691371
264.5  0.401960  1.295359  1.697318
265.0  0.393284  1.300489  1.693773
265.5  0.391586  1.304554  1.696140
266.0  0.400330  1.295060  1.695390
266.5  0.419019  1.275525  1.694544
267.0  0.443235  1.254306  1.697540
267.5  0.465932  1.225145  1.691076
268.0  0.479612  1.218219  1.697831
268.5  0.478745  1.211151  1.689896
269.0  0.461781  1.237005  1.698786
269.5  0.432166  1.258840  1.691006
270.0  0.397796  1.301425  1.699221
270.5  0.368633  1.325166  1.693799
271.0  0.352976  1.345707  1.698683
271.5  0.353933  1.341208  1.695141
272.0  0.368039  1.328910  1.696950
272.5  0.386887  1.308230  1.695118
273.0  0.400845  1.293907  1.694752
273.5  0.402846  1.291915  1.694761
274.0  0.390649  1.304253  1.694901
274.5  0.367109  1.326623  1.693732
275.0  0.338859  1.358775  1.697634
275.5  0.314089  1.379726  1.693814
276.0  0.300073  1.399449  1.699522
276.5  0.301063  1.391471  1.692534
277.0  0.317083  1.383614  1.700697
277.5  0.343984  1.347956  1.691941
278.0  0.374721  1.323823  1.698544
278.5  0.401456  1.291997  1.693454
279.0  0.417927  1.277579  1.695506
279.5  0.421493  1.274795  1.696287
280.0  0.414297  1.279994  1.694291
280.5  0.402938  1.296472  1.699409
281.0  0.396259  1.297199  1.693459
281.5  0.401675  1.300145  1.701820
282.0  0.421574  1.271641  1.693214
282.5  0.451835  1.249691  1.701526
283.0  0.483419  1.210266  1.693685
283.5  0.506113  1.192814  1.698927
284.0  0.512405  1.183065  1.695470
284.5  0.499810  1.198843  1.698653
285.0  0.471179  1.226458  1.697637
285.5  0.433405  1.264852  1.698257
286.0  0.395210  1.304158  1.699368
286.5  0.364682  1.335280  1.699962
287.0  0.347152  1.352723  1.699875
287.5  0.343954  1.356510  1.700464
288.0  0.352399  1.345001  1.697401
288.5  0.366910  1.335240  1.702150
289.0  0.380929  1.314965  1.695894
289.5  0.389045  1.313478  1.702522
290.0  0.388817  1.305143  1.693959
290.5  0.381790  1.322207  1.703997
291.0  0.373203  1.321171  1.694373
291.5  0.370056  1.333857  1.703913
292.0  0.377926  1.317090  1.695016
292.5  0.397910  1.304219  1.702128
293.0  0.425476  1.270962  1.696437
293.5  0.452049  1.246415  1.698464
294.0  0.468485  1.229502  1.697987
294.5  0.468598  1.228532  1.697130
295.0  0.451234  1.250717  1.701951
295.5  0.420403  1.277059  1.697462
296.0  0.383834  1.318321  1.702155
296.5  0.350608  1.346982  1.697590
297.0  0.328562  1.373385  1.701947
297.5  0.322137  1.377246  1.699384
298.0  0.331271  1.368643  1.699914
298.5  0.351632  1.347325  1.698957
299.0  0.376100  1.321747  1.697847
299.5  0.397006  1.302316  1.699322
300.0  0.408508  1.289295  1.697803
300.5  0.408494  1.291123  1.699617
301.0  0.399457  1.299556  1.699013
301.5  0.387796  1.310845  1.698641
302.0  0.381350  1.319670  1.701021
302.5  0.385853  1.311556  1.697409
303.0  0.401953  1.301994  1.703948
303.5  0.424559  1.271434  1.695993
304.0  0.444962  1.258295  1.703258
304.5  0.454517  1.239219  1.693736
305.0  0.447943  1.254438  1.702382
305.5  0.424978  1.272231  1.697210
306.0  0.390171  1.310790  1.700961
306.5  0.351308  1.348614  1.699922
307.0  0.317118  1.382611  1.699729
307.5  0.294850  1.407860  1.702710
308.0  0.288320  1.409626  1.697946
308.5  0.296957  1.407294  1.704251
309.0  0.316109  1.382638  1.698747
309.5  0.338503  1.363586  1.702089
310.0  0.356423  1.342386  1.698809
310.5  0.364036  1.336778  1.700813
311.0  0.359333  1.340693  1.700027
311.5  0.345138  1.355945  1.701083
312.0  0.328542  1.373494  1.702036
312.5  0.318444  1.383808  1.702253
313.0  0.321764  1.380898  1.702662
313.5  0.340095  1.363101  1.703196
314.0  0.368751  1.331699  1.700450
314.5  0.398867  1.303354  1.702221
315.0  0.421275  1.276722  1.697997
315.5  0.430078  1.273428  1.703506
316.0  0.424448  1.272715  1.697163
316.5  0.408408  1.297569  1.705977
317.0  0.389157  1.309381  1.698538
317.5  0.374688  1.332250  1.706938
318.0  0.371405  1.327951  1.699355
318.5  0.382337  1.323591  1.705927
319.0  0.406389  1.294465  1.700854
319.5  0.438764  1.266481  1.705245
320.0  0.472305  1.229641  1.701946
320.5  0.499322  1.202047  1.701369
321.0  0.513500  1.188192  1.701692
321.5  0.511642  1.188648  1.700291
322.0  0.494911  1.208706  1.703617
322.5  0.468937  1.232313  1.701250
323.0  0.442135  1.260851  1.702986
323.5  0.422377  1.279662  1.702039
324.0  0.413476  1.289408  1.702884
324.5  0.413545  1.288822  1.702367
325.0  0.416283  1.284891  1.701174
325.5  0.414318  1.286929  1.701246
326.0  0.402651  1.296853  1.699504
326.5  0.380603  1.320400  1.701003
327.0  0.351810  1.348639  1.700450
327.5  0.322738  1.378960  1.701698
328.0  0.300442  1.402898  1.703340
328.5  0.290374  1.410378  1.700752
329.0  0.294851  1.410017  1.704868
329.5  0.312614  1.387980  1.700593
330.0  0.339471  1.367086  1.706557
330.5  0.369626  1.330684  1.700311
331.0  0.397145  1.308927  1.706072
331.5  0.417208  1.282903  1.700111
332.0  0.427153  1.275852  1.703005
332.5  0.427309  1.275522  1.702830
333.0  0.421253  1.283294  1.704546
333.5  0.414817  1.291188  1.706005
334.0  0.413678  1.290345  1.704022
334.5  0.420531  1.286134  1.706665
335.0  0.433584  1.269932  1.703516
335.5  0.447449  1.257918  1.705367
336.0  0.455901  1.247591  1.703492
336.5  0.454832  1.250193  1.705025
337.0  0.443939  1.260150  1.704090
337.5  0.426612  1.277536  1.704148
338.0  0.408410  1.295861  1.704271
338.5  0.394864  1.309160  1.704025
339.0  0.389430  1.315723  1.705153
339.5  0.392301  1.310985  1.703286
340.0  0.400493  1.303115  1.703607
340.5  0.409091  1.296612  1.705704
341.0  0.413083  1.295712  1.708794
341.5  0.408979  1.303743  1.712722
342.0  0.395750  1.321211  1.716961
342.5  0.375045  1.347171  1.722216
343.0  0.350937  1.377937  1.728875
343.5  0.329192  1.405103  1.734295
344.0  0.315789  1.423754  1.739543
344.5  0.314789  1.427725  1.742514
345.0  0.326408  1.418518  1.744926
345.5  0.346577  1.399909  1.746487
346.0  0.368501  1.378198  1.746699
346.5  0.385458  1.361716  1.747173
347.0  0.393377  1.353106  1.746482
347.5  0.392081  1.353000  1.745081
348.0  0.384917  1.360091  1.745008
348.5  0.377149  1.369111  1.746259
349.0  0.373799  1.373469  1.747269
349.5  0.377712  1.369873  1.747585
350.0  0.388500  1.361437  1.749938
350.5  0.402773  1.348857  1.751630
351.0  0.415490  1.335502  1.750992
351.5  0.421809  1.330836  1.752644
352.0  0.418641  1.335185  1.753825
352.5  0.405466  1.350158  1.755625
353.0  0.384469  1.371300  1.755769
353.5  0.360243  1.393093  1.753336
354.0  0.339026  1.411766  1.750792
354.5  0.327147  1.421456  1.748603
355.0  0.328757  1.416400  1.745156
355.5  0.343817  1.397867  1.741684
356.0  0.367709  1.370737  1.738445
356.5  0.392982  1.342459  1.735441
357.0  0.412384  1.321805  1.734190
357.5  0.421583  1.312076  1.733659
358.0  0.420427  1.313964  1.734392
358.5  0.412480  1.323707  1.736187
359.0  0.403289  1.333236  1.736525
359.5  0.398124  1.337374  1.735498
360.0  0.399988  1.336174  1.736162
360.5  0.408580  1.326889  1.735470
361.0  0.420563  1.312603  1.733166
361.5  0.430946  1.299419  1.730364
362.0  0.434922  1.292337  1.727259
362.5  0.429378  1.294795  1.724173
363.0  0.413639  1.310346  1.723985
363.5  0.389569  1.334638  1.724207
364.0  0.361305  1.363891  1.725197
364.5  0.334618  1.392104  1.726723
365.0  0.315540  1.413545  1.729085
365.5  0.308278  1.423453  1.731730
366.0  0.313306  1.420781  1.734087
366.5  0.326923  1.408270  1.735193
367.0  0.342822  1.393533  1.736356
367.5  0.354888  1.382599  1.737488
368.0  0.359722  1.378475  1.738197
368.5  0.357775  1.379821  1.737596
369.0  0.352825  1.384709  1.737534
369.5  0.350241  1.387900  1.738141
370.0  0.354790  1.384047  1.738837
370.5  0.368807  1.370059  1.738866
371.0  0.391386  1.348303  1.739689
371.5  0.418873  1.321810  1.740683
372.0  0.446364  1.295822  1.742186
372.5  0.469469  1.274721  1.744190
373.0  0.485540  1.261972  1.747513
373.5  0.494027  1.257270  1.751297
374.0  0.496197  1.258551  1.754748
374.5  0.494680  1.263664  1.758344
375.0  0.492900  1.271224  1.764125
375.5  0.494067  1.274491  1.768559
376.0  0.499674  1.272182  1.771856
376.5  0.508222  1.264622  1.772844
377.0  0.515230  1.258058  1.773288
377.5  0.514880  1.260391  1.775271
378.0  0.502493  1.270821  1.773314
378.5  0.476548  1.293627  1.770175
379.0  0.439365  1.331063  1.770428
379.5  0.396336  1.374280  1.770616
380.0  0.354176  1.416403  1.770579
380.5  0.318868  1.452391  1.771260
381.0  0.294010  1.478396  1.772406
381.5  0.280096  1.493977  1.774074
382.0  0.274979  1.501599  1.776577
382.5  0.275235  1.504428  1.779663
383.0  0.277777  1.501740  1.779517
383.5  0.280974  1.498986  1.779960
384.0  0.284942  1.493696  1.778638
384.5  0.291225  1.483383  1.774608
385.0  0.302262  1.466722  1.768984
385.5  0.320733  1.440557  1.761291
386.0  0.348510  1.404262  1.752772
386.5  0.385237  1.360519  1.745756
387.0  0.427297  1.311229  1.738527
387.5  0.468154  1.264738  1.732892
388.0  0.500287  1.229471  1.729758
388.5  0.517811  1.209951  1.727762
389.0  0.518449  1.211212  1.729661
389.5  0.504045  1.227223  1.731268
390.0  0.479611  1.254044  1.733655
390.5  0.451466  1.285769  1.737235
391.0  0.425197  1.314744  1.739941
391.5  0.404103  1.336071  1.740174
392.0  0.388590  1.351680  1.740270
392.5  0.376656  1.363922  1.740578
393.0  0.365185  1.373206  1.738391
393.5  0.351441  1.384197  1.735638
394.0  0.334163  1.396417  1.730580
394.5  0.313988  1.413851  1.727838
395.0  0.293389  1.430170  1.723559
395.5  0.276333  1.446005  1.722338
396.0  0.267513  1.455885  1.723397
396.5  0.270861  1.456989  1.727850
397.0  0.287611  1.445874  1.733485
397.5  0.315006  1.426138  1.741144
398.0  0.346806  1.406217  1.753023
398.5  0.375596  1.390953  1.766549
399.0  0.395681  1.385469  1.781150
399.5  0.405043  1.390915  1.795958
400.0  0.405618  1.405119  1.810737
400.5  0.402067  1.420072  1.822139
401.0  0.399762  1.430772  1.830534
401.5  0.402790  1.433971  1.836761
402.0  0.412597  1.426299  1.838895
402.5  0.427680  1.410459  1.838139
403.0  0.444352  1.392099  1.836451
403.5  0.458200  1.374847  1.833047
404.0  0.465603  1.364496  1.830098
404.5  0.464683  1.363140  1.827823
405.0  0.455525  1.371161  1.826686
405.5  0.439932  1.389331  1.829263
406.0  0.421087  1.410619  1.831706
406.5  0.403037  1.435467  1.838504
407.0  0.389620  1.457569  1.847189
407.5  0.382862  1.472615  1.855477
408.0  0.381732  1.480993  1.862725
408.5  0.382327  1.485983  1.868310
409.0  0.379679  1.490871  1.870550
409.5  0.370219  1.498622  1.868842
410.0  0.353522  1.508450  1.861972
410.5  0.332588  1.518743  1.851330
411.0  0.312722  1.522928  1.835650
411.5  0.299646  1.517953  1.817599
412.0  0.297578  1.501230  1.798809
412.5  0.307921  1.475425  1.783346
413.0  0.328963  1.439237  1.768200
413.5  0.356646  1.399301  1.755947
414.0  0.386023  1.362297  1.748320
414.5  0.412756  1.331680  1.744437
415.0  0.434048  1.308445  1.742493
415.5  0.448831  1.295167  1.743998
416.0  0.457554  1.289880  1.747435
416.5  0.461909  1.289352  1.751260
417.0  0.464424  1.289560  1.753983
417.5  0.467548  1.286513  1.754061
418.0  0.472259  1.281560  1.753818
418.5  0.477052  1.275083  1.752135
419.0  0.478297  1.269811  1.748108
419.5  0.472008  1.269236  1.741244
420.0  0.456039  1.277831  1.733870
420.5  0.431421  1.296310  1.727731
421.0  0.402251  1.320536  1.722786
421.5  0.374322  1.343857  1.718179
422.0  0.353190  1.363074  1.716265
422.5  0.342401  1.376822  1.719223
423.0  0.342470  1.383001  1.725470
423.5  0.350923  1.383794  1.734717
424.0  0.363338  1.383811  1.747149
424.5  0.374950  1.390566  1.765516
425.0  0.382125  1.403650  1.785775
425.5  0.383175  1.420436  1.803611
426.0  0.378418  1.442911  1.821329
426.5  0.369868  1.468789  1.838657
427.0  0.360877  1.492167  1.853044
427.5  0.355561  1.507721  1.863281
428.0  0.357580  1.511760  1.869340
428.5  0.368408  1.505578  1.873987
429.0  0.386133  1.488024  1.874157
429.5  0.405880  1.466082  1.871962
430.0  0.421909  1.448764  1.870673
430.5  0.430191  1.440679  1.870870
431.0  0.430023  1.443695  1.873717
431.5  0.424027  1.456371  1.880398
432.0  0.416800  1.473798  1.890598
432.5  0.412978  1.491834  1.904812
433.0  0.415489  1.506857  1.922346
433.5  0.424566  1.518703  1.943269
434.0  0.437749  1.526636  1.964385
434.5  0.450819  1.535685  1.986504
435.0  0.459217  1.546090  2.005307
435.5  0.459380  1.556684  2.016064
436.0  0.449557  1.571704  2.021261
436.5  0.430062  1.586521  2.016582
437.0  0.403232  1.599853  2.003085
437.5  0.373247  1.609148  1.982395
438.0  0.345489  1.611614  1.957102
438.5  0.325093  1.602859  1.927952
439.0  0.314943  1.583150  1.898094
439.5  0.314253  1.557565  1.871819
440.0  0.318894  1.530258  1.849153
440.5  0.323472  1.508044  1.831517
441.0  0.323962  1.496961  1.820923
441.5  0.319444  1.493938  1.813382
442.0  0.312218  1.497794  1.810012
442.5  0.306539  1.503574  1.810113
443.0  0.306732  1.504257  1.810989
443.5  0.315479  1.494965  1.810443
444.0  0.332855  1.478093  1.810948
444.5  0.356364  1.452495  1.808859
445.0  0.381842  1.420467  1.802309
445.5  0.404774  1.391103  1.795877
446.0  0.421486  1.366884  1.788370
446.5  0.429826  1.345947  1.775773
447.0  0.429410  1.330755  1.760165
447.5  0.421669  1.323587  1.745256
448.0  0.409767  1.319799  1.729567
448.5  0.398046  1.316332  1.714379
449.0  0.390643  1.311501  1.702144
449.5  0.389678  1.302679  1.692357
450.0  0.394104  1.291597  1.685701
450.5  0.400182  1.283914  1.684096
451.0  0.403455  1.282863  1.686318
451.5  0.401042  1.291214  1.692256
452.0  0.392985  1.307132  1.700117
452.5  0.382095  1.328001  1.710097
453.0  0.372615  1.347204  1.719819
453.5  0.368429  1.359392  1.727821
454.0  0.371598  1.349465  1.721063
454.5  0.381682  1.342814  1.724496
455.0  0.396026  1.328088  1.724113
455.5  0.410766  1.314033  1.724799
456.0  0.422094  1.302118  1.724212
456.5  0.427278  1.297240  1.724518
457.0  0.425222  1.299613  1.724835
457.5  0.416648  1.307673  1.724320
458.0  0.404098  1.316173  1.720271
458.5  0.391679  1.334739  1.726417
459.0  0.384156  1.335469  1.719625
459.5  0.385301  1.343187  1.728488
460.0  0.396060  1.321345  1.717406
460.5  0.413738  1.315757  1.729494
461.0  0.432900  1.284711  1.717611
461.5  0.447644  1.280981  1.728625
462.0  0.453957  1.268372  1.722329
462.5  0.450993  1.274219  1.725212
463.0  0.440860  1.285187  1.726047
463.5  0.427303  1.306984  1.734286
464.0  0.414021  1.333064  1.747085
464.5  0.403335  1.359110  1.762445
465.0  0.395610  1.384241  1.779851
465.5  0.389534  1.407112  1.796647
466.0  0.382959  1.430310  1.813269
466.5  0.373880  1.453912  1.827793
467.0  0.361171  1.477363  1.838534
467.5  0.344985  1.500398  1.845383
468.0  0.327005  1.522170  1.849175
468.5  0.310635  1.540486  1.851121
469.0  0.300832  1.551835  1.852667
469.5  0.303021  1.549771  1.852792
470.0  0.320987  1.532611  1.853598
470.5  0.354614  1.501606  1.856220
471.0  0.398985  1.462796  1.861781
471.5  0.445700  1.425411  1.871111
472.0  0.485846  1.401569  1.887415
472.5  0.513025  1.397682  1.910707
473.0  0.524984  1.415876  1.940860
473.5  0.523426  1.449405  1.972831
474.0  0.512465  1.494479  2.006944
474.5  0.496647  1.547187  2.043834
475.0  0.479358  1.601686  2.081043
475.5  0.462103  1.653842  2.115945
476.0  0.444711  1.699959  2.144670
476.5  0.426103  1.740282  2.166385
477.0  0.405151  1.776801  2.181951
477.5  0.381215  1.808337  2.189552
478.0  0.354368  1.837613  2.191980
478.5  0.325562  1.862837  2.188399
479.0  0.296949  1.884527  2.181477
479.5  0.272080  1.898997  2.171077
480.0  0.255384  1.904215  2.159599
480.5  0.250659  1.897299  2.147958
481.0  0.259149  1.882761  2.141911
481.5  0.278475  1.860362  2.138837
482.0  0.303307  1.835342  2.138649
482.5  0.327530  1.815811  2.143341
483.0  0.346673  1.806484  2.153157
483.5  0.359335  1.807985  2.167320
484.0  0.367104  1.815118  2.182221
484.5  0.373259  1.821479  2.194738
485.0  0.381069  1.821622  2.202690
485.5  0.392438  1.814149  2.206586
486.0  0.407383  1.794811  2.202194
486.5  0.424372  1.763208  2.187580
487.0  0.441162  1.723851  2.165013
487.5  0.455609  1.679635  2.135244
488.0  0.466106  1.632269  2.098375
488.5  0.471656  1.588097  2.059752
489.0  0.471932  1.551453  2.023385
489.5  0.467532  1.522756  1.990288
490.0  0.460210  1.504785  1.964995
490.5  0.452557  1.497350  1.949907
491.0  0.446856  1.496993  1.943850
491.5  0.443651  1.498644  1.942295
492.0  0.441036  1.505881  1.946917
492.5  0.435376  1.522607  1.957983
493.0  0.423132  1.547633  1.970765
493.5  0.402751  1.579687  1.982439
494.0  0.375574  1.613347  1.988921
494.5  0.345399  1.648434  1.993833
495.0  0.317032  1.678380  1.995412
495.5  0.294572  1.697648  1.992220
496.0  0.280153  1.702414  1.982568
496.5  0.273624  1.698324  1.971948
497.0  0.273153  1.688014  1.961166
497.5  0.276362  1.674075  1.950438
498.0  0.281389  1.660433  1.941822
498.5  0.287411  1.650832  1.938243
499.0  0.294614  1.645038  1.939651
499.5  0.303908  1.643078  1.946986
500.0  0.316676  1.644206  1.960882
500.5  0.334467  1.647538  1.982005
501.0  0.358344  1.650191  2.008536
501.5  0.387876  1.650113  2.037988
502.0  0.420361  1.647097  2.067458
502.5  0.451086  1.644815  2.095901
503.0  0.474800  1.646944  2.121744
503.5  0.487747  1.656447  2.144194
504.0  0.489192  1.670961  2.160153
504.5  0.481676  1.688209  2.169884
505.0  0.469962  1.707909  2.177871
505.5  0.459196  1.722274  2.181469
506.0  0.453042  1.727621  2.180664
506.5  0.452534  1.724414  2.176948
507.0  0.456003  1.718812  2.174815
507.5  0.460052  1.715310  2.175362
508.0  0.461070  1.716543  2.177612
508.5  0.456598  1.727029  2.183627
509.0  0.446033  1.747940  2.193974
509.5  0.430583  1.777591  2.208174
510.0  0.412786  1.811734  2.224520
510.5  0.395922  1.845308  2.241229
511.0  0.383324  1.874872  2.258195
511.5  0.377404  1.892644  2.270048
512.0  0.378533  1.896151  2.274684
512.5  0.384414  1.889328  2.273742
513.0  0.390637  1.873124  2.263761
513.5  0.392441  1.890236  2.282677
514.0  0.386848  1.874591  2.261439
514.5  0.374096  1.912752  2.286848
515.0  0.357700  1.903816  2.261516
515.5  0.343177  1.944081  2.287258
516.0  0.336003  1.933529  2.269532
516.5  0.339621  1.944741  2.284362
517.0  0.354221  1.922629  2.276850
517.5  0.376758  1.903868  2.280626
518.0  0.402135  1.878365  2.280500
518.5  0.425008  1.854737  2.279745
519.0  0.441413  1.840108  2.281521
519.5  0.449573  1.835069  2.284642
520.0  0.449808  1.832658  2.282466
520.5  0.443954  1.847315  2.291269
521.0  0.434775  1.847562  2.282337
521.5  0.425395  1.868012  2.293407
522.0  0.418482  1.862859  2.281341
522.5  0.415133  1.878820  2.293954
523.0  0.414083  1.868819  2.282902
523.5  0.411984  1.883464  2.295448
524.0  0.404956  1.880745  2.285702
524.5  0.390640  1.900806  2.291446
525.0  0.369659  1.919499  2.289158
525.5  0.345745  1.942634  2.288380
526.0  0.324507  1.970744  2.295251
526.5  0.311390  1.973986  2.285377
527.0  0.309662  1.989385  2.299047
527.5  0.319199  1.964733  2.283931
528.0  0.336551  1.962638  2.299189
528.5  0.356247  1.926053  2.282301
529.0  0.372770  1.923727  2.296497
529.5  0.382344  1.901922  2.284266
530.0  0.383844  1.908219  2.292063
530.5  0.378679  1.906706  2.285384
531.0  0.370020  1.918061  2.288081
531.5  0.361864  1.924974  2.286838
532.0  0.358059  1.929148  2.287208
532.5  0.361213  1.923226  2.284439
533.0  0.371597  1.913270  2.284866
533.5  0.386671  1.893102  2.279773
534.0  0.401806  1.884672  2.286477
534.5  0.412107  1.862724  2.274831
535.0  0.414489  1.873854  2.288343
535.5  0.408971  1.864985  2.273956
536.0  0.398621  1.888553  2.287174
536.5  0.388267  1.886791  2.275058
537.0  0.382562  1.901550  2.284112
537.5  0.384164  1.894773  2.278937
538.0  0.392740  1.886538  2.279277
538.5  0.405139  1.875856  2.280996
539.0  0.416672  1.859188  2.275860
539.5  0.422892  1.860206  2.283098
540.0  0.421115  1.855342  2.276457
540.5  0.411073  1.871413  2.282486
541.0  0.394669  1.884017  2.278686
541.5  0.375257  1.907468  2.282725
542.0  0.356887  1.922315  2.279203
542.5  0.343544  1.936681  2.280225
543.0  0.338159  1.943986  2.282146
543.5  0.341493  1.941360  2.282853
544.0  0.351547  1.932365  2.283912
544.5  0.364199  1.921677  2.285875
545.0  0.374991  1.908196  2.283187
545.5  0.381196  1.908333  2.289529
546.0  0.383047  1.901645  2.284692
546.5  0.383547  1.911672  2.295219
547.0  0.387012  1.900730  2.287742
547.5  0.397027  1.900104  2.297131
548.0  0.414674  1.874727  2.289401
548.5  0.437758  1.859887  2.297645
549.0  0.461349  1.831246  2.292595
549.5  0.479432  1.816808  2.296240
550.0  0.486972  1.808382  2.295354
550.5  0.481504  1.815791  2.297295
551.0  0.463666  1.835621  2.299287
551.5  0.436701  1.859106  2.295807
552.0  0.405456  1.889237  2.294694
552.5  0.375386  1.918133  2.293519
553.0  0.351612  1.943345  2.294957
553.5  0.337797  1.958527  2.296324
554.0  0.334978  1.966273  2.301251
554.5  0.341010  1.969013  2.310023
555.0  0.351313  1.968680  2.319992
555.5  0.360821  1.968895  2.329716
556.0  0.366195  1.971628  2.337823
556.5  0.367161  1.978783  2.345943
557.0  0.366388  1.987052  2.353440
557.5  0.368052  1.989190  2.357243
558.0  0.375791  1.978818  2.354609
558.5  0.390942  1.957335  2.348277
559.0  0.411781  1.926876  2.338658
559.5  0.434057  1.893250  2.327306
560.0  0.452564  1.864388  2.316952
560.5  0.463046  1.841289  2.304335
561.0  0.463556  1.849501  2.313056
561.5  0.454780  1.848109  2.302888
562.0  0.439432  1.870156  2.309588
562.5  0.421302  1.885814  2.307116
563.0  0.404461  1.903638  2.308098
563.5  0.392611  1.914003  2.306613
564.0  0.388271  1.917615  2.305886
564.5  0.391830  1.914361  2.306191
565.0  0.401063  1.908957  2.310020
565.5  0.411773  1.890236  2.302009
566.0  0.419483  1.893307  2.312789
566.5  0.421361  1.877757  2.299118
567.0  0.417337  1.898160  2.315497
567.5  0.409890  1.889521  2.299411
568.0  0.402693  1.913124  2.315817
568.5  0.398821  1.903949  2.302770
569.0  0.399314  1.911487  2.310801
569.5  0.402703  1.902798  2.305501
570.0  0.405660  1.900219  2.305879
570.5  0.404480  1.910718  2.315198
571.0  0.396708  1.906679  2.303386
571.5  0.382167  1.936439  2.318606
572.0  0.362963  1.939580  2.302543
572.5  0.342606  1.978473  2.321079
573.0  0.324898  1.980635  2.305532
573.5  0.313108  2.007849  2.320956
574.0  0.309489  2.002388  2.311876
574.5  0.314821  2.004861  2.319682
575.0  0.327930  1.989252  2.317181
575.5  0.345630  1.971861  2.317491
576.0  0.363567  1.954214  2.317780
576.5  0.377813  1.941977  2.319790
577.0  0.386443  1.932538  2.318981
577.5  0.390172  1.933644  2.323816
578.0  0.391710  1.921878  2.313588
578.5  0.394192  1.931265  2.325457
579.0  0.399474  1.911386  2.310860
579.5  0.407122  1.924710  2.331832
580.0  0.414508  1.892359  2.306866
580.5  0.417943  1.911641  2.329584
581.0  0.414324  1.889888  2.304212
581.5  0.402545  1.923805  2.326350
582.0  0.384045  1.922185  2.306229
582.5  0.362282  1.959711  2.321993
583.0  0.341536  1.972469  2.314006
583.5  0.325721  1.988858  2.314580
584.0  0.317691  2.003253  2.320944
584.5  0.318916  1.991225  2.310141
585.0  0.329161  1.996566  2.325727
585.5  0.346170  1.964637  2.310807
586.0  0.365875  1.957134  2.323009
586.5  0.383534  1.926243  2.309777
587.0  0.395539  1.922043  2.317582
587.5  0.400940  1.913984  2.314924
588.0  0.401769  1.914001  2.315770
588.5  0.401953  1.911658  2.313611
589.0  0.405337  1.904845  2.310183
589.5  0.413832  1.899029  2.312860
590.0  0.426532  1.886519  2.313051
590.5  0.440156  1.866485  2.306642
591.0  0.450515  1.863284  2.313799
591.5  0.454315  1.843936  2.298251
592.0  0.450489  1.870976  2.321465
592.5  0.440500  1.853936  2.294436
593.0  0.427550  1.894825  2.322375
593.5  0.415232  1.876861  2.292093
594.0  0.406366  1.910657  2.317023
594.5  0.402460  1.893073  2.295533
595.0  0.403610  1.906289  2.309899
595.5  0.408445  1.898227  2.306672
596.0  0.414100  1.888902  2.303002
596.5  0.416641  1.898987  2.315629
597.0  0.412302  1.887203  2.299506
597.5  0.399191  1.929215  2.328406
598.0  0.378554  1.928654  2.307208
598.5  0.354768  1.979490  2.334258
599.0  0.333894  1.984659  2.318553
599.5  0.321437  2.016905  2.338342
600.0  0.320339  2.005464  2.325803
600.5  0.330085  2.002401  2.332486
601.0  0.347219  1.984767  2.331986
601.5  0.366937  1.965775  2.332711
602.0  0.385022  1.950874  2.335897
602.5  0.399301  1.931042  2.330344
603.0  0.410058  1.916963  2.327021
603.5  0.419349  1.909843  2.329192
604.0  0.429715  1.904603  2.334318
604.5  0.443012  1.901410  2.344422
605.0  0.459768  1.905394  2.365161
605.5  0.478976  1.915568  2.394544
606.0  0.498039  1.930382  2.428421
606.5  0.512946  1.954699  2.467645
607.0  0.519073  1.995242  2.514315
607.5  0.512715  2.049497  2.562212
608.0  0.492791  2.114058  2.606849
608.5  0.461808  2.184246  2.646054
609.0  0.425382  2.252828  2.678210
609.5  0.390416  2.311756  2.702172
610.0  0.362690  2.353330  2.716020
610.5  0.344951  2.377744  2.722695
611.0  0.336287  2.386660  2.722947
611.5  0.332965  2.384770  2.717735
612.0  0.330281  2.377546  2.707826
612.5  0.324565  2.372479  2.697044
613.0  0.314518  2.375498  2.690016
613.5  0.301395  2.383719  2.685114
614.0  0.288179  2.396360  2.684540
614.5  0.278350  2.410631  2.688981
615.0  0.274925  2.425029  2.699954
615.5  0.279950  2.434372  2.714321
616.0  0.294134  2.435236  2.729371
616.5  0.316417  2.427604  2.744021
617.0  0.343735  2.409951  2.753687
617.5  0.371602  2.384039  2.755642
618.0  0.395615  2.351716  2.747331
618.5  0.413273  2.314582  2.727854
619.0  0.425068  2.273785  2.698853
619.5  0.434147  2.226413  2.660560
620.0  0.444643  2.171214  2.615857
620.5  0.459497  2.107683  2.567181
621.0  0.478862  2.043495  2.522357
621.5  0.499821  1.984812  2.484633
622.0  0.517515  1.939438  2.456953
622.5  0.527063  1.912410  2.439472
623.0  0.525360  1.906776  2.432136
623.5  0.511955  1.921153  2.433108
624.0  0.488727  1.952931  2.441657
624.5  0.458767  1.997307  2.456074
625.0  0.425291  2.045226  2.470517
625.5  0.391150  2.090631  2.481781
626.0  0.358834  2.131807  2.490641
626.5  0.330349  2.165737  2.496086
627.0  0.306677  2.188078  2.494755
627.5  0.287265  2.199175  2.486441
628.0  0.270301  2.202846  2.473148
628.5  0.254011  2.201553  2.455564
629.0  0.238305  2.199082  2.437387
629.5  0.225673  2.194187  2.419860
630.0  0.220606  2.185845  2.406451
630.5  0.227686  2.171246  2.398932
631.0  0.249290  2.148267  2.397557
631.5  0.284086  2.119571  2.403657
632.0  0.327135  2.094285  2.421420
632.5  0.371563  2.076518  2.448081
633.0  0.411008  2.069992  2.481001
633.5  0.441652  2.080209  2.521861
634.0  0.462874  2.104814  2.567688
634.5  0.476361  2.138681  2.615043
635.0  0.484419  2.177111  2.661530
635.5  0.488677  2.213738  2.702415
636.0  0.489891  2.245682  2.735573
636.5  0.488488  2.271766  2.760254
637.0  0.484906  2.293592  2.778498
637.5  0.479255  2.309345  2.788600
638.0  0.470776  2.321998  2.792774
638.5  0.457948  2.333585  2.791534
639.0  0.439558  2.349066  2.788624
639.5  0.416114  2.371958  2.788072
640.0  0.390592  2.396430  2.787022
640.5  0.367849  2.423043  2.790892
641.0  0.352816  2.447722  2.800539
641.5  0.348355  2.467132  2.815487
642.0  0.353867  2.481550  2.835417
642.5  0.365443  2.494833  2.860276
643.0  0.377543  2.510080  2.887623
643.5  0.385432  2.529308  2.914740
644.0  0.387133  2.551115  2.938248
644.5  0.383887  2.571789  2.955676
645.0  0.378944  2.584266  2.963211
645.5  0.375574  2.581504  2.957078
646.0  0.375635  2.561653  2.937288
646.5  0.379451  2.527800  2.907251
647.0  0.386542  2.482990  2.869532
647.5  0.396172  2.430290  2.826462
648.0  0.407205  2.375928  2.783133
648.5  0.417750  2.328222  2.745972
649.0  0.425381  2.290380  2.715761
649.5  0.428185  2.264969  2.693154
650.0  0.426019  2.253022  2.679041
650.5  0.421094  2.253390  2.674484
651.0  0.417295  2.257780  2.675075
651.5  0.418427  2.258181  2.676608
652.0  0.426203  2.255570  2.681773
652.5  0.439010  2.247296  2.686306
653.0  0.452196  2.233206  2.685402
653.5  0.459875  2.219969  2.679844
654.0  0.457449  2.210570  2.668019
654.5  0.443585  2.208092  2.651677
655.0  0.420618  2.208403  2.629021
655.5  0.393216  2.206218  2.599434
656.0  0.366263  2.201348  2.567611
656.5  0.343354  2.193241  2.536595
657.0  0.326576  2.176557  2.503133
657.5  0.317048  2.157304  2.474352
658.0  0.315193  2.138899  2.454092
658.5  0.320389  2.120404  2.440793
659.0  0.330614  2.104152  2.434765
659.5  0.342878  2.095265  2.438144
660.0  0.354506  2.097513  2.452019
660.5  0.364499  2.109679  2.474177
661.0  0.374056  2.126057  2.500113
661.5  0.385827  2.142005  2.527832
662.0  0.402193  2.155682  2.557875
662.5  0.423450  2.163007  2.586457
663.0  0.446860  2.161310  2.608170
663.5  0.467177  2.157730  2.624907
664.0  0.478534  2.155860  2.634395
664.5  0.476885  2.160767  2.637652
665.0  0.461785  2.174705  2.636489
665.5  0.436535  2.197646  2.634181
666.0  0.406607  2.225611  2.632218
666.5  0.377317  2.253959  2.631275
667.0  0.352193  2.282658  2.634851
667.5  0.332768  2.313418  2.646186
668.0  0.319272  2.347355  2.666627
668.5  0.311202  2.382386  2.693589
669.0  0.307335  2.416151  2.723486
669.5  0.305676  2.449219  2.754895
670.0  0.304017  2.482825  2.786842
670.5  0.301114  2.512648  2.813763
671.0  0.297780  2.533313  2.831093
671.5  0.297043  2.542073  2.839115
672.0  0.303058  2.534964  2.838022
672.5  0.319137  2.509120  2.828257
673.0  0.345821  2.463305  2.809126
673.5  0.379983  2.405875  2.785858
674.0  0.415537  2.350551  2.766088
674.5  0.445569  2.300658  2.746227
675.0  0.464983  2.262431  2.727414
675.5  0.472408  2.239681  2.712089
676.0  0.470349  2.233793  2.704142
676.5  0.463541  2.234886  2.698427
677.0  0.456526  2.241933  2.698459
677.5  0.451971  2.247787  2.699758
678.0  0.450459  2.251431  2.701890
678.5  0.451242  2.252217  2.703459
679.0  0.452879  2.249175  2.702054
679.5  0.453306  2.244375  2.697681
680.0  0.449842  2.237563  2.687406
680.5  0.439821  2.233752  2.673572
681.0  0.421869  2.234961  2.656830
681.5  0.397122  2.239395  2.636516
682.0  0.369484  2.243717  2.613200
682.5  0.344540  2.242727  2.587267
683.0  0.327471  2.235450  2.562920
683.5  0.320886  2.220513  2.541399
684.0  0.323646  2.199306  2.522951
684.5  0.331327  2.179867  2.511194
685.0  0.338214  2.166533  2.504747
685.5  0.339911  2.164272  2.504183
686.0  0.335294  2.173225  2.508520
686.5  0.326841  2.193036  2.519877
687.0  0.319249  2.211733  2.530982
687.5  0.317287  2.224791  2.542078
688.0  0.324146  2.229103  2.553249
688.5  0.340949  2.222512  2.563461
689.0  0.367008  2.202881  2.569890
689.5  0.400078  2.172188  2.572266
690.0  0.436372  2.134757  2.571129
690.5  0.470834  2.098029  2.568863
691.0  0.498148  2.065703  2.563850
691.5  0.514340  2.044215  2.558555
692.0  0.518218  2.035109  2.553327
692.5  0.511812  2.042687  2.554498
693.0  0.499514  2.058907  2.558421
693.5  0.486213  2.078258  2.564471
694.0  0.475240  2.096845  2.572084
694.5  0.467073  2.116408  2.583481
695.0  0.459410  2.140030  2.599439
695.5  0.448580  2.166339  2.614919
696.0  0.431599  2.197346  2.628945
696.5  0.407830  2.233572  2.641402
697.0  0.379421  2.273358  2.652779
697.5  0.350430  2.309535  2.659965
698.0  0.325291  2.336867  2.662159
698.5  0.307554  2.353570  2.661123
699.0  0.299344  2.357314  2.656658
699.5  0.301286  2.348442  2.649728
700.0  0.312408  2.329805  2.642212
700.5  0.330015  2.307522  2.637536
701.0  0.349986  2.284999  2.634985
701.5  0.367812  2.265501  2.633313
702.0  0.380119  2.254407  2.634526
702.5  0.385942  2.252513  2.638455
703.0  0.387067  2.257124  2.644191
703.5  0.387203  2.262183  2.649385
704.0  0.390300  2.261929  2.652229
704.5  0.398743  2.254117  2.652861
705.0  0.412208  2.238734  2.650942
705.5  0.427726  2.218693  2.646419
706.0  0.440959  2.195409  2.636368
706.5  0.448061  2.176016  2.624077
707.0  0.447213  2.160382  2.607595
707.5  0.439074  2.155601  2.594675
708.0  0.426082  2.155563  2.581645
708.5  0.411206  2.159967  2.571173
709.0  0.396971  2.162973  2.559944
709.5  0.385105  2.165029  2.550134
710.0  0.376517  2.168360  2.544877
710.5  0.371185  2.170032  2.541217
711.0  0.367962  2.171957  2.539919
711.5  0.364729  2.174086  2.538815
712.0  0.359176  2.178695  2.537871
712.5  0.349990  2.188034  2.538024
713.0  0.337799  2.195026  2.532824
713.5  0.325315  2.200954  2.526268
714.0  0.316502  2.200825  2.517326
714.5  0.315072  2.190446  2.505517
715.0  0.322943  2.169149  2.492092
715.5  0.339355  2.138203  2.477557
716.0  0.361057  2.101859  2.462915
716.5  0.383553  2.066445  2.449998
717.0  0.402804  2.037030  2.439835
717.5  0.416566  2.015960  2.432526
718.0  0.424717  2.004941  2.429659
718.5  0.428585  2.001881  2.430466
719.0  0.429844  2.002000  2.431845
719.5  0.429718  2.009129  2.438847
720.0  0.428727  2.017877  2.446604
720.5  0.426732  2.026615  2.453347
721.0  0.422948  2.036813  2.459762
721.5  0.415996  2.051164  2.467160
722.0  0.404286  2.065076  2.469362
722.5  0.386847  2.084506  2.471353
723.0  0.364269  2.106345  2.470614
723.5  0.339218  2.131306  2.470524
724.0  0.316120  2.156430  2.472550
724.5  0.300022  2.177535  2.477557
725.0  0.295001  2.188577  2.483578
725.5  0.302731  2.189210  2.491940
726.0  0.321831  2.180689  2.502520
726.5  0.348324  2.168165  2.516490
727.0  0.377072  2.153606  2.530677
727.5  0.403574  2.141207  2.544781
728.0  0.425284  2.132438  2.557723
728.5  0.441850  2.126233  2.568084
729.0  0.454326  2.119785  2.574111
729.5  0.464018  2.109587  2.573605
730.0  0.471702  2.099532  2.571235
730.5  0.477438  2.089900  2.567337
731.0  0.480679  2.078361  2.559040
731.5  0.480368  2.066235  2.546603
732.0  0.475049  2.060837  2.535885
732.5  0.463310  2.064737  2.528047
733.0  0.444615  2.076429  2.521045
733.5  0.420165  2.094810  2.514976
734.0  0.393238  2.120379  2.513616
734.5  0.368670  2.145402  2.514072
735.0  0.351537  2.167040  2.518577
735.5  0.345484  2.175960  2.521444
736.0  0.351364  2.176205  2.527569
736.5  0.366796  2.163242  2.530038
737.0  0.386931  2.141030  2.527961
737.5  0.406155  2.116095  2.522250
738.0  0.420038  2.096379  2.516417
738.5  0.426619  2.075652  2.502271
739.0  0.426488  2.055158  2.481646
739.5  0.421822  2.038001  2.459824
740.0  0.415117  2.019475  2.434591
740.5  0.408320  1.997195  2.405515
741.0  0.402559  1.974608  2.377167
741.5  0.398135  1.954444  2.352578
742.0  0.394511  1.938336  2.332847
742.5  0.390428  1.925416  2.315845
743.0  0.384402  1.918818  2.303220
743.5  0.375587  1.921958  2.297545
744.0  0.364611  1.930877  2.295488
744.5  0.353821  1.944267  2.298088
745.0  0.346692  1.956732  2.303424
745.5  0.346503  1.961534  2.308038
746.0  0.354839  1.956199  2.311037
746.5  0.370580  1.943369  2.313950
747.0  0.389946  1.922455  2.312402
747.5  0.407689  1.897883  2.305571
748.0  0.419007  1.878156  2.297163
748.5  0.421331  1.867587  2.288918
749.0  0.415132  1.865467  2.280599
749.5  0.403401  1.871031  2.274432
750.0  0.390201  1.884531  2.274732
750.5  0.379135  1.901568  2.280702
751.0  0.372458  1.921191  2.293650
751.5  0.370885  1.944231  2.315115
752.0  0.373705  1.970036  2.343740
752.5  0.378969  1.998684  2.377653
753.0  0.383866  2.030422  2.414288
753.5  0.385561  2.062208  2.447770
754.0  0.382378  2.096801  2.479179
754.5  0.374829  2.129329  2.504158
755.0  0.365861  2.155584  2.521444
755.5  0.360003  2.170225  2.530228
756.0  0.361611  2.168369  2.529980
756.5  0.372879  2.151136  2.524014
757.0  0.392512  2.121273  2.513785
757.5  0.415786  2.085128  2.500914
758.0  0.436080  2.050774  2.486854
758.5  0.447311  2.031926  2.479237
759.0  0.446174  2.028826  2.475000
759.5  0.433191  2.042011  2.475202
760.0  0.412164  2.067672  2.479837
760.5  0.388481  2.098645  2.487126
761.0  0.367224  2.133717  2.500941
761.5  0.351906  2.164712  2.516618
762.0  0.343992  2.187648  2.531641
762.5  0.342907  2.203611  2.546518
763.0  0.346306  2.212791  2.559096
763.5  0.350700  2.216834  2.567534
764.0  0.352593  2.217946  2.570539
764.5  0.349918  2.215491  2.565410
765.0  0.343214  2.208967  2.552181
765.5  0.335890  2.193419  2.529309
766.0  0.333225  2.166042  2.499267
766.5  0.340265  2.126678  2.466943
767.0  0.359385  2.066689  2.426074
767.5  0.388653  1.996391  2.385044
768.0  0.421943  1.924105  2.346049
768.5  0.450956  1.861406  2.312362
769.0  0.468307  1.818436  2.286743
769.5  0.470237  1.796999  2.267237
770.0  0.457717  1.797061  2.254778
770.5  0.435593  1.814948  2.250541
771.0  0.410455  1.838700  2.249155
771.5  0.388424  1.859451  2.247875
772.0  0.373740  1.875593  2.249333
772.5  0.368251  1.880759  2.249009
773.0  0.371386  1.874668  2.246054
773.5  0.380375  1.853458  2.233833
774.0  0.390836  1.826985  2.217821
774.5  0.397961  1.802182  2.200143
775.0  0.398144  1.778398  2.176542
775.5  0.390517  1.759297  2.149814
776.0  0.377664  1.751882  2.129546
776.5  0.365030  1.751179  2.116209
777.0  0.358947  1.747938  2.106885
777.5  0.363914  1.745027  2.108941
778.0  0.380319  1.746714  2.127034
778.5  0.403852  1.752707  2.156559
779.0  0.427116  1.761585  2.188701
779.5  0.442765  1.785550  2.228315
780.0  0.446556  1.826302  2.272858
780.5  0.438811  1.877572  2.316384
781.0  0.423708  1.930714  2.354422
781.5  0.407098  1.979716  2.386814
782.0  0.394208  2.016625  2.410832
782.5  0.388260  2.039269  2.427529
783.0  0.390163  2.048537  2.438701
783.5  0.398746  2.044460  2.443206
784.0  0.411129  2.031437  2.442566
784.5  0.423262  2.016572  2.439834
785.0  0.430874  2.008916  2.439790
785.5  0.430809  2.011144  2.441954
786.0  0.422366  2.025108  2.447474
786.5  0.407992  2.052324  2.460317
787.0  0.392822  2.084293  2.477115
787.5  0.382896  2.067328  2.450223
788.0  0.382600  2.100158  2.482758
788.5  0.392450  2.049578  2.442028
789.0  0.408494  2.072639  2.481133
789.5  0.423897  2.005746  2.429643
790.0  0.432026  2.045681  2.477707
790.5  0.429417  2.002057  2.431475
791.0  0.417079  2.052445  2.469524
791.5  0.399599  2.040598  2.440197
792.0  0.382820  2.075327  2.458147
792.5  0.371510  2.080039  2.451549
793.0  0.368075  2.076791  2.444865
793.5  0.372395  2.093259  2.465654
794.0  0.382277  2.058039  2.440316
794.5  0.394058  2.076261  2.470318
795.0  0.403359  2.034434  2.437793
795.5  0.406144  2.062702  2.468846
796.0  0.399989  2.043344  2.443334
796.5  0.385195  2.079902  2.465097
797.0  0.365185  2.086136  2.451321
797.5  0.345757  2.111173  2.456930
798.0  0.333151  2.121152  2.454303
798.5  0.331490  2.116345  2.447835
799.0  0.340738  2.114030  2.454769
799.5  0.356376  2.087969  2.444345
800.0  0.371239  2.072818  2.444057
800.5  0.378758  2.061728  2.440486
801.0  0.375930  2.053419  2.429349
801.5  0.364474  2.082489  2.446963
802.0  0.349682  2.062482  2.412164
802.5  0.337797  2.115810  2.453607
803.0  0.333474  2.070382  2.403856
803.5  0.338453  2.118180  2.456633
804.0  0.351582  2.053206  2.404788
804.5  0.369580  2.080297  2.449878
805.0  0.387980  2.031506  2.419486
805.5  0.402089  2.037599  2.439688
806.0  0.408073  2.026654  2.434727
806.5  0.404096  2.023367  2.427463
807.0  0.391212  2.063396  2.454609
807.5  0.373579  2.056201  2.429780
808.0  0.357582  2.107118  2.464699
808.5  0.349852  2.086467  2.436319
809.0  0.354684  2.113704  2.468388
809.5  0.371974  2.072794  2.444768
810.0  0.396881  2.066317  2.463198
810.5  0.421709  2.030526  2.452235
811.0  0.439244  2.018410  2.457654
811.5  0.445853  2.012691  2.458544
812.0  0.442716  2.010245  2.452961
812.5  0.434645  2.027162  2.461807
813.0  0.427392  2.020930  2.448323
813.5  0.425071  2.034735  2.459806
814.0  0.428887  2.019842  2.448728
814.5  0.437285  2.012979  2.450264
815.0  0.446838  2.002871  2.449708
815.5  0.453256  1.979193  2.432449
816.0  0.452365  2.000168  2.452534
816.5  0.441133  1.975822  2.416956
817.0  0.418684  2.041132  2.459817
817.5  0.387007  2.021451  2.408458
818.0  0.350969  2.110279  2.461248
818.5  0.317354  2.087243  2.404597
819.0  0.292943  2.166077  2.459020
819.5  0.282201  2.131539  2.413740
820.0  0.285537  2.165045  2.450582
820.5  0.299179  2.123529  2.422708
821.0  0.316977  2.123619  2.440596
821.5  0.333393  2.099722  2.433115
822.0  0.346076  2.091165  2.437241
822.5  0.356581  2.083952  2.440533
823.0  0.368876  2.069952  2.438828
823.5  0.386673  2.054985  2.441658
824.0  0.411258  2.030476  2.441733
824.5  0.440880  1.992391  2.433270
825.0  0.471574  1.973185  2.444759
825.5  0.498534  1.926822  2.425356
826.0  0.517307  1.929969  2.447276
826.5  0.524666  1.887843  2.412510
827.0  0.519281  1.923380  2.442661
827.5  0.502207  1.912908  2.415115
828.0  0.477013  1.960700  2.437714
828.5  0.449261  1.973210  2.422471
829.0  0.425204  1.996286  2.421489
829.5  0.409868  2.024604  2.434473
830.0  0.405148  2.002077  2.407224
830.5  0.408791  2.036345  2.445136
831.0  0.415073  1.981928  2.397000
831.5  0.417163  2.030702  2.447865
832.0  0.410243  1.990816  2.401059
832.5  0.393766  2.052967  2.446732
833.0  0.371582  2.042223  2.413805
833.5  0.349848  2.096236  2.446084
834.0  0.334001  2.096592  2.430593
834.5  0.326603  2.115941  2.442543
835.0  0.326971  2.115913  2.442884
835.5  0.332245  2.112022  2.444266
836.0  0.338825  2.110782  2.449607
836.5  0.343499  2.104481  2.447980
837.0  0.344176  2.103994  2.448171
837.5  0.340421  2.114216  2.454637
838.0  0.333812  2.108415  2.442227
838.5  0.327898  2.134632  2.462530
839.0  0.327483  2.106520  2.434003
839.5  0.337153  2.128521  2.465674
840.0  0.359358  2.066671  2.426028
840.5  0.392773  2.074266  2.467038
841.0  0.431900  1.986845  2.418744
841.5  0.468501  1.989395  2.457896
842.0  0.494563  1.926532  2.421095
842.5  0.505484  1.943245  2.448729
843.0  0.501771  1.926066  2.427837
843.5  0.488260  1.944458  2.432718
844.0  0.471311  1.968174  2.439485
844.5  0.455771  1.972375  2.428146
845.0  0.443415  2.004592  2.448007
845.5  0.433300  1.989162  2.422462
846.0  0.423135  2.027360  2.450496
846.5  0.410507  2.013608  2.424115
847.0  0.393551  2.057319  2.450870
847.5  0.371336  2.057760  2.429096
848.0  0.344283  2.102589  2.446873
848.5  0.314603  2.120746  2.435349
849.0  0.286401  2.155195  2.441597
849.5  0.265077  2.174695  2.439772
850.0  0.255864  2.180863  2.436726
850.5  0.261828  2.172148  2.433976
851.0  0.282119  2.150086  2.432205
851.5  0.311520  2.114518  2.426038
852.0  0.341946  2.090778  2.432724
852.5  0.365552  2.045698  2.411250
853.0  0.378004  2.057031  2.435035
853.5  0.380099  2.023595  2.403694
854.0  0.376714  2.055071  2.431785
854.5  0.373758  2.027242  2.401000
855.0  0.375085  2.050874  2.425959
855.5  0.381190  2.026590  2.407779
856.0  0.389923  2.028099  2.418022
856.5  0.398132  2.021810  2.419942
857.0  0.402978  2.007827  2.410804
857.5  0.402531  2.029280  2.431811
858.0  0.395985  2.012728  2.408714
858.5  0.383876  2.055018  2.438894
859.0  0.368326  2.046692  2.415018
859.5  0.353048  2.089985  2.443033
860.0  0.342762  2.083477  2.426239
860.5  0.341907  2.098108  2.440015
861.0  0.352892  2.081142  2.434033
861.5  0.374595  2.065606  2.440201
862.0  0.402025  2.038705  2.440730
862.5  0.427758  2.012230  2.439988
863.0  0.444865  1.995687  2.440552
863.5  0.449983  1.993593  2.443576
864.0  0.444785  1.993578  2.438363
864.5  0.434828  2.014826  2.449654
865.0  0.426442  2.010544  2.436986
865.5  0.423637  2.028791  2.452428
866.0  0.426843  2.005385  2.432228
866.5  0.433749  2.020215  2.453964
867.0  0.441046  1.989215  2.430261
867.5  0.445823  2.007511  2.453334
868.0  0.446181  1.984665  2.430846
868.5  0.441424  2.009012  2.450437
869.0  0.432176  2.002137  2.434313
869.5  0.420459  2.022680  2.443139
870.0  0.409488  2.029216  2.438704
870.5  0.402918  2.035270  2.438188
871.0  0.403546  2.037778  2.441324
871.5  0.411828  2.020429  2.432257
872.0  0.424925  2.015735  2.440659
872.5  0.437039  1.990660  2.427699
873.0  0.441362  1.993535  2.434897
873.5  0.433072  1.993016  2.426088
874.0  0.411981  2.018507  2.430488
874.5  0.383196  2.046066  2.429263
875.0  0.355097  2.072884  2.427981
875.5  0.335582  2.091129  2.426711
876.0  0.328775  2.095496  2.424271
876.5  0.334003  2.090882  2.424885
877.0  0.347116  2.077471  2.424587
877.5  0.362771  2.055301  2.418072
878.0  0.376266  2.052028  2.428294
878.5  0.384483  2.029489  2.413972
879.0  0.386246  2.042818  2.429064
879.5  0.382453  2.029989  2.412442
880.0  0.375999  2.056591  2.432590
880.5  0.371238  2.044952  2.416190
881.0  0.372822  2.057513  2.430335
881.5  0.384007  2.040002  2.424009
882.0  0.404975  2.022400  2.427375
882.5  0.431966  1.996204  2.428171
883.0  0.457938  1.963902  2.421840
883.5  0.474888  1.954808  2.429696
884.0  0.477078  1.945179  2.422257
884.5  0.463685  1.967289  2.430975
885.0  0.439390  1.986780  2.426169
885.5  0.412341  2.020867  2.433208
886.0  0.390529  2.039820  2.430349
886.5  0.378601  2.052019  2.430620
887.0  0.376739  2.059986  2.436725
887.5  0.381664  2.052884  2.434548
888.0  0.388551  2.046613  2.435164
888.5  0.392696  2.043276  2.435972
889.0  0.390563  2.045077  2.435640
889.5  0.380458  2.062319  2.442778
890.0  0.363017  2.072501  2.435518
890.5  0.341358  2.103480  2.444838
891.0  0.320582  2.115454  2.436036
891.5  0.306434  2.139778  2.446211
892.0  0.303337  2.135969  2.439306
892.5  0.312482  2.133222  2.445704
893.0  0.330881  2.109627  2.440508
893.5  0.352115  2.092330  2.444445
894.0  0.368761  2.068269  2.437030
894.5  0.375604  2.062678  2.438282
895.0  0.372096  2.063997  2.436093
895.5  0.362689  2.072584  2.435273
896.0  0.354693  2.081624  2.436318
896.5  0.354759  2.080525  2.435284
897.0  0.365969  2.067219  2.433188
897.5  0.386969  2.046877  2.433845
898.0  0.413100  2.014465  2.427564
898.5  0.438371  1.993626  2.431997
899.0  0.457168  1.969777  2.426944
899.5  0.465361  1.966911  2.432272
900.0  0.461019  1.965392  2.426411
900.5  0.444873  1.984022  2.428895
901.0  0.420383  2.007505  2.427888
901.5  0.393130  2.035153  2.428283
902.0  0.369379  2.059943  2.429322
902.5  0.354090  2.069874  2.423964
903.0  0.349060  2.078526  2.427586
903.5  0.352107  2.068776  2.420883
904.0  0.357898  2.065295  2.423194
904.5  0.360311  2.058977  2.419288
905.0  0.355369  2.065273  2.420642
905.5  0.343333  2.078318  2.421650
906.0  0.328775  2.088543  2.417318
906.5  0.318501  2.100796  2.419297
907.0  0.318420  2.101210  2.419629
907.5  0.331071  2.084280  2.415351
908.0  0.354952  2.067189  2.422141
908.5  0.385496  2.026677  2.412173
909.0  0.416741  2.011427  2.428168
909.5  0.442850  1.967576  2.410426
910.0  0.459237  1.971938  2.431176
910.5  0.463434  1.951622  2.415055
911.0  0.455696  1.974881  2.430577
911.5  0.439167  1.984194  2.423361
912.0  0.419279  2.010798  2.430078
912.5  0.402299  2.027464  2.429763
913.0  0.393271  2.036078  2.429350
913.5  0.394077  2.041967  2.436044
914.0  0.402538  2.026737  2.429275
914.5  0.413217  2.025816  2.439033
915.0  0.419819  2.012813  2.432632
915.5  0.418183  2.022203  2.440386
916.0  0.408355  2.028298  2.436653
916.5  0.394589  2.045131  2.439719
917.0  0.383195  2.058644  2.441839
917.5  0.379477  2.060135  2.439612
918.0  0.385485  2.058158  2.443643
918.5  0.399609  2.039355  2.438964
919.0  0.417727  2.024138  2.441865
919.5  0.434865  2.002563  2.437428
920.0  0.446545  1.990954  2.437498
920.5  0.449670  1.992656  2.442326
921.0  0.443140  1.990172  2.433312
921.5  0.428265  2.015096  2.443361
922.0  0.408817  2.017704  2.426520
922.5  0.390406  2.057012  2.447417
923.0  0.379053  2.041147  2.420200
923.5  0.379157  2.068664  2.447821
924.0  0.391570  2.026140  2.417710
924.5  0.412729  2.029744  2.442473
925.0  0.435593  1.980796  2.416389
925.5  0.452308  1.980855  2.433163
926.0  0.457529  1.959957  2.417486
926.5  0.450776  1.975216  2.425992
927.0  0.436475  1.987095  2.423570
927.5  0.421591  1.997495  2.419086
928.0  0.412155  2.014229  2.426383
928.5  0.410634  2.007028  2.417662
929.0  0.415376  2.008019  2.423394
929.5  0.421914  1.996842  2.418756
930.0  0.424980  1.992324  2.417304
930.5  0.420181  1.998911  2.419092
931.0  0.405017  2.006943  2.411960
931.5  0.379385  2.040945  2.420330
932.0  0.345748  2.062251  2.408000
932.5  0.308934  2.104673  2.413608
933.0  0.275417  2.139898  2.415315
933.5  0.251942  2.154330  2.406272
934.0  0.243647  2.179855  2.423502
934.5  0.252189  2.146322  2.398511
935.0  0.274747  2.155707  2.430454
935.5  0.304633  2.091429  2.396062
936.0  0.333652  2.099042  2.432693
936.5  0.355330  2.044471  2.399801
937.0  0.367469  2.060037  2.427506
937.5  0.372598  2.041909  2.414506
938.0  0.376057  2.050387  2.426445
938.5  0.382848  2.047730  2.430578
939.0  0.395120  2.028152  2.423271
939.5  0.411520  2.028405  2.439925
940.0  0.428302  1.997144  2.425445
940.5  0.441109  2.004688  2.445797
941.0  0.446476  1.985954  2.432430
941.5  0.442677  2.003709  2.446386
942.0  0.430045  2.011649  2.441694
942.5  0.410953  2.035489  2.446442
943.0  0.389496  2.061134  2.450630
943.5  0.370803  2.070929  2.441732
944.0  0.359898  2.092937  2.452835
944.5  0.360244  2.076899  2.437143
945.0  0.372352  2.078151  2.450503
945.5  0.393132  2.044024  2.437157
946.0  0.416562  2.023015  2.439577
946.5  0.435744  2.004283  2.440027
947.0  0.445576  1.981856  2.427433
947.5  0.444700  2.002395  2.447096
948.0  0.435624  1.979241  2.414865
948.5  0.422963  2.031391  2.454355
949.0  0.410936  1.995583  2.406519
949.5  0.401582  2.054957  2.456539
950.0  0.394496  2.016785  2.411281
950.5  0.387734  2.068673  2.456407
951.0  0.379072  2.041857  2.420929
951.5  0.366954  2.081184  2.448138
952.0  0.351005  2.081800  2.432805
952.5  0.332223  2.111799  2.444022
953.0  0.312948  2.131173  2.444121
953.5  0.296592  2.146104  2.442696
954.0  0.287056  2.160827  2.447883
954.5  0.287777  2.156290  2.444067
955.0  0.300549  2.143752  2.444301
955.5  0.324498  2.120596  2.445094
956.0  0.355787  2.077282  2.433068
956.5  0.388503  2.058746  2.447249
957.0  0.416655  2.006472  2.423127
957.5  0.436447  2.009096  2.445542
958.0  0.447617  1.969422  2.417039
958.5  0.453011  1.990023  2.443034
959.0  0.456645  1.963960  2.420605
959.5  0.461493  1.971213  2.432706
960.0  0.468269  1.960824  2.429093
960.5  0.475619  1.943573  2.419192
961.0  0.481168  1.962045  2.443213
961.5  0.482609  1.925513  2.408122
962.0  0.478412  1.972793  2.451205
962.5  0.468124  1.936707  2.404831
963.0  0.452463  2.004816  2.457279
963.5  0.433269  1.979946  2.413214
964.0  0.413271  2.042771  2.456042
964.5  0.395589  2.031950  2.427539
965.0  0.382922  2.070561  2.453483
965.5  0.376563  2.064312  2.440874
966.0  0.375612  2.073876  2.449488
966.5  0.376904  2.072241  2.449144
967.0  0.376027  2.071376  2.447403
967.5  0.369288  2.079874  2.449162
968.0  0.355735  2.090799  2.446535
968.5  0.338053  2.109705  2.447757
969.0  0.321580  2.133369  2.454948
969.5  0.311925  2.128952  2.440877
970.0  0.312569  2.149066  2.461634
970.5  0.323776  2.109223  2.432999
971.0  0.343099  2.123046  2.466145
971.5  0.366742  2.057689  2.424430
972.0  0.390884  2.074307  2.465191
972.5  0.412518  2.008039  2.420557
973.0  0.429825  2.030188  2.460013
973.5  0.442302  1.981997  2.424300
974.0  0.450712  1.997861  2.448572
974.5  0.456816  1.978289  2.435104
975.0  0.462820  1.973186  2.436007
975.5  0.470506  1.975693  2.446199
976.0  0.480230  1.943920  2.424150
976.5  0.490199  1.965301  2.455500
977.0  0.496558  1.924380  2.420937
977.5  0.494598  1.966585  2.461183
978.0  0.480864  1.945552  2.426416
978.5  0.455163  2.003587  2.458751
979.0  0.421277  2.012340  2.433617
979.5  0.385714  2.064299  2.450013
980.0  0.355104  2.084350  2.439454
980.5  0.333714  2.110296  2.444010
981.0  0.322397  2.121177  2.443573
981.5  0.319169  2.120628  2.439796
982.0  0.320639  2.120691  2.441330
982.5  0.323383  2.115268  2.438651
983.0  0.324820  2.106503  2.431323
983.5  0.323655  2.117463  2.441118
984.0  0.320028  2.098435  2.418463
984.5  0.315462  2.131360  2.446823
985.0  0.312519  2.092414  2.404934
985.5  0.314109  2.132663  2.446773
986.0  0.322448  2.073027  2.395475
986.5  0.337920  2.102589  2.440509
987.0  0.358311  2.043160  2.401470
987.5  0.379009  2.044097  2.423106
988.0  0.394454  2.021761  2.416215
988.5  0.400463  2.008531  2.408995
989.0  0.396328  2.037057  2.433385
989.5  0.385375  2.018026  2.403401
990.0  0.373453  2.072813  2.446266
990.5  0.366140  2.045162  2.411302
991.0  0.366332  2.087971  2.454303
991.5  0.373516  2.052033  2.425549
992.0  0.384734  2.068983  2.453717
992.5  0.396232  2.044881  2.441113
993.0  0.404819  2.047854  2.452673
993.5  0.408562  2.042348  2.450910
994.0  0.407003  2.044680  2.451682
994.5  0.401144  2.056179  2.457323
995.0  0.393293  2.059646  2.452939
995.5  0.386642  2.068108  2.454750
996.0  0.384466  2.069989  2.454455
996.5  0.388944  2.058555  2.447498
997.0  0.399943  2.058629  2.458572
997.5  0.414371  2.015401  2.429772
998.0  0.426774  2.031832  2.458607
998.5  0.431416  1.986513  2.417930
999.0  0.425163  2.040453  2.465615
999.5  0.409672  2.001646  2.411318
1000.0  0.391333  2.072288  2.463621
