0.0  1.38493731
0.5  1.37998146
1.0  1.37121187
1.5  1.36075409
2.0  1.34622912
2.5  1.33260106
3.0  1.32074292
3.5  1.31635158
4.0  1.32280911
4.5  1.34196067
5.0  1.37399038
5.5  1.41404321
6.0  1.45810965
6.5  1.49875036
7.0  1.53435964
7.5  1.56335056
8.0  1.58852455
8.5  1.61220340
9.0  1.63736133
9.5  1.66387832
10.0  1.68996439
10.5  1.71157290
11.0  1.72510328
11.5  1.72649163
12.0  1.71550893
12.5  1.69043443
13.0  1.65656640
13.5  1.61540919
14.0  1.57507321
14.5  1.53875689
15.0  1.51134747
15.5  1.49255920
16.0  1.48033250
16.5  1.47147432
17.0  1.45967702
17.5  1.44535804
18.0  1.42538391
18.5  1.40532550
19.0  1.38616796
19.5  1.37171062
20.0  1.36078332
20.5  1.35456268
21.0  1.34999328
21.5  1.34445462
22.0  1.33527894
22.5  1.32130472
23.0  1.30392013
23.5  1.28565231
24.0  1.26802438
24.5  1.25773728
25.0  1.25957929
25.5  1.27786047
26.0  1.31105319
26.5  1.36147682
27.0  1.41962115
27.5  1.48255966
28.0  1.53960139
28.5  1.59050872
29.0  1.63033736
29.5  1.65929737
30.0  1.67612647
30.5  1.68205252
31.0  1.67882376
31.5  1.66651740
32.0  1.64776306
32.5  1.62273281
33.0  1.59466629
33.5  1.56318628
34.0  1.52970856
34.5  1.49577864
35.0  1.46397019
35.5  1.43765721
36.0  1.41885499
36.5  1.41016575
37.0  1.41252765
37.5  1.42159110
38.0  1.43775637
38.5  1.45641273
39.0  1.47716799
39.5  1.49493481
40.0  1.51264951
40.5  1.52707948
41.0  1.53904780
41.5  1.54406838
42.0  1.54398293
42.5  1.54190789
43.0  1.53638372
43.5  1.52990679
44.0  1.51980081
44.5  1.50990440
45.0  1.49960286
45.5  1.48890772
46.0  1.47626140
46.5  1.46511019
47.0  1.45480924
47.5  1.44269977
48.0  1.42920669
48.5  1.41491413
49.0  1.39960288
49.5  1.38246138
50.0  1.36631693
50.5  1.35534001
51.0  1.34738221
51.5  1.34445289
52.0  1.34599316
52.5  1.35252386
53.0  1.36182225
53.5  1.37866170
54.0  1.39834209
54.5  1.42477418
55.0  1.45357734
55.5  1.48827064
56.0  1.52395211
56.5  1.55916191
57.0  1.59280261
57.5  1.62268126
58.0  1.64713804
58.5  1.66148639
59.0  1.66646918
59.5  1.66136561
60.0  1.64890288
60.5  1.63044374
61.0  1.60777788
61.5  1.58506967
62.0  1.56437896
62.5  1.54541750
63.0  1.52922911
63.5  1.51205684
64.0  1.49842639
64.5  1.48754077
65.0  1.48217995
65.5  1.47594301
66.0  1.47132388
66.5  1.46957605
67.0  1.46984006
67.5  1.46978398
68.0  1.47067931
68.5  1.46995023
69.0  1.46437090
69.5  1.45625008
70.0  1.44386642
70.5  1.42691911
71.0  1.40879876
71.5  1.39530024
72.0  1.38408022
72.5  1.37518170
73.0  1.37228650
73.5  1.37198616
74.0  1.37386605
74.5  1.38067106
75.0  1.39053891
75.5  1.40192797
76.0  1.41490085
76.5  1.42971702
77.0  1.44353222
77.5  1.45805477
78.0  1.47019993
78.5  1.48249031
79.0  1.49293224
79.5  1.50434990
80.0  1.51235816
80.5  1.51942808
81.0  1.52648921
81.5  1.53533682
82.0  1.54769013
82.5  1.55901911
83.0  1.57066701
83.5  1.58035353
84.0  1.58431757
84.5  1.58223602
85.0  1.57182256
85.5  1.55779995
86.0  1.53986982
86.5  1.52053899
87.0  1.49841179
87.5  1.47648807
88.0  1.46007845
88.5  1.45102934
89.0  1.44743758
89.5  1.44624989
90.0  1.45006416
90.5  1.45613966
91.0  1.46306937
91.5  1.46995544
92.0  1.48148517
92.5  1.49808092
93.0  1.51838802
93.5  1.54188336
94.0  1.56722551
94.5  1.58944306
95.0  1.60370429
95.5  1.60984530
96.0  1.60842025
96.5  1.59725609
97.0  1.57369411
97.5  1.54150513
98.0  1.50533924
98.5  1.46967045
99.0  1.43588589
99.5  1.40776205
100.0  1.38558654
100.5  1.37047815
101.0  1.35802998
101.5  1.34920338
102.0  1.34287983
102.5  1.34404577
103.0  1.35222061
103.5  1.37101959
104.0  1.39619613
104.5  1.42626061
105.0  1.45816542
105.5  1.48925475
106.0  1.51620900
106.5  1.53701355
107.0  1.55158211
107.5  1.55875689
108.0  1.55627068
108.5  1.54633144
109.0  1.53472312
109.5  1.52472768
110.0  1.51635371
110.5  1.51328227
111.0  1.51501723
111.5  1.51745495
112.0  1.51820811
112.5  1.51945296
113.0  1.52115724
113.5  1.52523963
114.0  1.52986941
114.5  1.53231391
115.0  1.53361892
115.5  1.53304081
116.0  1.53065275
116.5  1.52597273
117.0  1.52076664
117.5  1.51343938
118.0  1.50386411
118.5  1.49206958
119.0  1.47924491
119.5  1.46581574
120.0  1.45264139
120.5  1.44712704
121.0  1.44703147
121.5  1.45134341
122.0  1.45941145
122.5  1.47215641
123.0  1.48707767
123.5  1.50539701
124.0  1.52326458
124.5  1.53864796
125.0  1.54946012
125.5  1.55628148
126.0  1.55619583
126.5  1.54882125
127.0  1.53552075
127.5  1.52144557
128.0  1.50731320
128.5  1.49100284
129.0  1.47263272
129.5  1.45389951
130.0  1.43762219
130.5  1.42302658
131.0  1.41149648
131.5  1.40494621
132.0  1.40220288
132.5  1.40368265
133.0  1.40806336
133.5  1.41196386
134.0  1.42006617
134.5  1.43539435
135.0  1.44812661
135.5  1.45818474
136.0  1.46830762
136.5  1.47673093
137.0  1.48285279
137.5  1.48711738
138.0  1.49414297
138.5  1.50158146
139.0  1.51164652
139.5  1.52133669
140.0  1.53272093
140.5  1.54661759
141.0  1.56595671
141.5  1.58943087
142.0  1.61849514
142.5  1.64830267
143.0  1.67369491
143.5  1.69234409
144.0  1.70412999
144.5  1.70706466
145.0  1.70168055
145.5  1.68769220
146.0  1.66546136
146.5  1.63369129
147.0  1.59652296
147.5  1.55554498
148.0  1.51083629
148.5  1.46665049
149.0  1.42527463
149.5  1.38501330
150.0  1.34675577
150.5  1.31482426
151.0  1.28927613
151.5  1.27458705
152.0  1.27401200
152.5  1.28743789
153.0  1.31254597
153.5  1.34440768
154.0  1.37756735
154.5  1.41077176
155.0  1.43915698
155.5  1.46093526
156.0  1.47461188
156.5  1.48527072
157.0  1.49222549
157.5  1.49074688
158.0  1.49266950
158.5  1.50252380
159.0  1.50559886
159.5  1.50935167
160.0  1.51817694
160.5  1.51999956
161.0  1.51304239
161.5  1.50774476
162.0  1.50163467
162.5  1.49554637
163.0  1.49913888
163.5  1.51072930
164.0  1.52408706
164.5  1.54843865
165.0  1.56442011
165.5  1.57583778
166.0  1.58249368
166.5  1.58568047
167.0  1.58000120
167.5  1.57591682
168.0  1.57219434
168.5  1.56879985
169.0  1.56715001
169.5  1.56946954
170.0  1.57302619
170.5  1.57201682
171.0  1.56694879
171.5  1.55358614
172.0  1.53685537
172.5  1.51916882
173.0  1.50284310
173.5  1.49061620
174.0  1.48109392
174.5  1.47758314
175.0  1.47511652
175.5  1.46966666
176.0  1.46278279
176.5  1.45476007
177.0  1.44375433
177.5  1.43102627
178.0  1.41944942
178.5  1.41401181
179.0  1.41964349
179.5  1.42962676
180.0  1.44539812
180.5  1.46214576
181.0  1.47850545
181.5  1.48778214
182.0  1.48808461
182.5  1.48126272
183.0  1.46766371
183.5  1.45123534
184.0  1.43901071
184.5  1.43215392
185.0  1.42891819
185.5  1.43022225
186.0  1.43325102
186.5  1.43784626
187.0  1.44340223
187.5  1.45190336
188.0  1.46245152
188.5  1.47493539
189.0  1.49661820
189.5  1.52299684
190.0  1.56087158
190.5  1.60206161
191.0  1.64367731
191.5  1.67725024
192.0  1.69987262
192.5  1.70781448
193.0  1.70029391
193.5  1.68127092
194.0  1.65560267
194.5  1.62665142
195.0  1.59948003
195.5  1.57262380
196.0  1.54768303
196.5  1.52328316
197.0  1.49994231
197.5  1.47671216
198.0  1.44818719
198.5  1.42192272
199.0  1.40031909
199.5  1.38472498
200.0  1.37192911
200.5  1.37054624
201.0  1.37589923
201.5  1.38885900
202.0  1.40075619
202.5  1.40935635
203.0  1.41447754
203.5  1.41866612
204.0  1.41992346
204.5  1.42238513
205.0  1.42889319
205.5  1.44157001
206.0  1.45545439
206.5  1.47527020
207.0  1.49737882
207.5  1.51598874
208.0  1.52920923
208.5  1.54135856
209.0  1.54588943
209.5  1.54760178
210.0  1.54449742
210.5  1.53772540
211.0  1.53092030
211.5  1.52620432
212.0  1.51822093
212.5  1.50531853
213.0  1.49248187
213.5  1.47434159
214.0  1.45319895
214.5  1.43878003
215.0  1.43247539
215.5  1.43557493
216.0  1.45382294
216.5  1.48293661
217.0  1.52153032
217.5  1.56427633
218.0  1.60787969
218.5  1.64371114
219.0  1.67085325
219.5  1.69148147
220.0  1.69980771
220.5  1.69187490
221.0  1.68302947
221.5  1.67064708
222.0  1.64681783
222.5  1.61313837
223.0  1.57684216
223.5  1.53226118
224.0  1.48095461
224.5  1.42785531
225.0  1.37455652
225.5  1.33056940
226.0  1.30114248
226.5  1.28709934
227.0  1.28598576
227.5  1.30324062
228.0  1.33125649
228.5  1.36296400
229.0  1.39508473
229.5  1.42758191
230.0  1.45591406
230.5  1.47769297
231.0  1.49699060
231.5  1.51620615
232.0  1.53395330
232.5  1.54997575
233.0  1.56235965
233.5  1.57005307
234.0  1.56929463
234.5  1.55943560
235.0  1.53979921
235.5  1.51673230
236.0  1.49520676
236.5  1.48026707
237.0  1.47195978
237.5  1.47337111
238.0  1.48497945
238.5  1.50134477
239.0  1.51912788
239.5  1.53146599
240.0  1.53954432
240.5  1.54112330
241.0  1.53739594
241.5  1.52947154
242.0  1.52510853
242.5  1.52567044
243.0  1.53050083
243.5  1.53980058
244.0  1.54991378
244.5  1.55901665
245.0  1.56680977
245.5  1.56829707
246.0  1.56251254
246.5  1.55259697
247.0  1.54244636
247.5  1.53199609
248.0  1.52136002
248.5  1.51175026
249.0  1.50209429
249.5  1.48825188
250.0  1.47036124
250.5  1.44957369
251.0  1.42458166
251.5  1.40034872
252.0  1.38249176
252.5  1.37314769
253.0  1.37207046
253.5  1.38375425
254.0  1.40808992
254.5  1.43818764
255.0  1.46782522
255.5  1.49750377
256.0  1.52493756
256.5  1.54826883
257.0  1.56737784
257.5  1.58567126
258.0  1.60252595
258.5  1.61797132
259.0  1.63165805
259.5  1.64083148
260.0  1.64299556
260.5  1.63482370
261.0  1.61639408
261.5  1.59270926
262.0  1.56706562
262.5  1.54083765
263.0  1.51919745
263.5  1.50558322
264.0  1.50001852
264.5  1.50158656
265.0  1.50690066
265.5  1.51224049
266.0  1.51598931
266.5  1.52154055
267.0  1.51948756
267.5  1.51795997
268.0  1.52175773
268.5  1.53402243
269.0  1.55200622
269.5  1.57395943
270.0  1.59808521
270.5  1.62273582
271.0  1.64142375
271.5  1.64837835
272.0  1.64717694
272.5  1.64117875
273.0  1.62815883
273.5  1.61585878
274.0  1.60558737
274.5  1.59862448
275.0  1.59502135
275.5  1.59159880
276.0  1.58771093
276.5  1.57848331
277.0  1.56228325
277.5  1.53692307
278.0  1.50902844
278.5  1.48303587
279.0  1.45964532
279.5  1.44248223
280.0  1.43570690
280.5  1.43839140
281.0  1.44466962
281.5  1.45382315
282.0  1.46217841
282.5  1.46939990
283.0  1.47508701
283.5  1.48508691
284.0  1.50079794
284.5  1.51832520
285.0  1.53964689
285.5  1.56812420
286.0  1.60053469
286.5  1.63200255
287.0  1.65840789
287.5  1.67769220
288.0  1.69065824
288.5  1.69035859
289.0  1.67901366
289.5  1.66525372
290.0  1.64927886
290.5  1.63074500
291.0  1.61292397
291.5  1.60303755
292.0  1.60004925
292.5  1.59893279
293.0  1.59589581
293.5  1.59638115
294.0  1.60351371
294.5  1.61171164
295.0  1.61670043
295.5  1.62263906
296.0  1.62985592
296.5  1.63144225
297.0  1.62824761
297.5  1.62464304
298.0  1.61904478
298.5  1.60716744
299.0  1.58940785
299.5  1.57080210
300.0  1.55428061
300.5  1.54196576
301.0  1.53581102
301.5  1.53860827
302.0  1.54882462
302.5  1.56771041
303.0  1.58836957
303.5  1.60976808
304.0  1.62764352
304.5  1.64305179
305.0  1.65319776
305.5  1.65792606
306.0  1.65624237
306.5  1.64668088
307.0  1.63126469
307.5  1.61523712
308.0  1.60124358
308.5  1.58613793
309.0  1.57091550
309.5  1.55732183
310.0  1.54437988
310.5  1.53259371
311.0  1.52170567
311.5  1.51645263
312.0  1.51757118
312.5  1.52588448
313.0  1.54179548
313.5  1.56029083
314.0  1.57991284
314.5  1.60447869
315.0  1.62988082
315.5  1.65880650
316.0  1.67937310
316.5  1.70429052
317.0  1.72170122
317.5  1.73422965
318.0  1.74277631
318.5  1.74878522
319.0  1.75884461
319.5  1.75807857
320.0  1.75934737
320.5  1.75066619
321.0  1.74485543
321.5  1.73959043
322.0  1.72654764
322.5  1.72607407
323.0  1.71151395
323.5  1.71901552
324.0  1.70149384
324.5  1.70866316
325.0  1.69392936
325.5  1.69027728
326.0  1.68010103
326.5  1.67159087
327.0  1.66019390
327.5  1.63820258
328.0  1.62642576
328.5  1.61278941
329.0  1.60523012
329.5  1.59823049
330.0  1.59321071
330.5  1.59681313
331.0  1.59835612
331.5  1.59906261
332.0  1.60219979
332.5  1.60035695
333.0  1.61412073
333.5  1.60985508
334.0  1.62656712
334.5  1.61766763
335.0  1.63746178
335.5  1.63113279
336.0  1.64645454
336.5  1.63897039
337.0  1.64476871
337.5  1.63340432
338.0  1.62198659
338.5  1.61067882
339.0  1.59538221
339.5  1.58609535
340.0  1.57590241
340.5  1.58030770
341.0  1.58647599
341.5  1.59730001
342.0  1.61747347
342.5  1.63117916
343.0  1.65573990
343.5  1.66593689
344.0  1.69058726
344.5  1.69146379
345.0  1.70813074
345.5  1.70990354
346.0  1.71550918
346.5  1.72232433
347.0  1.72339711
347.5  1.73935372
348.0  1.73054493
348.5  1.74723004
349.0  1.73096401
349.5  1.74318494
350.0  1.73175842
350.5  1.73783998
351.0  1.73535589
351.5  1.73502013
352.0  1.73444222
352.5  1.72855988
353.0  1.72756172
353.5  1.72049055
354.0  1.71295611
354.5  1.71131115
355.0  1.69415926
355.5  1.67951808
356.0  1.65237977
356.5  1.63354907
357.0  1.61035539
357.5  1.57920085
358.0  1.56366144
358.5  1.53130369
359.0  1.53209298
359.5  1.50068204
360.0  1.51047310
360.5  1.49677943
361.0  1.52832515
361.5  1.53516286
362.0  1.55913912
362.5  1.57486999
363.0  1.59799106
363.5  1.61846428
364.0  1.62903818
364.5  1.65120198
365.0  1.66507366
365.5  1.68645441
366.0  1.69524685
366.5  1.70599182
367.0  1.71970927
367.5  1.72307520
368.0  1.74051511
368.5  1.73697875
369.0  1.75731837
369.5  1.74927877
370.0  1.76632721
370.5  1.76770746
371.0  1.78224319
371.5  1.79560577
372.0  1.79727450
372.5  1.81559438
373.0  1.79881503
373.5  1.80781781
374.0  1.77250978
374.5  1.76819491
375.0  1.72469141
375.5  1.70040447
376.0  1.65730975
376.5  1.62669484
377.0  1.59091108
377.5  1.55404001
378.0  1.52603407
378.5  1.51066209
379.0  1.50566528
379.5  1.50793428
380.0  1.50523620
380.5  1.52716868
381.0  1.54367976
381.5  1.58112368
382.0  1.60281761
382.5  1.63686670
383.0  1.66467601
383.5  1.67966649
384.0  1.69814716
384.5  1.68190231
385.0  1.69161671
385.5  1.65862896
386.0  1.66771020
386.5  1.63249965
387.0  1.63557542
387.5  1.61244096
388.0  1.61628231
388.5  1.61331029
389.0  1.62106726
389.5  1.63212878
390.0  1.64170606
390.5  1.65742060
391.0  1.66817493
391.5  1.67954177
392.0  1.69533435
392.5  1.70295940
393.0  1.72433039
393.5  1.71478853
394.0  1.72165700
394.5  1.68884281
395.0  1.68438604
395.5  1.64976595
396.0  1.64702435
396.5  1.62306841
397.0  1.62085624
397.5  1.62427147
398.0  1.63260062
398.5  1.65908281
399.0  1.66338301
399.5  1.70332195
400.0  1.70870506
400.5  1.73963424
401.0  1.73213808
401.5  1.75258546
402.0  1.74827233
402.5  1.75567238
403.0  1.75967362
403.5  1.76933375
404.0  1.77014279
404.5  1.75784599
405.0  1.73375698
405.5  1.71134372
406.0  1.67212370
406.5  1.64708343
407.0  1.60382469
407.5  1.59478248
408.0  1.56538483
408.5  1.56222959
409.0  1.55311495
409.5  1.55696355
410.0  1.57003246
410.5  1.56085178
411.0  1.58158555
411.5  1.56223158
412.0  1.58628939
412.5  1.56938108
413.0  1.59990632
413.5  1.59970767
414.0  1.63185058
414.5  1.64235479
415.0  1.66155517
415.5  1.66773399
416.0  1.67065790
416.5  1.67201716
417.0  1.67467028
417.5  1.68097581
418.0  1.69378771
418.5  1.70179459
419.0  1.73163355
419.5  1.74261164
420.0  1.77706085
420.5  1.77519792
421.0  1.80036199
421.5  1.77636817
422.0  1.78554611
422.5  1.74591692
423.0  1.73724935
423.5  1.71011375
424.0  1.70361106
424.5  1.68958714
425.0  1.67108782
425.5  1.66658624
426.0  1.63676019
426.5  1.63021847
427.0  1.59883901
427.5  1.59329221
428.0  1.57364010
428.5  1.57803936
429.0  1.57856537
429.5  1.58366297
430.0  1.59277330
430.5  1.60973499
431.0  1.62486875
431.5  1.63173118
432.0  1.62578372
432.5  1.63601331
433.0  1.61955478
433.5  1.63126774
434.0  1.61595273
434.5  1.64599428
435.0  1.64629505
435.5  1.67054500
436.0  1.67816098
436.5  1.68502982
437.0  1.69884318
437.5  1.69013654
438.0  1.70678715
438.5  1.69515618
439.0  1.71483635
439.5  1.70985198
440.0  1.72602389
440.5  1.72331667
441.0  1.72996785
441.5  1.72362522
442.0  1.70957138
442.5  1.68660718
443.0  1.65889932
443.5  1.63216482
444.0  1.61253390
444.5  1.59767142
445.0  1.61163453
445.5  1.62430326
446.0  1.66550828
446.5  1.67127471
447.0  1.70355379
447.5  1.69912930
448.0  1.72227656
448.5  1.70417919
449.0  1.71298383
449.5  1.70325657
450.0  1.71302541
450.5  1.71605456
451.0  1.72414848
451.5  1.74188215
452.0  1.74185285
452.5  1.74698221
453.0  1.73016552
453.5  1.72160387
454.0  1.69563310
454.5  1.67377529
455.0  1.66162216
455.5  1.66220405
456.0  1.67381430
456.5  1.68638032
457.0  1.69989516
457.5  1.71351991
458.0  1.70629329
458.5  1.70888563
459.0  1.68301815
459.5  1.67509129
460.0  1.64259158
460.5  1.62986726
461.0  1.61017059
461.5  1.59789158
462.0  1.59756054
462.5  1.58711111
463.0  1.59159629
463.5  1.57517994
464.0  1.57664034
464.5  1.56047392
465.0  1.56927245
465.5  1.57701631
466.0  1.60705851
466.5  1.63991014
467.0  1.68341938
467.5  1.72379286
468.0  1.75626416
468.5  1.77550541
469.0  1.78016952
469.5  1.76433553
470.0  1.74744090
470.5  1.70748091
471.0  1.68287986
471.5  1.64455072
472.0  1.63310544
472.5  1.60211611
473.0  1.61123009
473.5  1.60227694
474.0  1.61308007
474.5  1.61067355
475.0  1.61965879
475.5  1.62542919
476.0  1.63485142
476.5  1.65579853
477.0  1.67327654
477.5  1.70166210
478.0  1.72032309
478.5  1.73892609
479.0  1.74625496
479.5  1.74706095
480.0  1.74641479
480.5  1.73177873
481.0  1.72058306
481.5  1.70903191
482.0  1.70049545
482.5  1.70148770
483.0  1.69868271
483.5  1.71075433
484.0  1.70611228
484.5  1.71372263
485.0  1.70191796
485.5  1.69865864
486.0  1.68466221
486.5  1.67289919
487.0  1.67159191
487.5  1.66406688
488.0  1.66829873
488.5  1.65516685
489.0  1.65381159
489.5  1.63301864
490.0  1.61736696
490.5  1.58741643
491.0  1.55815928
491.5  1.53109656
492.0  1.51593917
492.5  1.50672347
493.0  1.50573506
493.5  1.51565115
494.0  1.54535120
494.5  1.57004078
495.0  1.60901960
495.5  1.62828581
496.0  1.67125258
496.5  1.69476172
497.0  1.73704352
497.5  1.75960135
498.0  1.80139334
498.5  1.82019810
499.0  1.83930698
499.5  1.84244676
500.0  1.83692963
500.5  1.81804088
501.0  1.79243531
501.5  1.76807167
502.0  1.74057507
502.5  1.71972929
503.0  1.70727208
503.5  1.69652826
504.0  1.69599502
504.5  1.69052315
505.0  1.69399800
505.5  1.68767788
506.0  1.68215518
506.5  1.67728966
507.0  1.67413196
507.5  1.68254197
508.0  1.67946919
508.5  1.69538395
509.0  1.69164304
509.5  1.69399261
510.0  1.67771834
510.5  1.66830577
511.0  1.64128409
511.5  1.61112348
512.0  1.58861685
512.5  1.56320399
513.0  1.54586900
513.5  1.53373011
514.0  1.53760407
514.5  1.53716030
515.0  1.54197548
515.5  1.55295429
516.0  1.55862286
516.5  1.56428864
517.0  1.57346895
517.5  1.58594802
518.0  1.60993376
518.5  1.62770082
519.0  1.66297542
519.5  1.67538782
520.0  1.70796162
520.5  1.70968620
521.0  1.72677758
521.5  1.71555307
522.0  1.72668187
522.5  1.72028497
523.0  1.72688001
523.5  1.72623322
524.0  1.73341422
524.5  1.73958096
525.0  1.74163262
525.5  1.74085279
526.0  1.73143092
526.5  1.71127701
527.0  1.69194995
527.5  1.66626492
528.0  1.65932600
528.5  1.64427021
529.0  1.65370925
529.5  1.64738014
530.0  1.66122525
530.5  1.66062758
531.0  1.66867450
531.5  1.66446596
532.0  1.65763588
532.5  1.66499547
533.0  1.66343635
533.5  1.68843996
534.0  1.69023112
534.5  1.72110243
535.0  1.73364655
535.5  1.75824651
536.0  1.75974551
536.5  1.75403928
537.0  1.73870366
537.5  1.70989260
538.0  1.68472464
538.5  1.65238244
539.0  1.63051826
539.5  1.61574587
540.0  1.60306279
540.5  1.59343617
541.0  1.58512693
541.5  1.57438327
542.0  1.56069451
542.5  1.54530429
543.0  1.53305256
543.5  1.52377706
544.0  1.52074358
544.5  1.52607933
545.0  1.53668361
545.5  1.55072976
546.0  1.56785479
546.5  1.58260421
547.0  1.59068848
547.5  1.59569777
548.0  1.60133555
548.5  1.60836619
549.0  1.62124250
549.5  1.64421943
550.0  1.67584486
550.5  1.70695198
551.0  1.73627039
551.5  1.75707694
552.0  1.76453511
552.5  1.76029769
553.0  1.74679233
553.5  1.72223508
554.0  1.69108824
554.5  1.65764148
555.0  1.62530865
555.5  1.59241702
556.0  1.56169699
556.5  1.53567434
557.0  1.51028631
557.5  1.48902282
558.0  1.47398814
558.5  1.46766907
559.0  1.47074323
559.5  1.48664565
560.0  1.51780104
560.5  1.55498797
561.0  1.59149875
561.5  1.62605171
562.0  1.65377417
562.5  1.66884531
563.0  1.67254762
563.5  1.67113318
564.0  1.66724530
564.5  1.65946487
565.0  1.65209837
565.5  1.64544104
566.0  1.63903860
566.5  1.63027283
567.0  1.61701013
567.5  1.59625388
568.0  1.56836992
568.5  1.53873597
569.0  1.51035095
569.5  1.48825791
570.0  1.47811247
570.5  1.48525141
571.0  1.50624274
571.5  1.53572515
572.0  1.57300204
572.5  1.61098749
573.0  1.64263727
573.5  1.66859591
574.0  1.68946526
574.5  1.70439600
575.0  1.71405621
575.5  1.72006088
576.0  1.72283540
576.5  1.71849945
577.0  1.70386682
577.5  1.68049812
578.0  1.65046821
578.5  1.61483186
579.0  1.57676769
579.5  1.54279170
580.0  1.51918800
580.5  1.51126160
581.0  1.51745583
581.5  1.53541900
582.0  1.56163368
582.5  1.58888710
583.0  1.61022497
583.5  1.62581382
584.0  1.63697010
584.5  1.64169513
585.0  1.64203801
585.5  1.64301924
586.0  1.64581778
586.5  1.64662595
587.0  1.64326367
587.5  1.63913824
588.0  1.63296100
588.5  1.62060230
589.0  1.60456773
589.5  1.59396452
590.0  1.58854494
590.5  1.59105660
591.0  1.60803800
591.5  1.63503276
592.0  1.66764063
592.5  1.69640328
593.0  1.71454243
593.5  1.71848511
594.0  1.70689343
594.5  1.68189831
595.0  1.64872706
595.5  1.61598389
596.0  1.58966443
596.5  1.57283224
597.0  1.56419612
597.5  1.56278185
598.0  1.56890620
598.5  1.57778937
599.0  1.58788048
599.5  1.59662731
600.0  1.60689246
600.5  1.62211363
601.0  1.64153566
601.5  1.66573298
602.0  1.69486728
602.5  1.72093254
603.0  1.73386145
603.5  1.73189975
604.0  1.71243848
604.5  1.67727262
605.0  1.62950402
605.5  1.57892276
606.0  1.53724920
606.5  1.50647101
607.0  1.49356299
607.5  1.50006756
608.0  1.52120934
608.5  1.54815806
609.0  1.58064675
609.5  1.61248284
610.0  1.63905906
610.5  1.66205989
611.0  1.68480955
611.5  1.71125115
612.0  1.74158845
612.5  1.77473685
613.0  1.81437911
613.5  1.83731434
614.0  1.85515451
614.5  1.84719380
615.0  1.82903095
615.5  1.80189879
616.0  1.76710272
616.5  1.74428207
617.0  1.72326009
617.5  1.71587037
618.0  1.71737672
618.5  1.71554358
619.0  1.72711989
619.5  1.70875364
620.0  1.71081455
620.5  1.67134325
621.0  1.66467824
621.5  1.62664524
622.0  1.62748590
622.5  1.62048362
623.0  1.63959115
623.5  1.66491780
624.0  1.68711870
624.5  1.72043831
625.0  1.72365951
625.5  1.74696177
626.0  1.74404341
626.5  1.76355470
627.0  1.77328612
627.5  1.80010468
628.0  1.82812167
628.5  1.85787504
629.0  1.89402861
629.5  1.90551753
630.0  1.91351160
630.5  1.90017988
631.0  1.87872309
631.5  1.84810011
632.0  1.80878990
632.5  1.78993352
633.0  1.75571940
633.5  1.75965090
634.0  1.74015296
634.5  1.75277877
635.0  1.72406471
635.5  1.72072304
636.0  1.68744307
636.5  1.67762631
637.0  1.66008413
637.5  1.65970857
638.0  1.67445587
638.5  1.69224537
639.0  1.72378202
639.5  1.74454121
640.0  1.77337183
640.5  1.78212245
641.0  1.78115068
641.5  1.76851923
642.0  1.74694990
642.5  1.72909894
643.0  1.71606690
643.5  1.70835200
644.0  1.71836708
644.5  1.71922918
645.0  1.74431387
645.5  1.73256117
646.0  1.74594957
646.5  1.71695063
647.0  1.71905764
647.5  1.69897895
648.0  1.69733648
648.5  1.70231587
649.0  1.71166269
649.5  1.73807338
650.0  1.74774510
650.5  1.77061233
651.0  1.76291682
651.5  1.75820329
652.0  1.73052555
652.5  1.71256687
653.0  1.69311572
653.5  1.67531257
654.0  1.67598035
654.5  1.68548102
655.0  1.71226468
655.5  1.73399747
656.0  1.75545871
656.5  1.77283922
657.0  1.77573195
657.5  1.78225165
658.0  1.77441819
658.5  1.79519882
659.0  1.79524967
659.5  1.82828848
660.0  1.82904773
660.5  1.85217829
661.0  1.84153624
661.5  1.84217908
662.0  1.81459129
662.5  1.78448916
663.0  1.74819302
663.5  1.71596033
664.0  1.69701821
664.5  1.69129685
665.0  1.69503262
665.5  1.70844200
666.0  1.71700159
666.5  1.73427480
667.0  1.73136522
667.5  1.73162245
668.0  1.71937787
668.5  1.70890164
669.0  1.70310624
669.5  1.68959860
670.0  1.70084616
670.5  1.69361743
671.0  1.71120640
671.5  1.69946943
672.0  1.70518130
672.5  1.68925736
673.0  1.67608369
673.5  1.65562181
674.0  1.64219631
674.5  1.64528888
675.0  1.65322467
675.5  1.67495354
676.0  1.70447356
676.5  1.73581448
677.0  1.76736738
677.5  1.79014457
678.0  1.81777138
678.5  1.82707623
679.0  1.84000332
679.5  1.84258312
680.0  1.85163518
680.5  1.85708945
681.0  1.85680335
681.5  1.85800619
682.0  1.84204634
682.5  1.83149804
683.0  1.80091857
683.5  1.78456250
684.0  1.75497636
684.5  1.74820812
685.0  1.73661044
685.5  1.74550788
686.0  1.75394362
686.5  1.77318575
687.0  1.78729789
687.5  1.79771060
688.0  1.79865398
688.5  1.79460836
689.0  1.78621527
689.5  1.78033812
690.0  1.76354225
690.5  1.76027340
691.0  1.74113042
691.5  1.74190024
692.0  1.72373850
692.5  1.71212999
693.0  1.68926354
693.5  1.65924886
694.0  1.64198657
694.5  1.61492285
695.0  1.61925850
695.5  1.60685088
696.0  1.62547460
696.5  1.63405752
697.0  1.66100109
697.5  1.67966361
698.0  1.69289506
698.5  1.70172824
699.0  1.70605074
699.5  1.70208727
700.0  1.70170115
700.5  1.69608215
701.0  1.70511486
701.5  1.70004064
702.0  1.71390158
702.5  1.71114937
703.0  1.72362477
703.5  1.72179042
704.0  1.72574103
704.5  1.73449251
705.0  1.73792547
705.5  1.75381009
706.0  1.76184819
706.5  1.79661328
707.0  1.80501111
707.5  1.84376423
708.0  1.84946719
708.5  1.87516328
709.0  1.87063499
709.5  1.87584245
710.0  1.86257373
710.5  1.86142912
711.0  1.85848336
711.5  1.85364774
712.0  1.84668062
712.5  1.83982167
713.0  1.82825862
713.5  1.82039459
714.0  1.79243112
714.5  1.78152543
715.0  1.73340720
715.5  1.72227938
716.0  1.68068414
716.5  1.67738000
717.0  1.65062901
717.5  1.64669262
718.0  1.63949457
718.5  1.62490177
719.0  1.62228738
719.5  1.59429802
720.0  1.59632636
720.5  1.57620212
721.0  1.59063792
721.5  1.59045612
722.0  1.61253689
722.5  1.64025831
723.0  1.67646720
723.5  1.70963250
724.0  1.74156916
724.5  1.77331828
725.0  1.80278102
725.5  1.81773497
726.0  1.84634688
726.5  1.85393419
727.0  1.88048271
727.5  1.88478771
728.0  1.90241917
728.5  1.90277113
729.0  1.89446817
729.5  1.88892130
730.0  1.85456999
730.5  1.84522230
731.0  1.79958874
731.5  1.80095858
732.0  1.76702863
732.5  1.78147330
733.0  1.76316967
733.5  1.77741410
734.0  1.77145789
734.5  1.77606644
735.0  1.76583279
735.5  1.75865560
736.0  1.74998973
736.5  1.73946099
737.0  1.73058162
737.5  1.72756620
738.0  1.71439098
738.5  1.72233586
739.0  1.70654998
739.5  1.71270704
740.0  1.68899491
740.5  1.69852909
741.0  1.66580777
741.5  1.68472360
742.0  1.67660549
742.5  1.70340542
743.0  1.72712177
743.5  1.75720653
744.0  1.79168569
744.5  1.80249670
745.0  1.83541823
745.5  1.82167930
746.0  1.82815403
746.5  1.79589078
747.0  1.78088121
747.5  1.74940722
748.0  1.72994977
748.5  1.70937881
749.0  1.69040367
749.5  1.67589160
750.0  1.66438298
750.5  1.64088087
751.0  1.63556729
751.5  1.61356267
752.0  1.62242389
752.5  1.61498844
753.0  1.64470404
753.5  1.65846820
754.0  1.69973637
754.5  1.73796838
755.0  1.76493548
755.5  1.79660744
756.0  1.80118441
756.5  1.83355882
757.0  1.81141747
757.5  1.83077618
758.0  1.80586458
758.5  1.82855481
759.0  1.81918594
759.5  1.84348901
760.0  1.84597819
760.5  1.86141454
761.0  1.86126749
761.5  1.85395203
762.0  1.85092001
762.5  1.84446417
763.0  1.83883315
763.5  1.84063210
764.0  1.83102729
764.5  1.84064861
765.0  1.81686081
765.5  1.82617872
766.0  1.78033405
766.5  1.77296636
767.0  1.71158806
767.5  1.69531428
768.0  1.63995482
768.5  1.61899186
769.0  1.59167555
769.5  1.58031202
770.0  1.58695468
770.5  1.58350799
771.0  1.60814044
771.5  1.60991790
772.0  1.64300569
772.5  1.65293790
773.0  1.69099917
773.5  1.72284502
774.0  1.76741497
774.5  1.80651194
775.0  1.84913957
775.5  1.88574920
776.0  1.91290028
776.5  1.91639550
777.0  1.92179720
777.5  1.88943261
778.0  1.87382468
778.5  1.82457351
779.0  1.81239672
779.5  1.77460873
780.0  1.76329757
780.5  1.74972073
781.0  1.74334633
781.5  1.75187691
782.0  1.72790078
782.5  1.73878191
783.0  1.71425947
783.5  1.73250745
784.0  1.71311669
784.5  1.72901595
785.0  1.72333523
785.5  1.73677678
786.0  1.73802130
786.5  1.74834320
787.0  1.75109785
787.5  1.75385480
788.0  1.74624042
788.5  1.74059965
789.0  1.74227946
789.5  1.76046985
790.0  1.76697379
790.5  1.79036948
791.0  1.79102081
791.5  1.82679016
792.0  1.81369224
792.5  1.83288704
793.0  1.80246743
793.5  1.80947739
794.0  1.77498883
794.5  1.76804976
795.0  1.75053377
795.5  1.74352067
796.0  1.74607909
796.5  1.73551279
797.0  1.74858874
797.5  1.72738297
798.0  1.73240366
798.5  1.71968423
799.0  1.72195669
799.5  1.71498621
800.0  1.72029540
800.5  1.73170512
801.0  1.74247765
801.5  1.75246909
802.0  1.76637683
802.5  1.75862774
803.0  1.76478942
803.5  1.73734214
804.0  1.74462794
804.5  1.71429562
805.0  1.72273589
805.5  1.70544598
806.0  1.72030651
806.5  1.72140632
807.0  1.72947972
807.5  1.74951735
808.0  1.74699142
808.5  1.76912059
809.0  1.76410778
809.5  1.79194630
810.0  1.79429033
810.5  1.83068887
811.0  1.84397098
811.5  1.87634028
812.0  1.89202429
812.5  1.90385446
813.0  1.89842251
813.5  1.88054464
814.0  1.85838554
814.5  1.82776180
815.0  1.79130869
815.5  1.76937739
816.0  1.74347875
816.5  1.74627880
817.0  1.72682514
817.5  1.74750199
818.0  1.73077732
818.5  1.75509980
819.0  1.73968400
819.5  1.75184598
820.0  1.74449242
820.5  1.76058428
821.0  1.76796868
821.5  1.77299584
822.0  1.78879893
822.5  1.78631669
823.0  1.79436190
823.5  1.77471167
824.0  1.76322684
824.5  1.73727300
825.0  1.71784981
825.5  1.70702730
826.0  1.70190912
826.5  1.70593899
827.0  1.71949988
827.5  1.73350023
828.0  1.75676975
828.5  1.76136344
829.0  1.78738157
829.5  1.77686809
830.0  1.78753193
830.5  1.77066716
831.0  1.77984061
831.5  1.77453826
832.0  1.77178184
832.5  1.76420851
833.0  1.75152211
833.5  1.74684844
834.0  1.71770151
834.5  1.70261350
835.0  1.67221280
835.5  1.66784962
836.0  1.66363600
836.5  1.67654309
837.0  1.69540316
837.5  1.73193116
838.0  1.77326795
838.5  1.81104106
839.0  1.84557898
839.5  1.87619682
840.0  1.89729469
840.5  1.91554812
841.0  1.91943246
841.5  1.93364457
842.0  1.92592196
842.5  1.93522274
843.0  1.90735160
843.5  1.90064923
844.0  1.85253229
844.5  1.82031509
845.0  1.76197367
845.5  1.72378665
846.0  1.68245151
846.5  1.66041236
847.0  1.65826579
847.5  1.65903265
848.0  1.67736162
848.5  1.69071014
849.0  1.70701262
849.5  1.71141374
850.0  1.71004738
850.5  1.70505794
851.0  1.69210855
851.5  1.68534333
852.0  1.68309843
852.5  1.68629743
853.0  1.71043378
853.5  1.71943885
854.0  1.73329794
854.5  1.72582034
855.0  1.73085614
855.5  1.70428285
856.0  1.69471614
856.5  1.68966621
857.0  1.70231124
857.5  1.72898630
858.0  1.76052687
858.5  1.82178106
859.0  1.86206050
859.5  1.91261537
860.0  1.93265588
860.5  1.95242692
861.0  1.94358377
861.5  1.93109190
862.0  1.91122242
862.5  1.89190290
863.0  1.87700501
863.5  1.86832218
864.0  1.85578402
864.5  1.84879947
865.0  1.81927314
865.5  1.79917317
866.0  1.74691706
866.5  1.71920093
867.0  1.67003628
867.5  1.66540360
868.0  1.65344543
868.5  1.67512048
869.0  1.69054243
869.5  1.72106231
870.0  1.74244182
870.5  1.75304591
871.0  1.75266555
871.5  1.73829646
872.0  1.72741287
872.5  1.71081490
873.0  1.70761947
873.5  1.71450520
874.0  1.73383629
874.5  1.77288546
875.0  1.79495862
875.5  1.81814674
876.0  1.83427510
876.5  1.83125336
877.0  1.81927740
877.5  1.79850232
878.0  1.80350379
878.5  1.79398100
879.0  1.80461772
879.5  1.79943284
880.0  1.81221821
880.5  1.80979078
881.0  1.79049190
881.5  1.76155056
882.0  1.71810475
882.5  1.69712663
883.0  1.65982024
883.5  1.64446799
884.0  1.63719418
884.5  1.65894614
885.0  1.68428961
885.5  1.71016728
886.0  1.73363064
886.5  1.74792280
887.0  1.75091816
887.5  1.75064505
888.0  1.74682368
888.5  1.77118236
889.0  1.78885744
889.5  1.83893602
890.0  1.86735971
890.5  1.92332190
891.0  1.93894300
891.5  1.96874493
892.0  1.95969238
892.5  1.95099915
893.0  1.91876130
893.5  1.89588940
894.0  1.87367619
894.5  1.85004215
895.0  1.84904349
895.5  1.84580699
896.0  1.83677361
896.5  1.81063537
897.0  1.77871260
897.5  1.73354531
898.0  1.67210645
898.5  1.62066168
899.0  1.56971534
899.5  1.54622744
900.0  1.53023982
900.5  1.54214123
901.0  1.55638886
901.5  1.57216638
902.0  1.60000646
902.5  1.61190439
903.0  1.64236671
903.5  1.64208551
904.0  1.68138764
904.5  1.69986407
905.0  1.75102728
905.5  1.79438961
906.0  1.84963638
906.5  1.90006197
907.0  1.93123092
907.5  1.95260735
908.0  1.94127149
908.5  1.93305717
909.0  1.90749219
909.5  1.88293131
910.0  1.86051469
910.5  1.84412558
911.0  1.83649863
911.5  1.82542536
912.0  1.81684196
912.5  1.80998425
913.0  1.78851884
913.5  1.78357138
914.0  1.75232057
914.5  1.75969041
915.0  1.73657828
915.5  1.76633705
916.0  1.76633206
916.5  1.80136853
917.0  1.80879070
917.5  1.83426095
918.0  1.82876639
918.5  1.81582533
919.0  1.79331083
919.5  1.77002041
920.0  1.74833192
920.5  1.72759197
921.0  1.71780487
921.5  1.71091073
922.0  1.70241874
922.5  1.70103801
923.0  1.68833122
923.5  1.69333478
924.0  1.67944456
924.5  1.68581254
925.0  1.67466235
925.5  1.69595585
926.0  1.70487160
926.5  1.72432435
927.0  1.74614827
927.5  1.75786538
928.0  1.78071484
928.5  1.76266884
929.0  1.77947743
929.5  1.75575446
930.0  1.76934218
930.5  1.75827256
931.0  1.77404070
931.5  1.78423733
932.0  1.79444076
932.5  1.81015448
933.0  1.81398462
933.5  1.82389345
934.0  1.82396009
934.5  1.81835040
935.0  1.81638937
935.5  1.81264084
936.0  1.82271911
936.5  1.82163906
937.0  1.82597283
937.5  1.83666468
938.0  1.83593530
938.5  1.83747587
939.0  1.80537299
939.5  1.80582700
940.0  1.76841004
940.5  1.77231824
941.0  1.74462987
941.5  1.76428083
942.0  1.75881861
942.5  1.77895918
943.0  1.78603488
943.5  1.80228606
944.0  1.80950996
944.5  1.81123786
945.0  1.81734835
945.5  1.81146459
946.0  1.81935173
946.5  1.81653741
947.0  1.82148835
947.5  1.81791325
948.0  1.80977685
948.5  1.80424310
949.0  1.77133388
949.5  1.74569738
950.0  1.69347815
950.5  1.67143481
951.0  1.63941747
951.5  1.62956290
952.0  1.63278993
952.5  1.64065562
953.0  1.68235251
953.5  1.69097996
954.0  1.74491045
954.5  1.75621992
955.0  1.80899109
955.5  1.82452751
956.0  1.85965432
956.5  1.87591177
957.0  1.89199565
957.5  1.90752986
958.0  1.91045338
958.5  1.91799327
959.0  1.90329782
959.5  1.88614805
960.0  1.86430378
960.5  1.83479669
961.0  1.80800936
961.5  1.78013116
962.0  1.76817314
962.5  1.76618131
963.0  1.75784856
963.5  1.76668615
964.0  1.75410125
964.5  1.77663827
965.0  1.74569164
965.5  1.75809240
966.0  1.73263910
966.5  1.75566031
967.0  1.73541533
967.5  1.74792041
968.0  1.75160651
968.5  1.76642289
969.0  1.77785362
969.5  1.77683361
970.0  1.78282670
970.5  1.77227664
971.0  1.77510108
971.5  1.75977113
972.0  1.76332460
972.5  1.77428494
973.0  1.78203837
973.5  1.80108510
974.0  1.81594420
974.5  1.83613459
975.0  1.82579508
975.5  1.83150927
976.0  1.81266318
976.5  1.79902578
977.0  1.77931835
977.5  1.75239691
978.0  1.75121725
978.5  1.73138173
979.0  1.74762703
979.5  1.72513978
980.0  1.75027220
980.5  1.72790354
981.0  1.73279389
981.5  1.71340880
982.0  1.71476225
982.5  1.71216380
983.0  1.71614065
983.5  1.72377498
984.0  1.72744347
984.5  1.74617808
985.0  1.75832458
985.5  1.75604198
986.0  1.76284994
986.5  1.75991135
987.0  1.76821914
987.5  1.76341165
988.0  1.77564428
988.5  1.78731971
989.0  1.79415301
989.5  1.82901376
990.0  1.83499976
990.5  1.86674064
991.0  1.86482156
991.5  1.89752646
992.0  1.88181007
992.5  1.90863449
993.0  1.90737406
993.5  1.91464769
994.0  1.90465153
994.5  1.90050083
995.0  1.89715767
995.5  1.86620768
996.0  1.83741998
996.5  1.79713382
997.0  1.76070818
997.5  1.72396525
998.0  1.67994303
998.5  1.64847136
999.0  1.62357487
999.5  1.62383658
1000.0  1.60921848
