0.0  1.28661934
0.5  1.28049312
1.0  1.26784179
1.5  1.25421485
2.0  1.24253374
2.5  1.23663562
3.0  1.23655981
3.5  1.24269138
4.0  1.25302546
4.5  1.26482189
5.0  1.27540978
5.5  1.28273406
6.0  1.28726773
6.5  1.29126020
7.0  1.29807883
7.5  1.31079601
8.0  1.32925454
8.5  1.35192000
9.0  1.37322003
9.5  1.38874257
10.0  1.39388637
10.5  1.38838489
11.0  1.37389371
11.5  1.35415175
12.0  1.33410309
12.5  1.31629449
13.0  1.30414675
13.5  1.29762766
14.0  1.29707841
14.5  1.29990824
15.0  1.30367432
15.5  1.30534010
16.0  1.30313144
16.5  1.29742146
17.0  1.29031743
17.5  1.28574563
18.0  1.28591555
18.5  1.29185586
19.0  1.30155040
19.5  1.31019853
20.0  1.31279348
20.5  1.30687399
21.0  1.29197379
21.5  1.27053063
22.0  1.24659525
22.5  1.22531810
23.0  1.21040400
23.5  1.20374954
24.0  1.20431865
24.5  1.21231913
25.0  1.22494294
25.5  1.23952417
26.0  1.25115863
26.5  1.25899073
27.0  1.26266241
27.5  1.26493230
28.0  1.26814196
28.5  1.27577454
29.0  1.28868168
29.5  1.30375214
30.0  1.31664944
30.5  1.32323150
31.0  1.32054499
31.5  1.30850091
32.0  1.29080610
32.5  1.27219614
33.0  1.25675278
33.5  1.24762868
34.0  1.24593357
34.5  1.25061264
35.0  1.26033003
35.5  1.27322572
36.0  1.28527615
36.5  1.29302448
37.0  1.29700957
37.5  1.29735879
38.0  1.29798123
38.5  1.30189094
39.0  1.31436778
39.5  1.33413206
40.0  1.35786141
40.5  1.38102393
41.0  1.39675217
41.5  1.40189671
42.0  1.39637416
42.5  1.38307040
43.0  1.36658841
43.5  1.35110108
44.0  1.33925243
44.5  1.33132046
45.0  1.32598114
45.5  1.32137429
46.0  1.31389673
46.5  1.30081645
47.0  1.27865230
47.5  1.24879607
48.0  1.21396384
48.5  1.18097690
49.0  1.15511692
49.5  1.14256780
50.0  1.14484829
50.5  1.15991495
51.0  1.18199933
51.5  1.20615569
52.0  1.22826836
52.5  1.24597560
53.0  1.26177394
53.5  1.27630920
54.0  1.29280898
54.5  1.31155326
55.0  1.33313072
55.5  1.35422710
56.0  1.37259080
56.5  1.38439898
57.0  1.38537152
57.5  1.37363617
58.0  1.35058123
58.5  1.31972090
59.0  1.28795012
59.5  1.26219103
60.0  1.24793811
60.5  1.24576555
61.0  1.25468199
61.5  1.26898029
62.0  1.28446296
62.5  1.29647678
63.0  1.30533608
63.5  1.31122540
64.0  1.31807015
64.5  1.32695272
65.0  1.33825019
65.5  1.35179754
66.0  1.36594523
66.5  1.37857168
67.0  1.38543066
67.5  1.38375883
68.0  1.37207411
68.5  1.35091482
69.0  1.32345205
69.5  1.29551275
70.0  1.27378875
70.5  1.26199842
71.0  1.26136527
71.5  1.27040671
72.0  1.28260933
72.5  1.29267881
73.0  1.29749258
73.5  1.29697120
74.0  1.29061171
74.5  1.28034652
75.0  1.27037402
75.5  1.26315621
76.0  1.25781959
76.5  1.25430112
77.0  1.25245719
77.5  1.24935425
78.0  1.24283890
78.5  1.23158704
79.0  1.21690983
79.5  1.20018674
80.0  1.18734246
80.5  1.18369844
81.0  1.19216276
81.5  1.21259266
82.0  1.24094041
82.5  1.27204577
83.0  1.29977027
83.5  1.31990139
84.0  1.33116281
84.5  1.33364806
85.0  1.32919230
85.5  1.32016374
86.0  1.31005901
86.5  1.30063915
87.0  1.29313603
87.5  1.28738657
88.0  1.28434605
88.5  1.28149977
89.0  1.27847120
89.5  1.27642478
90.0  1.27662588
90.5  1.28352063
91.0  1.30028159
91.5  1.32754763
92.0  1.36240414
92.5  1.40078134
93.0  1.43505421
93.5  1.46077644
94.0  1.47328776
94.5  1.47159019
95.0  1.45724082
95.5  1.43278578
96.0  1.40246970
96.5  1.36838029
97.0  1.33413244
97.5  1.30134801
98.0  1.27059204
98.5  1.24022433
99.0  1.21141304
99.5  1.18473089
100.0  1.15830313
100.5  1.13909918
101.0  1.12993053
101.5  1.13324978
102.0  1.14882463
102.5  1.17629593
103.0  1.21145636
103.5  1.24574220
104.0  1.27417331
104.5  1.29522377
105.0  1.30783597
105.5  1.31165174
106.0  1.30873960
106.5  1.30291294
107.0  1.29806878
107.5  1.29517925
108.0  1.29566865
108.5  1.29755585
109.0  1.30023815
109.5  1.30157138
110.0  1.29989177
110.5  1.29522747
111.0  1.29006558
111.5  1.28707776
112.0  1.28939801
112.5  1.29698855
113.0  1.30859622
113.5  1.32096846
114.0  1.32975171
114.5  1.33241842
115.0  1.32920847
115.5  1.32199829
116.0  1.31134075
116.5  1.30175812
117.0  1.29685701
117.5  1.29869614
118.0  1.30626205
118.5  1.31886013
119.0  1.33255976
119.5  1.34460421
120.0  1.35120160
120.5  1.35075331
121.0  1.34271470
121.5  1.33185453
122.0  1.32060297
122.5  1.31268750
123.0  1.31046996
123.5  1.31296754
124.0  1.31493983
124.5  1.31510903
125.0  1.31053100
125.5  1.30008151
126.0  1.28441641
126.5  1.26689004
127.0  1.25210450
127.5  1.24136280
128.0  1.23805447
128.5  1.24334973
129.0  1.25466306
129.5  1.26989140
130.0  1.28400486
130.5  1.29300617
131.0  1.29418025
131.5  1.28692620
132.0  1.27399348
132.5  1.25984410
133.0  1.24760230
133.5  1.23820564
134.0  1.23347910
134.5  1.23084186
135.0  1.22800155
135.5  1.22300071
136.0  1.21630892
136.5  1.21041320
137.0  1.20683194
137.5  1.20926085
138.0  1.21879014
138.5  1.23750053
139.0  1.26415909
139.5  1.29531662
140.0  1.32515250
140.5  1.35026749
141.0  1.36728953
141.5  1.37471811
142.0  1.37420120
142.5  1.37001405
143.0  1.36747311
143.5  1.36994131
144.0  1.37739601
144.5  1.39108954
145.0  1.40644116
145.5  1.41884113
146.0  1.42342454
146.5  1.42023213
147.0  1.41127219
147.5  1.39848872
148.0  1.38540498
148.5  1.37341910
149.0  1.36547623
149.5  1.36011084
150.0  1.35479662
150.5  1.34599791
151.0  1.33090930
151.5  1.30542328
152.0  1.27020469
152.5  1.22971689
153.0  1.18922308
153.5  1.15491409
154.0  1.13279728
154.5  1.12463418
155.0  1.12954096
155.5  1.14432024
156.0  1.16478114
156.5  1.18673407
157.0  1.20766897
157.5  1.22738760
158.0  1.24705819
158.5  1.26767074
159.0  1.28991155
159.5  1.31421704
160.0  1.33781355
160.5  1.35790132
161.0  1.36900390
161.5  1.36947954
162.0  1.35664641
162.5  1.33200694
163.0  1.29998635
163.5  1.26761891
164.0  1.24082628
164.5  1.22561110
165.0  1.22497986
165.5  1.23533402
166.0  1.25306502
166.5  1.27334688
167.0  1.29289694
167.5  1.30937641
168.0  1.32133809
168.5  1.33024856
169.0  1.34082005
169.5  1.35351901
170.0  1.36723427
170.5  1.38219002
171.0  1.39604005
171.5  1.40398375
172.0  1.40285417
172.5  1.39071463
173.0  1.36704414
173.5  1.33618380
174.0  1.30604603
174.5  1.28213332
175.0  1.26775759
175.5  1.26637695
176.0  1.27459888
176.5  1.29088630
177.0  1.30949599
177.5  1.32603745
178.0  1.33647431
178.5  1.34057505
179.0  1.33890987
179.5  1.33357414
180.0  1.32695091
180.5  1.32019496
181.0  1.31325316
181.5  1.30533829
182.0  1.29452923
182.5  1.27887439
183.0  1.25602594
183.5  1.22722319
184.0  1.19648995
184.5  1.16953397
185.0  1.15210837
185.5  1.14762068
186.0  1.15764160
186.5  1.17903698
187.0  1.20778220
187.5  1.23841829
188.0  1.26575773
188.5  1.28666363
189.0  1.30081743
189.5  1.30978840
190.0  1.31573138
190.5  1.32109093
191.0  1.32829202
191.5  1.33832065
192.0  1.34984888
192.5  1.36072211
193.0  1.36851478
193.5  1.37134285
194.0  1.36790844
194.5  1.36173177
195.0  1.35574978
195.5  1.35481271
196.0  1.36156177
196.5  1.37490596
197.0  1.39229789
197.5  1.41000342
198.0  1.42287943
198.5  1.42698223
199.0  1.42173233
199.5  1.41044468
200.0  1.39542858
200.5  1.37801914
201.0  1.36205811
201.5  1.35095056
202.0  1.34348349
202.5  1.33794120
203.0  1.33173325
203.5  1.32189055
204.0  1.30708908
204.5  1.28649892
205.0  1.26297143
205.5  1.24347214
206.0  1.23315837
206.5  1.23367769
207.0  1.24573864
207.5  1.26514075
208.0  1.28848390
208.5  1.30825801
209.0  1.32101708
209.5  1.32414930
210.0  1.31938628
210.5  1.31044061
211.0  1.30017234
211.5  1.29271760
212.0  1.29092033
212.5  1.29605977
213.0  1.30487667
213.5  1.31453524
214.0  1.32110210
214.5  1.32345567
215.0  1.32220905
215.5  1.31988549
216.0  1.31835090
216.5  1.32389780
217.0  1.33739934
217.5  1.35796857
218.0  1.38292343
218.5  1.40815269
219.0  1.42664702
219.5  1.43283141
220.0  1.42776574
220.5  1.41434032
221.0  1.39492726
221.5  1.37372622
222.0  1.35799203
222.5  1.35064975
223.0  1.35099194
223.5  1.35904405
224.0  1.37336644
224.5  1.38708028
225.0  1.39532612
225.5  1.39533222
226.0  1.39013912
226.5  1.38315624
227.0  1.37659059
227.5  1.37440674
228.0  1.37894855
228.5  1.38781947
229.0  1.39770534
229.5  1.40481693
230.0  1.40818180
230.5  1.40541258
231.0  1.39743198
231.5  1.38898837
232.0  1.38203599
232.5  1.37735140
233.0  1.36879130
233.5  1.37397374
234.0  1.37403582
234.5  1.37799136
235.0  1.37611601
235.5  1.36241555
236.0  1.34595200
236.5  1.31266090
237.0  1.28932469
237.5  1.25614500
238.0  1.24455812
238.5  1.22851837
239.0  1.23259742
239.5  1.23384882
240.0  1.24310250
240.5  1.24946482
241.0  1.25934134
241.5  1.27084197
242.0  1.28639905
242.5  1.30926279
243.0  1.34150941
243.5  1.37799937
244.0  1.42521151
244.5  1.46375318
245.0  1.50778053
245.5  1.53000643
246.0  1.54984724
246.5  1.54207089
247.0  1.52943425
247.5  1.50457148
248.0  1.47914900
248.5  1.46003801
249.0  1.43812719
249.5  1.42854802
250.0  1.40939153
250.5  1.40097065
251.0  1.38043955
251.5  1.36290787
252.0  1.34312719
252.5  1.32890457
253.0  1.32289871
253.5  1.32476833
254.0  1.33615621
254.5  1.35490165
255.0  1.37584141
255.5  1.39929919
256.0  1.40984343
256.5  1.41532190
257.0  1.40588515
257.5  1.39290720
258.0  1.37634418
258.5  1.35997229
259.0  1.35483153
259.5  1.34915490
260.0  1.35974622
260.5  1.36068173
261.0  1.37205139
261.5  1.36779041
262.0  1.36904039
262.5  1.35846143
263.0  1.35308548
263.5  1.34355795
264.0  1.34080902
264.5  1.34051913
265.0  1.34178692
265.5  1.34092768
266.0  1.33867125
266.5  1.32967030
267.0  1.31609311
267.5  1.29307252
268.0  1.27236230
268.5  1.24923040
269.0  1.24407442
269.5  1.24370860
270.0  1.26388372
270.5  1.28670221
271.0  1.31894836
271.5  1.35031999
272.0  1.37716323
272.5  1.40522361
273.0  1.43098487
273.5  1.45386410
274.0  1.47326521
274.5  1.49160503
275.0  1.50761898
275.5  1.52009634
276.0  1.52853048
276.5  1.52798097
277.0  1.51864086
277.5  1.50164007
278.0  1.47730064
278.5  1.45012313
279.0  1.42525112
279.5  1.40867284
280.0  1.40150740
280.5  1.40498090
281.0  1.41540820
281.5  1.42971116
282.0  1.44438441
282.5  1.45633561
283.0  1.46281640
283.5  1.46364405
284.0  1.45853694
284.5  1.44951630
285.0  1.43738727
285.5  1.42493804
286.0  1.41260746
286.5  1.39765046
287.0  1.37972405
287.5  1.35817085
288.0  1.33228079
288.5  1.30164224
289.0  1.27064777
289.5  1.24327702
290.0  1.22354969
290.5  1.21357545
291.0  1.21442333
291.5  1.22366830
292.0  1.23822025
292.5  1.25684942
293.0  1.27711330
293.5  1.29814525
294.0  1.32026410
294.5  1.34253096
295.0  1.36390137
295.5  1.38674150
296.0  1.41042322
296.5  1.43327949
297.0  1.45399264
297.5  1.46923502
298.0  1.47792678
298.5  1.47820204
299.0  1.46975561
299.5  1.45738426
300.0  1.44461553
300.5  1.43343791
301.0  1.42717805
301.5  1.42565414
302.0  1.42691156
302.5  1.42795841
303.0  1.42654645
303.5  1.42213021
304.0  1.41323098
304.5  1.39901720
305.0  1.38013542
305.5  1.36047702
306.0  1.34315639
306.5  1.33010252
307.0  1.32239255
307.5  1.32274675
308.0  1.32730888
308.5  1.33620748
309.0  1.34706659
309.5  1.35691384
310.0  1.36688833
310.5  1.37704662
311.0  1.38902992
311.5  1.39942535
312.0  1.40833683
312.5  1.41443830
313.0  1.41656641
313.5  1.41314124
314.0  1.40439044
314.5  1.39164503
315.0  1.37537341
315.5  1.35469039
316.0  1.33465057
316.5  1.31758629
317.0  1.30562430
317.5  1.29965927
318.0  1.29783708
318.5  1.30090421
319.0  1.30898528
319.5  1.31913443
320.0  1.32887807
320.5  1.33691056
321.0  1.34526392
321.5  1.35537985
322.0  1.36550404
322.5  1.37395029
323.0  1.38118074
323.5  1.38613859
324.0  1.38924362
324.5  1.39143212
325.0  1.39215899
325.5  1.39425708
326.0  1.39776888
326.5  1.40426362
327.0  1.41446824
327.5  1.42696372
328.0  1.44189706
328.5  1.45826910
329.0  1.47371464
329.5  1.48594953
330.0  1.49282978
330.5  1.49383689
331.0  1.49107793
331.5  1.48576860
332.0  1.48007419
332.5  1.47302381
333.0  1.46646604
333.5  1.45899595
334.0  1.45074503
334.5  1.44057566
335.0  1.42873961
335.5  1.41659575
336.0  1.40454012
336.5  1.39177954
337.0  1.38057374
337.5  1.37111958
338.0  1.36532042
338.5  1.36100466
339.0  1.35753041
339.5  1.35653640
340.0  1.35579831
340.5  1.35433438
341.0  1.35144486
341.5  1.34897898
342.0  1.34866612
342.5  1.35026109
343.0  1.35594293
343.5  1.36533937
344.0  1.37691796
344.5  1.39125095
345.0  1.40547603
345.5  1.42174964
346.0  1.43996820
346.5  1.45969785
347.0  1.47601914
347.5  1.49441380
348.0  1.51330992
348.5  1.53066223
349.0  1.54837796
349.5  1.56390046
350.0  1.57549635
350.5  1.57901640
351.0  1.57542403
351.5  1.56291042
352.0  1.54353269
352.5  1.51850874
353.0  1.49050526
353.5  1.46031590
354.0  1.43122982
354.5  1.40444685
355.0  1.38259637
355.5  1.36550359
356.0  1.35759111
356.5  1.35749916
357.0  1.36426400
357.5  1.37862136
358.0  1.40101298
358.5  1.42841050
359.0  1.45783254
359.5  1.48651468
360.0  1.51286587
360.5  1.53317701
361.0  1.54447774
361.5  1.54650121
362.0  1.54107684
362.5  1.53037090
363.0  1.51761072
363.5  1.50517431
364.0  1.49547690
364.5  1.48946840
365.0  1.48740278
365.5  1.49010226
366.0  1.49728842
366.5  1.50911369
367.0  1.52480660
367.5  1.54261649
368.0  1.56124361
368.5  1.57832123
369.0  1.59313062
369.5  1.60464582
370.0  1.61059759
370.5  1.60942705
371.0  1.60027429
371.5  1.58379813
372.0  1.56102832
372.5  1.53396425
373.0  1.50717668
373.5  1.48472103
374.0  1.46830279
374.5  1.46003435
375.0  1.46025808
375.5  1.46653784
376.0  1.47742741
376.5  1.49189955
377.0  1.50869288
377.5  1.52282524
378.0  1.53509823
378.5  1.54603597
379.0  1.55243357
379.5  1.55685886
380.0  1.56113864
380.5  1.56328270
381.0  1.56580494
381.5  1.56888924
382.0  1.57088449
382.5  1.57045603
383.0  1.56965512
383.5  1.56943336
384.0  1.56892211
384.5  1.56840932
385.0  1.56730003
385.5  1.56417416
386.0  1.55888781
386.5  1.55315438
387.0  1.54697212
387.5  1.54079959
388.0  1.53413337
388.5  1.52978038
389.0  1.52699064
389.5  1.52658988
390.0  1.52876914
390.5  1.53511625
391.0  1.54408857
391.5  1.55460033
392.0  1.56585636
392.5  1.57680763
393.0  1.58556914
393.5  1.59346083
394.0  1.59963919
394.5  1.60660552
395.0  1.61397146
395.5  1.62156583
396.0  1.62992693
396.5  1.63464877
397.0  1.63613881
397.5  1.63297810
398.0  1.62525664
398.5  1.61281574
399.0  1.59709078
399.5  1.57916788
400.0  1.55929521
400.5  1.53857305
401.0  1.52181671
401.5  1.50716930
402.0  1.49272041
402.5  1.48010983
403.0  1.46714842
403.5  1.45341829
404.0  1.44124245
404.5  1.43310690
405.0  1.43331495
405.5  1.43778060
406.0  1.44879470
406.5  1.46650183
407.0  1.48902521
407.5  1.51188667
408.0  1.53481766
408.5  1.55675742
409.0  1.57578805
409.5  1.58896345
410.0  1.59665215
410.5  1.59902171
411.0  1.59702879
411.5  1.59045196
412.0  1.58201075
412.5  1.57303089
413.0  1.56418068
413.5  1.55610315
414.0  1.54904608
414.5  1.54730914
415.0  1.55152386
415.5  1.56169898
416.0  1.57769598
416.5  1.59553517
417.0  1.61226586
417.5  1.62561845
418.0  1.63331568
418.5  1.63423683
419.0  1.62940782
419.5  1.62026043
420.0  1.60554834
420.5  1.58953147
421.0  1.57482845
421.5  1.56272155
422.0  1.55191233
422.5  1.54472046
423.0  1.53845865
423.5  1.53187829
424.0  1.52326793
424.5  1.51315753
425.0  1.50162597
425.5  1.48961678
426.0  1.48066922
426.5  1.47384201
427.0  1.46839301
427.5  1.46320417
428.0  1.45536860
428.5  1.44554672
429.0  1.43400536
429.5  1.42359486
430.0  1.41369124
430.5  1.40796848
431.0  1.40959738
431.5  1.41929472
432.0  1.43981280
432.5  1.46905651
433.0  1.50434494
433.5  1.54263525
434.0  1.57752707
434.5  1.60501439
435.0  1.62151669
435.5  1.62696529
436.0  1.62260712
436.5  1.61146672
437.0  1.59437913
437.5  1.57071202
438.0  1.54228918
438.5  1.51301577
439.0  1.48276329
439.5  1.45163499
440.0  1.42395601
440.5  1.40236271
441.0  1.38813986
441.5  1.38038391
442.0  1.38281182
442.5  1.39574842
443.0  1.41729447
443.5  1.44775825
444.0  1.48179493
444.5  1.51375045
445.0  1.54137176
445.5  1.56383994
446.0  1.58130013
446.5  1.59188860
447.0  1.59766013
447.5  1.59979040
448.0  1.59721137
448.5  1.58933816
449.0  1.57513458
449.5  1.55537482
450.0  1.53186574
450.5  1.50711324
451.0  1.47995030
451.5  1.45438655
452.0  1.43086123
452.5  1.41214698
453.0  1.39789938
453.5  1.38886393
454.0  1.38329785
454.5  1.37946472
455.0  1.37641361
455.5  1.37208622
456.0  1.36815617
456.5  1.36614139
457.0  1.36786287
457.5  1.37481953
458.0  1.38668016
458.5  1.40231249
459.0  1.41890840
459.5  1.43417927
460.0  1.44823547
460.5  1.45900401
461.0  1.46760546
461.5  1.47603989
462.0  1.48517542
462.5  1.49596220
463.0  1.50790696
463.5  1.51946153
464.0  1.53048490
464.5  1.53894037
465.0  1.54300420
465.5  1.53981946
466.0  1.52874141
466.5  1.51239389
467.0  1.49435091
467.5  1.47825405
468.0  1.46690443
468.5  1.45872580
469.0  1.45421468
469.5  1.45396767
470.0  1.45402921
470.5  1.45522546
471.0  1.45421236
471.5  1.45507193
472.0  1.45792064
472.5  1.46180612
473.0  1.46766003
473.5  1.47373723
474.0  1.47841778
474.5  1.47911808
475.0  1.47385293
475.5  1.46024460
476.0  1.43690708
476.5  1.40428090
477.0  1.36826293
477.5  1.33615935
478.0  1.31041650
478.5  1.29700118
479.0  1.29705426
479.5  1.30836074
480.0  1.32639178
480.5  1.34802908
481.0  1.37089215
481.5  1.39291263
482.0  1.41371432
482.5  1.42246862
483.0  1.43906270
483.5  1.44811296
484.0  1.46176039
484.5  1.47321778
485.0  1.48434066
485.5  1.49133870
486.0  1.49140531
486.5  1.47900517
487.0  1.45892569
487.5  1.42632697
488.0  1.39876412
488.5  1.36554065
489.0  1.34715941
489.5  1.32899560
490.0  1.32399631
490.5  1.32520614
491.0  1.32611423
491.5  1.33194718
492.0  1.32859194
492.5  1.33429105
493.0  1.32757167
493.5  1.33557042
494.0  1.33178645
494.5  1.34431225
495.0  1.35471837
495.5  1.37634562
496.0  1.39551961
496.5  1.41635220
497.0  1.43404942
497.5  1.44563212
498.0  1.44876347
498.5  1.45198719
499.0  1.45407482
499.5  1.46719493
500.0  1.47139613
500.5  1.48981145
501.0  1.49099221
501.5  1.50113485
502.0  1.48611932
502.5  1.47689022
503.0  1.44711983
503.5  1.42246838
504.0  1.39097344
504.5  1.36498602
505.0  1.34606504
505.5  1.33079271
506.0  1.33195137
506.5  1.33170195
507.0  1.34485363
507.5  1.35023889
508.0  1.36057840
508.5  1.36502429
509.0  1.37191175
509.5  1.38215399
510.0  1.39495351
510.5  1.41105880
511.0  1.43015095
511.5  1.44075353
512.0  1.45049406
512.5  1.43967390
513.0  1.43304971
513.5  1.40722655
514.0  1.38809089
514.5  1.35611012
515.0  1.33448945
515.5  1.31818509
516.0  1.30719309
516.5  1.31181692
517.0  1.31262370
517.5  1.33184580
518.0  1.33931619
518.5  1.35932692
519.0  1.36664636
519.5  1.38864719
520.0  1.40738778
520.5  1.43512711
521.0  1.46412296
521.5  1.49406054
522.0  1.51787108
522.5  1.52958675
523.0  1.52769276
523.5  1.51766698
524.0  1.49012489
524.5  1.46507109
525.0  1.42725266
525.5  1.38859909
526.0  1.35675134
526.5  1.33541483
527.0  1.32237391
527.5  1.31558926
528.0  1.31322945
528.5  1.31003740
529.0  1.30597464
529.5  1.30242191
530.0  1.30356126
530.5  1.31225566
531.0  1.33007343
531.5  1.35653602
532.0  1.38776552
532.5  1.41896345
533.0  1.44498137
533.5  1.46161001
534.0  1.46871353
534.5  1.46687245
535.0  1.45973556
535.5  1.45115789
536.0  1.44684445
536.5  1.44800273
537.0  1.45480856
537.5  1.46871675
538.0  1.48478861
538.5  1.49574246
539.0  1.49633391
539.5  1.48477019
540.0  1.46116997
540.5  1.42765145
541.0  1.38949220
541.5  1.35459633
542.0  1.32728361
542.5  1.30735723
543.0  1.29441588
543.5  1.28637360
544.0  1.28220439
544.5  1.28085009
545.0  1.28224334
545.5  1.28672566
546.0  1.29462538
546.5  1.30716977
547.0  1.32825053
547.5  1.35740159
548.0  1.39221516
548.5  1.42813054
549.0  1.45886259
549.5  1.47902397
550.0  1.48409211
550.5  1.47426871
551.0  1.45554934
551.5  1.43398766
552.0  1.41334382
552.5  1.39583227
553.0  1.38305043
553.5  1.37445042
554.0  1.36766245
554.5  1.36161451
555.0  1.35517589
555.5  1.34884386
556.0  1.34262927
556.5  1.34104209
557.0  1.34591538
557.5  1.35575250
558.0  1.37298339
558.5  1.39738362
559.0  1.42317225
559.5  1.44504899
560.0  1.45962581
560.5  1.46692005
561.0  1.46722700
561.5  1.46280272
562.0  1.45840490
562.5  1.45781469
563.0  1.45946557
563.5  1.46132172
564.0  1.46075898
564.5  1.45514241
565.0  1.44293972
565.5  1.42119060
566.0  1.39359636
566.5  1.36394818
567.0  1.33596573
567.5  1.31423892
568.0  1.30239300
568.5  1.30354461
569.0  1.31416411
569.5  1.33007455
570.0  1.34660433
570.5  1.35914774
571.0  1.36688221
571.5  1.36950149
572.0  1.36994747
572.5  1.37135939
573.0  1.37617742
573.5  1.38511203
574.0  1.39584776
574.5  1.40775337
575.0  1.41700666
575.5  1.42041754
576.0  1.41895141
576.5  1.41310241
577.0  1.40495325
577.5  1.39693018
578.0  1.39319391
578.5  1.39545792
579.0  1.40524085
579.5  1.42140884
580.0  1.43961412
580.5  1.45504860
581.0  1.46434556
581.5  1.46681530
582.0  1.46426288
582.5  1.46087506
583.0  1.46126171
583.5  1.46944366
584.0  1.48528451
584.5  1.50993555
585.0  1.53954964
585.5  1.56836020
586.0  1.59301788
586.5  1.61106965
587.0  1.62076806
587.5  1.62057109
588.0  1.61184964
588.5  1.59788568
589.0  1.58163726
589.5  1.56147491
590.0  1.53837757
590.5  1.51261469
591.0  1.48161249
591.5  1.44163568
592.0  1.39544497
592.5  1.35064631
593.0  1.31366945
593.5  1.28671789
594.0  1.27535388
594.5  1.28131346
595.0  1.29928099
595.5  1.33026318
596.0  1.36815747
596.5  1.40541827
597.0  1.43818559
597.5  1.46398216
598.0  1.48144728
598.5  1.49195241
599.0  1.49867816
599.5  1.50445526
600.0  1.51021729
600.5  1.51776406
601.0  1.52695381
601.5  1.53435491
602.0  1.53707942
602.5  1.53578618
603.0  1.53340134
603.5  1.53336180
604.0  1.53790254
604.5  1.54870770
605.0  1.56594844
605.5  1.58747350
606.0  1.60890886
606.5  1.62516409
607.0  1.63460758
607.5  1.63641382
608.0  1.62782909
608.5  1.61243814
609.0  1.59451409
609.5  1.57770304
610.0  1.56617960
610.5  1.56215199
611.0  1.56686264
611.5  1.57941523
612.0  1.59308549
612.5  1.60612533
613.0  1.61653768
613.5  1.62326685
614.0  1.62793562
614.5  1.63403904
615.0  1.63815121
615.5  1.64127721
616.0  1.64168783
616.5  1.63837572
617.0  1.63149910
617.5  1.61873647
618.0  1.59923948
618.5  1.57526882
619.0  1.54949061
619.5  1.52332622
620.0  1.50095289
620.5  1.48484445
621.0  1.47524204
621.5  1.47214917
622.0  1.47306440
622.5  1.47636572
623.0  1.47829366
623.5  1.47805426
624.0  1.47851972
624.5  1.48321183
625.0  1.49513117
625.5  1.51488946
626.0  1.54151133
626.5  1.57167757
627.0  1.60178032
627.5  1.62819572
628.0  1.64720449
628.5  1.65766239
629.0  1.65930840
629.5  1.65361491
630.0  1.64599616
630.5  1.63884168
631.0  1.63734932
631.5  1.64226542
632.0  1.65605433
632.5  1.67654224
633.0  1.69626946
633.5  1.71493957
634.0  1.72977276
634.5  1.74207002
635.0  1.75461298
635.5  1.76764467
636.0  1.78182769
636.5  1.79931696
637.0  1.81458344
637.5  1.82408561
638.0  1.82793362
638.5  1.82139021
639.0  1.80214374
639.5  1.77417019
640.0  1.73855384
640.5  1.69766916
641.0  1.65978162
641.5  1.62932486
642.0  1.60963384
642.5  1.60214514
643.0  1.60340419
643.5  1.60745884
644.0  1.61416019
644.5  1.61860540
645.0  1.61693836
645.5  1.61373715
646.0  1.61130599
646.5  1.60852448
647.0  1.60590937
647.5  1.60667988
648.0  1.60933713
648.5  1.61073573
649.0  1.61220725
649.5  1.61421700
650.0  1.61440952
650.5  1.61649810
651.0  1.61922655
651.5  1.62738862
652.0  1.64421050
652.5  1.66918725
653.0  1.70069325
653.5  1.73638597
654.0  1.76941820
654.5  1.79554321
655.0  1.81266263
655.5  1.81928544
656.0  1.81911203
656.5  1.81541263
657.0  1.80903640
657.5  1.80177187
658.0  1.79691508
658.5  1.79407395
659.0  1.79002073
659.5  1.78871427
660.0  1.78900027
660.5  1.78785545
661.0  1.78474235
661.5  1.78193648
662.0  1.77891580
662.5  1.77686950
663.0  1.77843120
663.5  1.78179428
664.0  1.78212677
664.5  1.77934496
665.0  1.77290098
665.5  1.76292134
666.0  1.74960680
666.5  1.73650278
667.0  1.73003474
667.5  1.72739800
668.0  1.72835418
668.5  1.73376116
669.0  1.74264728
669.5  1.74945120
670.0  1.75327128
670.5  1.75691820
671.0  1.75637474
671.5  1.75288553
672.0  1.74595787
672.5  1.73736754
673.0  1.73094983
673.5  1.72873379
674.0  1.72706635
674.5  1.72499500
675.0  1.71887396
675.5  1.70798898
676.0  1.69192825
676.5  1.67317787
677.0  1.65556040
677.5  1.64254742
678.0  1.63615623
678.5  1.63786641
679.0  1.64926993
679.5  1.66851443
680.0  1.69041571
680.5  1.71700819
681.0  1.74928101
681.5  1.78112350
682.0  1.81263832
682.5  1.84280783
683.0  1.87259796
683.5  1.90187341
684.0  1.93258625
684.5  1.96071235
685.0  1.98362006
685.5  1.99777303
686.0  2.00159278
686.5  1.99386462
687.0  1.97668764
687.5  1.95302956
688.0  1.92515248
688.5  1.89986843
689.0  1.87622977
689.5  1.85644670
690.0  1.84164393
690.5  1.83157166
691.0  1.82489694
691.5  1.81801628
692.0  1.81158986
692.5  1.80430573
693.0  1.79398380
693.5  1.78159142
694.0  1.76727872
694.5  1.75441578
695.0  1.74387102
695.5  1.73285809
696.0  1.72033845
696.5  1.70865201
697.0  1.70105002
697.5  1.69948000
698.0  1.70382591
698.5  1.71837063
699.0  1.70956002
699.5  1.73965941
700.0  1.73028344
700.5  1.76223945
701.0  1.75439053
701.5  1.77088883
702.0  1.76119772
702.5  1.75573690
703.0  1.74108257
703.5  1.71843701
704.0  1.70234115
704.5  1.67798360
705.0  1.66947154
705.5  1.65805370
706.0  1.65443519
706.5  1.65699549
707.0  1.65626961
707.5  1.67148465
708.0  1.67724933
708.5  1.70868714
709.0  1.72901473
709.5  1.77024000
710.0  1.80111522
710.5  1.83454135
711.0  1.86646116
711.5  1.87738328
712.0  1.90131257
712.5  1.88372303
713.0  1.89128495
713.5  1.85184410
714.0  1.84439563
714.5  1.79847133
715.0  1.78550166
715.5  1.75039581
716.0  1.73421489
716.5  1.71852871
717.0  1.70442623
717.5  1.69758277
718.0  1.69440016
718.5  1.70142664
719.0  1.71704552
719.5  1.73273430
720.0  1.76458626
720.5  1.78388769
721.0  1.81108847
721.5  1.82623499
722.0  1.83389984
722.5  1.84298492
723.0  1.82500020
723.5  1.83021802
724.0  1.79360692
724.5  1.79511050
725.0  1.76141591
725.5  1.75991976
726.0  1.73884021
726.5  1.72848324
727.0  1.71848009
727.5  1.69407856
728.0  1.68686537
728.5  1.65680647
729.0  1.65767493
729.5  1.64082123
730.0  1.65547739
730.5  1.66352818
731.0  1.68654227
731.5  1.70353915
732.0  1.71788254
732.5  1.73181517
733.0  1.73835564
733.5  1.74395504
734.0  1.74535935
734.5  1.74072551
735.0  1.75270165
735.5  1.74789286
736.0  1.78330037
736.5  1.78517204
737.0  1.83523837
737.5  1.83715121
738.0  1.87674260
738.5  1.86118708
739.0  1.87684496
739.5  1.85903865
740.0  1.85647478
740.5  1.84571827
741.0  1.83113922
741.5  1.82622792
742.0  1.80663153
742.5  1.79859737
743.0  1.77545752
743.5  1.76254853
744.0  1.74667490
744.5  1.72900509
745.0  1.71978850
745.5  1.71260837
746.0  1.71658155
746.5  1.73037984
747.0  1.74208654
747.5  1.77663883
748.0  1.77860699
748.5  1.80925456
749.0  1.79081744
749.5  1.80666421
750.0  1.78472617
750.5  1.78582224
751.0  1.77757366
751.5  1.76842801
752.0  1.77750965
752.5  1.75722786
753.0  1.76874260
753.5  1.74178556
754.0  1.74526840
754.5  1.71888551
755.0  1.71353313
755.5  1.69489007
756.0  1.68903559
756.5  1.68570977
757.0  1.69331150
757.5  1.70573971
758.0  1.72247081
758.5  1.73176680
759.0  1.74588896
759.5  1.73524081
760.0  1.74436572
760.5  1.72359024
761.0  1.73573459
761.5  1.71494124
762.0  1.73927854
762.5  1.72904791
763.0  1.75350028
763.5  1.75014037
764.0  1.76945901
764.5  1.77457536
765.0  1.78262801
765.5  1.79519541
766.0  1.79284240
766.5  1.80754897
767.0  1.80619112
767.5  1.82429387
768.0  1.82679422
768.5  1.83645703
769.0  1.83691045
769.5  1.83113133
770.0  1.82001194
770.5  1.80332185
771.0  1.78763148
771.5  1.78151398
772.0  1.76802934
772.5  1.77757314
773.0  1.76523454
773.5  1.78156715
774.0  1.76936527
774.5  1.78099995
775.0  1.77442563
775.5  1.77414186
776.0  1.77717650
776.5  1.78419643
777.0  1.79530292
777.5  1.80718823
778.0  1.81723876
778.5  1.82395768
779.0  1.82301551
779.5  1.81501418
780.0  1.79750020
780.5  1.77383325
781.0  1.74998646
781.5  1.73069180
782.0  1.72142002
782.5  1.72564155
783.0  1.74096717
783.5  1.76337344
784.0  1.79248080
784.5  1.82702192
785.0  1.85984702
785.5  1.89603588
786.0  1.93274529
786.5  1.96692165
787.0  1.99756318
787.5  2.02573547
788.0  2.04827907
788.5  2.06003137
789.0  2.06100232
789.5  2.05054886
790.0  2.02607742
790.5  1.98846459
791.0  1.94489528
791.5  1.90465533
792.0  1.86894269
792.5  1.84418834
793.0  1.82983758
793.5  1.82676113
794.0  1.82944466
794.5  1.83505126
795.0  1.84079586
795.5  1.84482344
796.0  1.84523414
796.5  1.84449054
797.0  1.84461709
797.5  1.84395020
798.0  1.84608604
798.5  1.85240457
799.0  1.86092976
799.5  1.86931702
800.0  1.87530612
800.5  1.87764663
801.0  1.87490689
801.5  1.86784841
802.0  1.86204465
802.5  1.86199316
803.0  1.86767446
803.5  1.86668077
804.0  1.87760706
804.5  1.88827182
805.0  1.89347833
805.5  1.89665561
806.0  1.89268717
806.5  1.88513888
807.0  1.87420565
807.5  1.85721524
808.0  1.85181315
808.5  1.84139598
809.0  1.84223127
809.5  1.83702819
810.0  1.83721315
810.5  1.83369427
811.0  1.82105750
811.5  1.80965085
812.0  1.78511439
812.5  1.78110347
813.0  1.77011605
813.5  1.79044423
814.0  1.79634664
814.5  1.83304166
815.0  1.85192944
815.5  1.88650819
816.0  1.90015077
816.5  1.91642679
817.0  1.91801084
817.5  1.91897463
818.0  1.91730875
818.5  1.91421627
819.0  1.91297413
819.5  1.92086073
820.0  1.92475408
820.5  1.93718366
821.0  1.93167323
821.5  1.93605609
822.0  1.91918201
822.5  1.91360031
823.0  1.90253305
823.5  1.89780621
824.0  1.90931881
824.5  1.91193471
825.0  1.93569824
825.5  1.93868352
826.0  1.95414927
826.5  1.94490968
827.0  1.93878931
827.5  1.92141569
828.0  1.90107818
828.5  1.88069625
829.0  1.86190043
829.5  1.85364091
830.0  1.84682844
830.5  1.84507306
831.0  1.84692256
831.5  1.84026208
832.0  1.83517578
832.5  1.82213138
833.0  1.80860811
833.5  1.79997440
834.0  1.79677233
834.5  1.81453693
835.0  1.82303360
835.5  1.85399222
836.0  1.86352157
836.5  1.89192680
837.0  1.89001220
837.5  1.89835600
838.0  1.88323592
838.5  1.87932473
839.0  1.86687654
839.5  1.85916871
840.0  1.86168208
840.5  1.87081506
841.0  1.88441742
841.5  1.89939805
842.0  1.90723425
842.5  1.91072297
843.0  1.89845937
843.5  1.89364689
844.0  1.87342648
844.5  1.86933353
845.0  1.85960978
845.5  1.86718939
846.0  1.87173868
846.5  1.88176993
847.0  1.89230830
847.5  1.88932666
848.0  1.89452371
848.5  1.87986888
849.0  1.88423640
849.5  1.86973752
850.0  1.87730588
850.5  1.87786764
851.0  1.89326210
851.5  1.91260511
852.0  1.92954643
852.5  1.94298693
853.0  1.94510794
853.5  1.93442877
854.0  1.92042220
854.5  1.89637221
855.0  1.88213118
855.5  1.86294104
856.0  1.85758126
856.5  1.85259422
857.0  1.84761295
857.5  1.83814421
858.0  1.82106683
858.5  1.80086286
859.0  1.77856745
859.5  1.75935333
860.0  1.74698711
860.5  1.74374432
861.0  1.75372148
861.5  1.76991044
862.0  1.79260045
862.5  1.81939239
863.0  1.84094488
863.5  1.85016371
864.0  1.84823672
864.5  1.83764044
865.0  1.81911687
865.5  1.79582284
866.0  1.77440604
866.5  1.75748408
867.0  1.74072280
867.5  1.72516942
868.0  1.71233677
868.5  1.70324965
869.0  1.69478663
869.5  1.69088089
870.0  1.69926976
870.5  1.71947799
871.0  1.75082493
871.5  1.79367586
872.0  1.84787638
872.5  1.90713964
873.0  1.96257937
873.5  2.00668943
874.0  2.03270417
874.5  2.03988187
875.0  2.03116442
875.5  2.01062010
876.0  1.98513762
876.5  1.96085984
877.0  1.94047811
877.5  1.92507654
878.0  1.91533322
878.5  1.90743627
879.0  1.89991374
879.5  1.89058251
880.0  1.87952795
880.5  1.86591210
881.0  1.85164527
881.5  1.83889684
882.0  1.82796545
882.5  1.81794337
883.0  1.81012217
883.5  1.80680002
884.0  1.80447909
884.5  1.79998083
885.0  1.79225924
885.5  1.78647227
886.0  1.78393019
886.5  1.78814735
887.0  1.80173605
887.5  1.82197753
888.0  1.84318116
888.5  1.86397686
889.0  1.88793164
889.5  1.90542600
890.0  1.91343217
890.5  1.91816538
891.0  1.92243681
891.5  1.92223447
892.0  1.92050083
892.5  1.92123179
893.0  1.92569946
893.5  1.93473146
894.0  1.94471520
894.5  1.95264423
895.0  1.95791856
895.5  1.96031846
896.0  1.96151504
896.5  1.96588268
897.0  1.97205285
897.5  1.98121228
898.0  1.99471919
898.5  2.01274848
899.0  2.03078944
899.5  2.04908737
900.0  2.06459300
900.5  2.07971651
901.0  2.09307075
901.5  2.10495001
902.0  2.11412371
902.5  2.12112127
903.0  2.12701040
903.5  2.13047848
904.0  2.12889397
904.5  2.11903220
905.0  2.09640965
905.5  2.06033255
906.0  2.01444195
906.5  1.96095436
907.0  1.90833029
907.5  1.86638313
908.0  1.83701913
908.5  1.82128936
909.0  1.82181105
909.5  1.83669276
910.0  1.86505712
910.5  1.90203827
911.0  1.94175695
911.5  1.98187222
912.0  2.01871132
912.5  2.05233702
913.0  2.08226068
913.5  2.10276554
914.0  2.11950459
914.5  2.13535528
915.0  2.14564442
915.5  2.14750346
916.0  2.14577058
916.5  2.13900941
917.0  2.13088083
917.5  2.12081882
918.0  2.11390087
918.5  2.11648446
919.0  2.12487907
919.5  2.13607934
920.0  2.14928171
920.5  2.16333517
921.0  2.17502921
921.5  2.18589198
922.0  2.19104929
922.5  2.19081027
923.0  2.18639043
923.5  2.17891843
924.0  2.16737176
924.5  2.15666728
925.0  2.14776783
925.5  2.14255863
926.0  2.13966725
926.5  2.13711328
927.0  2.13561548
927.5  2.13796882
928.0  2.14181206
928.5  2.14730914
929.0  2.15141588
929.5  2.15298756
930.0  2.14871065
930.5  2.13840622
931.0  2.12196168
931.5  2.09946405
932.0  2.07280858
932.5  2.04907580
933.0  2.03167408
933.5  2.01980135
934.0  2.01736772
934.5  2.02763534
935.0  2.05266613
935.5  2.08609606
936.0  2.12377432
936.5  2.16359836
937.0  2.20007566
937.5  2.22961907
938.0  2.25085632
938.5  2.26498231
939.0  2.27534067
939.5  2.28073064
940.0  2.27916849
940.5  2.27401549
941.0  2.27536785
941.5  2.26684681
942.0  2.25246080
942.5  2.24311876
943.0  2.21452585
943.5  2.21132040
944.0  2.18459391
944.5  2.18982918
945.0  2.17295529
945.5  2.18189252
946.0  2.17975282
946.5  2.18350792
947.0  2.19487319
947.5  2.18453744
948.0  2.20373377
948.5  2.17677821
949.0  2.20268473
949.5  2.17548630
950.0  2.20243385
950.5  2.18026695
951.0  2.20051593
951.5  2.18764639
952.0  2.19033248
952.5  2.18518625
953.0  2.18138897
953.5  2.17978241
954.0  2.17795157
954.5  2.18787912
955.0  2.20557120
955.5  2.21992465
956.0  2.25121179
956.5  2.26848557
957.0  2.29569889
957.5  2.30927096
958.0  2.30691569
958.5  2.31161976
959.0  2.27980244
959.5  2.28575709
960.0  2.24549075
960.5  2.24993889
961.0  2.21253075
961.5  2.21005597
962.0  2.18953908
962.5  2.17597686
963.0  2.17003618
963.5  2.14991733
964.0  2.15800162
964.5  2.14310353
965.0  2.16483445
965.5  2.16705307
966.0  2.19456663
966.5  2.21443129
967.0  2.24461901
967.5  2.26888271
968.0  2.28065614
968.5  2.28534201
969.0  2.27698341
969.5  2.26184233
970.0  2.24594547
970.5  2.21696889
971.0  2.21215552
971.5  2.17994236
972.0  2.18956545
972.5  2.15804340
973.0  2.17759460
973.5  2.15354891
974.0  2.17481441
974.5  2.16527502
975.0  2.18843356
975.5  2.19472674
976.0  2.21416857
976.5  2.23824656
977.0  2.26077486
977.5  2.28578497
978.0  2.29362110
978.5  2.29678855
979.0  2.28303875
979.5  2.26068749
980.0  2.23657680
980.5  2.20344578
981.0  2.17641521
981.5  2.15695204
982.0  2.13973922
982.5  2.13785055
983.0  2.12041954
983.5  2.13642772
984.0  2.12435010
984.5  2.14871393
985.0  2.14625611
985.5  2.16781715
986.0  2.18107680
986.5  2.20004053
987.0  2.23539053
987.5  2.25199745
988.0  2.29484281
988.5  2.30376873
989.0  2.32963895
989.5  2.32288025
990.0  2.32253079
990.5  2.30671325
991.0  2.29099115
991.5  2.27627953
992.0  2.25981300
992.5  2.24724040
993.0  2.23859971
993.5  2.22306357
994.0  2.22408062
994.5  2.21052637
995.0  2.22058098
995.5  2.20426151
996.0  2.21486471
996.5  2.20231268
997.0  2.21789795
997.5  2.21323409
998.0  2.23114603
998.5  2.23018323
999.0  2.23572192
999.5  2.23193051
1000.0  2.22077355
