0.0  323.6031
0.5  328.7191
1.0  325.3077
1.5  318.6295
2.0  314.7478
2.5  318.2269
3.0  330.6836
3.5  350.5477
4.0  373.8141
4.5  395.2695
5.0  409.7713
5.5  413.4327
6.0  404.7112
6.5  385.2341
7.0  359.8835
7.5  335.6143
8.0  319.0202
8.5  313.6018
9.0  318.2289
9.5  327.7679
10.0  335.5635
10.5  336.4491
11.0  328.8573
11.5  315.2346
12.0  300.7987
12.5  291.3289
13.0  290.9859
13.5  301.0003
14.0  319.5439
14.5  342.5156
15.0  364.7058
15.5  380.9395
16.0  387.1078
16.5  381.1468
17.0  363.8670
17.5  339.2175
18.0  313.4462
18.5  293.0274
19.0  282.0697
19.5  280.5496
20.0  284.4537
20.5  287.8334
21.0  285.6736
21.5  276.1345
22.0  261.1948
22.5  245.5765
23.0  234.6137
23.5  232.1086
24.0  239.0760
24.5  253.6973
25.0  272.1857
25.5  289.9790
26.0  302.8282
26.5  307.6740
27.0  303.3739
27.5  291.2342
28.0  275.0502
28.5  260.2796
29.0  252.2971
29.5  254.3164
30.0  266.0160
30.5  283.7088
31.0  302.0709
31.5  316.5729
32.0  325.4073
32.5  330.0343
33.0  334.1969
33.5  341.9927
34.0  355.9720
34.5  376.0935
35.0  399.8084
35.5  422.9610
36.0  440.9488
36.5  449.7408
37.0  446.6623
37.5  431.0070
38.0  404.4427
38.5  370.9577
39.0  336.0425
39.5  305.0934
40.0  281.5593
40.5  265.7323
41.0  254.9092
41.5  244.9451
42.0  232.4515
42.5  216.5462
43.0  199.3276
43.5  184.9173
44.0  177.6228
44.5  180.1533
45.0  192.6748
45.5  212.9451
46.0  237.2042
46.5  261.2764
47.0  281.5093
47.5  295.4673
48.0  302.4434
48.5  303.7495
49.0  302.5718
49.5  303.1503
50.0  309.3249
50.5  322.9439
51.0  342.9157
51.5  365.4934
52.0  385.7679
52.5  399.6852
53.0  405.6111
53.5  404.7119
54.0  400.0446
54.5  394.9068
55.0  391.3204
55.5  389.3388
56.0  387.3257
56.5  382.8414
57.0  373.6136
57.5  358.2642
58.0  336.7457
58.5  310.5656
59.0  282.7868
59.5  257.6463
60.0  239.6446
60.5  232.2177
61.0  236.4665
61.5  250.5887
62.0  270.4333
62.5  291.0491
63.0  308.5580
63.5  321.4866
64.0  330.9419
64.5  339.6029
65.0  350.0886
65.5  363.5331
66.0  378.9956
66.5  393.8096
67.0  404.5128
67.5  407.8667
68.0  401.6619
68.5  385.2508
69.0  359.8454
69.5  328.5315
70.0  295.8335
70.5  266.7156
71.0  245.1768
71.5  232.9460
72.0  228.9191
72.5  229.7327
73.0  231.3140
73.5  230.7239
74.0  227.4190
74.5  223.3359
75.0  221.7965
75.5  225.8321
76.0  236.7764
76.5  253.7390
77.0  274.0190
77.5  294.0584
78.0  310.4354
78.5  320.6223
79.0  323.4945
79.5  319.6458
80.0  311.4471
80.5  302.6412
81.0  297.3261
81.5  298.5000
82.0  306.7416
82.5  319.7469
83.0  333.1289
83.5  342.2321
84.0  344.1354
84.5  338.8838
85.0  329.3791
85.5  320.0496
86.0  315.0026
86.5  316.5382
87.0  324.5773
87.5  337.0061
88.0  350.5310
88.5  361.6096
89.0  367.2483
89.5  365.6650
90.0  356.8192
90.5  342.6484
91.0  326.7312
91.5  313.2224
92.0  305.3032
92.5  303.8101
93.0  306.7961
93.5  310.3729
94.0  310.5012
94.5  304.8785
95.0  294.0269
95.5  281.1050
96.0  270.5990
96.5  266.5611
97.0  271.2021
97.5  284.3449
98.0  303.7291
98.5  325.7854
99.0  346.4887
99.5  362.1371
100.0  370.1017
100.5  369.5351
101.0  361.7992
101.5  350.2297
102.0  339.0372
102.5  331.6331
103.0  329.1500
103.5  329.9702
104.0  330.5892
104.5  327.3991
105.0  318.4881
105.5  304.5756
106.0  288.6878
106.5  274.8167
107.0  266.2852
107.5  264.6013
108.0  269.2120
108.5  278.0199
109.0  288.1820
109.5  296.7959
110.0  301.4089
110.5  300.5160
111.0  294.1197
111.5  284.1057
112.0  273.9987
112.5  267.8574
113.0  268.6219
113.5  276.7230
114.0  289.7798
114.5  303.6441
115.0  314.2919
115.5  319.6101
116.0  320.2314
116.5  319.0931
117.0  320.0242
117.5  326.0909
118.0  338.4569
118.5  356.1400
119.0  376.5235
119.5  396.1648
120.0  411.5076
120.5  419.4265
121.0  417.7662
121.5  405.9671
122.0  385.5596
122.5  360.0720
123.0  334.0416
123.5  311.3582
124.0  293.7381
124.5  280.2230
125.0  268.0593
125.5  254.4968
126.0  238.5215
126.5  221.6201
127.0  207.2399
127.5  199.2892
128.0  200.4753
128.5  211.2745
129.0  229.8961
129.5  253.0234
130.0  276.7837
130.5  297.5000
131.0  312.1587
131.5  318.8086
132.0  317.0549
132.5  308.4747
133.0  296.5072
133.5  285.4904
134.0  279.0398
134.5  278.5398
135.0  282.6305
135.5  288.0630
136.0  291.4956
136.5  291.2728
137.0  288.2760
137.5  285.4715
138.0  286.4698
138.5  293.8812
139.0  308.2804
139.5  328.1576
140.0  350.6406
140.5  372.4298
141.0  390.4917
141.5  402.4404
142.0  406.8248
142.5  403.4996
143.0  393.9499
143.5  381.1898
144.0  368.9432
144.5  360.2678
145.0  356.2708
145.5  355.6670
146.0  355.5127
146.5  352.7711
147.0  345.9046
147.5  335.6898
148.0  324.8801
148.5  316.9351
149.0  314.4880
149.5  318.3068
150.0  327.1528
150.5  338.3977
151.0  348.9036
151.5  355.7316
152.0  356.5823
152.5  350.1390
153.0  336.4368
153.5  317.1079
154.0  295.1649
154.5  274.1344
155.0  256.7932
155.5  244.1355
156.0  235.1719
156.5  227.7099
157.0  219.7131
157.5  210.5416
158.0  201.4661
158.5  195.2249
159.0  194.8611
159.5  202.4132
160.0  218.0765
160.5  240.1440
161.0  265.5981
161.5  290.9491
162.0  312.9805
162.5  329.3169
163.0  338.8838
163.5  342.2404
164.0  341.5606
164.5  340.0122
165.0  340.5748
165.5  344.7732
166.0  351.9990
166.5  359.8205
167.0  365.1343
167.5  365.5848
168.0  360.6077
168.5  351.6927
169.0  341.8091
169.5  334.2769
170.0  331.5698
170.5  334.5334
171.0  342.2449
171.5  352.4164
172.0  362.0511
172.5  368.1362
173.0  368.3204
173.5  361.5807
174.0  348.7280
174.5  332.4142
175.0  316.3605
175.5  303.9197
176.0  296.6004
176.5  293.3669
177.0  291.1514
177.5  286.3206
178.0  276.3465
178.5  260.9230
179.0  242.1319
179.5  223.7067
180.0  209.7805
180.5  203.6372
181.0  206.8878
181.5  219.2239
182.0  238.6278
182.5  261.8464
183.0  285.0456
183.5  304.6744
184.0  318.4839
184.5  326.3842
185.0  330.6170
185.5  334.8705
186.0  342.5189
186.5  354.8170
187.0  370.0698
187.5  384.2784
188.0  392.8922
188.5  392.7275
189.0  383.1771
189.5  366.3204
190.0  346.0672
190.5  326.8066
191.0  312.1193
191.5  303.9624
192.0  302.4378
192.5  306.0019
193.0  311.9281
193.5  316.9602
194.0  318.1953
194.5  314.1191
195.0  305.4426
195.5  295.2084
196.0  287.8130
196.5  287.1738
197.0  294.8979
197.5  309.4657
198.0  326.8887
198.5  342.4316
199.0  352.4659
199.5  355.6270
200.0  352.9462
200.5  347.1231
201.0  341.3799
201.5  338.3776
202.0  339.5083
202.5  344.6286
203.0  352.1233
203.5  359.2023
204.0  362.4736
204.5  358.8706
205.0  346.8081
205.5  327.1121
206.0  303.1065
206.5  279.5199
207.0  260.5538
207.5  248.0984
208.0  241.1194
208.5  236.5503
209.0  231.1132
209.5  223.0530
210.0  212.9924
210.5  203.6830
211.0  198.9270
211.5  202.2002
212.0  215.5062
212.5  238.7838
213.0  269.8969
213.5  305.0402
214.0  339.4048
214.5  368.0760
215.0  387.1474
215.5  394.8481
216.0  392.2110
216.5  382.7687
217.0  371.1350
217.5  360.9974
218.0  353.5381
218.5  347.1590
219.0  338.6243
219.5  324.9301
220.0  304.9328
220.5  280.0673
221.0  254.0151
221.5  231.6024
222.0  217.4065
222.5  214.5490
223.0  223.9869
223.5  244.3738
224.0  272.3899
224.5  303.4238
225.0  332.5497
225.5  355.7122
226.0  370.8426
226.5  378.4350
227.0  381.1506
227.5  382.4345
228.0  384.7257
228.5  388.1874
229.0  390.6473
229.5  388.7333
230.0  379.5499
230.5  362.0740
231.0  337.7281
231.5  310.0240
232.0  283.5195
232.5  262.5221
233.0  249.9895
233.5  246.9248
234.0  252.3218
234.5  263.5450
235.0  277.0155
235.5  289.1365
236.0  297.3551
236.5  301.0622
237.0  301.8777
237.5  302.9791
238.0  307.6052
238.5  317.4078
239.0  331.5232
239.5  346.8473
240.0  359.3159
240.5  365.5025
241.0  363.8290
241.5  354.9986
242.0  341.6194
242.5  327.2531
243.0  315.2571
243.5  307.8079
244.0  305.3711
244.5  306.6786
245.0  309.1303
245.5  309.5174
246.0  304.9946
246.5  294.1491
247.0  277.8163
247.5  259.1738
248.0  242.8335
248.5  233.1695
249.0  232.6386
249.5  240.9421
250.0  255.4134
250.5  272.3266
251.0  288.4132
251.5  301.9332
252.0  312.9849
252.5  323.0854
253.0  334.2865
253.5  348.2013
254.0  365.2921
254.5  384.6107
255.0  403.9686
255.5  420.3897
256.0  430.7402
256.5  432.4993
257.0  424.5813
257.5  407.9185
258.0  385.4016
258.5  360.9680
259.0  338.1273
259.5  318.6515
260.0  302.1378
260.5  286.6415
261.0  269.9641
261.5  250.9164
262.0  230.0327
262.5  209.5492
263.0  192.7406
263.5  182.8856
264.0  182.2159
264.5  191.1962
265.0  208.3435
265.5  230.5841
266.0  253.9880
266.5  274.7031
267.0  289.9343
267.5  298.7658
268.0  302.5055
268.5  304.2288
269.0  307.4942
269.5  314.7014
270.0  325.8947
270.5  338.6512
271.0  349.0948
271.5  353.4881
272.0  349.6647
272.5  337.7839
273.0  320.2525
273.5  300.9511
274.0  284.0780
274.5  273.0059
275.0  269.5031
275.5  273.5054
276.0  283.3958
276.5  296.6077
277.0  310.3741
277.5  322.5040
278.0  332.0493
278.5  339.6215
279.0  347.0974
279.5  356.6630
280.0  369.5470
280.5  385.0817
281.0  400.6350
281.5  412.4874
282.0  417.2253
282.5  413.0134
283.0  400.2518
283.5  381.4322
284.0  360.3054
284.5  340.6809
285.0  325.2899
285.5  315.1017
286.0  309.2877
286.5  305.7543
287.0  301.9896
287.5  295.9528
288.0  286.8211
288.5  275.4361
289.0  264.2581
289.5  256.6626
290.0  255.6550
290.5  262.4619
291.0  275.6892
291.5  291.5549
292.0  305.1584
292.5  312.2163
293.0  310.5239
293.5  300.6188
294.0  285.5004
294.5  269.5917
295.0  257.3339
295.5  251.8830
296.0  254.3161
296.5  263.5439
297.0  276.8608
297.5  290.8784
298.0  302.5565
298.5  310.1010
299.0  313.5236
299.5  314.6435
300.0  316.3810
300.5  321.4597
301.0  331.0119
301.5  343.7801
302.0  356.3850
302.5  364.5814
303.0  364.9176
303.5  356.0738
304.0  339.3867
304.5  318.4510
305.0  298.0126
305.5  282.5617
306.0  275.0916
306.5  276.4004
307.0  285.0929
307.5  298.1891
308.0  312.0850
308.5  323.5987
309.0  330.8857
309.5  334.0053
310.0  334.8859
310.5  336.5178
311.0  341.5097
311.5  350.5830
312.0  361.7930
312.5  370.9842
313.0  373.3345
313.5  365.2644
314.0  345.8625
314.5  317.3023
315.0  284.2050
315.5  252.2822
316.0  226.7690
316.5  211.1483
317.0  206.4987
317.5  211.5492
318.0  223.2983
318.5  237.9659
319.0  252.0620
319.5  263.3855
320.0  271.7085
320.5  278.8284
321.0  287.7606
321.5  301.2133
322.0  319.9776
322.5  342.0898
323.0  363.3045
323.5  378.6971
324.0  384.6096
324.5  380.0444
325.0  366.9801
325.5  349.6063
326.0  332.8839
326.5  321.0060
327.0  316.2814
327.5  318.7264
328.0  326.3461
328.5  335.8771
329.0  343.7253
329.5  346.9255
330.0  344.0048
330.5  335.5610
331.0  324.2646
331.5  314.0476
332.0  308.5895
332.5  309.6871
333.0  316.3350
333.5  325.0699
334.0  331.4550
334.5  331.9777
335.0  325.4754
335.5  313.5244
336.0  299.7459
336.5  288.4262
337.0  283.0502
337.5  285.2932
338.0  294.7299
338.5  309.1803
339.0  325.4062
339.5  339.8989
340.0  349.6558
340.5  352.9153
341.0  349.7211
341.5  342.0252
342.0  333.0672
342.5  326.0867
343.0  322.8791
343.5  322.9398
344.0  323.7035
344.5  321.7919
345.0  314.6380
345.5  301.7081
346.0  284.8091
346.5  267.4306
347.0  253.4792
347.5  245.9677
348.0  246.1653
348.5  253.4329
349.0  265.6181
349.5  279.7049
350.0  292.4854
350.5  301.2259
351.0  304.3601
351.5  302.0804
352.0  296.4853
352.5  290.9650
353.0  288.8815
353.5  292.0862
354.0  300.0449
354.5  310.0620
355.0  318.4865
355.5  322.2649
356.0  320.0998
356.5  312.7638
357.0  302.5626
357.5  292.3068
358.0  284.3048
358.5  279.7928
359.0  278.9237
359.5  281.1051
360.0  285.3437
360.5  290.4261
361.0  295.0620
361.5  298.2247
362.0  299.6886
362.5  300.4152
363.0  302.3547
363.5  307.5730
364.0  317.1257
364.5  330.3557
365.0  345.0650
365.5  358.4696
366.0  368.3962
366.5  374.0933
367.0  376.2912
367.5  376.5545
368.0  376.3043
368.5  376.0305
369.0  375.0895
369.5  372.1430
370.0  365.9165
370.5  355.8073
371.0  342.0640
371.5  325.6390
372.0  308.0276
372.5  291.2495
373.0  277.7879
373.5  270.1540
374.0  270.0259
374.5  277.3586
375.0  290.0708
375.5  304.6331
376.0  317.3369
376.5  325.6205
377.0  328.8270
377.5  328.0965
378.0  325.5175
378.5  322.9859
379.0  321.3171
379.5  320.0034
380.0  317.6531
380.5  312.7814
381.0  304.4840
381.5  292.7145
382.0  278.2363
382.5  262.5090
383.0  247.6342
383.5  236.1921
384.0  230.7078
384.5  232.7625
385.0  242.1722
385.5  256.8020
386.0  273.2667
386.5  288.2392
387.0  299.7242
387.5  307.6956
388.0  313.8399
388.5  320.5715
389.0  329.7949
389.5  341.9790
390.0  355.9401
390.5  369.3727
391.0  379.7934
391.5  385.4120
392.0  385.5972
392.5  380.9288
393.0  373.0299
393.5  364.2977
394.0  357.4367
394.5  354.6588
395.0  356.6992
395.5  362.1448
396.0  367.6078
396.5  368.8478
397.0  362.3875
397.5  346.8770
398.0  323.6220
398.5  296.1028
399.0  268.7406
399.5  245.4354
400.0  228.4627
400.5  218.1213
401.0  213.1572
401.5  211.6201
402.0  211.6832
402.5  212.1514
403.0  212.6952
403.5  213.9784
404.0  217.6683
404.5  226.0684
405.0  241.1780
405.5  263.4389
406.0  290.8811
406.5  319.3376
407.0  343.7813
407.5  360.1490
408.0  366.7612
408.5  364.7416
409.0  357.3624
409.5  348.6858
410.0  342.0911
410.5  339.2633
411.0  339.9761
411.5  342.6189
412.0  345.0774
412.5  345.5134
413.0  342.8365
413.5  336.9749
414.0  329.1181
414.5  321.8124
415.0  318.5020
415.5  322.2677
416.0  334.1720
416.5  352.1980
417.0  371.6172
417.5  386.7426
418.0  393.1535
418.5  389.2902
419.0  376.7905
419.5  359.6073
420.0  342.4031
420.5  328.8911
421.0  320.7378
421.5  317.3663
422.0  316.5891
422.5  315.6307
423.0  312.0349
423.5  304.2321
424.0  291.9006
424.5  276.3146
425.0  260.5300
425.5  248.9034
426.0  245.6222
426.5  252.7001
427.0  268.6115
427.5  288.5782
428.0  306.4857
428.5  317.3714
429.0  319.2093
429.5  313.3057
430.0  303.3869
430.5  293.9505
431.0  288.5859
431.5  288.8655
432.0  294.1209
432.5  302.0155
433.0  309.4945
433.5  313.6493
434.0  312.3104
434.5  304.5155
435.0  291.0237
435.5  274.6727
436.0  260.0142
436.5  251.8378
437.0  253.0229
437.5  262.9464
438.0  277.5928
438.5  291.4395
439.0  300.0401
439.5  301.9129
440.0  298.9364
440.5  295.3085
441.0  295.7036
441.5  303.4396
442.0  319.3324
442.5  341.5714
443.0  366.4803
443.5  389.6694
444.0  407.0568
444.5  415.5503
445.0  413.5537
445.5  401.5061
446.0  382.2880
446.5  360.9096
447.0  343.0129
447.5  332.5399
448.0  329.8182
448.5  331.3618
449.0  331.6378
449.5  325.7704
450.0  311.6996
450.5  290.8583
451.0  267.3440
451.5  246.1910
452.0  231.5516
452.5  225.4715
453.0  227.6064
453.5  235.7886
454.0  247.0002
454.5  258.2582
455.0  267.2018
455.5  272.5226
456.0  274.4383
456.5  275.0623
457.0  278.1138
457.5  287.5334
458.0  305.3698
458.5  330.1651
459.0  357.0507
459.5  379.6931
460.0  392.9897
460.5  395.0499
461.0  387.6070
461.5  374.9309
462.0  361.9237
462.5  352.2497
463.0  347.1902
463.5  345.5440
464.0  344.4277
464.5  340.4837
465.0  330.9596
465.5  314.4094
466.0  291.1182
466.5  263.4194
467.0  235.7639
467.5  214.0514
468.0  203.8899
468.5  208.2648
469.0  225.9069
469.5  251.5450
470.0  278.0805
470.5  299.4945
471.0  312.9837
471.5  319.4784
472.0  322.6131
472.5  326.8273
473.0  335.4358
473.5  349.3702
474.0  366.9393
474.5  384.5245
475.0  397.7849
475.5  402.8923
476.0  397.5192
476.5  381.5549
477.0  357.5424
477.5  330.5869
478.0  307.3128
478.5  293.7541
479.0  292.8802
479.5  303.1072
480.0  318.8438
480.5  332.9040
481.0  339.4876
481.5  336.2525
482.0  324.7240
482.5  309.1848
483.0  294.7412
483.5  285.3929
484.0  282.7681
484.5  285.8373
485.0  291.5126
485.5  295.7500
486.0  294.7469
486.5  286.0048
487.0  269.2066
487.5  246.8066
488.0  223.9906
488.5  207.5518
489.0  203.6202
489.5  215.0323
490.0  239.7580
490.5  271.4501
491.0  301.9387
491.5  324.3492
492.0  335.3472
492.5  335.7205
493.0  329.3981
493.5  321.5649
494.0  316.6835
494.5  317.0984
495.0  322.5721
495.5  330.7081
496.0  337.9267
496.5  340.6142
497.0  336.2178
497.5  324.1983
498.0  306.6929
498.5  288.5162
499.0  276.0586
499.5  275.0506
500.0  287.9981
500.5  312.6816
501.0  342.7549
501.5  370.2454
502.0  388.6346
502.5  395.0246
503.0  390.6116
503.5  379.5991
504.0  367.2557
504.5  357.9628
505.0  353.9112
505.5  354.7402
506.0  358.0083
506.5  360.1434
507.0  357.5203
507.5  347.4916
508.0  329.3199
508.5  304.8744
509.0  278.7128
509.5  257.0889
510.0  245.8215
510.5  247.7755
511.0  261.3110
511.5  280.7468
512.0  298.7034
512.5  309.0745
513.0  309.1735
513.5  300.2666
514.0  286.5804
514.5  273.4307
515.0  265.2753
515.5  264.3490
516.0  270.2146
516.5  280.1785
517.0  290.2546
517.5  296.3347
518.0  295.3582
518.5  286.3775
519.0  271.3098
519.5  254.9397
520.0  243.7042
520.5  243.2901
521.0  255.9754
521.5  279.2207
522.0  306.5307
522.5  330.2331
523.0  344.6705
523.5  348.2334
524.0  343.5242
524.5  335.9245
525.0  331.3948
525.5  334.4054
526.0  346.6560
526.5  366.8274
527.0  391.2086
527.5  414.8067
528.0  432.5685
528.5  440.5209
529.0  436.7621
529.5  422.1660
530.0  400.4582
530.5  377.2629
531.0  358.0914
531.5  345.9787
532.0  340.0283
532.5  335.8441
533.0  327.7323
533.5  311.4828
534.0  286.3121
534.5  255.1786
535.0  223.5715
535.5  197.4726
536.0  181.3643
536.5  176.9757
537.0  183.0717
537.5  196.1539
538.0  211.6662
538.5  225.2781
539.0  233.9776
539.5  236.8566
540.0  235.4715
540.5  233.5616
541.0  235.9200
541.5  246.5279
542.0  266.6171
542.5  293.6902
543.0  322.2278
543.5  345.8895
544.0  360.1212
544.5  363.8906
545.0  359.8366
545.5  352.9437
546.0  348.4520
546.5  349.8939
547.0  357.9585
547.5  370.4611
548.0  383.2393
548.5  391.5261
549.0  391.3423
549.5  380.6242
550.0  359.9389
550.5  332.6561
551.0  304.3876
551.5  281.5813
552.0  269.4984
552.5  270.2812
553.0  282.0602
553.5  299.7065
554.0  316.9916
554.5  329.1404
555.0  334.5829
555.5  335.2003
556.0  335.1175
556.5  338.6984
557.0  348.6290
557.5  364.8147
558.0  384.3863
558.5  402.6305
559.0  414.3786
559.5  415.3925
560.0  403.4700
560.5  379.1383
561.0  345.8063
561.5  309.1883
562.0  275.8985
562.5  251.4604
563.0  238.4405
563.5  235.6164
564.0  238.7115
564.5  242.4271
565.0  242.8047
565.5  238.8268
566.0  232.6230
566.5  228.3326
567.0  230.2154
567.5  240.8234
568.0  259.9263
568.5  284.4947
569.0  309.5979
569.5  329.7851
570.0  340.4993
570.5  339.2358
571.0  326.2853
571.5  304.9146
572.0  280.7847
572.5  260.5085
573.0  249.6090
573.5  250.6033
574.0  262.1346
574.5  279.6867
575.0  297.6164
575.5  311.5309
576.0  319.9165
576.5  324.3759
577.0  328.5247
577.5  336.1553
578.0  349.4971
578.5  368.2494
579.0  389.6453
579.5  409.3454
580.0  422.7115
580.5  426.0374
581.0  417.5070
581.5  397.7766
582.0  370.0681
582.5  339.5945
583.0  312.2293
583.5  292.6695
584.0  282.7720
584.5  280.8948
585.0  282.6962
585.5  283.0934
586.0  278.4628
586.5  268.0837
587.0  254.2674
587.5  241.2533
588.0  233.4436
588.5  233.7347
589.0  242.5626
589.5  257.9030
590.0  276.0578
590.5  292.8221
591.0  304.6401
591.5  309.5131
592.0  307.5510
592.5  301.0575
593.0  294.0118
593.5  290.8924
594.0  295.0860
594.5  307.4702
595.0  325.8798
595.5  345.8461
596.0  362.3582
596.5  371.8470
597.0  373.4817
597.5  369.2471
598.0  362.8578
598.5  358.0676
599.0  357.1242
599.5  359.9716
600.0  364.4050
600.5  366.9669
601.0  364.1526
601.5  353.5271
602.0  334.5292
602.5  308.8557
603.0  280.3373
603.5  254.2073
604.0  235.7885
604.5  228.8901
605.0  234.4860
605.5  250.2845
606.0  271.4940
606.5  292.5428
607.0  309.0407
607.5  319.1589
608.0  323.8979
608.5  326.2380
609.0  329.6438
609.5  336.6047
610.0  347.7712
610.5  361.8885
611.0  376.3566
611.5  388.0660
612.0  394.2103
612.5  392.9430
613.0  383.8443
613.5  368.1376
614.0  348.5249
614.5  328.5335
615.0  311.4554
615.5  299.2346
616.0  291.8081
616.5  287.2845
617.0  282.9437
617.5  276.6024
618.0  267.6755
618.5  257.4266
619.0  248.3306
619.5  242.9169
620.0  242.6745
620.5  247.4867
621.0  255.7412
621.5  264.9307
622.0  272.4284
622.5  276.1938
623.0  275.3070
623.5  270.2946
624.0  263.1587
624.5  256.9673
625.0  254.9517
625.5  259.3141
626.0  270.2272
626.5  285.5624
627.0  301.5973
627.5  314.4583
628.0  321.6612
628.5  323.0482
629.0  320.7248
629.5  318.0830
630.0  318.3975
630.5  323.6160
631.0  333.7850
631.5  347.1950
632.0  361.0164
632.5  372.1022
633.0  377.7352
633.5  376.2540
634.0  367.5299
634.5  353.1891
635.0  336.3807
635.5  320.9583
636.0  310.2231
636.5  305.7141
637.0  306.6594
637.5  310.4435
638.0  313.9163
638.5  314.9106
639.0  313.2261
639.5  310.6431
640.0  310.0262
640.5  314.0008
641.0  323.8204
641.5  338.8544
642.0  356.7662
642.5  374.1558
643.0  387.3619
643.5  393.2280
644.0  389.7729
644.5  376.7289
645.0  355.8125
645.5  330.5066
646.0  305.2067
646.5  283.8801
647.0  268.7396
647.5  259.5784
648.0  254.1599
648.5  249.5159
649.0  243.5225
649.5  235.9924
650.0  228.8032
650.5  225.0732
651.0  227.8271
651.5  238.7608
652.0  257.5644
652.5  281.9374
653.0  308.1324
653.5  331.7708
654.0  348.7372
654.5  356.0553
655.0  352.6431
655.5  339.7576
656.0  320.8789
656.5  300.8793
657.0  284.6103
657.5  275.3899
658.0  274.0478
658.5  278.9903
659.0  287.2479
659.5  295.9663
660.0  303.6182
660.5  310.4270
661.0  317.9362
661.5  328.0569
662.0  342.0822
662.5  360.0516
663.0  380.5937
663.5  401.1704
664.0  418.5750
664.5  429.5781
665.0  431.6464
665.5  423.6219
666.0  406.1701
666.5  381.7753
667.0  354.1489
667.5  327.1441
668.0  303.5448
668.5  284.2548
669.0  268.3014
669.5  253.6743
670.0  238.5872
670.5  222.5336
671.0  206.6579
671.5  193.3444
672.0  185.3013
672.5  184.5794
673.0  191.8857
673.5  206.3349
674.0  225.6143
674.5  246.4716
675.0  265.4402
675.5  279.6874
676.0  287.7970
676.5  290.2414
677.0  289.3132
677.5  288.4255
678.0  290.9260
678.5  298.8381
679.0  312.0707
679.5  328.4970
680.0  344.8907
680.5  358.2673
681.0  366.9946
681.5  371.2149
682.0  372.5009
682.5  373.0145
683.0  374.5726
683.5  377.9522
684.0  382.5999
684.5  386.7639
685.0  387.9920
685.5  383.8786
686.0  372.8869
686.5  355.0183
687.0  332.1039
687.5  307.5640
688.0  285.6208
688.5  270.1395
689.0  263.4660
689.5  265.7222
690.0  274.8885
690.5  287.6714
691.0  300.7753
691.5  312.0198
692.0  320.8619
692.5  328.2053
693.0  335.6867
693.5  344.7891
694.0  356.0999
694.5  368.9180
695.0  381.2881
695.5  390.4486
696.0  393.5762
696.5  388.6216
697.0  374.9798
697.5  353.7795
698.0  327.6800
698.5  300.2086
699.0  274.8204
699.5  253.9789
700.0  238.5911
700.5  228.0278
701.0  220.7246
701.5  215.1038
702.0  210.4130
702.5  207.1266
703.0  206.7660
703.5  211.2477
704.0  222.0423
704.5  239.4647
705.0  262.3454
705.5  288.1973
706.0  313.8321
706.5  336.2226
707.0  353.3139
707.5  364.5010
708.0  370.6138
708.5  373.4244
709.0  374.8553
709.5  376.1757
710.0  377.4919
710.5  377.7373
711.0  375.1730
711.5  368.1964
712.0  356.1363
712.5  339.7291
713.0  321.1047
713.5  303.2901
714.0  289.3931
714.5  281.7149
715.0  281.0580
715.5  286.4476
716.0  295.3866
716.5  304.6029
717.0  311.0675
717.5  312.9427
718.0  310.1239
718.5  304.1680
719.0  297.6127
719.5  292.9162
720.0  291.4214
720.5  292.7777
721.0  295.0850
721.5  295.7037
722.0  292.3846
722.5  284.2522
723.0  272.2830
723.5  259.1358
724.0  248.4241
724.5  243.6672
725.0  247.2320
725.5  259.5699
726.0  278.9920
726.5  302.0867
727.0  324.6903
727.5  343.1121
728.0  355.2058
728.5  360.9064
729.0  362.0213
729.5  361.3223
730.0  361.2654
730.5  362.8696
731.0  365.2678
731.5  366.1493
732.0  362.8876
732.5  353.8243
733.0  339.1562
733.5  321.1020
734.0  303.3371
734.5  289.9305
735.0  284.1294
735.5  287.3435
736.0  298.6217
736.5  314.7957
737.0  331.2905
737.5  343.3983
738.0  347.6459
738.5  342.8337
739.0  330.3993
739.5  313.9373
740.0  297.9700
740.5  286.3560
741.0  280.9441
741.5  281.0454
742.0  283.9627
742.5  286.3263
743.0  285.6267
743.5  281.3119
744.0  275.0668
744.5  270.2542
745.0  270.7756
745.5  279.7502
746.0  298.4150
746.5  325.5586
747.0  357.6534
747.5  389.6581
748.0  416.2697
748.5  433.2672
749.0  438.5542
749.5  432.5776
750.0  417.9623
750.5  398.4341
751.0  377.3899
751.5  356.6857
752.0  336.1876
752.5  314.2957
753.0  289.1778
753.5  260.1162
754.0  228.3701
754.5  197.2291
755.0  171.2813
755.5  155.1741
756.0  152.2621
756.5  163.5358
757.0  187.1545
757.5  218.7648
758.0  252.5617
758.5  282.8024
759.0  305.3137
759.5  318.5239
760.0  323.6950
760.5  324.2552
761.0  324.4112
761.5  327.4935
762.0  334.6640
762.5  344.5285
763.0  353.8254
763.5  358.8608
764.0  357.0527
764.5  347.9673
765.0  333.5266
765.5  317.4157
766.0  303.9569
766.5  296.8081
767.0  297.8416
767.5  306.5142
768.0  319.9415
768.5  333.7152
769.0  343.2477
769.5  345.2244
770.0  338.6799
770.5  325.3286
771.0  309.0121
771.5  294.4079
772.0  285.4284
772.5  283.9112
773.0  289.1375
773.5  298.3617
774.0  308.0730
774.5  315.4011
775.0  319.1003
775.5  319.8201
776.0  319.6964
776.5  321.4989
777.0  327.6203
777.5  339.1676
778.0  355.3892
778.5  373.6348
779.0  389.9386
779.5  400.1064
780.0  400.9774
780.5  391.4271
781.0  372.7574
781.5  348.3175
782.0  322.4601
782.5  299.1808
783.0  280.9458
783.5  268.1692
784.0  259.5290
784.5  252.9230
785.0  246.5885
785.5  239.8985
786.0  233.5746
786.5  229.3442
787.0  229.2625
787.5  234.9582
788.0  247.0121
788.5  264.6182
789.0  285.6230
789.5  306.9711
790.0  325.4670
790.5  338.6358
791.0  345.3974
791.5  346.3122
792.0  343.2831
792.5  338.7916
793.0  334.9406
793.5  332.6998
794.0  331.6997
794.5  330.6693
795.0  328.2781
795.5  323.9377
796.0  318.1800
796.5  312.4915
797.0  308.7566
797.5  308.5927
798.0  312.8230
798.5  321.2139
799.0  332.5026
799.5  344.6832
800.0  355.4879
800.5  362.9565
801.0  365.9474
801.5  364.4286
802.0  359.4255
802.5  352.5917
803.0  345.5018
803.5  338.9106
804.0  332.3146
804.5  324.0835
805.0  312.1842
805.5  295.1994
806.0  273.1644
806.5  247.8394
807.0  222.3292
807.5  200.2645
808.0  184.8952
808.5  178.3878
809.0  181.4691
809.5  193.4228
810.0  212.3801
810.5  235.8159
811.0  261.1391
811.5  286.2319
812.0  309.7916
812.5  331.3617
813.0  351.0339
813.5  368.9258
814.0  384.6639
814.5  397.1459
815.0  404.7604
815.5  406.0083
816.0  400.2337
816.5  388.0887
817.0  371.4981
817.5  353.1561
818.0  335.7983
818.5  321.5443
819.0  311.5033
819.5  305.6982
820.0  303.2632
820.5  302.8325
821.0  303.0230
821.5  302.8962
822.0  302.2650
822.5  301.7296
823.0  302.3940
823.5  305.3251
824.0  310.9372
824.5  318.5650
825.0  326.4595
825.5  332.2832
826.0  333.9369
826.5  330.3696
827.0  322.0087
827.5  310.6406
828.0  298.8298
828.5  289.1523
829.0  283.5304
829.5  282.8397
830.0  286.8264
830.5  294.2911
831.0  303.4763
831.5  312.5761
832.0  320.2431
832.5  325.9313
833.0  329.9322
833.5  333.0523
834.0  336.0323
834.5  338.9461
835.0  340.8792
835.5  340.1006
836.0  334.7203
836.5  323.5679
837.0  306.8944
837.5  286.5678
838.0  265.6804
838.5  247.7516
839.0  235.8529
839.5  231.9436
840.0  236.5514
840.5  248.7938
841.0  266.6765
841.5  287.6027
842.0  309.0030
842.5  328.9333
843.0  346.4349
843.5  361.4934
844.0  374.5815
844.5  385.9702
845.0  395.1415
845.5  400.6239
846.0  400.3874
846.5  392.6487
847.0  376.7200
847.5  353.5051
848.0  325.4343
848.5  295.9034
849.0  268.4938
849.5  246.2772
850.0  231.3682
850.5  224.7025
851.0  225.9524
851.5  233.5761
852.0  245.1137
852.5  257.8157
853.0  269.4773
853.5  279.1220
854.0  287.1559
854.5  294.8504
855.0  303.3900
855.5  312.9854
856.0  322.5370
856.5  330.0299
857.0  333.4342
857.5  331.6235
858.0  324.8538
858.5  314.6247
859.0  303.0897
859.5  292.3910
860.0  284.2600
860.5  279.9705
861.0  280.4459
861.5  286.2125
862.0  297.0834
862.5  311.8108
863.0  328.1252
863.5  343.3641
864.0  355.4254
864.5  363.4677
865.0  367.9143
865.5  369.7917
866.0  369.8707
866.5  368.1766
867.0  364.1398
867.5  357.2119
868.0  347.4854
868.5  335.8940
869.0  323.8733
869.5  312.7194
870.0  303.0658
870.5  294.8175
871.0  287.5744
871.5  281.2228
872.0  276.2331
872.5  273.3952
873.0  273.1811
873.5  275.2640
874.0  278.6293
874.5  282.2071
875.0  285.4996
875.5  288.6866
876.0  292.1449
876.5  295.7996
877.0  298.8509
877.5  300.1198
878.0  298.8013
878.5  295.1304
879.0  290.5244
879.5  287.0850
880.0  286.7183
880.5  290.3506
881.0  297.6637
881.5  307.4706
882.0  318.4664
882.5  329.8480
883.0  341.3986
883.5  353.0474
884.0  364.3398
884.5  374.3227
885.0  381.9636
885.5  386.7232
886.0  388.7513
886.5  388.5116
887.0  386.1339
887.5  381.0274
888.0  372.0883
888.5  358.3941
889.0  339.9310
889.5  317.8920
890.0  294.3608
890.5  271.5803
891.0  251.2421
891.5  234.2006
892.0  220.7286
892.5  211.0630
893.0  205.7799
893.5  205.6806
894.0  211.2763
894.5  222.3308
895.0  237.8912
895.5  256.7984
896.0  278.2235
896.5  301.7298
897.0  326.7767
897.5  352.0676
898.0  375.2980
898.5  393.5797
899.0  404.3364
899.5  406.1644
900.0  399.1952
900.5  384.8244
901.0  365.0340
901.5  341.7310
902.0  316.4543
902.5  290.5264
903.0  265.4080
903.5  242.8592
904.0  224.6668
904.5  212.0768
905.0  205.3876
905.5  204.0921
906.0  207.5190
906.5  215.4763
907.0  228.3659
907.5  246.6505
908.0  270.0637
908.5  297.1510
909.0  325.4803
909.5  352.3854
910.0  375.7703
910.5  394.5220
911.0  408.3850
911.5  417.5026
912.0  422.0021
912.5  421.9168
913.0  417.4702
913.5  409.4557
914.0  399.3261
914.5  388.7791
915.0  379.0248
915.5  370.2454
916.0  361.6862
916.5  352.3465
917.0  341.7571
917.5  330.2778
918.0  318.7531
918.5  307.8684
919.0  297.7269
919.5  287.9307
920.0  278.0319
920.5  267.9629
921.0  258.1243
921.5  249.1094
922.0  241.3179
922.5  234.7885
923.0  229.4154
923.5  225.4335
924.0  223.8151
924.5  226.1980
925.0  234.2217
925.5  248.5973
926.0  268.5179
926.5  291.8452
927.0  315.9477
927.5  338.5889
928.0  358.2991
928.5  374.1515
929.0  385.3447
929.5  391.0647
930.0  390.7769
930.5  384.6841
931.0  373.9377
931.5  360.3708
932.0  345.8694
932.5  331.7496
933.0  318.5097
933.5  306.0998
934.0  294.5368
934.5  284.4640
935.0  277.2439
935.5  274.4523
936.0  277.0694
936.5  284.9313
937.0  296.8394
937.5  311.1949
938.0  326.6032
938.5  341.9722
939.0  356.1329
939.5  367.4605
940.0  373.9710
940.5  373.9463
941.0  366.6914
941.5  352.9030
942.0  334.3942
942.5  313.3444
943.0  291.5271
943.5  269.9536
944.0  249.0967
944.5  229.5022
945.0  212.3520
945.5  199.5512
946.0  193.2015
946.5  194.7561
947.0  204.4162
947.5  221.1543
948.0  243.2465
948.5  268.8017
949.0  295.8818
949.5  322.2933
950.0  345.5002
950.5  363.0104
951.0  373.1420
951.5  375.6947
952.0  372.0520
952.5  364.5922
953.0  355.7023
953.5  346.9119
954.0  338.5642
954.5  330.1319
955.0  320.9371
955.5  310.8387
956.0  300.4993
956.5  291.1265
957.0  283.9495
957.5  279.8617
958.0  279.4600
958.5  283.2817
959.0  291.7884
959.5  304.8846
960.0  321.2887
960.5  338.3664
961.0  352.7889
961.5  361.7701
962.0  364.1941
962.5  360.9884
963.0  354.5573
963.5  347.6220
964.0  342.0934
964.5  338.5230
965.0  336.3109
965.5  334.4321
966.0  332.1931
966.5  329.5751
967.0  327.0428
967.5  325.0920
968.0  323.9863
968.5  323.8969
969.0  325.1992
969.5  328.4387
970.0  333.7719
970.5  340.2588
971.0  345.6741
971.5  347.1885
972.0  342.6245
972.5  331.5679
973.0  315.6975
973.5  298.1629
974.0  282.3499
974.5  270.6479
975.0  263.7808
975.5  260.9350
976.0  260.5006
976.5  260.9545
977.0  261.4177
977.5  261.7136
978.0  262.1341
978.5  263.2791
979.0  266.1062
979.5  271.9283
980.0  281.9842
980.5  296.5815
981.0  314.3477
981.5  332.2432
982.0  346.5153
982.5  354.1243
983.0  353.8828
983.5  346.7694
984.0  335.3543
984.5  322.6862
985.0  311.1786
985.5  301.9597
986.0  294.8846
986.5  289.0673
987.0  283.5501
987.5  277.7312
988.0  271.4348
988.5  264.8336
989.0  258.5140
989.5  253.7021
990.0  252.2903
990.5  256.2861
991.0  266.7719
991.5  283.0153
992.0  302.4200
992.5  321.4566
993.0  337.0588
993.5  347.7252
994.0  353.8240
994.5  357.0716
995.0  359.5297
995.5  362.6213
996.0  366.5880
996.5  370.5602
997.0  373.0965
997.5  372.8309
998.0  368.8842
998.5  360.9550
999.0  349.3047
999.5  334.8912
1000.0  319.5971
