0.0  160.5168
0.5  167.0430
1.0  171.2800
1.5  172.5592
2.0  171.6185
2.5  170.0529
3.0  169.7055
3.5  172.1554
4.0  178.3367
4.5  188.2703
5.0  200.9060
5.5  214.1606
6.0  225.3102
6.5  231.8329
7.0  232.5207
7.5  228.3077
8.0  222.1738
8.5  217.9361
9.0  218.5084
9.5  224.6242
10.0  234.6888
10.5  245.6815
11.0  254.4739
11.5  258.8979
12.0  258.2152
12.5  253.0202
13.0  244.8076
13.5  235.4469
14.0  226.7088
14.5  219.8917
15.0  215.5423
15.5  213.2779
16.0  211.7899
16.5  209.1802
17.0  203.7197
17.5  194.8439
18.0  183.8479
18.5  173.6792
19.0  167.7062
19.5  168.0876
20.0  174.7184
20.5  185.3397
21.0  196.6262
21.5  205.5534
22.0  210.3698
22.5  210.8843
23.0  208.1838
23.5  204.0761
24.0  200.5220
24.5  199.1812
25.0  201.0792
25.5  206.3601
26.0  214.1309
26.5  222.5005
27.0  228.9882
27.5  231.3782
28.0  228.7857
28.5  222.3465
29.0  214.9292
29.5  209.8153
30.0  209.0507
30.5  212.4784
31.0  217.9903
31.5  222.7116
32.0  224.3430
32.5  221.9931
33.0  216.2881
33.5  208.9485
34.0  202.1581
34.5  197.9758
35.0  197.8937
35.5  202.5386
36.0  211.4807
36.5  223.1659
37.0  235.0795
37.5  244.3002
38.0  248.4647
38.5  246.8272
39.0  240.7795
39.5  233.2896
40.0  227.3654
40.5  224.4198
41.0  223.5840
41.5  222.3580
42.0  218.0704
42.5  209.2136
43.0  196.0203
43.5  180.2404
44.0  164.4810
44.5  151.5048
45.0  143.6978
45.5  142.7157
46.0  149.2253
46.5  162.6815
47.0  181.1950
47.5  201.6886
48.0  220.5624
48.5  234.8693
49.0  243.5594
49.5  248.0099
50.0  251.2498
50.5  256.1157
51.0  263.4479
51.5  271.5180
52.0  277.0058
52.5  276.7694
53.0  269.2850
53.5  255.1005
54.0  236.3818
54.5  216.0449
55.0  196.9535
55.5  181.4055
56.0  170.8923
56.5  165.9865
57.0  166.2350
57.5  170.0776
58.0  175.0015
58.5  178.1903
59.0  177.6738
59.5  173.4883
60.0  168.0143
60.5  164.9562
61.0  167.3616
61.5  175.9159
62.0  188.6501
62.5  202.1598
63.0  213.3960
63.5  220.9008
64.0  224.9900
64.5  227.1294
65.0  229.0768
65.5  232.2330
66.0  237.3468
66.5  244.4763
67.0  253.0188
67.5  261.6799
68.0  268.4335
68.5  270.7279
69.0  266.2100
69.5  253.9182
70.0  235.3463
70.5  214.4899
71.0  196.4277
71.5  185.0445
72.0  181.2968
72.5  183.1396
73.0  187.0354
73.5  189.9239
74.0  190.4765
74.5  189.1966
75.0  187.7008
75.5  187.8074
76.0  190.8811
76.5  197.5570
77.0  207.7142
77.5  220.4861
78.0  234.1869
78.5  246.2403
79.0  253.4167
79.5  252.6733
80.0  242.5059
80.5  224.1394
81.0  201.6146
81.5  180.3438
82.0  164.7946
82.5  156.7181
83.0  154.9928
83.5  156.9666
84.0  160.2117
84.5  163.6112
85.0  167.4211
85.5  172.6636
86.0  180.4259
86.5  191.4361
87.0  205.9605
87.5  223.8365
88.0  244.4040
88.5  266.2359
89.0  286.8430
89.5  302.7781
90.0  310.5177
90.5  307.9990
91.0  295.9947
91.5  278.2394
92.0  259.8684
92.5  244.9680
93.0  234.8164
93.5  227.9010
94.0  221.4544
94.5  213.2702
95.0  202.6869
95.5  190.4745
96.0  178.1021
96.5  167.0309
97.0  158.4004
97.5  153.0808
98.0  151.8060
98.5  155.0649
99.0  162.6402
99.5  173.0579
100.0  183.5167
100.5  190.7655
101.0  192.7603
101.5  190.1371
102.0  186.3103
102.5  185.8069
103.0  191.7700
103.5  204.2746
104.0  220.4855
104.5  236.3165
105.0  248.3355
105.5  254.8334
106.0  255.8080
106.5  252.3122
107.0  245.7804
107.5  237.6934
108.0  229.5613
108.5  222.9495
109.0  219.2248
109.5  218.9277
110.0  221.0823
110.5  223.0762
111.0  221.6116
111.5  214.5163
112.0  202.3648
112.5  188.6565
113.0  178.1583
113.5  174.3768
114.0  177.8195
114.5  186.0829
115.0  195.4391
115.5  202.6974
116.0  206.2686
116.5  206.1703
117.0  203.4045
117.5  199.3121
118.0  195.2587
118.5  192.6260
119.0  192.8175
119.5  196.9578
120.0  205.2184
120.5  216.1311
121.0  226.5629
121.5  232.8300
122.0  232.6551
122.5  226.8090
123.0  219.1464
123.5  214.7036
124.0  216.9496
124.5  225.9600
125.0  238.5859
125.5  250.2538
126.0  257.0919
126.5  257.2143
127.0  250.8254
127.5  239.5558
128.0  225.6718
128.5  211.5771
129.0  199.6338
129.5  192.0268
130.0  190.3493
130.5  194.8444
131.0  203.6938
131.5  213.0510
132.0  218.2897
132.5  216.1280
133.0  206.4489
133.5  192.5482
134.0  179.4869
134.5  171.5354
135.0  170.2926
135.5  174.4650
136.0  181.0906
136.5  187.1921
137.0  190.8971
137.5  191.6899
138.0  190.0663
138.5  187.0817
139.0  184.1184
139.5  182.8675
140.0  185.2527
140.5  192.9853
141.0  206.7050
141.5  225.1196
142.0  244.8608
142.5  261.5436
143.0  271.7123
143.5  274.5427
144.0  272.1083
144.5  267.9492
145.0  264.9030
145.5  263.6465
146.0  262.7581
146.5  259.9759
147.0  253.6442
147.5  243.4891
148.0  230.5135
148.5  216.3721
149.0  202.7563
149.5  191.1130
150.0  182.6700
150.5  178.4753
151.0  179.1367
151.5  184.2336
152.0  191.8037
152.5  198.5393
153.0  201.0041
153.5  197.3808
154.0  188.6193
154.5  178.0550
155.0  169.6254
155.5  165.8477
156.0  166.8334
156.5  170.7566
157.0  175.1995
157.5  178.4193
158.0  179.9089
158.5  180.2195
159.0  180.4273
159.5  181.6831
160.0  185.0548
160.5  191.5627
161.0  202.1092
161.5  217.0582
162.0  235.5481
162.5  255.0392
163.0  271.7175
163.5  281.9148
164.0  283.8606
164.5  278.5820
165.0  269.2179
165.5  259.1792
166.0  250.4356
166.5  242.9882
167.0  235.5892
167.5  226.9622
168.0  216.6899
168.5  205.3821
169.0  194.2630
169.5  184.5944
170.0  177.3248
170.5  173.0963
171.0  172.4380
171.5  175.7977
172.0  183.1666
172.5  193.4393
173.0  204.0742
173.5  211.6827
174.0  213.5814
174.5  209.4437
175.0  201.7838
175.5  194.7010
176.0  191.6469
176.5  193.7389
177.0  199.6294
177.5  206.7086
178.0  212.6340
178.5  216.2777
179.0  217.8030
179.5  218.1417
180.0  218.3698
180.5  219.3726
181.0  221.8795
181.5  226.6341
182.0  234.3168
182.5  244.9994
183.0  257.3526
183.5  268.2875
184.0  273.7131
184.5  270.4019
185.0  257.9435
185.5  239.3486
186.0  219.6502
186.5  203.3522
187.0  192.4480
187.5  186.1680
188.0  182.2338
188.5  178.4905
189.0  173.9105
189.5  168.6712
190.0  163.6230
190.5  159.6865
191.0  157.5718
191.5  157.8820
192.0  161.3335
192.5  168.6912
193.0  180.1961
193.5  194.7423
194.0  209.5197
194.5  220.8034
195.0  225.8189
195.5  224.5779
196.0  220.2407
196.5  217.4688
197.0  219.7925
197.5  227.8047
198.0  239.2541
198.5  250.6205
199.0  258.9018
199.5  262.6010
200.0  261.7133
200.5  257.1309
201.0  250.0381
201.5  241.6629
202.0  233.3775
202.5  226.8211
203.0  223.6169
203.5  224.5203
204.0  228.3924
204.5  231.8735
205.0  230.4956
205.5  221.0328
206.0  203.7257
206.5  182.7076
207.0  164.0662
207.5  152.7499
208.0  150.3889
208.5  155.2451
209.0  163.8397
209.5  172.8622
210.0  180.2611
210.5  185.3079
211.0  188.0851
211.5  188.9986
212.0  188.6741
212.5  188.1985
213.0  189.3231
213.5  194.1473
214.0  204.0875
214.5  218.5623
215.0  234.3765
215.5  246.6748
216.0  251.3340
216.5  247.4033
217.0  237.8292
217.5  227.7946
218.0  221.7942
218.5  221.4715
219.0  225.4557
219.5  230.8245
220.0  234.8662
220.5  236.0718
221.0  234.1444
221.5  229.4710
222.0  222.6506
222.5  214.4280
223.0  205.9823
223.5  199.1752
224.0  196.2647
224.5  198.8828
225.0  206.7050
225.5  216.8026
226.0  224.5647
226.5  226.0764
227.0  220.5538
227.5  211.0378
228.0  202.6469
228.5  199.5455
229.0  202.7405
229.5  210.0254
230.0  217.6810
230.5  222.4906
231.0  222.8784
231.5  218.9050
232.0  211.6024
232.5  202.3179
233.0  192.4818
233.5  183.7784
234.0  178.3298
234.5  178.3954
235.0  185.3862
235.5  198.6121
236.0  214.7142
236.5  228.6133
237.0  235.8412
237.5  234.9318
238.0  228.2048
238.5  220.2838
239.0  215.3551
239.5  215.0452
240.0  218.1483
240.5  221.9527
241.0  223.9533
241.5  222.8747
242.0  218.7172
242.5  212.2144
243.0  204.3005
243.5  195.9635
244.0  188.4598
244.5  183.5123
245.0  183.0249
245.5  188.1494
246.0  198.1446
246.5  209.9422
247.0  219.1495
247.5  222.2442
248.0  218.6351
248.5  211.0658
249.0  203.9419
249.5  200.7293
250.0  202.2268
250.5  206.6931
251.0  211.3613
251.5  214.0815
252.0  214.1297
252.5  212.0374
253.0  208.9196
253.5  205.9016
254.0  203.9802
254.5  204.2423
255.0  208.0334
255.5  216.6169
256.0  230.2206
256.5  246.9921
257.0  262.8201
257.5  272.6656
258.0  272.9691
258.5  263.6416
259.0  248.1504
259.5  231.5237
260.0  217.6684
260.5  207.8219
261.0  200.8939
261.5  194.9959
262.0  188.8683
262.5  182.3939
263.0  176.2350
263.5  171.1521
264.0  167.5877
264.5  165.7724
265.0  166.1828
265.5  169.8659
266.0  178.1271
266.5  191.4948
267.0  208.5528
267.5  225.6597
268.0  238.1987
268.5  242.8657
269.0  239.4913
269.5  231.0159
270.0  221.5959
270.5  214.2529
271.0  209.6863
271.5  206.7613
272.0  203.9058
272.5  200.2746
273.0  196.0661
273.5  192.1086
274.0  189.2384
274.5  187.9575
275.0  188.5682
275.5  191.5985
276.0  198.0558
276.5  209.0586
277.0  224.8087
277.5  243.5222
278.0  261.3068
278.5  273.5475
279.0  277.2254
279.5  272.6355
280.0  263.1717
280.5  253.2499
281.0  245.8692
281.5  241.4621
282.0  238.4940
282.5  234.9527
283.0  229.5351
283.5  221.9467
284.0  212.5034
284.5  201.6023
285.0  189.5336
285.5  176.7631
286.0  164.4228
286.5  154.4989
287.0  149.2792
287.5  150.1051
288.0  156.1474
288.5  164.2463
289.0  170.3279
289.5  171.7224
290.0  168.8122
290.5  164.7606
291.0  163.5121
291.5  167.5763
292.0  177.1016
292.5  190.5215
293.0  205.8734
293.5  221.7148
294.0  237.2220
294.5  251.7571
295.0  264.4556
295.5  274.2300
296.0  280.2329
296.5  282.4703
297.0  282.0527
297.5  280.6815
298.0  279.4598
298.5  277.7637
299.0  273.1606
299.5  262.7879
300.0  245.4440
300.5  222.8703
301.0  199.1582
301.5  178.6641
302.0  163.9901
302.5  155.3783
303.0  151.5686
303.5  151.1021
304.0  153.0597
304.5  156.9816
305.0  162.3793
305.5  168.4187
306.0  174.1000
306.5  178.8638
307.0  183.2069
307.5  188.7511
308.0  197.4263
308.5  210.0255
309.0  225.0426
309.5  238.8256
310.0  247.3162
310.5  248.4080
311.0  243.2686
311.5  235.6071
312.0  229.4258
312.5  226.9366
313.0  227.9996
313.5  231.0639
314.0  234.5166
314.5  237.4091
315.0  239.3363
315.5  239.9252
316.0  238.5339
316.5  234.4730
317.0  227.6367
317.5  219.0850
318.0  211.0120
318.5  205.8206
319.0  204.6553
319.5  206.3560
320.0  207.7976
320.5  205.7138
321.0  198.8848
321.5  189.0630
322.0  179.8488
322.5  174.3526
323.0  173.4427
323.5  175.7493
324.0  179.0594
324.5  181.7889
325.0  183.5380
325.5  184.6937
326.0  185.7005
326.5  186.6541
327.0  187.4932
327.5  188.5990
328.0  191.2771
328.5  197.5587
329.0  209.1238
329.5  225.8338
330.0  244.9230
330.5  261.7606
331.0  272.0939
331.5  274.4512
332.0  270.9799
332.5  265.9883
333.0  263.1919
333.5  263.6498
334.0  265.6837
334.5  266.4146
335.0  263.4982
335.5  255.9411
336.0  243.8796
336.5  227.9370
337.0  208.8373
337.5  187.5774
338.0  165.9544
338.5  146.8897
339.0  133.9637
339.5  130.0140
340.0  135.4208
340.5  147.2666
341.0  160.3170
341.5  169.6135
342.0  173.1687
342.5  172.9135
343.0  173.1545
343.5  177.6444
344.0  187.3851
344.5  200.5347
345.0  214.0206
345.5  225.3466
346.0  233.4037
346.5  238.1797
347.0  240.0347
347.5  239.2776
348.0  236.3456
348.5  232.3613
349.0  229.4690
349.5  230.3671
350.0  236.9291
350.5  248.5923
351.0  261.7107
351.5  270.7552
352.0  271.0499
352.5  261.4644
353.0  245.1962
353.5  227.9557
354.0  214.7404
354.5  207.4265
355.0  204.6194
355.5  203.3582
356.0  201.0827
356.5  196.5897
357.0  189.8353
357.5  181.2660
358.0  171.4342
358.5  161.2081
359.0  152.3112
359.5  147.5448
360.0  150.0884
360.5  161.8522
361.0  181.7232
361.5  205.0476
362.0  225.1986
362.5  236.6952
363.0  238.0375
363.5  232.3365
364.0  225.2406
364.5  221.6029
365.0  223.1791
365.5  228.6253
366.0  235.1955
366.5  240.5314
367.0  243.4157
367.5  243.4900
368.0  240.6587
368.5  234.8772
369.0  226.5405
369.5  217.1214
370.0  209.3668
370.5  206.4799
371.0  210.3669
371.5  219.9081
372.0  230.6060
372.5  236.3407
373.0  232.5335
373.5  218.8312
374.0  199.4839
374.5  181.0595
375.0  169.0118
375.5  165.3632
376.0  168.7271
376.5  176.0468
377.0  184.4521
377.5  192.1076
378.0  198.0433
378.5  201.6719
379.0  202.6696
379.5  201.4007
380.0  199.4954
380.5  199.8764
381.0  205.7207
381.5  218.5654
382.0  236.6284
382.5  254.6880
383.0  266.0852
383.5  265.9717
384.0  253.8879
384.5  234.0081
385.0  212.8920
385.5  196.2618
386.0  186.8535
386.5  184.3446
387.0  186.7499
387.5  191.9024
388.0  198.1103
388.5  204.0366
389.0  208.4292
389.5  210.2599
390.0  209.3623
390.5  207.1202
391.0  206.4818
391.5  210.8146
392.0  221.8925
392.5  238.1787
393.0  254.7592
393.5  265.3790
394.0  265.5535
394.5  254.8355
395.0  236.8046
395.5  216.9108
396.0  199.7364
396.5  187.4128
397.0  179.7943
397.5  175.6591
398.0  173.7771
398.5  173.2350
399.0  173.2087
399.5  172.7622
400.0  171.1095
400.5  168.3155
401.0  165.9388
401.5  166.9188
402.0  174.3328
402.5  189.4509
403.0  210.3001
403.5  231.9504
404.0  248.7008
404.5  256.9374
405.0  256.8295
405.5  251.7978
406.0  246.2648
406.5  243.3224
407.0  243.7310
407.5  246.4415
408.0  249.7598
408.5  252.1662
409.0  252.4497
409.5  249.4821
410.0  242.1808
410.5  229.9727
411.0  213.6052
411.5  195.7183
412.0  180.4794
412.5  172.0190
413.0  172.2922
413.5  179.7244
414.0  189.8064
414.5  197.5490
415.0  200.2826
415.5  198.9113
416.0  196.8343
416.5  197.4764
417.0  202.2756
417.5  210.3427
418.0  219.5463
418.5  227.8525
419.0  233.9670
419.5  237.1638
420.0  236.8194
420.5  232.2521
421.0  223.1308
421.5  210.2313
422.0  195.9262
422.5  183.7612
423.0  176.9655
423.5  176.6002
424.0  180.6493
424.5  185.0031
425.0  185.9908
425.5  182.8339
426.0  178.2576
426.5  176.7810
427.0  181.9377
427.5  194.3819
428.0  211.9529
428.5  231.1885
429.0  248.9424
429.5  263.1379
430.0  272.6153
430.5  276.6596
431.0  274.8237
431.5  267.2900
432.0  255.5032
432.5  242.4388
433.0  231.8891
433.5  226.7252
434.0  227.0002
434.5  229.2942
435.0  228.1770
435.5  219.2269
436.0  201.7524
436.5  179.3733
437.0  158.0554
437.5  142.9919
438.0  136.4133
438.5  137.4559
439.0  143.5899
439.5  152.2332
440.0  161.5534
440.5  170.3901
441.0  177.8667
441.5  183.2938
442.0  186.5903
442.5  188.9381
443.0  193.0273
443.5  202.2854
444.0  219.0835
444.5  242.8149
445.0  269.2465
445.5  291.9905
446.0  305.5049
446.5  307.7997
447.0  301.0830
447.5  289.9930
448.0  278.7591
448.5  269.2323
449.0  260.8090
449.5  251.7475
450.0  240.5923
450.5  226.7935
451.0  210.4973
451.5  192.0797
452.0  172.0173
452.5  151.3021
453.0  132.0915
453.5  117.9109
454.0  112.7843
454.5  119.3156
455.0  136.7171
455.5  160.2838
456.0  183.1430
456.5  199.5199
457.0  207.4889
457.5  209.4027
458.0  209.8299
458.5  212.5957
459.0  218.9578
459.5  227.7827
460.0  236.9982
460.5  244.9463
461.0  250.8063
461.5  254.2067
462.0  254.6922
462.5  251.6639
463.0  244.9682
463.5  235.7698
464.0  226.9512
464.5  222.3408
465.0  224.7615
465.5  233.9377
466.0  245.8484
466.5  254.4121
467.0  254.7070
467.5  245.6293
468.0  230.1846
468.5  213.3536
469.0  199.2193
469.5  189.3390
470.0  183.0667
470.5  178.9840
471.0  176.0872
471.5  174.0229
472.0  172.5965
472.5  171.2514
473.0  169.0991
473.5  165.6172
474.0  161.5880
474.5  159.4962
475.0  162.7073
475.5  173.4974
476.0  191.0437
476.5  210.9600
477.0  227.1516
477.5  235.0482
478.0  234.0717
478.5  227.6313
479.0  220.7662
479.5  217.2448
480.0  218.0876
480.5  222.0974
481.0  227.4283
481.5  232.8059
482.0  237.7225
482.5  241.8850
483.0  244.6415
483.5  244.9765
484.0  242.1897
484.5  236.8372
485.0  231.1613
485.5  228.3364
486.0  230.5891
486.5  237.2703
487.0  244.4255
487.5  246.6129
488.0  240.0391
488.5  224.9008
489.0  205.2700
489.5  186.6763
490.0  173.2069
490.5  166.0592
491.0  164.0846
491.5  165.3453
492.0  168.3241
492.5  172.1591
493.0  176.1925
493.5  179.5297
494.0  181.1404
494.5  180.5569
495.0  178.7203
495.5  178.2254
496.0  182.3868
496.5  193.2972
497.0  210.0070
497.5  228.2883
498.0  242.5673
498.5  248.9911
499.0  247.5749
499.5  241.9454
500.0  236.9573
500.5  235.9737
501.0  239.5972
501.5  246.2722
502.0  253.7795
502.5  260.3557
503.0  264.8917
503.5  266.5209
504.0  264.2627
504.5  257.2021
505.0  245.2169
505.5  229.7739
506.0  214.0468
506.5  201.8240
507.0  195.4696
507.5  194.1510
508.0  193.8048
508.5  189.3307
509.0  177.8293
509.5  160.7103
510.0  143.1410
510.5  131.2001
511.0  128.7381
511.5  135.9641
512.0  150.2496
512.5  168.0244
513.0  186.2677
513.5  202.9228
514.0  216.5592
514.5  226.0275
515.0  230.6245
515.5  230.7567
516.0  228.5561
516.5  227.6760
517.0  231.8291
517.5  242.5335
518.0  257.4668
518.5  270.8886
519.0  276.3806
519.5  270.4244
520.0  254.5127
520.5  234.3565
521.0  216.7439
521.5  206.1956
522.0  203.4668
522.5  206.3406
523.0  211.5339
523.5  216.2118
524.0  218.4558
524.5  217.0226
525.0  211.1164
525.5  200.6428
526.0  186.8708
526.5  172.9107
527.0  163.2535
527.5  162.0349
528.0  170.6556
528.5  186.2599
529.0  202.4707
529.5  212.4290
530.0  212.4811
530.5  204.1832
531.0  193.2969
531.5  186.4634
532.0  187.7820
532.5  197.3513
533.0  212.1717
533.5  228.1726
534.0  241.8197
534.5  250.6507
535.0  253.1052
535.5  248.3864
536.0  236.8083
536.5  220.4862
537.0  203.6940
537.5  192.0949
538.0  190.5897
538.5  200.6185
539.0  218.6133
539.5  237.0263
540.0  247.8075
540.5  246.4659
541.0  234.2896
541.5  217.3957
542.0  203.2924
542.5  197.1649
543.0  200.0365
543.5  209.3887
544.0  221.1349
544.5  231.3772
545.0  237.1591
545.5  236.4729
546.0  228.2351
546.5  212.7027
547.0  192.1960
547.5  171.4270
548.0  156.6081
548.5  153.1159
549.0  162.6363
549.5  181.5899
550.0  202.2646
550.5  216.4267
551.0  219.4272
551.5  212.3560
552.0  201.0019
552.5  192.4173
553.0  191.3382
553.5  198.5308
554.0  211.5148
554.5  226.4935
555.0  239.9619
555.5  249.3080
556.0  252.7354
556.5  249.2281
557.0  238.9959
557.5  224.2189
558.0  209.3603
558.5  200.2253
559.0  201.5809
559.5  214.3311
560.0  234.0838
560.5  252.5067
561.0  261.1487
561.5  255.6464
562.0  237.8233
562.5  214.4558
563.0  193.5798
563.5  180.6971
564.0  177.0392
564.5  180.3504
565.0  186.9416
565.5  193.3964
566.0  197.2101
566.5  196.7088
567.0  191.0102
567.5  180.4736
568.0  167.4344
568.5  156.4540
569.0  153.2621
569.5  162.2774
570.0  183.8013
570.5  212.7622
571.0  240.3152
571.5  257.8073
572.0  260.9162
572.5  251.5084
573.0  236.1663
573.5  222.4506
574.0  215.3126
574.5  215.6616
575.0  221.3106
575.5  228.9463
576.0  235.6143
576.5  239.1772
577.0  238.1932
577.5  231.9353
578.0  220.8918
578.5  207.4483
579.0  195.9748
579.5  191.6062
580.0  197.7787
580.5  213.7227
581.0  233.7012
581.5  249.0365
582.0  252.1965
582.5  240.6906
583.0  218.4313
583.5  193.6967
584.0  174.9466
584.5  167.0705
585.0  170.1222
585.5  180.6471
586.0  194.0418
586.5  206.2921
587.0  214.5452
587.5  217.0251
588.0  213.0565
588.5  203.5189
589.0  191.3865
589.5  181.5757
590.0  179.4702
590.5  188.3358
591.0  206.9318
591.5  229.0532
592.0  245.8521
592.5  250.0148
593.0  239.5092
593.5  218.6976
594.0  196.1357
594.5  180.4010
595.0  176.4517
595.5  184.4096
596.0  200.7973
596.5  220.7471
597.0  239.6747
597.5  253.9460
598.0  261.0035
598.5  259.6036
599.0  250.3723
599.5  236.2806
600.0  222.3034
600.5  213.7855
601.0  213.8911
601.5  221.4750
602.0  230.9259
602.5  234.5637
603.0  226.5650
603.5  206.2759
604.0  178.9568
604.5  153.4194
605.0  137.8806
605.5  136.4548
606.0  148.1360
606.5  168.2828
607.0  191.0886
607.5  211.4694
608.0  225.8490
608.5  232.2917
609.0  230.6235
609.5  222.7356
610.0  212.6764
610.5  205.8823
611.0  207.2559
611.5  218.6696
612.0  237.2733
612.5  255.9566
613.0  266.2161
613.5  262.1907
614.0  243.7569
614.5  216.9204
615.0  191.1514
615.5  175.0779
616.0  172.9534
616.5  183.6931
617.0  202.4299
617.5  223.0464
618.0  240.1217
618.5  249.7987
619.0  250.0290
619.5  240.8063
620.0  224.5202
620.5  205.9677
621.0  191.3569
621.5  186.1020
622.0  192.1672
622.5  206.4797
623.0  221.7171
623.5  229.4921
624.0  224.4461
624.5  207.0626
625.0  183.5874
625.5  162.9995
626.0  152.7113
626.5  155.4501
627.0  168.8713
627.5  187.5259
628.0  205.4817
628.5  218.1268
629.0  222.8302
629.5  219.0000
630.0  208.1251
630.5  193.8667
631.0  181.7338
631.5  177.7890
632.0  186.3703
632.5  207.7154
633.0  236.9315
633.5  265.3336
634.0  283.8829
634.5  287.1636
635.0  275.8845
635.5  256.5442
636.0  238.3290
636.5  228.8451
637.0  230.9851
637.5  242.4231
638.0  257.4539
638.5  269.6053
639.0  273.5930
639.5  266.2293
640.0  246.7324
640.5  216.9406
641.0  181.4435
641.5  147.1395
642.0  121.6881
642.5  110.9266
643.0  116.2500
643.5  133.4794
644.0  154.2415
644.5  169.5287
645.0  173.7857
645.5  167.4523
646.0  156.5969
646.5  149.7735
647.0  153.7967
647.5  170.7683
648.0  197.7730
648.5  228.8299
649.0  257.4662
649.5  278.5257
650.0  288.9111
650.5  287.7560
651.0  276.5374
651.5  259.1333
652.0  241.3622
652.5  229.5298
653.0  228.0902
653.5  237.3802
654.0  252.8100
654.5  266.3716
655.0  270.0556
655.5  259.5905
656.0  236.6006
656.5  207.9891
657.0  182.7738
657.5  168.0349
658.0  166.1701
658.5  174.7255
659.0  188.3349
659.5  201.1964
660.0  208.7911
660.5  208.5896
661.0  200.2267
661.5  185.6020
662.0  168.8657
662.5  155.8184
663.0  152.3105
663.5  161.8662
664.0  183.5728
664.5  211.5845
665.0  236.9416
665.5  251.1425
666.0  249.8467
666.5  234.8851
667.0  213.4859
667.5  194.9846
668.0  186.6801
668.5  191.0345
669.0  205.5038
669.5  224.5313
670.0  242.1062
670.5  253.5546
671.0  256.2838
671.5  249.9509
672.0  236.5151
672.5  220.1446
673.0  206.5328
673.5  201.2569
674.0  207.4467
674.5  223.8068
675.0  244.2846
675.5  260.0067
676.0  262.8697
676.5  249.1787
677.0  221.5527
677.5  188.0336
678.0  158.6729
678.5  141.2719
679.0  138.5136
679.5  147.8097
680.0  163.3879
680.5  178.9833
681.0  189.7606
681.5  193.1616
682.0  189.1198
682.5  180.0582
683.0  170.6110
683.5  166.6589
684.0  173.4444
684.5  193.2090
685.0  223.4800
685.5  257.1795
686.0  284.9050
686.5  298.5438
687.0  294.6188
687.5  275.8218
688.0  249.9577
688.5  226.6912
689.0  213.6172
689.5  213.5852
690.0  224.4139
690.5  240.6269
691.0  255.8492
691.5  264.6801
692.0  263.7310
692.5  252.1392
693.0  231.8452
693.5  207.4937
694.0  185.5139
694.5  172.1500
695.0  170.9237
695.5  180.7220
696.0  195.7333
696.5  207.5899
697.0  208.8665
697.5  196.3394
698.0  172.5216
698.5  144.7518
699.0  122.2069
699.5  112.2209
700.0  117.6818
700.5  136.6032
701.0  163.6297
701.5  192.2835
702.0  216.8404
702.5  233.4633
703.0  240.7950
703.5  240.2230
704.0  235.6784
704.5  232.6166
705.0  236.0755
705.5  248.3737
706.0  267.5751
706.5  287.7406
707.0  301.1237
707.5  301.4045
708.0  286.4925
708.5  259.6296
709.0  228.2664
709.5  201.1673
710.0  185.0497
710.5  182.3177
711.0  190.7937
711.5  205.1749
712.0  219.1474
712.5  227.1947
713.0  225.7831
713.5  214.0860
714.0  194.3692
714.5  171.8035
715.0  153.2758
715.5  145.1098
716.0  150.3987
716.5  167.2944
717.0  189.3941
717.5  208.2813
718.0  217.0701
718.5  213.2993
719.0  199.9096
719.5  183.9299
720.0  173.4812
720.5  174.4733
721.0  188.4959
721.5  212.6974
722.0  241.2912
722.5  267.6207
723.0  285.8762
723.5  292.2056
724.0  285.4123
724.5  267.3703
725.0  242.9163
725.5  218.7757
726.0  201.4038
726.5  194.4084
727.0  196.8586
727.5  203.6060
728.0  207.6764
728.5  203.5930
729.0  190.0113
729.5  170.4536
730.0  151.8602
730.5  141.6485
731.0  144.6589
731.5  161.3900
732.0  188.1639
732.5  218.7676
733.0  246.5132
733.5  265.8805
734.0  273.5316
734.5  268.8917
735.0  254.4045
735.5  235.2269
736.0  217.9753
736.5  208.4970
737.0  209.4011
737.5  218.6363
738.0  230.1266
738.5  236.3854
739.0  231.8951
739.5  215.6364
740.0  191.6299
740.5  167.3006
741.0  150.4415
741.5  146.1953
742.0  155.4124
742.5  174.9240
743.0  199.1900
743.5  222.2586
744.0  239.2583
744.5  247.2767
745.0  245.8515
745.5  237.1832
746.0  225.8411
746.5  217.5945
747.0  217.3443
747.5  226.8443
748.0  243.4120
748.5  260.5877
749.0  270.6876
749.5  268.1115
750.0  251.8337
750.5  225.9265
751.0  197.8916
751.5  175.5755
752.0  164.1222
752.5  164.3614
753.0  173.1627
753.5  185.1785
754.0  194.8799
754.5  198.1083
755.0  193.0051
755.5  180.5075
756.0  164.4276
756.5  150.7983
757.0  146.1643
757.5  155.0569
758.0  177.6753
758.5  209.1091
759.0  240.8050
759.5  263.7694
760.0  272.0586
760.5  265.0161
761.0  247.3419
761.5  227.0170
762.0  212.0084
762.5  207.2380
763.0  213.1419
763.5  226.2097
764.0  240.8157
764.5  251.2348
765.0  253.1487
765.5  244.6050
766.0  226.6433
766.5  203.5364
767.0  182.1821
767.5  170.2022
768.0  173.0170
768.5  191.1385
769.0  219.2780
769.5  248.0546
770.0  267.6328
770.5  271.5861
771.0  259.2882
771.5  235.9193
772.0  210.1848
772.5  190.7581
773.0  183.0120
773.5  187.4441
774.0  200.2290
774.5  215.1776
775.0  225.9193
775.5  227.5544
776.0  217.7251
776.5  197.3388
777.0  170.8705
777.5  145.7207
778.0  130.1331
778.5  129.9906
779.0  145.9124
779.5  172.4222
780.0  199.9698
780.5  218.9222
781.0  223.5669
781.5  214.3221
782.0  197.3198
782.5  181.6709
783.0  175.6624
783.5  183.5927
784.0  204.5874
784.5  233.5877
785.0  263.5628
785.5  287.7026
786.0  300.9332
786.5  300.8307
787.0  288.2254
787.5  267.4214
788.0  245.4952
788.5  230.1857
789.0  226.7327
789.5  235.1181
790.0  249.4646
790.5  260.2919
791.0  258.6331
791.5  239.9892
792.0  206.3436
792.5  165.4866
793.0  128.0448
793.5  103.5050
794.0  96.9543
794.5  107.8712
795.0  131.1578
795.5  159.4566
796.0  185.4931
796.5  203.7510
797.0  211.5086
797.5  209.4702
798.0  201.8919
798.5  195.6875
799.0  198.1297
799.5  213.6291
800.0  241.1036
800.5  273.6202
801.0  300.8571
801.5  313.2891
802.0  306.0895
802.5  281.0615
803.0  245.9266
803.5  211.3697
804.0  187.0767
804.5  178.4233
805.0  185.1460
805.5  202.2525
806.0  222.2994
806.5  237.8146
807.0  243.1408
807.5  235.6598
808.0  216.5610
808.5  190.9819
809.0  166.9704
809.5  152.9145
810.0  154.0503
810.5  169.7163
811.0  193.1017
811.5  213.9431
812.0  222.9004
812.5  215.4913
813.0  193.8964
813.5  166.0375
814.0  142.4245
814.5  132.1036
815.0  139.4300
815.5  162.9739
816.0  196.7009
816.5  232.4232
817.0  262.2483
817.5  280.3409
818.0  284.0287
818.5  274.4659
819.0  256.7034
819.5  238.6284
820.0  228.4428
820.5  231.2802
821.0  246.5799
821.5  267.8753
822.0  285.4001
822.5  290.2722
823.0  278.2266
823.5  251.3099
824.0  216.9955
824.5  185.2098
825.0  164.5242
825.5  159.1206
826.0  167.7579
826.5  184.8934
827.0  203.0470
827.5  215.2032
828.0  216.5603
828.5  205.5862
829.0  184.5222
829.5  159.1813
830.0  137.6130
830.5  127.4820
831.0  132.9082
831.5  152.3253
832.0  178.7576
832.5  202.6303
833.0  215.7874
833.5  214.8297
834.0  202.3894
834.5  185.9325
835.0  174.6301
835.5  175.6034
836.0  191.1760
836.5  218.2912
837.0  250.0745
837.5  278.4610
838.0  296.6356
838.5  300.6512
839.0  290.2415
839.5  268.9851
840.0  243.6921
840.5  222.6945
841.0  213.0861
841.5  217.7923
842.0  233.9572
842.5  253.7669
843.0  267.5521
843.5  267.7455
844.0  251.9297
844.5  223.7757
845.0  191.6016
845.5  165.1334
846.0  151.7594
846.5  153.8713
847.0  168.4023
847.5  188.4984
848.0  206.2162
848.5  214.9987
849.0  211.3057
849.5  195.4135
850.0  171.5211
850.5  147.0144
851.0  130.5904
851.5  129.3570
852.0  145.8661
852.5  176.5869
853.0  212.8850
853.5  244.2678
854.0  262.4328
854.5  264.3427
855.0  253.1357
855.5  236.6125
856.0  223.9293
856.5  221.8559
857.0  232.2244
857.5  251.6264
858.0  273.1899
858.5  289.2710
859.0  293.8299
859.5  283.9287
860.0  260.4065
860.5  227.8655
861.0  193.8294
861.5  166.8296
862.0  153.6146
862.5  156.4464
863.0  171.8624
863.5  191.7835
864.0  206.6419
864.5  209.1588
865.0  197.1766
865.5  174.4808
866.0  149.3440
866.5  131.3110
867.0  127.4725
867.5  139.8359
868.0  164.9351
868.5  195.6107
869.0  223.8094
869.5  243.0961
870.0  250.2154
870.5  245.7029
871.0  233.6977
871.5  220.9000
872.0  214.5584
872.5  219.7944
873.0  237.2437
873.5  262.2519
874.0  286.2916
874.5  300.1312
875.0  297.4049
875.5  277.1175
876.0  244.1512
876.5  207.5858
877.0  177.3983
877.5  160.8101
878.0  159.8522
878.5  171.1915
879.0  188.0386
879.5  202.9491
880.0  210.2546
880.5  207.5172
881.0  196.0289
881.5  180.4911
882.0  167.8143
882.5  164.9578
883.0  176.2007
883.5  200.8991
884.0  232.9796
884.5  262.7388
885.0  280.3241
885.5  279.4157
886.0  259.6229
886.5  226.7266
887.0  190.6813
887.5  162.0430
888.0  148.1704
888.5  150.8122
889.0  166.0885
889.5  186.6064
890.0  204.4417
890.5  213.6873
891.0  211.9543
891.5  200.8344
892.0  185.4579
892.5  173.1265
893.0  171.0376
893.5  183.5669
894.0  210.1347
894.5  244.7793
895.0  277.9138
895.5  299.6767
896.0  303.5122
896.5  288.5651
897.0  260.0273
897.5  227.3118
898.0  200.6687
898.5  187.5067
899.0  189.9476
899.5  204.6135
900.0  224.4887
900.5  241.7225
901.0  250.1280
901.5  246.7236
902.0  232.2635
902.5  210.8990
903.0  189.0157
903.5  173.3120
904.0  168.4987
904.5  175.4079
905.0  190.3991
905.5  206.5212
906.0  216.1058
906.5  213.7939
907.0  198.7875
907.5  175.4196
908.0  151.7298
908.5  136.4748
909.0  135.7348
909.5  150.6177
910.0  177.0963
910.5  207.8718
911.0  235.1566
911.5  253.1190
912.0  259.3008
912.5  254.9338
913.0  244.3131
913.5  233.3635
914.0  227.6242
914.5  230.1893
915.0  240.3982
915.5  253.9163
916.0  264.2834
916.5  265.3617
917.0  253.7649
917.5  230.3847
918.0  200.4434
918.5  171.9404
919.0  152.9135
919.5  148.5096
920.0  159.1218
920.5  180.4281
921.0  205.1914
921.5  225.8567
922.0  236.8622
922.5  236.0514
923.0  225.0644
923.5  208.7462
924.0  193.6205
924.5  185.6669
925.0  188.0725
925.5  199.9058
926.0  216.3937
926.5  230.7461
927.0  236.7660
927.5  231.2159
928.0  215.1142
928.5  193.5355
929.0  173.9287
929.5  163.4437
930.0  166.2406
930.5  181.9302
931.0  205.8447
931.5  230.9066
932.0  250.1298
932.5  258.7378
933.0  255.3598
933.5  242.2320
934.0  224.4850
934.5  208.5992
935.0  200.2892
935.5  202.4464
936.0  213.9871
936.5  230.1963
937.0  244.4940
937.5  250.9207
938.0  246.3805
938.5  231.8434
939.0  212.0837
939.5  193.9791
940.0  183.8964
940.5  185.1636
941.0  196.7493
941.5  213.7509
942.0  229.3612
942.5  237.3122
943.0  233.8283
943.5  218.6357
944.0  195.0157
944.5  168.9947
945.0  147.7376
945.5  137.3826
946.0  140.9397
946.5  157.1141
947.0  180.6692
947.5  204.2794
948.0  221.1545
948.5  227.4299
949.0  223.4661
949.5  213.6059
950.0  204.4372
950.5  202.1556
951.0  210.0772
951.5  227.3950
952.0  249.6828
952.5  270.7386
953.0  284.7876
953.5  288.1835
954.0  280.2629
954.5  263.3948
955.0  242.3233
955.5  222.8548
956.0  210.0786
956.5  206.6284
957.0  211.6824
957.5  221.2034
958.0  229.4070
958.5  230.9200
959.0  222.8260
959.5  205.8546
960.0  184.2534
960.5  164.2893
961.0  151.8482
961.5  150.0886
962.0  158.2262
962.5  172.0142
963.0  185.5818
963.5  193.6770
964.0  193.4119
964.5  185.0946
965.0  172.1286
965.5  160.0651
966.0  154.9274
966.5  161.1489
967.0  179.8004
967.5  207.8756
968.0  239.0451
968.5  265.6586
969.0  281.2596
969.5  282.7190
970.0  271.2773
970.5  252.1295
971.0  232.6093
971.5  219.5298
972.0  216.7002
972.5  223.6911
973.0  236.3470
973.5  248.6426
974.0  254.9210
974.5  251.6714
975.0  238.4911
975.5  218.2129
976.0  196.2048
976.5  178.8462
977.0  171.4274
977.5  176.1376
978.0  191.0093
978.5  210.4043
979.0  226.9413
979.5  234.1240
980.0  228.6639
980.5  211.6691
981.0  188.2784
981.5  165.8164
982.0  151.0924
982.5  147.9171
983.0  155.9204
983.5  171.1219
984.0  187.7932
984.5  200.6356
985.0  206.4539
985.5  204.9969
986.0  198.9435
986.5  193.0617
987.0  192.6185
987.5  201.3986
988.0  220.0261
988.5  245.3389
989.0  271.1893
989.5  290.4377
990.0  297.4108
990.5  289.9362
991.0  270.2320
991.5  244.2893
992.0  219.8619
992.5  203.7173
993.0  199.2386
993.5  205.4233
994.0  217.6450
994.5  229.6549
995.0  235.8355
995.5  232.9154
996.0  220.8260
996.5  202.6584
997.0  183.7344
997.5  169.9040
998.0  165.4880
998.5  171.5960
999.0  185.5416
999.5  201.6789
1000.0  213.3940
