0.0  234.8945
0.5  246.2364
1.0  267.3564
1.5  288.2518
2.0  300.5165
2.5  299.9686
3.0  286.8481
3.5  264.7480
4.0  239.3597
4.5  217.2792
5.0  204.5777
5.5  205.0493
6.0  218.6950
6.5  241.3606
7.0  265.9641
7.5  284.8055
8.0  292.0406
8.5  285.7752
9.0  269.4507
9.5  251.6159
10.0  242.9836
10.5  251.3310
11.0  277.2306
11.5  313.7288
12.0  350.0755
12.5  376.5982
13.0  387.7797
13.5  382.8040
14.0  364.6111
14.5  338.6344
15.0  311.5739
15.5  289.9421
16.0  278.2553
16.5  277.4069
17.0  284.1671
17.5  292.3000
18.0  294.8320
18.5  286.5598
19.0  266.2185
19.5  237.8776
20.0  210.5773
20.5  195.1600
21.0  199.0587
21.5  222.1883
22.0  256.9717
22.5  292.3665
23.0  318.8336
23.5  331.3290
24.0  329.6783
24.5  317.4241
25.0  300.3257
25.5  284.9032
26.0  276.8532
26.5  279.3280
27.0  291.6493
27.5  309.2844
28.0  325.3511
28.5  333.0143
29.0  327.8418
29.5  309.6164
30.0  283.2788
30.5  258.1694
31.0  244.7463
31.5  249.6600
32.0  272.1619
32.5  304.5139
33.0  336.0459
33.5  357.8895
34.0  365.7091
34.5  359.9246
35.0  344.4939
35.5  325.3636
36.0  308.9612
36.5  300.6244
37.0  303.0369
37.5  315.2220
38.0  332.7461
38.5  349.1762
39.0  358.0990
39.5  354.9841
40.0  338.7434
40.5  312.8933
41.0  285.4021
41.5  266.0323
42.0  261.6414
42.5  272.2897
43.0  291.1108
43.5  308.0377
44.0  314.5942
44.5  306.8782
45.0  285.9276
45.5  256.4056
46.0  224.8026
46.5  197.7478
47.0  180.5222
47.5  175.8471
48.0  183.2422
48.5  199.2356
49.0  218.3375
49.5  234.3902
50.0  242.1082
50.5  238.9475
51.0  226.9626
51.5  213.1902
52.0  207.0239
52.5  215.1938
53.0  237.6115
53.5  267.2765
54.0  294.2050
54.5  310.3217
55.0  312.3233
55.5  301.7803
56.0  283.5373
56.5  263.7131
57.0  247.9889
57.5  240.3707
58.0  242.4915
58.5  253.5409
59.0  270.7643
59.5  290.2027
60.0  307.3555
60.5  317.9291
61.0  319.2170
61.5  312.0374
62.0  301.7707
62.5  296.6444
63.0  303.3105
63.5  322.5519
64.0  348.4774
64.5  371.8013
65.0  384.6044
65.5  383.4825
66.0  369.9407
66.5  348.8424
67.0  326.2507
67.5  307.5371
68.0  296.0943
68.5  292.7652
69.0  296.0157
69.5  302.6873
70.0  308.9068
70.5  310.7905
71.0  305.1018
71.5  290.4230
72.0  268.8042
72.5  246.5104
73.0  232.1174
73.5  232.0970
74.0  246.7480
74.5  269.7227
75.0  291.5543
75.5  304.4587
76.0  305.3513
76.5  296.0684
77.0  281.6920
77.5  268.3142
78.0  261.0686
78.5  262.7593
79.0  273.2597
79.5  289.7800
80.0  307.8465
80.5  322.5068
81.0  329.3036
81.5  325.0853
82.0  309.1388
82.5  284.6120
83.0  258.9567
83.5  241.7870
84.0  240.3214
84.5  255.2021
85.0  279.9376
85.5  304.4686
86.0  320.1799
86.5  323.2166
87.0  314.9573
87.5  300.4617
88.0  286.2051
88.5  277.9369
89.0  279.0428
89.5  289.6890
90.0  306.9653
90.5  325.9189
91.0  340.9526
91.5  347.0439
92.0  340.7684
92.5  321.5359
93.0  292.9595
93.5  263.1187
94.0  242.2090
94.5  237.8437
95.0  250.8196
95.5  274.5443
96.0  298.5919
96.5  313.7278
97.0  315.2973
97.5  303.8388
98.0  283.7116
98.5  261.0053
99.0  241.5397
99.5  229.3265
100.0  225.7481
100.5  229.5961
101.0  237.7731
101.5  246.1476
102.0  250.2384
102.5  246.0230
103.0  231.4259
103.5  208.2684
104.0  183.1703
104.5  165.6954
105.0  163.8628
105.5  179.7251
106.0  208.2609
106.5  240.3213
107.0  267.2654
107.5  284.2518
108.0  290.9453
108.5  290.3356
109.0  286.9411
109.5  285.2024
110.0  288.3426
110.5  297.7672
111.0  313.0083
111.5  332.0377
112.0  351.6342
112.5  367.7193
113.0  376.0653
113.5  373.8611
114.0  361.7884
114.5  345.0991
115.0  332.0833
115.5  330.0288
116.0  341.1073
116.5  361.1570
117.0  382.1531
117.5  396.3384
118.0  399.2624
118.5  390.5170
119.0  372.7527
119.5  350.1376
120.0  327.0008
120.5  306.8642
121.0  291.8705
121.5  282.5988
122.0  278.1587
122.5  276.3619
123.0  273.9701
123.5  267.4314
124.0  254.5166
124.5  236.3936
125.0  218.5480
125.5  208.9846
126.0  214.0103
126.5  234.2676
127.0  264.0081
127.5  294.1043
128.0  316.4211
128.5  326.6953
129.0  324.9044
129.5  313.9601
130.0  298.0169
130.5  281.1180
131.0  266.3315
131.5  255.3562
132.0  248.5579
132.5  245.2486
133.0  243.8815
133.5  242.0962
134.0  237.1037
134.5  227.0110
135.0  212.8001
135.5  199.4184
136.0  194.3216
136.5  203.5823
137.0  228.0413
137.5  262.4305
138.0  298.0976
138.5  327.1551
139.0  345.3053
139.5  352.2707
140.0  350.5689
140.5  343.8718
141.0  335.6866
141.5  328.5524
142.0  323.7482
142.5  321.4419
143.0  321.0190
143.5  321.2037
144.0  319.9082
144.5  314.3879
145.0  302.4344
145.5  284.4145
146.0  264.6149
146.5  250.1133
147.0  247.1047
147.5  257.0330
148.0  275.4932
148.5  294.6975
149.0  307.4771
149.5  310.0994
150.0  302.7653
150.5  288.4358
151.0  271.1765
151.5  254.7778
152.0  241.9219
152.5  233.9525
153.0  231.1414
153.5  233.0780
154.0  238.7072
154.5  245.9796
155.0  251.8130
155.5  253.1979
156.0  249.2829
156.5  242.8833
157.0  239.6398
157.5  244.7351
158.0  259.3801
158.5  279.8218
159.0  299.5777
159.5  312.9893
160.0  317.5894
160.5  314.2933
161.0  306.1184
161.5  296.6249
162.0  288.7926
162.5  284.4937
163.0  284.4782
163.5  288.6889
164.0  296.5754
164.5  307.0589
165.0  318.1917
165.5  327.1614
166.0  331.3428
166.5  330.1613
167.0  326.3272
167.5  324.9057
168.0  330.2838
168.5  343.1256
169.0  359.7300
169.5  374.2383
170.0  381.8352
170.5  380.7125
171.0  372.0441
171.5  358.7301
172.0  344.0075
172.5  330.5104
173.0  319.8464
173.5  312.5851
174.0  308.5084
174.5  306.8519
175.0  306.2507
175.5  304.4752
176.0  298.6116
176.5  286.3186
177.0  267.8110
177.5  247.0103
178.0  230.2902
178.5  222.9888
179.0  226.0243
179.5  235.2565
180.0  244.0359
180.5  246.8591
181.0  241.6581
181.5  229.8713
182.0  215.0776
182.5  201.3511
183.0  191.9943
183.5  188.8225
184.0  192.0205
184.5  200.5003
185.0  212.4656
185.5  225.7500
186.0  237.8296
186.5  246.0319
187.0  248.5777
187.5  246.2253
188.0  243.1093
188.5  245.3285
189.0  257.5364
189.5  279.8409
190.0  307.4654
190.5  333.4053
191.0  351.9783
191.5  360.9480
192.0  361.4900
192.5  356.7612
193.0  350.1863
193.5  344.1857
194.0  339.6420
194.5  336.1402
195.0  332.7169
195.5  328.5489
196.0  323.0305
196.5  315.2829
197.0  303.9058
197.5  287.8270
198.0  268.0456
198.5  248.7431
199.0  236.1529
199.5  235.3086
200.0  246.9165
200.5  266.8447
201.0  288.5718
201.5  306.5916
202.0  318.4741
202.5  324.8180
203.0  327.8174
203.5  329.5734
204.0  330.9552
204.5  331.3816
205.0  329.4973
205.5  324.2588
206.0  315.6188
206.5  304.2319
207.0  290.4636
207.5  273.8080
208.0  253.6716
208.5  231.2016
209.0  210.4828
209.5  197.4665
210.0  196.8050
210.5  208.8521
211.0  229.2738
211.5  251.5788
212.0  270.5634
212.5  284.3565
213.0  294.2365
213.5  302.9209
214.0  312.5631
214.5  323.4665
215.0  334.0433
215.5  341.9280
216.0  345.4908
216.5  344.6771
217.0  340.5482
217.5  333.9868
218.0  324.8793
218.5  312.8040
219.0  298.8227
219.5  286.6030
220.0  281.2331
220.5  286.0326
221.0  299.7888
221.5  316.8805
222.0  330.3753
222.5  335.7885
223.0  333.0201
223.5  325.6875
224.0  318.7256
224.5  315.7231
225.0  317.2618
225.5  320.9670
226.0  323.1343
226.5  320.8997
227.0  313.5449
227.5  302.1617
228.0  288.2080
228.5  272.4305
229.0  255.2855
229.5  238.4693
230.0  225.7754
230.5  221.7195
231.0  228.3892
231.5  243.0195
232.0  258.6022
232.5  267.3613
233.0  264.6697
233.5  250.9943
234.0  231.1565
234.5  211.7410
235.0  198.0878
235.5  192.2497
236.0  192.8031
236.5  196.4538
237.0  200.2968
237.5  203.2041
238.0  205.5558
238.5  207.9215
239.0  210.1833
239.5  212.1545
240.0  215.2033
240.5  223.0558
241.0  240.2501
241.5  268.7949
242.0  305.6281
242.5  343.2147
243.0  373.0726
243.5  389.7635
244.0  392.9453
244.5  386.7692
245.0  377.3942
245.5  369.9964
246.0  366.6669
246.5  366.1555
247.0  365.4387
247.5  361.9459
248.0  354.8764
248.5  344.8396
249.0  332.5023
249.5  317.7993
250.0  300.7227
250.5  283.0786
251.0  269.2781
251.5  264.6648
252.0  272.0658
252.5  289.2530
253.0  309.5869
253.5  325.4797
254.0  332.1620
254.5  329.4569
255.0  321.0182
255.5  311.9306
256.0  306.0529
256.5  304.3759
257.0  305.1395
257.5  305.4871
258.0  303.4402
258.5  298.7576
259.0  292.1716
259.5  283.9028
260.0  273.0650
260.5  258.8241
261.0  242.4568
261.5  228.2257
262.0  221.6157
262.5  225.7910
263.0  239.0633
263.5  255.5658
264.0  268.6142
264.5  274.2025
265.0  272.4912
265.5  266.9547
266.0  262.1671
266.5  261.5073
267.0  265.8231
267.5  273.6125
268.0  282.4666
268.5  290.6890
269.0  297.8473
269.5  303.8997
270.0  307.8519
270.5  307.4967
271.0  300.9683
271.5  289.1235
272.0  276.5812
272.5  269.8861
273.0  273.6128
273.5  287.3023
274.0  305.6786
274.5  321.8349
275.0  330.8475
275.5  331.5590
276.0  326.1005
276.5  318.0696
277.0  310.5415
277.5  304.8321
278.0  300.5116
278.5  296.4867
279.0  292.2249
279.5  288.0335
280.0  284.1113
280.5  279.3139
281.0  271.0973
281.5  257.2711
282.0  238.4914
282.5  219.2933
283.0  206.1950
283.5  203.8192
284.0  211.9888
284.5  226.1110
285.0  240.3051
285.5  250.6524
286.0  256.4891
286.5  259.6013
287.0  262.4389
287.5  266.5231
288.0  271.7768
288.5  276.9958
289.0  281.0771
289.5  284.0635
290.0  287.0775
290.5  291.0411
291.0  295.2183
291.5  297.0552
292.0  293.9168
292.5  285.6330
293.0  275.6695
293.5  269.4896
294.0  271.0345
294.5  280.1399
295.0  293.0013
295.5  305.0513
296.0  313.7275
296.5  319.2715
297.0  323.6187
297.5  328.6079
298.0  334.6907
298.5  340.7468
299.0  344.9992
299.5  346.4392
300.0  345.7676
300.5  345.0175
301.0  345.9156
301.5  348.1418
302.0  349.0319
302.5  345.3525
303.0  336.0475
303.5  323.7219
304.0  313.3231
304.5  308.7998
305.0  310.4383
305.5  315.0374
306.0  318.4799
306.5  318.3590
307.0  314.8108
307.5  309.5195
308.0  304.0459
308.5  298.6588
309.0  292.2771
309.5  283.4678
310.0  271.8340
310.5  258.7770
311.0  246.8915
311.5  238.1948
312.0  232.4391
312.5  227.0075
313.0  218.9005
313.5  207.5979
314.0  196.4867
314.5  191.2742
315.0  196.2349
315.5  211.2307
316.0  231.9084
316.5  252.6351
317.0  269.5769
317.5  281.8445
318.0  290.6139
318.5  297.4291
319.0  302.9054
319.5  306.4605
320.0  307.0642
320.5  304.4170
321.0  299.6355
321.5  294.7590
322.0  291.2390
322.5  288.5191
323.0  284.0434
323.5  275.1451
324.0  261.7192
324.5  247.5482
325.0  238.7707
325.5  240.2223
326.0  252.3918
326.5  271.3447
327.0  291.3509
327.5  307.8839
328.0  319.0221
328.5  325.0343
329.0  327.1005
329.5  326.1842
330.0  322.6335
330.5  316.5779
331.0  308.6789
331.5  300.4768
332.0  293.7895
332.5  289.3814
333.0  285.9045
333.5  280.2420
334.0  269.5425
334.5  253.8484
335.0  237.2968
335.5  226.4663
336.0  226.5946
336.5  238.3914
337.0  257.8474
337.5  278.8771
338.0  296.5077
338.5  308.5540
339.0  315.3801
339.5  318.5843
340.0  319.6683
340.5  319.4109
341.0  318.1128
341.5  316.2770
342.0  314.9476
342.5  315.1838
343.0  316.9080
343.5  318.0858
344.0  315.2557
344.5  305.6087
345.0  289.5208
345.5  271.5961
346.0  258.8662
346.5  256.8921
347.0  266.4855
347.5  283.4709
348.0  301.3731
348.5  314.7661
349.0  321.1676
349.5  320.9847
350.0  316.2808
350.5  309.4203
351.0  302.3248
351.5  296.5067
352.0  293.4480
352.5  294.6200
353.0  300.7569
353.5  310.7457
354.0  321.1005
354.5  326.9114
355.0  324.2740
355.5  312.9664
356.0  297.4265
356.5  284.7974
357.0  280.9251
357.5  287.0390
358.0  299.4194
358.5  311.8827
359.0  318.9564
359.5  317.8258
360.0  308.5736
360.5  293.3012
361.0  274.9633
361.5  256.5532
362.0  240.8484
362.5  230.4153
363.0  227.3065
363.5  232.1696
364.0  243.1757
364.5  255.7091
365.0  263.6139
365.5  261.9260
366.0  249.8352
366.5  231.9307
367.0  216.3874
367.5  210.7548
368.0  217.9955
368.5  235.3564
369.0  256.3974
369.5  274.3275
370.0  284.5873
370.5  285.8144
371.0  279.4260
371.5  268.5116
372.0  256.7434
372.5  247.7143
373.0  244.5931
373.5  249.6230
374.0  263.1976
374.5  282.8968
375.0  303.3793
375.5  317.8664
376.0  321.0628
376.5  312.1941
377.0  296.1818
377.5  281.6479
378.0  276.5157
378.5  283.9512
379.0  301.2345
379.5  321.8257
380.0  338.7459
380.5  347.2354
381.0  345.8195
381.5  335.9557
382.0  320.8907
382.5  304.4541
383.0  290.2819
383.5  281.4343
384.0  279.9480
384.5  286.0147
385.0  297.1211
385.5  308.0271
386.0  312.3003
386.5  305.2350
387.0  286.8034
387.5  262.6542
388.0  241.9267
388.5  232.7682
389.0  238.3657
389.5  256.0038
390.0  279.2542
390.5  301.3232
391.0  317.5438
391.5  326.2440
392.0  328.2842
392.5  325.9665
393.0  322.0266
393.5  319.1026
394.0  319.5321
394.5  324.9620
395.0  335.4678
395.5  348.5717
396.0  359.0938
396.5  360.6195
397.0  348.4327
397.5  322.5488
398.0  288.8201
398.5  256.8219
399.0  235.3538
399.5  228.3545
400.0  233.8182
400.5  245.9320
401.0  258.4698
401.5  267.3008
402.0  271.1391
402.5  270.8969
403.0  268.5357
403.5  266.2134
404.0  266.0183
404.5  269.9512
405.0  279.5330
405.5  294.7829
406.0  313.0902
406.5  329.0270
407.0  335.8998
407.5  328.8207
408.0  307.8311
408.5  278.9683
409.0  251.9631
409.5  235.4873
410.0  232.9297
410.5  241.4328
411.0  254.3732
411.5  265.1129
412.0  269.6665
412.5  267.3507
413.0  259.8855
413.5  250.0142
414.0  240.5551
414.5  234.1606
415.0  233.3457
415.5  240.0902
416.0  254.7597
416.5  274.9167
417.0  295.0983
417.5  308.3486
418.0  309.2806
418.5  297.2335
419.0  277.4812
419.5  259.1738
420.0  250.7825
420.5  255.8437
421.0  271.7225
421.5  291.7868
422.0  309.0355
422.5  318.8612
423.0  319.9010
423.5  313.3301
424.0  301.6213
424.5  287.6695
425.0  274.5444
425.5  265.4280
426.0  263.0707
426.5  268.5715
427.0  280.1038
427.5  292.6757
428.0  299.6933
428.5  296.0762
429.0  281.4724
429.5  261.4896
430.0  245.5733
430.5  242.2803
431.0  254.8079
431.5  279.6651
432.0  309.0199
432.5  334.7336
433.0  351.5245
433.5  357.9563
434.0  355.5549
434.5  347.2532
435.0  336.2867
435.5  325.8689
436.0  319.1381
436.5  318.6344
437.0  325.1221
437.5  336.3998
438.0  347.1625
438.5  350.6249
439.0  341.6199
439.5  319.7578
440.0  290.6403
440.5  263.7966
441.0  248.0452
441.5  247.0715
442.0  258.0892
442.5  274.1534
443.0  288.1123
443.5  295.5685
444.0  295.5729
444.5  289.5541
445.0  279.8823
445.5  269.1431
446.0  260.1809
446.5  256.1523
447.0  259.8402
447.5  272.2186
448.0  291.0984
448.5  310.9765
449.0  324.7422
449.5  326.8644
450.0  316.5658
450.5  298.9558
451.0  282.8486
451.5  276.1013
452.0  281.3639
452.5  295.0677
453.0  310.0270
453.5  319.4529
454.0  319.7082
454.5  310.6645
455.0  294.3851
455.5  273.6805
456.0  251.5685
456.5  231.4995
457.0  217.3947
457.5  212.7235
458.0  218.7689
458.5  233.1236
459.0  249.6536
459.5  260.5214
460.0  259.7134
460.5  246.4362
461.0  226.3048
461.5  209.0603
462.0  203.6464
462.5  213.5701
463.0  235.5235
463.5  261.8429
464.0  284.6865
464.5  299.1517
465.0  304.0129
465.5  300.6764
466.0  291.8376
466.5  280.8534
467.0  271.7093
467.5  268.7162
468.0  275.3029
468.5  292.1901
469.0  316.0365
469.5  339.7101
470.0  354.6023
470.5  354.2869
471.0  337.8840
471.5  311.1871
472.0  284.4068
472.5  267.3249
473.0  264.6226
473.5  274.2847
474.0  289.7775
474.5  304.0423
475.0  312.5615
475.5  314.1148
476.0  309.7828
476.5  301.6973
477.0  292.5531
477.5  285.7235
478.0  285.0601
478.5  293.7156
479.0  312.2870
479.5  337.4042
480.0  361.9506
480.5  377.3297
481.0  377.0582
481.5  360.0388
482.0  331.6310
482.5  301.4831
483.0  278.9581
483.5  268.7788
484.0  269.5545
484.5  275.7742
485.0  281.4331
485.5  282.7757
486.0  278.9123
486.5  270.8777
487.0  260.5502
487.5  250.3334
488.0  243.3476
488.5  243.2031
489.0  252.7633
489.5  272.2814
490.0  298.0859
490.5  322.9815
491.0  338.6975
491.5  339.5187
492.0  325.3213
492.5  302.1492
493.0  279.5505
493.5  265.8731
494.0  264.3008
494.5  272.0546
495.0  282.8915
495.5  290.7959
496.0  292.4205
496.5  287.3304
497.0  276.8664
497.5  263.0880
498.0  248.5710
498.5  236.6753
499.0  231.3193
499.5  235.7179
500.0  250.5064
500.5  272.4231
501.0  294.6958
501.5  309.4474
502.0  311.2733
502.5  300.2345
503.0  282.4074
503.5  267.1781
504.0  262.4631
504.5  270.6904
505.0  288.0604
505.5  307.2500
506.0  321.3533
506.5  326.4826
507.0  322.0421
507.5  309.5492
508.0  291.5191
508.5  271.1808
509.0  252.6080
509.5  240.3061
510.0  237.7581
510.5  245.4302
511.0  259.4877
511.5  272.4062
512.0  275.7746
512.5  264.3193
513.0  239.2019
513.5  208.5229
514.0  184.1392
514.5  176.1283
515.0  188.0757
515.5  216.0146
516.0  251.2496
516.5  284.7224
517.0  310.1654
517.5  324.9286
518.0  329.2350
518.5  325.2474
519.0  316.6474
519.5  308.3709
520.0  305.7276
520.5  312.6132
521.0  329.4305
521.5  351.9406
522.0  372.0779
522.5  380.8681
523.0  372.4494
523.5  347.3631
524.0  313.1865
524.5  281.6195
525.0  263.1740
525.5  262.4225
526.0  276.6077
526.5  298.0673
527.0  318.3895
527.5  331.6248
528.0  335.3220
528.5  329.9729
529.0  318.1393
529.5  303.9384
530.0  292.6042
530.5  289.4532
531.0  298.0476
531.5  318.1895
532.0  344.9120
532.5  369.4233
533.0  382.0964
533.5  376.5175
534.0  352.7940
534.5  318.2029
535.0  284.2522
535.5  261.2966
536.0  253.7381
536.5  258.6971
537.0  268.5879
537.5  275.3776
538.0  273.7580
538.5  262.0594
539.0  241.6194
539.5  215.9185
540.0  190.0695
540.5  170.2665
541.0  162.5376
541.5  170.7110
542.0  194.3611
542.5  227.9488
543.0  262.0574
543.5  286.6888
544.0  295.4659
544.5  288.7885
545.0  273.9935
545.5  261.8445
546.0  260.9637
546.5  273.5368
547.0  294.9264
547.5  316.9515
548.0  332.1432
548.5  336.3292
549.0  328.8893
549.5  311.7939
550.0  288.7590
550.5  264.8922
551.0  246.2627
551.5  238.6971
552.0  245.7631
552.5  266.7479
553.0  295.8670
553.5  323.6065
554.0  340.1349
554.5  339.5733
555.0  323.1122
555.5  299.0002
556.0  278.7643
556.5  271.3727
557.0  278.8017
557.5  295.7388
558.0  313.1633
558.5  322.9741
559.0  320.8492
559.5  306.5795
560.0  282.9868
560.5  254.8315
561.0  228.1732
561.5  209.6853
562.0  205.2622
562.5  217.8997
563.0  245.7004
563.5  281.2924
564.0  313.5723
564.5  331.6307
565.0  329.4788
565.5  309.3418
566.0  281.3571
566.5  259.0482
567.0  252.6223
567.5  264.0833
568.0  287.1761
568.5  311.6719
569.0  328.6235
569.5  333.4234
570.0  325.9413
570.5  309.1157
571.0  287.6271
571.5  267.1883
572.0  253.9076
572.5  253.0065
573.0  266.8472
573.5  293.1184
574.0  324.4239
574.5  350.1020
575.0  360.0714
575.5  349.3491
576.0  321.1139
576.5  286.2584
577.0  258.8158
577.5  249.2507
578.0  259.5634
578.5  283.2689
579.0  309.8220
579.5  330.0734
580.0  339.4247
580.5  337.8549
581.0  328.2661
581.5  314.9600
582.0  302.9075
582.5  297.2572
583.0  302.2734
583.5  319.5696
584.0  346.4148
584.5  375.3279
585.0  395.8107
585.5  398.0803
586.0  377.5020
586.5  337.5884
587.0  289.4676
587.5  247.2115
588.0  221.0941
588.5  212.8323
589.0  215.8884
589.5  220.2851
590.0  218.2852
590.5  207.3945
591.0  189.8280
591.5  170.1253
592.0  153.1108
592.5  143.1170
593.0  143.8740
593.5  157.9945
594.0  185.6740
594.5  223.2824
595.0  263.0944
595.5  295.0559
596.0  310.4438
596.5  306.0540
597.0  286.7232
597.5  264.1405
598.0  251.5909
598.5  257.0784
599.0  279.0992
599.5  307.9421
600.0  331.4622
600.5  341.2643
601.0  335.6640
601.5  318.7007
602.0  297.0633
602.5  277.3307
603.0  264.6928
603.5  262.7448
604.0  273.2775
604.5  295.4883
605.0  325.0495
605.5  354.1188
606.0  373.1578
606.5  374.4610
607.0  356.0997
607.5  324.1577
608.0  291.2937
608.5  271.3582
609.0  272.5227
609.5  293.0952
610.0  322.7980
610.5  348.4924
611.0  360.4412
611.5  355.5749
612.0  336.9312
612.5  310.9010
613.0  284.5077
613.5  263.9022
614.0  253.8012
614.5  256.9319
615.0  272.9754
615.5  297.5024
616.0  322.0465
616.5  336.2037
617.0  331.5868
617.5  306.1810
618.0  266.7938
618.5  227.4912
619.0  203.7178
619.5  204.7434
620.0  228.9806
620.5  265.2620
621.0  299.0231
621.5  319.1545
622.0  321.6624
622.5  309.2180
623.0  288.3095
623.5  266.3323
624.0  249.8664
624.5  243.9351
625.0  251.3571
625.5  271.7154
626.0  300.4176
626.5  328.9325
627.0  346.9865
627.5  346.4633
628.0  325.5557
628.5  290.9885
629.0  256.3836
629.5  236.5505
630.0  240.2357
630.5  265.6509
631.0  301.7381
631.5  334.1945
632.0  352.1834
632.5  351.9479
633.0  336.3685
633.5  312.1090
634.0  286.6713
634.5  266.6550
635.0  257.0589
635.5  260.7324
636.0  277.4300
636.5  302.8623
637.0  328.7913
637.5  345.0255
638.0  343.1881
638.5  320.9064
639.0  284.2152
639.5  246.1127
640.0  220.9319
640.5  217.0844
641.0  232.6337
641.5  256.7277
642.0  275.7996
642.5  280.2654
643.0  267.8745
643.5  242.8738
644.0  212.8242
644.5  185.4996
645.0  167.1644
645.5  162.0299
646.0  171.9642
646.5  195.8626
647.0  228.9707
647.5  263.1110
648.0  288.6257
648.5  297.9301
649.0  289.3506
649.5  269.0806
650.0  249.3612
650.5  242.8606
651.0  256.0106
651.5  285.5093
652.0  320.3884
652.5  348.0911
653.0  360.4218
653.5  356.0874
654.0  339.4814
654.5  317.6342
655.0  297.5174
655.5  284.6909
656.0  282.9435
656.5  294.0372
657.0  317.0558
657.5  347.6874
658.0  378.3470
658.5  399.9151
659.0  405.0327
659.5  391.7642
660.0  365.6022
660.5  337.9529
661.0  320.9390
661.5  321.0411
662.0  335.6144
662.5  354.6969
663.0  366.7279
663.5  364.2278
664.0  346.2439
664.5  317.1996
665.0  283.9999
665.5  253.4997
666.0  231.2569
666.5  221.1827
667.0  225.2043
667.5  242.4991
668.0  268.7078
668.5  296.0769
669.0  315.2768
669.5  318.7658
670.0  304.4740
670.5  277.7998
671.0  250.0775
671.5  233.3457
672.0  233.9527
672.5  249.0995
673.0  268.7732
673.5  281.6050
674.0  280.5698
674.5  265.2888
675.0  240.6599
675.5  213.7960
676.0  191.4313
676.5  178.6956
677.0  178.8368
677.5  193.0117
678.0  219.7247
678.5  254.2887
679.0  289.1477
679.5  315.6692
680.0  327.2283
680.5  322.4537
681.0  306.8303
681.5  291.0246
682.0  285.8726
682.5  296.4914
683.0  319.3405
683.5  344.3734
684.0  360.7158
684.5  361.9646
685.0  348.1494
685.5  324.2294
686.0  297.0729
686.5  272.9734
687.0  256.5259
687.5  250.4353
688.0  255.4113
688.5  269.7480
689.0  288.9378
689.5  306.0738
690.0  313.5649
690.5  306.0049
691.0  283.1970
691.5  251.6682
692.0  223.0085
692.5  208.8050
693.0  214.5504
693.5  236.5171
694.0  263.9712
694.5  285.1653
695.0  292.9680
695.5  286.9678
696.0  271.9220
696.5  254.6256
697.0  241.3377
697.5  236.5860
698.0  242.8908
698.5  260.5740
699.0  287.3137
699.5  317.8437
700.0  344.5390
700.5  359.3312
701.0  356.6916
701.5  336.6229
702.0  305.9732
702.5  276.4963
703.0  259.6487
703.5  260.7119
704.0  276.1445
704.5  296.1098
705.0  310.2582
705.5  312.7215
706.0  303.6296
706.5  287.4203
707.0  270.0505
707.5  256.9692
708.0  252.3464
708.5  258.9098
709.0  277.5674
709.5  306.6164
710.0  341.1282
710.5  373.3769
711.0  394.7814
711.5  399.0363
712.0  385.3061
712.5  359.7614
713.0  333.8327
713.5  319.0717
714.0  321.1218
714.5  336.7444
715.0  356.0448
715.5  368.1642
716.0  366.4167
716.5  350.0630
717.0  322.8796
717.5  290.5857
718.0  258.9791
718.5  233.2314
719.0  217.6225
719.5  214.8468
720.0  224.7737
720.5  243.4555
721.0  263.4524
721.5  275.9673
722.0  274.2980
722.5  257.2736
723.0  230.8614
723.5  206.3585
724.0  195.1610
724.5  202.6983
725.0  225.4967
725.5  253.4513
726.0  275.4971
726.5  284.6669
727.0  279.8064
727.5  264.1812
728.0  243.0372
728.5  221.8853
729.0  205.8658
729.5  199.4196
730.0  205.4364
730.5  223.8743
731.0  250.7454
731.5  278.5371
732.0  298.4579
732.5  303.9149
733.0  293.8709
733.5  274.3179
734.0  256.3617
734.5  251.0007
735.0  263.2330
735.5  289.3755
736.0  319.4975
736.5  343.0367
737.0  353.6298
737.5  350.5731
738.0  337.2609
738.5  318.6853
739.0  299.7669
739.5  284.8728
740.0  277.7459
740.5  280.9372
741.0  294.5879
741.5  315.3384
742.0  336.4646
742.5  349.8025
743.0  349.0394
743.5  333.0599
744.0  307.5105
744.5  283.0158
745.0  270.1305
745.5  273.6545
746.0  290.0953
746.5  310.0559
747.0  323.6260
747.5  324.9637
748.0  313.6542
748.5  293.2198
749.0  268.7643
749.5  245.3919
750.0  227.7205
750.5  219.7592
751.0  224.3023
751.5  241.6825
752.0  268.6101
752.5  298.1836
753.0  321.7127
753.5  332.0493
754.0  327.1307
754.5  311.7670
755.0  295.9531
755.5  289.8026
756.0  297.8757
756.5  316.7369
757.0  337.3873
757.5  350.5114
758.0  350.7993
758.5  338.1362
759.0  316.1446
759.5  289.9734
760.0  264.8202
760.5  245.4323
761.0  235.9033
761.5  238.9977
762.0  254.8939
762.5  280.0697
763.0  307.3830
763.5  327.9606
764.0  334.5797
764.5  325.2533
765.0  305.0539
765.5  284.4429
766.0  274.1624
766.5  279.4109
767.0  297.1490
767.5  318.2967
768.0  332.9251
768.5  334.7762
769.0  322.8196
769.5  300.1496
770.0  271.9566
770.5  243.9949
771.0  221.8408
771.5  210.3666
772.0  212.7840
772.5  229.2451
773.0  255.7679
773.5  284.5054
774.0  305.8574
774.5  311.9988
775.0  300.4939
775.5  276.0969
776.0  249.1269
776.5  230.5491
777.0  226.3852
777.5  235.0534
778.0  249.2275
778.5  260.4459
779.0  263.1477
779.5  256.1098
780.0  241.5855
780.5  223.6730
781.0  207.1083
781.5  196.6538
782.0  196.5289
782.5  209.3583
783.0  234.7761
783.5  268.5133
784.0  302.8775
784.5  328.9257
785.0  339.7866
785.5  333.8720
786.0  316.2758
786.5  296.9647
787.0  286.0140
787.5  288.4557
788.0  302.0907
788.5  319.5783
789.0  332.9307
789.5  337.2295
790.0  331.7546
790.5  318.9585
791.0  302.8143
791.5  287.6723
792.0  277.7593
792.5  276.7545
793.0  286.9110
793.5  307.8081
794.0  335.4780
794.5  362.7745
795.0  381.3444
795.5  384.7774
796.0  371.7410
796.5  347.3663
797.0  321.4570
797.5  303.8171
798.0  299.2942
798.5  305.7898
799.0  316.3692
799.5  323.5503
800.0  322.7257
800.5  313.1088
801.0  296.7200
801.5  276.8958
802.0  257.3677
802.5  241.9688
803.0  234.3540
803.5  237.1634
804.0  250.6914
804.5  271.8323
805.0  294.2486
805.5  310.2114
806.0  313.7080
806.5  303.5539
807.0  284.6996
807.5  266.3583
808.0  257.4122
808.5  261.7696
809.0  276.7497
809.5  295.3399
810.0  310.2968
810.5  317.2101
811.0  315.1738
811.5  305.7141
812.0  291.4298
812.5  275.2995
813.0  260.6299
813.5  250.9631
814.0  249.3020
814.5  256.6746
815.0  270.8504
815.5  286.2809
816.0  295.8222
816.5  293.8413
817.0  279.3627
817.5  257.3929
818.0  237.0671
818.5  227.1313
819.0  231.4133
819.5  247.2640
820.0  267.7454
820.5  285.5847
821.0  296.1356
821.5  298.0687
822.0  292.4237
822.5  281.4089
823.0  267.8197
823.5  254.9891
824.0  246.5855
824.5  245.6995
825.0  253.3883
825.5  267.5607
826.0  283.1421
826.5  293.8166
827.0  294.8150
827.5  285.5642
828.0  270.6529
828.5  257.9833
829.0  254.6365
829.5  262.9490
830.0  279.5117
830.5  297.6031
831.0  310.9718
831.5  316.3495
832.0  313.6715
832.5  304.8310
833.0  292.3876
833.5  279.0296
834.0  267.6065
834.5  261.0037
835.0  261.3354
835.5  268.7049
836.0  280.4441
836.5  291.6689
837.0  297.2011
837.5  294.0941
838.0  283.5791
838.5  271.2224
839.0  264.6334
839.5  269.5092
840.0  286.3603
840.5  310.2138
841.0  333.4555
841.5  349.6582
842.0  355.9234
842.5  352.8848
843.0  343.2714
843.5  330.4486
844.0  317.7230
844.5  308.2446
845.0  304.8163
845.5  309.1124
846.0  320.5375
846.5  335.6045
847.0  348.6495
847.5  353.9335
848.0  348.3130
848.5  333.1743
849.0  314.3463
849.5  299.4685
850.0  293.8991
850.5  297.7100
851.0  305.9079
851.5  311.6300
852.0  309.8838
852.5  299.4399
853.0  282.3288
853.5  262.0765
854.0  242.1602
854.5  225.4256
855.0  214.2483
855.5  210.6886
856.0  216.0348
856.5  229.8142
857.0  249.0497
857.5  268.6509
858.0  283.1953
858.5  289.4459
859.0  288.2780
859.5  284.6123
860.0  284.8156
860.5  292.7899
861.0  307.3479
861.5  322.8190
862.0  332.3640
862.5  331.5038
863.0  319.6696
863.5  299.4565
864.0  274.7967
864.5  249.4709
865.0  226.5993
865.5  208.8442
866.0  198.5653
866.5  197.3351
867.0  204.9005
867.5  218.3958
868.0  232.7507
868.5  242.6015
869.0  244.9972
869.5  241.4075
870.0  237.4828
870.5  240.1030
871.0  253.2114
871.5  275.2473
872.0  300.0535
872.5  320.4537
873.0  331.8105
873.5  333.4114
874.0  327.5313
874.5  317.5185
875.0  306.3437
875.5  296.2133
876.0  288.9255
876.5  286.1659
877.0  289.1230
877.5  297.4930
878.0  308.6661
878.5  318.0294
879.0  320.7089
879.5  314.1226
880.0  299.9603
880.5  284.0890
881.0  273.8299
881.5  273.9266
882.0  283.8922
882.5  298.6413
883.0  311.7575
883.5  318.8666
884.0  319.0247
884.5  313.9356
885.0  306.2622
885.5  298.3872
886.0  292.1562
886.5  289.2381
887.0  291.3122
887.5  299.5189
888.0  313.3247
888.5  329.6485
889.0  343.2038
889.5  348.3905
890.0  342.0811
890.5  325.8015
891.0  305.6641
891.5  289.4945
892.0  282.6372
892.5  285.2680
893.0  293.0589
893.5  300.3797
894.0  303.4537
894.5  301.4922
895.0  295.7834
895.5  288.0805
896.0  279.6206
896.5  271.2229
897.0  264.0034
897.5  259.8220
898.0  260.8067
898.5  268.0140
899.0  280.0525
899.5  292.7790
900.0  300.7238
900.5  299.8646
901.0  290.2326
901.5  276.4145
902.0  265.1052
902.5  261.1268
903.0  264.8052
903.5  272.5640
904.0  279.8883
904.5  284.1019
905.0  285.1133
905.5  284.2542
906.0  282.6253
906.5  280.2720
907.0  276.5953
907.5  271.4924
908.0  266.2610
908.5  263.4336
909.0  265.3786
909.5  272.4086
910.0  281.7334
910.5  288.3582
911.0  287.8547
911.5  279.3839
912.0  266.6644
912.5  255.7901
913.0  251.3375
913.5  253.7635
914.0  259.9549
914.5  266.0282
915.0  269.8586
915.5  271.6160
916.0  272.5255
916.5  273.2697
917.0  273.2989
917.5  271.4084
918.0  267.0474
918.5  261.3703
919.0  257.1608
919.5  257.4204
920.0  263.3331
920.5  272.9633
921.0  281.8773
921.5  285.7394
922.0  283.3338
922.5  277.6728
923.0  274.0097
923.5  276.1431
924.0  283.9893
924.5  294.2387
925.0  303.1458
925.5  308.9348
926.0  312.1668
926.5  314.3659
927.0  316.3658
927.5  317.6353
928.0  316.8911
928.5  313.4030
929.0  307.9950
929.5  302.9485
930.0  300.7215
930.5  302.2188
931.0  305.7977
931.5  307.9229
932.0  305.4245
932.5  298.0204
933.0  289.1148
933.5  283.8614
934.0  285.7384
934.5  294.3415
935.0  306.0664
935.5  316.8062
936.0  324.3139
936.5  328.6559
937.0  331.0115
937.5  332.1696
938.0  331.8953
938.5  329.4365
939.0  324.6036
939.5  318.5130
940.0  313.3352
940.5  311.0616
941.0  312.0129
941.5  314.1252
942.0  313.7648
942.5  307.9607
943.0  296.7696
943.5  283.8789
944.0  274.5271
944.5  272.0613
945.0  275.8463
945.5  282.1170
946.0  286.7773
946.5  287.7318
947.0  285.2284
947.5  280.5539
948.0  274.5012
948.5  266.7955
949.0  256.7301
949.5  244.4016
950.0  231.5504
950.5  221.2423
951.0  216.3554
951.5  217.6939
952.0  223.0069
952.5  227.8967
953.0  228.4804
953.5  224.2118
954.0  218.6358
954.5  217.1269
955.0  223.1884
955.5  236.2639
956.0  252.6369
956.5  268.2612
957.0  281.0428
957.5  291.1089
958.0  299.4858
958.5  306.5997
959.0  311.7336
959.5  313.6792
960.0  312.0046
960.5  307.9894
961.0  304.4383
961.5  304.2408
962.0  308.4029
962.5  314.8728
963.0  319.2911
963.5  317.6324
964.0  309.0881
964.5  296.8901
965.0  286.1715
965.5  280.4944
966.0  279.8635
966.5  281.5839
967.0  282.7739
967.5  282.2695
968.0  280.7057
968.5  279.2541
969.0  278.3130
969.5  277.1447
970.0  274.6306
970.5  270.5640
971.0  266.5285
971.5  265.5682
972.0  270.5512
972.5  282.0602
973.0  297.2320
973.5  310.6860
974.0  317.4116
974.5  315.8688
975.0  308.9593
975.5  301.9382
976.0  298.8457
976.5  300.2660
977.0  303.8758
977.5  306.7734
978.0  307.4293
978.5  305.9930
979.0  303.2885
979.5  299.6661
980.0  294.6654
980.5  287.6934
981.0  279.1863
981.5  271.3292
982.0  267.5595
982.5  270.8069
983.0  281.3732
983.5  295.9097
984.0  308.5824
984.5  314.1788
985.0  311.2949
985.5  303.2429
986.0  295.8376
986.5  293.7382
987.0  298.1291
987.5  307.1107
988.0  317.7809
988.5  327.9887
989.0  336.6575
989.5  343.0446
990.0  345.9941
990.5  343.9736
991.0  335.9699
991.5  322.6661
992.0  307.0040
992.5  293.4398
993.0  285.9380
993.5  285.6551
994.0  289.7854
994.5  292.6673
995.0  288.9191
995.5  276.7499
996.0  259.0755
996.5  241.5472
997.0  229.0686
997.5  223.4803
998.0  223.7727
998.5  227.9100
999.0  234.3797
999.5  242.4232
1000.0  251.2841
