0.0  328.3320
0.5  352.6570
1.0  375.1418
1.5  389.3245
2.0  392.2264
2.5  385.5433
3.0  374.2271
3.5  363.7067
4.0  357.5266
4.5  356.4595
5.0  359.0282
5.5  362.6918
6.0  364.9396
6.5  363.9074
7.0  358.5305
7.5  348.5143
8.0  334.4596
8.5  318.2551
9.0  303.3770
9.5  294.3583
10.0  294.9717
10.5  305.8100
11.0  323.0330
11.5  339.7075
12.0  349.2576
12.5  348.8016
13.0  340.2495
13.5  328.7599
14.0  319.8509
14.5  316.9427
15.0  320.3970
15.5  328.0436
16.0  336.4973
16.5  342.4789
17.0  343.6532
17.5  338.9011
18.0  328.2704
18.5  312.9769
19.0  295.6448
19.5  280.4932
20.0  272.7379
20.5  276.6943
21.0  293.2042
21.5  318.2124
22.0  344.0694
22.5  363.1744
23.0  371.6460
23.5  370.7287
24.0  365.4170
24.5  361.5725
25.0  363.3091
25.5  371.7336
26.0  385.1244
26.5  400.0015
27.0  412.4050
27.5  418.8792
28.0  416.9799
28.5  405.4602
29.0  384.4808
29.5  356.0634
30.0  324.5094
30.5  295.9871
31.0  276.6142
31.5  269.5313
32.0  272.8701
32.5  280.4797
33.0  285.2817
33.5  282.9779
34.0  273.7184
34.5  261.1667
35.0  250.2026
35.5  244.8573
36.0  247.2655
36.5  257.5449
37.0  274.1926
37.5  294.6566
38.0  315.8677
38.5  334.6434
39.0  348.0585
39.5  354.0125
40.0  352.0988
40.5  344.4011
41.0  335.3467
41.5  329.9388
42.0  330.9272
42.5  336.8669
43.0  342.8616
43.5  343.6961
44.0  337.0084
44.5  324.2794
45.0  309.4402
45.5  296.6266
46.0  288.6506
46.5  286.6429
47.0  290.3973
47.5  298.8491
48.0  310.4379
48.5  323.3302
49.0  335.5483
49.5  345.1321
50.0  350.5443
50.5  351.4121
51.0  349.2388
51.5  347.2599
52.0  348.8307
52.5  354.9467
53.0  362.7897
53.5  366.9138
54.0  362.5838
54.5  348.8193
55.0  328.9513
55.5  308.6097
56.0  292.8966
56.5  284.5688
57.0  283.8232
57.5  289.1340
58.0  298.3189
58.5  309.3314
59.0  320.6291
59.5  331.1722
60.0  340.2662
60.5  347.5750
61.0  353.5089
61.5  359.7285
62.0  368.9873
62.5  383.6672
63.0  403.4926
63.5  424.2011
64.0  438.7862
64.5  440.9538
65.0  428.4729
65.5  404.1657
66.0  374.1932
66.5  345.1235
67.0  321.5957
67.5  305.4443
68.0  296.0755
68.5  291.4349
69.0  289.0083
69.5  286.5434
70.0  282.4060
70.5  275.6964
71.0  266.4099
71.5  255.8448
72.0  247.0269
72.5  244.4064
73.0  252.1690
73.5  271.5990
74.0  299.2865
74.5  327.9670
75.0  349.8834
75.5  360.4719
76.0  360.0016
76.5  352.5341
77.0  343.4062
77.5  336.9230
78.0  335.2205
78.5  338.2924
79.0  344.6745
79.5  352.2545
80.0  358.8563
80.5  362.5013
81.0  361.5086
81.5  354.7687
82.0  342.4132
82.5  326.6214
83.0  311.7402
83.5  302.9021
84.0  303.3921
84.5  312.4570
85.0  325.4470
85.5  336.4461
86.0  341.4487
86.5  339.8722
87.0  333.8343
87.5  326.3280
88.0  319.7249
88.5  315.2157
89.0  312.9734
89.5  312.5774
90.0  313.3754
90.5  314.6278
91.0  315.4254
91.5  314.5584
92.0  310.6691
92.5  302.9228
93.0  291.9705
93.5  280.4026
94.0  271.8756
94.5  269.0544
95.0  271.8337
95.5  277.4919
96.0  282.8555
96.5  286.6801
97.0  290.3107
97.5  296.3574
98.0  306.7577
98.5  321.6978
99.0  339.7817
99.5  358.8882
100.0  377.0173
100.5  392.7638
101.0  405.3570
101.5  414.3672
102.0  419.3167
102.5  419.5527
103.0  414.6316
103.5  405.0255
104.0  392.4542
104.5  379.1715
105.0  366.4106
105.5  353.2719
106.0  337.3481
106.5  316.9280
107.0  293.0570
107.5  269.7281
108.0  252.0545
108.5  243.8332
109.0  246.0830
109.5  257.1251
110.0  273.7293
110.5  292.5075
111.0  310.9569
111.5  327.8787
112.0  343.1660
112.5  357.1978
113.0  370.2695
113.5  382.4364
114.0  393.7624
114.5  404.4851
115.0  414.5735
115.5  422.8162
116.0  426.3861
116.5  421.7724
117.0  406.8252
117.5  382.4733
118.0  352.7514
118.5  323.0669
119.0  297.9160
119.5  279.4349
120.0  267.3335
120.5  259.8437
121.0  254.9605
121.5  251.4047
122.0  249.0194
122.5  248.5723
123.0  251.1764
123.5  257.7219
124.0  268.6478
124.5  284.0283
125.0  303.5591
125.5  326.0943
126.0  349.0145
126.5  368.2866
127.0  379.7888
127.5  381.3483
128.0  374.0630
128.5  361.8337
129.0  349.3512
129.5  339.8676
130.0  334.0551
130.5  330.3287
131.0  326.1135
131.5  319.2509
132.0  308.9531
132.5  296.0664
133.0  282.6878
133.5  271.4267
134.0  264.7249
134.5  264.5188
135.0  272.1316
135.5  287.9602
136.0  310.7389
136.5  336.9020
137.0  361.0426
137.5  377.8894
138.0  384.8627
138.5  383.4531
139.0  378.3127
139.5  374.5840
140.0  375.1974
140.5  379.6962
141.0  384.9221
141.5  386.7646
142.0  381.9075
142.5  368.9060
143.0  348.4311
143.5  322.8509
144.0  295.4880
144.5  269.9481
145.0  249.7264
145.5  237.9077
146.0  236.5082
146.5  245.3443
147.0  261.1400
147.5  278.0376
148.0  289.9363
148.5  293.5670
149.0  290.3329
149.5  285.6075
150.0  285.8825
150.5  295.5286
151.0  314.9767
151.5  340.9924
152.0  368.4318
152.5  392.3099
153.0  409.2659
153.5  418.0738
154.0  419.3346
154.5  414.7786
155.0  406.6630
155.5  397.5057
156.0  389.9311
156.5  386.1129
157.0  386.6352
157.5  389.4401
158.0  390.0099
158.5  383.2825
159.0  366.4243
159.5  340.7317
160.0  311.4140
160.5  285.3810
161.0  268.3410
161.5  262.7427
162.0  267.3940
162.5  278.5921
163.0  291.9422
163.5  303.9594
164.0  312.8687
164.5  318.5091
165.0  321.6820
165.5  323.4967
166.0  325.0839
166.5  327.5663
167.0  331.8171
167.5  337.7503
168.0  343.5887
168.5  345.9867
169.0  341.4178
169.5  328.1885
170.0  307.8003
170.5  284.7397
171.0  264.7821
171.5  252.7553
172.0  250.8929
172.5  258.4403
173.0  272.4758
173.5  289.3719
174.0  306.1639
174.5  321.2823
175.0  334.5048
175.5  346.4036
176.0  357.7675
176.5  369.3124
177.0  381.5580
177.5  394.4892
178.0  406.9068
178.5  415.9934
179.0  417.8363
179.5  409.0383
180.0  388.6065
180.5  358.9429
181.0  325.2946
181.5  293.9454
182.0  270.0707
182.5  256.2154
183.0  251.9332
183.5  254.5511
184.0  260.5702
184.5  267.0391
185.0  272.3595
185.5  276.3525
186.0  279.8317
186.5  284.1307
187.0  290.8323
187.5  301.5044
188.0  317.0579
188.5  336.7666
189.0  357.6684
189.5  375.1794
190.0  384.9394
190.5  384.8729
191.0  376.1970
191.5  362.8196
192.0  349.5774
192.5  340.3076
193.0  336.6328
193.5  337.8197
194.0  341.5485
194.5  345.1039
195.0  346.4403
195.5  344.7228
196.0  340.2663
196.5  334.1330
197.0  327.7969
197.5  323.0521
198.0  321.8897
198.5  325.8873
199.0  335.1325
199.5  347.4516
200.0  358.8537
200.5  365.2617
201.0  364.5212
201.5  357.4115
202.0  347.1092
202.5  337.5571
203.0  331.7082
203.5  330.4726
204.0  332.6875
204.5  335.9253
205.0  337.6619
205.5  336.2592
206.0  331.3723
206.5  323.7165
207.0  314.5085
207.5  305.0579
208.0  296.7496
208.5  291.1424
209.0  289.6729
209.5  292.8631
210.0  299.6464
210.5  307.6059
211.0  314.2280
211.5  318.3695
212.0  320.9167
212.5  324.2202
213.0  330.7143
213.5  341.5453
214.0  355.8948
214.5  371.2256
215.0  384.2322
215.5  392.0239
216.0  393.0438
216.5  387.3852
217.0  376.4603
217.5  362.2956
218.0  346.8824
218.5  331.8406
219.0  318.2792
219.5  306.5684
220.0  296.0337
220.5  285.0126
221.0  271.6574
221.5  255.2351
222.0  237.1013
222.5  220.6264
223.0  210.0302
223.5  208.7430
224.0  218.1204
224.5  237.0529
225.0  262.5203
225.5  290.7259
226.0  318.2770
226.5  342.9545
227.0  363.8647
227.5  381.0892
228.0  395.1888
228.5  406.8946
229.0  416.9960
229.5  426.0872
230.0  433.9325
230.5  438.8104
231.0  437.6372
231.5  427.2775
232.0  406.4361
232.5  376.9071
233.0  343.3347
233.5  311.6139
234.0  286.8206
234.5  271.6677
235.0  266.0538
235.5  267.6824
236.0  273.2946
236.5  279.9183
237.0  285.6667
237.5  289.9154
238.0  293.0309
238.5  296.0321
239.0  300.4492
239.5  308.2025
240.0  320.9919
240.5  339.0321
241.0  359.8797
241.5  378.5770
242.0  389.5555
242.5  389.2915
243.0  378.0309
243.5  359.5974
244.0  339.5852
244.5  323.0705
245.0  312.9638
245.5  309.5574
246.0  311.1656
246.5  315.3280
247.0  319.9493
247.5  323.9157
248.0  327.0598
248.5  329.7293
249.0  332.4470
249.5  335.9960
250.0  341.6864
250.5  351.0795
251.0  364.7771
251.5  381.0027
252.0  395.4168
252.5  402.8374
253.0  399.8894
253.5  386.7741
254.0  367.0854
254.5  345.9978
255.0  328.0155
255.5  315.4064
256.0  307.8336
256.5  303.0662
257.0  298.2743
257.5  291.3257
258.0  281.6014
258.5  270.0855
259.0  258.8300
259.5  250.2161
260.0  246.4715
260.5  249.4781
261.0  260.3943
261.5  278.7498
262.0  301.5666
262.5  323.6697
263.0  339.6357
263.5  346.3386
264.0  344.4025
264.5  337.6834
265.0  331.2692
265.5  329.2285
266.0  333.1655
266.5  341.9877
267.0  352.6823
267.5  361.5949
268.0  365.6798
268.5  363.3397
269.0  354.6872
269.5  341.3091
270.0  325.8066
270.5  311.3604
271.0  301.2543
271.5  298.0198
272.0  302.1617
272.5  311.2398
273.0  320.4184
273.5  324.6801
274.0  321.4566
274.5  311.9664
275.0  300.4993
275.5  292.2676
276.0  291.1261
276.5  298.2281
277.0  311.9717
277.5  328.9467
278.0  345.2841
278.5  357.8311
279.0  364.8009
279.5  365.8352
280.0  361.6966
280.5  353.9493
281.0  344.8301
281.5  337.0873
282.0  333.2773
282.5  334.4226
283.0  338.8783
283.5  342.6550
284.0  341.4986
284.5  333.5048
285.0  320.4978
285.5  307.3286
286.0  299.6590
286.5  301.5661
287.0  314.1060
287.5  335.2569
288.0  360.9533
288.5  386.5567
289.0  408.1228
289.5  423.0838
290.0  430.3274
290.5  429.9512
291.0  423.0671
291.5  411.7786
292.0  398.9838
292.5  387.4773
293.0  378.4055
293.5  370.1088
294.0  358.6029
294.5  339.8163
295.0  312.2109
295.5  278.0681
296.0  242.7432
296.5  212.5183
297.0  192.3008
297.5  184.1994
298.0  187.3734
298.5  198.9411
299.0  215.3645
299.5  233.6683
300.0  252.0537
300.5  269.8484
301.0  287.1132
301.5  304.3656
302.0  322.5867
302.5  343.1351
303.0  366.9908
303.5  393.3947
304.0  418.9357
304.5  438.2508
305.0  446.3052
305.5  440.8478
306.0  423.4875
306.5  398.9034
307.0  372.8645
307.5  350.1630
308.0  333.2878
308.5  322.1482
309.0  314.7242
309.5  308.2494
310.0  300.4266
310.5  290.2331
311.0  278.1113
311.5  265.6742
312.0  255.2712
312.5  249.6305
313.0  251.3875
313.5  262.1509
314.0  281.2750
314.5  305.2718
315.0  328.7424
315.5  346.5782
316.0  356.0813
316.5  357.7305
317.0  354.3669
317.5  349.5233
318.0  345.8490
318.5  344.2392
319.0  343.8287
319.5  342.6798
320.0  338.8018
320.5  331.0676
321.0  319.6588
321.5  305.9222
322.0  291.8603
322.5  279.6776
323.0  271.6105
323.5  269.7819
324.0  275.6115
324.5  288.8189
325.0  306.8544
325.5  325.6095
326.0  341.2303
326.5  351.8474
327.0  358.1162
327.5  362.4166
328.0  367.4009
328.5  374.7101
329.0  384.3508
329.5  394.8237
330.0  403.8281
330.5  409.1977
331.0  409.6559
331.5  405.0645
332.0  396.1298
332.5  383.8957
333.0  369.5061
333.5  354.4004
334.0  340.5008
334.5  329.7358
335.0  322.8971
335.5  318.7890
336.0  314.6918
336.5  308.0467
337.0  298.1455
337.5  286.6529
338.0  276.7813
338.5  271.7960
339.0  273.6898
339.5  282.5458
340.0  296.7205
340.5  313.6638
341.0  330.9565
341.5  347.0399
342.0  361.2693
342.5  373.3536
343.0  382.7246
343.5  388.4979
344.0  390.1650
344.5  388.3220
345.0  384.4743
345.5  379.7977
346.0  373.9315
346.5  365.0492
347.0  351.2612
347.5  332.1797
348.0  309.4825
348.5  286.2665
349.0  265.7880
349.5  250.3008
350.0  240.4446
350.5  235.3667
351.0  233.5120
351.5  233.7125
352.0  235.9558
352.5  241.2845
353.0  250.7960
353.5  264.4334
354.0  280.5689
354.5  296.8269
355.0  311.4749
355.5  324.1195
356.0  335.1326
356.5  344.5452
357.0  351.6246
357.5  355.5010
358.0  356.1080
358.5  354.5455
359.0  352.6425
359.5  352.1009
360.0  353.7024
360.5  356.9085
361.0  360.0443
361.5  361.1049
362.0  358.9137
362.5  354.0308
363.0  348.7454
363.5  345.9421
364.0  347.4301
364.5  352.8582
365.0  359.9879
365.5  365.9963
366.0  368.6837
366.5  366.7997
367.0  359.7601
367.5  347.5248
368.0  330.8966
368.5  311.7977
369.0  293.0436
369.5  277.6070
370.0  267.7170
370.5  264.1325
371.0  265.8307
371.5  270.3100
372.0  274.5808
372.5  276.5864
373.0  276.4012
373.5  276.4405
374.0  280.3520
374.5  291.1063
375.0  309.4421
375.5  333.5874
376.0  360.1564
376.5  385.3161
377.0  405.5345
377.5  418.0271
378.0  421.3103
378.5  415.7905
379.0  403.8706
379.5  389.2803
380.0  375.8863
380.5  366.5043
381.0  362.1031
381.5  361.5945
382.0  362.2956
382.5  361.0243
383.0  355.5098
383.5  345.4966
384.0  332.9002
384.5  320.8295
385.0  312.0582
385.5  307.9818
386.0  308.6713
386.5  313.5811
387.0  321.8973
387.5  332.1542
388.0  341.8622
388.5  348.0443
389.0  348.5727
389.5  343.2923
390.0  334.1142
390.5  324.1230
391.0  316.2944
391.5  312.3898
392.0  312.3761
392.5  314.5645
393.0  316.4794
393.5  316.1267
394.0  312.9846
394.5  308.0505
395.0  302.8375
395.5  298.0687
396.0  293.2174
396.5  287.3980
397.0  280.7907
397.5  275.1064
398.0  272.4838
398.5  273.8295
399.0  278.1885
399.5  283.6300
400.0  288.7134
400.5  293.3226
401.0  298.4697
401.5  305.4451
402.0  314.8959
402.5  326.2663
403.0  337.8670
403.5  347.6238
404.0  354.1970
404.5  357.7943
405.0  359.9870
405.5  362.4138
406.0  365.1833
406.5  366.2882
407.0  362.7258
407.5  352.5744
408.0  336.3529
408.5  316.6139
409.0  296.3397
409.5  277.6378
410.0  261.6208
410.5  249.0935
411.0  241.1205
411.5  238.9639
412.0  243.5173
412.5  254.6506
413.0  270.8792
413.5  289.6521
414.0  308.3149
414.5  325.3939
415.0  341.4487
415.5  358.7348
416.0  379.5567
416.5  404.2114
417.0  430.0056
417.5  452.2157
418.0  466.3657
418.5  470.1644
419.0  463.8844
419.5  449.3932
420.0  428.9910
420.5  404.9099
421.0  379.3975
421.5  354.8030
422.0  333.2909
422.5  316.2486
423.0  303.7184
423.5  294.2245
424.0  285.2767
424.5  274.5713
425.0  261.4760
425.5  247.9824
426.0  238.3113
426.5  237.0369
427.0  246.6693
427.5  266.2479
428.0  291.8983
428.5  318.8270
429.0  343.2237
429.5  362.9427
430.0  377.0966
430.5  385.4802
431.0  388.4475
431.5  387.0963
432.0  383.2454
432.5  378.9267
433.0  375.5411
433.5  373.1032
434.0  370.0278
434.5  363.7355
435.0  351.9947
435.5  334.4483
436.0  313.4498
436.5  293.4794
437.0  279.1892
437.5  273.1594
438.0  274.8729
438.5  281.6166
439.0  290.5148
439.5  300.0606
440.0  310.1496
440.5  321.0293
441.0  332.3626
441.5  343.1735
442.0  352.4747
442.5  359.8521
443.0  365.4894
443.5  369.6298
444.0  371.8701
444.5  370.8093
445.0  364.4335
445.5  351.2475
446.0  331.6405
446.5  308.5931
447.0  286.9560
447.5  271.3419
448.0  263.7891
448.5  262.8156
449.0  264.6244
449.5  265.5822
450.0  264.1656
450.5  261.1992
451.0  258.6934
451.5  258.4852
452.0  261.6014
452.5  268.3781
453.0  278.8070
453.5  292.6251
454.0  309.0440
454.5  326.3718
455.0  341.9441
455.5  352.6984
456.0  356.3835
456.5  352.9084
457.0  344.9747
457.5  337.2779
458.0  334.3505
458.5  338.1855
459.0  347.2039
459.5  357.3007
460.0  364.1665
460.5  365.2485
461.0  360.2986
461.5  350.7320
462.0  338.7090
462.5  326.5730
463.0  316.6312
463.5  310.9546
464.0  310.9855
464.5  317.0052
465.0  327.7120
465.5  340.2487
466.0  350.9396
466.5  356.6922
467.0  356.5526
467.5  352.5367
468.0  348.9759
468.5  350.3991
469.0  359.0584
469.5  373.6694
470.0  390.1413
470.5  403.5980
471.0  410.2314
471.5  408.1048
472.0  397.1063
472.5  378.6902
473.0  355.6811
473.5  331.9459
474.0  311.6970
474.5  298.4705
475.0  294.0788
475.5  297.9370
476.0  307.1091
476.5  317.2405
477.0  324.2015
477.5  325.8416
478.0  322.9758
478.5  318.9107
479.0  317.5966
479.5  321.4689
480.0  330.3509
480.5  341.9454
481.0  353.1639
481.5  361.1288
482.0  363.4713
482.5  358.4480
483.0  345.3969
483.5  325.3652
484.0  301.3071
484.5  277.4780
485.0  258.1789
485.5  246.3604
486.0  242.6647
486.5  245.3379
487.0  251.1499
487.5  257.0349
488.0  261.7156
488.5  266.3866
489.0  273.8794
489.5  286.6781
490.0  305.1133
490.5  327.0879
491.0  349.4564
491.5  369.7404
492.0  386.7285
492.5  399.8141
493.0  408.1791
493.5  410.8417
494.0  407.4858
494.5  399.1984
495.0  388.3933
495.5  377.8856
496.0  369.6157
496.5  363.6812
497.0  358.1876
497.5  350.1074
498.0  336.8809
498.5  318.0372
499.0  295.8995
499.5  274.7540
500.0  258.7793
500.5  250.0303
501.0  247.8895
501.5  250.2269
502.0  255.0466
502.5  261.1803
503.0  267.8331
503.5  274.0099
504.0  278.7274
504.5  281.8501
505.0  284.6802
505.5  289.6754
506.0  299.3533
506.5  314.9286
507.0  335.3358
507.5  357.1402
508.0  375.5273
508.5  386.1196
509.0  386.8974
509.5  379.2287
510.0  367.2605
510.5  355.8253
511.0  348.1161
511.5  344.6842
512.0  344.2370
512.5  345.1838
513.0  346.4828
513.5  347.4471
514.0  347.3535
514.5  345.6653
515.0  342.7425
515.5  340.2857
516.0  340.9779
516.5  347.3932
517.0  360.6744
517.5  379.5800
518.0  400.3765
518.5  417.7731
519.0  426.6975
519.5  424.2718
520.0  411.0563
520.5  390.7722
521.0  368.4771
521.5  348.2322
522.0  331.7581
522.5  318.7506
523.0  308.0963
523.5  298.7036
524.0  289.5391
524.5  279.5234
525.0  267.9434
525.5  255.2246
526.0  243.3646
526.5  235.5442
527.0  235.0061
527.5  243.7012
528.0  261.2997
528.5  285.0196
529.0  310.4218
529.5  332.9275
530.0  349.4509
530.5  359.3757
531.0  364.3254
531.5  366.8303
532.0  368.7735
532.5  370.6836
533.0  372.1641
533.5  372.6892
534.0  371.8303
534.5  368.8773
535.0  362.6437
535.5  352.0066
536.0  336.8701
536.5  318.7632
537.0  300.5745
537.5  285.5224
538.0  275.8802
538.5  272.0609
539.0  272.5025
539.5  274.4472
540.0  275.3051
540.5  273.9660
541.0  271.3502
541.5  269.8040
542.0  271.6375
542.5  277.7770
543.0  287.5031
543.5  299.3350
544.0  312.0843
544.5  325.0838
545.0  337.6194
545.5  348.4582
546.0  356.1430
546.5  359.8439
547.0  360.0304
547.5  358.4204
548.0  357.2060
548.5  357.9802
549.0  360.9275
549.5  364.7138
550.0  367.1767
550.5  366.5122
551.0  362.3368
551.5  355.9766
552.0  349.7061
552.5  345.3483
553.0  343.2195
553.5  342.2360
554.0  341.0284
554.5  338.9826
555.0  336.2830
555.5  333.1381
556.0  329.1608
556.5  323.5730
557.0  316.0057
557.5  307.1692
558.0  298.8579
558.5  293.2465
559.0  291.8364
559.5  294.5934
560.0  299.7597
560.5  304.5435
561.0  306.4676
561.5  304.7617
562.0  301.0128
562.5  298.5484
563.0  300.7517
563.5  309.3211
564.0  323.6282
564.5  341.4481
565.0  360.1996
565.5  377.6540
566.0  391.9460
566.5  401.4965
567.0  405.3246
567.5  403.5766
568.0  397.7758
568.5  390.4746
569.0  384.3654
569.5  381.1981
570.0  380.9725
570.5  381.8120
571.0  380.6647
571.5  374.6196
572.0  362.2947
572.5  344.6162
573.0  324.5006
573.5  305.5176
574.0  290.3146
574.5  279.8017
575.0  273.4641
575.5  270.2179
576.0  268.9751
576.5  268.7225
577.0  268.5395
577.5  267.9005
578.0  267.1054
578.5  267.4329
579.0  270.7598
579.5  278.7228
580.0  291.7732
580.5  308.5978
581.0  326.2754
581.5  341.2211
582.0  350.5691
582.5  353.3589
583.0  350.8777
583.5  345.8740
584.0  341.0152
584.5  337.5500
585.0  335.0604
585.5  332.3150
586.0  328.3373
586.5  322.8292
587.0  315.9446
587.5  308.0281
588.0  299.7255
588.5  292.2837
589.0  287.5879
589.5  287.6817
590.0  293.8923
590.5  305.9755
591.0  321.7784
591.5  337.7328
592.0  350.0978
592.5  356.4475
593.0  356.6739
593.5  352.9060
594.0  348.2630
594.5  345.0890
595.0  343.7744
595.5  342.9243
596.0  340.5918
596.5  335.4832
597.0  327.3076
597.5  316.4231
598.0  303.5088
598.5  289.6790
599.0  276.8088
599.5  267.5592
600.0  264.7966
600.5  270.5211
601.0  284.7945
601.5  305.2892
602.0  327.8709
602.5  348.1194
603.0  363.1567
603.5  372.8765
604.0  379.8310
604.5  387.6735
605.0  398.9383
605.5  413.5109
606.0  428.7558
606.5  441.0351
607.0  447.3580
607.5  446.1171
608.0  436.9258
608.5  420.2671
609.0  397.4524
609.5  370.7906
610.0  343.5567
610.5  319.4431
611.0  301.5025
611.5  290.9538
612.0  286.4687
612.5  284.4771
613.0  280.5912
613.5  271.6430
614.0  257.3959
614.5  240.9891
615.0  227.6928
615.5  222.4933
616.0  227.8564
616.5  242.9762
617.0  264.7163
617.5  289.2350
618.0  313.1370
618.5  333.8566
619.0  349.7252
619.5  360.1461
620.0  365.8401
620.5  368.8341
621.0  371.9180
621.5  377.5715
622.0  386.7133
622.5  397.8858
623.0  407.4336
623.5  410.8131
624.0  404.5594
624.5  388.0002
625.0  363.7968
625.5  336.9099
626.0  312.4655
626.5  293.7435
627.0  281.4506
627.5  274.4424
628.0  270.9946
628.5  269.6278
629.0  269.2714
629.5  269.2173
630.0  269.2487
630.5  269.8971
631.0  272.5050
631.5  278.8267
632.0  290.1620
632.5  306.3488
633.0  325.1750
633.5  342.7056
634.0  354.5993
634.5  357.9108
635.0  352.4790
635.5  341.0668
636.0  328.0091
636.5  317.0525
637.0  309.7165
637.5  305.2113
638.0  301.7432
638.5  298.0004
639.0  293.7478
639.5  289.4968
640.0  285.9704
640.5  283.9453
641.0  284.4502
641.5  288.8984
642.0  298.7719
642.5  314.8220
643.0  336.1659
643.5  359.8969
644.0  381.6838
644.5  397.3147
645.0  404.5249
645.5  404.1176
646.0  399.5933
646.5  395.2775
647.0  393.9419
647.5  395.4342
648.0  397.2249
648.5  396.3256
649.0  391.0360
649.5  381.3852
650.0  368.4130
650.5  353.2747
651.0  336.9382
651.5  320.5015
652.0  305.6130
652.5  294.4388
653.0  288.9618
653.5  289.9018
654.0  295.9376
654.5  303.9004
655.0  310.1043
655.5  312.2319
656.0  310.6812
656.5  308.4102
657.0  309.1587
657.5  315.0661
658.0  325.3095
658.5  336.7334
659.0  345.8981
659.5  350.9152
660.0  351.8687
660.5  349.9605
661.0  346.4083
661.5  341.9506
662.0  337.0747
662.5  332.5072
663.0  329.4015
663.5  328.9301
664.0  331.4440
664.5  335.7504
665.0  339.1488
665.5  338.5078
666.0  332.0009
666.5  320.5287
667.0  307.7703
667.5  298.4960
668.0  295.9735
668.5  300.1744
669.0  308.0627
669.5  315.6522
670.0  320.1917
670.5  321.0385
671.0  319.0992
671.5  315.7447
672.0  312.1018
672.5  308.9768
673.0  307.0988
673.5  307.2064
674.0  309.7263
674.5  314.1795
675.0  318.7876
675.5  320.7861
676.0  317.6116
676.5  308.5205
677.0  295.6806
677.5  283.7690
678.0  277.8720
678.5  280.7378
679.0  291.2076
679.5  304.9978
680.0  317.2302
680.5  324.8495
681.0  327.4823
681.5  326.7399
682.0  324.9600
682.5  324.3044
683.0  326.4555
683.5  332.6034
684.0  343.3018
684.5  358.0298
685.0  374.6960
685.5  389.5892
686.0  398.2011
686.5  396.8982
687.0  384.8048
687.5  364.8379
688.0  342.9674
688.5  325.6564
689.0  316.7292
689.5  315.6378
690.0  318.3091
690.5  319.8605
691.0  317.1892
691.5  309.9193
692.0  299.7215
692.5  289.0624
693.0  280.3544
693.5  275.7472
694.0  277.1772
694.5  286.1492
695.0  303.0390
695.5  326.2408
696.0  351.8482
696.5  374.4664
697.0  389.1543
697.5  393.7021
698.0  389.9578
698.5  383.1409
699.0  379.1435
699.5  381.2503
700.0  388.4034
700.5  396.1937
701.0  399.7376
701.5  396.3137
702.0  386.1965
702.5  371.7232
703.0  355.7306
703.5  340.4694
704.0  327.3913
704.5  317.4946
705.0  311.6101
705.5  310.1828
706.0  312.6198
706.5  316.7682
707.0  319.2111
707.5  316.6325
708.0  307.7208
708.5  294.4453
709.0  281.5936
709.5  274.3985
710.0  275.5017
710.5  283.2920
711.0  292.8588
711.5  298.8688
712.0  298.3393
712.5  291.6808
713.0  281.8595
713.5  272.6566
714.0  267.1510
714.5  267.0364
715.0  272.7316
715.5  283.8101
716.0  299.2384
716.5  317.2537
717.0  335.1874
717.5  349.7750
718.0  358.2466
718.5  359.8564
719.0  356.8872
719.5  354.1020
720.0  356.4137
720.5  365.9056
721.0  380.1911
721.5  393.3996
722.0  399.1771
722.5  393.6970
723.0  377.0036
723.5  352.4264
724.0  324.9200
724.5  299.3678
725.0  279.4702
725.5  267.3095
726.0  263.3339
726.5  266.4357
727.0  274.0159
727.5  282.2533
728.0  286.9363
728.5  284.9685
729.0  276.0934
729.5  263.8451
730.0  254.7152
730.5  255.3640
731.0  269.1251
731.5  293.9677
732.0  323.3536
732.5  349.3957
733.0  366.2190
733.5  371.7343
734.0  367.4872
734.5  357.3660
735.0  346.1046
735.5  338.1017
736.0  336.6261
736.5  343.2577
737.0  357.4486
737.5  376.3132
738.0  394.9705
738.5  407.7405
739.0  410.1180
739.5  400.8607
740.0  383.0936
740.5  363.4598
741.0  349.2692
741.5  344.9829
742.0  350.1534
742.5  360.1291
743.0  368.8651
743.5  371.8409
744.0  367.4874
744.5  356.9403
745.0  342.9294
745.5  328.6651
746.0  317.1026
746.5  310.5165
747.0  310.1450
747.5  315.7678
748.0  325.3502
748.5  335.1293
749.0  340.4937
749.5  337.6456
750.0  325.4741
750.5  306.6528
751.0  287.0468
751.5  273.2924
752.0  269.6526
752.5  276.0430
753.0  288.5160
753.5  301.7354
754.0  311.6525
754.5  316.8455
755.0  318.2685
755.5  318.1578
756.0  318.9570
756.5  322.6720
757.0  330.5966
757.5  343.1347
758.0  359.5343
758.5  377.6211
759.0  393.8706
759.5  404.1424
760.0  405.0636
760.5  395.5593
761.0  377.6928
761.5  356.0994
762.0  335.9730
762.5  320.5664
763.0  309.7436
763.5  300.5579
764.0  289.3920
764.5  274.1488
765.0  255.2312
765.5  235.1265
766.0  217.2617
766.5  204.9050
767.0  200.5095
767.5  205.4559
768.0  219.9339
768.5  242.7702
769.0  271.2760
769.5  301.4325
770.0  328.7191
770.5  349.5436
771.0  362.7412
771.5  370.2847
772.0  376.4889
772.5  385.7316
773.0  399.7876
773.5  416.4550
774.0  430.4746
774.5  436.1485
775.0  429.9513
775.5  411.7365
776.0  384.3279
776.5  352.2155
777.0  320.2192
777.5  292.5909
778.0  272.5469
778.5  261.9665
779.0  261.0502
779.5  268.0236
780.0  279.2579
780.5  290.1815
781.0  296.9667
781.5  298.3829
782.0  296.7818
782.5  297.3097
783.0  305.3065
783.5  323.1541
784.0  348.5490
784.5  375.3978
785.0  396.6879
785.5  407.4296
786.0  406.1091
786.5  394.4105
787.0  375.9662
787.5  355.0512
788.0  335.6991
788.5  321.2101
789.0  313.7588
789.5  313.9032
790.0  320.1348
790.5  328.9199
791.0  335.6461
791.5  336.4391
792.0  330.1683
792.5  319.5323
793.0  310.2786
793.5  308.5305
794.0  317.5156
794.5  335.7169
795.0  357.6682
795.5  376.7606
796.0  388.1562
796.5  390.2342
797.0  384.3044
797.5  373.3526
798.0  360.7637
798.5  349.5327
799.0  341.9278
799.5  339.2732
800.0  341.5979
800.5  347.2435
801.0  352.8442
801.5  354.1027
802.0  347.3858
802.5  331.5778
803.0  309.2032
803.5  285.9062
804.0  268.1227
804.5  259.9881
805.0  261.3376
805.5  268.1258
806.0  274.9152
806.5  277.7119
807.0  275.5033
807.5  270.0459
808.0  264.5684
808.5  262.3841
809.0  266.0253
809.5  276.9188
810.0  295.2644
810.5  319.8181
811.0  347.6388
811.5  374.1928
812.0  394.2236
812.5  403.3999
813.0  400.1559
813.5  386.7329
814.0  368.5432
814.5  351.7843
815.0  340.4290
815.5  334.4178
816.0  330.2348
816.5  323.3784
817.0  311.0107
817.5  293.2628
818.0  272.8507
818.5  253.7025
819.0  239.5655
819.5  233.1807
820.0  236.0294
820.5  248.3045
821.0  268.7942
821.5  294.6986
822.0  321.7340
822.5  344.9128
823.0  360.0470
823.5  365.4817
824.0  363.1498
824.5  358.0580
825.0  356.0138
825.5  360.5988
826.0  371.2247
826.5  383.5887
827.0  392.1721
827.5  393.0621
828.0  385.4790
828.5  371.5697
829.0  355.1246
829.5  340.1716
830.0  330.0270
830.5  326.8366
831.0  331.3249
831.5  342.5427
832.0  357.7077
832.5  372.4895
833.0  382.0336
833.5  382.6365
834.0  373.4779
834.5  357.4860
835.0  340.5247
835.5  328.8611
836.0  326.0746
836.5  331.2782
837.0  339.8213
837.5  345.9053
838.0  345.3250
838.5  336.8478
839.0  321.9814
839.5  303.8606
840.0  286.1246
840.5  272.1974
841.0  264.8621
841.5  265.8185
842.0  275.1056
842.5  290.6538
843.0  308.4529
843.5  323.6430
844.0  332.3238
844.5  333.3486
845.0  329.1153
845.5  324.6375
846.0  325.0562
846.5  332.8918
847.0  346.7786
847.5  362.4694
848.0  375.2460
848.5  382.0346
849.0  382.1225
849.5  376.5889
850.0  367.2952
850.5  356.1886
851.0  345.1225
851.5  335.8865
852.0  330.0116
852.5  328.1893
853.0  329.6082
853.5  331.7972
854.0  331.3939
854.5  325.7006
855.0  314.3002
855.5  299.7523
856.0  286.6947
856.5  279.5638
857.0  280.2102
857.5  286.9998
858.0  295.9988
858.5  303.2803
859.0  306.7137
859.5  306.2948
860.0  303.2829
860.5  299.0874
861.0  294.6819
861.5  290.7025
862.0  287.8402
862.5  286.9834
863.0  288.8296
863.5  293.1727
864.0  298.4529
864.5  302.1240
865.0  301.9136
865.5  297.3867
866.0  290.7909
866.5  286.3402
867.0  288.0303
867.5  297.2887
868.0  312.1558
868.5  328.6043
869.0  342.9265
869.5  353.4511
870.0  360.6758
870.5  366.2035
871.0  371.5145
871.5  377.3470
872.0  383.7960
872.5  390.7255
873.0  397.9892
873.5  405.2259
874.0  411.4122
874.5  414.6411
875.0  412.5457
875.5  403.4094
876.0  387.4680
876.5  367.5361
877.0  348.1991
877.5  333.6473
878.0  325.4025
878.5  321.5977
879.0  318.4135
879.5  312.5729
880.0  303.1091
880.5  291.4652
881.0  280.3342
881.5  272.3182
882.0  269.2039
882.5  271.9478
883.0  280.9390
883.5  296.0472
884.0  316.2986
884.5  339.4627
885.0  362.0556
885.5  380.1071
886.0  390.5756
886.5  392.7871
887.0  388.9931
887.5  383.3708
888.0  379.6953
888.5  379.0541
889.0  379.2607
889.5  376.4268
890.0  367.4658
890.5  351.7410
891.0  331.0239
891.5  308.2773
892.0  286.3704
892.5  267.4857
893.0  253.2346
893.5  244.9668
894.0  243.7357
894.5  249.7873
895.0  261.9467
895.5  277.4902
896.0  292.8467
896.5  304.9503
897.0  312.6046
897.5  317.0460
898.0  321.1519
898.5  327.5182
899.0  336.5840
899.5  346.1927
900.0  352.9561
900.5  354.3492
901.0  350.0088
901.5  341.5403
902.0  331.3254
902.5  321.3524
903.0  312.7736
903.5  306.1996
904.0  302.2177
904.5  301.5755
905.0  304.8378
905.5  311.8159
906.0  321.2900
906.5  331.3474
907.0  340.2092
907.5  347.0685
908.0  352.3874
908.5  357.3366
909.0  362.6068
909.5  367.4183
910.0  369.6093
910.5  366.8900
911.0  358.3602
911.5  345.1718
912.0  329.9382
912.5  315.4192
913.0  303.3862
913.5  294.2713
914.0  287.5921
914.5  282.6731
915.0  279.1189
915.5  276.8064
916.0  275.5929
916.5  275.1662
917.0  275.2964
917.5  276.3483
918.0  279.5976
918.5  286.9002
919.0  299.6282
919.5  317.3847
920.0  337.4488
920.5  355.6174
921.0  368.1131
921.5  373.3557
922.0  372.4969
922.5  368.5464
923.0  364.8182
923.5  363.6594
924.0  366.0055
924.5  371.6753
925.0  379.8954
925.5  389.5609
926.0  399.1126
926.5  406.3633
927.0  408.7523
927.5  404.2190
928.0  392.3602
928.5  375.1857
929.0  356.8116
929.5  341.8947
930.0  333.4119
930.5  331.0970
931.0  331.6878
931.5  330.9146
932.0  325.8762
932.5  316.2904
933.0  304.1209
933.5  292.2226
934.0  283.0584
934.5  278.1508
935.0  278.2413
935.5  283.6342
936.0  294.1861
936.5  308.8279
937.0  325.0584
937.5  339.0734
938.0  346.8574
938.5  345.8968
939.0  336.6355
939.5  322.7190
940.0  309.5467
940.5  301.6473
941.0  300.3935
941.5  303.6104
942.0  307.3193
942.5  308.2576
943.0  305.4392
943.5  300.0462
944.0  294.2366
944.5  289.9649
945.0  288.5310
945.5  290.8318
946.0  297.7460
946.5  310.0469
947.0  327.6995
947.5  349.0154
948.0  370.4272
948.5  387.3131
949.0  395.6252
949.5  393.5382
950.0  382.2351
950.5  365.2837
951.0  346.8068
951.5  329.5021
952.0  313.8134
952.5  298.7099
953.0  283.2613
953.5  267.7079
954.0  253.3724
954.5  241.7832
955.0  233.8768
955.5  229.8889
956.0  229.9061
956.5  234.5220
957.0  244.9606
957.5  262.4294
958.0  287.0891
958.5  317.3861
959.0  350.2931
959.5  382.3733
960.0  411.0351
960.5  435.1945
961.0  454.8997
961.5  470.1690
962.0  479.9681
962.5  482.2712
963.0  475.2757
963.5  458.8244
964.0  434.9088
964.5  406.9042
965.0  378.1333
965.5  350.7167
966.0  325.3350
966.5  301.8704
967.0  280.3486
967.5  261.4708
968.0  246.3658
968.5  235.7958
969.0  229.5100
969.5  226.3783
970.0  225.3684
970.5  226.7316
971.0  232.4222
971.5  245.1104
972.0  266.1484
972.5  293.8899
973.0  323.7879
973.5  350.3804
974.0  369.7766
974.5  380.9831
975.0  385.4785
975.5  385.7072
976.0  383.6549
976.5  380.2955
977.0  375.9682
977.5  371.1343
978.0  366.7906
978.5  364.1110
979.0  363.5060
979.5  363.8221
980.0  362.4556
980.5  356.6241
981.0  345.2343
981.5  330.1811
982.0  315.9767
982.5  307.5599
983.0  307.5484
983.5  314.8543
984.0  325.6209
984.5  335.6048
985.0  342.1830
985.5  344.8402
986.0  344.3600
986.5  341.7314
987.0  337.6217
987.5  332.5819
988.0  327.5385
988.5  323.9275
989.0  323.1179
989.5  325.3643
990.0  329.0105
990.5  330.6787
991.0  326.6414
991.5  314.8206
992.0  296.2988
992.5  275.2607
993.0  257.1081
993.5  245.7882
994.0  242.1005
994.5  244.0431
995.0  248.6429
995.5  253.7229
996.0  258.5043
996.5  263.1231
997.0  267.8967
997.5  273.0646
998.0  279.1116
998.5  287.2149
999.0  299.2114
999.5  316.8128
1000.0  340.3885
