0.0  262.5689
0.5  240.7818
1.0  211.4996
1.5  181.8222
2.0  160.1207
2.5  152.5508
3.0  160.3272
3.5  179.3294
4.0  202.1929
4.5  221.5124
5.0  232.4172
5.5  233.6156
6.0  227.0687
6.5  216.9343
7.0  208.2875
7.5  205.8177
8.0  212.5794
8.5  228.9886
9.0  252.4149
9.5  277.6737
10.0  298.4472
10.5  309.3050
11.0  307.7197
11.5  295.3277
12.0  277.7051
12.5  262.3338
13.0  255.3497
13.5  258.6632
14.0  269.1371
14.5  280.2882
15.0  285.3674
15.5  280.0498
16.0  263.6545
16.5  238.9097
17.0  210.8727
17.5  185.5517
18.0  168.4822
18.5  163.3748
19.0  171.0542
19.5  189.0480
20.0  212.1250
20.5  233.7739
21.0  248.2502
21.5  252.5645
22.0  247.6943
22.5  238.3709
23.0  231.1876
23.5  231.5996
24.0  241.2603
24.5  257.2205
25.0  273.4354
25.5  283.5683
26.0  283.4872
26.5  272.4398
27.0  252.8833
27.5  229.5016
28.0  207.9136
28.5  193.3208
29.0  189.2205
29.5  196.4060
30.0  212.5954
30.5  232.9703
31.0  251.6131
31.5  263.4733
32.0  266.2331
32.5  261.3421
33.0  253.5986
33.5  249.1220
34.0  252.4226
34.5  264.0540
35.0  280.2386
35.5  294.6701
36.0  301.3378
36.5  296.8176
37.0  281.1700
37.5  257.5408
38.0  231.0358
38.5  207.3542
39.0  191.4171
39.5  186.1198
40.0  191.4400
40.5  204.2359
41.0  218.9882
41.5  229.4354
42.0  230.6953
42.5  221.1965
43.0  203.6392
43.5  184.3272
44.0  170.7614
44.5  168.3490
45.0  177.8990
45.5  195.3634
46.0  213.9291
46.5  227.1182
47.0  231.2247
47.5  226.2183
48.0  215.2653
48.5  203.4789
49.0  196.4223
49.5  198.6337
50.0  212.3453
50.5  236.6464
51.0  267.4056
51.5  298.1498
52.0  321.8041
52.5  332.8730
53.0  329.4104
53.5  314.0121
54.0  293.1639
54.5  274.8127
55.0  265.0078
55.5  265.3013
56.0  272.3905
56.5  280.1160
57.0  282.4866
57.5  276.0745
58.0  260.9313
58.5  240.1650
59.0  218.7656
59.5  202.1733
60.0  194.8481
60.5  199.0280
61.0  213.9290
61.5  235.6895
62.0  258.2191
62.5  274.8329
63.0  280.2747
63.5  272.5549
64.0  253.9405
64.5  230.4779
65.0  209.8360
65.5  198.1249
66.0  197.2325
66.5  204.2157
67.0  213.0765
67.5  217.7607
68.0  214.6918
68.5  203.8397
69.0  188.3497
69.5  173.3113
70.0  164.2211
70.5  165.4715
71.0  179.0903
71.5  203.9956
72.0  236.0385
72.5  268.9516
73.0  296.0389
73.5  312.1816
74.0  315.5797
74.5  308.5865
75.0  297.0747
75.5  288.2006
76.0  287.2819
76.5  295.3075
77.0  308.5168
77.5  320.2804
78.0  324.1043
78.5  316.1289
79.0  296.1834
79.5  267.4300
80.0  235.1567
80.5  205.2466
81.0  182.6561
81.5  170.1441
82.0  167.5251
82.5  171.7183
83.0  177.6903
83.5  180.1150
84.0  175.3165
84.5  162.9091
85.0  146.4811
85.5  132.7608
86.0  129.1833
86.5  140.6686
87.0  167.2162
87.5  203.7360
88.0  242.2241
88.5  274.9646
89.0  297.0762
89.5  307.5025
90.0  308.5555
90.5  304.6199
91.0  300.5744
91.5  300.2793
92.0  305.3849
92.5  314.7307
93.0  324.5658
93.5  329.6310
94.0  324.8775
94.5  307.3737
95.0  277.8205
95.5  241.0345
96.0  204.8776
96.5  177.6337
97.0  164.7491
97.5  166.5673
98.0  178.3763
98.5  192.7266
99.0  202.6422
99.5  204.1073
100.0  197.0038
100.5  184.6166
101.0  172.2566
101.5  165.5336
102.0  168.6691
102.5  183.2039
103.0  207.4405
103.5  236.8296
104.0  265.2378
104.5  286.7569
105.0  297.5637
105.5  297.2924
106.0  289.3812
106.5  279.9900
107.0  275.5740
107.5  280.0161
108.0  292.7893
108.5  309.2222
109.0  322.6805
109.5  327.3636
110.0  320.3397
110.5  302.2192
111.0  276.6536
111.5  249.1403
112.0  225.5172
112.5  210.4103
113.0  205.9324
113.5  211.0133
114.0  221.6668
114.5  232.2163
115.0  237.1579
115.5  233.1192
116.0  220.2907
116.5  202.7207
117.0  187.0433
117.5  179.7852
118.0  184.3108
118.5  199.0422
119.0  218.0655
119.5  233.7720
120.0  239.9893
120.5  234.0822
121.0  217.4516
121.5  194.7506
122.0  172.4182
122.5  156.9776
123.0  153.3724
123.5  163.6255
124.0  186.1863
124.5  216.2599
125.0  247.1298
125.5  272.1535
126.0  286.8845
126.5  290.6850
127.0  287.1683
127.5  282.9581
128.0  284.8613
128.5  296.5638
129.0  316.6331
129.5  339.0604
130.0  355.9773
130.5  360.8901
131.0  350.8300
131.5  326.8569
132.0  293.2956
132.5  256.3466
133.0  222.5028
133.5  196.9905
134.0  182.4553
134.5  178.2357
135.0  180.5560
135.5  183.7292
136.0  182.1089
136.5  172.2479
137.0  154.5668
137.5  133.7822
138.0  117.5279
138.5  113.2932
139.0  124.9199
139.5  150.5960
140.0  183.6238
140.5  215.4691
141.0  239.2400
141.5  251.8701
142.0  254.4629
142.5  251.2742
143.0  248.0772
143.5  250.4240
144.0  262.0733
144.5  283.8141
145.0  312.9812
145.5  343.9031
146.0  369.2919
146.5  382.2896
147.0  378.6707
147.5  358.5608
148.0  326.9361
148.5  292.2815
149.0  263.4557
149.5  245.9832
150.0  239.7845
150.5  239.7217
151.0  238.5292
151.5  230.2734
152.0  212.5953
152.5  187.1672
153.0  158.8009
153.5  133.8934
154.0  118.6754
154.5  117.5301
155.0  131.6801
155.5  158.6301
156.0  192.6547
156.5  226.2984
157.0  252.4960
157.5  266.7294
158.0  268.5913
158.5  262.1238
159.0  254.4488
159.5  252.8075
160.0  261.1691
160.5  278.2557
161.0  298.2162
161.5  313.4859
162.0  318.0622
162.5  309.5624
163.0  289.5694
163.5  262.7261
164.0  235.2554
164.5  213.3399
165.0  201.5767
165.5  201.7432
166.0  212.2124
166.5  228.3087
167.0  243.6186
167.5  251.9412
168.0  249.3537
168.5  235.8053
169.0  215.6116
169.5  196.3071
170.0  185.8257
170.5  189.0100
171.0  205.2885
171.5  228.9612
172.0  251.9003
172.5  266.9765
173.0  270.4416
173.5  262.5739
174.0  246.9488
174.5  229.0224
175.0  214.5127
175.5  207.8288
176.0  210.8012
176.5  222.0637
177.0  237.3822
177.5  250.9288
178.0  257.1467
178.5  252.6641
179.0  237.7083
179.5  216.5011
180.0  196.2064
180.5  184.4099
181.0  185.9725
181.5  200.8527
182.0  224.2229
182.5  248.7977
183.0  267.9277
183.5  277.8410
184.0  278.3331
184.5  272.1729
185.0  263.8410
185.5  258.0572
186.0  258.3463
186.5  265.8843
187.0  278.9590
187.5  293.3284
188.0  303.4831
188.5  304.4629
189.0  293.6651
189.5  272.0609
190.0  244.3110
190.5  217.4623
191.0  198.4033
191.5  191.0410
192.0  194.6689
192.5  204.5125
193.0  214.1100
193.5  218.1078
194.0  214.1084
194.5  203.0837
195.0  188.6729
195.5  175.9009
196.0  169.6955
196.5  173.4376
197.0  187.8314
197.5  210.4766
198.0  236.4171
198.5  259.6053
199.0  274.8366
199.5  279.5322
200.0  274.7754
200.5  265.1406
201.0  257.1158
201.5  256.4623
202.0  265.5951
202.5  282.3864
203.0  301.1230
203.5  315.0346
204.0  318.9467
204.5  310.8675
205.0  292.2139
205.5  267.0623
206.0  240.9217
206.5  219.3222
207.0  206.3957
207.5  203.7143
208.0  209.7822
208.5  220.4931
209.0  230.5150
209.5  235.1718
210.0  232.1881
210.5  222.6884
211.0  210.9975
211.5  203.0714
212.0  203.9492
212.5  215.3133
213.0  234.4949
213.5  255.5458
214.0  271.7312
214.5  278.0374
215.0  272.5974
215.5  256.8178
216.0  234.6133
216.5  211.2291
217.0  191.9191
217.5  180.6315
218.0  178.9351
218.5  185.5460
219.0  196.7391
219.5  207.6213
220.0  213.8874
220.5  213.4871
221.0  207.6313
221.5  200.6538
222.0  198.4953
222.5  206.1360
223.0  225.0781
223.5  252.2967
224.0  281.3620
224.5  305.0788
225.0  318.1475
225.5  318.6560
226.0  308.1565
226.5  290.7683
227.0  271.8520
227.5  256.5822
228.0  248.6055
228.5  249.0215
229.0  256.0205
229.5  265.4098
230.0  271.9590
230.5  271.1554
231.0  260.8166
231.5  242.0438
232.0  219.1163
232.5  198.1350
233.0  184.6917
233.5  181.5011
234.0  187.2602
234.5  197.4319
235.0  206.4700
235.5  210.1972
236.0  207.2306
236.5  199.1481
237.0  189.7220
237.5  183.6879
238.0  185.3697
238.5  197.3826
239.0  219.6927
239.5  249.3680
240.0  281.2262
240.5  309.2678
241.0  328.4614
241.5  336.3077
242.0  333.6543
242.5  324.3772
243.0  313.8337
243.5  306.5195
244.0  303.9732
244.5  304.0957
245.0  302.3109
245.5  293.8603
246.0  275.9447
246.5  248.7929
247.0  215.5291
247.5  181.2320
248.0  151.6192
248.5  131.6352
249.0  124.1660
249.5  129.1853
250.0  143.6801
250.5  162.5153
251.0  180.0379
251.5  191.9083
252.0  196.5602
252.5  195.7854
253.0  194.1280
253.5  197.0877
254.0  208.6799
254.5  229.4560
255.0  256.0854
255.5  282.7664
256.0  303.6307
256.5  314.8576
257.0  315.6728
257.5  308.1900
258.0  296.4991
258.5  285.4067
259.0  279.0823
259.5  279.8274
260.0  287.2840
260.5  298.4152
261.0  308.3919
261.5  312.1593
262.0  306.1795
262.5  289.7758
263.0  265.6124
263.5  239.0177
264.0  216.1807
264.5  201.7814
265.0  197.1235
265.5  199.7882
266.0  204.9902
266.5  207.8066
267.0  205.0843
267.5  196.3064
268.0  183.4128
268.5  169.9591
269.0  159.9716
269.5  156.7258
270.0  161.6651
270.5  173.7764
271.0  189.7261
271.5  204.8290
272.0  214.5675
272.5  216.1520
273.0  209.6176
273.5  198.0869
274.0  186.9876
274.5  182.2566
275.0  188.0423
275.5  204.9209
276.0  229.6283
276.5  256.5105
277.0  279.8641
277.5  295.9415
278.0  303.8598
278.5  305.3978
279.0  304.0798
279.5  303.9370
280.0  308.1952
280.5  318.1281
281.0  332.4056
281.5  347.2608
282.0  357.5486
282.5  358.3957
283.0  346.8929
283.5  323.2706
284.0  291.1469
284.5  256.6308
285.0  226.3747
285.5  205.1885
286.0  194.2894
286.5  191.1445
287.0  190.9851
287.5  189.0850
288.0  182.6186
288.5  171.4384
289.0  157.8268
289.5  145.6141
290.0  139.0007
290.5  141.2926
291.0  153.7779
291.5  175.0938
292.0  201.4136
292.5  227.5161
293.0  248.4177
293.5  261.0147
294.0  265.1877
294.5  263.9548
295.0  262.4453
295.5  265.8131
296.0  276.8172
296.5  294.2863
297.0  313.4374
297.5  327.9273
298.0  332.4585
298.5  324.6199
299.0  305.3799
299.5  278.4640
300.0  249.1502
300.5  222.8831
301.0  203.9189
301.5  194.2139
302.0  192.8796
302.5  196.4979
303.0  200.3196
303.5  199.9920
304.0  193.2467
304.5  180.9867
305.0  167.3432
305.5  158.4548
306.0  160.1224
306.5  175.1645
307.0  201.8240
307.5  234.2391
308.0  264.7791
308.5  286.9146
309.0  297.2090
309.5  295.8472
310.0  285.9764
310.5  272.4344
311.0  260.2964
311.5  253.4785
312.0  253.6363
312.5  259.6713
313.0  268.0957
313.5  274.2207
314.0  273.8070
314.5  264.6673
315.0  247.7483
315.5  227.2859
316.0  209.7059
316.5  201.2908
317.0  205.3873
317.5  220.6190
318.0  241.2944
318.5  259.8637
319.0  269.9866
319.5  268.6418
320.0  256.6335
320.5  237.8076
321.0  217.6269
321.5  201.5812
322.0  193.7040
322.5  195.4468
323.0  205.2321
323.5  218.9152
324.0  231.0799
324.5  236.7720
325.0  233.1525
325.5  220.6278
326.0  203.0977
326.5  186.9976
327.0  179.0720
327.5  183.5339
328.0  200.0185
328.5  223.6394
329.0  247.2089
329.5  264.3010
330.0  271.5329
330.5  269.2777
331.0  261.0131
331.5  251.9268
332.0  247.2953
332.5  250.9511
333.0  264.1273
333.5  285.0015
334.0  309.1457
334.5  330.7849
335.0  344.4711
335.5  346.6930
336.0  337.0312
336.5  318.5281
337.0  296.9215
337.5  278.6067
338.0  267.9016
338.5  265.0011
339.0  265.9535
339.5  264.7558
340.0  256.2640
340.5  238.3165
341.0  212.3142
341.5  182.4934
342.0  154.5249
342.5  133.9314
343.0  124.6166
343.5  127.7778
344.0  141.5269
344.5  161.4282
345.0  181.8384
345.5  197.6139
346.0  205.6663
346.5  205.9671
347.0  201.7076
347.5  198.3414
348.0  201.4599
348.5  214.1358
349.0  235.1165
349.5  259.1111
350.0  279.1418
350.5  289.5628
351.0  288.1343
351.5  276.4474
352.0  258.9989
352.5  241.5996
353.0  229.6571
353.5  226.6705
354.0  233.2352
354.5  246.8534
355.0  262.6942
355.5  275.1080
356.0  279.4175
356.5  273.4489
357.0  258.3930
357.5  238.7061
358.0  220.8477
358.5  210.9541
359.0  212.2307
359.5  223.4170
360.0  239.3511
360.5  253.3773
361.0  260.1882
361.5  257.6640
362.0  247.1795
362.5  232.7174
363.0  219.4036
363.5  211.9259
364.0  213.1404
364.5  223.1641
365.0  239.2550
365.5  256.6003
366.0  269.7856
366.5  274.4613
367.0  268.7114
367.5  253.7994
368.0  234.0693
368.5  215.8059
369.0  205.0834
369.5  205.2680
370.0  215.4607
370.5  230.9298
371.0  245.3726
371.5  253.6739
372.0  253.7340
372.5  246.7932
373.0  236.5646
373.5  227.7916
374.0  224.7171
374.5  229.7728
375.0  242.7666
375.5  260.8265
376.0  279.1865
376.5  292.5904
377.0  296.8555
377.5  290.1431
378.0  273.6446
378.5  251.4962
379.0  229.7391
379.5  214.3277
380.0  208.7646
380.5  212.5472
381.0  221.4500
381.5  229.5733
382.0  231.9677
382.5  226.4805
383.0  214.2196
383.5  198.8448
384.0  185.2227
384.5  177.9019
385.0  179.7409
385.5  191.0207
386.0  209.3391
386.5  230.3788
387.0  249.2933
387.5  262.2169
388.0  267.4318
388.5  265.9240
389.0  261.1927
389.5  258.1932
390.0  261.4720
390.5  273.0746
391.0  291.3274
391.5  311.3633
392.0  327.2023
392.5  334.1867
393.0  330.5306
393.5  317.5177
394.0  298.6595
394.5  278.3833
395.0  260.6766
395.5  247.9538
396.0  240.3792
396.5  235.8752
397.0  230.8873
397.5  221.6897
398.0  205.7935
398.5  183.0148
399.0  155.9205
399.5  129.4898
400.0  109.8737
400.5  102.3525
401.0  109.1435
401.5  128.2060
402.0  153.9158
402.5  179.3645
403.0  199.0151
403.5  210.4158
404.0  214.4684
404.5  214.5487
405.0  215.0570
405.5  219.8841
406.0  231.1379
406.5  248.4337
407.0  268.9730
407.5  288.4192
408.0  302.2767
408.5  307.3171
409.0  302.6491
409.5  290.1916
410.0  274.3794
410.5  260.9545
411.0  254.9519
411.5  258.5685
412.0  270.0685
412.5  284.5101
413.0  295.9640
413.5  299.9704
414.0  295.0375
414.5  282.7793
415.0  267.0129
415.5  252.3630
416.0  242.8152
416.5  240.5390
417.0  245.2651
417.5  254.4184
418.0  263.9798
418.5  269.7689
419.0  268.7149
419.5  259.7849
420.0  244.4139
420.5  226.3146
421.0  210.4866
421.5  201.4247
422.0  201.1048
422.5  207.8530
423.0  216.9475
423.5  222.7359
424.0  221.0830
424.5  210.9297
425.0  194.4779
425.5  176.2550
426.0  161.5975
426.5  155.0479
427.0  159.0610
427.5  173.3607
428.0  195.1409
428.5  220.0241
429.0  243.3973
429.5  261.6611
430.0  273.0905
430.5  278.2185
431.0  279.6810
431.5  281.3623
432.0  286.8001
432.5  297.3440
433.0  311.0878
433.5  323.3946
434.0  328.8450
434.5  323.5206
435.0  306.4912
435.5  280.0413
436.0  248.8497
436.5  218.5880
437.0  194.3633
437.5  179.3773
438.0  174.1701
438.5  176.7097
439.0  183.2997
439.5  189.9391
440.0  193.6302
440.5  193.2734
441.0  190.0184
441.5  187.0111
442.0  188.4149
442.5  197.7388
443.0  216.0249
443.5  240.9105
444.0  267.3008
444.5  289.3814
445.0  302.8498
445.5  306.2803
446.0  301.2366
446.5  291.4048
447.0  281.2325
447.5  274.4938
448.0  273.1209
448.5  276.6201
449.0  282.2830
449.5  286.1423
450.0  284.3235
450.5  274.3278
451.0  255.9014
451.5  231.3295
452.0  205.0461
452.5  182.4444
453.0  168.0187
453.5  163.5230
454.0  167.1898
454.5  174.6138
455.0  180.8521
455.5  182.5616
456.0  179.1679
456.5  172.8016
457.0  167.3201
457.5  166.8937
458.0  174.5655
458.5  191.1465
459.0  214.7933
459.5  241.4544
460.0  266.0472
460.5  283.9253
461.0  292.1457
461.5  290.2481
462.0  280.4584
462.5  267.2369
463.0  256.0413
463.5  251.4278
464.0  255.1963
464.5  265.6278
465.0  278.3777
465.5  288.5388
466.0  292.7133
466.5  290.1491
467.0  282.7130
467.5  274.0046
468.0  268.0332
468.5  267.8227
469.0  274.3080
469.5  285.8954
470.0  298.9046
470.5  308.7450
471.0  311.3486
471.5  304.3462
472.0  287.7235
472.5  263.9323
473.0  237.4301
473.5  213.5279
474.0  196.6274
474.5  188.4871
475.0  187.5012
475.5  189.5420
476.0  189.9254
476.5  185.4094
477.0  175.3301
477.5  161.6444
478.0  148.1410
478.5  139.1847
479.0  138.3164
479.5  147.0571
480.0  164.3274
480.5  186.7588
481.0  209.7948
481.5  229.1077
482.0  241.8010
482.5  247.1360
483.0  246.7698
483.5  244.4609
484.0  245.0420
484.5  252.6449
485.0  268.7944
485.5  291.4573
486.0  315.7412
486.5  335.8783
487.0  347.3604
487.5  348.2432
488.0  339.3402
488.5  323.5767
489.0  304.8906
489.5  286.9845
490.0  272.2185
490.5  260.9836
491.0  251.8133
491.5  242.1857
492.0  229.6366
492.5  212.7367
493.0  191.7050
493.5  168.6458
494.0  147.3471
494.5  132.4223
495.0  127.7533
495.5  134.7985
496.0  151.7674
496.5  174.2922
497.0  197.2325
497.5  216.5647
498.0  230.4659
498.5  239.3751
499.0  245.3208
499.5  250.9099
500.0  258.2818
500.5  268.2865
501.0  280.1406
501.5  291.7046
502.0  300.2498
502.5  303.3587
503.0  299.6308
503.5  289.1132
504.0  273.5297
504.5  256.2187
505.0  241.4465
505.5  232.9411
506.0  232.1786
506.5  237.4954
507.0  244.7511
507.5  249.2092
508.0  247.5342
508.5  238.9345
509.0  225.1762
509.5  209.7517
510.0  196.6312
510.5  188.9751
511.0  188.1614
511.5  193.4585
512.0  202.4728
512.5  212.1438
513.0  219.7929
513.5  223.8301
514.0  224.0678
514.5  221.8038
515.0  219.6728
515.5  220.9901
516.0  228.4436
516.5  242.6128
517.0  261.2629
517.5  280.0303
518.0  294.1694
518.5  300.3739
519.0  297.8252
519.5  288.2312
520.0  275.0853
520.5  262.4926
521.0  253.8899
521.5  251.0124
522.0  253.4722
522.5  259.1250
523.0  265.0217
523.5  268.4569
524.0  267.7094
524.5  262.4106
525.0  253.6865
525.5  244.0561
526.0  236.8100
526.5  234.7317
527.0  238.6389
527.5  246.6724
528.0  254.9197
528.5  259.0529
529.0  256.0344
529.5  245.0963
530.0  227.7937
530.5  207.3711
531.0  187.7624
531.5  172.4769
532.0  163.6389
532.5  161.4974
533.0  164.6073
533.5  170.5671
534.0  176.9090
534.5  181.7788
535.0  184.3452
535.5  185.0741
536.0  185.8246
536.5  189.4289
537.0  198.5390
537.5  214.1543
538.0  234.7658
538.5  256.7907
539.0  276.0657
539.5  289.4929
540.0  296.0141
540.5  296.6669
541.0  293.9475
541.5  290.8322
542.0  289.7574
542.5  291.8299
543.0  296.5253
543.5  301.9864
544.0  305.7545
544.5  305.5636
545.0  299.9136
545.5  288.4156
546.0  272.0209
546.5  253.0479
547.0  234.6869
547.5  219.8640
548.0  209.9546
548.5  204.2059
549.0  200.3363
549.5  195.9275
550.0  189.7342
550.5  182.2553
551.0  175.4754
551.5  172.0644
552.0  174.3884
552.5  183.6200
553.0  199.2158
553.5  218.9785
554.0  239.7215
554.5  258.2425
555.0  272.1520
555.5  280.2690
556.0  282.6581
556.5  280.5310
557.0  276.0324
557.5  271.6671
558.0  269.2876
558.5  269.0956
559.0  269.3965
559.5  267.4303
560.0  260.8273
560.5  248.8461
561.0  232.8157
561.5  215.7341
562.0  201.3195
562.5  192.8631
563.0  192.2040
563.5  199.1367
564.0  211.4975
564.5  225.9350
565.0  239.0241
565.5  248.2283
566.0  252.4054
566.5  251.9044
567.0  248.4339
567.5  244.6823
568.0  243.4974
568.5  246.6899
569.0  254.0435
569.5  263.2424
570.0  270.8839
570.5  273.9894
571.0  271.1864
571.5  263.0901
572.0  251.9210
572.5  240.6578
573.0  232.0280
573.5  227.6091
574.0  227.3240
574.5  229.5556
575.0  231.8603
575.5  231.9360
576.0  228.3840
576.5  221.0363
577.0  210.9685
577.5  200.3930
578.0  192.3571
578.5  189.9751
579.0  195.2121
579.5  207.8209
580.0  225.2079
580.5  243.4488
581.0  258.8725
581.5  269.3370
582.0  274.6734
582.5  276.3224
583.0  276.4831
583.5  277.1230
584.0  279.1431
584.5  281.9666
585.0  283.7365
585.5  282.0616
586.0  274.9542
586.5  261.5139
587.0  242.1619
587.5  218.5742
588.0  193.5366
588.5  170.6581
589.0  153.6565
589.5  145.1903
590.0  145.7849
590.5  153.6112
591.0  165.3724
591.5  177.7912
592.0  188.8705
592.5  198.3972
593.0  207.6554
593.5  218.6146
594.0  232.9298
594.5  251.0867
595.0  272.0136
595.5  293.3494
596.0  312.2543
596.5  326.3388
597.0  334.2553
597.5  335.8198
598.0  331.8881
598.5  324.2238
599.0  315.2617
599.5  307.4715
600.0  302.3396
600.5  299.5357
601.0  296.9425
601.5  291.6598
602.0  281.4036
602.5  265.5401
603.0  245.3518
603.5  223.5898
604.0  203.5808
604.5  188.1813
605.0  178.8753
605.5  175.3481
606.0  175.7609
606.5  177.6337
607.0  178.8894
607.5  178.5398
608.0  176.8144
608.5  174.9249
609.0  174.7256
609.5  178.2627
610.0  187.0455
610.5  201.1590
611.0  218.7607
611.5  236.4745
612.0  250.6041
612.5  258.5183
613.0  259.5250
613.5  254.9589
614.0  247.6136
614.5  240.7949
615.0  237.2670
615.5  238.3762
616.0  243.6700
616.5  251.2134
617.0  258.4840
617.5  263.3978
618.0  264.9953
618.5  263.6243
619.0  260.7803
619.5  258.7541
620.0  260.0044
620.5  266.1711
621.0  277.0559
621.5  290.2543
622.0  301.8662
622.5  307.9753
623.0  306.0892
623.5  295.8776
624.0  279.0720
624.5  258.7674
625.0  238.4389
625.5  220.9249
626.0  207.6295
626.5  198.2320
627.0  191.0715
627.5  184.0491
628.0  175.5825
628.5  165.1741
629.0  153.5095
629.5  142.3192
630.0  134.1502
630.5  131.8725
631.0  137.7252
631.5  152.1843
632.0  173.3972
632.5  197.7232
633.0  221.1475
633.5  240.7547
634.0  255.5495
634.5  266.4320
635.0  275.5544
635.5  285.3807
636.0  297.7057
636.5  312.8811
637.0  329.5233
637.5  344.8788
638.0  355.7226
638.5  359.3676
639.0  354.3586
639.5  340.7347
640.0  320.0257
640.5  295.0769
641.0  269.5152
641.5  246.6925
642.0  228.4418
642.5  214.4208
643.0  202.5763
643.5  190.4689
644.0  176.6368
644.5  161.3124
645.0  146.3442
645.5  134.5708
646.0  128.9504
646.5  131.6576
647.0  143.3522
647.5  162.8755
648.0  187.5547
648.5  214.0116
649.0  239.0738
649.5  260.4011
650.0  276.7567
650.5  288.1173
651.0  295.6723
651.5  301.4535
652.0  307.3855
652.5  314.1192
653.0  320.4556
653.5  323.8813
654.0  321.9024
654.5  313.3295
655.0  298.8413
655.5  280.7267
656.0  262.1039
656.5  245.9708
657.0  234.3449
657.5  227.6985
658.0  224.8906
658.5  223.6860
659.0  221.6698
659.5  217.1261
660.0  209.4987
660.5  199.3999
661.0  188.4136
661.5  178.8265
662.0  173.1152
662.5  173.0453
663.0  178.7159
663.5  188.2532
664.0  198.5339
664.5  206.5664
665.0  210.7244
665.5  211.2519
666.0  209.9871
666.5  209.5912
667.0  212.5990
667.5  220.5365
668.0  233.3348
668.5  249.2737
669.0  265.5378
669.5  279.1590
670.0  287.8930
670.5  290.6848
671.0  287.7568
671.5  280.5666
672.0  271.6640
672.5  264.1471
673.0  260.5505
673.5  261.6261
674.0  265.8782
674.5  270.2965
675.0  271.8555
675.5  268.8686
676.0  261.5536
676.5  251.7508
677.0  242.1053
677.5  235.0675
678.0  231.9928
678.5  232.6027
679.0  235.0446
679.5  236.6014
680.0  234.7569
680.5  228.0912
681.0  216.6123
681.5  201.5862
682.0  185.2241
682.5  170.4109
683.0  160.2494
683.5  157.1771
684.0  161.9280
684.5  173.0649
685.0  187.5550
685.5  202.1061
686.0  214.4778
686.5  224.1449
687.0  232.1821
687.5  240.6002
688.0  251.4377
688.5  265.8706
689.0  283.6035
689.5  302.7929
690.0  320.5908
690.5  334.0711
691.0  341.0717
691.5  340.5979
692.0  332.8328
692.5  319.0593
693.0  301.6075
693.5  283.5464
694.0  267.8357
694.5  256.1902
695.0  248.4012
695.5  242.6582
696.0  236.6724
696.5  228.8710
697.0  219.0362
697.5  208.2389
698.0  198.2863
698.5  190.9817
699.0  187.4420
699.5  187.6880
700.0  190.6934
700.5  194.9108
701.0  199.0116
701.5  202.3924
702.0  205.1722
702.5  207.8454
703.0  211.0180
703.5  215.4161
704.0  221.8857
704.5  231.0119
705.0  242.4738
705.5  254.7168
706.0  265.3802
706.5  272.2977
707.0  274.4465
707.5  272.3320
708.0  267.6999
708.5  262.7877
709.0  259.4212
709.5  258.2588
710.0  258.4695
710.5  258.0503
711.0  254.7366
711.5  247.1073
712.0  235.3054
712.5  221.0018
713.0  206.7355
713.5  195.1260
714.0  188.3247
714.5  187.6608
715.0  193.2792
715.5  203.8546
716.0  216.7505
716.5  228.8042
717.0  237.4384
717.5  241.5340
718.0  241.6873
718.5  239.8307
719.0  238.4262
719.5  239.5031
720.0  243.8272
720.5  250.5208
721.0  257.3739
721.5  261.8010
722.0  262.0067
722.5  257.7399
723.0  250.2593
723.5  241.6686
724.0  234.1370
724.5  229.3772
725.0  228.3383
725.5  230.9255
726.0  235.8248
726.5  240.7526
727.0  243.2515
727.5  241.7142
728.0  236.1144
728.5  228.1155
729.0  220.5631
729.5  216.5688
730.0  218.4576
730.5  226.8882
731.0  240.4854
731.5  256.2260
732.0  270.5072
732.5  280.4417
733.0  284.7585
733.5  283.9316
734.0  279.6499
734.5  274.0613
735.0  269.1264
735.5  266.0984
736.0  265.0718
736.5  264.7671
737.0  262.8545
737.5  256.8560
738.0  245.2418
738.5  228.1907
739.0  207.7108
739.5  187.1422
740.0  170.2461
740.5  160.1331
741.0  158.3367
741.5  164.3707
742.0  176.0220
742.5  190.3110
743.0  204.6630
743.5  217.6884
744.0  229.2384
744.5  239.9141
745.0  250.4996
745.5  261.6165
746.0  273.5147
746.5  285.8178
747.0  297.3194
747.5  306.1410
748.0  310.3693
748.5  308.8901
749.0  301.9607
749.5  291.2459
750.0  279.3339
750.5  268.9213
751.0  261.9113
751.5  258.7082
752.0  258.0220
752.5  257.3863
753.0  254.2728
753.5  247.2988
754.0  236.8793
754.5  224.9753
755.0  214.1595
755.5  206.5934
756.0  203.3887
756.5  204.3986
757.0  208.2701
757.5  212.7247
758.0  215.1658
758.5  213.5558
759.0  207.2336
759.5  197.2924
760.0  186.3539
760.5  177.8201
761.0  174.8159
761.5  179.0928
762.0  190.2399
762.5  205.5719
763.0  220.9034
763.5  232.0194
764.0  236.2381
764.5  233.3347
765.0  225.4289
765.5  216.0152
766.0  208.7091
766.5  206.2239
767.0  209.7635
767.5  218.8181
768.0  231.3925
768.5  244.7022
769.0  256.1712
769.5  264.3472
770.0  269.3708
770.5  272.8618
771.0  277.3011
771.5  285.0837
772.0  297.4751
772.5  313.8041
773.0  331.2781
773.5  345.6591
774.0  352.6407
774.5  349.3565
775.0  335.3264
775.5  312.4644
776.0  284.2858
776.5  254.7917
777.0  227.4563
777.5  204.5053
778.0  186.5609
778.5  172.7637
779.0  161.4128
779.5  150.9150
780.0  140.6390
780.5  131.3331
781.0  124.9978
781.5  124.2890
782.0  131.6114
782.5  148.1278
783.0  173.0239
783.5  203.4113
784.0  235.0505
784.5  263.6596
785.0  286.2083
785.5  301.5964
786.0  310.5189
786.5  314.7913
787.0  316.5764
787.5  317.7451
788.0  319.3613
788.5  321.3075
789.0  322.2527
789.5  320.1280
790.0  312.9838
790.5  299.8358
791.0  281.1431
791.5  258.7832
792.0  235.5777
792.5  214.5017
793.0  197.7678
793.5  186.0972
794.0  178.5475
794.5  173.0966
795.0  167.7724
795.5  161.7295
796.0  155.6683
796.5  151.4247
797.0  151.1033
797.5  156.3141
798.0  167.7745
798.5  185.1708
799.0  207.1247
799.5  231.3397
800.0  255.0670
800.5  275.8256
801.0  292.0708
801.5  303.5259
802.0  311.0771
802.5  316.2985
803.0  320.7307
803.5  325.0983
804.0  328.7587
804.5  329.7300
805.0  325.4591
805.5  314.0789
806.0  295.5188
806.5  271.8338
807.0  246.5755
807.5  223.6136
808.0  206.0369
808.5  195.4958
809.0  191.9616
809.5  193.7965
810.0  198.1779
810.5  201.9129
811.0  202.4423
811.5  198.6379
812.0  191.0991
812.5  181.8967
813.0  173.8886
813.5  169.7772
814.0  171.1321
814.5  177.7061
815.0  187.4094
815.5  197.1032
816.0  203.9370
816.5  206.5780
817.0  205.6919
817.5  203.4950
818.0  202.7534
818.5  205.8095
819.0  213.9569
819.5  227.1467
820.0  243.9601
820.5  261.9180
821.0  278.1781
821.5  290.4263
822.0  297.6005
822.5  300.1655
823.0  299.8827
823.5  299.1725
824.0  300.2317
824.5  304.1459
825.0  310.3368
825.5  316.6836
826.0  320.3979
826.5  319.2916
827.0  312.7593
827.5  301.9258
828.0  288.9475
828.5  276.0046
829.0  264.5868
829.5  255.2611
830.0  247.7096
830.5  240.8409
831.0  233.0426
831.5  222.6959
832.0  208.8495
832.5  191.7582
833.0  173.0373
833.5  155.3693
834.0  141.8312
834.5  134.9799
835.0  135.9422
835.5  143.8895
836.0  156.2736
836.5  169.8894
837.0  182.3161
837.5  192.9379
838.0  202.9266
838.5  214.2445
839.0  228.3830
839.5  245.6183
840.0  264.9988
840.5  284.7237
841.0  302.5382
841.5  316.1058
842.0  323.4846
842.5  323.6725
843.0  317.0033
843.5  305.1896
844.0  290.9623
844.5  277.3724
845.0  266.8839
845.5  260.4928
846.0  257.2454
846.5  254.5301
847.0  249.2235
847.5  239.2578
848.0  224.7918
848.5  208.2720
849.0  193.3152
849.5  183.0978
850.0  179.1816
850.5  181.2539
851.0  187.5856
851.5  195.7479
852.0  203.3095
852.5  208.4551
853.0  210.4663
853.5  209.9475
854.0  208.7107
854.5  209.3339
855.0  214.4520
855.5  225.8674
856.0  243.6803
856.5  265.8046
857.0  288.2776
857.5  306.4842
858.0  316.8753
858.5  318.3309
859.0  312.3880
859.5  302.2067
860.0  290.9399
860.5  280.4787
861.0  271.1182
861.5  261.9929
862.0  251.7914
862.5  239.3970
863.0  224.3496
863.5  207.1114
864.0  189.1084
864.5  172.5373
865.0  159.9655
865.5  153.7568
866.0  155.3734
866.5  164.7068
867.0  179.7545
867.5  196.9897
868.0  212.5062
868.5  223.5376
869.0  229.5703
869.5  232.3723
870.0  234.8748
870.5  239.5690
871.0  247.3413
871.5  257.2680
872.0  267.2337
872.5  274.8730
873.0  278.3969
873.5  277.0992
874.0  271.5048
874.5  263.2166
875.0  254.5494
875.5  248.0260
876.0  245.7610
876.5  248.7756
877.0  256.4199
877.5  266.2448
878.0  274.6397
878.5  278.2101
879.0  275.3477
879.5  267.1361
880.0  256.9664
880.5  248.9780
881.0  246.1802
881.5  249.2735
882.0  256.6472
882.5  265.2980
883.0  272.0550
883.5  274.5926
884.0  271.9850
884.5  264.7790
885.0  254.6913
885.5  244.0968
886.0  235.4322
886.5  230.5626
887.0  230.1416
887.5  233.1145
888.0  236.6779
888.5  236.9978
889.0  230.6600
889.5  216.3114
890.0  195.6215
890.5  172.9063
891.0  153.4960
891.5  141.6970
892.0  139.3964
892.5  145.8433
893.0  158.4110
893.5  173.7695
894.0  188.9575
894.5  202.0810
895.0  212.5691
895.5  221.0492
896.0  228.9716
896.5  238.0868
897.0  249.8228
897.5  264.6162
898.0  281.3784
898.5  297.4234
899.0  309.1320
899.5  313.2872
900.0  308.5397
900.5  296.2097
901.0  279.8910
901.5  264.0020
902.0  252.0719
902.5  245.6338
903.0  244.1132
903.5  245.4983
904.0  247.3174
904.5  247.5266
905.0  245.0919
905.5  240.1865
906.0  234.0409
906.5  228.5507
907.0  225.7451
907.5  227.1707
908.0  233.2500
908.5  242.8008
909.0  253.0396
909.5  260.3402
910.0  261.6586
910.5  256.0291
911.0  245.2706
911.5  233.3381
912.0  224.5492
912.5  221.6531
913.0  224.7919
913.5  231.7594
914.0  239.1664
914.5  243.7887
915.0  243.5531
915.5  237.9731
916.0  228.1017
916.5  216.1671
917.0  205.0410
917.5  197.6092
918.0  196.0607
918.5  201.1692
919.0  211.8045
919.5  225.0269
920.0  236.9939
920.5  244.4994
921.0  246.4800
921.5  244.6392
922.0  242.7036
922.5  244.6026
923.0  252.5389
923.5  265.9660
924.0  281.8744
924.5  296.0392
925.0  304.5161
925.5  304.7838
926.0  296.2701
926.5  280.3001
927.0  259.6628
927.5  237.9815
928.0  218.9679
928.5  205.5760
929.0  199.1473
929.5  198.8380
930.0  201.7401
930.5  203.9440
931.0  202.3028
931.5  196.1194
932.0  187.8037
932.5  181.9812
933.0  183.4136
933.5  194.8196
934.0  215.7066
934.5  242.6470
935.0  270.6181
935.5  294.6490
936.0  311.1291
936.5  318.4811
937.0  317.2194
937.5  309.5767
938.0  298.8763
938.5  288.7279
939.0  282.0773
939.5  280.2355
940.0  282.2157
940.5  284.8077
941.0  283.6302
941.5  274.9188
942.0  257.2972
942.5  232.6148
943.0  205.3226
943.5  180.6497
944.0  162.5304
944.5  152.3156
945.0  148.7476
945.5  148.9508
946.0  149.7959
946.5  149.0389
947.0  145.9292
947.5  141.2799
948.0  137.1639
948.5  136.3921
949.0  141.8295
949.5  155.5605
950.0  178.0196
950.5  207.4147
951.0  239.8661
951.5  270.4749
952.0  295.0398
952.5  311.6543
953.0  321.3142
953.5  327.1307
954.0  332.5532
954.5  339.6011
955.0  348.0241
955.5  355.6504
956.0  359.5062
956.5  357.0517
957.0  347.0511
957.5  329.9081
958.0  307.5408
958.5  282.9694
959.0  259.7492
959.5  241.2772
960.0  229.9697
960.5  226.4313
961.0  228.9521
961.5  233.7559
962.0  236.2061
962.5  232.6609
963.0  222.1598
963.5  207.0007
964.0  191.7478
964.5  181.0978
965.0  177.7440
965.5  181.3571
966.0  189.0521
966.5  196.8539
967.0  201.3012
967.5  200.5277
968.0  194.6081
968.5  185.3212
969.0  175.6064
969.5  168.9016
970.0  168.3946
970.5  176.1710
971.0  192.3803
971.5  214.7648
972.0  238.9758
972.5  259.8526
973.0  273.3180
973.5  278.0613
974.0  276.1004
974.5  271.8116
975.0  269.8649
975.5  273.1431
976.0  281.6773
976.5  292.9546
977.0  303.1985
977.5  308.8795
978.0  307.8393
978.5  299.7709
979.0  286.1194
979.5  269.6186
980.0  253.6319
980.5  241.3538
981.0  234.9029
981.5  234.4808
982.0  237.9627
982.5  241.3210
983.0  239.9983
983.5  230.8292
984.0  213.6517
984.5  191.7144
985.0  170.5181
985.5  155.6120
986.0  150.4818
986.5  155.5432
987.0  168.4982
987.5  185.5764
988.0  202.9391
988.5  217.7390
989.0  228.6561
989.5  235.9705
990.0  241.3006
990.5  247.0878
991.0  255.8367
991.5  269.1615
992.0  286.8666
992.5  306.4809
993.0  323.6535
993.5  333.4992
994.0  332.4672
994.5  319.8950
995.0  298.4188
995.5  272.9371
996.0  248.6295
996.5  229.0767
997.0  215.3753
997.5  206.4364
998.0  200.0052
998.5  193.7736
999.0  186.1869
999.5  176.8454
1000.0  166.5721
