0.0  0.442967  1.312091  1.755058
0.5  0.458840  1.296217  1.755056
1.0  0.458457  1.296530  1.754987
1.5  0.442179  1.313255  1.755435
2.0  0.417067  1.339017  1.756084
2.5  0.394601  1.362518  1.757120
3.0  0.386064  1.371407  1.757470
3.5  0.397541  1.359681  1.757222
4.0  0.427055  1.329620  1.756675
4.5  0.465301  1.290565  1.755866
5.0  0.499502  1.255865  1.755367
5.5  0.518307  1.236531  1.754838
6.0  0.515519  1.239674  1.755193
6.5  0.491519  1.263790  1.755310
7.0  0.452455  1.303564  1.756019
7.5  0.407982  1.348415  1.756397
8.0  0.368420  1.388546  1.756966
8.5  0.342002  1.415214  1.757216
9.0  0.332708  1.424530  1.757238
9.5  0.339160  1.417599  1.756759
10.0  0.354966  1.401190  1.756156
10.5  0.370689  1.384949  1.755637
11.0  0.377128  1.378331  1.755459
11.5  0.369002  1.386327  1.755329
12.0  0.347577  1.408202  1.755779
12.5  0.320828  1.435654  1.756482
13.0  0.300515  1.456852  1.757367
13.5  0.297134  1.460426  1.757561
14.0  0.315084  1.442412  1.757495
14.5  0.350590  1.406162  1.756752
15.0  0.393417  1.362777  1.756194
15.5  0.431272  1.324246  1.755518
16.0  0.454527  1.300771  1.755298
16.5  0.459236  1.296433  1.755669
17.0  0.447699  1.308761  1.756460
17.5  0.427003  1.329903  1.756906
18.0  0.406447  1.350677  1.757124
18.5  0.394700  1.362995  1.757696
19.0  0.397316  1.360458  1.757774
19.5  0.415039  1.342621  1.757660
20.0  0.443327  1.313600  1.756927
20.5  0.473362  1.282996  1.756358
21.0  0.494568  1.261166  1.755734
21.5  0.498138  1.256958  1.755096
22.0  0.480543  1.274897  1.755440
22.5  0.445597  1.311016  1.756613
23.0  0.403812  1.353405  1.757217
23.5  0.368759  1.388844  1.757603
24.0  0.351645  1.406375  1.758020
24.5  0.356594  1.401604  1.758197
25.0  0.379021  1.378478  1.757499
25.5  0.407845  1.348546  1.756391
26.0  0.430229  1.325475  1.755704
26.5  0.436455  1.319294  1.755748
27.0  0.422989  1.332848  1.755837
27.5  0.393072  1.363488  1.756560
28.0  0.355216  1.401911  1.757127
28.5  0.320450  1.437355  1.757805
29.0  0.299135  1.459358  1.758493
29.5  0.297999  1.460342  1.758341
30.0  0.318042  1.440009  1.758051
30.5  0.353908  1.403275  1.757182
31.0  0.395136  1.361608  1.756744
31.5  0.429241  1.326623  1.755865
32.0  0.445862  1.309813  1.755675
32.5  0.440641  1.315265  1.755906
33.0  0.417244  1.339707  1.756952
33.5  0.386337  1.371535  1.757872
34.0  0.361499  1.397179  1.758678
34.5  0.353640  1.405149  1.758790
35.0  0.366471  1.391975  1.758445
35.5  0.395237  1.362358  1.757595
36.0  0.429163  1.328126  1.757289
36.5  0.456109  1.300762  1.756871
37.0  0.467146  1.289382  1.756529
37.5  0.459318  1.297331  1.756649
38.0  0.436079  1.321311  1.757389
38.5  0.405843  1.352509  1.758352
39.0  0.379392  1.379632  1.759024
39.5  0.366824  1.392431  1.759256
40.0  0.374607  1.385011  1.759619
40.5  0.403383  1.355866  1.759249
41.0  0.447237  1.311219  1.758456
41.5  0.494999  1.262363  1.757362
42.0  0.533542  1.222962  1.756504
42.5  0.552172  1.204470  1.756642
43.0  0.546542  1.210644  1.757187
43.5  0.520382  1.236647  1.757030
44.0  0.484097  1.273456  1.757552
44.5  0.450583  1.308396  1.758979
45.0  0.430057  1.329565  1.759622
45.5  0.426235  1.333110  1.759345
46.0  0.435547  1.323141  1.758689
46.5  0.449428  1.308648  1.758076
47.0  0.458263  1.299572  1.757835
47.5  0.455091  1.302922  1.758013
48.0  0.437762  1.320175  1.757937
48.5  0.409211  1.348774  1.757985
49.0  0.376256  1.382613  1.758869
49.5  0.347535  1.411899  1.759435
50.0  0.331109  1.428292  1.759400
50.5  0.332101  1.427308  1.759409
51.0  0.350853  1.408227  1.759079
51.5  0.382196  1.376352  1.758548
52.0  0.416458  1.341354  1.757812
52.5  0.442335  1.314783  1.757118
53.0  0.450891  1.306147  1.757038
53.5  0.439153  1.317840  1.756993
54.0  0.411581  1.346488  1.758069
54.5  0.378443  1.380173  1.758616
55.0  0.351647  1.407427  1.759074
55.5  0.339906  1.419165  1.759071
56.0  0.345549  1.413364  1.758912
56.5  0.364310  1.393889  1.758199
57.0  0.387842  1.369808  1.757651
57.5  0.407415  1.350211  1.757626
58.0  0.417119  1.340263  1.757382
58.5  0.415515  1.341814  1.757330
59.0  0.405565  1.352596  1.758162
59.5  0.393272  1.365392  1.758665
60.0  0.385628  1.373268  1.758896
60.5  0.388377  1.370895  1.759272
61.0  0.404011  1.355607  1.759618
61.5  0.430459  1.329405  1.759864
62.0  0.460978  1.297962  1.758940
62.5  0.485692  1.272927  1.758619
63.0  0.494698  1.263698  1.758396
63.5  0.481870  1.277023  1.758893
64.0  0.447791  1.310891  1.758682
64.5  0.400208  1.359366  1.759575
65.0  0.351400  1.408739  1.760139
65.5  0.313442  1.447500  1.760942
66.0  0.293637  1.467288  1.760926
66.5  0.292314  1.468139  1.760453
67.0  0.303792  1.456109  1.759901
67.5  0.319621  1.440723  1.760344
68.0  0.332283  1.428054  1.760336
68.5  0.337819  1.422434  1.760253
69.0  0.336714  1.423786  1.760500
69.5  0.333214  1.428771  1.761985
70.0  0.333649  1.428989  1.762638
70.5  0.344353  1.418201  1.762554
71.0  0.369596  1.392596  1.762192
71.5  0.409882  1.352697  1.762580
72.0  0.460988  1.302383  1.763371
72.5  0.514240  1.249397  1.763637
73.0  0.558404  1.204178  1.762582
73.5  0.583024  1.178543  1.761567
74.0  0.582220  1.179719  1.761939
74.5  0.557301  1.205677  1.762978
75.0  0.516676  1.246693  1.763370
75.5  0.472734  1.290961  1.763695
76.0  0.436980  1.326962  1.763942
76.5  0.415813  1.348691  1.764504
77.0  0.408873  1.355585  1.764458
77.5  0.410394  1.353498  1.763892
78.0  0.412396  1.350270  1.762666
78.5  0.408053  1.353423  1.761476
79.0  0.393964  1.368977  1.762941
79.5  0.370907  1.392446  1.763353
80.0  0.343271  1.419261  1.762532
80.5  0.317628  1.445876  1.763504
81.0  0.300894  1.464522  1.765416
81.5  0.298398  1.466293  1.764691
82.0  0.312146  1.450697  1.762843
82.5  0.339704  1.424087  1.763790
83.0  0.374234  1.389756  1.763990
83.5  0.406187  1.355641  1.761828
84.0  0.426490  1.334935  1.761426
84.5  0.430223  1.332705  1.762928
85.0  0.419031  1.344782  1.763813
85.5  0.400797  1.363224  1.764021
86.0  0.386365  1.377135  1.763501
86.5  0.384852  1.379617  1.764469
87.0  0.399923  1.365162  1.765084
87.5  0.428767  1.333990  1.762757
88.0  0.463874  1.297797  1.761671
88.5  0.496310  1.266075  1.762385
89.0  0.518867  1.243642  1.762509
89.5  0.528018  1.232963  1.760981
90.0  0.524374  1.236767  1.761141
90.5  0.511914  1.250725  1.762639
91.0  0.496471  1.266842  1.763313
91.5  0.483945  1.278760  1.762705
92.0  0.478559  1.284027  1.762585
92.5  0.481443  1.281685  1.763128
93.0  0.489913  1.273037  1.762950
93.5  0.497854  1.263134  1.760988
94.0  0.497528  1.262865  1.760393
94.5  0.482547  1.278705  1.761252
95.0  0.450957  1.310822  1.761779
95.5  0.406903  1.354673  1.761577
96.0  0.359684  1.402495  1.762178
96.5  0.320309  1.442438  1.762747
97.0  0.297154  1.466280  1.763433
97.5  0.292884  1.470132  1.763016
98.0  0.304056  1.458228  1.762285
98.5  0.323206  1.438674  1.761880
99.0  0.342101  1.419741  1.761842
99.5  0.354653  1.407809  1.762462
100.0  0.358549  1.403424  1.761973
100.5  0.355430  1.406571  1.762000
101.0  0.349913  1.413350  1.763263
101.5  0.347949  1.416441  1.764390
102.0  0.354965  1.408736  1.763701
102.5  0.374120  1.388773  1.762893
103.0  0.404984  1.357811  1.762794
103.5  0.442978  1.319775  1.762753
104.0  0.480035  1.282011  1.762045
104.5  0.506699  1.254514  1.761213
105.0  0.515365  1.245082  1.760447
105.5  0.503488  1.258268  1.761756
106.0  0.475208  1.287972  1.763180
106.5  0.440185  1.322432  1.762617
107.0  0.409809  1.352641  1.762450
107.5  0.392503  1.371520  1.764023
108.0  0.390459  1.373871  1.764330
108.5  0.399318  1.363718  1.763036
109.0  0.410615  1.351000  1.761615
109.5  0.415482  1.346047  1.761529
110.0  0.407907  1.354420  1.762327
110.5  0.386508  1.376018  1.762526
111.0  0.354653  1.408684  1.763337
111.5  0.319273  1.445026  1.764299
112.0  0.288933  1.476520  1.765454
112.5  0.271617  1.493669  1.765287
113.0  0.272574  1.492909  1.765483
113.5  0.292585  1.472497  1.765081
114.0  0.327172  1.436947  1.764119
114.5  0.367339  1.395513  1.762852
115.0  0.402143  1.360864  1.763008
115.5  0.422560  1.340302  1.762863
116.0  0.425189  1.337394  1.762583
116.5  0.413917  1.349735  1.763652
117.0  0.398387  1.365896  1.764283
117.5  0.389700  1.374846  1.764546
118.0  0.395446  1.368970  1.764416
118.5  0.416563  1.348446  1.765008
119.0  0.447412  1.316703  1.764115
119.5  0.478603  1.284554  1.763158
120.0  0.500839  1.262832  1.763671
120.5  0.508038  1.255593  1.763631
121.0  0.498807  1.264362  1.763170
121.5  0.476258  1.286412  1.762670
122.0  0.446710  1.316554  1.763264
122.5  0.417910  1.344924  1.762834
123.0  0.397190  1.366160  1.763349
123.5  0.389743  1.374086  1.763830
124.0  0.397138  1.367329  1.764467
124.5  0.416401  1.347132  1.763533
125.0  0.440316  1.321427  1.761743
125.5  0.459437  1.301927  1.761364
126.0  0.465594  1.296724  1.762318
126.5  0.455533  1.308052  1.763585
127.0  0.432754  1.330702  1.763456
127.5  0.406243  1.357176  1.763419
128.0  0.386458  1.377805  1.764264
128.5  0.380629  1.383408  1.764037
129.0  0.389794  1.372929  1.762724
129.5  0.408921  1.353559  1.762480
130.0  0.429593  1.332973  1.762566
130.5  0.443619  1.319028  1.762646
131.0  0.445900  1.316731  1.762631
131.5  0.435689  1.328096  1.763785
132.0  0.416257  1.347591  1.763848
132.5  0.393534  1.370007  1.763541
133.0  0.374352  1.389816  1.764168
133.5  0.364777  1.399958  1.764735
134.0  0.368685  1.396097  1.764782
134.5  0.386629  1.376811  1.763439
135.0  0.415195  1.347316  1.762512
135.5  0.447323  1.315459  1.762782
136.0  0.474081  1.287644  1.761725
136.5  0.487765  1.272835  1.760600
137.0  0.485142  1.275652  1.760794
137.5  0.469067  1.292688  1.761755
138.0  0.447232  1.315378  1.762610
138.5  0.428464  1.333673  1.762138
139.0  0.418568  1.343735  1.762303
139.5  0.417964  1.344093  1.762057
140.0  0.422181  1.339283  1.761464
140.5  0.424534  1.335980  1.760514
141.0  0.419340  1.341093  1.760433
141.5  0.404211  1.356514  1.760725
142.0  0.380743  1.380218  1.760961
142.5  0.353761  1.407515  1.761276
143.0  0.329757  1.431758  1.761515
143.5  0.315139  1.446739  1.761878
144.0  0.314718  1.447109  1.761827
144.5  0.330533  1.431199  1.761731
145.0  0.361027  1.400750  1.761776
145.5  0.400759  1.360457  1.761216
146.0  0.441134  1.319808  1.760942
146.5  0.472526  1.287415  1.759941
147.0  0.487504  1.273168  1.760672
147.5  0.483838  1.277153  1.760991
148.0  0.465596  1.295919  1.761516
148.5  0.441387  1.320435  1.761823
149.0  0.420448  1.341630  1.762078
149.5  0.408623  1.353231  1.761854
150.0  0.406299  1.355064  1.761363
150.5  0.409099  1.352085  1.761184
151.0  0.410549  1.350885  1.761434
151.5  0.405167  1.356685  1.761852
152.0  0.390602  1.370624  1.761226
152.5  0.368260  1.392869  1.761130
153.0  0.342609  1.419387  1.761996
153.5  0.319715  1.443055  1.762770
154.0  0.305623  1.456970  1.762593
154.5  0.304909  1.457220  1.762128
155.0  0.319523  1.442470  1.761993
155.5  0.347963  1.414464  1.762427
156.0  0.385014  1.376956  1.761970
156.5  0.422515  1.338606  1.761122
157.0  0.451486  1.309102  1.760588
157.5  0.465224  1.295660  1.760884
158.0  0.462094  1.300004  1.762098
158.5  0.446416  1.315687  1.762102
159.0  0.426630  1.335177  1.761807
159.5  0.411451  1.351221  1.762672
160.0  0.405982  1.357217  1.763198
160.5  0.409767  1.352359  1.762125
161.0  0.417582  1.344296  1.761878
161.5  0.422215  1.339640  1.761855
162.0  0.417683  1.344738  1.762421
162.5  0.401472  1.361137  1.762608
163.0  0.375209  1.387421  1.762629
163.5  0.343927  1.418487  1.762414
164.0  0.314529  1.449631  1.764160
164.5  0.294035  1.470465  1.764500
165.0  0.287985  1.476338  1.764323
165.5  0.299117  1.464713  1.763830
166.0  0.326393  1.437861  1.764254
166.5  0.364691  1.399089  1.763780
167.0  0.405648  1.357578  1.763226
167.5  0.439936  1.321877  1.761813
168.0  0.460477  1.300487  1.760964
168.5  0.465220  1.296085  1.761305
169.0  0.457937  1.305437  1.763375
169.5  0.446357  1.318034  1.764391
170.0  0.438502  1.325460  1.763962
170.5  0.439160  1.324574  1.763734
171.0  0.448258  1.316113  1.764371
171.5  0.461700  1.302410  1.764110
172.0  0.473848  1.289774  1.763622
172.5  0.480176  1.283272  1.763448
173.0  0.478953  1.284788  1.763741
173.5  0.471521  1.292469  1.763990
174.0  0.461484  1.302688  1.764172
174.5  0.453387  1.311554  1.764942
175.0  0.451397  1.313272  1.764669
175.5  0.458234  1.306154  1.764388
176.0  0.474348  1.289917  1.764265
176.5  0.497354  1.267045  1.764399
177.0  0.521964  1.241780  1.763744
177.5  0.540895  1.222513  1.763407
178.0  0.546969  1.215876  1.762845
178.5  0.535908  1.226917  1.762825
179.0  0.508464  1.255183  1.763647
179.5  0.470546  1.294106  1.764652
180.0  0.430958  1.334252  1.765210
180.5  0.397817  1.367221  1.765038
181.0  0.375527  1.389748  1.765275
181.5  0.363739  1.401416  1.765155
182.0  0.358502  1.406917  1.765419
182.5  0.354639  1.410280  1.764919
183.0  0.348073  1.415916  1.763989
183.5  0.337179  1.428110  1.765288
184.0  0.322969  1.442536  1.765505
184.5  0.308424  1.455930  1.764354
185.0  0.297473  1.467177  1.764650
185.5  0.293983  1.472553  1.766536
186.0  0.300865  1.465530  1.766395
186.5  0.319219  1.445709  1.764928
187.0  0.347530  1.417884  1.765414
187.5  0.381278  1.384559  1.765837
188.0  0.413598  1.350049  1.763647
188.5  0.437300  1.325663  1.762964
189.0  0.447674  1.316782  1.764456
189.5  0.444644  1.319617  1.764260
190.0  0.432888  1.331251  1.764139
190.5  0.419668  1.345899  1.765566
191.0  0.411514  1.354302  1.765816
191.5  0.411573  1.352530  1.764103
192.0  0.418853  1.344729  1.763582
192.5  0.429407  1.335875  1.765282
193.0  0.438504  1.326748  1.765252
193.5  0.442601  1.321321  1.763922
194.0  0.440363  1.323073  1.763437
194.5  0.432622  1.331911  1.764533
195.0  0.421638  1.343818  1.765456
195.5  0.410208  1.354622  1.764831
196.0  0.400963  1.362863  1.763826
196.5  0.395923  1.368707  1.764629
197.0  0.396079  1.368743  1.764822
197.5  0.400855  1.363951  1.764806
198.0  0.407659  1.356808  1.764466
198.5  0.412170  1.352023  1.764194
199.0  0.409844  1.354102  1.763947
199.5  0.398226  1.365780  1.764006
200.0  0.378763  1.385618  1.764382
200.5  0.356763  1.408281  1.765044
201.0  0.339244  1.426360  1.765604
201.5  0.331845  1.434239  1.766085
202.0  0.336527  1.430032  1.766558
202.5  0.351170  1.414449  1.765620
203.0  0.370984  1.393813  1.764797
203.5  0.390700  1.375083  1.765783
204.0  0.406444  1.359516  1.765960
204.5  0.416604  1.348913  1.765518
205.0  0.421691  1.343774  1.765465
205.5  0.423557  1.343048  1.766605
206.0  0.424513  1.341793  1.766305
206.5  0.426653  1.339533  1.766186
207.0  0.431450  1.334834  1.766284
207.5  0.439414  1.326447  1.765861
208.0  0.449659  1.316630  1.766289
208.5  0.459554  1.307320  1.766873
209.0  0.465030  1.301977  1.767008
209.5  0.461980  1.304543  1.766522
210.0  0.448373  1.318783  1.767157
210.5  0.425874  1.341829  1.767704
211.0  0.399665  1.368785  1.768450
211.5  0.376289  1.392353  1.768642
212.0  0.360688  1.407019  1.767707
212.5  0.354153  1.412374  1.766528
213.0  0.354236  1.412971  1.767208
213.5  0.356396  1.411115  1.767511
214.0  0.356282  1.409472  1.765753
214.5  0.351501  1.413405  1.764905
215.0  0.342274  1.424114  1.766387
215.5  0.331048  1.436258  1.767306
216.0  0.321523  1.444649  1.766172
216.5  0.317591  1.447824  1.765415
217.0  0.322524  1.444460  1.766983
217.5  0.338417  1.429369  1.767786
218.0  0.365727  1.401246  1.766974
218.5  0.402799  1.362826  1.765625
219.0  0.445608  1.320049  1.765657
219.5  0.488297  1.278182  1.766479
220.0  0.524857  1.242314  1.767171
220.5  0.551443  1.214641  1.766084
221.0  0.567975  1.197701  1.765676
221.5  0.577770  1.188844  1.766615
222.0  0.585205  1.181820  1.767025
222.5  0.592833  1.173057  1.765890
223.0  0.599767  1.165937  1.765705
223.5  0.602182  1.163327  1.765509
224.0  0.595392  1.170795  1.766187
224.5  0.576172  1.190272  1.766444
225.0  0.544165  1.223183  1.767348
225.5  0.501982  1.265803  1.767785
226.0  0.454280  1.313158  1.767438
226.5  0.406444  1.361389  1.767834
227.0  0.363423  1.404883  1.768306
227.5  0.328991  1.439185  1.768176
228.0  0.305423  1.462129  1.767552
228.5  0.293333  1.474608  1.767941
229.0  0.291529  1.476909  1.768438
229.5  0.297007  1.471645  1.768651
230.0  0.305565  1.462359  1.767924
230.5  0.313303  1.454089  1.767392
231.0  0.318541  1.448644  1.767184
231.5  0.322892  1.444280  1.767172
232.0  0.330432  1.437116  1.767548
232.5  0.345125  1.423274  1.768399
233.0  0.368054  1.399759  1.767813
233.5  0.396243  1.370541  1.766784
234.0  0.423744  1.342613  1.766357
234.5  0.444175  1.322162  1.766337
235.0  0.453207  1.312609  1.765816
235.5  0.449865  1.316093  1.765959
236.0  0.436373  1.330253  1.766625
236.5  0.416994  1.349740  1.766734
237.0  0.396570  1.370992  1.767562
237.5  0.379317  1.388866  1.768183
238.0  0.368140  1.399424  1.767565
238.5  0.364389  1.402354  1.766744
239.0  0.367805  1.399396  1.767201
239.5  0.376457  1.391341  1.767798
240.0  0.386865  1.380558  1.767423
240.5  0.394736  1.371698  1.766434
241.0  0.396571  1.369658  1.766229
241.5  0.391545  1.374858  1.766403
242.0  0.382334  1.384888  1.767222
242.5  0.373948  1.393823  1.767772
243.0  0.370951  1.396804  1.767755
243.5  0.374813  1.391891  1.766704
244.0  0.383107  1.383574  1.766681
244.5  0.390948  1.376406  1.767354
245.0  0.393608  1.375052  1.768660
245.5  0.388755  1.378591  1.767345
246.0  0.377298  1.389392  1.766690
246.5  0.362798  1.404704  1.767502
247.0  0.350029  1.418859  1.768887
247.5  0.343463  1.425293  1.768755
248.0  0.346208  1.422348  1.768556
248.5  0.359571  1.408587  1.768158
249.0  0.383058  1.384744  1.767802
249.5  0.414475  1.353451  1.767927
250.0  0.449925  1.318173  1.768098
250.5  0.483987  1.283119  1.767105
251.0  0.510633  1.255190  1.765823
251.5  0.525094  1.240565  1.765659
252.0  0.525904  1.241230  1.767135
252.5  0.515693  1.251758  1.767452
253.0  0.499797  1.267814  1.767611
253.5  0.483334  1.283657  1.766990
254.0  0.468598  1.298297  1.766895
254.5  0.454421  1.312384  1.766805
255.0  0.437655  1.328473  1.766128
255.5  0.415591  1.350034  1.765626
256.0  0.387802  1.378031  1.765834
256.5  0.356605  1.410273  1.766878
257.0  0.326257  1.440352  1.766609
257.5  0.301535  1.465146  1.766681
258.0  0.286401  1.480742  1.767143
258.5  0.283204  1.484485  1.767689
259.0  0.292499  1.474294  1.766793
259.5  0.313260  1.453454  1.766714
260.0  0.343116  1.424224  1.767340
260.5  0.378417  1.388214  1.766632
261.0  0.414376  1.351388  1.765765
261.5  0.445834  1.319630  1.765464
262.0  0.468847  1.297067  1.765914
262.5  0.482394  1.283020  1.765413
263.0  0.488865  1.277009  1.765874
263.5  0.492575  1.274260  1.766835
264.0  0.496996  1.271358  1.768354
264.5  0.502536  1.265669  1.768205
265.0  0.506356  1.260408  1.766764
265.5  0.504203  1.262445  1.766648
266.0  0.492934  1.274490  1.767424
266.5  0.472238  1.294912  1.767150
267.0  0.444822  1.322453  1.767276
267.5  0.415324  1.352364  1.767688
268.0  0.388685  1.379800  1.768485
268.5  0.368750  1.398906  1.767656
269.0  0.357522  1.410559  1.768081
269.5  0.355168  1.412782  1.767951
270.0  0.360508  1.406904  1.767412
270.5  0.371564  1.395245  1.766809
271.0  0.385854  1.381940  1.767794
271.5  0.400532  1.366737  1.767270
272.0  0.412842  1.354135  1.766977
272.5  0.421135  1.347324  1.768459
273.0  0.425924  1.342372  1.768296
273.5  0.429881  1.337610  1.767491
274.0  0.436269  1.331599  1.767868
274.5  0.446611  1.321473  1.768085
275.0  0.459297  1.308276  1.767573
275.5  0.470196  1.297452  1.767648
276.0  0.474889  1.292758  1.767646
276.5  0.471027  1.296117  1.767144
277.0  0.459487  1.307929  1.767415
277.5  0.443926  1.324180  1.768106
278.0  0.429232  1.339914  1.769146
278.5  0.419701  1.349030  1.768731
279.0  0.417661  1.350700  1.768361
279.5  0.422924  1.345647  1.768571
280.0  0.433095  1.336390  1.769485
280.5  0.444459  1.324536  1.768995
281.0  0.452987  1.315008  1.767995
281.5  0.455095  1.313473  1.768569
282.0  0.448158  1.320861  1.769018
282.5  0.431113  1.338046  1.769159
283.0  0.405278  1.363691  1.768970
283.5  0.374827  1.396827  1.771654
284.0  0.345998  1.426813  1.772811
284.5  0.324809  1.446853  1.771662
285.0  0.314352  1.456061  1.770413
285.5  0.313431  1.457994  1.771425
286.0  0.317477  1.454690  1.772167
286.5  0.321119  1.449927  1.771046
287.0  0.320810  1.449648  1.770458
287.5  0.316174  1.454755  1.770930
288.0  0.309741  1.462390  1.772131
288.5  0.305551  1.467055  1.772606
289.0  0.307447  1.465149  1.772597
289.5  0.317706  1.454164  1.771870
290.0  0.336377  1.434803  1.771180
290.5  0.361416  1.409197  1.770614
291.0  0.389404  1.381910  1.771315
291.5  0.416448  1.353979  1.770427
292.0  0.438908  1.330721  1.769628
292.5  0.453897  1.315922  1.769819
293.0  0.459831  1.310281  1.770113
293.5  0.457125  1.312522  1.769647
294.0  0.448560  1.320886  1.769446
294.5  0.438555  1.331291  1.769846
295.0  0.431195  1.340667  1.771862
295.5  0.428070  1.342077  1.770147
296.0  0.427405  1.342349  1.769754
296.5  0.425165  1.345964  1.771129
297.0  0.417402  1.353882  1.771284
297.5  0.402419  1.367437  1.769855
298.0  0.381662  1.388727  1.770389
298.5  0.359170  1.411783  1.770953
299.0  0.340081  1.431352  1.771432
299.5  0.328941  1.442270  1.771211
300.0  0.328389  1.442169  1.770557
300.5  0.338550  1.432909  1.771459
301.0  0.357242  1.415051  1.772294
301.5  0.380785  1.389997  1.770783
302.0  0.405030  1.365320  1.770350
302.5  0.426219  1.344246  1.770465
303.0  0.441603  1.329834  1.771437
303.5  0.450020  1.320675  1.770696
304.0  0.452459  1.319063  1.771523
304.5  0.452132  1.319699  1.771831
305.0  0.453425  1.317422  1.770847
305.5  0.459829  1.311239  1.771068
306.0  0.471985  1.299776  1.771761
306.5  0.487175  1.284858  1.772033
307.0  0.500658  1.269851  1.770510
307.5  0.507979  1.262644  1.770623
308.0  0.506859  1.264822  1.771681
308.5  0.497833  1.274710  1.772543
309.0  0.483608  1.287313  1.770920
309.5  0.467750  1.303534  1.771284
310.0  0.453340  1.319622  1.772962
310.5  0.442057  1.330564  1.772621
311.0  0.433878  1.336890  1.770768
311.5  0.427391  1.343854  1.771245
312.0  0.420510  1.351821  1.772331
312.5  0.411270  1.360765  1.772035
313.0  0.398395  1.373223  1.771618
313.5  0.381665  1.390150  1.771815
314.0  0.362257  1.410222  1.772479
314.5  0.343079  1.428813  1.771892
315.0  0.328596  1.442486  1.771082
315.5  0.323614  1.448098  1.771713
316.0  0.331217  1.441352  1.772569
316.5  0.350990  1.420830  1.771820
317.0  0.378770  1.392595  1.771365
317.5  0.408184  1.363391  1.771576
318.0  0.433091  1.338597  1.771687
318.5  0.449589  1.321111  1.770699
319.0  0.456805  1.314493  1.771298
319.5  0.456448  1.316788  1.773236
320.0  0.451638  1.322422  1.774060
320.5  0.445615  1.327138  1.772753
321.0  0.440721  1.332413  1.773134
321.5  0.437878  1.334906  1.772784
322.0  0.436600  1.336270  1.772870
322.5  0.435448  1.336499  1.771946
323.0  0.432650  1.339535  1.772185
323.5  0.426671  1.345705  1.772376
324.0  0.416709  1.355492  1.772201
324.5  0.403246  1.369186  1.772433
325.0  0.388516  1.384296  1.772812
325.5  0.376345  1.396278  1.772623
326.0  0.370896  1.402345  1.773242
326.5  0.374661  1.399436  1.774097
327.0  0.386897  1.386619  1.773515
327.5  0.403642  1.369040  1.772682
328.0  0.419391  1.353632  1.773024
328.5  0.429409  1.343737  1.773145
329.0  0.431431  1.340728  1.772158
329.5  0.426080  1.345515  1.771594
330.0  0.416138  1.357217  1.773355
330.5  0.405240  1.367783  1.773024
331.0  0.396576  1.376138  1.772714
331.5  0.391965  1.380643  1.772608
332.0  0.391507  1.382893  1.774400
332.5  0.393849  1.380088  1.773938
333.0  0.396930  1.375064  1.771994
333.5  0.398847  1.373859  1.772707
334.0  0.398454  1.375549  1.774003
334.5  0.395557  1.378610  1.774168
335.0  0.390936  1.381266  1.772201
335.5  0.386319  1.385625  1.771944
336.0  0.384099  1.389567  1.773666
336.5  0.386431  1.388791  1.775223
337.0  0.393923  1.379844  1.773767
337.5  0.404757  1.368061  1.772818
338.0  0.415057  1.359048  1.774105
338.5  0.420435  1.352472  1.772907
339.0  0.417868  1.353758  1.771626
339.5  0.406886  1.365779  1.772665
340.0  0.389617  1.385269  1.774885
340.5  0.369884  1.403981  1.773865
341.0  0.351861  1.421838  1.773699
341.5  0.338802  1.435633  1.774435
342.0  0.332189  1.441813  1.774002
342.5  0.331501  1.442990  1.774491
343.0  0.334667  1.439865  1.774532
343.5  0.339051  1.434079  1.773129
344.0  0.342555  1.430766  1.773320
344.5  0.344400  1.429907  1.774307
345.0  0.345375  1.428557  1.773932
345.5  0.347634  1.426017  1.773651
346.0  0.354124  1.421106  1.775230
346.5  0.367565  1.408969  1.776534
347.0  0.389027  1.385445  1.774472
347.5  0.416722  1.357086  1.773808
348.0  0.445917  1.326731  1.772648
348.5  0.470361  1.301288  1.771649
349.0  0.484608  1.287960  1.772568
349.5  0.486057  1.287921  1.773978
350.0  0.475757  1.297204  1.772960
350.5  0.457843  1.315044  1.772887
351.0  0.438067  1.336800  1.774867
351.5  0.422065  1.353893  1.775959
352.0  0.413895  1.360879  1.774774
352.5  0.415127  1.359681  1.774808
353.0  0.424674  1.350544  1.775218
353.5  0.439361  1.335752  1.775113
354.0  0.455079  1.319123  1.774202
354.5  0.468089  1.305523  1.773612
355.0  0.476081  1.298565  1.774646
355.5  0.478749  1.297513  1.776262
356.0  0.477849  1.298704  1.776553
356.5  0.476642  1.299036  1.775677
357.0  0.478594  1.296927  1.775520
357.5  0.485575  1.289472  1.775047
358.0  0.496474  1.277247  1.773721
358.5  0.507197  1.266845  1.774042
359.0  0.512289  1.261174  1.773463
359.5  0.507316  1.266069  1.773384
360.0  0.490728  1.282200  1.772928
360.5  0.464434  1.310117  1.774551
361.0  0.433046  1.342339  1.775385
361.5  0.402374  1.372840  1.775215
362.0  0.377776  1.396604  1.774380
362.5  0.362812  1.411826  1.774638
363.0  0.358456  1.416623  1.775078
363.5  0.362987  1.411360  1.774347
364.0  0.372614  1.400921  1.773535
364.5  0.382687  1.390954  1.773641
365.0  0.389127  1.385082  1.774209
365.5  0.389635  1.384569  1.774204
366.0  0.384354  1.388933  1.773287
366.5  0.375856  1.397692  1.773548
367.0  0.368299  1.406086  1.774385
367.5  0.365781  1.408584  1.774364
368.0  0.370336  1.403886  1.774222
368.5  0.380619  1.393858  1.774476
369.0  0.392193  1.382066  1.774259
369.5  0.399445  1.374422  1.773867
370.0  0.398088  1.375039  1.773127
370.5  0.386958  1.386704  1.773661
371.0  0.368368  1.406934  1.775302
371.5  0.347154  1.427862  1.775016
372.0  0.329009  1.445856  1.774865
372.5  0.318802  1.456147  1.774949
373.0  0.319300  1.456657  1.775957
373.5  0.330559  1.444382  1.774942
374.0  0.350061  1.423800  1.773861
374.5  0.373559  1.400379  1.773938
375.0  0.396393  1.377984  1.774377
375.5  0.414828  1.359194  1.774022
376.0  0.427044  1.346794  1.773838
376.5  0.433568  1.341770  1.775337
377.0  0.437095  1.337696  1.774791
377.5  0.441572  1.333482  1.775054
378.0  0.450527  1.326183  1.776710
378.5  0.465174  1.311960  1.777134
379.0  0.483385  1.293291  1.776676
379.5  0.500323  1.276100  1.776423
380.0  0.510535  1.265665  1.776200
380.5  0.510312  1.266294  1.776607
381.0  0.499108  1.277728  1.776836
381.5  0.479527  1.296282  1.775809
382.0  0.456190  1.320243  1.776433
382.5  0.434136  1.342923  1.777059
383.0  0.417349  1.360023  1.777373
383.5  0.407710  1.369220  1.776930
384.0  0.404537  1.372347  1.776884
384.5  0.404814  1.372384  1.777198
385.0  0.404116  1.373289  1.777405
385.5  0.398059  1.378811  1.776870
386.0  0.383826  1.392881  1.776707
386.5  0.361269  1.416669  1.777937
387.0  0.333237  1.445687  1.778923
387.5  0.305002  1.471336  1.776338
388.0  0.282770  1.493672  1.776443
388.5  0.271551  1.506292  1.777843
389.0  0.273155  1.504249  1.777404
389.5  0.285421  1.491179  1.776600
390.0  0.303262  1.472755  1.776017
390.5  0.321020  1.454621  1.775641
391.0  0.334835  1.440265  1.775099
391.5  0.343887  1.431737  1.775624
392.0  0.350192  1.425788  1.775980
392.5  0.357347  1.418163  1.775509
393.0  0.368951  1.406695  1.775646
393.5  0.387253  1.389075  1.776327
394.0  0.412317  1.364947  1.777264
394.5  0.441838  1.334494  1.776332
395.0  0.471633  1.304446  1.776079
395.5  0.496736  1.280038  1.776774
396.0  0.512816  1.263726  1.776542
396.5  0.517443  1.259493  1.776936
397.0  0.510789  1.266183  1.776972
397.5  0.495650  1.279969  1.775619
398.0  0.476800  1.300390  1.777190
398.5  0.459685  1.319412  1.779097
399.0  0.448587  1.329883  1.778470
399.5  0.444893  1.331944  1.776836
400.0  0.446472  1.330683  1.777155
400.5  0.448758  1.329415  1.778173
401.0  0.447025  1.330359  1.777384
401.5  0.438611  1.337347  1.775958
402.0  0.424011  1.352635  1.776646
402.5  0.406522  1.371715  1.778237
403.0  0.390891  1.388240  1.779131
403.5  0.381636  1.396552  1.778188
404.0  0.381582  1.396520  1.778102
404.5  0.390960  1.389136  1.780097
405.0  0.407242  1.372096  1.779338
405.5  0.425825  1.353240  1.779065
406.0  0.441460  1.338921  1.780380
406.5  0.449994  1.330502  1.780497
407.0  0.449752  1.328811  1.778563
407.5  0.442004  1.337663  1.779667
408.0  0.430481  1.350772  1.781253
408.5  0.420203  1.360554  1.780758
409.0  0.415925  1.364206  1.780130
409.5  0.420484  1.360185  1.780669
410.0  0.433581  1.347553  1.781134
410.5  0.451689  1.328389  1.780078
411.0  0.469387  1.310586  1.779973
411.5  0.481526  1.299137  1.780662
412.0  0.485141  1.294819  1.779960
412.5  0.480245  1.299145  1.779390
413.0  0.469361  1.310132  1.779493
413.5  0.456265  1.324312  1.780577
414.0  0.444536  1.336147  1.780683
414.5  0.436390  1.342413  1.778803
415.0  0.432018  1.348585  1.780604
415.5  0.429524  1.350793  1.780316
416.0  0.425514  1.352399  1.777914
416.5  0.416286  1.361882  1.778168
417.0  0.399278  1.380057  1.779334
417.5  0.374268  1.404758  1.779026
418.0  0.343808  1.434918  1.778726
418.5  0.312726  1.467765  1.780492
419.0  0.286879  1.494548  1.781426
419.5  0.271467  1.508559  1.780026
420.0  0.269336  1.512312  1.781647
420.5  0.279869  1.502292  1.782161
421.0  0.299099  1.480733  1.779832
421.5  0.321185  1.458641  1.779826
422.0  0.340634  1.440039  1.780673
422.5  0.354201  1.426065  1.780266
423.0  0.361685  1.418044  1.779729
423.5  0.365488  1.415221  1.780710
424.0  0.369369  1.411393  1.780762
424.5  0.376950  1.402557  1.779506
425.0  0.390432  1.390607  1.781039
425.5  0.409757  1.370953  1.780711
426.0  0.432387  1.347232  1.779619
426.5  0.453832  1.324778  1.778610
427.0  0.468946  1.311164  1.780110
427.5  0.473686  1.306640  1.780326
428.0  0.466688  1.311775  1.778463
428.5  0.450004  1.330684  1.780688
429.0  0.428662  1.353653  1.782315
429.5  0.409182  1.371337  1.780519
430.0  0.397489  1.383258  1.780747
430.5  0.396887  1.385783  1.782671
431.0  0.406846  1.376766  1.783612
431.5  0.423219  1.357808  1.781027
432.0  0.439883  1.340705  1.780588
432.5  0.451076  1.331264  1.782340
433.0  0.453326  1.327305  1.780630
433.5  0.446260  1.332379  1.778639
434.0  0.432220  1.347882  1.780102
434.5  0.415129  1.365814  1.780943
435.0  0.399159  1.381267  1.780426
435.5  0.387608  1.391881  1.779489
436.0  0.382132  1.397999  1.780131
436.5  0.382412  1.397100  1.779512
437.0  0.386337  1.393387  1.779724
437.5  0.390737  1.389089  1.779827
438.0  0.392542  1.386313  1.778855
438.5  0.389976  1.388405  1.778381
439.0  0.383365  1.395872  1.779237
439.5  0.375185  1.404799  1.779984
440.0  0.369294  1.409154  1.778448
440.5  0.369490  1.409067  1.778557
441.0  0.377876  1.402136  1.780012
441.5  0.393777  1.385738  1.779514
442.0  0.413813  1.363592  1.777405
442.5  0.433184  1.346677  1.779861
443.0  0.447508  1.332793  1.780301
443.5  0.454305  1.324930  1.779235
444.0  0.453536  1.323692  1.777228
444.5  0.447185  1.330467  1.777652
445.0  0.438267  1.340333  1.778599
445.5  0.429761  1.348084  1.777845
446.0  0.423776  1.353416  1.777192
446.5  0.421094  1.356831  1.777926
447.0  0.421127  1.357439  1.778567
447.5  0.422282  1.356175  1.778457
448.0  0.422667  1.354305  1.776972
448.5  0.420921  1.356412  1.777333
449.0  0.416870  1.362218  1.779088
449.5  0.411773  1.366716  1.778490
450.0  0.408061  1.369300  1.777361
450.5  0.408581  1.369846  1.778427
451.0  0.415455  1.364792  1.780247
451.5  0.428886  1.350079  1.778965
452.0  0.446547  1.332023  1.778571
452.5  0.464062  1.315142  1.779205
453.0  0.476536  1.302202  1.778739
453.5  0.480399  1.298020  1.778418
454.0  0.474662  1.304812  1.779474
454.5  0.461096  1.315515  1.776611
455.0  0.443410  1.333990  1.777400
455.5  0.425954  1.351281  1.777235
456.0  0.412450  1.364558  1.777007
456.5  0.405094  1.371993  1.777087
457.0  0.404154  1.373268  1.777422
457.5  0.408071  1.369008  1.777079
458.0  0.414035  1.361853  1.775888
458.5  0.418946  1.356566  1.775512
459.0  0.420478  1.355550  1.776028
459.5  0.417869  1.358173  1.776041
460.0  0.412123  1.364309  1.776432
460.5  0.405552  1.370402  1.775955
461.0  0.400804  1.376261  1.777065
461.5  0.399673  1.377164  1.776837
462.0  0.402155  1.375257  1.777413
462.5  0.406255  1.371076  1.777332
463.0  0.408794  1.368517  1.777311
463.5  0.406887  1.369870  1.776757
464.0  0.399336  1.377847  1.777182
464.5  0.387226  1.390341  1.777567
465.0  0.373530  1.404279  1.777808
465.5  0.362010  1.415527  1.777537
466.0  0.355971  1.422371  1.778342
466.5  0.357303  1.421455  1.778758
467.0  0.366025  1.411859  1.777883
467.5  0.380324  1.396855  1.777178
468.0  0.396984  1.380799  1.777783
468.5  0.412138  1.364312  1.776450
469.0  0.422226  1.352587  1.774813
469.5  0.424978  1.352229  1.777207
470.0  0.420105  1.357293  1.777398
470.5  0.409424  1.366081  1.775505
471.0  0.396291  1.380352  1.776643
471.5  0.384431  1.392716  1.777147
472.0  0.376487  1.400356  1.776843
472.5  0.372892  1.402463  1.775355
473.0  0.371698  1.404594  1.776293
473.5  0.369577  1.408270  1.777848
474.0  0.363542  1.412703  1.776245
474.5  0.352470  1.423049  1.775519
475.0  0.337692  1.438746  1.776438
475.5  0.322494  1.454139  1.776633
476.0  0.310936  1.467085  1.778021
476.5  0.306576  1.471573  1.778149
477.0  0.311565  1.466848  1.778413
477.5  0.326246  1.451646  1.777892
478.0  0.349186  1.428949  1.778136
478.5  0.377498  1.400891  1.778389
479.0  0.407402  1.370115  1.777517
479.5  0.435023  1.342420  1.777443
480.0  0.457315  1.321630  1.778945
480.5  0.472834  1.306064  1.778899
481.0  0.482016  1.297450  1.779466
481.5  0.486761  1.292521  1.779282
482.0  0.489396  1.291212  1.780608
482.5  0.491423  1.289512  1.780935
483.0  0.492653  1.289296  1.781949
483.5  0.491323  1.290109  1.781433
484.0  0.485195  1.297628  1.782823
484.5  0.473050  1.310429  1.783479
485.0  0.455688  1.327659  1.783347
485.5  0.435908  1.346884  1.782792
486.0  0.417565  1.367988  1.785553
486.5  0.404279  1.381701  1.785980
487.0  0.398384  1.386721  1.785105
487.5  0.400445  1.385758  1.786204
488.0  0.409314  1.377249  1.786564
488.5  0.422465  1.363121  1.785586
489.0  0.436448  1.348540  1.784987
489.5  0.447486  1.338385  1.785871
490.0  0.452327  1.332422  1.784749
490.5  0.449260  1.335503  1.784763
491.0  0.438890  1.347555  1.786445
491.5  0.424182  1.363542  1.787724
492.0  0.409563  1.378800  1.788363
492.5  0.399343  1.387706  1.787049
493.0  0.396065  1.390019  1.786084
493.5  0.399574  1.386897  1.786471
494.0  0.407286  1.379738  1.787024
494.5  0.415561  1.370870  1.786431
495.0  0.421419  1.363976  1.785394
495.5  0.423724  1.362663  1.786387
496.0  0.423335  1.362164  1.785499
496.5  0.422371  1.363134  1.785506
497.0  0.423138  1.362765  1.785903
497.5  0.427245  1.358424  1.785669
498.0  0.435165  1.351051  1.786216
498.5  0.446124  1.339659  1.785783
499.0  0.458111  1.326845  1.784955
499.5  0.467965  1.317945  1.785910
500.0  0.471789  1.313784  1.785573
500.5  0.465971  1.319280  1.785251
501.0  0.448665  1.336999  1.785663
501.5  0.420998  1.364632  1.785630
502.0  0.387187  1.398780  1.785966
502.5  0.353253  1.432622  1.785876
503.0  0.324892  1.461065  1.785957
503.5  0.305503  1.480150  1.785653
504.0  0.295350  1.491378  1.786728
504.5  0.292199  1.494317  1.786515
505.0  0.292975  1.493538  1.786514
505.5  0.295518  1.490583  1.786101
506.0  0.299513  1.487623  1.787136
506.5  0.306340  1.480109  1.786448
507.0  0.318120  1.469044  1.787164
507.5  0.336629  1.451704  1.788332
508.0  0.362569  1.425353  1.787922
508.5  0.395383  1.390897  1.786280
509.0  0.433374  1.353819  1.787193
509.5  0.473810  1.314593  1.788403
510.0  0.512896  1.274252  1.787148
510.5  0.545917  1.240656  1.786572
511.0  0.568018  1.218926  1.786944
511.5  0.575681  1.212070  1.787751
512.0  0.568274  1.218943  1.787217
512.5  0.548682  1.239091  1.787773
513.0  0.522406  1.267333  1.789739
513.5  0.495395  1.294226  1.789622
514.0  0.471725  1.316033  1.787758
514.5  0.452342  1.335194  1.787537
515.0  0.435491  1.352811  1.788302
515.5  0.418392  1.369657  1.788049
516.0  0.399077  1.388662  1.787739
516.5  0.377404  1.411188  1.788592
517.0  0.354923  1.434227  1.789150
517.5  0.333988  1.454844  1.788832
518.0  0.316778  1.471852  1.788631
518.5  0.304732  1.484524  1.789256
519.0  0.298507  1.490046  1.788554
519.5  0.298183  1.490225  1.788408
520.0  0.303285  1.485559  1.788843
520.5  0.312503  1.476775  1.789278
521.0  0.323402  1.464158  1.787560
521.5  0.332690  1.454805  1.787495
522.0  0.337319  1.450590  1.787909
522.5  0.335989  1.452811  1.788800
523.0  0.330148  1.459163  1.789310
523.5  0.323691  1.465940  1.789632
524.0  0.321314  1.468336  1.789650
524.5  0.326331  1.463268  1.789599
525.0  0.339228  1.449656  1.788884
525.5  0.357760  1.431446  1.789206
526.0  0.378410  1.411176  1.789585
526.5  0.398179  1.390595  1.788775
527.0  0.415662  1.372624  1.788286
527.5  0.430981  1.357410  1.788391
528.0  0.444971  1.345822  1.790793
528.5  0.458273  1.333054  1.791328
529.0  0.470914  1.320372  1.791286
529.5  0.482453  1.307274  1.789727
530.0  0.492382  1.298403  1.790785
530.5  0.500306  1.290913  1.791219
531.0  0.505693  1.285541  1.791234
531.5  0.507459  1.283621  1.791080
532.0  0.503953  1.288120  1.792073
532.5  0.493658  1.300642  1.794300
533.0  0.476358  1.316672  1.793030
533.5  0.454022  1.338312  1.792334
534.0  0.430721  1.361711  1.792432
534.5  0.411367  1.382136  1.793502
535.0  0.399827  1.393683  1.793510
535.5  0.397453  1.395409  1.792862
536.0  0.402888  1.389712  1.792600
536.5  0.413179  1.381241  1.794420
537.0  0.425373  1.370308  1.795681
537.5  0.437590  1.356500  1.794090
538.0  0.449111  1.343528  1.792638
538.5  0.459753  1.332526  1.792278
539.0  0.469161  1.324643  1.793804
539.5  0.476545  1.316030  1.792575
540.0  0.480941  1.311945  1.792886
540.5  0.481698  1.312602  1.794300
541.0  0.478706  1.316916  1.795622
541.5  0.472193  1.321939  1.794133
542.0  0.462307  1.330407  1.792714
542.5  0.448934  1.345153  1.794087
543.0  0.432007  1.363109  1.795116
543.5  0.412113  1.383432  1.795545
544.0  0.390951  1.404270  1.795220
544.5  0.371224  1.424867  1.796091
545.0  0.355873  1.441487  1.797360
545.5  0.346944  1.450648  1.797592
546.0  0.344754  1.451542  1.796297
546.5  0.347911  1.448319  1.796230
547.0  0.354175  1.441748  1.795924
547.5  0.361576  1.434451  1.796027
548.0  0.369068  1.427049  1.796117
548.5  0.376442  1.418581  1.795023
549.0  0.383760  1.411252  1.795011
549.5  0.390817  1.405419  1.796236
550.0  0.397024  1.399478  1.796502
550.5  0.401705  1.395385  1.797090
551.0  0.404483  1.393959  1.798442
551.5  0.405360  1.393527  1.798887
552.0  0.404404  1.395067  1.799470
552.5  0.401374  1.397563  1.798937
553.0  0.395732  1.401871  1.797603
553.5  0.387169  1.409370  1.796539
554.0  0.376311  1.421291  1.797602
554.5  0.365081  1.434376  1.799457
555.0  0.356353  1.443457  1.799810
555.5  0.352930  1.447921  1.800852
556.0  0.356296  1.444994  1.801290
556.5  0.365852  1.434698  1.800550
557.0  0.379143  1.420627  1.799770
557.5  0.392972  1.406751  1.799723
558.0  0.404725  1.396244  1.800969
558.5  0.413166  1.386699  1.799865
559.0  0.418411  1.383014  1.801425
559.5  0.421361  1.383779  1.805140
560.0  0.423075  1.382949  1.806024
560.5  0.424470  1.379729  1.804199
561.0  0.426346  1.375927  1.802273
561.5  0.429480  1.374369  1.803850
562.0  0.434484  1.370273  1.804757
562.5  0.441420  1.362969  1.804389
563.0  0.449496  1.354373  1.803870
563.5  0.457146  1.346428  1.803574
564.0  0.462548  1.341493  1.804041
564.5  0.464302  1.340673  1.804975
565.0  0.461917  1.343367  1.805283
565.5  0.455881  1.347146  1.803027
566.0  0.447279  1.354058  1.801337
566.5  0.437119  1.365159  1.802278
567.0  0.425811  1.377713  1.803525
567.5  0.413174  1.389745  1.802919
568.0  0.398942  1.403526  1.802468
568.5  0.383367  1.421152  1.804520
569.0  0.367443  1.437191  1.804634
569.5  0.352600  1.452613  1.805213
570.0  0.340153  1.464277  1.804429
570.5  0.330898  1.473946  1.804844
571.0  0.325142  1.480961  1.806103
571.5  0.323049  1.483718  1.806767
572.0  0.324984  1.482238  1.807222
572.5  0.331472  1.474554  1.806026
573.0  0.342733  1.461938  1.804671
573.5  0.358155  1.447110  1.805265
574.0  0.376138  1.429163  1.805301
574.5  0.394491  1.411467  1.805958
575.0  0.411141  1.395382  1.806523
575.5  0.424762  1.381157  1.805919
576.0  0.434990  1.369524  1.804514
576.5  0.442164  1.361403  1.803567
577.0  0.446784  1.359133  1.805918
577.5  0.449093  1.357286  1.806379
578.0  0.449100  1.357258  1.806359
578.5  0.446977  1.360550  1.807527
579.0  0.443441  1.362521  1.805962
579.5  0.439744  1.365424  1.805168
580.0  0.437218  1.369093  1.806311
580.5  0.436673  1.369735  1.806408
581.0  0.438075  1.365802  1.803878
581.5  0.440746  1.362701  1.803447
582.0  0.443961  1.362122  1.806082
582.5  0.447536  1.359160  1.806695
583.0  0.451950  1.353810  1.805759
583.5  0.457868  1.349174  1.807042
584.0  0.465405  1.342042  1.807447
584.5  0.473672  1.333396  1.807068
585.0  0.480909  1.326966  1.807875
585.5  0.485079  1.320696  1.805776
586.0  0.484533  1.321054  1.805588
586.5  0.478434  1.328802  1.807236
587.0  0.466823  1.341728  1.808551
587.5  0.450477  1.357004  1.807481
588.0  0.430775  1.376182  1.806956
588.5  0.409697  1.396411  1.806109
589.0  0.389822  1.416574  1.806396
589.5  0.374060  1.433740  1.807801
590.0  0.365027  1.442238  1.807265
590.5  0.364239  1.441919  1.806158
591.0  0.371529  1.435118  1.806647
591.5  0.385014  1.421529  1.806543
592.0  0.401707  1.403717  1.805424
592.5  0.418474  1.386903  1.805377
593.0  0.432862  1.372930  1.805792
593.5  0.443406  1.363664  1.807070
594.0  0.449411  1.356257  1.805668
594.5  0.450561  1.354435  1.804997
595.0  0.446745  1.357750  1.804495
595.5  0.438147  1.365590  1.803737
596.0  0.425396  1.381103  1.806499
596.5  0.409500  1.399423  1.808922
597.0  0.391571  1.417016  1.808588
597.5  0.372510  1.434498  1.807008
598.0  0.352930  1.454859  1.807789
598.5  0.333461  1.474815  1.808276
599.0  0.315248  1.491399  1.806647
599.5  0.300260  1.505425  1.805685
600.0  0.291071  1.515527  1.806598
600.5  0.290109  1.517762  1.807871
601.0  0.298731  1.509539  1.808270
601.5  0.316593  1.491311  1.807904
602.0  0.341658  1.466629  1.808288
602.5  0.370803  1.438621  1.809424
603.0  0.400689  1.407324  1.808013
603.5  0.428428  1.377941  1.806369
604.0  0.451784  1.355427  1.807211
604.5  0.469037  1.339303  1.808340
605.0  0.478879  1.329177  1.808056
605.5  0.480583  1.327481  1.808064
606.0  0.474306  1.335351  1.809657
606.5  0.461237  1.349709  1.810946
607.0  0.443369  1.368272  1.811641
607.5  0.422952  1.388586  1.811538
608.0  0.401892  1.409491  1.811383
608.5  0.381464  1.431067  1.812531
609.0  0.362515  1.451688  1.814203
609.5  0.345977  1.467691  1.813669
610.0  0.333234  1.480593  1.813826
610.5  0.325990  1.487395  1.813386
611.0  0.325681  1.488712  1.814392
611.5  0.332782  1.480837  1.813619
612.0  0.346519  1.466745  1.813265
612.5  0.365165  1.447988  1.813153
613.0  0.386776  1.426814  1.813590
613.5  0.409840  1.404138  1.813978
614.0  0.433384  1.381519  1.814903
614.5  0.456461  1.359086  1.815547
615.0  0.477545  1.336695  1.814241
615.5  0.494435  1.321575  1.816010
616.0  0.504860  1.313512  1.818372
616.5  0.507372  1.309281  1.816653
617.0  0.501909  1.313894  1.815803
617.5  0.489740  1.325476  1.815216
618.0  0.472892  1.342072  1.814964
618.5  0.453459  1.362814  1.816274
619.0  0.433205  1.385003  1.818208
619.5  0.413619  1.403791  1.817410
620.0  0.396200  1.419481  1.815680
620.5  0.382560  1.434870  1.817430
621.0  0.374082  1.445041  1.819122
621.5  0.371255  1.445429  1.816684
622.0  0.373160  1.440321  1.813481
622.5  0.377531  1.436760  1.814291
623.0  0.381574  1.434709  1.816283
623.5  0.383225  1.435622  1.818847
624.0  0.382146  1.435157  1.817304
624.5  0.379796  1.436294  1.816090
625.0  0.378426  1.435615  1.814041
625.5  0.379641  1.435153  1.814794
626.0  0.383501  1.433442  1.816943
626.5  0.388700  1.428259  1.816958
627.0  0.393563  1.421596  1.815159
627.5  0.397106  1.418223  1.815329
628.0  0.399511  1.417353  1.816864
628.5  0.401848  1.413836  1.815684
629.0  0.405341  1.408722  1.814063
629.5  0.410752  1.404310  1.815061
630.0  0.418263  1.397168  1.815431
630.5  0.427780  1.386748  1.814528
631.0  0.439234  1.377626  1.816860
631.5  0.452498  1.365876  1.818373
632.0  0.466936  1.349042  1.815978
632.5  0.480967  1.332972  1.813938
633.0  0.492103  1.324687  1.816791
633.5  0.497694  1.321204  1.818898
634.0  0.496106  1.321291  1.817397
634.5  0.487681  1.329695  1.817376
635.0  0.474752  1.345187  1.819939
635.5  0.460529  1.358449  1.818978
636.0  0.447485  1.372289  1.819774
636.5  0.436280  1.381996  1.818277
637.0  0.425861  1.391887  1.817748
637.5  0.414518  1.400818  1.815336
638.0  0.401121  1.415565  1.816686
638.5  0.385804  1.433924  1.819729
639.0  0.369875  1.451521  1.821396
639.5  0.355182  1.465145  1.820327
640.0  0.343487  1.475861  1.819348
640.5  0.336224  1.481368  1.817592
641.0  0.334598  1.482413  1.817011
641.5  0.339634  1.478944  1.818578
642.0  0.351873  1.466148  1.818021
642.5  0.370782  1.446332  1.817114
643.0  0.394299  1.424925  1.819224
643.5  0.419008  1.401252  1.820260
644.0  0.441120  1.378294  1.819415
644.5  0.457954  1.360911  1.818865
645.0  0.469065  1.350318  1.819383
645.5  0.476184  1.343169  1.819353
646.0  0.481775  1.337450  1.819225
646.5  0.487053  1.333565  1.820617
647.0  0.490844  1.330073  1.820917
647.5  0.490060  1.328602  1.818662
648.0  0.481394  1.337899  1.819293
648.5  0.463070  1.358767  1.821837
649.0  0.435695  1.384756  1.820451
649.5  0.401954  1.417749  1.819703
650.0  0.365606  1.454422  1.820027
650.5  0.330465  1.488737  1.819202
651.0  0.299845  1.517586  1.817431
651.5  0.276384  1.544108  1.820491
652.0  0.261919  1.558631  1.820550
652.5  0.257157  1.560910  1.818067
653.0  0.261225  1.556031  1.817256
653.5  0.271516  1.545359  1.816875
654.0  0.284244  1.530326  1.814571
654.5  0.295800  1.518847  1.814647
655.0  0.304478  1.512917  1.817395
655.5  0.311638  1.505971  1.817610
656.0  0.321334  1.495807  1.817142
656.5  0.338210  1.481021  1.819230
657.0  0.364706  1.456026  1.820731
657.5  0.399308  1.420518  1.819827
658.0  0.436930  1.381291  1.818221
658.5  0.471071  1.345923  1.816994
659.0  0.496347  1.319165  1.815512
659.5  0.510088  1.307113  1.817202
660.0  0.512534  1.305176  1.817711
660.5  0.506017  1.312241  1.818258
661.0  0.493891  1.325578  1.819469
661.5  0.479745  1.338404  1.818149
662.0  0.466933  1.350383  1.817316
662.5  0.458140  1.359835  1.817974
663.0  0.454776  1.362523  1.817299
663.5  0.456309  1.360366  1.816675
664.0  0.459939  1.357291  1.817230
664.5  0.461081  1.356852  1.817932
665.0  0.454855  1.362950  1.817804
665.5  0.438288  1.378184  1.816472
666.0  0.412324  1.405588  1.817912
666.5  0.382406  1.434240  1.816646
667.0  0.356808  1.459247  1.816056
667.5  0.343181  1.472775  1.815956
668.0  0.345089  1.471233  1.816322
668.5  0.360566  1.455917  1.816483
669.0  0.383409  1.430209  1.813618
669.5  0.406185  1.408116  1.814301
670.0  0.423092  1.392863  1.815955
670.5  0.431392  1.384613  1.816005
671.0  0.431342  1.381442  1.812784
671.5  0.425334  1.387321  1.812655
672.0  0.416957  1.398616  1.815573
672.5  0.410210  1.405806  1.816015
673.0  0.408724  1.403175  1.811899
673.5  0.414875  1.397206  1.812081
674.0  0.428916  1.385549  1.814465
674.5  0.448478  1.365634  1.814111
675.0  0.468834  1.343493  1.812327
675.5  0.484112  1.328332  1.812444
676.0  0.489305  1.323525  1.812831
676.5  0.482419  1.330095  1.812514
677.0  0.465737  1.345835  1.811571
677.5  0.445268  1.367596  1.812864
678.0  0.428252  1.383388  1.811640
678.5  0.419820  1.392100  1.811920
679.0  0.420649  1.391531  1.812180
679.5  0.426928  1.384409  1.811337
680.0  0.432457  1.379651  1.812108
680.5  0.431476  1.381999  1.813475
681.0  0.420699  1.392198  1.812897
681.5  0.399992  1.410546  1.810538
682.0  0.371998  1.438912  1.810910
682.5  0.341312  1.470594  1.811906
683.0  0.313507  1.498262  1.811769
683.5  0.294058  1.519940  1.813998
684.0  0.287154  1.526681  1.813835
684.5  0.294585  1.518453  1.813038
685.0  0.315077  1.498516  1.813593
685.5  0.344428  1.468314  1.812741
686.0  0.376638  1.435838  1.812475
686.5  0.405863  1.407311  1.813174
687.0  0.428559  1.386772  1.815330
687.5  0.444822  1.368679  1.813501
688.0  0.458052  1.355439  1.813491
688.5  0.472802  1.342211  1.815012
689.0  0.491836  1.324536  1.816372
689.5  0.514086  1.300583  1.814669
690.0  0.534727  1.279337  1.814065
690.5  0.547226  1.265712  1.812938
691.0  0.546047  1.272024  1.818071
691.5  0.528618  1.291516  1.820134
692.0  0.495978  1.324483  1.820461
692.5  0.452344  1.365994  1.818338
693.0  0.404110  1.414928  1.819038
693.5  0.358578  1.464111  1.822689
694.0  0.322525  1.500776  1.823302
694.5  0.300771  1.520531  1.821302
695.0  0.295007  1.525716  1.820722
695.5  0.303296  1.518537  1.821834
696.0  0.320549  1.501172  1.821721
696.5  0.340058  1.481089  1.821146
697.0  0.355799  1.462973  1.818773
697.5  0.364741  1.453650  1.818391
698.0  0.368098  1.451814  1.819912
698.5  0.370658  1.450561  1.821218
699.0  0.378193  1.442411  1.820604
699.5  0.394137  1.423524  1.817661
700.0  0.417391  1.401312  1.818703
700.5  0.442521  1.376184  1.818705
701.0  0.462102  1.355293  1.817395
701.5  0.469717  1.346403  1.816120
702.0  0.462119  1.351272  1.813392
702.5  0.439945  1.374615  1.814560
703.0  0.407238  1.409229  1.816467
703.5  0.370323  1.447076  1.817399
704.0  0.336369  1.480717  1.817087
704.5  0.311823  1.505524  1.817348
705.0  0.300922  1.516787  1.817710
705.5  0.304583  1.513037  1.817620
706.0  0.320039  1.496591  1.816630
706.5  0.341509  1.473890  1.815400
707.0  0.361928  1.452845  1.814773
707.5  0.375397  1.441082  1.816479
708.0  0.379530  1.437640  1.817169
708.5  0.376591  1.440552  1.817143
709.0  0.372589  1.444955  1.817544
709.5  0.374408  1.443012  1.817420
710.0  0.386313  1.432170  1.818483
710.5  0.407717  1.411819  1.819536
711.0  0.433430  1.383721  1.817151
711.5  0.456081  1.361021  1.817102
712.0  0.469225  1.350451  1.819676
712.5  0.469638  1.350620  1.820258
713.0  0.458146  1.359622  1.817769
713.5  0.439156  1.378615  1.817771
714.0  0.419367  1.401774  1.821141
714.5  0.406063  1.413858  1.819922
715.0  0.405291  1.413172  1.818462
715.5  0.420234  1.401950  1.822184
716.0  0.450149  1.373024  1.823173
716.5  0.490196  1.330822  1.821018
717.0  0.532412  1.290151  1.822564
717.5  0.567787  1.256573  1.824360
718.0  0.588990  1.235192  1.824183
718.5  0.592868  1.232842  1.825709
719.0  0.581529  1.248153  1.829683
719.5  0.561242  1.268267  1.829509
720.0  0.539363  1.289403  1.828767
720.5  0.520811  1.310509  1.831321
721.0  0.506017  1.323150  1.829167
721.5  0.491411  1.335903  1.827314
722.0  0.471897  1.356775  1.828672
722.5  0.443681  1.383060  1.826741
723.0  0.406057  1.420836  1.826893
723.5  0.361711  1.467064  1.828775
724.0  0.315915  1.514163  1.830078
724.5  0.275191  1.555540  1.830730
725.0  0.245818  1.586875  1.832694
725.5  0.232428  1.602280  1.834709
726.0  0.236863  1.598857  1.835719
726.5  0.257551  1.578878  1.836428
727.0  0.289639  1.547736  1.837374
727.5  0.326036  1.510853  1.836889
728.0  0.359312  1.477092  1.836404
728.5  0.384006  1.450823  1.834829
729.0  0.398540  1.436968  1.835508
729.5  0.405725  1.429604  1.835329
730.0  0.411283  1.421797  1.833080
730.5  0.420817  1.411544  1.832361
731.0  0.436750  1.395084  1.831834
731.5  0.456951  1.373080  1.830031
732.0  0.475812  1.351591  1.827403
732.5  0.486978  1.340323  1.827301
733.0  0.486104  1.342020  1.828124
733.5  0.472357  1.355830  1.828187
734.0  0.448416  1.379897  1.828313
734.5  0.419455  1.408893  1.828349
735.0  0.391710  1.436858  1.828568
735.5  0.370990  1.458216  1.829207
736.0  0.361343  1.467918  1.829260
736.5  0.364010  1.465376  1.829386
737.0  0.376944  1.450482  1.827426
737.5  0.395108  1.432054  1.827162
738.0  0.411727  1.416197  1.827923
738.5  0.420386  1.406082  1.826468
739.0  0.417476  1.409680  1.827157
739.5  0.404003  1.424260  1.828263
740.0  0.385678  1.444782  1.830460
740.5  0.370723  1.460937  1.831660
741.0  0.366110  1.463108  1.829218
741.5  0.374161  1.455827  1.829987
742.0  0.391482  1.440569  1.832051
742.5  0.410813  1.419590  1.830403
743.0  0.424551  1.405591  1.830142
743.5  0.427870  1.403124  1.830994
744.0  0.420090  1.410876  1.830965
744.5  0.404234  1.428083  1.832317
745.0  0.385564  1.446540  1.832104
745.5  0.369906  1.461307  1.831213
746.0  0.362166  1.471202  1.833368
746.5  0.365159  1.467760  1.832919
747.0  0.378819  1.451096  1.829915
747.5  0.399946  1.430052  1.829998
748.0  0.422710  1.406657  1.829368
748.5  0.440049  1.387204  1.827254
749.0  0.445834  1.380941  1.826774
749.5  0.437245  1.389963  1.827208
750.0  0.416371  1.411207  1.827578
750.5  0.389958  1.439189  1.829147
751.0  0.366910  1.461669  1.828579
751.5  0.354434  1.474099  1.828533
752.0  0.354802  1.474989  1.829791
752.5  0.364612  1.464748  1.829360
753.0  0.376902  1.451721  1.828623
753.5  0.384735  1.443665  1.828399
754.0  0.384188  1.445159  1.829347
754.5  0.375485  1.454845  1.830330
755.0  0.362283  1.468398  1.830682
755.5  0.350005  1.480943  1.830948
756.0  0.344062  1.487262  1.831324
756.5  0.348425  1.484080  1.832505
757.0  0.364642  1.468505  1.833147
757.5  0.391303  1.438453  1.829756
758.0  0.424075  1.403772  1.827847
758.5  0.456440  1.371250  1.827690
759.0  0.481256  1.346450  1.827705
759.5  0.492943  1.335152  1.828095
760.0  0.489718  1.336774  1.826492
760.5  0.474829  1.352358  1.827187
761.0  0.455809  1.371983  1.827792
761.5  0.441530  1.387320  1.828850
762.0  0.438212  1.391283  1.829495
762.5  0.446504  1.380456  1.826960
763.0  0.461394  1.366145  1.827538
763.5  0.474934  1.354477  1.829411
764.0  0.480102  1.346565  1.826667
764.5  0.473658  1.353220  1.826878
765.0  0.456887  1.371179  1.828065
765.5  0.434485  1.392099  1.826584
766.0  0.412605  1.413871  1.826476
766.5  0.396981  1.428268  1.825248
767.0  0.391551  1.431899  1.823450
767.5  0.397638  1.422766  1.820404
768.0  0.413605  1.405368  1.818973
768.5  0.435052  1.384671  1.819722
769.0  0.455657  1.365046  1.820703
769.5  0.468807  1.349618  1.818425
770.0  0.469819  1.348007  1.817826
770.5  0.458150  1.362446  1.820596
771.0  0.438456  1.382260  1.820716
771.5  0.419452  1.400418  1.819871
772.0  0.410407  1.412346  1.822753
772.5  0.416703  1.406974  1.823677
773.0  0.436944  1.386356  1.823300
773.5  0.463422  1.359951  1.823374
774.0  0.485687  1.338272  1.823959
774.5  0.495072  1.329531  1.824602
775.0  0.487787  1.337614  1.825401
775.5  0.465494  1.358742  1.824236
776.0  0.433823  1.391583  1.825405
776.5  0.400031  1.425759  1.825791
777.0  0.370847  1.454064  1.824911
777.5  0.350936  1.474747  1.825684
778.0  0.342064  1.487364  1.829428
778.5  0.342832  1.489826  1.832658
779.0  0.349016  1.483065  1.832081
779.5  0.354572  1.479920  1.834492
780.0  0.353404  1.487065  1.840469
780.5  0.341676  1.500536  1.842212
781.0  0.319998  1.520703  1.840700
781.5  0.294306  1.549926  1.844232
782.0  0.274372  1.575153  1.849525
782.5  0.269913  1.574703  1.844616
783.0  0.285937  1.553726  1.839662
783.5  0.319976  1.521110  1.841085
784.0  0.362974  1.474740  1.837714
784.5  0.403337  1.428718  1.832055
785.0  0.431720  1.399172  1.830892
785.5  0.444078  1.385681  1.829759
786.0  0.442007  1.387236  1.829243
786.5  0.431002  1.397864  1.828866
787.0  0.417970  1.412166  1.830136
787.5  0.409046  1.422689  1.831735
788.0  0.408152  1.423779  1.831931
788.5  0.416275  1.416945  1.833220
789.0  0.431328  1.401343  1.832671
789.5  0.448555  1.383299  1.831853
790.0  0.461592  1.367720  1.829312
790.5  0.464279  1.362954  1.827233
791.0  0.453057  1.373371  1.826428
791.5  0.429225  1.394847  1.824071
792.0  0.399804  1.424591  1.824394
792.5  0.375801  1.448810  1.824611
793.0  0.367841  1.456240  1.824081
793.5  0.381004  1.442843  1.823847
794.0  0.411820  1.413876  1.825696
794.5  0.449445  1.378669  1.828114
795.0  0.480379  1.351263  1.831642
795.5  0.493985  1.342075  1.836060
796.0  0.486002  1.355691  1.841693
796.5  0.458979  1.389756  1.848735
797.0  0.420350  1.434487  1.854837
797.5  0.379592  1.480299  1.859891
798.0  0.345617  1.517857  1.863473
798.5  0.324871  1.542723  1.867594
799.0  0.320201  1.549235  1.869436
799.5  0.330407  1.538945  1.869352
800.0  0.350552  1.519515  1.870067
800.5  0.373151  1.496395  1.869546
801.0  0.390332  1.479200  1.869532
801.5  0.396698  1.471922  1.868621
802.0  0.391966  1.478235  1.870202
802.5  0.381961  1.490515  1.872476
803.0  0.376716  1.499571  1.876287
803.5  0.385842  1.495474  1.881316
804.0  0.413290  1.474230  1.887520
804.5  0.454621  1.440135  1.894755
805.0  0.498598  1.403142  1.901739
805.5  0.532146  1.370899  1.903045
806.0  0.545722  1.360010  1.905733
806.5  0.536397  1.378411  1.914807
807.0  0.507844  1.409450  1.917293
807.5  0.468155  1.443414  1.911568
808.0  0.426959  1.480655  1.907614
808.5  0.392902  1.513143  1.906045
809.0  0.371880  1.528519  1.900399
809.5  0.366046  1.522910  1.888956
810.0  0.373501  1.503088  1.876589
810.5  0.388748  1.482338  1.871086
811.0  0.404018  1.463967  1.867986
811.5  0.411532  1.449126  1.860658
812.0  0.406365  1.447659  1.854024
812.5  0.388999  1.465483  1.854482
813.0  0.366139  1.491541  1.857679
813.5  0.348637  1.509506  1.858143
814.0  0.346772  1.509816  1.856589
814.5  0.365009  1.491195  1.856204
815.0  0.399303  1.459136  1.858439
815.5  0.438712  1.416210  1.854922
816.0  0.470373  1.381512  1.851885
816.5  0.484914  1.364818  1.849732
817.0  0.479596  1.367867  1.847463
817.5  0.458316  1.386271  1.844587
818.0  0.429338  1.411889  1.841227
818.5  0.402258  1.438670  1.840928
819.0  0.385325  1.455498  1.840823
819.5  0.383594  1.458030  1.841624
820.0  0.397954  1.446216  1.844170
820.5  0.424985  1.424658  1.849644
821.0  0.457645  1.399005  1.856650
821.5  0.486854  1.377482  1.864336
822.0  0.503928  1.368650  1.872578
822.5  0.503454  1.380056  1.883510
823.0  0.485650  1.409081  1.894731
823.5  0.456901  1.446084  1.902985
824.0  0.427576  1.479383  1.906959
824.5  0.407533  1.505327  1.912860
825.0  0.401446  1.515510  1.916956
825.5  0.406604  1.512325  1.918929
826.0  0.414573  1.501353  1.915925
826.5  0.415648  1.500907  1.916556
827.0  0.403453  1.514393  1.917846
827.5  0.377367  1.539527  1.916894
828.0  0.342177  1.574957  1.917134
828.5  0.305855  1.615885  1.921741
829.0  0.276826  1.650894  1.927720
829.5  0.261707  1.672759  1.934466
830.0  0.263889  1.679859  1.943749
830.5  0.282927  1.672062  1.954989
831.0  0.314668  1.650102  1.964771
831.5  0.352094  1.621361  1.973455
832.0  0.386898  1.595056  1.981954
832.5  0.411724  1.578475  1.990199
833.0  0.422621  1.567920  1.990540
833.5  0.420782  1.565841  1.986623
834.0  0.412466  1.569839  1.982306
834.5  0.406504  1.566164  1.972668
835.0  0.410122  1.547903  1.958025
835.5  0.425147  1.519061  1.944208
836.0  0.446824  1.482739  1.929563
836.5  0.466069  1.449693  1.915762
837.0  0.473828  1.431726  1.905554
837.5  0.465075  1.433083  1.898158
838.0  0.440563  1.455133  1.895696
838.5  0.406016  1.490560  1.896576
839.0  0.369743  1.528737  1.898480
839.5  0.339978  1.561884  1.901862
840.0  0.322790  1.583408  1.906198
840.5  0.320881  1.587576  1.908457
841.0  0.333201  1.575477  1.908678
841.5  0.355307  1.553227  1.908534
842.0  0.380417  1.523363  1.903780
842.5  0.401166  1.495903  1.897069
843.0  0.411868  1.481301  1.893168
843.5  0.410710  1.476595  1.887305
844.0  0.400928  1.479028  1.879957
844.5  0.390029  1.490664  1.880693
845.0  0.386868  1.496838  1.883705
845.5  0.397648  1.490251  1.887899
846.0  0.422850  1.469705  1.892554
846.5  0.456831  1.447520  1.904352
847.0  0.490402  1.427695  1.918097
847.5  0.514899  1.415701  1.930600
848.0  0.525590  1.419906  1.945495
848.5  0.522903  1.439663  1.962567
849.0  0.511431  1.463762  1.975193
849.5  0.497663  1.487741  1.985404
850.0  0.487626  1.509215  1.996840
850.5  0.485139  1.521247  2.006386
851.0  0.490923  1.517597  2.008520
851.5  0.502498  1.505949  2.008446
852.0  0.514793  1.497341  2.012134
852.5  0.521425  1.491091  2.012516
853.0  0.516543  1.492880  2.009423
853.5  0.496927  1.509169  2.006096
854.0  0.463662  1.542354  2.006016
854.5  0.422496  1.589187  2.011683
855.0  0.382263  1.632937  2.015200
855.5  0.351637  1.670045  2.021682
856.0  0.335574  1.694517  2.030091
856.5  0.333228  1.706189  2.039416
857.0  0.338551  1.712336  2.050886
857.5  0.343314  1.719390  2.062703
858.0  0.340922  1.729490  2.070412
858.5  0.329095  1.746702  2.075797
859.0  0.310332  1.766803  2.077135
859.5  0.290421  1.783211  2.073632
860.0  0.276057  1.786434  2.062491
860.5  0.272650  1.775565  2.048215
861.0  0.282881  1.750443  2.033325
861.5  0.306119  1.710653  2.016772
862.0  0.338570  1.663831  2.002401
862.5  0.374078  1.615874  1.989951
863.0  0.405546  1.575796  1.981342
863.5  0.426861  1.552458  1.979320
864.0  0.434966  1.541103  1.976069
864.5  0.431341  1.543081  1.974422
865.0  0.422025  1.554647  1.976672
865.5  0.415644  1.563560  1.979204
866.0  0.419918  1.561155  1.981073
866.5  0.438102  1.541266  1.979367
867.0  0.467225  1.511533  1.978757
867.5  0.499175  1.475740  1.974915
868.0  0.524170  1.445632  1.969802
868.5  0.534818  1.430146  1.964964
869.0  0.528781  1.430208  1.958989
869.5  0.509050  1.446328  1.955378
870.0  0.482185  1.472764  1.954948
870.5  0.455683  1.498258  1.953941
871.0  0.435605  1.518740  1.954344
871.5  0.425066  1.534780  1.959847
872.0  0.423713  1.546573  1.970287
872.5  0.428055  1.554279  1.982334
873.0  0.432509  1.564404  1.996913
873.5  0.431034  1.581168  2.012203
874.0  0.419167  1.609452  2.028619
874.5  0.395987  1.649644  2.045631
875.0  0.365255  1.698117  2.063372
875.5  0.334868  1.741287  2.076155
876.0  0.314310  1.771706  2.086016
876.5  0.310835  1.781397  2.092232
877.0  0.326118  1.770397  2.096514
877.5  0.355187  1.741615  2.096801
878.0  0.388344  1.706809  2.095152
878.5  0.415141  1.677687  2.092828
879.0  0.428393  1.662316  2.090709
879.5  0.426377  1.662870  2.089248
880.0  0.412571  1.679123  2.091694
880.5  0.393563  1.701093  2.094657
881.0  0.376348  1.724917  2.101265
881.5  0.366078  1.741976  2.108054
882.0  0.364767  1.752766  2.117533
882.5  0.371005  1.756796  2.127802
883.0  0.380529  1.755420  2.135949
883.5  0.387487  1.755243  2.142731
884.0  0.386242  1.758291  2.144533
884.5  0.373427  1.768591  2.142017
885.0  0.349711  1.788731  2.138442
885.5  0.320476  1.811008  2.131484
886.0  0.294692  1.824708  2.119400
886.5  0.281955  1.821894  2.103849
887.0  0.288682  1.799541  2.088223
887.5  0.315206  1.759490  2.074696
888.0  0.355315  1.705997  2.061312
888.5  0.398608  1.654065  2.052673
889.0  0.434590  1.613247  2.047837
889.5  0.456529  1.588068  2.044597
890.0  0.463419  1.583082  2.046501
890.5  0.459477  1.593029  2.052506
891.0  0.451834  1.606743  2.058577
891.5  0.447658  1.614461  2.062119
892.0  0.451792  1.609242  2.061033
892.5  0.465454  1.596349  2.061803
893.0  0.486075  1.576723  2.062798
893.5  0.508078  1.552591  2.060669
894.0  0.524409  1.531465  2.055874
894.5  0.528578  1.522979  2.051558
895.0  0.516907  1.533116  2.050023
895.5  0.490316  1.558711  2.049027
896.0  0.454841  1.596093  2.050934
896.5  0.420159  1.635765  2.055924
897.0  0.396259  1.665117  2.061376
897.5  0.389471  1.679651  2.069122
898.0  0.399739  1.681048  2.080786
898.5  0.420580  1.672743  2.093323
899.0  0.441830  1.663266  2.105096
899.5  0.453858  1.662649  2.116507
900.0  0.451270  1.678233  2.129503
900.5  0.434580  1.708571  2.143151
901.0  0.409466  1.741327  2.150793
901.5  0.384323  1.771325  2.155648
902.0  0.367302  1.794337  2.161639
902.5  0.363881  1.801007  2.164888
903.0  0.375502  1.787499  2.163001
903.5  0.399359  1.761309  2.160668
904.0  0.429211  1.732921  2.162132
904.5  0.457022  1.703319  2.160341
905.0  0.475200  1.683102  2.158302
905.5  0.479042  1.678801  2.157843
906.0  0.468645  1.691894  2.160539
906.5  0.449352  1.715063  2.164415
907.0  0.430058  1.739243  2.169301
907.5  0.419645  1.755779  2.175424
908.0  0.422970  1.758929  2.181899
908.5  0.438374  1.748209  2.186583
909.0  0.458059  1.732444  2.190503
909.5  0.471198  1.719353  2.190551
910.0  0.468284  1.720869  2.189154
910.5  0.444748  1.746111  2.190859
911.0  0.402456  1.782130  2.184587
911.5  0.348832  1.826492  2.175324
912.0  0.294315  1.873163  2.167479
912.5  0.249289  1.912438  2.161727
913.0  0.221433  1.932998  2.154431
913.5  0.214083  1.933580  2.147663
914.0  0.225774  1.918860  2.144634
914.5  0.250963  1.893743  2.144706
915.0  0.281752  1.860929  2.142681
915.5  0.310343  1.832289  2.142632
916.0  0.331656  1.813539  2.145195
916.5  0.345282  1.800433  2.145715
917.0  0.355781  1.787956  2.143737
917.5  0.370792  1.773832  2.144623
918.0  0.397434  1.748043  2.145477
918.5  0.438561  1.703894  2.142455
919.0  0.490737  1.648802  2.139538
919.5  0.544996  1.593543  2.138539
920.0  0.590009  1.546111  2.136119
920.5  0.616143  1.517345  2.133489
921.0  0.618649  1.515982  2.134632
921.5  0.598844  1.541671  2.140515
922.0  0.563169  1.582540  2.145709
922.5  0.520823  1.630253  2.151076
923.0  0.480950  1.676657  2.157607
923.5  0.450230  1.716253  2.166484
924.0  0.431373  1.742896  2.174269
924.5  0.422728  1.758869  2.181597
925.0  0.419026  1.770050  2.189076
925.5  0.413134  1.782319  2.195453
926.0  0.398539  1.800048  2.198586
926.5  0.371957  1.827943  2.199900
927.0  0.335198  1.867489  2.202687
927.5  0.295274  1.909121  2.204394
928.0  0.262245  1.941738  2.203983
928.5  0.245343  1.956988  2.202331
929.0  0.249044  1.954673  2.203717
929.5  0.271045  1.934026  2.205071
930.0  0.303218  1.906359  2.209577
930.5  0.335036  1.878952  2.213988
931.0  0.357734  1.857653  2.215387
931.5  0.367335  1.851901  2.219236
932.0  0.365485  1.860785  2.226271
932.5  0.358201  1.872673  2.230874
933.0  0.353380  1.877871  2.231250
933.5  0.358103  1.873717  2.231820
934.0  0.376498  1.857202  2.233700
934.5  0.408551  1.825486  2.234037
935.0  0.450006  1.781060  2.231067
935.5  0.493301  1.734832  2.228134
936.0  0.529426  1.697361  2.226787
936.5  0.550414  1.675893  2.226307
937.0  0.551902  1.672355  2.224257
937.5  0.534880  1.690774  2.225654
938.0  0.505664  1.722025  2.227689
938.5  0.473659  1.755143  2.228802
939.0  0.447583  1.782458  2.230040
939.5  0.431878  1.799956  2.231834
940.0  0.425153  1.804685  2.229838
940.5  0.421408  1.807262  2.228670
941.0  0.413322  1.813429  2.226751
941.5  0.395847  1.827962  2.223809
942.0  0.368522  1.850914  2.219436
942.5  0.335721  1.875902  2.211623
943.0  0.305116  1.899479  2.204595
943.5  0.285177  1.914342  2.199520
944.0  0.282651  1.910676  2.193327
944.5  0.300675  1.885904  2.186578
945.0  0.337866  1.844412  2.182278
945.5  0.388488  1.794485  2.182973
946.0  0.443620  1.739556  2.183176
946.5  0.493206  1.690101  2.183307
947.0  0.528634  1.660375  2.189009
947.5  0.545267  1.648071  2.193338
948.0  0.544014  1.652162  2.196176
948.5  0.531028  1.666091  2.197119
949.0  0.515236  1.680989  2.196225
949.5  0.504504  1.690485  2.194988
950.0  0.502253  1.690346  2.192599
950.5  0.506233  1.681910  2.188143
951.0  0.509998  1.672228  2.182226
951.5  0.506193  1.673534  2.179727
952.0  0.489935  1.692080  2.182015
952.5  0.460827  1.722805  2.183632
953.0  0.423026  1.765916  2.188943
953.5  0.383681  1.813702  2.197383
954.0  0.350580  1.855562  2.206142
954.5  0.329858  1.887208  2.217067
955.0  0.324384  1.906728  2.231112
955.5  0.333091  1.910475  2.243566
956.0  0.351319  1.904508  2.255828
956.5  0.372037  1.895614  2.267650
957.0  0.387742  1.891631  2.279372
957.5  0.392676  1.893069  2.285746
958.0  0.384782  1.906229  2.291011
958.5  0.366630  1.929341  2.295970
959.0  0.344676  1.950524  2.295200
959.5  0.326816  1.963354  2.290170
960.0  0.319168  1.969620  2.288788
960.5  0.323600  1.965040  2.288640
961.0  0.337231  1.948039  2.285270
961.5  0.354031  1.925360  2.279391
962.0  0.367615  1.909367  2.276983
962.5  0.373885  1.907374  2.281259
963.0  0.372445  1.913337  2.285782
963.5  0.366451  1.922661  2.289112
964.0  0.361183  1.932186  2.293369
964.5  0.362043  1.936160  2.298204
965.0  0.372694  1.925344  2.298038
965.5  0.393824  1.899517  2.293341
966.0  0.422783  1.863472  2.286255
966.5  0.454112  1.822989  2.277101
967.0  0.480831  1.781909  2.262740
967.5  0.496267  1.748904  2.245171
968.0  0.496071  1.733235  2.229306
968.5  0.479863  1.732611  2.212474
969.0  0.451819  1.748807  2.200626
969.5  0.419632  1.771387  2.191019
970.0  0.391878  1.793338  2.185216
970.5  0.374798  1.809431  2.184229
971.0  0.370031  1.817721  2.187751
971.5  0.374449  1.819133  2.193582
972.0  0.382083  1.816734  2.198817
972.5  0.387022  1.818622  2.205644
973.0  0.385897  1.827849  2.213745
973.5  0.378970  1.840169  2.219138
974.0  0.369675  1.854085  2.223760
974.5  0.363047  1.862956  2.226003
975.0  0.363781  1.862112  2.225893
975.5  0.374568  1.849110  2.223679
976.0  0.395146  1.825681  2.220827
976.5  0.422203  1.796925  2.219128
977.0  0.450135  1.770305  2.220440
977.5  0.472465  1.750869  2.223334
978.0  0.483669  1.745857  2.229525
978.5  0.480978  1.759204  2.240182
979.0  0.465625  1.787816  2.253441
979.5  0.442866  1.827467  2.270334
980.0  0.420417  1.870480  2.290897
980.5  0.405575  1.905466  2.311042
981.0  0.402258  1.928426  2.330684
981.5  0.409454  1.941358  2.350813
982.0  0.421952  1.945320  2.367272
982.5  0.432885  1.946438  2.379323
983.0  0.436753  1.953563  2.390317
983.5  0.431517  1.966124  2.397640
984.0  0.419080  1.980318  2.399398
984.5  0.404263  1.993383  2.397646
985.0  0.392885  2.002079  2.394964
985.5  0.389733  2.002585  2.392318
986.0  0.397024  1.990721  2.387745
986.5  0.413701  1.969615  2.383316
987.0  0.435637  1.945134  2.380771
987.5  0.456635  1.921804  2.378439
988.0  0.470009  1.911331  2.381340
988.5  0.470462  1.915681  2.386144
989.0  0.455908  1.935420  2.391328
989.5  0.428710  1.970286  2.398996
990.0  0.395671  2.011605  2.407276
990.5  0.366261  2.046989  2.413250
991.0  0.349267  2.063763  2.413030
991.5  0.349190  2.057695  2.406884
992.0  0.364267  2.030778  2.395045
992.5  0.387317  1.991570  2.378887
993.0  0.408948  1.948871  2.357819
993.5  0.421399  1.910157  2.331556
994.0  0.421224  1.883024  2.304248
994.5  0.409957  1.871625  2.281582
995.0  0.392939  1.870810  2.263749
995.5  0.377138  1.874280  2.251418
996.0  0.368836  1.875986  2.244822
996.5  0.371849  1.871021  2.242870
997.0  0.386617  1.861298  2.247914
997.5  0.410200  1.845994  2.256195
998.0  0.437081  1.826907  2.263988
998.5  0.460546  1.810977  2.271523
999.0  0.474451  1.804212  2.278663
999.5  0.475126  1.807653  2.282779
1000.0  0.462971  1.821504  2.284475
