0.0  0.297550  1.643400  1.940950
0.5  0.318790  1.622194  1.940984
1.0  0.366017  1.573769  1.939787
1.5  0.421464  1.517150  1.938614
2.0  0.466111  1.471539  1.937650
2.5  0.487678  1.450171  1.937849
3.0  0.484197  1.454656  1.938852
3.5  0.462761  1.476587  1.939348
4.0  0.435489  1.504314  1.939803
4.5  0.415048  1.525685  1.940733
5.0  0.411159  1.530200  1.941359
5.5  0.428519  1.512687  1.941206
6.0  0.466063  1.474908  1.940972
6.5  0.517342  1.423307  1.940650
7.0  0.571874  1.367542  1.939416
7.5  0.617436  1.321222  1.938658
8.0  0.643290  1.295269  1.938558
8.5  0.643971  1.294793  1.938763
9.0  0.622519  1.316806  1.939325
9.5  0.591134  1.349148  1.940281
10.0  0.567410  1.374724  1.942134
10.5  0.566503  1.375506  1.942009
11.0  0.592991  1.348536  1.941528
11.5  0.637732  1.302367  1.940099
12.0  0.682184  1.257366  1.939549
12.5  0.707407  1.231012  1.938419
13.0  0.702116  1.236446  1.938562
13.5  0.665903  1.273339  1.939242
14.0  0.607498  1.332829  1.940327
14.5  0.540433  1.400672  1.941106
15.0  0.478526  1.463217  1.941743
15.5  0.432536  1.509590  1.942126
16.0  0.408256  1.533864  1.942120
16.5  0.405838  1.535927  1.941765
17.0  0.420087  1.520946  1.941034
17.5  0.441668  1.498624  1.940292
18.0  0.459296  1.480733  1.940029
18.5  0.462936  1.476499  1.939436
19.0  0.447601  1.492545  1.940146
19.5  0.416513  1.524076  1.940589
20.0  0.381624  1.560350  1.941974
20.5  0.359781  1.583316  1.943097
21.0  0.365078  1.578315  1.943393
21.5  0.401168  1.541843  1.943011
22.0  0.458560  1.483190  1.941750
22.5  0.519003  1.421704  1.940707
23.0  0.564105  1.375853  1.939958
23.5  0.582831  1.357909  1.940740
24.0  0.574324  1.366597  1.940920
24.5  0.546104  1.395452  1.941556
25.0  0.509953  1.431804  1.941757
25.5  0.477777  1.464800  1.942577
26.0  0.458633  1.485359  1.943992
26.5  0.457083  1.486680  1.943763
27.0  0.472616  1.470707  1.943323
27.5  0.499865  1.443220  1.943085
28.0  0.529629  1.412873  1.942502
28.5  0.550863  1.390608  1.941471
29.0  0.553774  1.387379  1.941152
29.5  0.533672  1.408342  1.942014
30.0  0.494319  1.448372  1.942691
30.5  0.448568  1.494610  1.943178
31.0  0.414415  1.529967  1.944383
31.5  0.406985  1.538981  1.945966
32.0  0.430484  1.515078  1.945562
32.5  0.475475  1.468753  1.944228
33.0  0.523638  1.420221  1.943859
33.5  0.556847  1.388769  1.945616
34.0  0.564884  1.383449  1.948334
34.5  0.548093  1.403101  1.951194
35.0  0.515192  1.438708  1.953900
35.5  0.478740  1.478438  1.957178
36.0  0.450730  1.509451  1.960180
36.5  0.439548  1.522980  1.962527
37.0  0.448491  1.515679  1.964170
37.5  0.475487  1.489718  1.965205
38.0  0.513682  1.451513  1.965195
38.5  0.552799  1.411854  1.964653
39.0  0.581343  1.382180  1.963523
39.5  0.589745  1.372851  1.962595
40.0  0.574064  1.388408  1.962472
40.5  0.538984  1.423670  1.962654
41.0  0.498018  1.465857  1.963876
41.5  0.469242  1.496019  1.965260
42.0  0.467300  1.498670  1.965970
42.5  0.495728  1.470816  1.966544
43.0  0.544664  1.423424  1.968088
43.5  0.595759  1.376428  1.972188
44.0  0.631041  1.344600  1.975640
44.5  0.640275  1.338862  1.979138
45.0  0.623451  1.361070  1.984521
45.5  0.588682  1.401197  1.989879
46.0  0.547909  1.445061  1.992970
46.5  0.512699  1.482540  1.995238
47.0  0.491298  1.504629  1.995927
47.5  0.487155  1.506620  1.993775
48.0  0.498623  1.491033  1.989656
48.5  0.519534  1.465676  1.985210
49.0  0.540496  1.441003  1.981499
49.5  0.550984  1.426743  1.977728
50.0  0.542287  1.430835  1.973122
50.5  0.510989  1.458554  1.969542
51.0  0.461831  1.507582  1.969413
51.5  0.407991  1.562830  1.970821
52.0  0.367123  1.604293  1.971416
52.5  0.353764  1.616535  1.970299
53.0  0.371907  1.597466  1.969373
53.5  0.412607  1.556510  1.969116
54.0  0.458548  1.508484  1.967032
54.5  0.492577  1.470722  1.963300
55.0  0.504943  1.455979  1.960922
55.5  0.495858  1.463589  1.959446
56.0  0.473512  1.485367  1.958879
56.5  0.449790  1.507774  1.957564
57.0  0.435968  1.521763  1.957731
57.5  0.439643  1.520661  1.960305
58.0  0.463199  1.500217  1.963415
58.5  0.503568  1.464324  1.967892
59.0  0.552961  1.421367  1.974328
59.5  0.600324  1.381504  1.981828
60.0  0.633538  1.354434  1.987972
60.5  0.642416  1.351025  1.993440
61.0  0.622281  1.376850  1.999131
61.5  0.577115  1.427415  2.004530
62.0  0.520313  1.483514  2.003827
62.5  0.471147  1.534128  2.005275
63.0  0.447044  1.559495  2.006540
63.5  0.455193  1.550094  2.005288
64.0  0.488777  1.517112  2.005889
64.5  0.530637  1.473273  2.003910
65.0  0.561982  1.440440  2.002422
65.5  0.570615  1.434312  2.004928
66.0  0.554581  1.447480  2.002061
66.5  0.520837  1.486704  2.007542
67.0  0.481138  1.520771  2.001909
67.5  0.447574  1.562930  2.010504
68.0  0.429228  1.573709  2.002937
68.5  0.430342  1.579191  2.009532
69.0  0.449847  1.552680  2.002527
69.5  0.481918  1.525072  2.006990
70.0  0.517337  1.486683  2.004020
70.5  0.545613  1.457084  2.002697
71.0  0.557835  1.447545  2.005380
71.5  0.549918  1.449777  1.999696
72.0  0.525203  1.482347  2.007550
72.5  0.494676  1.505462  2.000138
73.0  0.473401  1.536716  2.010118
73.5  0.473716  1.527286  2.001002
74.0  0.498543  1.509716  2.008258
74.5  0.539189  1.462315  2.001504
75.0  0.579417  1.424446  2.003863
75.5  0.603227  1.399389  2.002616
76.0  0.601581  1.402389  2.003970
76.5  0.574883  1.429474  2.004357
77.0  0.531223  1.472771  2.003994
77.5  0.482436  1.522578  2.005014
78.0  0.440090  1.567205  2.007295
78.5  0.412592  1.591092  2.003684
79.0  0.403679  1.605189  2.008868
79.5  0.412098  1.591487  2.003585
80.0  0.432173  1.575226  2.007399
80.5  0.455096  1.548124  2.003220
81.0  0.470940  1.533220  2.004160
81.5  0.471403  1.534822  2.006225
82.0  0.453007  1.546661  1.999667
82.5  0.419741  1.588640  2.008381
83.0  0.383463  1.616439  1.999902
83.5  0.360496  1.651350  2.011845
84.0  0.364704  1.636917  2.001621
84.5  0.400220  1.609822  2.010041
85.0  0.458435  1.544529  2.002965
85.5  0.521661  1.483128  2.004789
86.0  0.571275  1.431793  2.003068
86.5  0.595344  1.406534  2.001877
87.0  0.591943  1.413081  2.005024
87.5  0.567805  1.434936  2.002742
88.0  0.534335  1.472300  2.006635
88.5  0.503374  1.501137  2.004511
89.0  0.484079  1.523582  2.007661
89.5  0.481273  1.527236  2.008509
90.0  0.495029  1.510330  2.005358
90.5  0.521099  1.486877  2.007975
91.0  0.552001  1.451109  2.003110
91.5  0.578741  1.429635  2.008377
92.0  0.593208  1.409361  2.002569
92.5  0.591011  1.416435  2.007447
93.0  0.573918  1.430326  2.004244
93.5  0.550441  1.456867  2.007308
94.0  0.533269  1.474518  2.007787
94.5  0.533684  1.471368  2.005052
95.0  0.555460  1.454965  2.010424
95.5  0.592082  1.409930  2.002011
96.0  0.629488  1.379719  2.009207
96.5  0.652787  1.345396  1.998183
97.0  0.652774  1.356279  2.009053
97.5  0.628839  1.371634  2.000473
98.0  0.587744  1.420747  2.008491
98.5  0.540035  1.462967  2.003002
99.0  0.496220  1.511997  2.008217
99.5  0.464042  1.541512  2.005554
100.0  0.447110  1.558058  2.005167
100.5  0.444637  1.559760  2.004397
101.0  0.451957  1.553411  2.005368
101.5  0.461631  1.543104  2.004735
102.0  0.465177  1.539314  2.004492
102.5  0.455472  1.545586  2.001058
103.0  0.429559  1.576670  2.006229
103.5  0.391030  1.610582  2.001612
104.0  0.350540  1.657384  2.007923
104.5  0.323084  1.679954  2.003039
105.0  0.322073  1.685478  2.007551
105.5  0.352650  1.652400  2.005050
106.0  0.408299  1.594874  2.003174
106.5  0.473377  1.533221  2.006598
107.0  0.530245  1.467501  1.997746
107.5  0.566624  1.441297  2.007921
108.0  0.579284  1.417541  1.996824
108.5  0.573205  1.436354  2.009559
109.0  0.557970  1.441655  1.999625
109.5  0.543709  1.465006  2.008715
110.0  0.538091  1.464877  2.002968
110.5  0.544761  1.460354  2.005115
111.0  0.562980  1.443368  2.006348
111.5  0.588112  1.414586  2.002697
112.0  0.612695  1.394420  2.007115
112.5  0.628069  1.372659  2.000729
113.0  0.626545  1.379728  2.006273
113.5  0.603908  1.398339  2.002247
114.0  0.561623  1.443324  2.004947
114.5  0.507618  1.497982  2.005599
115.0  0.454578  1.550601  2.005178
115.5  0.415552  1.592551  2.008103
116.0  0.398440  1.605786  2.004226
116.5  0.402309  1.605550  2.007860
117.0  0.418033  1.585658  2.003691
117.5  0.433095  1.571964  2.005059
118.0  0.437643  1.566743  2.004386
118.5  0.428403  1.574571  2.002975
119.0  0.409023  1.598074  2.007097
119.5  0.387651  1.613985  2.001635
120.0  0.373562  1.637511  2.011073
120.5  0.374227  1.626157  2.000384
121.0  0.393419  1.618481  2.011900
121.5  0.430418  1.567904  1.998322
122.0  0.480167  1.530599  2.010767
122.5  0.534298  1.464533  1.998830
123.0  0.582969  1.424841  2.007810
123.5  0.617390  1.382902  2.000291
124.0  0.632571  1.372692  2.005263
124.5  0.629403  1.373498  2.002901
125.0  0.614858  1.388894  2.003751
125.5  0.599512  1.406409  2.005921
126.0  0.592850  1.411172  2.004022
126.5  0.598472  1.406469  2.004941
127.0  0.611999  1.390559  2.002558
127.5  0.623185  1.378014  2.001199
128.0  0.621090  1.382654  2.003744
128.5  0.599277  1.400643  1.999919
129.0  0.558371  1.446387  2.004758
129.5  0.505320  1.494663  1.999983
130.0  0.450521  1.554481  2.005002
130.5  0.404460  1.599454  2.003914
131.0  0.375003  1.627207  2.002209
131.5  0.365759  1.641670  2.007428
132.0  0.375503  1.622421  1.997924
132.5  0.398550  1.611349  2.009899
133.0  0.426031  1.569229  1.995260
133.5  0.448054  1.560758  2.008812
134.0  0.456559  1.540514  1.997073
134.5  0.448304  1.557473  2.005777
135.0  0.426872  1.575049  2.001921
135.5  0.402333  1.601885  2.004218
136.0  0.387843  1.618762  2.006605
136.5  0.394046  1.608626  2.002671
137.0  0.423882  1.584390  2.008272
137.5  0.470797  1.531787  2.002584
138.0  0.521555  1.484878  2.006433
138.5  0.562077  1.440245  2.002322
139.0  0.583066  1.422135  2.005201
139.5  0.582804  1.422712  2.005517
140.0  0.566595  1.439108  2.005704
140.5  0.544006  1.463951  2.007957
141.0  0.525487  1.481105  2.006591
141.5  0.519446  1.489757  2.009203
142.0  0.530240  1.477772  2.008012
142.5  0.557151  1.451431  2.008582
143.0  0.594416  1.415206  2.009622
143.5  0.632366  1.371973  2.004340
144.0  0.659734  1.350620  2.010355
144.5  0.666946  1.333957  2.000904
145.0  0.649725  1.363015  2.012741
145.5  0.611662  1.389005  2.000667
146.0  0.564076  1.452779  2.016855
146.5  0.522236  1.478941  2.001177
147.0  0.498994  1.515440  2.014434
147.5  0.499001  1.502603  2.001605
148.0  0.516888  1.496627  2.013515
148.5  0.540480  1.463396  2.003876
149.0  0.556879  1.451466  2.008345
149.5  0.557858  1.446866  2.004724
150.0  0.542158  1.464791  2.006950
150.5  0.514594  1.492761  2.007355
151.0  0.483358  1.522944  2.006302
151.5  0.457067  1.549992  2.007059
152.0  0.442399  1.564545  2.006944
152.5  0.442561  1.563301  2.005862
153.0  0.456543  1.552051  2.008594
153.5  0.479126  1.523534  2.002660
154.0  0.501759  1.505529  2.007288
154.5  0.514432  1.485947  2.000379
155.0  0.508579  1.497369  2.005948
155.5  0.480553  1.521668  2.002221
156.0  0.434460  1.569456  2.003916
156.5  0.382563  1.624362  2.006925
157.0  0.341843  1.660355  2.002198
157.5  0.327268  1.684400  2.011668
158.0  0.344925  1.655296  2.000221
158.5  0.389089  1.622932  2.012021
159.0  0.445123  1.555152  2.000274
159.5  0.496308  1.511516  2.007824
160.0  0.530523  1.471304  2.001826
160.5  0.543639  1.459523  2.003162
161.0  0.539148  1.466925  2.006073
161.5  0.525415  1.477293  2.002708
162.0  0.512323  1.497277  2.009600
162.5  0.508375  1.494751  2.003126
163.0  0.518640  1.490862  2.009501
163.5  0.543566  1.461372  2.004938
164.0  0.578674  1.429820  2.008494
164.5  0.615214  1.391254  2.006467
165.0  0.641958  1.364168  2.006125
165.5  0.648173  1.358481  2.006654
166.0  0.627420  1.378297  2.005717
166.5  0.581060  1.425906  2.006966
167.0  0.519568  1.488014  2.007582
167.5  0.459899  1.547548  2.007447
168.0  0.418971  1.592297  2.011268
168.5  0.406171  1.598468  2.004638
169.0  0.419294  1.591911  2.011205
169.5  0.446452  1.554611  2.001063
170.0  0.472479  1.539159  2.011638
170.5  0.485719  1.514025  1.999744
171.0  0.481766  1.528141  2.009907
171.5  0.463437  1.537173  2.000611
172.0  0.438340  1.572221  2.010561
172.5  0.415756  1.589758  2.005514
173.0  0.403925  1.605754  2.009679
173.5  0.408060  1.600371  2.008431
174.0  0.429132  1.578332  2.007465
174.5  0.463466  1.545312  2.008778
175.0  0.503287  1.502637  2.005924
175.5  0.538404  1.469814  2.008218
176.0  0.559032  1.445679  2.004711
176.5  0.559349  1.448164  2.007513
177.0  0.540622  1.466451  2.007073
177.5  0.512101  1.493760  2.005861
178.0  0.488166  1.521272  2.009438
178.5  0.482052  1.524921  2.006972
179.0  0.499154  1.509570  2.008724
179.5  0.534054  1.472572  2.006626
180.0  0.573269  1.432150  2.005418
180.5  0.601862  1.405085  2.006947
181.0  0.609796  1.391705  2.001501
181.5  0.594948  1.415887  2.010835
182.0  0.562461  1.439243  2.001704
182.5  0.521952  1.489859  2.011811
183.0  0.484309  1.518950  2.003259
183.5  0.458983  1.552674  2.011656
184.0  0.452009  1.553868  2.005877
184.5  0.464736  1.543425  2.008162
185.0  0.493328  1.515683  2.009010
185.5  0.529266  1.475716  2.004982
186.0  0.561104  1.448681  2.009784
186.5  0.577531  1.425897  2.003428
187.0  0.571355  1.438760  2.010116
187.5  0.543161  1.460643  2.003804
188.0  0.502675  1.507335  2.010010
188.5  0.466003  1.543257  2.009260
189.0  0.448842  1.561797  2.010639
189.5  0.458790  1.551069  2.009859
190.0  0.491412  1.518252  2.009664
190.5  0.532703  1.475667  2.008370
191.0  0.566187  1.440788  2.006975
191.5  0.580092  1.424705  2.004797
192.0  0.570972  1.439770  2.010742
192.5  0.543206  1.462366  2.005572
193.0  0.506087  1.507963  2.014050
193.5  0.470441  1.534990  2.005431
194.0  0.445843  1.570988  2.016831
194.5  0.438617  1.567733  2.006349
195.0  0.450516  1.566038  2.016554
195.5  0.478136  1.527727  2.005864
196.0  0.513303  1.500007  2.013310
196.5  0.544793  1.462271  2.007064
197.0  0.561480  1.447218  2.008697
197.5  0.556459  1.451495  2.007954
198.0  0.530791  1.477600  2.008391
198.5  0.494711  1.516360  2.011072
199.0  0.464482  1.545195  2.009677
199.5  0.455214  1.558659  2.013873
200.0  0.473138  1.536431  2.009569
200.5  0.512156  1.498023  2.010179
201.0  0.557030  1.450759  2.007789
201.5  0.590945  1.416421  2.007366
202.0  0.602609  1.405336  2.007945
202.5  0.589417  1.417991  2.007408
203.0  0.556506  1.454492  2.010998
203.5  0.513618  1.494240  2.007858
204.0  0.471749  1.537626  2.009375
204.5  0.440520  1.569219  2.009739
205.0  0.426325  1.583586  2.009911
205.5  0.431087  1.580771  2.011858
206.0  0.451621  1.553901  2.005522
206.5  0.479918  1.531322  2.011241
207.0  0.504745  1.498396  2.003142
207.5  0.514768  1.496475  2.011242
208.0  0.502790  1.499940  2.002729
208.5  0.469735  1.539232  2.008966
209.0  0.426127  1.580038  2.006164
209.5  0.389105  1.618776  2.007880
210.0  0.375152  1.635912  2.011064
210.5  0.391983  1.614607  2.006589
211.0  0.434553  1.576057  2.010610
211.5  0.487849  1.516089  2.003938
212.0  0.534375  1.472723  2.007099
212.5  0.561525  1.442676  2.004201
213.0  0.565158  1.441186  2.006344
213.5  0.549021  1.458829  2.007850
214.0  0.521854  1.486703  2.008557
214.5  0.494134  1.514600  2.008733
215.0  0.475435  1.534871  2.010306
215.5  0.472487  1.536804  2.009291
216.0  0.487754  1.527062  2.014816
216.5  0.518565  1.488616  2.007182
217.0  0.557089  1.457368  2.014457
217.5  0.591628  1.414455  2.006083
218.0  0.609554  1.405677  2.015230
218.5  0.601611  1.404975  2.006586
219.0  0.566386  1.447079  2.013465
219.5  0.512672  1.498620  2.011292
220.0  0.457412  1.558322  2.015733
220.5  0.418875  1.596959  2.015834
221.0  0.408084  1.606460  2.014544
221.5  0.423701  1.594272  2.017973
222.0  0.453730  1.558868  2.012598
222.5  0.482575  1.533540  2.016115
223.0  0.498570  1.515259  2.013829
223.5  0.497917  1.519295  2.017211
224.0  0.484273  1.528840  2.013112
224.5  0.465837  1.550440  2.016278
225.0  0.452017  1.565150  2.017168
225.5  0.450785  1.564469  2.015253
226.0  0.466861  1.549038  2.015899
226.5  0.500544  1.514054  2.014598
227.0  0.547159  1.469960  2.017119
227.5  0.597405  1.414868  2.012272
228.0  0.638992  1.373571  2.012562
228.5  0.659795  1.352289  2.012084
229.0  0.652109  1.358349  2.010458
229.5  0.616627  1.396704  2.013331
230.0  0.563882  1.443895  2.007777
230.5  0.511180  1.505907  2.017086
231.0  0.475261  1.532977  2.008238
231.5  0.464271  1.552061  2.016332
232.0  0.474050  1.532222  2.006273
232.5  0.491288  1.521365  2.012652
233.0  0.501221  1.507130  2.008350
233.5  0.494771  1.515794  2.010564
234.0  0.471452  1.540110  2.011563
234.5  0.437937  1.571058  2.008996
235.0  0.404483  1.609010  2.013493
235.5  0.381443  1.629804  2.011247
236.0  0.376835  1.636515  2.013351
236.5  0.394899  1.615903  2.010802
237.0  0.435264  1.575973  2.011237
237.5  0.492594  1.519650  2.012243
238.0  0.556967  1.453453  2.010420
238.5  0.615449  1.394144  2.009593
239.0  0.655150  1.353287  2.008438
239.5  0.667428  1.339862  2.007289
240.0  0.651887  1.358646  2.010533
240.5  0.617940  1.388836  2.006776
241.0  0.581889  1.431688  2.013577
241.5  0.559689  1.447034  2.006723
242.0  0.558853  1.457013  2.015866
242.5  0.574578  1.432677  2.007255
243.0  0.592840  1.419401  2.012241
243.5  0.598267  1.408685  2.006952
244.0  0.581631  1.428355  2.009987
244.5  0.543015  1.466599  2.009615
245.0  0.490295  1.518910  2.009206
245.5  0.435170  1.578016  2.013186
246.0  0.389179  1.620172  2.009350
246.5  0.360976  1.653730  2.014706
247.0  0.354925  1.656504  2.011428
247.5  0.370579  1.644505  2.015084
248.0  0.402758  1.608314  2.011072
248.5  0.442280  1.569282  2.011562
249.0  0.477693  1.533828  2.011521
249.5  0.498232  1.511599  2.009831
250.0  0.497649  1.513812  2.011461
250.5  0.477643  1.533117  2.010761
251.0  0.448811  1.565828  2.014640
251.5  0.427352  1.585329  2.012681
252.0  0.427871  1.585858  2.013729
252.5  0.455718  1.558725  2.014443
253.0  0.503651  1.507336  2.010987
253.5  0.555314  1.458624  2.013937
254.0  0.593309  1.410985  2.004293
254.5  0.606785  1.406910  2.013695
255.0  0.594683  1.411274  2.005957
255.5  0.564256  1.450575  2.014831
256.0  0.527015  1.479730  2.006745
256.5  0.494534  1.520246  2.014780
257.0  0.475450  1.534058  2.009509
257.5  0.473862  1.537659  2.011522
258.0  0.488793  1.521069  2.009861
258.5  0.514430  1.495224  2.009654
259.0  0.541165  1.468353  2.009517
259.5  0.557631  1.448471  2.006102
260.0  0.553875  1.454614  2.008489
260.5  0.525239  1.482386  2.007625
261.0  0.475641  1.534371  2.010012
261.5  0.418215  1.594234  2.012449
262.0  0.371596  1.640521  2.012117
262.5  0.352331  1.661283  2.013613
263.0  0.366951  1.645100  2.012051
263.5  0.408632  1.602709  2.011341
264.0  0.460836  1.551806  2.012642
264.5  0.505573  1.499669  2.005243
265.0  0.531101  1.481265  2.012366
265.5  0.535219  1.468523  2.003741
266.0  0.523857  1.492479  2.016335
266.5  0.507148  1.498949  2.006097
267.0  0.495375  1.519164  2.014538
267.5  0.496070  1.514105  2.010175
268.0  0.512452  1.499961  2.012413
268.5  0.542878  1.469990  2.012868
269.0  0.581068  1.428618  2.009686
269.5  0.617118  1.397089  2.014207
270.0  0.639514  1.366948  2.006462
270.5  0.638272  1.375586  2.013858
271.0  0.608784  1.400075  2.008859
271.5  0.555107  1.460459  2.015566
272.0  0.490657  1.520937  2.011594
272.5  0.434566  1.578879  2.013445
273.0  0.404082  1.608613  2.012695
273.5  0.406508  1.607192  2.013700
274.0  0.435694  1.578581  2.014275
274.5  0.475660  1.535439  2.011100
275.0  0.509023  1.502767  2.011789
275.5  0.524849  1.487000  2.011849
276.0  0.521934  1.490744  2.012678
276.5  0.507161  1.507825  2.014986
277.0  0.491261  1.521086  2.012347
277.5  0.484478  1.533803  2.018281
278.0  0.493521  1.518069  2.011590
278.5  0.520033  1.500431  2.020464
279.0  0.560300  1.448365  2.008665
279.5  0.605908  1.414632  2.020540
280.0  0.645301  1.360414  2.005715
280.5  0.666283  1.350810  2.017093
281.0  0.659414  1.346932  2.006346
281.5  0.621741  1.394520  2.016260
282.0  0.559509  1.449091  2.008600
282.5  0.487992  1.526714  2.014706
283.0  0.427065  1.586897  2.013962
283.5  0.393386  1.619754  2.013140
284.0  0.392864  1.621271  2.014134
284.5  0.418045  1.594637  2.012682
285.0  0.452354  1.558728  2.011082
285.5  0.478484  1.531965  2.010449
286.0  0.485842  1.523744  2.009586
286.5  0.473488  1.539821  2.013309
287.0  0.448496  1.561019  2.009515
287.5  0.421942  1.593447  2.015389
288.0  0.404783  1.607815  2.012598
288.5  0.404873  1.609386  2.014260
289.0  0.425317  1.589153  2.014470
289.5  0.463948  1.545344  2.009292
290.0  0.513713  1.503669  2.017382
290.5  0.563936  1.443175  2.007110
291.0  0.602551  1.413122  2.015674
291.5  0.619281  1.385514  2.004795
292.0  0.609282  1.407272  2.016554
292.5  0.576088  1.434859  2.010946
293.0  0.532007  1.484816  2.016822
293.5  0.494480  1.523167  2.017648
294.0  0.478830  1.538514  2.017344
294.5  0.490732  1.530453  2.021185
295.0  0.523110  1.492109  2.015219
295.5  0.559801  1.461071  2.020872
296.0  0.583724  1.430324  2.014048
296.5  0.584443  1.434551  2.018994
297.0  0.561355  1.454981  2.016336
297.5  0.522240  1.496947  2.019187
298.0  0.479291  1.539896  2.019187
298.5  0.444908  1.574860  2.019768
299.0  0.428508  1.594730  2.023238
299.5  0.434596  1.585920  2.020516
300.0  0.461968  1.559162  2.021131
300.5  0.503922  1.516240  2.020163
301.0  0.549512  1.471813  2.021325
301.5  0.585945  1.436546  2.022491
302.0  0.602011  1.417731  2.019742
302.5  0.591954  1.432755  2.024709
303.0  0.558462  1.457817  2.016279
303.5  0.512922  1.515892  2.028814
304.0  0.471618  1.544423  2.016041
304.5  0.448577  1.581602  2.030178
305.0  0.448594  1.567951  2.016545
305.5  0.464871  1.562192  2.027063
306.0  0.483033  1.531704  2.014737
306.5  0.488827  1.533301  2.022128
307.0  0.474628  1.542639  2.017268
307.5  0.441638  1.580680  2.022318
308.0  0.398015  1.622851  2.020866
308.5  0.355109  1.664393  2.019502
309.0  0.323837  1.697427  2.021264
309.5  0.312131  1.708492  2.020624
310.0  0.323524  1.698105  2.021630
310.5  0.356670  1.663514  2.020184
311.0  0.405637  1.611173  2.016810
311.5  0.460985  1.558542  2.019527
312.0  0.511699  1.504568  2.016267
312.5  0.547939  1.472231  2.020170
313.0  0.564215  1.450507  2.014722
313.5  0.561992  1.456570  2.018563
314.0  0.550179  1.466991  2.017170
314.5  0.542157  1.474856  2.017013
315.0  0.549668  1.471661  2.021329
315.5  0.576449  1.436703  2.013152
316.0  0.615705  1.407145  2.022849
316.5  0.653420  1.356014  2.009434
317.0  0.675383  1.346002  2.021384
317.5  0.673426  1.339465  2.012892
318.0  0.647805  1.375262  2.023068
318.5  0.605687  1.411346  2.017033
319.0  0.557720  1.461392  2.019112
319.5  0.514574  1.507664  2.022238
320.0  0.484415  1.536120  2.020535
320.5  0.471425  1.553452  2.024877
321.0  0.475250  1.543040  2.018290
321.5  0.491258  1.531812  2.023070
322.0  0.511596  1.508743  2.020339
322.5  0.527047  1.496366  2.023413
323.0  0.529564  1.491270  2.020835
323.5  0.515102  1.505776  2.020878
324.0  0.485875  1.535369  2.021244
324.5  0.450762  1.569343  2.020105
325.0  0.422680  1.600002  2.022682
325.5  0.413126  1.609757  2.022883
326.0  0.426383  1.596223  2.022606
326.5  0.457065  1.566799  2.023864
327.0  0.492949  1.525811  2.018760
327.5  0.521260  1.502870  2.024130
328.0  0.534356  1.480552  2.014908
328.5  0.531901  1.496081  2.027982
329.0  0.519486  1.497046  2.016533
329.5  0.505482  1.524495  2.029977
330.0  0.497879  1.518869  2.016748
330.5  0.502009  1.528752  2.030761
331.0  0.519284  1.499136  2.018420
331.5  0.546889  1.480757  2.027646
332.0  0.578340  1.441603  2.019943
332.5  0.604898  1.418594  2.023492
333.0  0.617714  1.402082  2.019796
333.5  0.610449  1.410249  2.020698
334.0  0.581773  1.439568  2.021341
334.5  0.536865  1.484779  2.021644
335.0  0.486779  1.535010  2.021789
335.5  0.444979  1.576475  2.021454
336.0  0.421842  1.598687  2.020529
336.5  0.419801  1.603160  2.022960
337.0  0.432296  1.584168  2.016464
337.5  0.447532  1.573279  2.020811
338.0  0.454636  1.560676  2.015312
338.5  0.448472  1.571224  2.019697
339.0  0.430918  1.584365  2.015283
339.5  0.409026  1.608423  2.017449
340.0  0.391838  1.627844  2.019681
340.5  0.387391  1.627783  2.015174
341.0  0.400593  1.622436  2.023029
341.5  0.432093  1.581647  2.013740
342.0  0.478069  1.544773  2.022842
342.5  0.530923  1.480449  2.011372
343.0  0.580819  1.438795  2.019615
343.5  0.617896  1.395734  2.013629
344.0  0.634807  1.380666  2.015473
344.5  0.629019  1.386752  2.015771
345.0  0.604112  1.408648  2.012760
345.5  0.569270  1.450559  2.019829
346.0  0.536458  1.478223  2.014682
346.5  0.515830  1.506364  2.022194
347.0  0.511346  1.504063  2.015410
347.5  0.519240  1.499000  2.018240
348.0  0.530488  1.486471  2.016959
348.5  0.535783  1.481955  2.017738
349.0  0.529939  1.487708  2.017647
349.5  0.513565  1.503721  2.017286
350.0  0.491960  1.527834  2.019794
350.5  0.472565  1.546263  2.018828
351.0  0.462335  1.556268  2.018603
351.5  0.465743  1.555842  2.021585
352.0  0.483628  1.533529  2.017156
352.5  0.512894  1.510174  2.023068
353.0  0.547076  1.466529  2.013604
353.5  0.577722  1.445859  2.023581
354.0  0.596434  1.414187  2.010621
354.5  0.597195  1.424827  2.022022
355.0  0.578404  1.431750  2.010154
355.5  0.543911  1.477468  2.021378
356.0  0.502296  1.510324  2.012620
356.5  0.464111  1.556221  2.020332
357.0  0.437745  1.577398  2.015144
357.5  0.425839  1.592097  2.017937
358.0  0.424427  1.591234  2.015661
358.5  0.425543  1.589580  2.015124
359.0  0.421694  1.593499  2.015194
359.5  0.409482  1.605116  2.014598
360.0  0.390686  1.626108  2.016794
360.5  0.370959  1.644379  2.015338
361.0  0.357394  1.656727  2.014121
361.5  0.356142  1.660533  2.016674
362.0  0.370698  1.642514  2.013212
362.5  0.401018  1.614448  2.015466
363.0  0.443461  1.567626  2.011087
363.5  0.491537  1.523348  2.014885
364.0  0.537349  1.473748  2.011097
364.5  0.573491  1.438155  2.011645
365.0  0.594999  1.418649  2.013648
365.5  0.600845  1.408831  2.009676
366.0  0.594429  1.423918  2.018346
366.5  0.582646  1.426394  2.009040
367.0  0.573468  1.445092  2.018560
367.5  0.572663  1.438070  2.010733
368.0  0.581106  1.437551  2.018657
368.5  0.594312  1.417430  2.011742
369.0  0.604715  1.408349  2.013063
369.5  0.605469  1.409526  2.014995
370.0  0.593594  1.421219  2.014814
370.5  0.571000  1.446314  2.017314
371.0  0.543394  1.471122  2.014517
371.5  0.518068  1.499097  2.017164
372.0  0.501589  1.515953  2.017542
372.5  0.498016  1.519809  2.017824
373.0  0.507869  1.508668  2.016537
373.5  0.527963  1.486542  2.014504
374.0  0.552109  1.462618  2.014727
374.5  0.572636  1.439640  2.012276
375.0  0.582468  1.430105  2.012573
375.5  0.577286  1.436389  2.013675
376.0  0.557121  1.454802  2.011923
376.5  0.526712  1.490589  2.017301
377.0  0.494197  1.517470  2.011667
377.5  0.468288  1.550297  2.018585
378.0  0.454844  1.556933  2.011777
378.5  0.454411  1.565999  2.020410
379.0  0.462132  1.549471  2.011603
379.5  0.470237  1.547334  2.017572
380.0  0.471743  1.539314  2.011057
380.5  0.463353  1.553619  2.016972
381.0  0.446362  1.566771  2.013133
381.5  0.425679  1.590688  2.016367
382.0  0.407879  1.608634  2.016514
382.5  0.399159  1.617345  2.016504
383.0  0.403680  1.613218  2.016898
383.5  0.422504  1.594887  2.017391
384.0  0.453213  1.565727  2.018940
384.5  0.490317  1.526082  2.016399
385.0  0.526476  1.488513  2.014988
385.5  0.554391  1.461134  2.015525
386.0  0.568989  1.444220  2.013208
386.5  0.569199  1.449625  2.018825
387.0  0.558599  1.455838  2.014437
387.5  0.544313  1.473438  2.017751
388.0  0.534256  1.480187  2.014443
388.5  0.533646  1.483489  2.017135
389.0  0.542470  1.473979  2.016450
389.5  0.555401  1.458289  2.013691
390.0  0.564347  1.453106  2.017453
390.5  0.562181  1.462482  2.024664
391.0  0.545650  1.488059  2.033709
391.5  0.516257  1.527804  2.044061
392.0  0.479318  1.574394  2.053711
392.5  0.442066  1.619208  2.061273
393.0  0.411659  1.655867  2.067526
393.5  0.393543  1.677583  2.071126
394.0  0.390336  1.681038  2.071375
394.5  0.401332  1.666615  2.067947
395.0  0.422690  1.640840  2.063530
395.5  0.448381  1.609763  2.058144
396.0  0.471810  1.581268  2.053078
396.5  0.487809  1.562067  2.049877
397.0  0.494447  1.554088  2.048535
397.5  0.493906  1.555050  2.048956
398.0  0.491830  1.559454  2.051284
398.5  0.495066  1.557855  2.052920
399.0  0.508542  1.544228  2.052770
399.5  0.532777  1.518724  2.051501
400.0  0.563435  1.487329  2.050764
400.5  0.593219  1.452708  2.045927
401.0  0.614969  1.424682  2.039651
401.5  0.624249  1.408029  2.032278
402.0  0.620376  1.403894  2.024270
402.5  0.605966  1.410828  2.016793
403.0  0.585654  1.424232  2.009885
403.5  0.564608  1.439214  2.003822
404.0  0.547183  1.451802  1.998985
404.5  0.535884  1.467501  2.003385
405.0  0.530771  1.471410  2.002180
405.5  0.529440  1.473120  2.002560
406.0  0.527683  1.474804  2.002487
406.5  0.520772  1.480987  2.001759
407.0  0.505167  1.497583  2.002750
407.5  0.480132  1.521467  2.001599
408.0  0.448623  1.554423  2.003045
408.5  0.416783  1.585156  2.001939
409.0  0.391893  1.610833  2.002726
409.5  0.379421  1.623506  2.002928
410.0  0.380606  1.620227  2.000834
410.5  0.392027  1.610254  2.002280
411.0  0.407445  1.591929  1.999374
411.5  0.420792  1.580989  2.001780
412.0  0.428599  1.570135  1.998734
412.5  0.430912  1.569553  2.000465
413.0  0.430753  1.569287  2.000040
413.5  0.432775  1.565891  1.998666
414.0  0.441692  1.558546  2.000238
414.5  0.460832  1.535223  1.996055
415.0  0.491036  1.511741  2.002778
415.5  0.530116  1.465396  1.995511
416.0  0.573016  1.427562  2.000578
416.5  0.612754  1.381355  1.994108
417.0  0.641998  1.356023  1.998021
417.5  0.654984  1.340864  1.995848
418.0  0.649269  1.348704  1.997973
418.5  0.626729  1.373865  2.000594
419.0  0.593239  1.407874  2.001112
419.5  0.556857  1.446533  2.003389
420.0  0.524997  1.476484  2.001481
420.5  0.501800  1.501383  2.003183
421.0  0.487053  1.516858  2.003912
421.5  0.477209  1.524861  2.002070
422.0  0.467739  1.535204  2.002943
422.5  0.455467  1.546213  2.001680
423.0  0.439858  1.562582  2.002440
423.5  0.423123  1.580180  2.003303
424.0  0.409475  1.593390  2.002865
424.5  0.403893  1.602445  2.006339
425.0  0.410697  1.590771  2.001468
425.5  0.432187  1.574051  2.006238
426.0  0.467704  1.532821  2.000526
426.5  0.513447  1.493332  2.006779
427.0  0.563189  1.437965  2.001154
427.5  0.609754  1.394841  2.004595
428.0  0.646827  1.355198  2.002024
428.5  0.670508  1.334126  2.004634
429.0  0.680097  1.325525  2.005622
429.5  0.677771  1.327521  2.005292
430.0  0.667250  1.342072  2.009322
430.5  0.651914  1.353452  2.005366
431.0  0.633273  1.375292  2.008565
431.5  0.610622  1.393055  2.003677
432.0  0.582066  1.426465  2.008531
432.5  0.546231  1.459457  2.005688
433.0  0.503627  1.505524  2.009151
433.5  0.457082  1.548613  2.005695
434.0  0.411314  1.592774  2.004088
434.5  0.372019  1.633236  2.005255
435.0  0.344728  1.659445  2.004173
435.5  0.333571  1.671055  2.004626
436.0  0.340108  1.662617  2.002725
436.5  0.362593  1.641216  2.003810
437.0  0.396049  1.608315  2.004364
437.5  0.433364  1.568904  2.002268
438.0  0.467212  1.537557  2.004769
438.5  0.492134  1.508072  2.000206
439.0  0.506007  1.500985  2.006992
439.5  0.510287  1.489950  2.000237
440.0  0.508942  1.498671  2.007613
440.5  0.506519  1.496007  2.002526
441.0  0.506140  1.500846  2.006987
441.5  0.508303  1.493900  2.002204
442.0  0.511020  1.492915  2.003935
442.5  0.511116  1.494215  2.005331
443.0  0.505864  1.497757  2.003621
443.5  0.494104  1.511759  2.005863
444.0  0.476557  1.525793  2.002350
444.5  0.455610  1.549747  2.005357
445.0  0.434880  1.566820  2.001701
445.5  0.418624  1.584414  2.003038
446.0  0.410864  1.591141  2.002005
446.5  0.414278  1.588996  2.003274
447.0  0.429165  1.575514  2.004680
447.5  0.453062  1.550181  2.003243
448.0  0.481399  1.521539  2.002938
448.5  0.509111  1.495775  2.004886
449.0  0.532540  1.469555  2.002095
449.5  0.550662  1.453614  2.004276
450.0  0.564991  1.435801  2.000792
450.5  0.578225  1.427259  2.005484
451.0  0.592398  1.417196  2.009594
451.5  0.607527  1.407425  2.014952
452.0  0.621414  1.398601  2.020015
452.5  0.630628  1.392469  2.023097
453.0  0.632085  1.390760  2.022846
453.5  0.624357  1.397169  2.021526
454.0  0.608085  1.411929  2.020014
454.5  0.585566  1.431707  2.017273
455.0  0.560001  1.453229  2.013230
455.5  0.534854  1.474284  2.009138
456.0  0.513371  1.492203  2.005574
456.5  0.498030  1.503812  2.001842
457.0  0.489816  1.509187  1.999003
457.5  0.487559  1.509380  1.996940
458.0  0.487855  1.506640  1.994495
458.5  0.485971  1.507070  1.993041
459.0  0.477710  1.514364  1.992074
459.5  0.461472  1.530734  1.992206
460.0  0.439437  1.553301  1.992738
460.5  0.417035  1.578290  1.995324
461.0  0.400809  1.597871  1.998681
461.5  0.395675  1.605439  2.001114
462.0  0.402934  1.599205  2.002139
462.5  0.419981  1.583825  2.003806
463.0  0.441708  1.563566  2.005274
463.5  0.462781  1.543476  2.006257
464.0  0.479580  1.527737  2.007317
464.5  0.490987  1.515009  2.005996
465.0  0.498042  1.504120  2.002162
465.5  0.503073  1.497641  2.000714
466.0  0.508858  1.489124  1.997982
466.5  0.517976  1.475999  1.993974
467.0  0.532152  1.458009  1.990161
467.5  0.551492  1.435136  1.986628
468.0  0.573800  1.409350  1.983150
468.5  0.594487  1.384603  1.979090
469.0  0.607509  1.368517  1.976026
469.5  0.607323  1.367407  1.974730
470.0  0.591174  1.383572  1.974747
470.5  0.560602  1.414067  1.974669
471.0  0.521243  1.453672  1.974915
471.5  0.480855  1.495176  1.976031
472.0  0.446473  1.531610  1.978083
472.5  0.422104  1.554434  1.976538
473.0  0.407994  1.566735  1.974729
473.5  0.401639  1.573386  1.975026
474.0  0.399735  1.575778  1.975513
474.5  0.399945  1.576019  1.975964
475.0  0.401694  1.574631  1.976326
475.5  0.405958  1.569996  1.975955
476.0  0.414578  1.562114  1.976693
476.5  0.429600  1.549537  1.979137
477.0  0.452762  1.529243  1.982005
477.5  0.484934  1.498970  1.983904
478.0  0.525392  1.459751  1.985143
478.5  0.571127  1.416457  1.987584
479.0  0.616724  1.373516  1.990241
479.5  0.655300  1.335500  1.990801
480.0  0.680491  1.309548  1.990038
480.5  0.688776  1.302480  1.991257
481.0  0.680954  1.309988  1.990942
481.5  0.661795  1.327401  1.989196
482.0  0.637900  1.350481  1.988380
482.5  0.614824  1.374538  1.989362
483.0  0.595002  1.393494  1.988496
483.5  0.577459  1.409187  1.986646
484.0  0.559215  1.426256  1.985471
484.5  0.537407  1.448812  1.986219
485.0  0.510925  1.476539  1.987464
485.5  0.480865  1.509399  1.990264
486.0  0.449973  1.543122  1.993095
486.5  0.421734  1.574981  1.996715
487.0  0.399648  1.602066  2.001714
487.5  0.386770  1.622512  2.009282
488.0  0.385214  1.630569  2.015783
488.5  0.395415  1.625719  2.021134
489.0  0.415359  1.611351  2.026711
489.5  0.440354  1.592244  2.032598
490.0  0.463937  1.571443  2.035380
490.5  0.479967  1.557129  2.037096
491.0  0.485137  1.551991  2.037127
491.5  0.480588  1.555626  2.036214
492.0  0.471512  1.560554  2.032066
492.5  0.464647  1.563010  2.027657
493.0  0.464889  1.558167  2.023056
493.5  0.472869  1.545228  2.018097
494.0  0.484840  1.527927  2.012768
494.5  0.494804  1.512859  2.007663
495.0  0.497522  1.507556  2.005077
495.5  0.490683  1.513215  2.003898
496.0  0.475350  1.529121  2.004471
496.5  0.454992  1.549566  2.004558
497.0  0.434091  1.573182  2.007273
497.5  0.417116  1.589860  2.006976
498.0  0.407972  1.598096  2.006068
498.5  0.409585  1.594453  2.004038
499.0  0.423301  1.577004  2.000304
499.5  0.448185  1.547670  1.995855
500.0  0.480727  1.511845  1.992571
500.5  0.515496  1.475089  1.990585
501.0  0.546869  1.440319  1.987188
501.5  0.571228  1.414592  1.985820
502.0  0.588518  1.400918  1.989436
502.5  0.602150  1.393937  1.996086
503.0  0.617036  1.385898  2.002933
503.5  0.636616  1.372047  2.008663
504.0  0.660483  1.354946  2.015429
504.5  0.684019  1.338320  2.022340
505.0  0.700359  1.328516  2.028875
505.5  0.703488  1.329791  2.033279
506.0  0.690657  1.345136  2.035792
506.5  0.662939  1.374311  2.037250
507.0  0.624182  1.414177  2.038359
507.5  0.579427  1.460071  2.039497
508.0  0.533747  1.506954  2.040701
508.5  0.491688  1.548831  2.040519
509.0  0.456924  1.582812  2.039736
509.5  0.431733  1.607844  2.039577
510.0  0.416320  1.624370  2.040690
510.5  0.408438  1.633964  2.042401
511.0  0.403898  1.642351  2.046249
511.5  0.398167  1.653161  2.051328
512.0  0.388568  1.668813  2.057381
512.5  0.376064  1.689918  2.065983
513.0  0.365555  1.708963  2.074518
513.5  0.364152  1.719221  2.083373
514.0  0.377896  1.714520  2.092416
514.5  0.408400  1.692274  2.100674
515.0  0.451326  1.654379  2.105705
515.5  0.497813  1.610330  2.108143
516.0  0.538129  1.571020  2.109149
516.5  0.565316  1.542757  2.108073
517.0  0.576945  1.526506  2.103451
517.5  0.574668  1.521219  2.095887
518.0  0.562648  1.526185  2.088832
518.5  0.546042  1.535327  2.081369
519.0  0.529983  1.542660  2.072643
519.5  0.518842  1.545077  2.063920
520.0  0.515428  1.543562  2.058990
520.5  0.520144  1.534871  2.055014
521.0  0.530492  1.521167  2.051659
521.5  0.541426  1.508741  2.050167
522.0  0.546744  1.503852  2.050596
522.5  0.541237  1.509699  2.050935
523.0  0.522864  1.525183  2.048047
523.5  0.494070  1.550960  2.045030
524.0  0.461468  1.581462  2.042930
524.5  0.433583  1.602975  2.036558
525.0  0.417305  1.610865  2.028170
525.5  0.414830  1.605885  2.020714
526.0  0.423015  1.591786  2.014801
526.5  0.435574  1.574680  2.010253
527.0  0.446500  1.562117  2.008618
527.5  0.452525  1.558325  2.010850
528.0  0.453612  1.562690  2.016302
528.5  0.452074  1.571657  2.023731
529.0  0.451358  1.580119  2.031478
529.5  0.455065  1.585242  2.040307
530.0  0.466181  1.582355  2.048536
530.5  0.486300  1.569376  2.055677
531.0  0.514881  1.545940  2.060821
531.5  0.548868  1.514468  2.063336
532.0  0.583058  1.481803  2.064861
532.5  0.611314  1.453703  2.065017
533.0  0.628338  1.434332  2.062670
533.5  0.631434  1.429203  2.060637
534.0  0.621625  1.439734  2.061359
534.5  0.603552  1.458699  2.062251
535.0  0.583836  1.479715  2.063552
535.5  0.568261  1.499400  2.067661
536.0  0.559125  1.513961  2.073086
536.5  0.554458  1.525227  2.079685
537.0  0.549650  1.537330  2.086980
537.5  0.540250  1.556936  2.097186
538.0  0.524073  1.582020  2.106093
538.5  0.501713  1.613227  2.114940
539.0  0.475915  1.647202  2.123117
539.5  0.450665  1.678818  2.129483
540.0  0.430419  1.706636  2.137055
540.5  0.419340  1.720908  2.140248
541.0  0.420345  1.719483  2.139829
541.5  0.434076  1.699969  2.134045
542.0  0.458227  1.671340  2.129568
542.5  0.487702  1.636657  2.124358
543.0  0.515743  1.600504  2.116247
543.5  0.535795  1.570762  2.106557
544.0  0.543553  1.554169  2.097722
544.5  0.538554  1.551925  2.090480
545.0  0.524584  1.563118  2.087702
545.5  0.508303  1.579777  2.088081
546.0  0.496254  1.591222  2.087475
546.5  0.491699  1.594429  2.086128
547.0  0.493313  1.592546  2.085859
547.5  0.496589  1.587731  2.084320
548.0  0.496738  1.587427  2.084165
548.5  0.491009  1.589726  2.080735
549.0  0.479332  1.596789  2.076121
549.5  0.463704  1.608085  2.071790
550.0  0.447296  1.617503  2.064799
550.5  0.433806  1.621492  2.055298
551.0  0.426942  1.620974  2.047916
551.5  0.429738  1.614900  2.044638
552.0  0.443649  1.598675  2.042324
552.5  0.467763  1.575503  2.043266
553.0  0.498578  1.550337  2.048914
553.5  0.530616  1.525877  2.056494
554.0  0.557812  1.507710  2.065522
554.5  0.575331  1.498316  2.073647
555.0  0.581290  1.500784  2.082075
555.5  0.577641  1.510526  2.088167
556.0  0.569421  1.525171  2.094592
556.5  0.562291  1.533761  2.096052
557.0  0.559541  1.536446  2.095987
557.5  0.560601  1.534189  2.094790
558.0  0.562067  1.531872  2.093939
558.5  0.560233  1.534117  2.094349
559.0  0.553121  1.540859  2.093979
559.5  0.540885  1.554267  2.095152
560.0  0.525062  1.572216  2.097278
560.5  0.507746  1.592991  2.100737
561.0  0.491295  1.614603  2.105898
561.5  0.478366  1.632798  2.111165
562.0  0.471742  1.646871  2.118613
562.5  0.473640  1.652015  2.125655
563.0  0.484672  1.647497  2.132170
563.5  0.503011  1.633541  2.136553
564.0  0.524326  1.615123  2.139450
564.5  0.542802  1.598821  2.141623
565.0  0.553085  1.587469  2.140554
565.5  0.552529  1.584875  2.137404
566.0  0.542678  1.590475  2.133154
566.5  0.528841  1.599021  2.127862
567.0  0.517458  1.604259  2.121716
567.5  0.512575  1.600603  2.113178
568.0  0.513776  1.590568  2.104344
568.5  0.516966  1.580576  2.097542
569.0  0.517122  1.574660  2.091782
569.5  0.510828  1.576642  2.087470
570.0  0.497165  1.587876  2.085041
570.5  0.477189  1.606465  2.083654
571.0  0.453058  1.631105  2.084163
571.5  0.427556  1.656754  2.084310
572.0  0.403995  1.678926  2.082922
572.5  0.386034  1.694066  2.080100
573.0  0.377017  1.700923  2.077940
573.5  0.378881  1.696393  2.075274
574.0  0.391085  1.677979  2.069064
574.5  0.410246  1.653507  2.063753
575.0  0.430914  1.629582  2.060496
575.5  0.447475  1.609953  2.057428
576.0  0.456577  1.599176  2.055753
576.5  0.458972  1.599298  2.058270
577.0  0.459560  1.603430  2.062989
577.5  0.465077  1.605645  2.070722
578.0  0.480467  1.596703  2.077170
578.5  0.506191  1.577212  2.083403
579.0  0.538223  1.549976  2.088199
579.5  0.570381  1.520253  2.090634
580.0  0.597090  1.495409  2.092498
580.5  0.614909  1.477456  2.092365
581.0  0.622620  1.468445  2.091064
581.5  0.620662  1.471277  2.091939
582.0  0.610665  1.478740  2.089405
582.5  0.595250  1.491692  2.086941
583.0  0.577798  1.509870  2.087667
583.5  0.561835  1.526023  2.087858
584.0  0.549997  1.539458  2.089455
584.5  0.542943  1.549370  2.092313
585.0  0.538840  1.558500  2.097340
585.5  0.533896  1.565239  2.099135
586.0  0.524010  1.576669  2.100679
586.5  0.506996  1.594341  2.101337
587.0  0.484352  1.617640  2.101992
587.5  0.461344  1.638382  2.099726
588.0  0.444874  1.650403  2.095277
588.5  0.440100  1.648384  2.088484
589.0  0.447962  1.633394  2.081355
589.5  0.465215  1.608784  2.073999
590.0  0.486611  1.580146  2.066757
590.5  0.507399  1.552268  2.059667
591.0  0.524639  1.528906  2.053545
591.5  0.537193  1.512848  2.050041
592.0  0.545147  1.501692  2.046839
592.5  0.549383  1.494758  2.044141
593.0  0.551431  1.491493  2.042923
593.5  0.553299  1.489471  2.042770
594.0  0.556948  1.486150  2.043098
594.5  0.563365  1.478707  2.042072
595.0  0.571612  1.469321  2.040932
595.5  0.578477  1.463041  2.041518
596.0  0.579211  1.460478  2.039689
596.5  0.569372  1.466856  2.036229
597.0  0.547154  1.487201  2.034355
597.5  0.515007  1.519637  2.034644
598.0  0.479376  1.552460  2.031836
598.5  0.448213  1.581958  2.030172
599.0  0.427509  1.604577  2.032086
599.5  0.418999  1.612378  2.031377
600.0  0.420386  1.611486  2.031872
600.5  0.427450  1.606495  2.033946
601.0  0.436237  1.602031  2.038267
601.5  0.444062  1.598770  2.042833
602.0  0.449425  1.597154  2.046579
602.5  0.451644  1.597369  2.049013
603.0  0.450846  1.601643  2.052489
603.5  0.448252  1.606517  2.054769
604.0  0.446289  1.607463  2.053752
604.5  0.448055  1.603390  2.051446
605.0  0.456073  1.593512  2.049585
605.5  0.470828  1.578704  2.049532
606.0  0.489932  1.558403  2.048334
606.5  0.508600  1.539597  2.048197
607.0  0.521528  1.526598  2.048126
607.5  0.525422  1.521230  2.046652
608.0  0.520883  1.525697  2.046580
608.5  0.512370  1.535478  2.047849
609.0  0.505946  1.541117  2.047063
609.5  0.506009  1.537995  2.044005
610.0  0.513130  1.524717  2.037847
610.5  0.524304  1.509042  2.033345
611.0  0.535072  1.494551  2.029623
611.5  0.541783  1.484203  2.025986
612.0  0.542660  1.479225  2.021885
612.5  0.537673  1.481422  2.019095
613.0  0.527984  1.490244  2.018228
613.5  0.515642  1.502201  2.017843
614.0  0.503574  1.514036  2.017611
614.5  0.495459  1.520358  2.015817
615.0  0.494992  1.520418  2.015410
615.5  0.504505  1.511924  2.016429
616.0  0.523508  1.493853  2.017361
616.5  0.548070  1.468875  2.016945
617.0  0.571784  1.444229  2.016012
617.5  0.588218  1.427717  2.015935
618.0  0.593866  1.423976  2.017841
618.5  0.589998  1.424498  2.014496
619.0  0.582112  1.431983  2.014095
619.5  0.576893  1.436371  2.013264
620.0  0.578347  1.435570  2.013917
620.5  0.585525  1.427147  2.012672
621.0  0.593208  1.419940  2.013147
621.5  0.594703  1.418369  2.013072
622.0  0.584733  1.423905  2.008638
622.5  0.560943  1.447499  2.008442
623.0  0.523950  1.481858  2.005808
623.5  0.476762  1.532583  2.009345
624.0  0.424208  1.581384  2.005592
624.5  0.372526  1.639194  2.011721
625.0  0.328719  1.679977  2.008695
625.5  0.299313  1.712356  2.011670
626.0  0.288553  1.721958  2.010511
626.5  0.296679  1.714062  2.010741
627.0  0.319331  1.691715  2.011046
627.5  0.348805  1.660497  2.009301
628.0  0.377018  1.634385  2.011403
628.5  0.399003  1.609847  2.008850
629.0  0.415160  1.594901  2.010062
629.5  0.430856  1.578787  2.009644
630.0  0.453293  1.556614  2.009907
630.5  0.487308  1.525211  2.012520
631.0  0.532600  1.479701  2.012301
631.5  0.583843  1.427493  2.011335
632.0  0.633125  1.377537  2.010662
632.5  0.672846  1.336673  2.009519
633.0  0.697611  1.312898  2.010509
633.5  0.704848  1.305682  2.010529
634.0  0.694734  1.319064  2.013798
634.5  0.669981  1.341387  2.011368
635.0  0.635612  1.379476  2.015088
635.5  0.598386  1.413977  2.012363
636.0  0.565502  1.446650  2.012153
636.5  0.542549  1.470080  2.012630
637.0  0.531385  1.483795  2.015180
637.5  0.529077  1.482976  2.012053
638.0  0.528856  1.480538  2.009394
638.5  0.523096  1.490506  2.013602
639.0  0.507120  1.507312  2.014432
639.5  0.481880  1.532180  2.014060
640.0  0.453834  1.560451  2.014285
640.5  0.431846  1.586050  2.017897
641.0  0.422799  1.591522  2.014321
641.5  0.428547  1.588502  2.017049
642.0  0.445774  1.571356  2.017130
642.5  0.468232  1.548442  2.016674
643.0  0.489528  1.526007  2.015535
643.5  0.504978  1.512621  2.017599
644.0  0.512242  1.503599  2.015841
644.5  0.511234  1.504040  2.015274
645.0  0.503865  1.510533  2.014398
645.5  0.493771  1.522459  2.016230
646.0  0.485795  1.528124  2.013920
646.5  0.484863  1.532303  2.017167
647.0  0.494227  1.521503  2.015731
647.5  0.513618  1.504632  2.018251
648.0  0.538326  1.473010  2.011336
648.5  0.560149  1.452080  2.012230
649.0  0.570344  1.440105  2.010450
649.5  0.563509  1.449420  2.012929
650.0  0.540482  1.475476  2.015958
650.5  0.508451  1.509303  2.017754
651.0  0.477863  1.542370  2.020232
651.5  0.457724  1.560224  2.017948
652.0  0.451983  1.567956  2.019939
652.5  0.458837  1.555613  2.014449
653.0  0.472697  1.541733  2.014429
653.5  0.487055  1.529062  2.016117
654.0  0.496677  1.521866  2.018543
654.5  0.498605  1.518492  2.017097
655.0  0.492354  1.525219  2.017573
655.5  0.479749  1.539346  2.019096
656.0  0.464626  1.553943  2.018569
656.5  0.452194  1.562691  2.014885
657.0  0.447833  1.569074  2.016907
657.5  0.455279  1.562472  2.017751
658.0  0.474714  1.546545  2.021259
658.5  0.501709  1.516452  2.018162
659.0  0.527973  1.491097  2.019070
659.5  0.544150  1.473464  2.017614
660.0  0.543760  1.474395  2.018155
660.5  0.526401  1.494366  2.020766
661.0  0.498317  1.521507  2.019824
661.5  0.469718  1.555195  2.024913
662.0  0.450179  1.571443  2.021622
662.5  0.444758  1.582224  2.026982
663.0  0.452820  1.568162  2.020982
663.5  0.469591  1.553779  2.023370
664.0  0.488873  1.533786  2.022658
664.5  0.505302  1.519194  2.024496
665.0  0.515533  1.508082  2.023615
665.5  0.518564  1.505424  2.023988
666.0  0.515684  1.510035  2.025719
666.5  0.510218  1.515193  2.025411
667.0  0.506933  1.518236  2.025169
667.5  0.510839  1.514455  2.025294
668.0  0.525359  1.501583  2.026942
668.5  0.550372  1.477591  2.027963
669.0  0.581128  1.444184  2.025313
669.5  0.608977  1.416801  2.025778
670.0  0.624202  1.396467  2.020669
670.5  0.620045  1.404838  2.024884
671.0  0.596083  1.425152  2.021235
671.5  0.559048  1.466927  2.025975
672.0  0.520301  1.502381  2.022682
672.5  0.491036  1.536012  2.027048
673.0  0.477739  1.548303  2.026042
673.5  0.480196  1.545819  2.026015
674.0  0.492622  1.532438  2.025060
674.5  0.506688  1.515411  2.022099
675.0  0.514678  1.509535  2.024213
675.5  0.511655  1.506168  2.017824
676.0  0.496449  1.526564  2.023013
676.5  0.471717  1.547904  2.019620
677.0  0.443336  1.580472  2.023808
677.5  0.419136  1.600404  2.019540
678.0  0.406921  1.616479  2.023400
678.5  0.412009  1.611997  2.024006
679.0  0.434942  1.588568  2.023510
679.5  0.470381  1.551931  2.022312
680.0  0.508090  1.512988  2.021079
680.5  0.536122  1.486214  2.022336
681.0  0.545274  1.475149  2.020423
681.5  0.532960  1.485698  2.018658
682.0  0.504583  1.517868  2.022450
682.5  0.471458  1.548983  2.020441
683.0  0.446166  1.577443  2.023609
683.5  0.437632  1.584089  2.021721
684.0  0.448274  1.572477  2.020751
684.5  0.474139  1.548079  2.022219
685.0  0.507248  1.512704  2.019952
685.5  0.538596  1.485355  2.023951
686.0  0.560657  1.459285  2.019942
686.5  0.568964  1.455970  2.024933
687.0  0.562825  1.459540  2.022365
687.5  0.545320  1.480846  2.026166
688.0  0.522558  1.500974  2.023532
688.5  0.502129  1.524078  2.026207
689.0  0.490852  1.536126  2.026978
689.5  0.492354  1.534600  2.026954
690.0  0.505365  1.522714  2.028080
690.5  0.523726  1.502905  2.026631
691.0  0.538544  1.488832  2.027376
691.5  0.541969  1.483729  2.025698
692.0  0.530979  1.495998  2.026976
692.5  0.509195  1.519140  2.028335
693.0  0.485577  1.542814  2.028391
693.5  0.470517  1.560505  2.031021
694.0  0.471399  1.559175  2.030574
694.5  0.489807  1.542407  2.032215
695.0  0.521376  1.507708  2.029084
695.5  0.557777  1.473545  2.031323
696.0  0.589569  1.442235  2.031804
696.5  0.608810  1.422906  2.031717
697.0  0.610889  1.422171  2.033060
697.5  0.595389  1.437298  2.032687
698.0  0.566001  1.469741  2.035742
698.5  0.529510  1.502712  2.032222
699.0  0.494007  1.543942  2.037948
699.5  0.466654  1.568353  2.035007
700.0  0.451573  1.586688  2.038261
700.5  0.448512  1.584517  2.033030
701.0  0.452931  1.582930  2.035861
701.5  0.457765  1.576095  2.033860
702.0  0.456514  1.579318  2.035833
702.5  0.446443  1.587980  2.034423
703.0  0.430246  1.599305  2.029551
703.5  0.415119  1.617168  2.032287
704.0  0.409570  1.626653  2.036223
704.5  0.419625  1.614704  2.034329
705.0  0.446345  1.587034  2.033379
705.5  0.485543  1.549590  2.035133
706.0  0.529386  1.505913  2.035299
706.5  0.568905  1.461179  2.030083
707.0  0.596448  1.434727  2.031175
707.5  0.607502  1.425019  2.032520
708.0  0.601568  1.430456  2.032023
708.5  0.582005  1.449033  2.031037
709.0  0.554901  1.476449  2.031349
709.5  0.527240  1.506497  2.033737
710.0  0.504847  1.526617  2.031464
710.5  0.490692  1.545069  2.035760
711.0  0.484064  1.547145  2.031210
711.5  0.480973  1.550590  2.031563
712.0  0.475811  1.554827  2.030638
712.5  0.463932  1.568107  2.032038
713.0  0.444167  1.589042  2.033209
713.5  0.420022  1.610240  2.030262
714.0  0.398656  1.636135  2.034791
714.5  0.387962  1.646289  2.034251
715.0  0.393202  1.644952  2.038155
715.5  0.414868  1.620151  2.035020
716.0  0.448593  1.586378  2.034972
716.5  0.486798  1.547694  2.034492
717.0  0.521153  1.514106  2.035259
717.5  0.544973  1.490016  2.034989
718.0  0.554936  1.480636  2.035572
718.5  0.551802  1.485250  2.037053
719.0  0.540016  1.497382  2.037398
719.5  0.526252  1.509859  2.036111
720.0  0.517269  1.519168  2.036437
720.5  0.517670  1.518734  2.036404
721.0  0.528300  1.511260  2.039560
721.5  0.545859  1.488906  2.034765
722.0  0.563951  1.470883  2.034834
722.5  0.575351  1.457008  2.032359
723.0  0.574851  1.462953  2.037804
723.5  0.561611  1.467288  2.028899
724.0  0.539859  1.493245  2.033103
724.5  0.517343  1.514506  2.031850
725.0  0.502130  1.532850  2.034980
725.5  0.499301  1.531467  2.030768
726.0  0.509131  1.523909  2.033040
726.5  0.527333  1.505686  2.033019
727.0  0.546922  1.482703  2.029626
727.5  0.560693  1.470873  2.031566
728.0  0.563468  1.465922  2.029390
728.5  0.553559  1.476602  2.030162
729.0  0.533202  1.497250  2.030452
729.5  0.507928  1.524139  2.032067
730.0  0.484984  1.546381  2.031366
730.5  0.471133  1.560133  2.031267
731.0  0.470404  1.561342  2.031746
731.5  0.482547  1.547727  2.030274
732.0  0.502825  1.527046  2.029871
732.5  0.523393  1.507099  2.030492
733.0  0.535973  1.496143  2.032116
733.5  0.534962  1.496898  2.031861
734.0  0.519754  1.517142  2.036896
734.5  0.495134  1.546405  2.041539
735.0  0.469381  1.578564  2.047945
735.5  0.450892  1.600016  2.050908
736.0  0.444945  1.611517  2.056462
736.5  0.452034  1.606354  2.058388
737.0  0.468211  1.590121  2.058333
737.5  0.486910  1.570004  2.056914
738.0  0.501313  1.552092  2.053405
738.5  0.506471  1.542848  2.049320
739.0  0.500681  1.542822  2.043502
739.5  0.485889  1.552111  2.038000
740.0  0.467123  1.567395  2.034518
740.5  0.451045  1.581060  2.032105
741.0  0.443935  1.585697  2.029631
741.5  0.449591  1.579247  2.028838
742.0  0.467835  1.563446  2.031281
742.5  0.494239  1.534189  2.028428
743.0  0.521371  1.505746  2.027117
743.5  0.541323  1.484230  2.025552
744.0  0.548709  1.477294  2.026004
744.5  0.542879  1.482506  2.025385
745.0  0.528196  1.494586  2.022782
745.5  0.512093  1.511562  2.023654
746.0  0.501786  1.522707  2.024493
746.5  0.501328  1.523711  2.025039
747.0  0.510299  1.512224  2.022524
747.5  0.524429  1.497724  2.022153
748.0  0.537532  1.482186  2.019718
748.5  0.543828  1.477913  2.021741
749.0  0.539880  1.482643  2.022523
749.5  0.525671  1.497940  2.023611
750.0  0.504641  1.518207  2.022848
750.5  0.482750  1.542803  2.025552
751.0  0.466846  1.560854  2.027700
751.5  0.462696  1.564237  2.026933
752.0  0.473105  1.554752  2.027857
752.5  0.496668  1.532643  2.029311
753.0  0.527666  1.501776  2.029441
753.5  0.557466  1.468257  2.025723
754.0  0.577278  1.446664  2.023942
754.5  0.581370  1.443236  2.024606
755.0  0.569402  1.454407  2.023809
755.5  0.546617  1.475796  2.022412
756.0  0.521681  1.504740  2.026420
756.5  0.503189  1.525620  2.028809
757.0  0.496511  1.533198  2.029709
757.5  0.502212  1.529207  2.031418
758.0  0.516327  1.515257  2.031584
758.5  0.532015  1.502112  2.034127
759.0  0.541855  1.492487  2.034342
759.5  0.540117  1.493841  2.033958
760.0  0.524430  1.506663  2.031093
760.5  0.496478  1.536187  2.032665
761.0  0.461545  1.570424  2.031968
761.5  0.427077  1.601606  2.028683
762.0  0.400586  1.626482  2.027069
762.5  0.387430  1.640179  2.027609
763.0  0.389073  1.639645  2.028718
763.5  0.402494  1.622906  2.025400
764.0  0.421161  1.602699  2.023860
764.5  0.437509  1.587019  2.024528
765.0  0.446068  1.579995  2.026063
765.5  0.445847  1.580556  2.026403
766.0  0.440721  1.583527  2.024248
766.5  0.437577  1.585330  2.022907
767.0  0.443201  1.582045  2.025247
767.5  0.461480  1.563604  2.025083
768.0  0.492059  1.532715  2.024774
768.5  0.530681  1.493348  2.024029
769.0  0.570710  1.454202  2.024912
769.5  0.605185  1.420978  2.026162
770.0  0.628757  1.397435  2.026192
770.5  0.639037  1.388352  2.027389
771.0  0.637006  1.393923  2.030929
771.5  0.626442  1.409623  2.036065
772.0  0.612551  1.426300  2.038851
772.5  0.600182  1.440093  2.040275
773.0  0.592114  1.452501  2.044614
773.5  0.587908  1.460201  2.048109
774.0  0.583825  1.463771  2.047595
774.5  0.574073  1.474478  2.048551
775.0  0.553239  1.497808  2.051048
775.5  0.519078  1.532069  2.051147
776.0  0.474381  1.575109  2.049490
776.5  0.426813  1.623892  2.050705
777.0  0.386555  1.664573  2.051128
777.5  0.362790  1.687212  2.050002
778.0  0.360638  1.688795  2.049433
778.5  0.379725  1.669310  2.049035
779.0  0.414654  1.634979  2.049634
779.5  0.456899  1.591250  2.048149
780.0  0.497364  1.550198  2.047562
780.5  0.528847  1.520918  2.049764
781.0  0.547740  1.502860  2.050600
781.5  0.554588  1.499266  2.053853
782.0  0.553426  1.506128  2.059553
782.5  0.550177  1.512062  2.062238
783.0  0.550548  1.510416  2.060964
783.5  0.557989  1.500008  2.057997
784.0  0.572263  1.481426  2.053689
784.5  0.589178  1.458909  2.048086
785.0  0.601765  1.439998  2.041763
785.5  0.602787  1.433684  2.036472
786.0  0.587736  1.445248  2.032984
786.5  0.557051  1.474985  2.032036
787.0  0.516422  1.515440  2.031861
787.5  0.474893  1.559831  2.034724
788.0  0.441667  1.595108  2.036775
788.5  0.423036  1.617603  2.040638
789.0  0.420645  1.624111  2.044756
789.5  0.431458  1.615994  2.047452
790.0  0.449185  1.599971  2.049156
790.5  0.466568  1.581507  2.048074
791.0  0.477795  1.573119  2.050914
791.5  0.480270  1.572487  2.052757
792.0  0.475210  1.578488  2.053698
792.5  0.466912  1.586263  2.053175
793.0  0.461004  1.595439  2.056442
793.5  0.462261  1.598222  2.060482
794.0  0.472674  1.590738  2.063412
794.5  0.490385  1.576541  2.066926
795.0  0.509929  1.564742  2.074671
795.5  0.523896  1.557071  2.080967
796.0  0.525634  1.560722  2.086356
796.5  0.512073  1.579732  2.091806
797.0  0.485391  1.613701  2.099091
797.5  0.452632  1.650265  2.102897
798.0  0.423319  1.682958  2.106277
798.5  0.406155  1.702445  2.108600
799.0  0.406248  1.704099  2.110347
799.5  0.423765  1.682743  2.106508
800.0  0.454141  1.648207  2.102348
800.5  0.489528  1.609001  2.098529
801.0  0.521070  1.574501  2.095571
801.5  0.541492  1.550578  2.092069
802.0  0.547279  1.543296  2.090576
802.5  0.539751  1.548208  2.087959
803.0  0.524582  1.560057  2.084639
803.5  0.509901  1.574262  2.084163
804.0  0.503535  1.584295  2.087830
804.5  0.510272  1.578261  2.088533
805.0  0.530075  1.558632  2.088706
805.5  0.557938  1.533100  2.091037
806.0  0.585544  1.507134  2.092678
806.5  0.604224  1.490069  2.094293
807.0  0.608106  1.485086  2.093193
807.5  0.596210  1.496673  2.092883
808.0  0.572612  1.515611  2.088223
808.5  0.544763  1.538473  2.083237
809.0  0.520802  1.554043  2.074845
809.5  0.506987  1.561230  2.068217
810.0  0.505978  1.555504  2.061483
810.5  0.516223  1.537633  2.053855
811.0  0.532447  1.516331  2.048779
811.5  0.547237  1.498462  2.045699
812.0  0.553376  1.492241  2.045617
812.5  0.546253  1.501889  2.048142
813.0  0.525462  1.527694  2.053156
813.5  0.494972  1.563213  2.058185
814.0  0.461781  1.599508  2.061289
814.5  0.433520  1.629549  2.063070
815.0  0.415849  1.648275  2.064124
815.5  0.410599  1.652745  2.063343
816.0  0.415412  1.646195  2.061608
816.5  0.425054  1.637429  2.062484
817.0  0.433854  1.632349  2.066203
817.5  0.438197  1.631901  2.070099
818.0  0.437937  1.637434  2.075371
818.5  0.436134  1.644835  2.080969
819.0  0.437473  1.651850  2.089323
819.5  0.446304  1.653217  2.099520
820.0  0.465165  1.644752  2.109917
820.5  0.494039  1.624709  2.118748
821.0  0.530169  1.596228  2.126397
821.5  0.568369  1.565036  2.133405
822.0  0.602035  1.535337  2.137372
822.5  0.624891  1.513456  2.138347
823.0  0.633000  1.503707  2.136707
823.5  0.626219  1.507630  2.133849
824.0  0.608355  1.521120  2.129475
824.5  0.585811  1.540828  2.126639
825.0  0.565184  1.558262  2.123447
825.5  0.550751  1.566066  2.116818
826.0  0.542925  1.566858  2.109783
826.5  0.538423  1.563632  2.102055
827.0  0.532094  1.565815  2.097909
827.5  0.519569  1.575881  2.095450
828.0  0.499476  1.595098  2.094574
828.5  0.474201  1.621716  2.095917
829.0  0.448912  1.648264  2.097176
829.5  0.429507  1.669739  2.099245
830.0  0.420550  1.682428  2.102978
830.5  0.424011  1.683000  2.107011
831.0  0.438887  1.671430  2.110317
831.5  0.461466  1.650183  2.111649
832.0  0.486070  1.624856  2.110926
832.5  0.506393  1.600530  2.106923
833.0  0.517334  1.586136  2.103470
833.5  0.516775  1.581833  2.098608
834.0  0.506524  1.585834  2.092357
834.5  0.491846  1.592300  2.084147
835.0  0.479618  1.596683  2.076301
835.5  0.475709  1.594139  2.069848
836.0  0.482649  1.579364  2.062013
836.5  0.498605  1.558950  2.057555
837.0  0.518195  1.541093  2.059288
837.5  0.534804  1.526300  2.061104
838.0  0.543376  1.517586  2.060962
838.5  0.542410  1.522304  2.064713
839.0  0.534299  1.535046  2.069344
839.5  0.523992  1.549642  2.073635
840.0  0.516805  1.562392  2.079197
840.5  0.516516  1.565732  2.082248
841.0  0.524454  1.558588  2.083042
841.5  0.539474  1.541938  2.081412
842.0  0.558354  1.522100  2.080454
842.5  0.576383  1.502028  2.078411
843.0  0.588347  1.491230  2.079576
843.5  0.589989  1.492298  2.082287
844.0  0.579574  1.507531  2.087105
844.5  0.558789  1.537255  2.096044
845.0  0.532360  1.573644  2.106003
845.5  0.506330  1.607417  2.113747
846.0  0.485605  1.639619  2.125224
846.5  0.471833  1.663611  2.135444
847.0  0.462664  1.679357  2.142021
847.5  0.452873  1.689248  2.142122
848.0  0.436938  1.709936  2.146873
848.5  0.411899  1.733748  2.145647
849.0  0.379168  1.762288  2.141456
849.5  0.344383  1.790410  2.134793
850.0  0.315394  1.811812  2.127207
850.5  0.299433  1.819283  2.118715
851.0  0.300841  1.812454  2.113294
851.5  0.320203  1.788168  2.108372
852.0  0.354731  1.749243  2.103975
852.5  0.399231  1.701403  2.100634
853.0  0.447249  1.649524  2.096773
853.5  0.492421  1.602175  2.094597
854.0  0.530052  1.562105  2.092157
854.5  0.558512  1.536378  2.094890
855.0  0.579778  1.516688  2.096466
855.5  0.598592  1.501465  2.100057
856.0  0.620315  1.478427  2.098742
856.5  0.648225  1.447753  2.095977
857.0  0.681439  1.412249  2.093688
857.5  0.714549  1.377728  2.092277
858.0  0.739322  1.347124  2.086446
858.5  0.747807  1.330234  2.078041
859.0  0.735471  1.335997  2.071468
859.5  0.702944  1.360752  2.063696
860.0  0.655682  1.402586  2.058268
860.5  0.601859  1.451879  2.053738
861.0  0.549614  1.499087  2.048701
861.5  0.504930  1.537312  2.042242
862.0  0.470762  1.569277  2.040039
862.5  0.447192  1.594742  2.041934
863.0  0.432030  1.615481  2.047512
863.5  0.421634  1.628056  2.049689
864.0  0.412071  1.640003  2.052074
864.5  0.400686  1.654853  2.055538
865.0  0.387591  1.669651  2.057242
865.5  0.376268  1.683610  2.059878
866.0  0.372631  1.689030  2.061661
866.5  0.382593  1.680554  2.063148
867.0  0.409008  1.655932  2.064940
867.5  0.449459  1.617471  2.066930
868.0  0.496213  1.570768  2.066981
868.5  0.538621  1.530072  2.068693
869.0  0.567020  1.508320  2.075340
869.5  0.576335  1.505010  2.081345
870.0  0.567803  1.519046  2.086849
870.5  0.548123  1.544781  2.092903
871.0  0.526528  1.573593  2.100121
871.5  0.511231  1.595306  2.106537
872.0  0.506794  1.600535  2.107329
872.5  0.513283  1.591905  2.105188
873.0  0.526938  1.572215  2.099154
873.5  0.541591  1.552174  2.093765
874.0  0.550284  1.536268  2.086552
874.5  0.547081  1.530611  2.077692
875.0  0.529026  1.539186  2.068212
875.5  0.497801  1.566612  2.064413
876.0  0.460187  1.603948  2.064135
876.5  0.426558  1.635312  2.061869
877.0  0.407397  1.647519  2.054916
877.5  0.408994  1.641412  2.050406
878.0  0.430322  1.619320  2.049642
878.5  0.462906  1.587327  2.050232
879.0  0.494019  1.556358  2.050376
879.5  0.511783  1.535698  2.047481
880.0  0.509857  1.540369  2.050227
880.5  0.489775  1.562086  2.051861
881.0  0.460135  1.591170  2.051305
881.5  0.433136  1.617662  2.050797
882.0  0.419969  1.630308  2.050276
882.5  0.427024  1.623084  2.050108
883.0  0.454254  1.594592  2.048847
883.5  0.495848  1.551783  2.047631
884.0  0.542318  1.503426  2.045745
884.5  0.583097  1.459723  2.042820
885.0  0.609115  1.427312  2.036428
885.5  0.615150  1.421011  2.036161
886.0  0.601513  1.436030  2.037544
886.5  0.574412  1.462232  2.036644
887.0  0.544351  1.491594  2.035945
887.5  0.522596  1.513607  2.036202
888.0  0.516713  1.515622  2.032336
888.5  0.527161  1.502369  2.029530
889.0  0.546765  1.483948  2.030713
889.5  0.563609  1.466943  2.030552
890.0  0.566037  1.462975  2.029012
890.5  0.547476  1.480689  2.028166
891.0  0.509144  1.521255  2.030399
891.5  0.459733  1.573674  2.033407
892.0  0.412383  1.621480  2.033863
892.5  0.380142  1.652809  2.032951
893.0  0.371695  1.659733  2.031428
893.5  0.388904  1.645967  2.034871
894.0  0.426764  1.610075  2.036839
894.5  0.475337  1.559726  2.035063
895.0  0.522694  1.513447  2.036140
895.5  0.558048  1.481337  2.039385
896.0  0.574519  1.466498  2.041018
896.5  0.571020  1.470333  2.041353
897.0  0.552692  1.488426  2.041119
897.5  0.529395  1.513792  2.043187
898.0  0.512245  1.534633  2.046879
898.5  0.509137  1.537947  2.047084
899.0  0.521120  1.521874  2.042994
899.5  0.541551  1.500369  2.041920
900.0  0.558675  1.482322  2.040997
900.5  0.560496  1.479985  2.040481
901.0  0.539689  1.499648  2.039337
901.5  0.496645  1.539730  2.036375
902.0  0.439711  1.597009  2.036720
902.5  0.382714  1.656022  2.038737
903.0  0.340590  1.697705  2.038295
903.5  0.324606  1.712789  2.037394
904.0  0.338886  1.698699  2.037586
904.5  0.379470  1.660276  2.039746
905.0  0.435995  1.602070  2.038065
905.5  0.495148  1.542752  2.037900
906.0  0.544621  1.496227  2.040848
906.5  0.576492  1.467052  2.043544
907.0  0.589255  1.452860  2.042115
907.5  0.587948  1.454617  2.042565
908.0  0.582181  1.461561  2.043742
908.5  0.582360  1.463888  2.046249
909.0  0.595264  1.451578  2.046842
909.5  0.620807  1.423834  2.044641
910.0  0.651647  1.393457  2.045105
910.5  0.675997  1.367373  2.043370
911.0  0.682293  1.359946  2.042239
911.5  0.663615  1.376712  2.040327
912.0  0.620180  1.419033  2.039212
912.5  0.559349  1.480170  2.039519
913.0  0.493417  1.544993  2.038410
913.5  0.436002  1.601049  2.037051
914.0  0.398107  1.638965  2.037072
914.5  0.385071  1.651496  2.036566
915.0  0.395343  1.640028  2.035371
915.5  0.421399  1.614202  2.035601
916.0  0.452389  1.582837  2.035227
916.5  0.477639  1.557563  2.035201
917.0  0.489963  1.543315  2.033278
917.5  0.487858  1.546615  2.034473
918.0  0.475909  1.559383  2.035293
918.5  0.463172  1.572634  2.035806
919.0  0.459774  1.576314  2.036088
919.5  0.472741  1.562830  2.035571
920.0  0.502678  1.532337  2.035016
920.5  0.542962  1.492283  2.035245
921.0  0.582043  1.450675  2.032719
921.5  0.607875  1.424142  2.032017
922.0  0.612422  1.420614  2.033036
922.5  0.594452  1.440983  2.035436
923.0  0.559789  1.474910  2.034699
923.5  0.519186  1.517058  2.036244
924.0  0.484662  1.554711  2.039373
924.5  0.465504  1.575501  2.041005
925.0  0.465262  1.574533  2.039795
925.5  0.480764  1.558931  2.039695
926.0  0.503401  1.538800  2.042200
926.5  0.522156  1.517303  2.039459
927.0  0.527327  1.508675  2.036002
927.5  0.513761  1.519678  2.033439
928.0  0.482654  1.554692  2.037345
928.5  0.441349  1.597325  2.038674
929.0  0.401116  1.638700  2.039816
929.5  0.373446  1.667704  2.041150
930.0  0.365994  1.676513  2.042507
930.5  0.379670  1.663716  2.043386
931.0  0.408224  1.638962  2.047185
931.5  0.440678  1.604867  2.045546
932.0  0.465588  1.579086  2.044674
932.5  0.475301  1.578801  2.054102
933.0  0.468585  1.587390  2.055975
933.5  0.450845  1.607841  2.058686
934.0  0.432055  1.629343  2.061397
934.5  0.423124  1.638277  2.061402
935.0  0.431908  1.630670  2.062578
935.5  0.460259  1.603590  2.063849
936.0  0.503257  1.560104  2.063360
936.5  0.550907  1.511723  2.062631
937.0  0.591600  1.472900  2.064500
937.5  0.616014  1.446518  2.062532
938.0  0.620085  1.439622  2.059708
938.5  0.606116  1.452779  2.058895
939.0  0.581738  1.480855  2.062592
939.5  0.557128  1.504050  2.061178
940.0  0.541420  1.519939  2.061359
940.5  0.539519  1.523031  2.062550
941.0  0.550467  1.513441  2.063908
941.5  0.567979  1.493671  2.061650
942.0  0.582938  1.478117  2.061055
942.5  0.586885  1.473368  2.060252
943.0  0.575182  1.481993  2.057175
943.5  0.548800  1.506473  2.055273
944.0  0.514178  1.540427  2.054605
944.5  0.481152  1.569059  2.050211
945.0  0.459502  1.587892  2.047394
945.5  0.455273  1.592091  2.047364
946.0  0.468307  1.577555  2.045861
946.5  0.492138  1.550372  2.042511
947.0  0.516383  1.526172  2.042555
947.5  0.530636  1.514536  2.045171
948.0  0.528330  1.519239  2.047569
948.5  0.509118  1.538715  2.047833
949.0  0.478989  1.570603  2.049592
949.5  0.448136  1.602856  2.050993
950.0  0.427349  1.624967  2.052317
950.5  0.424201  1.625792  2.049994
951.0  0.440404  1.610983  2.051386
951.5  0.471230  1.582692  2.053922
952.0  0.507145  1.544613  2.051758
952.5  0.536991  1.517326  2.054317
953.0  0.551615  1.504404  2.056019
953.5  0.546849  1.512922  2.059772
954.0  0.525001  1.540714  2.065715
954.5  0.494400  1.575443  2.069842
955.0  0.466941  1.611632  2.078573
955.5  0.454108  1.632535  2.086643
956.0  0.462714  1.630195  2.092909
956.5  0.492084  1.607269  2.099353
957.0  0.534058  1.569523  2.103581
957.5  0.575964  1.530254  2.106217
958.0  0.605329  1.504826  2.110155
958.5  0.614384  1.496322  2.110706
959.0  0.602644  1.509900  2.112543
959.5  0.576745  1.533676  2.110421
960.0  0.547747  1.561742  2.109489
960.5  0.526948  1.580831  2.107779
961.0  0.521772  1.585724  2.107496
961.5  0.533178  1.574017  2.107195
962.0  0.555443  1.549729  2.105172
962.5  0.578232  1.526819  2.105051
963.0  0.590082  1.517938  2.108020
963.5  0.582124  1.530355  2.112479
964.0  0.550958  1.560225  2.111183
964.5  0.499966  1.606932  2.106899
965.0  0.438700  1.679899  2.118599
965.5  0.380319  1.737885  2.118204
966.0  0.337622  1.774363  2.111985
966.5  0.318874  1.796726  2.115600
967.0  0.325094  1.787429  2.112523
967.5  0.350070  1.768239  2.118309
968.0  0.383184  1.723023  2.106207
968.5  0.413828  1.700174  2.114002
969.0  0.435517  1.670481  2.105998
969.5  0.448073  1.664942  2.113015
970.0  0.457151  1.653598  2.110748
970.5  0.471426  1.639211  2.110637
971.0  0.498649  1.614295  2.112944
971.5  0.542129  1.570148  2.112278
972.0  0.598975  1.516630  2.115606
972.5  0.660596  1.446200  2.106796
973.0  0.715106  1.395121  2.110227
973.5  0.750697  1.364486  2.115183
974.0  0.758933  1.355478  2.114411
974.5  0.737149  1.373699  2.110848
975.0  0.689454  1.422791  2.112245
975.5  0.626018  1.488444  2.114462
976.0  0.560526  1.553802  2.114328
976.5  0.506175  1.607522  2.113697
977.0  0.471347  1.646083  2.117430
977.5  0.456700  1.654650  2.111350
978.0  0.455168  1.662160  2.117328
978.5  0.455093  1.653097  2.108190
979.0  0.445213  1.674966  2.120179
979.5  0.419381  1.688563  2.107944
980.0  0.379119  1.740961  2.120080
980.5  0.333131  1.781241  2.114372
981.0  0.294072  1.828417  2.122489
981.5  0.273861  1.846334  2.120195
982.0  0.279316  1.842932  2.122248
982.5  0.309706  1.812294  2.121999
983.0  0.357024  1.761187  2.118211
983.5  0.408713  1.714934  2.123647
984.0  0.451706  1.668095  2.119801
984.5  0.476417  1.646069  2.122486
985.0  0.479571  1.637808  2.117379
985.5  0.465213  1.655563  2.120776
986.0  0.443622  1.674744  2.118367
986.5  0.428184  1.693483  2.121667
987.0  0.430834  1.693281  2.124115
987.5  0.457521  1.663365  2.120886
988.0  0.505581  1.616173  2.121754
988.5  0.564406  1.552470  2.116875
989.0  0.619330  1.497605  2.116935
989.5  0.657109  1.456646  2.113755
990.0  0.670694  1.444341  2.115036
990.5  0.661481  1.457060  2.118541
991.0  0.638318  1.473980  2.112298
991.5  0.613824  1.503861  2.117685
992.0  0.599481  1.508220  2.107700
992.5  0.601404  1.516685  2.118089
993.0  0.618301  1.486551  2.104852
993.5  0.642225  1.474843  2.117068
994.0  0.661557  1.445567  2.107124
994.5  0.664970  1.452251  2.117221
995.0  0.645056  1.470332  2.115388
995.5  0.600748  1.514019  2.114767
996.0  0.538105  1.580897  2.119002
996.5  0.469247  1.645446  2.114692
997.0  0.409395  1.711572  2.120967
997.5  0.372397  1.742178  2.114576
998.0  0.365994  1.751969  2.117963
998.5  0.388718  1.725533  2.114251
999.0  0.430090  1.686066  2.116156
999.5  0.474372  1.642293  2.116665
1000.0  0.506426  1.606604  2.113030
