0.0  0.412453  1.231193  1.643646
0.5  0.390349  1.253963  1.644312
1.0  0.373928  1.270029  1.643958
1.5  0.362264  1.281764  1.644028
2.0  0.352420  1.291099  1.643519
2.5  0.340847  1.302651  1.643498
3.0  0.325126  1.318301  1.643426
3.5  0.305349  1.338253  1.643601
4.0  0.284471  1.359632  1.644103
4.5  0.267351  1.376836  1.644187
5.0  0.258836  1.385726  1.644563
5.5  0.261752  1.382541  1.644293
6.0  0.275704  1.368676  1.644380
6.5  0.297132  1.346810  1.643942
7.0  0.320475  1.323164  1.643639
7.5  0.339931  1.303318  1.643249
8.0  0.351176  1.291945  1.643121
8.5  0.352558  1.290741  1.643299
9.0  0.345438  1.298230  1.643668
9.5  0.333666  1.310215  1.643881
10.0  0.322368  1.321765  1.644133
10.5  0.316414  1.328019  1.644433
11.0  0.318951  1.325817  1.644768
11.5  0.330411  1.313696  1.644107
12.0  0.348311  1.296011  1.644322
12.5  0.368038  1.275777  1.643814
13.0  0.384487  1.259450  1.643938
13.5  0.394054  1.249276  1.643330
14.0  0.396141  1.247973  1.644114
14.5  0.393402  1.250799  1.644201
15.0  0.390441  1.253981  1.644422
15.5  0.391509  1.253105  1.644614
16.0  0.398381  1.246317  1.644698
16.5  0.409489  1.234812  1.644301
17.0  0.420622  1.223061  1.643684
17.5  0.426651  1.217599  1.644250
18.0  0.423403  1.220267  1.643670
18.5  0.409034  1.234530  1.643564
19.0  0.384629  1.259114  1.643743
19.5  0.354016  1.290679  1.644695
20.0  0.322918  1.321926  1.644844
20.5  0.297611  1.347485  1.645096
21.0  0.283366  1.362179  1.645545
21.5  0.283019  1.362558  1.645577
22.0  0.296053  1.349163  1.645216
22.5  0.318558  1.326077  1.644635
23.0  0.344255  1.300430  1.644685
23.5  0.366416  1.277805  1.644221
24.0  0.380129  1.263952  1.644081
24.5  0.383999  1.260395  1.644394
25.0  0.380481  1.263979  1.644460
25.5  0.374547  1.270592  1.645139
26.0  0.371227  1.273711  1.644939
26.5  0.373237  1.272243  1.645480
27.0  0.379820  1.264995  1.644815
27.5  0.387229  1.257823  1.645051
28.0  0.390359  1.253980  1.644339
28.5  0.384666  1.259984  1.644650
29.0  0.367652  1.277049  1.644701
29.5  0.339600  1.305351  1.644950
30.0  0.303550  1.341380  1.644930
30.5  0.264637  1.380244  1.644881
31.0  0.228955  1.416922  1.645877
31.5  0.202180  1.443848  1.646028
32.0  0.188191  1.457780  1.645971
32.5  0.188052  1.457493  1.645545
33.0  0.199702  1.446048  1.645750
33.5  0.218633  1.426576  1.645210
34.0  0.239469  1.405156  1.644625
34.5  0.257954  1.386789  1.644743
35.0  0.272512  1.372567  1.645079
35.5  0.284577  1.360373  1.644949
36.0  0.297421  1.347633  1.645053
36.5  0.314049  1.331270  1.645319
37.0  0.335299  1.310267  1.645566
37.5  0.359161  1.285881  1.645042
38.0  0.381553  1.263525  1.645078
38.5  0.397953  1.246183  1.644136
39.0  0.405046  1.239387  1.644433
39.5  0.401784  1.242683  1.644467
40.0  0.389700  1.255515  1.645215
40.5  0.372540  1.272433  1.644973
41.0  0.355396  1.289846  1.645242
41.5  0.343507  1.302081  1.645588
42.0  0.340938  1.304746  1.645684
42.5  0.349396  1.296101  1.645497
43.0  0.367514  1.277366  1.644880
43.5  0.390937  1.254101  1.645038
44.0  0.413399  1.231110  1.644508
44.5  0.428640  1.215424  1.644064
45.0  0.432630  1.211263  1.643894
45.5  0.425185  1.219292  1.644477
46.0  0.410152  1.234451  1.644603
46.5  0.393869  1.250907  1.644775
47.0  0.382478  1.262833  1.645311
47.5  0.379399  1.265751  1.645150
48.0  0.384177  1.260659  1.644836
48.5  0.393119  1.251404  1.644523
49.0  0.401129  1.243449  1.644578
49.5  0.403742  1.240400  1.644142
50.0  0.398570  1.245385  1.643955
50.5  0.385870  1.258834  1.644704
51.0  0.368323  1.276710  1.645033
51.5  0.350224  1.295156  1.645379
52.0  0.336322  1.308763  1.645085
52.5  0.330507  1.315216  1.645723
53.0  0.334604  1.310663  1.645267
53.5  0.347597  1.297721  1.645318
54.0  0.365602  1.278919  1.644522
54.5  0.382829  1.261753  1.644582
55.0  0.393379  1.250863  1.644242
55.5  0.393363  1.251082  1.644445
56.0  0.382457  1.262022  1.644479
56.5  0.364105  1.280851  1.644956
57.0  0.344133  1.301432  1.645565
57.5  0.328346  1.317421  1.645766
58.0  0.320306  1.325341  1.645647
58.5  0.320334  1.325048  1.645382
59.0  0.326020  1.319520  1.645540
59.5  0.333683  1.311717  1.645399
60.0  0.339947  1.305293  1.645240
60.5  0.342815  1.302382  1.645198
61.0  0.342048  1.303217  1.645265
61.5  0.338965  1.306732  1.645698
62.0  0.335845  1.310284  1.646129
62.5  0.335116  1.311084  1.646201
63.0  0.338517  1.307763  1.646281
63.5  0.346376  1.300075  1.646451
64.0  0.357228  1.289373  1.646601
64.5  0.367948  1.278031  1.645979
65.0  0.374536  1.271218  1.645754
65.5  0.373437  1.272566  1.646003
66.0  0.362995  1.283623  1.646618
66.5  0.344407  1.301598  1.646005
67.0  0.321603  1.324916  1.646519
67.5  0.299923  1.347263  1.647186
68.0  0.284124  1.363553  1.647677
68.5  0.276702  1.370293  1.646995
69.0  0.277347  1.369064  1.646411
69.5  0.283648  1.362830  1.646479
70.0  0.292533  1.354128  1.646661
70.5  0.301619  1.344972  1.646590
71.0  0.309980  1.336424  1.646404
71.5  0.318186  1.328322  1.646508
72.0  0.327780  1.318744  1.646524
72.5  0.340467  1.306413  1.646879
73.0  0.357258  1.289597  1.646856
73.5  0.377809  1.268828  1.646637
74.0  0.400092  1.246640  1.646732
74.5  0.420562  1.225741  1.646303
75.0  0.434857  1.211227  1.646084
75.5  0.438959  1.206930  1.645889
76.0  0.430548  1.215001  1.645549
76.5  0.410084  1.235351  1.645435
77.0  0.381083  1.264409  1.645492
77.5  0.349292  1.296654  1.645946
78.0  0.320918  1.325399  1.646317
78.5  0.300608  1.346516  1.647124
79.0  0.290086  1.356425  1.646511
79.5  0.288026  1.358284  1.646310
80.0  0.291085  1.354839  1.645924
80.5  0.295478  1.350686  1.646163
81.0  0.298394  1.347235  1.645629
81.5  0.298778  1.347107  1.645885
82.0  0.297372  1.349189  1.646561
82.5  0.296178  1.350340  1.646517
83.0  0.297563  1.348631  1.646194
83.5  0.303318  1.343212  1.646530
84.0  0.313893  1.333049  1.646942
84.5  0.328028  1.318255  1.646283
85.0  0.342910  1.303149  1.646059
85.5  0.354863  1.291706  1.646570
86.0  0.360479  1.286049  1.646528
86.5  0.357854  1.288608  1.646462
87.0  0.347507  1.299782  1.647289
87.5  0.332520  1.315467  1.647987
88.0  0.317672  1.330309  1.647981
88.5  0.307788  1.340202  1.647990
89.0  0.305993  1.342548  1.648541
89.5  0.312662  1.335680  1.648343
90.0  0.325539  1.322269  1.647809
90.5  0.340848  1.306224  1.647072
91.0  0.354793  1.292470  1.647263
91.5  0.364798  1.282279  1.647077
92.0  0.370109  1.277509  1.647618
92.5  0.371714  1.276299  1.648013
93.0  0.371745  1.275839  1.647585
93.5  0.372618  1.274841  1.647459
94.0  0.376149  1.271963  1.648112
94.5  0.382898  1.265622  1.648519
95.0  0.391897  1.255789  1.647686
95.5  0.400894  1.246770  1.647664
96.0  0.407078  1.240921  1.647999
96.5  0.408153  1.239873  1.648026
97.0  0.403414  1.244624  1.648037
97.5  0.394414  1.253331  1.647745
98.0  0.384831  1.263086  1.647916
98.5  0.379382  1.268983  1.648365
99.0  0.382094  1.266308  1.648402
99.5  0.394627  1.252957  1.647584
100.0  0.415428  1.231795  1.647223
100.5  0.440131  1.207171  1.647302
101.0  0.462968  1.183834  1.646802
101.5  0.478552  1.167793  1.646346
102.0  0.483323  1.163296  1.646619
102.5  0.476256  1.170074  1.646330
103.0  0.458772  1.187180  1.645952
103.5  0.434032  1.212809  1.646841
104.0  0.405907  1.240980  1.646887
104.5  0.377923  1.268936  1.646859
105.0  0.352432  1.293700  1.646132
105.5  0.330210  1.316354  1.646564
106.0  0.310585  1.336082  1.646667
106.5  0.292074  1.354152  1.646226
107.0  0.273371  1.372338  1.645709
107.5  0.254368  1.391994  1.646362
108.0  0.236778  1.409939  1.646717
108.5  0.223993  1.422723  1.646716
109.0  0.220061  1.427150  1.647211
109.5  0.228083  1.419553  1.647636
110.0  0.248721  1.398586  1.647307
110.5  0.279548  1.367162  1.646710
111.0  0.315563  1.331007  1.646569
111.5  0.350608  1.295673  1.646281
112.0  0.379057  1.266583  1.645640
112.5  0.397137  1.248489  1.645626
113.0  0.403562  1.242609  1.646171
113.5  0.399435  1.246866  1.646300
114.0  0.387592  1.258981  1.646573
114.5  0.371629  1.275288  1.646917
115.0  0.354869  1.292083  1.646952
115.5  0.339529  1.307513  1.647043
116.0  0.326282  1.320987  1.647269
116.5  0.314347  1.332725  1.647072
117.0  0.302117  1.344606  1.646724
117.5  0.288151  1.358286  1.646437
118.0  0.272199  1.374663  1.646862
118.5  0.255831  1.391148  1.646979
119.0  0.242298  1.405205  1.647503
119.5  0.235538  1.412280  1.647817
120.0  0.238649  1.409258  1.647907
120.5  0.252524  1.395106  1.647630
121.0  0.275284  1.371762  1.647046
121.5  0.302793  1.343910  1.646702
122.0  0.329958  1.316135  1.646093
122.5  0.352262  1.293469  1.645731
123.0  0.366938  1.278927  1.645865
123.5  0.373516  1.272462  1.645978
124.0  0.373671  1.272343  1.646015
124.5  0.370536  1.275658  1.646194
125.0  0.367683  1.279036  1.646720
125.5  0.368058  1.278831  1.646890
126.0  0.373124  1.273637  1.646761
126.5  0.382448  1.264192  1.646640
127.0  0.393877  1.252649  1.646526
127.5  0.404287  1.241989  1.646276
128.0  0.410696  1.235469  1.646165
128.5  0.411391  1.234845  1.646236
129.0  0.406605  1.239305  1.645910
129.5  0.398431  1.247858  1.646289
130.0  0.389920  1.256570  1.646490
130.5  0.383729  1.262532  1.646261
131.0  0.380926  1.265833  1.646758
131.5  0.380502  1.266636  1.647138
132.0  0.379794  1.266000  1.645794
132.5  0.375565  1.270006  1.645571
133.0  0.365272  1.281147  1.646419
133.5  0.348065  1.298185  1.646250
134.0  0.325234  1.320885  1.646119
134.5  0.300027  1.346755  1.646782
135.0  0.276910  1.369984  1.646893
135.5  0.260468  1.386488  1.646956
136.0  0.254211  1.392667  1.646879
136.5  0.259598  1.387576  1.647174
137.0  0.275550  1.371034  1.646584
137.5  0.298670  1.347373  1.646043
138.0  0.324146  1.321756  1.645903
138.5  0.347125  1.298813  1.645938
139.0  0.364110  1.281511  1.645622
139.5  0.373895  1.271556  1.645452
140.0  0.377669  1.268356  1.646025
140.5  0.378246  1.267929  1.646175
141.0  0.378734  1.267365  1.646099
141.5  0.381209  1.264553  1.645762
142.0  0.385911  1.259792  1.645703
142.5  0.391252  1.254390  1.645641
143.0  0.394533  1.250961  1.645494
143.5  0.393053  1.252322  1.645375
144.0  0.385199  1.260153  1.645353
144.5  0.371177  1.274063  1.645240
145.0  0.353183  1.292593  1.645776
145.5  0.334997  1.311290  1.646287
146.0  0.321095  1.325160  1.646255
146.5  0.315496  1.330586  1.646082
147.0  0.320629  1.326074  1.646703
147.5  0.336531  1.310012  1.646543
148.0  0.360669  1.285313  1.645982
148.5  0.388535  1.256740  1.645275
149.0  0.414886  1.230152  1.645038
149.5  0.435251  1.209927  1.645178
150.0  0.447122  1.198096  1.645218
150.5  0.450413  1.194409  1.644822
151.0  0.447015  1.198052  1.645067
151.5  0.439735  1.205889  1.645624
152.0  0.431110  1.214570  1.645680
152.5  0.422595  1.222919  1.645514
153.0  0.414363  1.231270  1.645633
153.5  0.405677  1.240100  1.645777
154.0  0.395570  1.249752  1.645322
154.5  0.383523  1.261599  1.645122
155.0  0.369874  1.275684  1.645558
155.5  0.355844  1.290231  1.646075
156.0  0.343210  1.302841  1.646050
156.5  0.333741  1.312139  1.645879
157.0  0.328578  1.317622  1.646200
157.5  0.327730  1.318257  1.645987
158.0  0.329848  1.315902  1.645750
158.5  0.332417  1.313005  1.645422
159.0  0.332389  1.312757  1.645147
159.5  0.327133  1.318052  1.645185
160.0  0.315363  1.329816  1.645179
160.5  0.297682  1.348118  1.645801
161.0  0.276449  1.369488  1.645937
161.5  0.255010  1.391227  1.646237
162.0  0.236589  1.409645  1.646234
162.5  0.223328  1.423216  1.646544
163.0  0.215823  1.430985  1.646808
163.5  0.213305  1.433345  1.646650
164.0  0.214293  1.432378  1.646671
164.5  0.217412  1.429169  1.646581
165.0  0.222037  1.424328  1.646365
165.5  0.228558  1.417950  1.646508
166.0  0.238204  1.408660  1.646864
166.5  0.252524  1.394301  1.646825
167.0  0.272690  1.373864  1.646554
167.5  0.298838  1.347598  1.646435
168.0  0.329623  1.316659  1.646282
168.5  0.362159  1.283846  1.646005
169.0  0.392446  1.253084  1.645530
169.5  0.416258  1.229043  1.645301
170.0  0.430275  1.215150  1.645425
170.5  0.433084  1.212205  1.645289
171.0  0.425650  1.219970  1.645620
171.5  0.411031  1.234539  1.645570
172.0  0.393430  1.252596  1.646026
172.5  0.376975  1.269290  1.646264
173.0  0.364670  1.282101  1.646771
173.5  0.357876  1.288560  1.646435
174.0  0.356389  1.289789  1.646178
174.5  0.358984  1.286874  1.645858
175.0  0.364118  1.281688  1.645807
175.5  0.370549  1.275362  1.645910
176.0  0.377636  1.268759  1.646395
176.5  0.385318  1.260992  1.646310
177.0  0.393793  1.252200  1.645993
177.5  0.403075  1.242846  1.645921
178.0  0.412578  1.233328  1.645907
178.5  0.420886  1.224653  1.645539
179.0  0.425850  1.219434  1.645284
179.5  0.425052  1.220128  1.645180
180.0  0.416575  1.229187  1.645762
180.5  0.399839  1.245781  1.645620
181.0  0.376151  1.269932  1.646084
181.5  0.348679  1.298007  1.646686
182.0  0.321754  1.325759  1.647513
182.5  0.299728  1.347902  1.647630
183.0  0.285822  1.361509  1.647331
183.5  0.281386  1.365843  1.647228
184.0  0.285789  1.361295  1.647084
184.5  0.296903  1.350272  1.647176
185.0  0.311893  1.334933  1.646826
185.5  0.328036  1.318954  1.646990
186.0  0.343300  1.303366  1.646666
186.5  0.356585  1.290161  1.646747
187.0  0.367631  1.278741  1.646372
187.5  0.376689  1.270142  1.646832
188.0  0.384102  1.262839  1.646941
188.5  0.389913  1.257160  1.647072
189.0  0.393624  1.253296  1.646919
189.5  0.394201  1.251820  1.646021
190.0  0.390379  1.255732  1.646111
190.5  0.381230  1.265075  1.646305
191.0  0.366811  1.279473  1.646284
191.5  0.348588  1.297664  1.646252
192.0  0.329348  1.317213  1.646561
192.5  0.312537  1.334310  1.646847
193.0  0.301246  1.345741  1.646987
193.5  0.297284  1.349539  1.646822
194.0  0.300734  1.345953  1.646687
194.5  0.310146  1.336691  1.646837
195.0  0.323214  1.323696  1.646910
195.5  0.337622  1.309068  1.646691
196.0  0.351705  1.295264  1.646969
196.5  0.364720  1.282289  1.647009
197.0  0.376704  1.270530  1.647234
197.5  0.388048  1.258675  1.646723
198.0  0.398990  1.247873  1.646863
198.5  0.409226  1.237415  1.646641
199.0  0.417765  1.228912  1.646676
199.5  0.423038  1.223314  1.646352
200.0  0.423264  1.223278  1.646542
200.5  0.416982  1.229438  1.646420
201.0  0.403687  1.243179  1.646866
201.5  0.384367  1.262676  1.647043
202.0  0.361682  1.285678  1.647361
202.5  0.339573  1.308146  1.647719
203.0  0.322271  1.325508  1.647778
203.5  0.313029  1.334614  1.647643
204.0  0.313089  1.334895  1.647984
204.5  0.321333  1.326448  1.647781
205.0  0.334754  1.312734  1.647488
205.5  0.349508  1.297771  1.647279
206.0  0.362087  1.285288  1.647374
206.5  0.370178  1.277272  1.647449
207.0  0.372963  1.275086  1.648049
207.5  0.370881  1.277137  1.648018
208.0  0.365050  1.282650  1.647700
208.5  0.356638  1.291125  1.647763
209.0  0.346426  1.301759  1.648184
209.5  0.334659  1.313494  1.648152
210.0  0.321163  1.326403  1.647566
210.5  0.305655  1.342046  1.647701
211.0  0.288161  1.359462  1.647623
211.5  0.269447  1.378640  1.648087
212.0  0.251306  1.396828  1.648135
212.5  0.236465  1.411952  1.648417
213.0  0.227958  1.420314  1.648272
213.5  0.228086  1.420701  1.648787
214.0  0.237359  1.411377  1.648736
214.5  0.253980  1.394395  1.648375
215.0  0.274212  1.373720  1.647932
215.5  0.293534  1.353669  1.647203
216.0  0.308110  1.339125  1.647234
216.5  0.315964  1.331606  1.647569
217.0  0.317439  1.330674  1.648113
217.5  0.314825  1.333308  1.648133
218.0  0.311376  1.336616  1.647992
218.5  0.310131  1.337925  1.648057
219.0  0.312963  1.335228  1.648191
219.5  0.320141  1.327977  1.648118
220.0  0.330456  1.317088  1.647544
220.5  0.341742  1.305396  1.647138
221.0  0.351618  1.295105  1.646722
221.5  0.358271  1.288687  1.646958
222.0  0.361170  1.286704  1.647873
222.5  0.361497  1.285944  1.647441
223.0  0.362041  1.285526  1.647567
223.5  0.366352  1.281438  1.647789
224.0  0.377309  1.271166  1.648475
224.5  0.395656  1.252436  1.648092
225.0  0.419233  1.228516  1.647749
225.5  0.443383  1.203499  1.646883
226.0  0.462414  1.184699  1.647113
226.5  0.471485  1.175978  1.647462
227.0  0.468167  1.179793  1.647960
227.5  0.453132  1.194808  1.647940
228.0  0.429818  1.219127  1.648945
228.5  0.403316  1.245674  1.648990
229.0  0.378886  1.269482  1.648369
229.5  0.360626  1.288049  1.648674
230.0  0.350619  1.298335  1.648955
230.5  0.348732  1.299624  1.648357
231.0  0.352958  1.294841  1.647799
231.5  0.360167  1.287497  1.647664
232.0  0.367091  1.281238  1.648329
232.5  0.371361  1.276345  1.647706
233.0  0.372317  1.275090  1.647407
233.5  0.371240  1.276862  1.648101
234.0  0.370748  1.277952  1.648700
234.5  0.373459  1.274784  1.648243
235.0  0.380482  1.267553  1.648035
235.5  0.390501  1.257805  1.648306
236.0  0.400005  1.247678  1.647683
236.5  0.404594  1.242408  1.647002
237.0  0.400761  1.246497  1.647258
237.5  0.387337  1.259983  1.647319
238.0  0.366013  1.281083  1.647095
238.5  0.340820  1.307690  1.648510
239.0  0.316842  1.331426  1.648267
239.5  0.298693  1.348980  1.647674
240.0  0.289299  1.358878  1.648178
240.5  0.289295  1.359132  1.648427
241.0  0.297090  1.350235  1.647325
241.5  0.309452  1.337591  1.647043
242.0  0.322391  1.325040  1.647431
242.5  0.332218  1.314973  1.647192
243.0  0.336614  1.310063  1.646677
243.5  0.335437  1.311656  1.647093
244.0  0.330888  1.317044  1.647932
244.5  0.326742  1.321106  1.647848
245.0  0.326742  1.321225  1.647967
245.5  0.332797  1.315196  1.647993
246.0  0.343857  1.303314  1.647172
246.5  0.356130  1.291205  1.647335
247.0  0.364587  1.282602  1.647188
247.5  0.365074  1.281686  1.646760
248.0  0.356067  1.290779  1.646846
248.5  0.339353  1.307800  1.647152
249.0  0.319463  1.327884  1.647347
249.5  0.302173  1.345166  1.647339
250.0  0.292695  1.355242  1.647937
250.5  0.294189  1.353443  1.647632
251.0  0.306983  1.340630  1.647613
251.5  0.328594  1.318555  1.647149
252.0  0.354398  1.292183  1.646581
252.5  0.378755  1.267302  1.646057
253.0  0.396388  1.250196  1.646584
253.5  0.403805  1.242665  1.646470
254.0  0.400360  1.246319  1.646679
254.5  0.388509  1.258746  1.647255
255.0  0.372952  1.274901  1.647853
255.5  0.358809  1.288490  1.647300
256.0  0.349564  1.297794  1.647359
256.5  0.345697  1.301819  1.647516
257.0  0.344701  1.302564  1.647265
257.5  0.342453  1.304004  1.646457
258.0  0.335247  1.311575  1.646822
258.5  0.321558  1.325461  1.647019
259.0  0.302817  1.344377  1.647194
259.5  0.282998  1.364208  1.647206
260.0  0.267281  1.380621  1.647901
260.5  0.260363  1.387939  1.648303
261.0  0.265003  1.382906  1.647909
261.5  0.281164  1.366700  1.647864
262.0  0.305928  1.341904  1.647832
262.5  0.334107  1.313574  1.647680
263.0  0.359452  1.287582  1.647034
263.5  0.376248  1.270974  1.647222
264.0  0.380962  1.265678  1.646639
264.5  0.373412  1.273113  1.646526
265.0  0.356916  1.289914  1.646830
265.5  0.337141  1.310174  1.647315
266.0  0.320000  1.327452  1.647453
266.5  0.309451  1.337855  1.647306
267.0  0.306185  1.340705  1.646890
267.5  0.307796  1.338794  1.646590
268.0  0.310237  1.336443  1.646680
268.5  0.309834  1.338643  1.648477
269.0  0.304951  1.343400  1.648352
269.5  0.296718  1.352227  1.648945
270.0  0.288646  1.363126  1.651772
270.5  0.285411  1.367391  1.652802
271.0  0.291244  1.360406  1.651650
271.5  0.308458  1.343468  1.651926
272.0  0.336528  1.315980  1.652508
272.5  0.371934  1.280032  1.651966
273.0  0.408831  1.241656  1.650487
273.5  0.440411  1.210150  1.650561
274.0  0.460703  1.190254  1.650957
274.5  0.466339  1.184433  1.650773
275.0  0.457704  1.193728  1.651432
275.5  0.438914  1.213332  1.652246
276.0  0.416444  1.235592  1.652036
276.5  0.396831  1.255496  1.652327
277.0  0.384385  1.268417  1.652802
277.5  0.379911  1.273183  1.653094
278.0  0.380960  1.271901  1.652861
278.5  0.383363  1.269049  1.652412
279.0  0.383248  1.268219  1.651467
279.5  0.378671  1.273184  1.651855
280.0  0.370288  1.282106  1.652393
280.5  0.360997  1.291061  1.652058
281.0  0.354809  1.297583  1.652392
281.5  0.355374  1.297998  1.653373
282.0  0.364640  1.289198  1.653839
282.5  0.381995  1.270554  1.652550
283.0  0.404139  1.248158  1.652297
283.5  0.425749  1.226888  1.652637
284.0  0.440855  1.211416  1.652271
284.5  0.444615  1.206654  1.651269
285.0  0.434988  1.217520  1.652508
285.5  0.413667  1.239810  1.653477
286.0  0.385774  1.268757  1.654531
286.5  0.358252  1.295512  1.653764
287.0  0.337494  1.316755  1.654249
287.5  0.327173  1.327898  1.655071
288.0  0.327169  1.327245  1.654414
288.5  0.334012  1.319443  1.653455
289.0  0.342499  1.311252  1.653750
289.5  0.347742  1.306281  1.654023
290.0  0.346837  1.307154  1.653990
290.5  0.339627  1.314506  1.654133
291.0  0.328448  1.325766  1.654214
291.5  0.317062  1.337546  1.654607
292.0  0.309195  1.346192  1.655386
292.5  0.307166  1.348512  1.655678
293.0  0.310993  1.343849  1.654842
293.5  0.318245  1.336663  1.654908
294.0  0.324673  1.328252  1.652925
294.5  0.325505  1.327522  1.653026
295.0  0.317071  1.336288  1.653359
295.5  0.298302  1.354408  1.652710
296.0  0.271518  1.380976  1.652493
296.5  0.242081  1.411188  1.653270
297.0  0.216865  1.436891  1.653756
297.5  0.202034  1.450866  1.652900
298.0  0.201013  1.451801  1.652815
298.5  0.213516  1.439071  1.652586
299.0  0.235969  1.416513  1.652482
299.5  0.263059  1.389236  1.652295
300.0  0.289674  1.362533  1.652207
300.5  0.312478  1.339690  1.652168
301.0  0.330647  1.321483  1.652130
301.5  0.345650  1.306803  1.652453
302.0  0.360263  1.291876  1.652139
302.5  0.377222  1.274945  1.652167
303.0  0.397958  1.254805  1.652763
303.5  0.421806  1.229291  1.651097
304.0  0.445925  1.206323  1.652248
304.5  0.465955  1.187358  1.653312
305.0  0.477262  1.176360  1.653622
305.5  0.476449  1.176676  1.653125
306.0  0.462652  1.190511  1.653163
306.5  0.438141  1.217524  1.655665
307.0  0.407862  1.247937  1.655799
307.5  0.377967  1.278687  1.656655
308.0  0.353826  1.302895  1.656722
308.5  0.338333  1.319049  1.657382
309.0  0.331200  1.326517  1.657718
309.5  0.329479  1.326850  1.656329
310.0  0.328974  1.326522  1.655497
310.5  0.325925  1.330776  1.656701
311.0  0.318314  1.338862  1.657176
311.5  0.306444  1.349461  1.655905
312.0  0.292675  1.363925  1.656600
312.5  0.280496  1.375881  1.656377
313.0  0.273267  1.382203  1.655470
313.5  0.273028  1.383713  1.656741
314.0  0.279767  1.376740  1.656507
314.5  0.291374  1.364075  1.655448
315.0  0.304314  1.352025  1.656339
315.5  0.314852  1.342444  1.657296
316.0  0.320436  1.336071  1.656508
316.5  0.320741  1.335581  1.656321
317.0  0.317919  1.337403  1.655322
317.5  0.315843  1.339649  1.655492
318.0  0.318568  1.337127  1.655695
318.5  0.328630  1.327523  1.656153
319.0  0.345964  1.309773  1.655737
319.5  0.367883  1.287888  1.655771
320.0  0.390045  1.265708  1.655753
320.5  0.407906  1.249387  1.657293
321.0  0.418089  1.238884  1.656973
321.5  0.419246  1.236975  1.656221
322.0  0.412285  1.244181  1.656465
322.5  0.399990  1.257138  1.657128
323.0  0.386182  1.270306  1.656487
323.5  0.374627  1.282141  1.656769
324.0  0.367975  1.289874  1.657850
324.5  0.367022  1.290059  1.657081
325.0  0.370552  1.286126  1.656678
325.5  0.375868  1.280533  1.656401
326.0  0.379885  1.276378  1.656263
326.5  0.380429  1.275284  1.655714
327.0  0.377223  1.278234  1.655457
327.5  0.372093  1.284630  1.656723
328.0  0.368212  1.288273  1.656485
328.5  0.368674  1.288502  1.657176
329.0  0.375050  1.282832  1.657882
329.5  0.386634  1.271145  1.657779
330.0  0.400696  1.255408  1.656104
330.5  0.413522  1.241154  1.654676
331.0  0.421703  1.232846  1.654549
331.5  0.423149  1.231485  1.654634
332.0  0.417567  1.236247  1.653813
332.5  0.406379  1.247891  1.654271
333.0  0.392227  1.263337  1.655564
333.5  0.378207  1.275741  1.653948
334.0  0.367038  1.286864  1.653902
334.5  0.360324  1.295845  1.656170
335.0  0.358120  1.297329  1.655448
335.5  0.358959  1.293689  1.652649
336.0  0.360415  1.293029  1.653444
336.5  0.360057  1.294542  1.654599
337.0  0.356508  1.297226  1.653734
337.5  0.350112  1.303191  1.653303
338.0  0.342859  1.310805  1.653663
338.5  0.337479  1.316606  1.654085
339.0  0.336097  1.318444  1.654541
339.5  0.339101  1.315189  1.654290
340.0  0.344795  1.309257  1.654052
340.5  0.349992  1.303679  1.653671
341.0  0.351172  1.302776  1.653948
341.5  0.345673  1.308863  1.654535
342.0  0.332483  1.322323  1.654806
342.5  0.312480  1.342725  1.655205
343.0  0.288176  1.367598  1.655774
343.5  0.263097  1.392576  1.655673
344.0  0.240957  1.414970  1.655927
344.5  0.224798  1.431895  1.656693
345.0  0.216274  1.440366  1.656640
345.5  0.215277  1.441719  1.656995
346.0  0.220073  1.435819  1.655892
346.5  0.227961  1.427573  1.655534
347.0  0.236308  1.419931  1.656239
347.5  0.243603  1.412944  1.656546
348.0  0.250065  1.406361  1.656427
348.5  0.257472  1.399433  1.656905
349.0  0.268185  1.389152  1.657337
349.5  0.283802  1.372840  1.656641
350.0  0.304112  1.352393  1.656505
350.5  0.326881  1.329801  1.656682
351.0  0.348557  1.308525  1.657082
351.5  0.365506  1.290847  1.656353
352.0  0.375225  1.281051  1.656275
352.5  0.377094  1.279048  1.656142
353.0  0.372531  1.283671  1.656202
353.5  0.364610  1.292836  1.657446
354.0  0.357303  1.301040  1.658344
354.5  0.354529  1.303123  1.657652
355.0  0.359179  1.297505  1.656684
355.5  0.372334  1.284894  1.657229
356.0  0.392871  1.265931  1.658801
356.5  0.417610  1.239236  1.656846
357.0  0.442080  1.213709  1.655789
357.5  0.461713  1.195468  1.657181
358.0  0.473143  1.185598  1.658741
358.5  0.475100  1.181128  1.656229
359.0  0.468537  1.187593  1.656129
359.5  0.455898  1.201508  1.657406
360.0  0.439904  1.217676  1.657580
360.5  0.422430  1.234585  1.657015
361.0  0.404031  1.254433  1.658464
361.5  0.384221  1.274111  1.658332
362.0  0.362262  1.295308  1.657570
362.5  0.337987  1.319654  1.657641
363.0  0.312317  1.345926  1.658243
363.5  0.287339  1.370703  1.658043
364.0  0.265978  1.391695  1.657673
364.5  0.251378  1.405942  1.657321
365.0  0.246157  1.412410  1.658567
365.5  0.251672  1.407223  1.658894
366.0  0.267489  1.389847  1.657336
366.5  0.291234  1.365516  1.656750
367.0  0.318938  1.338611  1.657549
367.5  0.345893  1.311268  1.657161
368.0  0.367816  1.288974  1.656790
368.5  0.381968  1.275523  1.657491
369.0  0.387832  1.269496  1.657328
369.5  0.387034  1.271192  1.658226
370.0  0.382485  1.276254  1.658739
370.5  0.377093  1.281105  1.658198
371.0  0.372594  1.285462  1.658056
371.5  0.369037  1.289965  1.659002
372.0  0.365101  1.293092  1.658193
372.5  0.359028  1.299112  1.658140
373.0  0.349703  1.308620  1.658324
373.5  0.337422  1.321042  1.658463
374.0  0.324109  1.333385  1.657494
374.5  0.312974  1.345283  1.658256
375.0  0.307718  1.351009  1.658727
375.5  0.311534  1.346123  1.657656
376.0  0.326122  1.331271  1.657393
376.5  0.350997  1.306772  1.657770
377.0  0.383304  1.273608  1.656912
377.5  0.418266  1.237970  1.656236
378.0  0.450207  1.206783  1.656989
378.5  0.473877  1.182495  1.656372
379.0  0.485705  1.169054  1.654758
379.5  0.484567  1.171458  1.656025
380.0  0.471859  1.184562  1.656421
380.5  0.450850  1.205273  1.656123
381.0  0.425565  1.229839  1.655404
381.5  0.399610  1.257147  1.656757
382.0  0.375343  1.282158  1.657501
382.5  0.353646  1.302637  1.656283
383.0  0.334277  1.321825  1.656102
383.5  0.316571  1.339965  1.656536
384.0  0.300179  1.356815  1.656994
384.5  0.285550  1.369866  1.655416
385.0  0.274024  1.381511  1.655536
385.5  0.267510  1.388217  1.655727
386.0  0.267833  1.388576  1.656409
386.5  0.275977  1.379425  1.655402
387.0  0.291463  1.363927  1.655390
387.5  0.312152  1.343651  1.655804
388.0  0.334590  1.321253  1.655842
388.5  0.354823  1.300506  1.655329
389.0  0.369414  1.285103  1.654518
389.5  0.376275  1.278586  1.654861
390.0  0.375063  1.279700  1.654763
390.5  0.367056  1.287410  1.654467
391.0  0.354604  1.300064  1.654668
391.5  0.340373  1.315926  1.656299
392.0  0.326616  1.329337  1.655953
392.5  0.314685  1.340939  1.655624
393.0  0.304898  1.351672  1.656570
393.5  0.296774  1.359691  1.656465
394.0  0.289519  1.366997  1.656516
394.5  0.282567  1.373946  1.656513
395.0  0.275967  1.381265  1.657233
395.5  0.270488  1.386438  1.656926
396.0  0.267364  1.389193  1.656556
396.5  0.267761  1.388053  1.655814
397.0  0.272142  1.384090  1.656232
397.5  0.279806  1.376238  1.656044
398.0  0.288883  1.366364  1.655247
398.5  0.296854  1.358200  1.655054
399.0  0.301455  1.353890  1.655344
399.5  0.301561  1.354307  1.655868
400.0  0.297678  1.358095  1.655772
400.5  0.291827  1.363680  1.655507
401.0  0.286927  1.369081  1.656008
401.5  0.285925  1.371141  1.657066
402.0  0.290973  1.365769  1.656742
402.5  0.302888  1.353120  1.656008
403.0  0.320974  1.335381  1.656354
403.5  0.343251  1.313110  1.656361
404.0  0.367009  1.288596  1.655605
404.5  0.389539  1.265866  1.655404
405.0  0.408832  1.246566  1.655398
405.5  0.424038  1.231749  1.655788
406.0  0.435528  1.220318  1.655845
406.5  0.444517  1.211956  1.656472
407.0  0.452355  1.203957  1.656312
407.5  0.459715  1.197100  1.656816
408.0  0.466023  1.191268  1.657291
408.5  0.469430  1.187285  1.656716
409.0  0.467419  1.189272  1.656691
409.5  0.457835  1.199121  1.656956
410.0  0.439911  1.218490  1.658401
410.5  0.414836  1.241223  1.656059
411.0  0.385640  1.270426  1.656066
411.5  0.356479  1.300413  1.656892
412.0  0.331592  1.326286  1.657879
412.5  0.314296  1.342849  1.657145
413.0  0.306274  1.349933  1.656207
413.5  0.307315  1.348962  1.656277
414.0  0.315528  1.342065  1.657593
414.5  0.327964  1.329110  1.657074
415.0  0.341457  1.314658  1.656115
415.5  0.353449  1.303000  1.656449
416.0  0.362574  1.295333  1.657908
416.5  0.368812  1.289316  1.658129
417.0  0.373173  1.284059  1.657232
417.5  0.377008  1.279989  1.656997
418.0  0.381217  1.276823  1.658039
418.5  0.385674  1.272960  1.658634
419.0  0.389185  1.269236  1.658421
419.5  0.390001  1.268484  1.658485
420.0  0.386679  1.272699  1.659377
420.5  0.378853  1.279651  1.658504
421.0  0.367561  1.291207  1.658768
421.5  0.354982  1.304072  1.659054
422.0  0.343749  1.315141  1.658890
422.5  0.336128  1.322927  1.659055
423.0  0.333347  1.325592  1.658939
423.5  0.335259  1.323362  1.658621
424.0  0.340385  1.317386  1.657770
424.5  0.346325  1.312547  1.658872
425.0  0.350433  1.310096  1.660529
425.5  0.350579  1.311431  1.662010
426.0  0.345794  1.314977  1.660771
426.5  0.336596  1.324667  1.661262
427.0  0.324878  1.335934  1.660812
427.5  0.313350  1.347220  1.660570
428.0  0.304668  1.356348  1.661016
428.5  0.300548  1.361258  1.661805
429.0  0.301185  1.360897  1.662082
429.5  0.305282  1.355489  1.660772
430.0  0.310692  1.350899  1.661591
430.5  0.315417  1.346786  1.662204
431.0  0.318502  1.342537  1.661039
431.5  0.320411  1.340072  1.660483
432.0  0.322750  1.337858  1.660608
432.5  0.327511  1.334207  1.661718
433.0  0.336186  1.326333  1.662519
433.5  0.349087  1.312935  1.662022
434.0  0.365057  1.296946  1.662002
434.5  0.381626  1.281128  1.662754
435.0  0.395562  1.267534  1.663096
435.5  0.403671  1.259123  1.662794
436.0  0.403666  1.258864  1.662530
436.5  0.394876  1.267946  1.662822
437.0  0.378582  1.286102  1.664684
437.5  0.357834  1.306377  1.664211
438.0  0.336754  1.327889  1.664643
438.5  0.319474  1.344383  1.663857
439.0  0.309013  1.355139  1.664152
439.5  0.306477  1.358641  1.665118
440.0  0.310912  1.354434  1.665346
440.5  0.319864  1.344409  1.664273
441.0  0.330429  1.333244  1.663673
441.5  0.340300  1.324250  1.664550
442.0  0.348360  1.316070  1.664430
442.5  0.354621  1.309131  1.663752
443.0  0.359651  1.305362  1.665013
443.5  0.363850  1.301913  1.665763
444.0  0.366931  1.299845  1.666776
444.5  0.367781  1.298057  1.665837
445.0  0.364712  1.299509  1.664221
445.5  0.355986  1.307298  1.663284
446.0  0.340443  1.324160  1.664603
446.5  0.318056  1.347498  1.665555
447.0  0.290262  1.373548  1.663810
447.5  0.259937  1.403099  1.663037
448.0  0.231005  1.432796  1.663801
448.5  0.207729  1.457160  1.664889
449.0  0.193827  1.471751  1.665578
449.5  0.191629  1.473373  1.665002
450.0  0.201508  1.462091  1.663599
450.5  0.221814  1.442466  1.664280
451.0  0.249417  1.415022  1.664439
451.5  0.280705  1.382907  1.663612
452.0  0.312657  1.349154  1.661811
452.5  0.343517  1.318012  1.661529
453.0  0.372786  1.289342  1.662127
453.5  0.400622  1.261790  1.662412
454.0  0.427026  1.234672  1.661698
454.5  0.451233  1.210043  1.661275
455.0  0.471582  1.189747  1.661329
455.5  0.485857  1.175626  1.661483
456.0  0.491934  1.168517  1.660450
456.5  0.488486  1.170576  1.659061
457.0  0.475530  1.183968  1.659498
457.5  0.454647  1.206243  1.660889
458.0  0.428821  1.231632  1.660454
458.5  0.401936  1.258383  1.660319
459.0  0.378036  1.282508  1.660545
459.5  0.360521  1.299936  1.660458
460.0  0.351434  1.306927  1.658361
460.5  0.351006  1.306792  1.657798
461.0  0.357624  1.301325  1.658949
461.5  0.368324  1.290586  1.658910
462.0  0.379742  1.278574  1.658317
462.5  0.389199  1.268050  1.657249
463.0  0.395459  1.263370  1.658829
463.5  0.398814  1.260855  1.659669
464.0  0.400501  1.257890  1.658391
464.5  0.401790  1.256370  1.658160
465.0  0.403232  1.255588  1.658820
465.5  0.404363  1.255214  1.659577
466.0  0.403929  1.255151  1.659080
466.5  0.400469  1.257714  1.658183
467.0  0.392975  1.266072  1.659047
467.5  0.381385  1.277467  1.658852
468.0  0.366743  1.290815  1.657558
468.5  0.351006  1.307088  1.658094
469.0  0.336599  1.321312  1.657911
469.5  0.325849  1.331514  1.657364
470.0  0.320452  1.336915  1.657367
470.5  0.321029  1.337196  1.658225
471.0  0.326848  1.331177  1.658025
471.5  0.335802  1.320710  1.656511
472.0  0.344794  1.311929  1.656723
472.5  0.350558  1.306351  1.656909
473.0  0.350678  1.306463  1.657142
473.5  0.344369  1.313282  1.657651
474.0  0.332613  1.324248  1.656861
474.5  0.317631  1.339149  1.656780
475.0  0.301976  1.355123  1.657099
475.5  0.287699  1.370255  1.657954
476.0  0.275916  1.382679  1.658594
476.5  0.266842  1.391342  1.658184
477.0  0.260170  1.397510  1.657680
477.5  0.255552  1.401654  1.657206
478.0  0.252982  1.404521  1.657502
478.5  0.252912  1.405045  1.657957
479.0  0.256108  1.402277  1.658385
479.5  0.263319  1.395310  1.658630
480.0  0.274920  1.383616  1.658536
480.5  0.290656  1.368058  1.658714
481.0  0.309555  1.347365  1.656919
481.5  0.329975  1.327171  1.657146
482.0  0.349798  1.308103  1.657901
482.5  0.366786  1.291864  1.658649
483.0  0.379098  1.278178  1.657276
483.5  0.385813  1.271344  1.657157
484.0  0.387181  1.271140  1.658321
484.5  0.384437  1.273381  1.657817
485.0  0.379221  1.278199  1.657420
485.5  0.372936  1.284487  1.657423
486.0  0.366339  1.291130  1.657469
486.5  0.359546  1.297965  1.657511
487.0  0.352380  1.305113  1.657493
487.5  0.344865  1.312972  1.657837
488.0  0.337625  1.319617  1.657242
488.5  0.332000  1.325424  1.657424
489.0  0.329792  1.326888  1.656680
489.5  0.332705  1.324429  1.657134
490.0  0.341673  1.316117  1.657789
490.5  0.356354  1.301202  1.657556
491.0  0.375006  1.282125  1.657131
491.5  0.394771  1.262730  1.657501
492.0  0.412258  1.245735  1.657993
492.5  0.424233  1.235064  1.659297
493.0  0.428309  1.230708  1.659017
493.5  0.423544  1.236321  1.659865
494.0  0.410759  1.250772  1.661530
494.5  0.392370  1.269479  1.661849
495.0  0.371672  1.289845  1.661516
495.5  0.351800  1.309300  1.661100
496.0  0.334811  1.326544  1.661355
496.5  0.321224  1.340310  1.661534
497.0  0.310175  1.351314  1.661489
497.5  0.300035  1.361667  1.661702
498.0  0.289263  1.373083  1.662347
498.5  0.277203  1.386850  1.664054
499.0  0.264541  1.400993  1.665535
499.5  0.253244  1.412770  1.666014
500.0  0.245935  1.421738  1.667673
500.5  0.244915  1.425115  1.670030
501.0  0.251239  1.419310  1.670549
501.5  0.264281  1.406261  1.670542
502.0  0.281938  1.388904  1.670842
502.5  0.301340  1.369186  1.670526
503.0  0.319704  1.350115  1.669819
503.5  0.335065  1.334233  1.669298
504.0  0.346757  1.321097  1.667854
504.5  0.355542  1.311353  1.666895
505.0  0.363312  1.302298  1.665611
505.5  0.372353  1.293005  1.665358
506.0  0.384414  1.279562  1.663975
506.5  0.399952  1.262140  1.662092
507.0  0.417886  1.243015  1.660902
507.5  0.435926  1.224677  1.660602
508.0  0.451339  1.209478  1.660817
508.5  0.461859  1.198281  1.660141
509.0  0.466438  1.194130  1.660569
509.5  0.465600  1.196392  1.661993
510.0  0.461243  1.200349  1.661592
510.5  0.455880  1.204928  1.660808
511.0  0.451569  1.209360  1.660929
511.5  0.448982  1.212494  1.661476
512.0  0.447053  1.213521  1.660574
512.5  0.443393  1.216045  1.659437
513.0  0.435251  1.223634  1.658886
513.5  0.420602  1.238921  1.659523
514.0  0.398982  1.261936  1.660918
514.5  0.371882  1.291457  1.663338
515.0  0.342597  1.323552  1.666150
515.5  0.315503  1.353517  1.669020
516.0  0.294880  1.376135  1.671015
516.5  0.283658  1.390716  1.674374
517.0  0.282560  1.395535  1.678095
517.5  0.289957  1.389846  1.679804
518.0  0.302477  1.378198  1.680675
518.5  0.316073  1.365850  1.681923
519.0  0.327198  1.356089  1.683287
519.5  0.333751  1.349983  1.683734
520.0  0.335533  1.348094  1.683627
520.5  0.334085  1.350191  1.684276
521.0  0.331881  1.352697  1.684578
521.5  0.331160  1.353428  1.684588
522.0  0.332857  1.351979  1.684836
522.5  0.336145  1.348071  1.684217
523.0  0.338791  1.345801  1.684592
523.5  0.338108  1.348799  1.686907
524.0  0.332070  1.357118  1.689188
524.5  0.320175  1.371875  1.692050
525.0  0.303835  1.391766  1.695601
525.5  0.286195  1.412588  1.698783
526.0  0.271336  1.431517  1.702854
526.5  0.263044  1.442377  1.705421
527.0  0.263545  1.443659  1.707204
527.5  0.272743  1.434885  1.707629
528.0  0.288250  1.417144  1.705393
528.5  0.306158  1.393513  1.699671
529.0  0.322198  1.373872  1.696070
529.5  0.332879  1.358660  1.691540
530.0  0.336340  1.348992  1.685331
530.5  0.332756  1.347155  1.679911
531.0  0.324220  1.354513  1.678733
531.5  0.314062  1.361546  1.675608
532.0  0.305754  1.366391  1.672146
532.5  0.301745  1.370032  1.671777
533.0  0.302701  1.369754  1.672455
533.5  0.307473  1.364052  1.671525
534.0  0.313783  1.357372  1.671156
534.5  0.319331  1.352731  1.672063
535.0  0.322872  1.350999  1.673871
535.5  0.324879  1.347607  1.672486
536.0  0.327515  1.345038  1.672554
536.5  0.333842  1.339100  1.672941
537.0  0.346532  1.325121  1.671654
537.5  0.366624  1.304531  1.671155
538.0  0.392865  1.278496  1.671361
538.5  0.421920  1.250992  1.672911
539.0  0.449267  1.224680  1.673946
539.5  0.470391  1.206815  1.677207
540.0  0.481863  1.200987  1.682851
540.5  0.482079  1.206706  1.688786
541.0  0.471565  1.223924  1.695489
541.5  0.452788  1.251551  1.704340
542.0  0.429469  1.283490  1.712959
542.5  0.405506  1.317038  1.722544
543.0  0.383845  1.346456  1.730302
543.5  0.365720  1.371155  1.736875
544.0  0.350575  1.390943  1.741519
544.5  0.336701  1.408531  1.745232
545.0  0.322300  1.427100  1.749400
545.5  0.306580  1.444329  1.750909
546.0  0.290464  1.461210  1.751674
546.5  0.276572  1.474486  1.751058
547.0  0.268370  1.478514  1.746884
547.5  0.268755  1.477278  1.746033
548.0  0.278709  1.467663  1.746372
548.5  0.296687  1.448098  1.744785
549.0  0.318993  1.428360  1.747353
549.5  0.340915  1.411238  1.752154
550.0  0.358070  1.399324  1.757394
550.5  0.367491  1.397059  1.764550
551.0  0.368226  1.405731  1.773957
551.5  0.361436  1.421525  1.782961
552.0  0.350032  1.442157  1.792189
552.5  0.337933  1.463980  1.801913
553.0  0.329058  1.479014  1.808072
553.5  0.326306  1.484742  1.811048
554.0  0.330797  1.480516  1.811313
554.5  0.341631  1.466394  1.808025
555.0  0.356230  1.444344  1.800574
555.5  0.371189  1.418457  1.789646
556.0  0.383394  1.394006  1.777400
556.5  0.391056  1.373656  1.764712
557.0  0.394246  1.356755  1.751001
557.5  0.394640  1.345674  1.740313
558.0  0.394553  1.339122  1.733675
558.5  0.395751  1.333043  1.728794
559.0  0.398618  1.325392  1.724010
559.5  0.402051  1.320686  1.722737
560.0  0.403995  1.319031  1.723025
560.5  0.402266  1.321289  1.723556
561.0  0.395315  1.329874  1.725190
561.5  0.382723  1.341023  1.723746
562.0  0.365390  1.353997  1.719387
562.5  0.345432  1.370535  1.715966
563.0  0.325807  1.386467  1.712274
563.5  0.309730  1.395765  1.705495
564.0  0.299991  1.398529  1.698519
564.5  0.298323  1.395319  1.693642
565.0  0.304972  1.384491  1.689464
565.5  0.318604  1.368270  1.686874
566.0  0.336627  1.350818  1.687445
566.5  0.355923  1.334199  1.690122
567.0  0.373743  1.322337  1.696080
567.5  0.388382  1.315900  1.704282
568.0  0.399268  1.314721  1.713989
568.5  0.406470  1.318654  1.725124
569.0  0.409988  1.326029  1.736017
569.5  0.409324  1.335050  1.744374
570.0  0.403574  1.349342  1.752916
570.5  0.391901  1.368137  1.760038
571.0  0.374064  1.392351  1.766415
571.5  0.350730  1.420039  1.770769
572.0  0.323505  1.448467  1.771972
572.5  0.294735  1.478118  1.772853
573.0  0.267185  1.506124  1.773308
573.5  0.243649  1.529480  1.773128
574.0  0.226561  1.546318  1.772879
574.5  0.217636  1.556455  1.774090
575.0  0.217587  1.559398  1.776985
575.5  0.225965  1.557009  1.782975
576.0  0.241176  1.550183  1.791360
576.5  0.260752  1.541913  1.802665
577.0  0.281895  1.533147  1.815042
577.5  0.302155  1.524708  1.826863
578.0  0.319945  1.517741  1.837686
578.5  0.334631  1.514402  1.849033
579.0  0.346184  1.510166  1.856350
579.5  0.354678  1.503349  1.858027
580.0  0.359983  1.494624  1.854607
580.5  0.361809  1.487290  1.849099
581.0  0.359994  1.480282  1.840276
581.5  0.354784  1.472666  1.827450
582.0  0.346966  1.465791  1.812757
582.5  0.337811  1.462894  1.800705
583.0  0.328888  1.462168  1.791057
583.5  0.321824  1.460891  1.782715
584.0  0.318043  1.458690  1.776733
584.5  0.318525  1.455454  1.773980
585.0  0.323612  1.449035  1.772647
585.5  0.332897  1.439144  1.772041
586.0  0.345233  1.427197  1.772429
586.5  0.358892  1.413581  1.772473
587.0  0.371903  1.400437  1.772340
587.5  0.382527  1.388360  1.770887
588.0  0.389732  1.377688  1.767420
588.5  0.393453  1.369959  1.763411
589.0  0.394489  1.364348  1.758837
589.5  0.394090  1.359240  1.753330
590.0  0.393471  1.353428  1.746899
590.5  0.393487  1.348801  1.742288
591.0  0.394554  1.344932  1.739486
591.5  0.396709  1.342048  1.738757
592.0  0.399709  1.342681  1.742390
592.5  0.403123  1.345505  1.748627
593.0  0.406435  1.351553  1.757988
593.5  0.409188  1.361234  1.770423
594.0  0.411114  1.374242  1.785355
594.5  0.412168  1.389149  1.801317
595.0  0.412438  1.406100  1.818538
595.5  0.411937  1.421647  1.833585
596.0  0.410401  1.436238  1.846638
596.5  0.407198  1.450466  1.857664
597.0  0.401452  1.463350  1.864802
597.5  0.392337  1.477220  1.869557
598.0  0.379474  1.494034  1.873508
598.5  0.363239  1.512481  1.875719
599.0  0.344836  1.530380  1.875216
599.5  0.326061  1.547793  1.873854
600.0  0.308853  1.565755  1.874608
600.5  0.294870  1.583422  1.878292
601.0  0.285237  1.597849  1.883086
601.5  0.280502  1.608516  1.889018
602.0  0.280704  1.617381  1.898085
602.5  0.285456  1.624691  1.910147
603.0  0.294036  1.629503  1.923538
603.5  0.305518  1.632039  1.937557
604.0  0.318959  1.632677  1.951636
604.5  0.333546  1.631080  1.964626
605.0  0.348640  1.626110  1.974750
605.5  0.363661  1.618165  1.981826
606.0  0.377882  1.606043  1.983925
606.5  0.390275  1.591064  1.981339
607.0  0.399520  1.574350  1.973870
607.5  0.404222  1.559164  1.963387
608.0  0.403271  1.547295  1.950567
608.5  0.396207  1.541415  1.937622
609.0  0.383462  1.541758  1.925221
609.5  0.366374  1.546319  1.912693
610.0  0.346937  1.557912  1.904850
610.5  0.327417  1.572420  1.899836
611.0  0.309953  1.588270  1.898223
611.5  0.296291  1.601380  1.897672
612.0  0.287617  1.609220  1.896837
612.5  0.284460  1.612279  1.896739
613.0  0.286648  1.610632  1.897280
613.5  0.293345  1.599932  1.893278
614.0  0.303254  1.583094  1.886348
614.5  0.314910  1.563277  1.878187
615.0  0.326983  1.543207  1.870190
615.5  0.338421  1.523319  1.861740
616.0  0.348425  1.504203  1.852629
616.5  0.356330  1.489327  1.845658
617.0  0.361558  1.480036  1.841594
617.5  0.363728  1.477112  1.840840
618.0  0.362866  1.481636  1.844503
618.5  0.359563  1.492527  1.852090
619.0  0.354916  1.507401  1.862317
619.5  0.350256  1.523232  1.873488
620.0  0.346754  1.539149  1.885903
620.5  0.345091  1.554553  1.899644
621.0  0.345352  1.565686  1.911038
621.5  0.347179  1.572120  1.919299
622.0  0.350076  1.577639  1.927716
622.5  0.353661  1.581325  1.934986
623.0  0.357714  1.580938  1.938652
623.5  0.362031  1.576956  1.938987
624.0  0.366228  1.572360  1.938588
624.5  0.369671  1.570660  1.940330
625.0  0.371571  1.569562  1.941132
625.5  0.371157  1.570018  1.941175
626.0  0.367782  1.575162  1.942944
626.5  0.360913  1.585848  1.946761
627.0  0.350082  1.602188  1.952269
627.5  0.334980  1.626870  1.961851
628.0  0.315771  1.656605  1.972376
628.5  0.293511  1.690082  1.983593
629.0  0.270404  1.723000  1.993404
629.5  0.249620  1.753920  2.003540
630.0  0.234597  1.776775  2.011371
630.5  0.228062  1.788567  2.016628
631.0  0.231176  1.786750  2.017926
631.5  0.243205  1.774123  2.017328
632.0  0.261845  1.752279  2.014124
632.5  0.284026  1.724043  2.008069
633.0  0.306783  1.696100  2.002883
633.5  0.327863  1.670376  1.998239
634.0  0.345932  1.647662  1.993594
634.5  0.360487  1.628872  1.989359
635.0  0.371658  1.615997  1.987655
635.5  0.380003  1.605590  1.985593
636.0  0.386297  1.598555  1.984852
636.5  0.391267  1.594734  1.986001
637.0  0.395286  1.593006  1.988292
637.5  0.398167  1.589111  1.987278
638.0  0.399255  1.585914  1.985170
638.5  0.397872  1.585682  1.983554
639.0  0.393982  1.586956  1.980938
639.5  0.388707  1.585298  1.974005
640.0  0.384362  1.582191  1.966552
640.5  0.383845  1.576593  1.960438
641.0  0.389597  1.562573  1.952170
641.5  0.402578  1.542901  1.945479
642.0  0.421740  1.521222  1.942962
642.5  0.444231  1.498074  1.942306
643.0  0.466201  1.474748  1.940949
643.5  0.483802  1.459167  1.942969
644.0  0.494014  1.454825  1.948839
644.5  0.495080  1.458468  1.953549
645.0  0.486610  1.470856  1.957465
645.5  0.469452  1.492991  1.962443
646.0  0.445462  1.519488  1.964949
646.5  0.417150  1.548701  1.965852
647.0  0.387203  1.577424  1.964627
647.5  0.357926  1.606219  1.964146
648.0  0.330806  1.631565  1.962372
648.5  0.306400  1.651961  1.958360
649.0  0.284660  1.670193  1.954853
649.5  0.265571  1.688873  1.954444
650.0  0.249735  1.705800  1.955535
650.5  0.238562  1.717904  1.956466
651.0  0.233889  1.724065  1.957954
651.5  0.237185  1.724390  1.961576
652.0  0.248767  1.717695  1.966463
652.5  0.267426  1.703431  1.970857
653.0  0.290659  1.684308  1.974967
653.5  0.315345  1.663588  1.978934
654.0  0.338519  1.644085  1.982605
654.5  0.357920  1.627230  1.985150
655.0  0.372200  1.614246  1.986446
655.5  0.380866  1.605915  1.986781
656.0  0.384113  1.604557  1.988670
656.5  0.382636  1.607957  1.990592
657.0  0.377429  1.612244  1.989673
657.5  0.369542  1.619270  1.988812
658.0  0.359821  1.628511  1.988332
658.5  0.348736  1.639521  1.988257
659.0  0.336438  1.652446  1.988884
659.5  0.323068  1.667294  1.990362
660.0  0.309195  1.683067  1.992262
660.5  0.296116  1.699489  1.995605
661.0  0.285779  1.713261  1.999040
661.5  0.280256  1.721397  2.001653
662.0  0.280938  1.721468  2.002407
662.5  0.287853  1.712288  2.000141
663.0  0.299443  1.695362  1.994805
663.5  0.312970  1.674984  1.987954
664.0  0.325373  1.654332  1.979705
664.5  0.334189  1.634995  1.969184
665.0  0.338203  1.622656  1.960859
665.5  0.337632  1.616163  1.953795
666.0  0.333917  1.611962  1.945879
666.5  0.329258  1.612259  1.941516
667.0  0.326071  1.614880  1.940951
667.5  0.326434  1.614296  1.940730
668.0  0.331598  1.609618  1.941216
668.5  0.341649  1.601627  1.943276
669.0  0.355438  1.589747  1.945185
669.5  0.370873  1.574123  1.944996
670.0  0.385534  1.557055  1.942589
670.5  0.397414  1.541670  1.939084
671.0  0.405482  1.529284  1.934766
671.5  0.409820  1.519828  1.929648
672.0  0.411276  1.513729  1.925004
672.5  0.410797  1.509004  1.919801
673.0  0.408807  1.506238  1.915045
673.5  0.404933  1.508276  1.913209
674.0  0.398204  1.516975  1.915179
674.5  0.387580  1.533416  1.920996
675.0  0.372546  1.554557  1.927103
675.5  0.353477  1.583016  1.936493
676.0  0.331705  1.616816  1.948521
676.5  0.309304  1.653010  1.962314
677.0  0.288729  1.687774  1.976503
677.5  0.272404  1.717977  1.990380
678.0  0.262291  1.741908  2.004199
678.5  0.259508  1.756175  2.015683
679.0  0.264043  1.760494  2.024538
679.5  0.274703  1.755543  2.030246
680.0  0.289381  1.744022  2.033403
680.5  0.305615  1.729051  2.034667
681.0  0.321260  1.713533  2.034793
681.5  0.334995  1.698264  2.033258
682.0  0.346463  1.685604  2.032067
682.5  0.355991  1.677227  2.033218
683.0  0.364071  1.672284  2.036355
683.5  0.370894  1.671298  2.042192
684.0  0.376183  1.674148  2.050331
684.5  0.379354  1.681849  2.061203
685.0  0.379893  1.694173  2.074066
685.5  0.377711  1.709317  2.087028
686.0  0.373323  1.725189  2.098513
686.5  0.367819  1.738458  2.106277
687.0  0.362662  1.747750  2.110412
687.5  0.359431  1.750833  2.110265
688.0  0.359521  1.743605  2.103126
688.5  0.363847  1.727036  2.090883
689.0  0.372566  1.704396  2.076962
689.5  0.384902  1.676011  2.060914
690.0  0.399203  1.643943  2.043146
690.5  0.413285  1.613932  2.027217
691.0  0.425031  1.589817  2.014848
691.5  0.433005  1.571726  2.004732
692.0  0.436817  1.560752  1.997569
692.5  0.437059  1.557899  1.994958
693.0  0.434857  1.560664  1.995521
693.5  0.431262  1.564532  1.995795
694.0  0.426797  1.569851  1.996648
694.5  0.421352  1.577062  1.998414
695.0  0.414416  1.584033  1.998448
695.5  0.405472  1.589123  1.994595
696.0  0.394365  1.593080  1.987445
696.5  0.381490  1.596853  1.978343
697.0  0.367796  1.599858  1.967654
697.5  0.354622  1.600494  1.955116
698.0  0.343428  1.599447  1.942875
698.5  0.335432  1.597019  1.932452
699.0  0.331211  1.593495  1.924707
699.5  0.330368  1.589840  1.920208
700.0  0.331423  1.588454  1.919877
700.5  0.332077  1.592310  1.924387
701.0  0.329854  1.604548  1.934402
701.5  0.322933  1.624520  1.947453
702.0  0.310848  1.653421  1.964269
702.5  0.294740  1.687595  1.982336
703.0  0.277029  1.723323  2.000351
703.5  0.260630  1.756788  2.017419
704.0  0.248077  1.783081  2.031157
704.5  0.240869  1.801775  2.042644
705.0  0.239282  1.811929  2.051210
705.5  0.242581  1.812945  2.055526
706.0  0.249485  1.808635  2.058120
706.5  0.258663  1.799860  2.058523
707.0  0.269139  1.789446  2.058585
707.5  0.280530  1.778142  2.058673
708.0  0.293068  1.765793  2.058861
708.5  0.307351  1.754874  2.062225
709.0  0.323860  1.745760  2.069620
709.5  0.342351  1.737764  2.080115
710.0  0.361432  1.731361  2.092793
710.5  0.378584  1.728761  2.107344
711.0  0.390752  1.732405  2.123156
711.5  0.395318  1.743432  2.138750
712.0  0.391050  1.759555  2.150605
712.5  0.378618  1.777460  2.156077
713.0  0.360459  1.796464  2.156923
713.5  0.340078  1.812022  2.152100
714.0  0.321059  1.818629  2.139688
714.5  0.306189  1.815064  2.121253
715.0  0.296972  1.802887  2.099859
715.5  0.293606  1.786160  2.079767
716.0  0.295319  1.767856  2.063175
716.5  0.300864  1.747369  2.048234
717.0  0.309017  1.726942  2.035959
717.5  0.318983  1.710469  2.029452
718.0  0.330635  1.697684  2.028319
718.5  0.344497  1.683828  2.028325
719.0  0.361363  1.666280  2.027643
719.5  0.381579  1.647039  2.028618
720.0  0.404252  1.627276  2.031528
720.5  0.426812  1.604207  2.031019
721.0  0.445330  1.579823  2.025153
721.5  0.455603  1.562560  2.018163
722.0  0.454586  1.555535  2.010120
722.5  0.441563  1.559717  2.001280
723.0  0.418548  1.570571  1.989119
723.5  0.389775  1.589569  1.979344
724.0  0.360525  1.610996  1.971521
724.5  0.335706  1.630198  1.965904
725.0  0.318694  1.646458  1.965152
725.5  0.310717  1.660172  1.970889
726.0  0.310877  1.672526  1.983404
726.5  0.316685  1.684213  2.000898
727.0  0.324875  1.696422  2.021297
727.5  0.332327  1.712642  2.044969
728.0  0.336935  1.734824  2.071759
728.5  0.338246  1.761083  2.099329
729.0  0.337630  1.785188  2.122818
729.5  0.337777  1.805794  2.143570
730.0  0.341499  1.819936  2.161435
730.5  0.350251  1.824121  2.174372
731.0  0.363089  1.817406  2.180495
731.5  0.376703  1.807158  2.183861
732.0  0.386625  1.799732  2.186357
732.5  0.389028  1.795871  2.184899
733.0  0.382267  1.800776  2.183043
733.5  0.367514  1.817045  2.184559
734.0  0.348339  1.840250  2.188589
734.5  0.329531  1.864323  2.193854
735.0  0.315663  1.889549  2.205212
735.5  0.309903  1.910906  2.220808
736.0  0.313365  1.924295  2.237660
736.5  0.325078  1.930442  2.255520
737.0  0.342421  1.933792  2.276213
737.5  0.361849  1.932885  2.294734
738.0  0.379748  1.928793  2.308541
738.5  0.393307  1.925912  2.319219
739.0  0.401265  1.922137  2.323401
739.5  0.404276  1.915522  2.319798
740.0  0.404636  1.904757  2.309393
740.5  0.405249  1.889571  2.294820
741.0  0.408170  1.866763  2.274932
741.5  0.413422  1.837481  2.250902
742.0  0.418784  1.808080  2.226863
742.5  0.420741  1.784644  2.205385
743.0  0.416114  1.769577  2.185692
743.5  0.403554  1.768215  2.171769
744.0  0.384219  1.781097  2.165316
744.5  0.361453  1.801476  2.162929
745.0  0.339682  1.823698  2.163379
745.5  0.323025  1.843375  2.166399
746.0  0.314116  1.856218  2.170335
746.5  0.313475  1.858946  2.172421
747.0  0.319520  1.851256  2.170776
747.5  0.329101  1.836299  2.165399
748.0  0.338357  1.815849  2.154206
748.5  0.343696  1.800576  2.144272
749.0  0.342751  1.790293  2.133044
749.5  0.335114  1.786763  2.121876
750.0  0.322584  1.789515  2.112099
750.5  0.308653  1.796466  2.105119
751.0  0.297214  1.806211  2.103425
751.5  0.290941  1.818043  2.108984
752.0  0.290122  1.831641  2.121763
752.5  0.292632  1.845391  2.138023
753.0  0.295087  1.861481  2.156569
753.5  0.294567  1.883704  2.178271
754.0  0.290040  1.912737  2.202777
754.5  0.282892  1.942215  2.225107
755.0  0.276423  1.967858  2.244282
755.5  0.274618  1.986585  2.261203
756.0  0.280670  1.993882  2.274552
756.5  0.295831  1.987967  2.283798
757.0  0.318900  1.970199  2.289099
757.5  0.346469  1.945655  2.292124
758.0  0.373724  1.919285  2.293009
758.5  0.395556  1.894955  2.290511
759.0  0.407732  1.880770  2.288501
759.5  0.407927  1.880342  2.288269
760.0  0.396426  1.894632  2.291058
760.5  0.376186  1.919939  2.296125
761.0  0.352073  1.950990  2.303063
761.5  0.329317  1.984142  2.313460
762.0  0.311741  2.014719  2.326461
762.5  0.300553  2.040151  2.340704
763.0  0.294305  2.059259  2.353563
763.5  0.289999  2.073669  2.363668
764.0  0.284749  2.084278  2.369027
764.5  0.277215  2.090737  2.367952
765.0  0.268286  2.091431  2.359716
765.5  0.260814  2.085070  2.345885
766.0  0.258583  2.069926  2.328510
766.5  0.264905  2.042503  2.307408
767.0  0.281384  2.004264  2.285648
767.5  0.307265  1.958410  2.265675
768.0  0.339537  1.909685  2.249222
768.5  0.373665  1.864092  2.237757
769.0  0.404690  1.825717  2.230407
769.5  0.428401  1.800012  2.228413
770.0  0.442349  1.786506  2.228854
770.5  0.446478  1.785959  2.232437
771.0  0.443129  1.794686  2.237815
771.5  0.436255  1.805340  2.241595
772.0  0.430020  1.815176  2.245196
772.5  0.427276  1.817925  2.245200
773.0  0.428604  1.812948  2.241551
773.5  0.432342  1.803699  2.236041
774.0  0.435480  1.795547  2.231027
774.5  0.434959  1.790309  2.225268
775.0  0.428840  1.788957  2.217797
775.5  0.416988  1.795026  2.212014
776.0  0.401101  1.809838  2.210939
776.5  0.384083  1.831643  2.215727
777.0  0.368976  1.855801  2.224777
777.5  0.357856  1.877886  2.235742
778.0  0.351138  1.898122  2.249260
778.5  0.347518  1.919752  2.267270
779.0  0.344530  1.944201  2.288730
779.5  0.339459  1.971312  2.310771
780.0  0.330349  2.000030  2.330379
780.5  0.316828  2.031680  2.348509
781.0  0.300548  2.063388  2.363936
781.5  0.285005  2.091265  2.376270
782.0  0.274656  2.109076  2.383732
782.5  0.273491  2.115356  2.388847
783.0  0.283543  2.107745  2.391288
783.5  0.304011  2.085800  2.389811
784.0  0.331379  2.054112  2.385491
784.5  0.360468  2.023703  2.384172
785.0  0.385944  1.997996  2.383940
785.5  0.403744  1.979741  2.383485
786.0  0.412000  1.973995  2.385995
786.5  0.411236  1.980681  2.391917
787.0  0.403841  1.994119  2.397960
787.5  0.393022  2.013640  2.406662
788.0  0.381655  2.033857  2.415512
788.5  0.371441  2.052515  2.423955
789.0  0.362611  2.068209  2.430820
789.5  0.354191  2.078214  2.432405
790.0  0.344644  2.089174  2.433819
790.5  0.332706  2.098116  2.430822
791.0  0.318167  2.105548  2.423715
791.5  0.302392  2.111773  2.414165
792.0  0.288307  2.112482  2.400789
792.5  0.279703  2.106562  2.386265
793.0  0.279969  2.092360  2.372330
793.5  0.290740  2.067578  2.358319
794.0  0.311062  2.037061  2.348123
794.5  0.337492  2.004316  2.341808
795.0  0.365070  1.971075  2.336145
795.5  0.388727  1.946020  2.334747
796.0  0.404619  1.933036  2.337655
796.5  0.410996  1.931213  2.342208
797.0  0.408378  1.935804  2.344182
797.5  0.399055  1.944397  2.343452
798.0  0.386106  1.954875  2.340981
798.5  0.372340  1.967383  2.339722
799.0  0.359522  1.977204  2.336725
799.5  0.348091  1.984918  2.333009
800.0  0.337368  1.993044  2.330412
800.5  0.326107  2.002941  2.329048
801.0  0.313259  2.015359  2.328618
801.5  0.298733  2.030917  2.329649
802.0  0.283937  2.049256  2.333193
802.5  0.271773  2.064350  2.336123
803.0  0.265868  2.073347  2.339214
803.5  0.269183  2.074728  2.343911
804.0  0.282583  2.066560  2.349143
804.5  0.304116  2.049734  2.353850
805.0  0.329419  2.028577  2.357996
805.5  0.353066  2.008108  2.361174
806.0  0.370193  1.995697  2.365890
806.5  0.377780  1.990244  2.368024
807.0  0.375255  1.994965  2.370221
807.5  0.364362  2.008114  2.372477
808.0  0.348429  2.023053  2.371483
808.5  0.331312  2.039840  2.371152
809.0  0.316348  2.054549  2.370897
809.5  0.305608  2.064500  2.370108
810.0  0.299625  2.069583  2.369208
810.5  0.297570  2.071178  2.368749
811.0  0.297801  2.070834  2.368635
811.5  0.298635  2.070467  2.369102
812.0  0.299182  2.070028  2.369209
812.5  0.299928  2.071641  2.371569
813.0  0.302731  2.072889  2.375620
813.5  0.310011  2.068947  2.378958
814.0  0.323362  2.056376  2.379738
814.5  0.342286  2.038144  2.380431
815.0  0.363854  2.015772  2.379626
815.5  0.383554  1.993001  2.376555
816.0  0.396918  1.977259  2.374177
816.5  0.401075  1.971946  2.373020
817.0  0.395631  1.976768  2.372399
817.5  0.382682  1.987776  2.370458
818.0  0.366112  2.005056  2.371168
818.5  0.350497  2.023170  2.373667
819.0  0.339915  2.035322  2.375237
819.5  0.336980  2.038959  2.375939
820.0  0.342329  2.033193  2.375522
820.5  0.354625  2.018706  2.373332
821.0  0.371045  2.000920  2.371965
821.5  0.388103  1.981798  2.369902
822.0  0.402682  1.962486  2.365168
822.5  0.413051  1.949415  2.362467
823.0  0.419546  1.942884  2.362431
823.5  0.424496  1.936714  2.361209
824.0  0.431160  1.929498  2.360658
824.5  0.441953  1.918388  2.360341
825.0  0.456791  1.905625  2.362416
825.5  0.472551  1.890614  2.363165
826.0  0.484028  1.881283  2.365312
826.5  0.485896  1.878347  2.364243
827.0  0.474685  1.889964  2.364650
827.5  0.449948  1.918670  2.368618
828.0  0.414351  1.956166  2.370516
828.5  0.372873  1.997266  2.370139
829.0  0.331503  2.039316  2.370819
829.5  0.295840  2.076285  2.372126
830.0  0.269940  2.100757  2.370697
830.5  0.255649  2.112847  2.368496
831.0  0.252490  2.114625  2.367116
831.5  0.258057  2.109829  2.367886
832.0  0.268778  2.096287  2.365065
832.5  0.280947  2.082246  2.363193
833.0  0.291819  2.074052  2.365871
833.5  0.300456  2.068391  2.368848
834.0  0.307904  2.064063  2.371967
834.5  0.316386  2.059868  2.376254
835.0  0.327728  2.054854  2.382582
835.5  0.341792  2.047692  2.389484
836.0  0.355909  2.039556  2.395465
836.5  0.365750  2.035306  2.401056
837.0  0.367190  2.037314  2.404503
837.5  0.358157  2.048570  2.406726
838.0  0.339591  2.066878  2.406469
838.5  0.315219  2.090390  2.405609
839.0  0.290403  2.114133  2.404536
839.5  0.270593  2.132540  2.403133
840.0  0.259915  2.142060  2.401976
840.5  0.260258  2.143566  2.403824
841.0  0.271015  2.135385  2.406400
841.5  0.289419  2.121498  2.410918
842.0  0.311305  2.106341  2.417646
842.5  0.332129  2.094738  2.426866
843.0  0.348110  2.086924  2.435034
843.5  0.357309  2.085618  2.442927
844.0  0.360337  2.090492  2.450829
844.5  0.360254  2.096685  2.456940
845.0  0.361375  2.095725  2.457100
845.5  0.367257  2.087421  2.454678
846.0  0.378781  2.067094  2.445876
846.5  0.393421  2.042077  2.435498
847.0  0.406231  2.017631  2.423861
847.5  0.412020  1.998670  2.410690
848.0  0.407566  1.991297  2.398863
848.5  0.392849  1.995580  2.388429
849.0  0.370967  2.011200  2.382167
849.5  0.347003  2.031325  2.378328
850.0  0.326436  2.051133  2.377569
850.5  0.313646  2.067489  2.381135
851.0  0.310901  2.074055  2.384955
851.5  0.317958  2.069350  2.387308
852.0  0.332242  2.057103  2.389344
852.5  0.349465  2.041486  2.390951
853.0  0.364603  2.025378  2.389981
853.5  0.373127  2.012605  2.385732
854.0  0.372340  2.006914  2.379254
854.5  0.362435  2.009801  2.372235
855.0  0.346717  2.019498  2.366215
855.5  0.330554  2.032285  2.362839
856.0  0.319207  2.040728  2.359935
856.5  0.315483  2.044897  2.360381
857.0  0.318525  2.048061  2.366587
857.5  0.324460  2.050304  2.374764
858.0  0.328493  2.058897  2.387389
858.5  0.327218  2.078470  2.405688
859.0  0.319993  2.104707  2.424701
859.5  0.308936  2.137321  2.446256
860.0  0.297864  2.170537  2.468402
860.5  0.290830  2.198754  2.489584
861.0  0.290827  2.218468  2.509295
861.5  0.299022  2.228569  2.527591
862.0  0.314539  2.225670  2.540209
862.5  0.334686  2.212915  2.547601
863.0  0.355485  2.196295  2.551780
863.5  0.372454  2.180513  2.552966
864.0  0.381654  2.170540  2.552194
864.5  0.380921  2.170663  2.551584
865.0  0.370923  2.179097  2.550020
865.5  0.355469  2.192315  2.547784
866.0  0.340524  2.210071  2.550595
866.5  0.332015  2.224524  2.556539
867.0  0.333332  2.230585  2.563917
867.5  0.343918  2.230325  2.574243
868.0  0.359783  2.227546  2.587329
868.5  0.375615  2.226612  2.602227
869.0  0.387210  2.230604  2.617814
869.5  0.392979  2.235873  2.628851
870.0  0.394055  2.240355  2.634411
870.5  0.393300  2.242486  2.635787
871.0  0.393908  2.237057  2.630965
871.5  0.398230  2.218499  2.616729
872.0  0.407139  2.190841  2.597980
872.5  0.419917  2.156146  2.576062
873.0  0.434487  2.117826  2.552313
873.5  0.447826  2.080930  2.528756
874.0  0.456486  2.051524  2.508010
874.5  0.457301  2.035550  2.492850
875.0  0.448281  2.058173  2.506454
875.5  0.429530  2.070864  2.500394
876.0  0.403725  2.099418  2.503143
876.5  0.375691  2.134517  2.510208
877.0  0.350919  2.155341  2.506260
877.5  0.333536  2.176655  2.510191
878.0  0.324755  2.180343  2.505099
878.5  0.322698  2.190399  2.513098
879.0  0.323657  2.188348  2.512005
879.5  0.324022  2.186233  2.510255
880.0  0.321804  2.194501  2.516306
880.5  0.317101  2.193276  2.510378
881.0  0.311556  2.207490  2.519046
881.5  0.307311  2.203428  2.510739
882.0  0.306036  2.212586  2.518621
882.5  0.308356  2.210437  2.518793
883.0  0.313745  2.200094  2.513839
883.5  0.320712  2.205209  2.525922
884.0  0.327126  2.181775  2.508901
884.5  0.330624  2.203824  2.534447
885.0  0.329139  2.178080  2.507220
885.5  0.321566  2.217599  2.539165
886.0  0.308427  2.198752  2.507179
886.5  0.292218  2.246021  2.538239
887.0  0.277067  2.233518  2.510584
887.5  0.267567  2.266363  2.533930
888.0  0.267142  2.248814  2.515956
888.5  0.276679  2.250662  2.527341
889.0  0.294163  2.226414  2.520577
889.5  0.315503  2.206642  2.522145
890.0  0.336075  2.183976  2.520051
890.5  0.352190  2.166925  2.519115
891.0  0.361887  2.156305  2.518192
891.5  0.364940  2.152648  2.517588
892.0  0.362372  2.149179  2.511551
892.5  0.355863  2.162770  2.518633
893.0  0.347278  2.157203  2.504481
893.5  0.338367  2.178577  2.516945
894.0  0.330525  2.168767  2.499292
894.5  0.324579  2.193100  2.517679
895.0  0.320659  2.175398  2.496057
895.5  0.318283  2.187886  2.506169
896.0  0.316744  2.180765  2.497509
896.5  0.315709  2.182866  2.498575
897.0  0.315720  2.192164  2.507883
897.5  0.318243  2.165587  2.483830
898.0  0.325063  2.185893  2.510957
898.5  0.337244  2.140692  2.477936
899.0  0.354232  2.162373  2.516604
899.5  0.373684  2.106075  2.479760
900.0  0.392195  2.118370  2.510565
900.5  0.406510  2.083800  2.490310
901.0  0.414582  2.093050  2.507633
901.5  0.415995  2.088197  2.504192
902.0  0.411713  2.092267  2.503980
902.5  0.403472  2.111109  2.514581
903.0  0.393154  2.115499  2.508652
903.5  0.382356  2.138377  2.520733
904.0  0.372178  2.143825  2.516003
904.5  0.363123  2.155568  2.518691
905.0  0.355081  2.169384  2.524465
905.5  0.347431  2.168554  2.515985
906.0  0.339342  2.190699  2.530041
906.5  0.330306  2.184206  2.514512
907.0  0.320728  2.210079  2.530807
907.5  0.312279  2.204106  2.516384
908.0  0.307639  2.217760  2.525399
908.5  0.309548  2.209779  2.519328
909.0  0.319486  2.199645  2.519131
909.5  0.336655  2.191280  2.527935
910.0  0.357876  2.153778  2.511654
910.5  0.378496  2.155858  2.534354
911.0  0.393862  2.110644  2.504506
911.5  0.400657  2.138116  2.538773
912.0  0.397604  2.105397  2.503001
912.5  0.385460  2.154333  2.539793
913.0  0.366546  2.138690  2.505237
913.5  0.344104  2.195518  2.539622
914.0  0.321655  2.190517  2.512172
914.5  0.302428  2.234055  2.536483
915.0  0.288859  2.231956  2.520815
915.5  0.282218  2.249139  2.531357
916.0  0.282484  2.242927  2.525411
916.5  0.288581  2.236951  2.525533
917.0  0.298979  2.227546  2.526525
917.5  0.312459  2.212550  2.525008
918.0  0.328671  2.192429  2.521100
918.5  0.348122  2.173507  2.521628
919.0  0.371494  2.138618  2.510112
919.5  0.398635  2.124837  2.523473
920.0  0.427823  2.071068  2.498891
920.5  0.455791  2.063619  2.519410
921.0  0.478544  2.010951  2.489495
921.5  0.492519  2.023366  2.515886
922.0  0.495536  2.043076  2.538612
922.5  0.487202  2.067882  2.555085
923.0  0.468804  2.096301  2.565105
923.5  0.442866  2.123437  2.566302
924.0  0.412607  2.144067  2.556673
924.5  0.381399  2.157452  2.538852
925.0  0.352263  2.159333  2.511595
925.5  0.327429  2.154217  2.481646
926.0  0.308061  2.144133  2.452194
926.5  0.294233  2.129432  2.423666
927.0  0.285244  2.113500  2.398744
927.5  0.280189  2.100215  2.380404
928.0  0.278578  2.089915  2.368493
928.5  0.280636  2.083853  2.364489
929.0  0.287059  2.077236  2.364295
929.5  0.298279  2.068159  2.366438
930.0  0.313647  2.056725  2.370372
930.5  0.331078  2.040081  2.371159
931.0  0.347439  2.025033  2.372472
931.5  0.359503  2.009852  2.369354
932.0  0.364964  1.994970  2.359934
932.5  0.363064  1.984147  2.347210
933.0  0.354639  1.976418  2.331057
933.5  0.341735  1.971081  2.312816
934.0  0.327015  1.968630  2.295645
934.5  0.313169  1.968261  2.281430
935.0  0.302411  1.970284  2.272695
935.5  0.296092  1.974214  2.270306
936.0  0.294466  1.981320  2.275786
936.5  0.296691  1.993488  2.290178
937.0  0.301117  2.010292  2.311409
937.5  0.305881  2.032256  2.338138
938.0  0.309613  2.057956  2.367569
938.5  0.311967  2.087973  2.399941
939.0  0.313650  2.119816  2.433466
939.5  0.315842  2.147805  2.463647
940.0  0.319293  2.168936  2.488228
940.5  0.323626  2.184583  2.508210
941.0  0.327325  2.194478  2.521803
941.5  0.328415  2.202744  2.531159
942.0  0.325447  2.211381  2.536828
942.5  0.318239  2.219710  2.537948
943.0  0.308070  2.229046  2.537116
943.5  0.297356  2.240906  2.538262
944.0  0.289027  2.250694  2.539720
944.5  0.285851  2.257004  2.542855
945.0  0.289848  2.263190  2.553038
945.5  0.301842  2.264715  2.566557
946.0  0.321192  2.264305  2.585497
946.5  0.345778  2.264031  2.609809
947.0  0.372315  2.263270  2.635585
947.5  0.397046  2.262518  2.659564
948.0  0.416689  2.264792  2.681482
948.5  0.429357  2.268132  2.697488
949.0  0.435020  2.267720  2.702740
949.5  0.435224  2.262899  2.698123
950.0  0.432104  2.252993  2.685097
950.5  0.427217  2.237951  2.665168
951.0  0.420875  2.217478  2.638353
951.5  0.412361  2.202143  2.614504
952.0  0.400815  2.189884  2.590699
952.5  0.386173  2.183280  2.569452
953.0  0.369611  2.185296  2.554906
953.5  0.353326  2.192363  2.545688
954.0  0.339891  2.203057  2.542948
954.5  0.331538  2.213223  2.544761
955.0  0.329634  2.217739  2.547373
955.5  0.334424  2.212869  2.547293
956.0  0.345004  2.202504  2.547508
956.5  0.359441  2.185035  2.544475
957.0  0.375056  2.162948  2.538003
957.5  0.388895  2.139011  2.527906
958.0  0.398423  2.118529  2.516952
958.5  0.402293  2.100573  2.502866
959.0  0.400903  2.084382  2.485286
959.5  0.396308  2.071238  2.467546
960.0  0.391326  2.060357  2.451683
960.5  0.388124  2.049294  2.437418
961.0  0.387052  2.040787  2.427839
961.5  0.386440  2.035505  2.421945
962.0  0.383523  2.037418  2.420941
962.5  0.375927  2.051077  2.427005
963.0  0.362878  2.077037  2.439915
963.5  0.345575  2.113690  2.459265
964.0  0.326747  2.154093  2.480840
964.5  0.309741  2.192887  2.502628
965.0  0.297571  2.228698  2.526270
965.5  0.292205  2.258825  2.551030
966.0  0.294168  2.276732  2.570900
966.5  0.302446  2.282289  2.584735
967.0  0.314666  2.279630  2.594297
967.5  0.327547  2.269594  2.597140
968.0  0.337646  2.259679  2.597325
968.5  0.342331  2.252702  2.595033
969.0  0.340726  2.251526  2.592252
969.5  0.334205  2.254327  2.588531
970.0  0.326025  2.265028  2.591052
970.5  0.320037  2.274845  2.594882
971.0  0.318980  2.281693  2.600672
971.5  0.323278  2.289031  2.612309
972.0  0.331029  2.297319  2.628348
972.5  0.339154  2.308099  2.647253
973.0  0.344974  2.319799  2.664772
973.5  0.347346  2.332394  2.679740
974.0  0.346926  2.344037  2.690963
974.5  0.345648  2.355593  2.701241
975.0  0.345845  2.359254  2.705099
975.5  0.349412  2.353405  2.702817
976.0  0.357232  2.337586  2.694818
976.5  0.368910  2.317536  2.686446
977.0  0.382783  2.293746  2.676530
977.5  0.396150  2.264169  2.660319
978.0  0.405748  2.241617  2.647364
978.5  0.408488  2.227573  2.636061
979.0  0.402397  2.225478  2.627874
979.5  0.387499  2.235333  2.622833
980.0  0.366224  2.255604  2.621828
980.5  0.342920  2.279000  2.621920
981.0  0.322466  2.302885  2.625351
981.5  0.308503  2.319540  2.628043
982.0  0.302218  2.327162  2.629380
982.5  0.302320  2.324822  2.627143
983.0  0.306135  2.313586  2.619721
983.5  0.311080  2.298633  2.609714
984.0  0.315696  2.281129  2.596825
984.5  0.319860  2.267336  2.587196
985.0  0.324308  2.251423  2.575731
985.5  0.329895  2.238435  2.568331
986.0  0.336969  2.224958  2.561928
986.5  0.345044  2.213184  2.558228
987.0  0.352783  2.211475  2.564258
987.5  0.358186  2.216331  2.574517
988.0  0.358918  2.223916  2.582835
988.5  0.352778  2.242677  2.595455
989.0  0.338318  2.272247  2.610565
989.5  0.315593  2.307273  2.622866
990.0  0.286804  2.347191  2.633995
990.5  0.256433  2.386055  2.642488
991.0  0.230489  2.418310  2.648799
991.5  0.214822  2.438060  2.652882
992.0  0.213107  2.441642  2.654749
992.5  0.225489  2.427803  2.653291
993.0  0.248650  2.401246  2.649896
993.5  0.277291  2.369757  2.647048
994.0  0.306184  2.340301  2.646486
994.5  0.331800  2.316724  2.648524
995.0  0.352906  2.298651  2.651558
995.5  0.370175  2.288662  2.658837
996.0  0.385233  2.284320  2.669554
996.5  0.399665  2.282857  2.682522
997.0  0.414287  2.279453  2.693739
997.5  0.428802  2.277766  2.706568
998.0  0.441789  2.281380  2.723170
998.5  0.450970  2.285670  2.736640
999.0  0.453739  2.289664  2.743403
999.5  0.447951  2.301592  2.749543
1000.0  0.432885  2.319936  2.752821
