0.0  219.9442
0.5  218.2006
1.0  218.0950
1.5  219.9578
2.0  223.6217
2.5  228.2300
3.0  232.2213
3.5  233.6265
4.0  230.6785
4.5  222.5264
5.0  209.7115
5.5  194.1301
6.0  178.4606
6.5  165.3105
7.0  156.4682
7.5  152.5604
8.0  153.1819
8.5  157.3426
9.0  163.9756
9.5  172.3005
10.0  181.9644
10.5  192.9958
11.0  205.6530
11.5  220.2240
12.0  236.7928
12.5  254.9773
13.0  273.7086
13.5  291.1946
14.0  305.2087
14.5  313.6953
15.0  315.4734
15.5  310.6975
16.0  300.8235
16.5  288.0787
17.0  274.6953
17.5  262.2636
18.0  251.4625
18.5  242.1971
19.0  233.9814
19.5  226.3386
20.0  219.0566
20.5  212.2586
21.0  206.3411
21.5  201.8474
22.0  199.3097
22.5  199.0474
23.0  200.9290
23.5  204.1803
24.0  207.4008
24.5  208.9165
25.0  207.4173
25.5  202.6047
26.0  195.4877
26.5  188.1146
27.0  182.8263
27.5  181.3840
28.0  184.3772
28.5  191.1463
29.0  200.1710
29.5  209.6722
30.0  218.1423
30.5  224.6398
31.0  228.8438
31.5  230.9607
32.0  231.5811
32.5  231.5161
33.0  231.5900
33.5  232.3668
34.0  233.8761
34.5  235.4979
35.0  236.1591
35.5  234.8333
36.0  231.1205
36.5  225.5730
37.0  219.5540
37.5  214.6817
38.0  212.1533
38.5  212.2924
39.0  214.5106
39.5  217.6322
40.0  220.3660
40.5  221.6926
41.0  221.0535
41.5  218.3585
42.0  213.9078
42.5  208.3087
43.0  202.3992
43.5  197.1291
44.0  193.3546
44.5  191.5857
45.0  191.8242
45.5  193.6367
46.0  196.4794
46.5  200.1030
47.0  204.7739
47.5  211.1429
48.0  219.8183
48.5  230.8916
49.0  243.6902
49.5  256.8830
50.0  268.8620
50.5  278.1901
51.0  283.9204
51.5  285.7015
52.0  283.7075
52.5  278.4960
53.0  270.8822
53.5  261.8440
54.0  252.4124
54.5  243.4953
55.0  235.6610
55.5  228.9984
56.0  223.1849
56.5  217.7778
57.0  212.5747
57.5  207.8095
58.0  204.0394
58.5  201.7844
59.0  201.1472
59.5  201.6464
60.0  202.3577
60.5  202.2711
61.0  200.6709
61.5  197.3648
62.0  192.6995
62.5  187.4136
63.0  182.4342
63.5  178.7059
64.0  177.0735
64.5  178.1806
65.0  182.3482
65.5  189.4601
66.0  198.9460
66.5  209.9448
67.0  221.6125
67.5  233.4113
68.0  245.1843
68.5  256.9457
69.0  268.5118
69.5  279.2142
70.0  287.8968
70.5  293.2186
71.0  294.1083
71.5  290.1451
72.0  281.7070
72.5  269.8580
73.0  256.0690
73.5  241.9066
74.0  228.7880
74.5  217.8212
75.0  209.6937
75.5  204.5792
76.0  202.0963
76.5  201.4074
77.0  201.5074
77.5  201.6215
78.0  201.5017
78.5  201.4234
79.0  201.8482
79.5  202.9469
80.0  204.2822
80.5  204.8620
81.0  203.5500
81.5  199.6153
82.0  193.1401
82.5  185.1059
83.0  177.1526
83.5  171.1436
84.0  168.7164
84.5  170.9439
85.0  178.1464
85.5  189.8262
86.0  204.7020
86.5  220.8706
87.0  236.1486
87.5  248.5821
88.0  256.9737
88.5  261.1777
89.0  261.9790
89.5  260.5820
90.0  257.9772
90.5  254.5245
91.0  249.9571
91.5  243.7567
92.0  235.6505
92.5  225.9564
93.0  215.6276
93.5  206.0242
94.0  198.5549
94.5  194.3507
95.0  194.0624
95.5  197.7822
96.0  205.0393
96.5  214.8379
97.0  225.7687
97.5  236.2565
98.0  244.9444
98.5  251.0864
99.0  254.7357
99.5  256.5824
100.0  257.4847
100.5  257.9416
101.0  257.8056
101.5  256.3968
102.0  252.9450
102.5  247.1086
103.0  239.2991
103.5  230.6731
104.0  222.8298
104.5  217.3703
105.0  215.4928
105.5  217.7214
106.0  223.7764
106.5  232.5523
107.0  242.2031
107.5  250.4018
108.0  254.8322
108.5  253.8490
109.0  247.0613
109.5  235.5352
110.0  221.4464
110.5  207.3035
111.0  195.1027
111.5  185.8024
112.0  179.3126
112.5  174.9080
113.0  171.7859
113.5  169.4870
114.0  168.0363
114.5  167.8422
115.0  169.4852
115.5  173.5166
116.0  180.3007
116.5  189.8572
117.0  201.6712
117.5  214.5452
118.0  226.6635
118.5  236.0105
119.0  241.0721
119.5  241.5077
120.0  238.4033
120.5  233.9045
121.0  230.3751
121.5  229.4946
122.0  231.7261
122.5  236.3577
123.0  242.0044
123.5  247.2506
124.0  251.1241
124.5  253.2601
125.0  253.8076
125.5  253.2319
126.0  252.1368
126.5  251.1256
127.0  250.6332
127.5  250.6845
128.0  250.6673
128.5  249.3295
129.0  245.1709
129.5  237.1606
130.0  225.4298
130.5  211.5131
131.0  197.9327
131.5  187.2998
132.0  181.3788
132.5  180.5598
133.0  183.9244
133.5  189.7675
134.0  196.2490
134.5  201.8792
135.0  205.7196
135.5  207.3688
136.0  206.8823
136.5  204.7230
137.0  201.7132
137.5  198.8770
138.0  197.1068
138.5  196.7607
139.0  197.4579
139.5  198.3000
140.0  198.4820
140.5  197.9473
141.0  197.6487
141.5  199.2097
142.0  204.1582
142.5  213.1695
143.0  225.7232
143.5  240.3092
144.0  255.0030
144.5  268.0777
145.0  278.3785
145.5  285.3833
146.0  289.0557
146.5  289.6679
147.0  287.7096
147.5  283.8646
148.0  278.9370
148.5  273.6337
149.0  268.2608
149.5  262.5534
150.0  255.8499
150.5  247.6008
151.0  237.9198
151.5  227.7975
152.0  218.7929
152.5  212.3569
153.0  209.1721
153.5  208.8652
154.0  210.2017
154.5  211.6042
155.0  211.6966
155.5  209.6405
156.0  205.2021
156.5  198.6533
157.0  190.6575
157.5  182.2174
158.0  174.6303
158.5  169.3084
159.0  167.3923
159.5  169.2834
160.0  174.3933
160.5  181.3699
161.0  188.7566
161.5  195.7153
162.0  202.3571
162.5  209.4770
163.0  217.8803
163.5  227.7251
164.0  238.2605
164.5  248.0602
165.0  255.5633
165.5  259.6048
166.0  259.6934
166.5  255.9963
167.0  249.1560
167.5  240.1212
168.0  230.0838
168.5  220.4615
169.0  212.7595
169.5  208.2058
170.0  207.2625
170.5  209.3272
171.0  212.9210
171.5  216.3622
172.0  218.5598
172.5  219.4454
173.0  219.7930
173.5  220.5797
174.0  222.3066
174.5  224.6740
175.0  226.7473
175.5  227.4469
176.0  226.0509
176.5  222.4621
177.0  217.1791
177.5  211.0893
178.0  205.2576
178.5  200.8075
179.0  198.8508
179.5  200.3290
180.0  205.6958
180.5  214.5534
181.0  225.5255
181.5  236.5927
182.0  245.8211
182.5  252.0960
183.0  255.4221
183.5  256.6205
184.0  256.6454
184.5  255.9586
185.0  254.3160
185.5  251.0253
186.0  245.4512
186.5  237.4472
187.0  227.4998
187.5  216.5789
188.0  205.8535
188.5  196.4619
189.0  189.4257
189.5  185.6405
190.0  185.7847
190.5  190.0535
191.0  197.8314
191.5  207.5913
192.0  217.2504
192.5  224.9057
193.0  229.5549
193.5  231.3664
194.0  231.3507
194.5  230.6708
195.0  230.0269
195.5  229.4439
196.0  228.5002
196.5  226.7739
197.0  224.2092
197.5  221.2187
198.0  218.5280
198.5  216.9138
199.0  217.0085
199.5  219.2520
200.0  223.9282
200.5  231.1403
201.0  240.6295
201.5  251.5233
202.0  262.2618
202.5  270.9086
203.0  275.7889
203.5  276.1152
204.0  272.2215
204.5  265.2752
205.0  256.6709
205.5  247.4785
206.0  238.2177
206.5  228.9857
207.0  219.7562
207.5  210.6177
208.0  201.8249
208.5  193.6941
209.0  186.4741
209.5  180.3202
210.0  175.3950
210.5  171.9863
211.0  170.4747
211.5  171.0766
212.0  173.5024
212.5  176.8254
213.0  179.7749
213.5  181.3579
214.0  181.4210
214.5  180.7732
215.0  180.7839
215.5  182.7243
216.0  187.2513
216.5  194.2809
217.0  203.2226
217.5  213.3444
218.0  224.0284
218.5  234.8173
219.0  245.3113
219.5  255.0623
220.0  263.5810
220.5  270.4567
221.0  275.4736
221.5  278.5761
222.0  279.6520
222.5  278.2926
223.0  273.7919
223.5  265.5123
224.0  253.4502
224.5  238.6170
225.0  222.9330
225.5  208.6416
226.0  197.5650
226.5  190.5937
227.0  187.6256
227.5  187.8874
228.0  190.3888
228.5  194.2639
229.0  198.8979
229.5  203.8912
230.0  208.9935
230.5  214.0977
231.0  219.2760
231.5  224.7455
232.0  230.6646
232.5  236.8102
233.0  242.3644
233.5  246.0714
234.0  246.8026
234.5  244.2419
235.0  239.2437
235.5  233.5942
236.0  229.2807
236.5  227.6822
237.0  229.1076
237.5  232.8574
238.0  237.6697
238.5  242.2449
239.0  245.5890
239.5  247.1064
240.0  246.5353
240.5  243.8805
241.0  239.4267
241.5  233.7848
242.0  227.8313
242.5  222.4293
243.0  218.0033
243.5  214.2402
244.0  210.2067
244.5  204.9299
245.0  198.1261
245.5  190.6083
246.0  184.0844
246.5  180.4491
247.0  180.9777
247.5  185.8419
248.0  194.1329
248.5  204.2743
249.0  214.5442
249.5  223.4661
250.0  229.9887
250.5  233.5268
251.0  233.9821
251.5  231.8014
252.0  228.0102
252.5  224.0769
253.0  221.5209
253.5  221.3617
254.0  223.7055
254.5  227.7693
255.0  232.3803
255.5  236.6500
256.0  240.3864
256.5  244.0020
257.0  248.0297
257.5  252.5980
258.0  257.1938
258.5  260.8113
259.0  262.3397
259.5  260.9402
260.0  256.2383
260.5  248.3123
261.0  237.5871
261.5  224.7700
262.0  210.8752
262.5  197.2565
263.0  185.4801
263.5  176.9340
264.0  172.2906
264.5  171.1523
265.0  172.2027
265.5  173.8758
266.0  175.1712
266.5  176.1124
267.0  177.5828
267.5  180.6797
268.0  186.0057
268.5  193.2901
269.0  201.4818
269.5  209.1714
270.0  215.0649
270.5  218.2913
271.0  218.4918
271.5  215.7895
272.0  210.7735
272.5  204.5481
273.0  198.7542
273.5  195.3750
274.0  196.2159
274.5  202.2022
275.0  212.8888
275.5  226.5659
276.0  240.9896
276.5  254.3263
277.0  265.7466
277.5  275.3752
278.0  283.7428
278.5  291.1637
279.0  297.4186
279.5  301.8478
280.0  303.6952
280.5  302.4368
281.0  297.9140
281.5  290.2647
282.0  279.7838
282.5  266.8706
283.0  252.1296
283.5  236.5337
284.0  221.4427
284.5  208.3077
285.0  198.1236
285.5  190.9579
286.0  185.9433
286.5  181.8286
287.0  177.7544
287.5  173.7327
288.0  170.5311
288.5  169.0975
289.0  169.9520
289.5  172.9253
290.0  177.3393
290.5  182.4292
291.0  187.7095
291.5  193.0854
292.0  198.7134
292.5  204.7624
293.0  211.2617
293.5  218.1283
294.0  225.3197
294.5  232.9379
295.0  241.1242
295.5  249.7488
296.0  258.1212
296.5  265.0077
297.0  269.0481
297.5  269.3449
298.0  265.8378
298.5  259.2335
299.0  250.5829
299.5  240.8269
300.0  230.5925
300.5  220.2958
301.0  210.3882
301.5  201.5172
302.0  194.4748
302.5  189.9712
303.0  188.3859
303.5  189.6610
304.0  193.4052
304.5  199.1322
305.0  206.4468
305.5  215.0110
306.0  224.3002
306.5  233.3726
307.0  240.9258
307.5  245.7099
308.0  247.0510
308.5  245.1173
309.0  240.7403
309.5  234.9373
310.0  228.4741
310.5  221.7294
311.0  214.8744
311.5  208.1620
312.0  202.0906
312.5  197.3308
313.0  194.4808
313.5  193.8201
314.0  195.2231
314.5  198.2871
315.0  202.5751
315.5  207.7798
316.0  213.6535
316.5  219.7466
317.0  225.2025
317.5  228.8831
318.0  229.8489
318.5  227.9004
319.0  223.7863
319.5  218.9064
320.0  214.6944
320.5  212.0649
321.0  211.2157
321.5  211.8108
322.0  213.3398
322.5  215.4036
323.0  217.7934
323.5  220.3986
324.0  223.0838
324.5  225.6684
325.0  228.0411
325.5  230.3102
326.0  232.8110
326.5  235.8689
327.0  239.4221
327.5  242.7986
328.0  244.9122
328.5  244.8443
329.0  242.4519
329.5  238.5780
330.0  234.7085
330.5  232.3017
331.0  232.2093
331.5  234.4927
332.0  238.6406
332.5  243.9539
333.0  249.8266
333.5  255.7957
334.0  261.4216
334.5  266.1604
335.0  269.3677
335.5  270.4577
336.0  269.0992
336.5  265.2756
337.0  259.1178
337.5  250.6207
338.0  239.5199
338.5  225.5318
339.0  208.8769
339.5  190.7170
340.0  173.1331
340.5  158.5609
341.0  148.9737
341.5  145.2537
342.0  147.0490
342.5  153.1004
343.0  161.7783
343.5  171.5390
344.0  181.1549
344.5  189.7533
345.0  196.7962
345.5  202.1039
346.0  205.9212
346.5  208.9139
347.0  211.9705
347.5  215.8086
348.0  220.5789
348.5  225.7557
349.0  230.4614
349.5  234.0632
350.0  236.6513
350.5  239.0666
351.0  242.4528
351.5  247.6182
352.0  254.5904
352.5  262.5821
353.0  270.3112
353.5  276.4335
354.0  279.8577
354.5  279.8542
355.0  276.0321
355.5  268.3169
356.0  257.0157
356.5  242.9312
357.0  227.3787
357.5  211.9623
358.0  198.1165
358.5  186.6411
359.0  177.5481
359.5  170.3728
360.0  164.7664
360.5  160.9574
361.0  159.7608
361.5  162.1331
362.0  168.5777
362.5  178.7657
363.0  191.5587
363.5  205.3568
364.0  218.5348
364.5  229.7539
365.0  238.0799
365.5  242.9840
366.0  244.3530
366.5  242.5712
367.0  238.6113
367.5  233.9699
368.0  230.3133
368.5  228.8876
369.0  229.9845
369.5  232.8271
370.0  236.0167
370.5  238.3005
371.0  239.1866
371.5  239.0495
372.0  238.7278
372.5  238.9371
373.0  239.8747
373.5  241.1982
374.0  242.2937
374.5  242.5953
375.0  241.7633
375.5  239.6822
376.0  236.3827
376.5  232.0251
377.0  226.9981
377.5  222.0445
378.0  218.2302
378.5  216.6249
379.0  217.7784
379.5  221.3090
380.0  225.9455
380.5  230.0910
381.0  232.5909
381.5  233.2202
382.0  232.5993
382.5  231.6409
383.0  230.9167
383.5  230.3292
384.0  229.2291
384.5  226.8293
385.0  222.6310
385.5  216.6425
386.0  209.3535
386.5  201.5801
387.0  194.3352
387.5  188.7876
388.0  186.2312
388.5  187.9010
389.0  194.5461
389.5  205.8975
390.0  220.3806
390.5  235.3931
391.0  248.1387
391.5  256.6088
392.0  260.1717
392.5  259.4829
393.0  255.8599
393.5  250.5550
394.0  244.3231
394.5  237.4188
395.0  229.8622
395.5  221.7084
396.0  213.1421
396.5  204.4074
397.0  195.7131
397.5  187.2611
398.0  179.4210
398.5  172.9113
399.0  168.7631
399.5  167.9386
400.0  170.7476
400.5  176.4495
401.0  183.3978
401.5  189.7357
402.0  194.2386
402.5  196.7852
403.0  198.2111
403.5  199.7173
404.0  202.2512
404.5  206.2069
405.0  211.5127
405.5  217.9182
406.0  225.2208
406.5  233.2950
407.0  241.9676
407.5  250.9035
408.0  259.6463
408.5  267.8256
409.0  275.3742
409.5  282.5233
410.0  289.4581
410.5  295.7985
411.0  300.3048
411.5  301.1467
412.0  296.6885
412.5  286.3362
413.0  270.9174
413.5  252.3857
414.0  233.0807
414.5  214.9998
415.0  199.4319
415.5  187.0018
416.0  177.9260
416.5  172.2215
417.0  169.7408
417.5  170.0898
418.0  172.5892
418.5  176.4190
419.0  180.9335
419.5  185.9608
420.0  191.8227
420.5  198.9455
421.0  207.2486
421.5  215.7561
422.0  222.8102
422.5  226.8442
423.0  227.2417
423.5  224.7247
424.0  221.0478
424.5  218.2295
425.0  217.7867
425.5  220.3445
426.0  225.6929
426.5  233.1021
427.0  241.6380
427.5  250.3318
428.0  258.2271
428.5  264.4286
429.0  268.2504
429.5  269.4375
430.0  268.2994
430.5  265.5653
431.0  261.9272
431.5  257.5128
432.0  251.6868
432.5  243.4248
433.0  232.0956
433.5  218.1532
434.0  203.2779
434.5  189.8646
435.0  180.1661
435.5  175.5546
436.0  176.2257
436.5  181.3657
437.0  189.5698
437.5  199.2493
438.0  208.8933
438.5  217.2053
439.0  223.2244
439.5  226.4942
440.0  227.2198
440.5  226.2418
441.0  224.6858
441.5  223.3560
442.0  222.2058
442.5  220.2924
443.0  216.3565
443.5  209.7259
444.0  200.9763
444.5  191.9298
445.0  184.9924
445.5  182.2226
446.0  184.6189
446.5  191.9127
447.0  202.8347
447.5  215.5994
448.0  228.3462
448.5  239.4155
449.0  247.4995
449.5  251.7716
450.0  252.0461
450.5  248.8894
451.0  243.5232
451.5  237.4121
452.0  231.6450
452.5  226.4514
453.0  221.2111
453.5  215.0237
454.0  207.5044
454.5  199.2910
455.0  191.9412
455.5  187.2983
456.0  186.7160
456.5  190.5556
457.0  198.1528
457.5  208.1624
458.0  219.0284
458.5  229.3549
459.0  238.0989
459.5  244.6450
460.0  248.8625
460.5  251.1749
461.0  252.5527
461.5  254.2821
462.0  257.4537
462.5  262.3502
463.0  268.1104
463.5  272.9870
464.0  275.1599
464.5  273.6656
465.0  268.8966
465.5  262.3921
466.0  256.0768
466.5  251.3913
467.0  248.7486
467.5  247.4986
468.0  246.2931
468.5  243.5900
469.0  238.0725
469.5  228.9077
470.0  215.8969
470.5  199.5979
471.0  181.4165
471.5  163.5431
472.0  148.5722
472.5  138.7734
473.0  135.2644
473.5  137.5505
474.0  143.7911
474.5  151.7270
475.0  159.7579
475.5  167.5572
476.0  175.9278
476.5  186.0687
477.0  198.7222
477.5  213.6554
478.0  229.6639
478.5  244.9844
479.0  257.8406
479.5  266.8793
480.0  271.4103
480.5  271.4977
481.0  267.9851
481.5  262.4584
482.0  257.0386
482.5  253.8843
483.0  254.4375
483.5  258.7129
484.0  265.0826
484.5  270.8230
485.0  273.2376
485.5  270.7787
486.0  263.5854
486.5  253.2193
487.0  241.8345
487.5  231.2675
488.0  222.4675
488.5  215.4224
489.0  209.4543
489.5  203.6333
490.0  197.1149
490.5  189.3519
491.0  180.2490
491.5  170.3250
492.0  160.8413
492.5  153.7256
493.0  151.1077
493.5  154.4851
494.0  163.8625
494.5  177.4140
495.0  192.0123
495.5  204.4468
496.0  212.6874
496.5  216.5280
497.0  217.3469
497.5  217.2275
498.0  217.9679
498.5  220.4457
499.0  224.5198
499.5  229.3431
500.0  233.8087
500.5  236.9083
501.0  237.9395
501.5  236.6382
502.0  233.3242
502.5  229.0435
503.0  225.5439
503.5  224.8859
504.0  228.6566
504.5  237.0925
505.0  248.6432
505.5  260.3631
506.0  269.0262
506.5  272.3830
507.0  269.9102
507.5  262.7579
508.0  253.0687
508.5  243.1106
509.0  234.6279
509.5  228.5782
510.0  225.1825
510.5  224.1080
511.0  224.6470
511.5  225.8740
512.0  226.8456
512.5  226.8930
513.0  225.9445
513.5  224.6846
514.0  224.3267
514.5  225.9582
515.0  229.7438
515.5  234.4994
516.0  238.0113
516.5  237.9983
517.0  233.1732
517.5  223.8135
518.0  211.5973
518.5  198.9046
519.0  188.0072
519.5  180.5091
520.0  177.1626
520.5  177.9644
521.0  182.3544
521.5  189.3935
522.0  197.9114
522.5  206.6989
523.0  214.7952
523.5  221.8138
524.0  228.1104
524.5  234.5708
525.0  241.9675
525.5  250.1719
526.0  257.7452
526.5  262.2916
527.0  261.4724
527.5  254.1217
528.0  240.8431
528.5  223.8285
529.0  206.0920
529.5  190.5548
530.0  179.3635
530.5  173.5976
531.0  173.3056
531.5  177.7137
532.0  185.4825
532.5  194.9817
533.0  204.6094
533.5  213.1670
534.0  220.1999
534.5  226.1129
535.0  231.8772
535.5  238.3439
536.0  245.4965
536.5  252.1405
537.0  256.3280
537.5  256.3281
538.0  251.5668
538.5  242.9947
539.0  232.7297
539.5  223.2446
540.0  216.5477
540.5  213.6920
541.0  214.6983
541.5  218.7661
542.0  224.5852
542.5  230.6258
543.0  235.3937
543.5  237.7016
544.0  236.9801
544.5  233.5459
545.0  228.6362
545.5  224.0247
546.0  221.2356
546.5  220.7010
547.0  221.3928
547.5  221.2590
548.0  218.2860
548.5  211.5829
549.0  201.8849
549.5  191.2689
550.0  182.3243
550.5  177.2445
551.0  177.2208
551.5  182.2719
552.0  191.4186
552.5  203.0176
553.0  215.1134
553.5  225.7686
554.0  233.3991
554.5  237.1292
555.0  237.0917
555.5  234.4997
556.0  231.3149
556.5  229.5159
557.0  230.2611
557.5  233.4233
558.0  237.8056
558.5  241.9221
559.0  244.8480
559.5  246.6374
560.0  248.1381
560.5  250.4095
561.0  254.1263
561.5  259.2576
562.0  265.0867
562.5  270.4525
563.0  274.0440
563.5  274.6435
564.0  271.3173
564.5  263.6053
565.0  251.7349
565.5  236.7894
566.0  220.6686
566.5  205.6864
567.0  193.8376
567.5  186.0444
568.0  181.8384
568.5  179.7431
569.0  178.1713
569.5  176.3096
570.0  174.4829
570.5  173.8601
571.0  175.7507
571.5  180.9158
572.0  189.2085
572.5  199.6195
573.0  210.5919
573.5  220.4125
574.0  227.5490
574.5  230.9121
575.0  230.0847
575.5  225.5297
576.0  218.6950
576.5  211.8461
577.0  207.4927
577.5  207.4993
578.0  212.2618
578.5  220.4459
579.0  229.5322
579.5  236.9214
580.0  241.0053
580.5  241.6646
581.0  240.0307
581.5  237.7568
582.0  236.2281
582.5  236.0619
583.0  237.0154
583.5  238.2038
584.0  238.4461
584.5  236.6009
585.0  231.8561
585.5  223.9965
586.0  213.6448
586.5  202.3725
587.0  192.5042
587.5  186.4962
588.0  186.0212
588.5  191.1753
589.0  200.2981
589.5  210.6002
590.0  219.3035
590.5  224.6971
591.0  226.6087
591.5  226.1644
592.0  225.0823
592.5  224.9054
593.0  226.4967
593.5  229.9105
594.0  234.5543
594.5  239.4773
595.0  243.6618
595.5  246.2891
596.0  247.0018
596.5  246.1457
597.0  244.8711
597.5  244.9070
598.0  247.9119
598.5  254.5755
599.0  263.9332
599.5  273.3750
600.0  279.4750
600.5  279.2689
601.0  271.3417
601.5  256.2405
602.0  236.1310
602.5  213.9729
603.0  192.6305
603.5  174.2425
604.0  159.9674
604.5  150.0406
605.0  144.0048
605.5  141.0150
606.0  140.1897
606.5  141.0038
607.0  143.6505
607.5  149.1850
608.0  159.2265
608.5  175.1573
609.0  197.1082
609.5  223.3033
610.0  250.2595
610.5  273.8487
611.0  290.6946
611.5  299.2101
612.0  299.8564
612.5  294.6591
613.0  286.3342
613.5  277.4338
614.0  269.7786
614.5  264.2396
615.0  260.7839
615.5  258.6697
616.0  256.7259
616.5  253.7230
617.0  248.8343
617.5  242.0946
618.0  234.6226
618.5  228.3383
619.0  225.0993
619.5  225.5890
620.0  228.6155
620.5  231.3659
621.0  230.5878
621.5  224.0614
622.0  211.5729
622.5  194.9618
623.0  177.3583
623.5  162.0698
624.0  151.6098
624.5  147.1589
625.0  148.4967
625.5  154.2689
626.0  162.4223
626.5  170.7035
627.0  177.1977
627.5  180.8824
628.0  182.0752
628.5  182.5239
629.0  184.8775
629.5  191.5353
630.0  203.3311
630.5  218.8094
631.0  234.6374
631.5  247.0051
632.0  253.2521
632.5  252.8804
633.0  247.5672
633.5  240.3441
634.0  234.4371
634.5  232.2567
635.0  234.8327
635.5  241.7343
636.0  251.3523
636.5  261.3755
637.0  269.3516
637.5  273.2857
638.0  272.2266
638.5  266.6870
639.0  258.6427
639.5  250.8887
640.0  245.8375
640.5  244.2863
641.0  244.8962
641.5  244.8042
642.0  241.0817
642.5  232.2241
643.0  218.8995
643.5  203.6893
644.0  190.0921
644.5  181.3185
645.0  179.3531
645.5  184.5253
646.0  195.5819
646.5  210.1034
647.0  225.0827
647.5  237.5556
648.0  245.2373
648.5  247.1055
649.0  243.7730
649.5  237.3968
650.0  230.9387
650.5  226.9097
651.0  226.1548
651.5  227.4004
652.0  227.9223
652.5  225.0023
653.0  217.3582
653.5  205.8157
654.0  192.9872
654.5  182.2456
655.0  176.5223
655.5  177.4106
656.0  184.8152
656.5  197.1279
657.0  211.7416
657.5  225.6928
658.0  236.3017
658.5  241.7573
659.0  241.6028
659.5  236.9865
660.0  230.4619
660.5  225.1844
661.0  223.6550
661.5  226.5592
662.0  232.3850
662.5  238.1350
663.0  240.7846
663.5  238.6858
664.0  232.2189
664.5  223.4914
665.0  215.3777
665.5  210.4180
666.0  210.0155
666.5  214.1392
667.0  221.4933
667.5  229.9779
668.0  237.2561
668.5  241.3186
669.0  240.9953
669.5  236.3586
670.0  228.8826
670.5  221.1667
671.0  216.1195
671.5  215.7935
672.0  220.3914
672.5  228.0397
673.0  235.5559
673.5  239.8417
674.0  239.1724
674.5  233.7653
675.0  225.4637
675.5  216.8158
676.0  210.0355
676.5  206.2621
677.0  205.3205
677.5  205.9400
678.0  206.2547
678.5  204.3937
679.0  199.0446
679.5  189.9247
680.0  178.0929
680.5  165.9568
681.0  156.8097
681.5  153.8555
682.0  158.9932
682.5  171.9230
683.0  190.1180
683.5  209.7729
684.0  227.2711
684.5  240.4410
685.0  249.0567
685.5  254.4944
686.0  258.8417
686.5  263.9146
687.0  270.5605
687.5  278.4226
688.0  286.1324
688.5  291.7733
689.0  293.4497
689.5  289.8494
690.0  280.7343
690.5  267.2656
691.0  251.9992
691.5  238.3698
692.0  229.6448
692.5  227.6672
693.0  231.9905
693.5  239.9459
694.0  247.6990
694.5  251.7818
695.0  250.3431
695.5  243.5940
696.0  233.3944
696.5  222.3106
697.0  212.6137
697.5  205.5905
698.0  201.3201
698.5  198.8597
699.0  196.6757
699.5  193.1644
700.0  187.1728
700.5  178.4705
701.0  168.0781
701.5  158.2785
702.0  152.1171
702.5  152.3779
703.0  160.3662
703.5  175.1056
704.0  193.4749
704.5  211.3110
705.0  224.9440
705.5  232.4196
706.0  233.9104
706.5  231.2848
707.0  227.1699
707.5  223.9676
708.0  223.1757
708.5  225.1480
709.0  229.2314
709.5  234.1251
710.0  238.3254
710.5  240.5888
711.0  240.3725
711.5  238.1587
712.0  235.4848
712.5  234.4980
713.0  237.0404
713.5  243.6087
714.0  252.7681
714.5  261.4634
715.0  266.1716
715.5  264.3238
716.0  255.2953
716.5  240.5515
717.0  223.0068
717.5  205.9797
718.0  192.2040
718.5  183.2123
719.0  179.1865
719.5  179.1839
720.0  181.5784
720.5  184.5851
721.0  186.7924
721.5  187.6421
722.0  187.7320
722.5  188.7508
723.0  192.8850
723.5  201.7811
724.0  215.4885
724.5  231.9987
725.0  247.7608
725.5  258.9980
726.0  263.1724
726.5  259.8972
727.0  250.9559
727.5  239.5484
728.0  229.1736
728.5  222.5979
729.0  221.2125
729.5  224.8725
730.0  232.1393
730.5  240.7748
731.0  248.3574
731.5  252.9265
732.0  253.5599
732.5  250.7229
733.0  246.1634
733.5  242.2147
734.0  240.6565
734.5  241.6561
735.0  243.4355
735.5  242.9689
736.0  237.3938
736.5  225.3926
737.0  207.8714
737.5  187.7068
738.0  168.7904
738.5  154.8356
739.0  148.3850
739.5  150.2795
740.0  159.6390
740.5  174.2487
741.0  191.1876
741.5  207.5565
742.0  221.1908
742.5  231.2374
743.0  238.4071
743.5  244.6904
744.0  252.4545
744.5  263.1802
745.0  276.4445
745.5  289.7868
746.0  299.6404
746.5  302.8702
747.0  298.1133
747.5  286.3023
748.0  270.2480
748.5  253.5906
749.0  239.6127
749.5  230.3312
750.0  226.0913
750.5  225.6691
751.0  226.7489
751.5  226.6017
752.0  222.8216
752.5  214.0147
753.0  200.3208
753.5  183.5892
754.0  167.0016
754.5  154.0775
755.0  147.3311
755.5  147.1972
756.0  151.8598
756.5  158.1575
757.0  163.0965
757.5  165.1698
758.0  164.8704
758.5  164.2891
759.0  166.1191
759.5  172.5595
760.0  184.5242
760.5  201.3486
761.0  220.9796
761.5  240.5013
762.0  256.8237
762.5  267.4007
763.0  270.8781
763.5  267.5519
764.0  259.4598
764.5  249.9105
765.0  242.4212
765.5  239.3775
766.0  241.0546
766.5  245.5868
767.0  249.9749
767.5  251.5879
768.0  249.3571
768.5  244.1213
769.0  238.0951
769.5  233.8412
770.0  233.2435
770.5  236.8521
771.0  243.7411
771.5  251.8117
772.0  258.3652
772.5  260.7754
773.0  257.1456
773.5  246.8769
774.0  231.0451
774.5  212.4093
775.0  194.8519
775.5  182.2181
776.0  176.8978
776.5  178.8314
777.0  185.5623
777.5  193.4049
778.0  199.1197
778.5  201.2247
779.0  200.3719
779.5  198.7758
780.0  199.1085
780.5  203.3865
781.0  212.2436
781.5  224.7435
782.0  238.6770
782.5  251.1624
783.0  259.3660
783.5  261.2050
784.0  255.9490
784.5  244.6154
785.0  229.9917
785.5  216.0817
786.0  206.9325
786.5  205.1629
787.0  210.8711
787.5  221.5741
788.0  233.2972
788.5  242.2485
789.0  246.2191
789.5  245.1090
790.0  240.5249
790.5  234.8214
791.0  230.0841
791.5  227.4327
792.0  226.7948
792.5  227.0970
793.0  226.7142
793.5  224.0160
794.0  217.9096
794.5  208.3177
795.0  196.5065
795.5  185.0898
796.0  177.4985
796.5  176.8633
797.0  184.6453
797.5  199.7103
798.0  218.4904
798.5  236.2895
799.0  249.0892
799.5  254.9393
800.0  254.3470
800.5  249.6678
801.0  243.9389
801.5  239.7078
802.0  238.2640
802.5  239.4226
803.0  241.7894
803.5  243.3149
804.0  241.9428
804.5  236.2276
805.0  225.8459
805.5  211.9195
806.0  196.9988
806.5  184.5290
807.0  177.7685
807.5  178.4697
808.0  185.9590
808.5  197.2092
809.0  207.9896
809.5  214.5342
810.0  214.8975
810.5  209.4242
811.0  200.2868
811.5  190.4665
812.0  182.6776
812.5  178.6186
813.0  178.7016
813.5  182.2069
814.0  187.7034
814.5  193.5764
815.0  198.5569
815.5  202.1883
816.0  205.1395
816.5  209.2031
817.0  216.7929
817.5  229.9163
818.0  248.9574
818.5  271.9249
819.0  294.7438
819.5  312.6058
820.0  321.7376
820.5  320.7107
821.0  310.7461
821.5  295.0338
822.0  277.5131
822.5  261.6542
823.0  249.6316
823.5  242.0318
824.0  238.0261
824.5  235.8415
825.0  233.3673
825.5  228.7943
826.0  221.2147
826.5  211.0743
827.0  200.2792
827.5  191.7287
828.0  188.2225
828.5  191.0894
829.0  199.2517
829.5  209.3760
830.0  217.1685
830.5  219.1612
831.0  214.0704
831.5  203.1398
832.0  189.4780
832.5  176.8420
833.0  168.4193
833.5  166.0087
834.0  169.7433
834.5  178.2879
835.0  189.3412
835.5  200.2759
836.0  208.8068
836.5  213.6114
837.0  214.7876
837.5  213.9520
838.0  213.7586
838.5  216.8124
839.0  224.3530
839.5  235.4152
840.0  247.0579
840.5  255.6457
841.0  258.5015
841.5  255.0663
842.0  247.0651
842.5  237.7480
843.0  230.6657
843.5  228.5078
844.0  232.3757
844.5  241.6136
845.0  254.1129
845.5  266.9080
846.0  276.8846
846.5  281.4875
847.0  279.3523
847.5  270.7487
848.0  257.6373
848.5  243.1291
849.0  230.3434
849.5  221.0765
850.0  214.9964
850.5  209.9177
851.0  203.0718
851.5  192.6579
852.0  178.8345
852.5  163.7221
853.0  150.5542
853.5  142.4659
854.0  141.4459
854.5  147.7925
855.0  160.1462
855.5  175.9655
856.0  192.2151
856.5  206.0683
857.0  215.5125
857.5  219.8096
858.0  219.7429
858.5  217.4968
859.0  216.0134
859.5  217.8656
860.0  224.0673
860.5  233.4820
861.0  243.2784
861.5  250.2635
862.0  252.3726
862.5  249.5487
863.0  243.6619
863.5  237.6423
864.0  234.3043
864.5  235.3541
865.0  240.8901
865.5  249.4609
866.0  258.5528
866.5  265.2901
867.0  267.1566
867.5  262.6222
868.0  251.6059
868.5  235.6894
869.0  217.9204
869.5  202.0615
870.0  191.3665
870.5  187.3451
871.0  189.1936
871.5  194.3113
872.0  199.6689
872.5  203.2689
873.0  204.9415
873.5  206.1781
874.0  209.2387
874.5  216.0383
875.0  227.2929
875.5  242.1867
876.0  258.5744
876.5  273.5528
877.0  284.1785
877.5  288.1495
878.0  284.3554
878.5  273.2437
879.0  256.9190
879.5  238.8260
880.0  222.8958
880.5  212.2757
881.0  208.1355
881.5  209.2130
882.0  212.4547
882.5  214.4660
883.0  213.0023
883.5  207.7768
884.0  200.3184
884.5  193.1131
885.0  188.5109
885.5  187.8571
886.0  191.1047
886.5  196.9321
887.0  203.2171
887.5  207.6641
888.0  208.4236
888.5  204.6181
889.0  196.7203
889.5  186.6805
890.0  177.6249
890.5  172.9996
891.0  175.3098
891.5  184.9936
892.0  200.0973
892.5  217.0496
893.0  232.1613
893.5  243.0463
894.0  249.2874
894.5  252.1673
895.0  253.7664
895.5  255.9251
896.0  259.4981
896.5  264.1078
897.0  268.3731
897.5  270.4385
898.0  268.5944
898.5  261.8337
899.0  250.2673
899.5  235.3421
900.0  219.7594
900.5  206.9501
901.0  200.0637
901.5  200.7303
902.0  208.1832
902.5  219.3305
903.0  229.9002
903.5  236.1330
904.0  236.1813
904.5  230.5941
905.0  221.7916
905.5  212.9003
906.0  206.5045
906.5  203.7897
907.0  204.3082
907.5  206.3260
908.0  207.5243
908.5  205.7906
909.0  199.9062
909.5  190.0258
910.0  177.8774
910.5  166.5745
911.0  159.9186
911.5  161.2064
912.0  171.8819
912.5  190.6687
913.0  213.7599
913.5  236.1196
914.0  253.3054
914.5  262.9505
915.0  265.2964
915.5  262.6986
916.0  258.4626
916.5  255.5453
917.0  255.5933
917.5  258.5765
918.0  263.0204
918.5  266.6472
919.0  267.1738
919.5  263.0583
920.0  254.0627
920.5  241.5278
921.0  228.2281
921.5  217.6786
922.0  212.9315
922.5  215.2397
923.0  223.2478
923.5  233.2761
924.0  240.7030
924.5  241.8079
925.0  235.1917
925.5  222.1848
926.0  206.2000
926.5  191.4261
927.0  181.4299
927.5  178.1492
928.0  181.5320
928.5  189.8074
929.0  200.1868
929.5  209.7333
930.0  216.1902
930.5  218.6263
931.0  217.7729
931.5  215.8982
932.0  216.0840
932.5  220.9785
933.0  231.4583
933.5  245.8888
934.0  260.5039
934.5  270.8210
935.0  273.4104
935.5  267.1771
936.0  253.6564
936.5  236.3386
937.0  219.4084
937.5  206.4068
938.0  199.2520
938.5  197.8704
939.0  200.4595
939.5  204.2098
940.0  206.2299
940.5  204.4298
941.0  198.1819
941.5  188.6133
942.0  178.3835
942.5  170.8693
943.0  168.8946
943.5  173.4750
944.0  183.2286
944.5  194.8701
945.0  204.6153
945.5  209.7951
946.0  209.9099
946.5  206.7193
947.0  203.4540
947.5  203.5598
948.0  209.4733
948.5  221.8306
949.0  239.3085
949.5  259.0663
950.0  277.5788
950.5  291.5875
951.0  298.9327
951.5  299.1012
952.0  293.3642
952.5  284.4003
953.0  275.3844
953.5  268.7532
954.0  265.1379
954.5  263.0459
955.0  259.5596
955.5  251.7649
956.0  238.2086
956.5  219.7128
957.0  199.2481
957.5  180.9920
958.0  168.9749
958.5  165.7994
959.0  171.8460
959.5  185.1915
960.0  202.2109
960.5  218.6133
961.0  230.5747
961.5  235.6691
962.0  233.4095
962.5  225.2964
963.0  214.3312
963.5  204.0425
964.0  197.2654
964.5  195.1225
965.0  196.6955
965.5  199.5931
966.0  201.1590
966.5  199.7276
967.0  195.3640
967.5  189.8294
968.0  185.8729
968.5  186.1810
969.0  192.3846
969.5  204.4637
970.0  220.7244
970.5  238.3117
971.0  254.0490
971.5  265.3139
972.0  270.7067
972.5  270.3596
973.0  265.8312
973.5  259.5973
974.0  254.2366
974.5  251.5370
975.0  251.8654
975.5  254.1102
976.0  256.2643
976.5  256.3886
977.0  253.5004
977.5  247.9945
978.0  241.4489
978.5  235.9365
979.0  233.1396
979.5  233.6151
980.0  236.4857
980.5  239.6674
981.0  240.5337
981.5  236.7679
982.0  227.1158
982.5  211.8218
983.0  192.6488
983.5  172.4878
984.0  154.6423
984.5  141.9514
985.0  136.0049
985.5  136.7457
986.0  142.6500
986.5  151.4393
987.0  161.0167
987.5  170.2236
988.0  179.1216
988.5  188.7277
989.0  200.3461
989.5  214.7749
990.0  231.6999
990.5  249.5147
991.0  265.6496
991.5  277.2891
992.0  282.2225
992.5  279.5375
993.0  269.9498
993.5  255.6853
994.0  239.9439
994.5  226.0708
995.0  216.6441
995.5  212.7628
996.0  213.8122
996.5  217.8333
997.0  222.3717
997.5  225.4584
998.0  226.3313
998.5  225.6318
999.0  225.0305
999.5  226.4405
1000.0  231.1172
