0.0  275.2376
0.5  257.2692
1.0  231.7615
1.5  204.7798
2.0  182.6400
2.5  169.9391
3.0  168.0158
3.5  174.6302
4.0  185.0999
4.5  194.3719
5.0  199.0790
5.5  198.7338
6.0  195.6501
6.5  193.6932
7.0  196.4162
7.5  205.4022
8.0  219.5187
8.5  235.3084
9.0  248.1843
9.5  253.8498
10.0  249.4894
10.5  234.5592
11.0  211.1522
11.5  183.8613
12.0  158.9572
12.5  142.7995
13.0  139.8027
13.5  150.7649
14.0  172.4560
14.5  198.8121
15.0  223.2270
15.5  240.8969
16.0  250.2464
16.5  252.9566
17.0  252.7103
17.5  253.2680
18.0  256.7478
18.5  262.8346
19.0  269.1247
19.5  272.2474
20.0  269.1601
20.5  258.1682
21.0  239.5195
21.5  215.5924
22.0  190.6490
22.5  170.0236
23.0  158.6917
23.5  159.5265
24.0  171.9710
24.5  191.9093
25.0  213.0026
25.5  228.9711
26.0  235.8111
26.5  233.0142
27.0  223.3488
27.5  211.3834
28.0  201.4559
28.5  196.0042
29.0  194.9310
29.5  196.0876
30.0  196.4271
30.5  193.2317
31.0  185.0370
31.5  172.1709
32.0  156.9323
32.5  143.3374
33.0  136.2577
33.5  139.9069
34.0  156.0668
34.5  182.8739
35.0  214.9579
35.5  245.0817
36.0  266.6025
36.5  275.6640
37.0  272.2349
37.5  259.6756
38.0  243.1247
38.5  227.4509
39.0  215.6528
39.5  208.2943
40.0  203.9851
40.5  200.4330
41.0  195.5074
41.5  188.0031
42.0  178.0733
42.5  167.3840
43.0  158.9173
43.5  156.2424
44.0  162.2025
44.5  177.3907
45.0  199.1944
45.5  222.1355
46.0  239.5943
46.5  246.2033
47.0  239.8298
47.5  222.3039
48.0  198.6552
48.5  175.2500
49.0  157.6460
49.5  149.0306
50.0  149.7424
50.5  157.8015
51.0  169.9746
51.5  182.8826
52.0  193.9006
52.5  201.8079
53.0  207.1523
53.5  212.1468
54.0  219.8639
54.5  232.7441
55.0  250.9565
55.5  271.5366
56.0  289.0029
56.5  297.3408
57.0  292.4297
57.5  273.7806
58.0  244.8682
58.5  212.0032
59.0  182.2607
59.5  161.3061
60.0  151.9338
60.5  153.7432
61.0  163.8226
61.5  177.9491
62.0  191.8227
62.5  202.0966
63.0  207.1598
63.5  207.6032
64.0  206.1461
64.5  206.7375
65.0  212.8365
65.5  225.4737
66.0  242.1552
66.5  257.4530
67.0  265.1826
67.5  261.1056
68.0  244.8314
68.5  220.1109
69.0  193.5248
69.5  172.2217
70.0  161.6415
70.5  164.0412
71.0  178.1921
71.5  200.0945
72.0  224.2523
72.5  245.0688
73.0  258.1160
73.5  261.1560
74.0  254.7475
74.5  242.1434
75.0  228.2221
75.5  217.5627
76.0  212.3940
76.5  211.5118
77.0  210.9032
77.5  205.8348
78.0  193.3059
78.5  173.6534
79.0  150.6577
79.5  130.2375
80.0  118.3603
80.5  119.0188
81.0  133.0111
81.5  157.8479
82.0  188.6177
82.5  219.3448
83.0  244.3880
83.5  259.6285
84.0  263.3479
84.5  256.6782
85.0  243.3956
85.5  228.8203
86.0  217.9004
86.5  213.1405
87.0  213.4527
87.5  214.7258
88.0  211.9483
88.5  201.7845
89.0  184.3129
89.5  163.1900
90.0  144.3011
90.5  133.5656
91.0  134.8078
91.5  148.4854
92.0  171.6320
92.5  198.8473
93.0  223.8387
93.5  241.0087
94.0  246.7736
94.5  240.4581
95.0  224.6190
95.5  204.5671
96.0  186.9100
96.5  177.3200
97.0  178.3380
97.5  188.3523
98.0  202.4478
98.5  214.7667
99.0  221.1590
99.5  220.8499
100.0  216.4959
100.5  212.7887
101.0  214.3226
101.5  223.6488
102.0  240.2583
102.5  260.7602
103.0  279.9886
103.5  292.4936
104.0  293.9392
104.5  282.1729
105.0  257.9025
105.5  224.8899
106.0  189.4321
106.5  158.8991
107.0  139.4732
107.5  133.8911
108.0  140.3841
108.5  153.5765
109.0  166.9788
109.5  175.7905
110.0  178.6698
110.5  177.8211
111.0  177.5896
111.5  182.3248
112.0  194.4593
112.5  213.5395
113.0  236.4413
113.5  258.4649
114.0  274.7471
114.5  281.5183
115.0  277.0082
115.5  261.9849
116.0  239.8847
116.5  216.3293
117.0  197.7888
117.5  189.4863
118.0  193.2784
118.5  206.6659
119.0  223.7050
119.5  237.5135
120.0  243.1129
120.5  239.2274
121.0  228.3282
121.5  215.1118
122.0  204.2633
122.5  198.5576
123.0  198.0465
123.5  200.4580
124.0  202.3607
124.5  200.4639
125.0  192.6266
125.5  178.4834
126.0  159.7628
126.5  140.2874
127.0  125.4273
127.5  120.7310
128.0  129.8532
128.5  152.6008
129.0  184.3113
129.5  217.2498
130.0  243.5029
130.5  257.9159
131.0  259.6717
131.5  251.9451
132.0  240.0332
132.5  228.9726
133.0  221.7239
133.5  218.5696
134.0  217.6819
134.5  216.3037
135.0  211.9098
135.5  203.0096
136.0  189.5925
136.5  173.3435
137.0  157.6230
137.5  146.9742
138.0  145.8917
138.5  156.9727
139.0  179.2312
139.5  207.6865
140.0  234.8185
140.5  253.3556
141.0  259.0137
141.5  251.8646
142.0  235.8288
142.5  216.7302
143.0  199.9525
143.5  188.7496
144.0  183.7668
144.5  183.6297
145.0  186.0096
145.5  188.5913
146.0  189.7080
146.5  188.7263
147.0  186.3326
147.5  184.6748
148.0  187.0459
148.5  196.7740
149.0  215.4390
149.5  241.2568
150.0  268.8084
150.5  290.6794
151.0  300.3605
151.5  294.9200
152.0  276.1107
152.5  249.4938
153.0  222.1591
153.5  200.1935
154.0  186.9907
154.5  182.8958
155.0  185.9454
155.5  193.0404
156.0  200.9777
156.5  207.1386
157.0  209.9442
157.5  209.2175
158.0  206.3905
158.5  204.2363
159.0  205.8198
159.5  212.8116
160.0  223.9968
160.5  235.0775
161.0  240.2492
161.5  234.8698
162.0  217.7809
162.5  192.0595
163.0  163.8980
163.5  140.2810
164.0  126.6118
164.5  125.2857
165.0  135.5673
165.5  154.4449
166.0  177.8228
166.5  201.5579
167.0  222.1957
167.5  237.5078
168.0  246.9154
168.5  251.6711
169.0  254.4716
169.5  258.2650
170.0  264.5342
170.5  271.9704
171.0  276.5556
171.5  273.3183
172.0  258.9109
172.5  233.5942
173.0  201.5776
173.5  169.5972
174.0  144.4893
174.5  130.9087
175.0  130.1297
175.5  140.2014
176.0  157.0628
176.5  175.9317
177.0  192.4546
177.5  203.4641
178.0  207.4454
178.5  204.8178
179.0  197.9403
179.5  190.5616
180.0  186.5143
180.5  187.9472
181.0  194.0083
181.5  200.9769
182.0  204.0638
182.5  199.9819
183.0  188.8489
183.5  174.4074
184.0  162.5231
184.5  158.7827
185.0  166.3480
185.5  184.9443
186.0  211.1948
186.5  239.8753
187.0  265.4164
187.5  283.1492
188.0  290.1302
188.5  285.6165
189.0  271.2623
189.5  250.9291
190.0  229.8532
190.5  213.0508
191.0  203.3795
191.5  200.2476
192.0  199.9238
192.5  197.5268
193.0  189.6758
193.5  176.3528
194.0  161.0375
194.5  149.1589
195.0  145.7358
195.5  153.3637
196.0  171.3747
196.5  196.2984
197.0  223.1313
197.5  246.7400
198.0  262.9491
198.5  269.2295
199.0  265.1076
199.5  252.3734
200.0  234.9451
200.5  218.0703
201.0  206.7127
201.5  203.5702
202.0  207.7837
202.5  215.3219
203.0  221.0576
203.5  221.4158
204.0  216.1093
204.5  208.1014
205.0  201.9730
205.5  201.6578
206.0  208.6794
206.5  221.6087
207.0  236.7444
207.5  249.4677
208.0  255.6084
208.5  252.4211
209.0  239.1209
209.5  217.1073
210.0  189.9414
210.5  162.9361
211.0  142.0908
211.5  132.3224
212.0  135.5305
212.5  149.5594
213.0  168.9241
213.5  187.1688
214.0  199.6473
214.5  205.2531
215.0  206.3040
215.5  206.8570
216.0  210.4840
216.5  218.6391
217.0  230.2374
217.5  242.3283
218.0  251.2747
218.5  253.8466
219.0  247.9602
219.5  233.1119
220.0  210.6687
220.5  184.0301
221.0  158.4162
221.5  139.8847
222.0  133.4513
222.5  140.9100
223.0  159.6033
223.5  183.1919
224.0  204.2882
224.5  217.5587
225.0  221.6121
225.5  218.8367
226.0  213.5708
226.5  209.7924
227.0  209.5151
227.5  212.4451
228.0  216.6754
228.5  219.7624
229.0  219.6188
229.5  215.0260
230.0  205.8853
230.5  193.3983
231.0  180.1953
231.5  170.1635
232.0  167.6021
232.5  175.6143
233.0  194.3116
233.5  219.9588
234.0  245.9338
234.5  265.2675
235.0  273.4192
235.5  269.7805
236.0  257.2602
236.5  240.4579
237.0  223.5942
237.5  209.2211
238.0  198.0474
238.5  189.5338
239.0  182.6606
239.5  176.4691
240.0  170.3307
240.5  164.1247
241.0  158.4860
241.5  155.0789
242.0  156.5835
242.5  165.9951
243.0  185.1449
243.5  213.0402
244.0  245.1553
244.5  274.5141
245.0  294.2807
245.5  300.4811
246.0  293.3634
246.5  276.7952
247.0  256.2642
247.5  236.6864
248.0  221.0567
248.5  210.2657
249.0  203.7071
249.5  200.0646
250.0  197.8758
250.5  195.8383
251.0  193.0455
251.5  189.3073
252.0  185.5039
252.5  183.6596
253.0  186.3419
253.5  195.2941
254.0  209.8759
254.5  226.4008
255.0  239.1713
255.5  242.9049
256.0  235.1965
256.5  217.5892
257.0  194.7635
257.5  172.4972
258.0  155.5969
258.5  146.7238
259.0  146.3034
259.5  153.1072
260.0  164.9673
260.5  179.3292
261.0  193.6652
261.5  205.9013
262.0  214.9296
262.5  221.0579
263.0  226.0294
263.5  232.2545
264.0  241.3037
264.5  252.3923
265.0  261.9676
265.5  265.0142
266.0  257.5197
266.5  238.6613
267.0  211.4402
267.5  181.5124
268.0  155.0151
268.5  136.5747
269.0  128.3135
269.5  129.9466
270.0  139.5157
270.5  154.2167
271.0  171.0312
271.5  187.1685
272.0  200.4563
272.5  209.7614
273.0  215.3456
273.5  218.8690
274.0  222.7206
274.5  228.6697
275.0  236.4411
275.5  243.2319
276.0  244.8151
276.5  237.7992
277.0  221.7099
277.5  199.6407
278.0  177.1619
278.5  160.2057
279.0  153.0504
279.5  157.2263
280.0  171.5136
280.5  192.6862
281.0  216.5154
281.5  238.7049
282.0  255.6572
282.5  265.0856
283.0  266.4756
283.5  261.2814
284.0  252.6166
284.5  244.2272
285.0  238.8904
285.5  236.9576
286.0  236.0387
286.5  232.3008
287.0  222.7572
287.5  207.1782
288.0  188.5053
288.5  171.6380
289.0  161.3821
289.5  160.6509
290.0  169.6465
290.5  186.1115
291.0  206.2512
291.5  225.8145
292.0  240.9999
292.5  249.0920
293.0  248.8791
293.5  240.9109
294.0  227.5413
294.5  212.5507
295.0  200.1241
295.5  193.2824
296.0  192.4534
296.5  195.1758
297.0  197.4114
297.5  195.8441
298.0  189.7953
298.5  181.6483
299.0  175.6595
299.5  175.9391
300.0  184.6729
300.5  201.3159
301.0  222.8774
301.5  244.9330
302.0  262.8501
302.5  272.8463
303.0  272.7181
303.5  262.2422
304.0  243.2888
304.5  219.6187
305.0  196.2171
305.5  178.0313
306.0  168.3028
306.5  167.2155
307.0  171.7818
307.5  177.3173
308.0  179.8045
308.5  177.8106
309.0  172.9314
309.5  168.6901
310.0  168.6504
310.5  174.7618
311.0  186.6149
311.5  201.7046
312.0  216.3489
312.5  226.7814
313.0  230.0744
313.5  224.7666
314.0  211.2201
314.5  191.7549
315.0  170.4975
315.5  152.7277
316.0  143.5237
316.5  145.9178
317.0  159.4014
317.5  179.8433
318.0  201.1853
318.5  218.0900
319.0  228.0525
319.5  231.9046
320.0  232.6956
320.5  233.7917
321.0  237.2413
321.5  243.0607
322.0  249.4980
322.5  253.8922
323.0  253.6498
323.5  247.0175
324.0  233.5623
324.5  214.4093
325.0  192.2927
325.5  171.3494
326.0  156.4351
326.5  151.7900
327.0  159.3128
327.5  177.2932
328.0  200.5984
328.5  222.5628
329.0  237.6784
329.5  243.6155
330.0  241.5839
330.5  235.1070
331.0  228.0943
331.5  223.2415
332.0  221.3499
332.5  221.5540
333.0  222.0547
333.5  220.9174
334.0  216.6887
334.5  208.8057
335.0  197.8806
335.5  185.8928
336.0  176.1427
336.5  172.6483
337.0  178.7741
337.5  195.4240
338.0  219.8069
338.5  245.8423
339.0  266.3534
339.5  275.9446
340.0  272.9826
340.5  259.7499
341.0  240.9781
341.5  221.7438
342.0  205.7678
342.5  194.6782
343.0  188.2004
343.5  184.8663
344.0  182.8091
344.5  180.3985
345.0  176.6839
345.5  171.7178
346.0  166.7824
346.5  164.3815
347.0  167.6999
347.5  179.3359
348.0  199.6280
348.5  225.5275
349.0  251.0243
349.5  269.2571
350.0  275.2517
350.5  267.7742
351.0  249.4182
351.5  225.1520
352.0  200.2978
352.5  178.9372
353.0  163.2376
353.5  153.6038
354.0  149.2461
354.5  148.7862
355.0  150.7366
355.5  153.8828
356.0  157.6537
356.5  162.4664
357.0  169.8308
357.5  181.8574
358.0  200.0037
358.5  223.5061
359.0  248.5511
359.5  269.1087
360.0  279.2892
360.5  275.9442
361.0  260.0230
361.5  236.0500
362.0  210.2137
362.5  188.1677
363.0  173.5092
363.5  167.3170
364.0  168.5540
364.5  174.8733
365.0  183.4387
365.5  191.5848
366.0  197.3231
366.5  199.7519
367.0  199.3539
367.5  197.9964
368.0  198.3419
368.5  202.5665
369.0  210.8481
369.5  220.6087
370.0  227.3144
370.5  226.6288
371.0  216.6976
371.5  199.2254
372.0  178.8361
372.5  161.2369
373.0  151.2169
373.5  151.3349
374.0  161.5997
374.5  179.9373
375.0  203.0250
375.5  227.1422
376.0  248.8774
376.5  265.6773
377.0  276.2749
377.5  280.9593
378.0  281.5020
378.5  280.4742
379.0  279.9271
379.5  279.9809
380.0  278.3031
380.5  271.1310
381.0  255.4463
381.5  231.0095
382.0  201.0204
382.5  171.0838
383.0  147.1464
383.5  133.4946
384.0  131.6441
384.5  140.3458
385.0  156.3962
385.5  175.7356
386.0  194.4287
386.5  209.3525
387.0  218.6147
387.5  221.8040
388.0  220.1036
388.5  216.1040
389.0  213.0280
389.5  213.3283
390.0  217.2499
390.5  222.3892
391.0  224.8655
391.5  221.5738
392.0  212.1273
392.5  199.2988
393.0  187.7968
393.5  182.1824
394.0  185.0424
394.5  196.1797
395.0  212.9291
395.5  231.2034
396.0  246.7169
396.5  255.9761
397.0  256.8827
397.5  248.9951
398.0  233.5806
398.5  213.5032
399.0  192.7983
399.5  175.6955
400.0  165.1408
400.5  161.4702
401.0  162.2043
401.5  163.4059
402.0  161.9437
402.5  157.2909
403.0  151.8058
403.5  149.4417
404.0  153.7312
404.5  166.1403
405.0  185.4916
405.5  208.4914
406.0  230.8888
406.5  248.6781
407.0  258.9501
407.5  260.2951
408.0  252.8832
408.5  238.4169
409.0  220.0232
409.5  201.9002
410.0  188.3938
410.5  182.4963
411.0  184.4330
411.5  191.3997
412.0  198.9628
412.5  203.4336
413.0  203.7511
413.5  201.7578
414.0  200.8566
414.5  203.9858
415.0  212.0735
415.5  223.6498
416.0  235.5651
416.5  244.2483
417.0  246.8749
417.5  242.0695
418.0  230.0958
418.5  212.7096
419.0  192.8841
419.5  174.4744
420.0  161.6547
420.5  157.8923
421.0  164.5662
421.5  179.9381
422.0  199.4040
422.5  217.2935
423.0  229.3502
423.5  234.4457
424.0  234.5806
424.5  233.3466
425.0  233.8792
425.5  237.4249
426.0  243.0742
426.5  248.4819
427.0  250.9789
427.5  248.5159
428.0  240.1813
428.5  226.3325
429.0  208.5281
429.5  189.4151
430.0  172.5432
430.5  161.8581
431.0  160.6244
431.5  169.9471
432.0  187.7038
432.5  208.8589
433.0  227.3749
433.5  238.7621
434.0  241.7768
434.5  238.3696
435.0  232.1357
435.5  226.3280
436.0  222.5151
436.5  220.3646
437.0  218.3250
437.5  214.6168
438.0  208.0211
438.5  198.2566
439.0  186.0176
439.5  172.8561
440.0  161.0472
440.5  153.3982
441.0  152.7830
441.5  161.1974
442.0  178.5196
442.5  201.7115
443.0  225.3033
443.5  243.2900
444.0  251.5107
444.5  249.1453
445.0  238.5534
445.5  223.7617
446.0  208.6226
446.5  195.6037
447.0  185.5597
447.5  178.2151
448.0  172.8404
448.5  168.7425
449.0  165.4812
449.5  162.9346
450.0  161.3798
450.5  161.6498
451.0  165.2190
451.5  173.9029
452.0  188.9486
452.5  209.7766
453.0  233.2156
453.5  254.0791
454.0  267.0996
454.5  269.1737
455.0  260.5746
455.5  244.5160
456.0  225.5271
456.5  207.6810
457.0  193.5303
457.5  183.9735
458.0  178.7331
458.5  176.9720
459.0  177.7375
459.5  180.1843
460.0  183.6842
460.5  187.9541
461.0  193.2368
461.5  200.3935
462.0  210.6282
462.5  224.6615
463.0  241.6231
463.5  258.4482
464.0  270.5257
464.5  273.5375
465.0  265.4633
465.5  247.5352
466.0  223.6712
466.5  198.9013
467.0  177.7429
467.5  163.2154
468.0  156.6151
468.5  157.7687
469.0  165.4310
469.5  177.6521
470.0  192.1129
470.5  206.4984
471.0  218.9548
471.5  228.5687
472.0  235.6516
472.5  241.5123
473.0  247.5591
473.5  254.0748
474.0  259.4955
474.5  260.9111
475.0  255.6571
475.5  242.9787
476.0  224.6777
476.5  204.4223
477.0  186.2912
477.5  173.4333
478.0  167.4066
478.5  168.2183
479.0  174.7518
479.5  185.2456
480.0  197.6539
480.5  209.8853
481.0  220.0144
481.5  226.5650
482.0  228.8839
482.5  227.4427
483.0  223.7357
483.5  219.5376
484.0  215.7664
484.5  211.7311
485.0  205.5000
485.5  195.3081
486.0  181.0508
486.5  164.8217
487.0  150.2119
487.5  140.9238
488.0  139.5244
488.5  146.8394
489.0  161.9979
489.5  182.8551
490.0  206.5105
490.5  229.7740
491.0  249.5657
491.5  263.3084
492.0  269.3738
492.5  267.5379
493.0  259.2228
493.5  247.1760
494.0  234.4385
494.5  222.9993
495.0  213.0009
495.5  203.1430
496.0  192.0456
496.5  179.5675
497.0  167.1695
497.5  157.2081
498.0  151.7758
498.5  151.8346
499.0  157.0046
499.5  165.9011
500.0  176.6836
500.5  187.5174
501.0  196.8177
501.5  203.3162
502.0  206.0955
502.5  204.7587
503.0  199.7760
503.5  192.7965
504.0  186.5071
504.5  183.7629
505.0  186.2822
505.5  193.7631
506.0  204.1592
506.5  214.9925
507.0  224.7580
507.5  233.4716
508.0  242.1629
508.5  251.8534
509.0  262.7389
509.5  273.9619
510.0  283.9148
510.5  290.7718
511.0  292.9520
511.5  289.3697
512.0  279.4875
512.5  263.3188
513.0  241.5444
513.5  215.7833
514.0  188.7945
514.5  164.2009
515.0  145.5106
515.5  134.7986
516.0  131.9131
516.5  134.8638
517.0  141.1645
517.5  149.1606
518.0  158.4805
518.5  169.5213
519.0  182.5537
519.5  197.1148
520.0  211.9743
520.5  225.5298
521.0  236.3046
521.5  243.2782
522.0  245.9648
522.5  244.3228
523.0  238.6834
523.5  229.8649
524.0  219.4548
524.5  209.9541
525.0  204.3465
525.5  204.9641
526.0  212.1871
526.5  223.9360
527.0  236.5041
527.5  246.2673
528.0  251.1508
528.5  251.0185
529.0  247.0159
529.5  240.5387
530.0  232.5051
530.5  223.1982
531.0  212.5309
531.5  200.4219
532.0  187.0385
532.5  172.8276
533.0  158.4146
533.5  144.5380
534.0  132.1669
534.5  122.7729
535.0  118.4587
535.5  121.5337
536.0  133.4388
536.5  153.5632
537.0  178.8754
537.5  204.8577
538.0  227.2490
538.5  243.4904
539.0  253.0890
539.5  256.9714
540.0  256.4914
540.5  252.7379
541.0  246.3666
541.5  237.7952
542.0  227.4696
542.5  215.9908
543.0  204.0605
543.5  192.3522
544.0  181.4882
544.5  172.2542
545.0  165.9652
545.5  164.5925
546.0  170.1915
546.5  183.6083
547.0  203.2222
547.5  224.8194
548.0  243.0203
548.5  253.4755
549.0  254.4612
549.5  247.0489
550.0  234.0796
550.5  218.7953
551.0  203.8677
551.5  191.0583
552.0  181.3198
552.5  175.0284
553.0  172.1407
553.5  172.2434
554.0  174.5983
554.5  178.3362
555.0  182.8862
555.5  188.5049
556.0  196.4857
556.5  208.5891
557.0  225.6936
557.5  246.4494
558.0  267.0440
558.5  282.5202
559.0  288.8885
559.5  284.7031
560.0  271.2937
560.5  251.8467
561.0  230.1196
561.5  209.4612
562.0  192.3548
562.5  180.3397
563.0  174.0702
563.5  173.3706
564.0  177.2821
564.5  184.2006
565.0  192.2314
565.5  199.8018
566.0  206.3417
566.5  212.5731
567.0  219.9450
567.5  229.2783
568.0  239.4751
568.5  247.4059
569.0  249.3007
569.5  242.7600
570.0  228.0392
570.5  207.9114
571.0  186.4544
571.5  167.6270
572.0  154.3137
572.5  148.0077
573.0  148.9360
573.5  156.3371
574.0  168.7088
574.5  183.9877
575.0  199.7463
575.5  213.5484
576.0  223.5457
576.5  229.1659
577.0  231.4422
577.5  232.4790
578.0  234.0534
578.5  236.1793
579.0  236.7877
579.5  232.9396
580.0  222.7586
580.5  206.7323
581.0  187.6413
581.5  169.4040
582.0  155.6734
582.5  148.8703
583.0  149.8538
583.5  158.0613
584.0  171.8469
584.5  188.8260
585.0  206.1772
585.5  220.9747
586.0  230.6769
586.5  233.8123
587.0  230.6472
587.5  223.3441
588.0  215.1677
588.5  208.8845
589.0  205.3000
589.5  203.0290
590.0  199.7366
590.5  193.9258
591.0  186.0047
591.5  178.0721
592.0  172.8225
592.5  172.3877
593.0  177.6926
593.5  188.4131
594.0  203.2898
594.5  220.4865
595.0  237.8160
595.5  252.8413
596.0  263.0192
596.5  266.1015
597.0  260.8703
597.5  247.9501
598.0  230.1116
598.5  211.5297
599.0  196.0983
599.5  185.7658
600.0  180.0627
600.5  177.1384
601.0  175.4367
601.5  174.7576
602.0  176.1290
602.5  180.8711
603.0  189.6543
603.5  202.1010
604.0  216.9765
604.5  232.6588
605.0  247.5237
605.5  260.0558
606.0  268.7482
606.5  272.0508
607.0  268.6528
607.5  258.1659
608.0  241.8830
608.5  222.9774
609.0  205.6466
609.5  193.4138
610.0  187.5980
610.5  187.0400
611.0  189.2595
611.5  192.1161
612.0  194.7906
612.5  197.6282
613.0  201.2841
613.5  205.9528
614.0  211.1564
614.5  216.0489
615.0  219.8644
615.5  222.1348
616.0  222.5407
616.5  220.5636
617.0  215.3069
617.5  205.8181
618.0  191.9304
618.5  175.1678
619.0  158.9596
619.5  147.6463
620.0  144.6011
620.5  150.6342
621.0  163.8199
621.5  180.8176
622.0  198.6123
622.5  215.4586
623.0  230.6708
623.5  243.8262
624.0  254.1869
624.5  260.7327
625.0  262.6403
625.5  259.7563
626.0  252.6908
626.5  242.4556
627.0  229.8902
627.5  215.2968
628.0  198.6232
628.5  180.1830
629.0  161.4530
629.5  145.2461
630.0  134.8387
630.5  132.4117
631.0  137.8589
631.5  148.8792
632.0  162.2806
632.5  175.4789
633.0  187.1729
633.5  197.0054
634.0  204.8108
634.5  210.1767
635.0  212.5956
635.5  211.9618
636.0  208.9547
636.5  204.9723
637.0  201.5993
637.5  199.9013
638.0  199.9950
638.5  201.2426
639.0  203.0482
639.5  205.7517
640.0  210.8685
640.5  220.2414
641.0  234.5230
641.5  252.1252
642.0  269.5663
642.5  283.0288
643.0  289.9680
643.5  289.7044
644.0  282.8923
644.5  270.5921
645.0  253.7354
645.5  233.2317
646.0  210.4106
646.5  187.3019
647.0  166.4335
647.5  150.1690
648.0  139.9153
648.5  135.6707
649.0  136.2632
649.5  140.2379
650.0  146.8726
650.5  156.5640
651.0  170.1704
651.5  187.7282
652.0  207.6054
652.5  226.8871
653.0  242.7237
653.5  253.5517
654.0  259.3205
654.5  260.7990
655.0  258.7254
655.5  253.4749
656.0  245.3422
656.5  235.0514
657.0  224.0230
657.5  214.1548
658.0  207.1917
658.5  204.0114
659.0  204.2513
659.5  206.5759
660.0  209.5236
660.5  212.4162
661.0  215.6247
661.5  219.8608
662.0  224.9925
662.5  229.4336
663.0  230.7669
663.5  227.1689
664.0  218.4925
664.5  206.2304
665.0  192.5608
665.5  179.3153
666.0  167.5477
666.5  157.7798
667.0  150.5310
667.5  146.6611
668.0  147.2705
668.5  153.1924
669.0  164.3515
669.5  179.3898
670.0  195.8981
670.5  211.2726
671.0  223.7543
671.5  232.9337
672.0  239.2867
672.5  243.1000
673.0  243.7632
673.5  240.1277
674.0  231.6196
674.5  219.0838
675.0  204.6421
675.5  190.7665
676.0  179.3408
676.5  171.3081
677.0  166.9261
677.5  166.2529
678.0  169.4470
678.5  176.6826
679.0  187.7360
679.5  201.5129
680.0  215.8911
680.5  228.1576
681.0  235.9821
681.5  238.4097
682.0  236.1631
682.5  230.9351
683.0  224.1757
683.5  216.3703
684.0  207.3797
684.5  197.4007
685.0  187.5607
685.5  179.6100
686.0  175.0434
686.5  174.4089
687.0  177.2708
687.5  182.7316
688.0  190.0774
688.5  199.1241
689.0  210.0765
689.5  222.9775
690.0  237.0623
690.5  250.4537
691.0  260.5373
691.5  264.9798
692.0  262.8465
692.5  255.0483
693.0  243.7256
693.5  231.0143
694.0  218.1820
694.5  205.7588
695.0  194.3233
695.5  185.0387
696.0  179.4023
696.5  178.4745
697.0  182.2652
697.5  189.7252
698.0  199.2802
698.5  209.5132
699.0  219.5872
699.5  229.1906
700.0  238.0648
700.5  245.4225
701.0  249.7022
701.5  248.9836
702.0  241.9776
702.5  229.0148
703.0  212.2812
703.5  195.0004
704.0  180.0741
704.5  169.1592
705.0  162.7370
705.5  160.8122
706.0  163.4105
706.5  170.4377
707.0  181.1938
707.5  194.1453
708.0  207.2600
708.5  218.7201
709.0  227.5563
709.5  233.8230
710.0  238.2000
710.5  241.2231
711.0  242.5819
711.5  240.9686
712.0  234.7196
712.5  223.0045
713.0  206.8387
713.5  189.1443
714.0  173.6547
714.5  163.3356
715.0  159.3981
715.5  161.4545
716.0  168.3805
716.5  178.9886
717.0  192.0609
717.5  206.0287
718.0  218.8800
718.5  228.5629
719.0  233.6742
719.5  233.9802
720.0  230.4214
720.5  224.5464
721.0  217.6442
721.5  210.0497
722.0  201.0767
722.5  189.7330
723.0  175.8762
723.5  161.0672
724.0  148.4278
724.5  141.4270
725.0  142.3363
725.5  151.3757
726.0  166.9905
726.5  186.7796
727.0  208.2439
727.5  228.9811
728.0  246.6177
728.5  258.9537
729.0  264.4701
729.5  262.9177
730.0  255.5633
730.5  244.8327
731.0  233.4205
731.5  223.2393
732.0  214.7341
732.5  206.9863
733.0  198.6507
733.5  189.2581
734.0  180.0598
734.5  173.7476
735.0  173.0939
735.5  179.3888
736.0  191.7541
736.5  207.6986
737.0  224.3024
737.5  239.0997
738.0  250.2748
738.5  256.4930
739.0  256.8805
739.5  251.3263
740.0  240.8572
740.5  227.6878
741.0  214.7227
741.5  204.6043
742.0  198.7028
742.5  196.5697
743.0  196.2451
743.5  195.4043
744.0  192.8101
744.5  189.2192
745.0  187.0777
745.5  189.0851
746.0  196.5359
746.5  208.5436
747.0  222.5348
747.5  235.4272
748.0  244.5921
748.5  248.2052
749.0  245.2478
749.5  235.5829
750.0  220.2153
750.5  201.4891
751.0  182.8851
751.5  168.2681
752.0  160.7462
752.5  161.5768
753.0  169.6541
753.5  181.9494
754.0  194.8399
754.5  205.7292
755.0  214.0621
755.5  221.0784
756.0  228.4501
756.5  236.7703
757.0  244.9671
757.5  250.9222
758.0  252.6133
758.5  248.8867
759.0  239.5426
759.5  225.0678
760.0  206.4830
760.5  185.4474
761.0  164.4012
761.5  146.4206
762.0  134.6079
762.5  131.1308
763.0  136.2959
763.5  148.1661
764.0  163.0888
764.5  177.0773
765.0  187.4619
765.5  193.9279
766.0  198.2745
766.5  202.9970
767.0  209.6098
767.5  217.8068
768.0  225.8548
768.5  231.6730
769.0  233.7395
769.5  231.4108
770.0  224.8461
770.5  214.9136
771.0  203.2294
771.5  192.1812
772.0  184.6792
772.5  183.4866
773.0  190.2284
773.5  204.4536
774.0  223.2776
774.5  242.0042
775.0  255.6864
775.5  261.0008
776.0  257.4679
776.5  247.2904
777.0  233.9083
777.5  220.2344
778.0  207.6919
778.5  196.4315
779.0  186.1708
779.5  176.8341
780.0  168.6569
780.5  162.0059
781.0  157.3019
781.5  155.1761
782.0  156.6772
782.5  163.2259
783.0  176.1274
783.5  195.7180
784.0  220.5271
784.5  247.0039
785.0  270.2158
785.5  285.4407
786.0  289.9848
786.5  284.2435
787.0  271.3307
787.5  255.4548
788.0  240.0604
788.5  226.8435
789.0  215.9804
789.5  206.9962
790.0  199.4561
790.5  193.1457
791.0  187.9614
791.5  183.8786
792.0  181.1332
792.5  180.4490
793.0  183.0228
793.5  190.0678
794.0  201.9836
794.5  217.5293
795.0  233.5587
795.5  245.7172
796.0  250.0035
796.5  244.5073
797.0  230.3518
797.5  211.2224
798.0  191.7213
798.5  175.5623
799.0  164.6423
799.5  159.2475
800.0  158.8094
800.5  162.4695
801.0  169.2059
801.5  177.7963
802.0  186.9707
802.5  195.8161
803.0  204.1804
803.5  212.7144
804.0  222.3552
804.5  233.3869
805.0  244.5675
805.5  252.9402
806.0  254.6978
806.5  246.8857
807.0  229.1244
807.5  204.3267
808.0  177.8431
808.5  155.4196
809.0  141.1476
809.5  136.5252
810.0  140.8450
810.5  152.1983
811.0  168.2542
811.5  186.5463
812.0  204.5704
812.5  220.0737
813.0  231.5824
813.5  238.8626
814.0  242.9227
814.5  245.3802
815.0  247.4050
815.5  248.7890
816.0  247.7539
816.5  241.7752
817.0  229.1138
817.5  210.2299
818.0  188.1785
818.5  167.6170
819.0  152.9430
819.5  146.6803
820.0  149.0009
820.5  158.3658
821.0  172.5210
821.5  189.1259
822.0  205.9032
822.5  220.6864
823.0  231.7152
823.5  238.1481
824.0  240.4374
824.5  240.1909
825.0  239.4115
825.5  239.4063
826.0  239.9383
826.5  239.1815
827.0  234.6703
827.5  224.8697
828.0  210.5247
828.5  194.9128
829.0  182.6713
829.5  177.7773
830.0  181.8744
830.5  193.8878
831.0  210.8939
831.5  229.3957
832.0  246.1802
832.5  258.5962
833.0  264.6383
833.5  263.2134
834.0  254.5762
834.5  240.5708
835.0  224.3010
835.5  209.1573
836.0  197.5520
836.5  189.9835
837.0  184.9896
837.5  180.1269
838.0  173.5464
838.5  165.3212
839.0  157.7132
839.5  154.1261
840.0  157.3298
840.5  168.0554
841.0  184.7596
841.5  204.4634
842.0  223.8796
842.5  240.1321
843.0  250.9866
843.5  254.9581
844.0  251.5920
844.5  241.8338
845.0  228.1265
845.5  213.9266
846.0  202.6554
846.5  196.4811
847.0  195.5181
847.5  197.9078
848.0  200.8339
848.5  202.0209
849.0  200.9270
849.5  198.9232
850.0  198.3052
850.5  200.7598
851.0  206.3002
851.5  213.3043
852.0  219.4190
852.5  222.5349
853.0  221.2462
853.5  214.8402
854.0  203.2389
854.5  187.1750
855.0  168.4810
855.5  150.1241
856.0  135.6947
856.5  128.3892
857.0  129.8755
857.5  139.5983
858.0  154.9437
858.5  172.2878
859.0  188.4791
859.5  202.0112
860.0  213.2441
860.5  223.5690
861.0  234.0999
861.5  244.7757
862.0  254.3880
862.5  261.2936
863.0  264.1424
863.5  262.1718
864.0  255.1570
864.5  243.3834
865.0  227.8432
865.5  210.5011
866.0  194.2800
866.5  182.5161
867.0  177.9449
867.5  181.6163
868.0  192.2875
868.5  206.7088
869.0  220.8025
869.5  231.2354
870.0  236.5913
870.5  237.5050
871.0  235.7371
871.5  232.8640
872.0  229.4809
872.5  225.3122
873.0  219.8628
873.5  212.9267
874.0  204.6245
874.5  195.1930
875.0  184.9443
875.5  174.5471
876.0  165.4033
876.5  159.7174
877.0  160.0024
877.5  168.0950
878.0  184.0975
878.5  205.8189
879.0  229.1418
879.5  249.3104
880.0  262.6040
880.5  267.5616
881.0  265.1102
881.5  257.5989
882.0  247.4472
882.5  236.2917
883.0  224.9954
883.5  214.1345
884.0  204.3217
884.5  196.1043
885.0  189.6994
885.5  184.9760
886.0  181.8094
886.5  180.5615
887.0  182.2768
887.5  188.3199
888.0  199.5067
888.5  215.1394
889.0  232.5354
889.5  247.4978
890.0  255.6965
890.5  254.3631
891.0  243.4037
891.5  225.3061
892.0  203.9405
892.5  183.0425
893.0  165.2557
893.5  152.0302
894.0  143.9782
894.5  141.1225
895.0  142.8673
895.5  147.9741
896.0  154.8724
896.5  162.3187
897.0  170.0593
897.5  179.0386
898.0  190.8870
898.5  206.8075
899.0  226.3742
899.5  246.9393
900.0  264.1433
900.5  273.4611
901.0  272.0876
901.5  260.1723
902.0  240.7215
902.5  218.2723
903.0  197.1805
903.5  180.4834
904.0  169.6964
904.5  165.1615
905.0  166.3520
905.5  171.9362
906.0  179.8674
906.5  187.8251
907.0  193.9986
907.5  197.8324
908.0  200.2570
908.5  203.1479
909.0  208.1722
909.5  215.5752
910.0  223.6041
910.5  229.0231
911.0  228.5964
911.5  220.8077
912.0  206.8536
912.5  190.3183
913.0  175.7338
913.5  166.8973
914.0  165.8490
914.5  172.7853
915.0  186.5072
915.5  204.8602
916.0  225.0099
916.5  243.7839
917.0  258.3017
917.5  266.7888
918.0  269.1795
918.5  267.1077
919.0  263.1447
919.5  259.5365
920.0  257.0074
920.5  254.2768
921.0  248.6619
921.5  237.5765
922.0  220.1839
922.5  198.2801
923.0  175.8684
923.5  157.6568
924.0  147.3372
924.5  146.5353
925.0  154.7292
925.5  169.7800
926.0  188.5553
926.5  207.4500
927.0  222.9526
927.5  232.3885
928.0  234.6908
928.5  230.8201
929.0  223.4991
929.5  216.2190
930.0  211.8448
930.5  211.4121
931.0  213.7167
931.5  215.9840
932.0  215.3542
932.5  210.4429
933.0  202.1396
933.5  193.2252
934.0  187.0753
934.5  186.2246
935.0  191.5198
935.5  202.0635
936.0  215.6362
936.5  229.2115
937.0  239.4733
937.5  243.4700
938.0  239.4315
938.5  227.4883
939.0  209.8862
939.5  190.4442
940.0  173.3490
940.5  161.7306
941.0  156.6259
941.5  156.8297
942.0  159.7520
942.5  162.8894
943.0  165.1616
943.5  167.3927
944.0  171.6960
944.5  180.1662
945.0  193.6737
945.5  211.3849
946.0  231.0505
946.5  249.6541
947.0  264.0276
947.5  271.3727
948.0  269.8180
948.5  259.0208
949.0  240.5759
949.5  217.9119
950.0  195.5316
950.5  177.7583
951.0  167.4146
951.5  164.9611
952.0  168.5052
952.5  174.7427
953.0  180.4551
953.5  183.8619
954.0  185.1717
954.5  186.0999
955.0  188.7069
955.5  194.2576
956.0  202.6665
956.5  212.6093
957.0  221.9996
957.5  228.5277
958.0  230.1976
958.5  225.9132
959.0  216.0432
959.5  202.7063
960.0  189.5002
960.5  180.5974
961.0  179.4348
961.5  187.4670
962.0  203.5123
962.5  224.0466
963.0  244.4080
963.5  260.4407
964.0  269.8485
964.5  272.6462
965.0  270.5684
965.5  265.8689
966.0  260.2226
966.5  254.2339
967.0  247.5541
967.5  239.2734
968.0  228.3192
968.5  213.8470
969.0  195.7134
969.5  174.9680
970.0  154.1011
970.5  136.7601
971.0  126.8495
971.5  127.2503
972.0  138.6484
972.5  159.0151
973.0  184.0665
973.5  208.6140
974.0  228.2795
974.5  240.8307
975.0  246.5417
975.5  247.4788
976.0  246.1783
976.5  244.4565
977.0  242.8759
977.5  240.8909
978.0  237.3400
978.5  230.9805
979.0  220.9820
979.5  207.4020
980.0  191.5718
980.5  176.1824
981.0  164.8488
981.5  161.1149
982.0  167.1518
982.5  182.6476
983.0  204.4410
983.5  227.2109
984.0  245.0809
984.5  253.5356
985.0  250.8382
985.5  238.3418
986.0  219.6297
986.5  199.0082
987.0  180.1228
987.5  165.2207
988.0  155.0806
988.5  149.3083
989.0  146.7481
989.5  145.9670
990.0  145.8500
990.5  146.2120
991.0  148.1605
991.5  153.9015
992.0  165.8693
992.5  185.4138
993.0  211.6131
993.5  240.8658
994.0  267.6311
994.5  286.1420
995.0  292.4002
995.5  285.5831
996.0  268.2401
996.5  245.2308
997.0  221.9572
997.5  202.7246
998.0  189.8467
998.5  183.5911
999.0  182.6593
999.5  184.8617
1000.0  187.8331
