0.0  1.35116779
0.5  1.33189908
1.0  1.30920779
1.5  1.28499982
2.0  1.26093954
2.5  1.23798440
3.0  1.21708983
3.5  1.19903669
4.0  1.18475265
4.5  1.17458635
5.0  1.16828940
5.5  1.16488008
6.0  1.16376713
6.5  1.16496454
7.0  1.16918062
7.5  1.17828717
8.0  1.19318261
8.5  1.21391542
9.0  1.23883110
9.5  1.26505481
10.0  1.29005405
10.5  1.31203837
11.0  1.32974017
11.5  1.34230441
12.0  1.34913305
12.5  1.34949086
13.0  1.34330445
13.5  1.33064120
14.0  1.31311421
14.5  1.29213239
15.0  1.26950430
15.5  1.24645932
16.0  1.22351696
16.5  1.20118941
17.0  1.17993552
17.5  1.16166601
18.0  1.14812177
18.5  1.14121131
19.0  1.14139613
19.5  1.14743466
20.0  1.15833168
20.5  1.17326426
21.0  1.19181321
21.5  1.21333639
22.0  1.23745607
22.5  1.26318636
23.0  1.28905944
23.5  1.31269049
24.0  1.33275941
24.5  1.34859242
25.0  1.35958425
25.5  1.36634480
26.0  1.36810959
26.5  1.36571536
27.0  1.35841078
27.5  1.34677776
28.0  1.33217878
28.5  1.31616888
29.0  1.29993074
29.5  1.28368832
30.0  1.26678448
30.5  1.24847202
31.0  1.22940703
31.5  1.21183219
32.0  1.19785897
32.5  1.18988426
33.0  1.18905872
33.5  1.19487979
34.0  1.20599442
34.5  1.22091181
35.0  1.23786003
35.5  1.25573293
36.0  1.27335934
36.5  1.28954253
37.0  1.30367858
37.5  1.31464112
38.0  1.32268870
38.5  1.32809632
39.0  1.33241286
39.5  1.33547725
40.0  1.33649267
40.5  1.33290463
41.0  1.32281460
41.5  1.30533159
42.0  1.28182781
42.5  1.25499311
43.0  1.22835975
43.5  1.20481370
44.0  1.18602225
44.5  1.17330862
45.0  1.16620318
45.5  1.16372349
46.0  1.16534118
46.5  1.16987622
47.0  1.17638572
47.5  1.18407703
48.0  1.19241109
48.5  1.20191664
49.0  1.21449891
49.5  1.23105915
50.0  1.25278469
50.5  1.27794630
51.0  1.30357117
51.5  1.32627607
52.0  1.34340388
52.5  1.35343994
53.0  1.35707048
53.5  1.35589738
54.0  1.35049086
54.5  1.34259488
55.0  1.33274430
55.5  1.32174132
56.0  1.31033299
56.5  1.29805481
57.0  1.28480097
57.5  1.27010299
58.0  1.25352797
58.5  1.23485364
59.0  1.21479732
59.5  1.19595539
60.0  1.18101414
60.5  1.17152137
61.0  1.16692056
61.5  1.16670232
62.0  1.16884042
62.5  1.17262974
63.0  1.17773470
63.5  1.18543033
64.0  1.19625448
64.5  1.21154433
65.0  1.23059872
65.5  1.25183480
66.0  1.27335802
66.5  1.29346292
67.0  1.31073712
67.5  1.32379096
68.0  1.33159334
68.5  1.33310144
69.0  1.32884476
69.5  1.32027855
70.0  1.30898301
70.5  1.29689893
71.0  1.28527481
71.5  1.27365404
72.0  1.26078787
72.5  1.24575554
73.0  1.22841222
73.5  1.21078692
74.0  1.19631462
74.5  1.18742540
75.0  1.18633161
75.5  1.19309869
76.0  1.20744549
76.5  1.22659148
77.0  1.24844803
77.5  1.26967298
78.0  1.28876876
78.5  1.30449170
79.0  1.31607540
79.5  1.32411709
80.0  1.32849481
80.5  1.33149844
81.0  1.33474277
81.5  1.33817185
82.0  1.34071851
82.5  1.33964268
83.0  1.33310189
83.5  1.32106640
84.0  1.30391152
84.5  1.28519482
85.0  1.26819302
85.5  1.25474913
86.0  1.24768669
86.5  1.24505619
87.0  1.24626919
87.5  1.24879972
88.0  1.25025714
88.5  1.24925154
89.0  1.24456190
89.5  1.23671552
90.0  1.22675220
90.5  1.21736567
91.0  1.21096497
91.5  1.21035964
92.0  1.21557107
92.5  1.22518966
93.0  1.23642905
93.5  1.24635587
94.0  1.25291524
94.5  1.25461446
95.0  1.25329337
95.5  1.25027604
96.0  1.24847251
96.5  1.24846234
97.0  1.25101275
97.5  1.25600181
98.0  1.26127059
98.5  1.26538715
99.0  1.26676261
99.5  1.26394599
100.0  1.25658393
100.5  1.24583640
101.0  1.23390898
101.5  1.22358661
102.0  1.21736310
102.5  1.21680249
103.0  1.22193225
103.5  1.23018651
104.0  1.24016393
104.5  1.24990577
105.0  1.25891104
105.5  1.26722924
106.0  1.27549656
106.5  1.28392344
107.0  1.29318331
107.5  1.30247947
108.0  1.31070266
108.5  1.31699546
109.0  1.32036581
109.5  1.31949961
110.0  1.31345493
110.5  1.30276124
111.0  1.28887549
111.5  1.27411658
112.0  1.25994918
112.5  1.24847659
113.0  1.24061383
113.5  1.23579845
114.0  1.23218893
114.5  1.22817223
115.0  1.22349148
115.5  1.21923428
116.0  1.21573817
116.5  1.21469078
117.0  1.21632549
117.5  1.22121538
118.0  1.22881182
118.5  1.23808583
119.0  1.24739857
119.5  1.25585162
120.0  1.26205253
120.5  1.26583146
121.0  1.26767488
121.5  1.26893201
122.0  1.27068472
122.5  1.27530445
123.0  1.28245436
123.5  1.29096760
124.0  1.29887078
124.5  1.30325468
125.0  1.30200138
125.5  1.29504203
126.0  1.28349568
126.5  1.27055140
127.0  1.25822938
127.5  1.24875874
128.0  1.24428029
128.5  1.24445985
129.0  1.24838825
129.5  1.25407814
130.0  1.26025019
130.5  1.26503057
131.0  1.26721148
131.5  1.26691813
132.0  1.26559942
132.5  1.26602647
133.0  1.26949507
133.5  1.27648558
134.0  1.28638056
134.5  1.29679221
135.0  1.30387060
135.5  1.30612753
136.0  1.30231851
136.5  1.29349037
137.0  1.28114281
137.5  1.26779311
138.0  1.25642004
138.5  1.24761680
139.0  1.24321090
139.5  1.24312153
140.0  1.24587172
140.5  1.25085080
141.0  1.25473727
141.5  1.25590646
142.0  1.25381790
142.5  1.24934503
143.0  1.24447991
143.5  1.24112652
144.0  1.24057119
144.5  1.24274358
145.0  1.24572090
145.5  1.24727480
146.0  1.24603845
146.5  1.24123111
147.0  1.23413442
147.5  1.22609723
148.0  1.21898977
148.5  1.21446879
149.0  1.21277344
149.5  1.21569102
150.0  1.22182834
150.5  1.23108451
151.0  1.24136847
151.5  1.25049799
152.0  1.25690184
152.5  1.25983087
153.0  1.25981146
153.5  1.25863371
154.0  1.25788997
154.5  1.25897092
155.0  1.26210362
155.5  1.26589749
156.0  1.26844961
156.5  1.26770023
157.0  1.26401319
157.5  1.25955184
158.0  1.25674845
158.5  1.25657392
159.0  1.25996945
159.5  1.26828255
160.0  1.27903712
160.5  1.29185848
161.0  1.30515982
161.5  1.31692491
162.0  1.32440105
162.5  1.32620752
163.0  1.32194510
163.5  1.31314931
164.0  1.30194295
164.5  1.29129808
165.0  1.28311174
165.5  1.27773317
166.0  1.27311544
166.5  1.26739234
167.0  1.25906746
167.5  1.24854024
168.0  1.23732016
168.5  1.22774748
169.0  1.22201077
169.5  1.22185757
170.0  1.22681616
170.5  1.23685580
171.0  1.25037216
171.5  1.26487021
172.0  1.27810057
172.5  1.28757070
173.0  1.29031487
173.5  1.28676566
174.0  1.27804854
174.5  1.26678683
175.0  1.25585097
175.5  1.24806623
176.0  1.24344530
176.5  1.24013668
177.0  1.23665098
177.5  1.23202577
178.0  1.22516640
178.5  1.21742492
179.0  1.21009173
179.5  1.20623034
180.0  1.20679532
180.5  1.21378179
181.0  1.22634229
181.5  1.24342077
182.0  1.26280010
182.5  1.28282786
183.0  1.30003711
183.5  1.31192979
184.0  1.31771434
184.5  1.31934955
185.0  1.31772706
185.5  1.31665639
186.0  1.31751591
186.5  1.32033513
187.0  1.32361598
187.5  1.32410036
188.0  1.32036694
188.5  1.31173550
189.0  1.29864408
189.5  1.28167474
190.0  1.26462651
190.5  1.24969844
191.0  1.23774892
191.5  1.22972127
192.0  1.22564986
192.5  1.22327764
193.0  1.22212814
193.5  1.21964596
194.0  1.21396239
194.5  1.20454532
195.0  1.19469272
195.5  1.18562168
196.0  1.18163949
196.5  1.18436070
197.0  1.19509785
197.5  1.21137449
198.0  1.23024410
198.5  1.24834201
199.0  1.26279172
199.5  1.27432633
200.0  1.28271489
200.5  1.28925755
201.0  1.29491646
201.5  1.30097782
202.0  1.30817140
202.5  1.31532652
203.0  1.32081682
203.5  1.32287043
204.0  1.31954510
204.5  1.30920171
205.0  1.29180058
205.5  1.26977278
206.0  1.24680379
206.5  1.22743798
207.0  1.21411627
207.5  1.20824336
208.0  1.20871262
208.5  1.21369748
209.0  1.21918773
209.5  1.22469773
210.0  1.22950641
210.5  1.23479412
211.0  1.24190852
211.5  1.25175632
212.0  1.26622168
212.5  1.28499421
213.0  1.30653681
213.5  1.32787916
214.0  1.34661788
214.5  1.35877742
215.0  1.36241891
215.5  1.35690701
216.0  1.34370715
216.5  1.32678097
217.0  1.30948728
217.5  1.29564155
218.0  1.28564032
218.5  1.27826334
219.0  1.27155435
219.5  1.26303270
220.0  1.25195144
220.5  1.23777741
221.0  1.22291737
221.5  1.20879546
222.0  1.19864722
222.5  1.19386191
223.0  1.19692538
223.5  1.20659400
224.0  1.22117007
224.5  1.23722076
225.0  1.25120082
225.5  1.26152693
226.0  1.26627135
226.5  1.26669189
227.0  1.26535992
227.5  1.26541437
228.0  1.26760995
228.5  1.27172622
229.0  1.27633262
229.5  1.27898063
230.0  1.27725880
230.5  1.26972184
231.0  1.25715523
231.5  1.24172911
232.0  1.22530053
232.5  1.21090727
233.0  1.20111185
233.5  1.19872289
234.0  1.20275918
234.5  1.21232077
235.0  1.22405511
235.5  1.23562533
236.0  1.24361511
236.5  1.24899047
237.0  1.25295664
237.5  1.25865479
238.0  1.26813326
238.5  1.28232866
239.0  1.30064040
239.5  1.31971500
240.0  1.33594016
240.5  1.34563118
241.0  1.34721674
241.5  1.34085071
242.0  1.32753116
242.5  1.30984173
243.0  1.29095182
243.5  1.27472954
244.0  1.26175014
244.5  1.25280344
245.0  1.24697050
245.5  1.24219197
246.0  1.23520894
246.5  1.22461562
247.0  1.21077156
247.5  1.19573276
248.0  1.18342260
248.5  1.17692059
249.0  1.17835951
249.5  1.18644242
250.0  1.19933025
250.5  1.21375140
251.0  1.22667325
251.5  1.23626341
252.0  1.24289013
252.5  1.24797594
253.0  1.25319513
253.5  1.26082406
254.0  1.27310553
254.5  1.29103048
255.0  1.31295502
255.5  1.33587195
256.0  1.35573145
256.5  1.36765263
257.0  1.36944942
257.5  1.36075062
258.0  1.34412227
258.5  1.32312539
259.0  1.30199953
259.5  1.28428934
260.0  1.27003145
260.5  1.25778104
261.0  1.24559290
261.5  1.23257467
262.0  1.21753687
262.5  1.20247766
263.0  1.18803957
263.5  1.17769631
264.0  1.17361107
264.5  1.17905446
265.0  1.19458061
265.5  1.21840080
266.0  1.24727843
266.5  1.27615112
267.0  1.30160970
267.5  1.31993449
268.0  1.33021361
268.5  1.33439592
269.0  1.33545181
269.5  1.33567934
270.0  1.33658415
270.5  1.33838361
271.0  1.33774640
271.5  1.33270258
272.0  1.32174005
272.5  1.30446155
273.0  1.28168982
273.5  1.25508462
274.0  1.22820333
274.5  1.20423214
275.0  1.18682413
275.5  1.17722095
276.0  1.17570932
276.5  1.17947496
277.0  1.18617715
277.5  1.19190917
278.0  1.19506847
278.5  1.19558631
279.0  1.19601378
279.5  1.20001565
280.0  1.20936543
280.5  1.22412195
281.0  1.24250331
281.5  1.26272382
282.0  1.28177452
282.5  1.29606625
283.0  1.30508431
283.5  1.30803606
284.0  1.30601982
284.5  1.30007061
285.0  1.29468086
285.5  1.29101176
286.0  1.29004503
286.5  1.29145300
287.0  1.29272087
287.5  1.29034332
288.0  1.28151270
288.5  1.26551078
289.0  1.24321931
289.5  1.21999496
290.0  1.19986099
290.5  1.18742641
291.0  1.18370944
291.5  1.18889312
292.0  1.20037736
292.5  1.21541954
293.0  1.23150433
293.5  1.24697141
294.0  1.25983194
294.5  1.27035937
295.0  1.27938566
295.5  1.28903140
296.0  1.30161100
296.5  1.31734757
297.0  1.33463740
297.5  1.35218438
298.0  1.36564365
298.5  1.37145980
299.0  1.36689864
299.5  1.35296777
300.0  1.33278089
300.5  1.31009564
301.0  1.28849770
301.5  1.26949777
302.0  1.25433958
302.5  1.24123234
303.0  1.22914839
303.5  1.21680526
304.0  1.20506148
304.5  1.19392413
305.0  1.18475824
305.5  1.17811099
306.0  1.17597156
306.5  1.18031480
307.0  1.19218490
307.5  1.21131573
308.0  1.23514322
308.5  1.26005571
309.0  1.28199284
309.5  1.29843066
310.0  1.30971702
310.5  1.31733966
311.0  1.32374705
311.5  1.33085955
312.0  1.33871893
312.5  1.34530176
313.0  1.34815163
313.5  1.34586465
314.0  1.33734127
314.5  1.32213911
315.0  1.30073604
315.5  1.27551481
316.0  1.24834760
316.5  1.22294676
317.0  1.20226412
317.5  1.18869820
318.0  1.18345205
318.5  1.18514998
319.0  1.19122186
319.5  1.19943299
320.0  1.20713528
320.5  1.21400303
321.0  1.22183989
321.5  1.23307846
322.0  1.24897712
322.5  1.26869057
323.0  1.29001392
323.5  1.30975725
324.0  1.32564166
324.5  1.33593389
325.0  1.33945255
325.5  1.33496779
326.0  1.32278290
326.5  1.30445319
327.0  1.28257957
327.5  1.25996110
328.0  1.23902275
328.5  1.22162671
329.0  1.20778937
329.5  1.19603731
330.0  1.18510074
330.5  1.17367104
331.0  1.16337644
331.5  1.15684920
332.0  1.15623017
332.5  1.16288875
333.0  1.17712501
333.5  1.19737318
334.0  1.22064941
334.5  1.24463439
335.0  1.26823498
335.5  1.29033321
336.0  1.30897095
336.5  1.32386902
337.0  1.33500018
337.5  1.34313799
338.0  1.34908699
338.5  1.35366743
339.0  1.35640868
339.5  1.35700622
340.0  1.35384234
340.5  1.34458917
341.0  1.32866496
341.5  1.30726625
342.0  1.28203723
342.5  1.25688398
343.0  1.23429236
343.5  1.21578257
344.0  1.20113441
344.5  1.19005544
345.0  1.18270298
345.5  1.17853159
346.0  1.17749418
346.5  1.18011261
347.0  1.18655692
347.5  1.19732460
348.0  1.21281196
348.5  1.23245813
349.0  1.25656266
349.5  1.28432145
350.0  1.31394885
350.5  1.34208762
351.0  1.36608662
351.5  1.38400934
352.0  1.39485059
352.5  1.39999760
353.0  1.40015231
353.5  1.39563005
354.0  1.38725521
354.5  1.37441735
355.0  1.35597889
355.5  1.33189763
356.0  1.30391679
356.5  1.27259225
357.0  1.23923815
357.5  1.20634536
358.0  1.17715931
358.5  1.15334813
359.0  1.13802559
359.5  1.13237977
360.0  1.13752884
360.5  1.14989067
361.0  1.16777314
361.5  1.18876425
362.0  1.21062899
362.5  1.23205360
363.0  1.25378982
363.5  1.27783247
364.0  1.30177258
364.5  1.32602229
365.0  1.34918153
365.5  1.36837621
366.0  1.38173373
366.5  1.38926329
367.0  1.39020256
367.5  1.38299903
368.0  1.36870729
368.5  1.34930083
369.0  1.32721438
369.5  1.30440516
370.0  1.28531889
370.5  1.26997872
371.0  1.25792007
371.5  1.24733310
372.0  1.23810407
372.5  1.22899333
373.0  1.21953628
373.5  1.21165076
374.0  1.20671740
374.5  1.20482995
375.0  1.20651137
375.5  1.21093742
376.0  1.21811375
376.5  1.22788140
377.0  1.23989493
377.5  1.25290980
378.0  1.26638774
378.5  1.27879241
379.0  1.28900865
379.5  1.29684217
380.0  1.30458769
380.5  1.31214996
381.0  1.31849032
381.5  1.32333354
382.0  1.32551889
382.5  1.32220045
383.0  1.31336457
383.5  1.30033349
384.0  1.28423694
384.5  1.26783221
385.0  1.25258954
385.5  1.23843451
386.0  1.22603309
386.5  1.21638689
387.0  1.21096095
387.5  1.21026606
388.0  1.21454844
388.5  1.22351225
389.0  1.23601995
389.5  1.25185159
390.0  1.27103976
390.5  1.29329368
391.0  1.31734320
391.5  1.34192305
392.0  1.36478811
392.5  1.38302246
393.0  1.39470057
393.5  1.39893843
394.0  1.39679643
394.5  1.39000286
395.0  1.37961571
395.5  1.36772196
396.0  1.35418563
396.5  1.33972097
397.0  1.32439720
397.5  1.30903182
398.0  1.29568099
398.5  1.28312232
399.0  1.27142352
399.5  1.26186797
400.0  1.25549451
400.5  1.25270125
401.0  1.25433297
401.5  1.26144433
402.0  1.27274768
402.5  1.28696191
403.0  1.30043827
403.5  1.31058335
404.0  1.31752626
404.5  1.34044566
405.0  1.34014891
405.5  1.36979315
406.0  1.36894778
406.5  1.39869540
407.0  1.40004324
407.5  1.42080233
408.0  1.42261208
408.5  1.43130639
409.0  1.42929398
409.5  1.42390620
410.0  1.41260883
410.5  1.39503428
411.0  1.37383420
411.5  1.35493101
412.0  1.33131614
412.5  1.32010185
413.0  1.29691168
413.5  1.29512253
414.0  1.27047666
414.5  1.27191734
415.0  1.24894676
415.5  1.25598489
416.0  1.24527937
416.5  1.25632676
417.0  1.26403318
417.5  1.27619813
418.0  1.30022404
418.5  1.31233158
419.0  1.34830374
419.5  1.35765894
420.0  1.39084745
420.5  1.39257349
421.0  1.41176971
421.5  1.40378523
422.0  1.40688651
422.5  1.39591630
423.0  1.38937286
423.5  1.37843192
424.0  1.36462679
424.5  1.34880640
425.0  1.33074984
425.5  1.31068181
426.0  1.29643358
426.5  1.27538067
427.0  1.27483718
427.5  1.25575477
428.0  1.26485019
428.5  1.24728515
429.0  1.26462505
429.5  1.25505762
430.0  1.27483470
430.5  1.27809202
431.0  1.29418792
431.5  1.30856484
432.0  1.31861308
432.5  1.34486762
433.0  1.35400759
433.5  1.38673417
434.0  1.39553126
434.5  1.42228370
435.0  1.42564359
435.5  1.43662473
436.0  1.43337464
436.5  1.43219764
437.0  1.42751762
437.5  1.42103305
438.0  1.41403166
438.5  1.40367564
439.0  1.38871323
439.5  1.37691332
440.0  1.35234902
440.5  1.34133125
441.0  1.30801814
441.5  1.30119269
442.0  1.26690200
442.5  1.26896309
443.0  1.24806242
443.5  1.26482236
444.0  1.26504008
444.5  1.28791743
445.0  1.30327873
445.5  1.32003151
446.0  1.33848648
446.5  1.34409400
447.0  1.36325835
447.5  1.36645281
448.0  1.38663532
448.5  1.39201884
449.0  1.40906186
449.5  1.41642186
450.0  1.42482112
450.5  1.42719963
451.0  1.42112621
451.5  1.41023071
452.0  1.38747307
452.5  1.36156583
453.0  1.33450876
453.5  1.30665295
454.0  1.29402823
454.5  1.27512998
455.0  1.28214463
455.5  1.27026706
456.0  1.28566333
456.5  1.27306409
457.0  1.28575528
457.5  1.27608344
458.0  1.28533184
458.5  1.28508858
459.0  1.29125666
459.5  1.30197613
460.0  1.30838235
460.5  1.32873191
461.0  1.33834743
461.5  1.36156900
462.0  1.37118179
462.5  1.38615011
463.0  1.38884670
463.5  1.39121716
464.0  1.39131070
464.5  1.38949034
465.0  1.38980056
465.5  1.38892403
466.0  1.38708213
466.5  1.38323837
467.0  1.36854822
467.5  1.36033802
468.0  1.33596793
468.5  1.32976214
469.0  1.30398337
469.5  1.30129999
470.0  1.28008176
470.5  1.28106712
471.0  1.27028483
471.5  1.27334787
472.0  1.27253321
472.5  1.27655539
473.0  1.28333999
473.5  1.28537106
474.0  1.29691150
474.5  1.30284209
475.0  1.32114926
475.5  1.33297590
476.0  1.35315652
476.5  1.36659506
477.0  1.37740992
477.5  1.38383199
478.0  1.38417628
478.5  1.38245875
479.0  1.37791978
479.5  1.37135236
480.0  1.36691029
480.5  1.35696637
481.0  1.35712267
481.5  1.34540078
482.0  1.34895025
482.5  1.33770779
483.0  1.34125572
483.5  1.33055959
484.0  1.33024134
484.5  1.32523123
485.0  1.32693586
485.5  1.33349099
486.0  1.33900384
486.5  1.35301934
487.0  1.35814650
487.5  1.36765439
488.0  1.36449389
488.5  1.36532469
489.0  1.35915992
489.5  1.35559938
490.0  1.35261687
490.5  1.35314805
491.0  1.35498788
491.5  1.35937611
492.0  1.36571214
492.5  1.37271285
493.0  1.37435633
493.5  1.37694499
494.0  1.37040069
494.5  1.36590718
495.0  1.35333651
495.5  1.35000804
496.0  1.34435822
496.5  1.34698177
497.0  1.34844674
497.5  1.35169969
498.0  1.35301772
498.5  1.34908385
499.0  1.34581778
499.5  1.33583469
500.0  1.33168343
500.5  1.32220811
501.0  1.32043002
501.5  1.31789815
502.0  1.32401028
502.5  1.33114102
503.0  1.34110154
503.5  1.35097389
504.0  1.35846778
504.5  1.36005996
505.0  1.35507349
505.5  1.34669425
506.0  1.33661475
506.5  1.32618252
507.0  1.31732428
507.5  1.31116968
508.0  1.30578887
508.5  1.29983637
509.0  1.29472938
509.5  1.29069768
510.0  1.28797326
510.5  1.28638763
511.0  1.28722055
511.5  1.28969841
512.0  1.29524602
512.5  1.30371510
513.0  1.31598063
513.5  1.33143592
514.0  1.34851972
514.5  1.36550038
515.0  1.37969842
515.5  1.39019729
516.0  1.39754112
516.5  1.40332630
517.0  1.40767063
517.5  1.40973611
518.0  1.40832467
518.5  1.40429008
519.0  1.39610213
519.5  1.38347164
520.0  1.36862771
520.5  1.35437030
521.0  1.34101423
521.5  1.32862207
522.0  1.31800998
522.5  1.31159156
523.0  1.30838692
523.5  1.30804826
524.0  1.31026518
524.5  1.31273862
525.0  1.31316210
525.5  1.31143407
526.0  1.30845449
526.5  1.30623743
527.0  1.30684782
527.5  1.31084175
528.0  1.31736528
528.5  1.32522719
529.0  1.33260819
529.5  1.33777934
530.0  1.33996032
530.5  1.34159337
531.0  1.34364402
531.5  1.34564098
532.0  1.35023866
532.5  1.35666187
533.0  1.36493567
533.5  1.37537511
534.0  1.38830634
534.5  1.40039284
535.0  1.40878424
535.5  1.41120451
536.0  1.40657230
536.5  1.39482911
537.0  1.38116183
537.5  1.36832238
538.0  1.36015539
538.5  1.35733914
539.0  1.35783424
539.5  1.36071301
540.0  1.36482322
540.5  1.36829561
541.0  1.37053685
541.5  1.37216575
542.0  1.37361591
542.5  1.37421375
543.0  1.37287873
543.5  1.37036641
544.0  1.36881376
544.5  1.36824797
545.0  1.36658659
545.5  1.36208660
546.0  1.35350003
546.5  1.34002677
547.0  1.32253585
547.5  1.30480844
548.0  1.29026329
548.5  1.28208956
549.0  1.28039604
549.5  1.28424398
550.0  1.29242428
550.5  1.30292712
551.0  1.31335226
551.5  1.32246465
552.0  1.33101555
552.5  1.33772193
553.0  1.34106494
553.5  1.34143414
554.0  1.34129426
554.5  1.34215264
555.0  1.34467748
555.5  1.34819436
556.0  1.35314382
556.5  1.35616656
557.0  1.35591540
557.5  1.35416415
558.0  1.35265094
558.5  1.35286130
559.0  1.35661547
559.5  1.36449564
560.0  1.37466791
560.5  1.38479517
561.0  1.39318537
561.5  1.39827714
562.0  1.40069679
562.5  1.40048041
563.0  1.39961032
563.5  1.39587366
564.0  1.39119758
564.5  1.38779393
565.0  1.38915754
565.5  1.39378059
566.0  1.40297709
566.5  1.41496645
567.0  1.42736241
567.5  1.43701186
568.0  1.44419496
568.5  1.45034158
569.0  1.45469358
569.5  1.45726561
570.0  1.45650420
570.5  1.45214309
571.0  1.44002579
571.5  1.42077603
572.0  1.39319778
572.5  1.36235090
573.0  1.33078169
573.5  1.29957300
574.0  1.27175283
574.5  1.24902798
575.0  1.23632861
575.5  1.23379358
576.0  1.23963829
576.5  1.25225581
577.0  1.26911474
577.5  1.28739712
578.0  1.30168802
578.5  1.31342245
579.0  1.32424251
579.5  1.33471795
580.0  1.34756561
580.5  1.36212691
581.0  1.37715233
581.5  1.38908198
582.0  1.39788708
582.5  1.40235261
583.0  1.40347993
583.5  1.40227913
584.0  1.39886160
584.5  1.39431874
585.0  1.39065104
585.5  1.38861771
586.0  1.39043229
586.5  1.39606816
587.0  1.40397345
587.5  1.41002545
588.0  1.41216319
588.5  1.40860980
589.0  1.39914820
589.5  1.38667260
590.0  1.37418554
590.5  1.36527238
591.0  1.36252132
591.5  1.36393223
592.0  1.36950406
592.5  1.37656173
593.0  1.38533261
593.5  1.39560132
594.0  1.40764014
594.5  1.42044169
595.0  1.43283787
595.5  1.44553351
596.0  1.45702742
596.5  1.46861961
597.0  1.47803374
597.5  1.48336340
598.0  1.48177714
598.5  1.47080657
599.0  1.44889060
599.5  1.41720043
600.0  1.38063965
600.5  1.34160040
601.0  1.30457487
601.5  1.27120300
602.0  1.24304245
602.5  1.22067082
603.0  1.20226276
603.5  1.18726860
604.0  1.17650709
604.5  1.17036382
605.0  1.16892216
605.5  1.17217903
606.0  1.18065550
606.5  1.19607202
607.0  1.21840072
607.5  1.24651030
608.0  1.27631858
608.5  1.30453887
609.0  1.32686571
609.5  1.34258738
610.0  1.35331891
610.5  1.36166108
611.0  1.36936072
611.5  1.38023599
612.0  1.39288231
612.5  1.40612509
613.0  1.41677309
613.5  1.42388505
614.0  1.42576544
614.5  1.42238323
615.0  1.41323032
615.5  1.40026446
616.0  1.38525105
616.5  1.37105668
617.0  1.35962332
617.5  1.35306201
618.0  1.35232627
618.5  1.35518487
619.0  1.35910414
619.5  1.36122177
620.0  1.36102643
620.5  1.35963567
621.0  1.36064227
621.5  1.36544954
622.0  1.37696530
622.5  1.39243581
623.0  1.41026441
623.5  1.42647883
624.0  1.43757443
624.5  1.44222972
625.0  1.43929570
625.5  1.42805859
626.0  1.41010100
626.5  1.38984664
627.0  1.37035363
627.5  1.35375669
628.0  1.34185559
628.5  1.33383019
629.0  1.32857379
629.5  1.32248344
630.0  1.31291192
630.5  1.29825299
631.0  1.28169690
631.5  1.26590728
632.0  1.25422435
632.5  1.24924845
633.0  1.25043782
633.5  1.25817055
634.0  1.26819101
634.5  1.27891585
635.0  1.28913584
635.5  1.29635398
636.0  1.29972106
636.5  1.30227920
637.0  1.30536355
637.5  1.31080297
638.0  1.31973755
638.5  1.33345284
639.0  1.35031527
639.5  1.36612363
640.0  1.37550293
640.5  1.37521826
641.0  1.35256989
641.5  1.33634235
642.0  1.31241682
642.5  1.29073226
643.0  1.27749045
643.5  1.26564405
644.0  1.26849490
644.5  1.26413280
645.0  1.27253214
645.5  1.27318207
646.0  1.28161764
646.5  1.28559769
647.0  1.29409736
647.5  1.30494944
648.0  1.32028422
648.5  1.34350529
649.0  1.37235609
649.5  1.40337276
650.0  1.43598635
650.5  1.45609615
651.0  1.47541262
651.5  1.47364383
652.0  1.47392917
652.5  1.45600112
653.0  1.44951937
653.5  1.43033693
654.0  1.42011754
654.5  1.40404385
655.0  1.39035881
655.5  1.37203942
656.0  1.34928526
656.5  1.32632397
657.0  1.29361026
657.5  1.26665837
658.0  1.23604507
658.5  1.21688719
659.0  1.20271709
659.5  1.20179416
660.0  1.21141116
660.5  1.22894663
661.0  1.25174134
661.5  1.27307990
662.0  1.29338847
662.5  1.31295755
663.0  1.33305762
663.5  1.35739175
664.0  1.38218586
664.5  1.41160099
665.0  1.43665648
665.5  1.46312805
666.0  1.47848535
666.5  1.49005102
667.0  1.48773578
667.5  1.47774544
668.0  1.45813911
668.5  1.43176426
669.0  1.40336090
669.5  1.37371886
670.0  1.35162696
670.5  1.33171172
671.0  1.31643975
671.5  1.29965172
672.0  1.28443162
672.5  1.26917875
673.0  1.25658425
673.5  1.24922844
674.0  1.24966107
674.5  1.25850865
675.0  1.27692273
675.5  1.30023074
676.0  1.32693087
676.5  1.35524791
677.0  1.38190949
677.5  1.40789255
678.0  1.42778388
678.5  1.44418811
679.0  1.45325188
679.5  1.46164637
680.0  1.46579926
680.5  1.46818604
681.0  1.46861717
681.5  1.46294445
682.0  1.45204399
682.5  1.43080776
683.0  1.40566872
683.5  1.37500545
684.0  1.34602421
684.5  1.31840252
685.0  1.29596107
685.5  1.27727196
686.0  1.25956999
686.5  1.24795964
687.0  1.23785469
687.5  1.22900159
688.0  1.22436308
688.5  1.22235982
689.0  1.22927508
689.5  1.23536949
690.0  1.25825339
690.5  1.28092587
691.0  1.31588079
691.5  1.34435717
692.0  1.38042250
692.5  1.40408362
693.0  1.42236720
693.5  1.43148534
694.0  1.43441105
694.5  1.43633723
695.0  1.43225592
695.5  1.43317736
696.0  1.42600099
696.5  1.41975679
697.0  1.40397785
697.5  1.38488177
698.0  1.35885271
698.5  1.33081766
699.0  1.30346119
699.5  1.27819819
700.0  1.25927624
700.5  1.25013843
701.0  1.25178650
701.5  1.26718835
702.0  1.28319410
702.5  1.31322269
703.0  1.33131254
703.5  1.35899615
704.0  1.36781518
704.5  1.39080492
705.0  1.39950974
705.5  1.42287820
706.0  1.43669790
706.5  1.45483452
707.0  1.46960433
707.5  1.47621420
708.0  1.48055534
708.5  1.46720222
709.0  1.45841341
709.5  1.43175144
710.0  1.41148937
710.5  1.38142325
711.0  1.36136247
711.5  1.34196097
712.0  1.32863935
712.5  1.32014669
713.0  1.31183823
713.5  1.30451648
714.0  1.29563177
714.5  1.28498318
715.0  1.28394446
715.5  1.27692121
716.0  1.28981440
716.5  1.29295039
717.0  1.31892467
717.5  1.32560300
718.0  1.35288299
718.5  1.36047533
719.0  1.37913679
719.5  1.38689295
720.0  1.39544871
720.5  1.40532008
721.0  1.40430691
721.5  1.41869444
722.0  1.41714765
722.5  1.43401834
723.0  1.43215432
723.5  1.44069743
724.0  1.42861879
724.5  1.41785321
725.0  1.39688283
725.5  1.37877041
726.0  1.35868877
726.5  1.34542192
727.0  1.33628090
727.5  1.33292530
728.0  1.32906080
728.5  1.33239988
729.0  1.32110666
729.5  1.32688719
730.0  1.31324789
730.5  1.32922669
731.0  1.32249457
731.5  1.34689563
732.0  1.35513983
732.5  1.38588646
733.0  1.40612272
733.5  1.42816642
734.0  1.44477209
734.5  1.44366962
735.0  1.44396223
735.5  1.42166393
736.0  1.40927002
736.5  1.38195505
737.0  1.37125819
737.5  1.35338248
738.0  1.34359078
738.5  1.33020212
739.0  1.31580746
739.5  1.29882019
740.0  1.27663926
740.5  1.26008696
741.0  1.24383028
741.5  1.23280653
742.0  1.23517103
742.5  1.23722586
743.0  1.26393163
743.5  1.27564202
744.0  1.31830086
744.5  1.32945358
745.0  1.36789211
745.5  1.37179469
746.0  1.39673413
746.5  1.40179051
747.0  1.42029603
747.5  1.43836514
748.0  1.45428406
748.5  1.47805693
749.0  1.48446814
749.5  1.49623919
750.0  1.48641154
750.5  1.48048124
751.0  1.45696279
751.5  1.43260565
752.0  1.40437253
752.5  1.37635343
753.0  1.35583452
753.5  1.33276562
754.0  1.32232770
754.5  1.30878845
755.0  1.29946408
755.5  1.28825604
756.0  1.27416817
756.5  1.27330732
757.0  1.25998111
757.5  1.28006333
758.0  1.27895741
758.5  1.31925534
759.0  1.32988518
759.5  1.37858012
760.0  1.39291722
760.5  1.42938745
761.0  1.44149872
761.5  1.46278074
762.0  1.47021916
762.5  1.47453105
763.0  1.47966467
763.5  1.47569105
764.0  1.47660680
764.5  1.46804426
765.0  1.45685263
765.5  1.43960496
766.0  1.41199915
766.5  1.38756598
767.0  1.34829353
767.5  1.32789351
768.0  1.29684363
768.5  1.29149245
769.0  1.27613408
769.5  1.27546524
770.0  1.27166764
770.5  1.26449919
771.0  1.27017887
771.5  1.25767843
772.0  1.27114343
772.5  1.26188160
773.0  1.29158154
773.5  1.29419501
774.0  1.33458898
774.5  1.35602274
775.0  1.39546533
775.5  1.41715301
776.0  1.43714237
776.5  1.44709937
777.0  1.44615978
777.5  1.44172565
778.0  1.43464757
778.5  1.43026633
779.0  1.43200965
779.5  1.42660139
780.0  1.43073422
780.5  1.41442643
781.0  1.40914579
781.5  1.37450306
782.0  1.35775909
782.5  1.31401981
783.0  1.29335860
783.5  1.26349106
784.0  1.25447113
784.5  1.25447431
785.0  1.26128788
785.5  1.28870894
786.0  1.29816896
786.5  1.32667326
787.0  1.32497497
787.5  1.34410422
788.0  1.33697788
788.5  1.35490507
789.0  1.35794711
789.5  1.37873162
790.0  1.39392456
790.5  1.41587802
791.0  1.43038884
791.5  1.43640982
792.0  1.43272666
792.5  1.42015790
793.0  1.39442614
793.5  1.37074794
794.0  1.33858034
794.5  1.32864654
795.0  1.30549421
795.5  1.31484726
796.0  1.30750813
796.5  1.32795590
797.0  1.32445220
797.5  1.33284852
798.0  1.32474860
798.5  1.31796907
799.0  1.32001936
799.5  1.31705962
800.0  1.33818745
800.5  1.34466633
801.0  1.37677337
801.5  1.38769787
802.0  1.41185876
802.5  1.41707042
803.0  1.42792304
803.5  1.42535650
804.0  1.42134096
804.5  1.41526399
805.0  1.41262006
805.5  1.41152488
806.0  1.41697043
806.5  1.41868397
807.0  1.42308835
807.5  1.40932946
808.0  1.40146531
808.5  1.36924039
809.0  1.35830188
809.5  1.32471849
810.0  1.32233140
810.5  1.30831284
811.0  1.32001702
811.5  1.32424333
812.0  1.33648275
812.5  1.34826639
813.0  1.35096333
813.5  1.36064624
814.0  1.35402619
814.5  1.36207039
815.0  1.35656358
815.5  1.37064206
816.0  1.37845196
816.5  1.39936424
817.0  1.41723069
817.5  1.43366960
818.0  1.43905474
818.5  1.43404644
819.0  1.41752374
819.5  1.39541138
820.0  1.37130526
820.5  1.35792306
821.0  1.33787055
821.5  1.33330663
822.0  1.31832442
822.5  1.31928164
823.0  1.30213501
823.5  1.29794892
824.0  1.27877444
824.5  1.26745626
825.0  1.25592710
825.5  1.24916440
826.0  1.25686465
826.5  1.26792637
827.0  1.29840425
827.5  1.32060227
828.0  1.35317845
828.5  1.37066795
829.0  1.38890908
829.5  1.39187358
830.0  1.39415290
830.5  1.39452752
831.0  1.39982147
831.5  1.40782998
832.0  1.41895613
832.5  1.42923752
833.0  1.43662078
833.5  1.43341546
834.0  1.42552013
834.5  1.40478330
835.0  1.38460407
835.5  1.35283190
836.0  1.33248599
836.5  1.31132205
837.0  1.30367821
837.5  1.29850605
838.0  1.30037173
838.5  1.30270634
839.0  1.30018094
839.5  1.29732583
840.0  1.28682792
840.5  1.28487510
841.0  1.27910917
841.5  1.28943262
842.0  1.30224938
842.5  1.33039600
843.0  1.35355720
843.5  1.37949286
844.0  1.40151716
844.5  1.41754676
845.0  1.42592025
845.5  1.42774882
846.0  1.42692280
846.5  1.42225902
847.0  1.41905630
847.5  1.41575170
848.0  1.41359113
848.5  1.40848379
849.0  1.39710945
849.5  1.37978866
850.0  1.35644146
850.5  1.33258120
851.0  1.31105470
851.5  1.29526663
852.0  1.28938605
852.5  1.29167291
853.0  1.30276253
853.5  1.31201896
854.0  1.32717304
854.5  1.33615785
855.0  1.34605337
855.5  1.34938501
856.0  1.35631221
856.5  1.36356959
857.0  1.37778177
857.5  1.39525232
858.0  1.41452204
858.5  1.43681506
859.0  1.44842005
859.5  1.45394227
860.0  1.44350427
860.5  1.42871060
861.0  1.40247088
861.5  1.38154022
862.0  1.36438408
862.5  1.35786035
863.0  1.35546911
863.5  1.35952487
864.0  1.36316499
864.5  1.36170303
865.0  1.35256060
865.5  1.33411350
866.0  1.31407575
866.5  1.29373022
867.0  1.27678146
867.5  1.26965694
868.0  1.27515520
868.5  1.29427771
869.0  1.31639499
869.5  1.33841302
870.0  1.35504507
870.5  1.36440187
871.0  1.36198202
871.5  1.35252393
872.0  1.34844319
872.5  1.34694906
873.0  1.35898532
873.5  1.36892721
874.0  1.39581867
874.5  1.40969688
875.0  1.42451236
875.5  1.42343965
876.0  1.41580239
876.5  1.39588870
877.0  1.36972792
877.5  1.34802059
878.0  1.32659543
878.5  1.32364923
879.0  1.32348301
879.5  1.33782412
880.0  1.34800122
880.5  1.35976385
881.0  1.35818331
881.5  1.35244795
882.0  1.34315271
882.5  1.33571504
883.0  1.33613195
883.5  1.34592490
884.0  1.36346703
884.5  1.38930319
885.0  1.40724404
885.5  1.42870656
886.0  1.42736886
886.5  1.43059865
887.0  1.40852186
887.5  1.39753005
888.0  1.37132059
888.5  1.36332906
889.0  1.35465593
889.5  1.35712124
890.0  1.36680778
890.5  1.37235446
891.0  1.38030500
891.5  1.37061153
892.0  1.36774562
892.5  1.34824199
893.0  1.34395002
893.5  1.33692693
894.0  1.34692585
894.5  1.36111251
895.0  1.38380138
895.5  1.40585934
896.0  1.42244840
896.5  1.43049628
897.0  1.42962202
897.5  1.41485251
898.0  1.40239752
898.5  1.38123029
899.0  1.38226801
899.5  1.37110085
900.0  1.38876760
900.5  1.38961295
901.0  1.40619250
901.5  1.39926223
902.0  1.39424036
902.5  1.37883434
903.0  1.35347356
903.5  1.34035870
904.0  1.32403127
904.5  1.33295621
905.0  1.33346576
905.5  1.35643653
906.0  1.36580345
906.5  1.38182722
907.0  1.38316457
907.5  1.37986415
908.0  1.37112108
908.5  1.36073224
909.0  1.35529569
909.5  1.35900534
910.0  1.37278751
910.5  1.39679311
911.0  1.41544764
911.5  1.44103215
912.0  1.43987194
912.5  1.44638372
913.0  1.41708071
913.5  1.40399645
914.0  1.36612070
914.5  1.35599152
915.0  1.33764424
915.5  1.33931240
916.0  1.34069621
916.5  1.34159159
917.0  1.34728745
917.5  1.33561154
918.0  1.33323771
918.5  1.30784857
919.0  1.30037275
919.5  1.28200237
920.0  1.28321933
920.5  1.28538786
921.0  1.30709389
921.5  1.32912167
922.0  1.34965136
922.5  1.36871563
923.0  1.37709089
923.5  1.37774995
924.0  1.37253677
924.5  1.36788312
925.0  1.37358603
925.5  1.37358220
926.0  1.39767656
926.5  1.39915452
927.0  1.42420553
927.5  1.41415533
928.0  1.42654468
928.5  1.40300443
929.0  1.39673412
929.5  1.37537695
930.0  1.36715774
930.5  1.36592017
931.0  1.36590832
931.5  1.38343277
932.0  1.38904672
932.5  1.40601506
933.0  1.39933350
933.5  1.39565240
934.0  1.37881478
934.5  1.36370641
935.0  1.35187733
935.5  1.34458219
936.0  1.35276908
936.5  1.36303233
937.0  1.38296780
937.5  1.39531755
938.0  1.40008278
938.5  1.39964522
939.0  1.38121160
939.5  1.37553983
940.0  1.34751247
940.5  1.35201744
941.0  1.33299830
941.5  1.35788651
942.0  1.35796109
942.5  1.38951929
943.0  1.38933331
943.5  1.39757786
944.0  1.38490802
944.5  1.37020316
945.0  1.35396272
945.5  1.33939615
946.0  1.34280796
946.5  1.35099362
947.0  1.37445329
947.5  1.39586526
948.0  1.41625550
948.5  1.43107059
949.0  1.42826106
949.5  1.42592237
950.0  1.40593030
950.5  1.39923658
951.0  1.38237307
951.5  1.38560008
952.0  1.39194372
952.5  1.40789066
953.0  1.42596772
953.5  1.42483601
954.0  1.43021974
954.5  1.39719925
955.0  1.38030263
955.5  1.33212796
956.0  1.32113695
956.5  1.29448166
957.0  1.30181208
957.5  1.30629776
958.0  1.32998787
958.5  1.34685252
959.0  1.35688153
959.5  1.36409977
960.0  1.36044554
960.5  1.35565270
961.0  1.34200096
961.5  1.33559817
962.0  1.34348532
962.5  1.35260654
963.0  1.37739863
963.5  1.39130202
964.0  1.41676807
964.5  1.41458298
965.0  1.41189250
965.5  1.38674494
966.0  1.36766220
966.5  1.35001762
967.0  1.33804857
967.5  1.34671276
968.0  1.34831362
968.5  1.37361755
969.0  1.37263254
969.5  1.38809223
970.0  1.37146403
970.5  1.36771236
971.0  1.34015804
971.5  1.32521103
972.0  1.30492314
972.5  1.30032364
973.0  1.30307912
973.5  1.31714110
974.0  1.33610305
974.5  1.35222330
975.0  1.35873357
975.5  1.35950919
976.0  1.34789841
976.5  1.34408654
977.0  1.33424321
977.5  1.35063969
978.0  1.36290245
978.5  1.39898579
979.0  1.42214151
979.5  1.45205336
980.0  1.46644664
980.5  1.46704023
981.0  1.46122940
981.5  1.43501988
982.0  1.42129069
982.5  1.38948092
983.0  1.38266320
983.5  1.36549985
984.0  1.37335626
984.5  1.36896242
985.0  1.37085297
985.5  1.35941939
986.0  1.34277876
986.5  1.31995815
987.0  1.29693663
987.5  1.28241686
988.0  1.28294915
988.5  1.29547383
989.0  1.32421092
989.5  1.35180887
990.0  1.38920598
990.5  1.40981851
991.0  1.43190511
991.5  1.43082079
992.0  1.43304530
992.5  1.42321972
993.0  1.41738914
993.5  1.41638099
994.0  1.41759277
994.5  1.43099784
995.0  1.43073851
995.5  1.43765696
996.0  1.41743871
996.5  1.39998514
997.0  1.35879674
997.5  1.32939813
998.0  1.29285327
998.5  1.27561015
999.0  1.26494257
999.5  1.26871171
1000.0  1.27656843
