0.0  0.239501  1.351168  1.590668
0.5  0.258708  1.331899  1.590608
1.0  0.281321  1.309208  1.590528
1.5  0.305425  1.285000  1.590425
2.0  0.329527  1.260940  1.590466
2.5  0.352513  1.237984  1.590498
3.0  0.373443  1.217090  1.590533
3.5  0.391413  1.199037  1.590450
4.0  0.405660  1.184753  1.590413
4.5  0.415836  1.174586  1.590422
5.0  0.422227  1.168289  1.590516
5.5  0.425619  1.164880  1.590499
6.0  0.426745  1.163767  1.590512
6.5  0.425617  1.164965  1.590582
7.0  0.421265  1.169181  1.590446
7.5  0.412173  1.178287  1.590460
8.0  0.397238  1.193183  1.590420
8.5  0.376634  1.213915  1.590549
9.0  0.352010  1.238831  1.590842
9.5  0.325930  1.265055  1.590984
10.0  0.300961  1.290054  1.591015
10.5  0.279044  1.312038  1.591083
11.0  0.261403  1.329740  1.591143
11.5  0.248859  1.342304  1.591163
12.0  0.242118  1.349133  1.591251
12.5  0.241781  1.349491  1.591272
13.0  0.248076  1.343304  1.591381
13.5  0.260566  1.330641  1.591208
14.0  0.278072  1.313114  1.591187
14.5  0.298922  1.292132  1.591054
15.0  0.321452  1.269504  1.590957
15.5  0.344478  1.246459  1.590938
16.0  0.367392  1.223517  1.590909
16.5  0.389778  1.201189  1.590968
17.0  0.410820  1.179936  1.590755
17.5  0.428993  1.161666  1.590659
18.0  0.442380  1.148122  1.590502
18.5  0.449434  1.141211  1.590646
19.0  0.449650  1.141396  1.591046
19.5  0.443650  1.147435  1.591085
20.0  0.432638  1.158332  1.590969
20.5  0.417672  1.173264  1.590937
21.0  0.399308  1.191813  1.591121
21.5  0.377803  1.213336  1.591139
22.0  0.353644  1.237456  1.591100
22.5  0.327935  1.263186  1.591121
23.0  0.302359  1.289059  1.591418
23.5  0.278784  1.312690  1.591475
24.0  0.258744  1.332759  1.591504
24.5  0.243106  1.348592  1.591698
25.0  0.232084  1.359584  1.591668
25.5  0.225576  1.366345  1.591921
26.0  0.223554  1.368110  1.591664
26.5  0.226172  1.365715  1.591888
27.0  0.233474  1.358411  1.591885
27.5  0.244944  1.346778  1.591722
28.0  0.259367  1.332179  1.591545
28.5  0.275237  1.316169  1.591406
29.0  0.291485  1.299931  1.591416
29.5  0.307945  1.283688  1.591633
30.0  0.325128  1.266784  1.591912
30.5  0.343408  1.248472  1.591880
31.0  0.362189  1.229407  1.591596
31.5  0.379683  1.211832  1.591515
32.0  0.393449  1.197859  1.591308
32.5  0.401346  1.189884  1.591230
33.0  0.402309  1.189059  1.591367
33.5  0.396591  1.194880  1.591471
34.0  0.385465  1.205994  1.591460
34.5  0.370639  1.220912  1.591551
35.0  0.353718  1.237860  1.591578
35.5  0.335965  1.255733  1.591698
36.0  0.318412  1.273359  1.591772
36.5  0.302090  1.289543  1.591633
37.0  0.288048  1.303679  1.591727
37.5  0.277026  1.314641  1.591667
38.0  0.269042  1.322689  1.591730
38.5  0.263357  1.328096  1.591453
39.0  0.259064  1.332413  1.591477
39.5  0.255983  1.335477  1.591460
40.0  0.255231  1.336493  1.591724
40.5  0.258926  1.332905  1.591831
41.0  0.269100  1.322815  1.591914
41.5  0.286472  1.305332  1.591804
42.0  0.309850  1.281828  1.591678
42.5  0.336469  1.254993  1.591462
43.0  0.362971  1.228360  1.591330
43.5  0.386421  1.204814  1.591235
44.0  0.404920  1.186022  1.590943
44.5  0.417719  1.173309  1.591028
45.0  0.424975  1.166203  1.591178
45.5  0.427379  1.163723  1.591103
46.0  0.425849  1.165341  1.591191
46.5  0.421386  1.169876  1.591262
47.0  0.415005  1.176386  1.591391
47.5  0.407553  1.184077  1.591630
48.0  0.399320  1.192411  1.591731
48.5  0.389694  1.201917  1.591611
49.0  0.377256  1.214499  1.591755
49.5  0.360526  1.231059  1.591585
50.0  0.339043  1.252785  1.591828
50.5  0.314112  1.277946  1.592058
51.0  0.288638  1.303571  1.592210
51.5  0.266077  1.326276  1.592353
52.0  0.249120  1.343404  1.592524
52.5  0.238902  1.353440  1.592342
53.0  0.235063  1.357070  1.592134
53.5  0.236402  1.355897  1.592299
54.0  0.241564  1.350491  1.592055
54.5  0.249416  1.342595  1.592011
55.0  0.259100  1.332744  1.591844
55.5  0.269967  1.321741  1.591708
56.0  0.281578  1.310333  1.591911
56.5  0.293794  1.298055  1.591849
57.0  0.306887  1.284801  1.591688
57.5  0.321487  1.270103  1.591590
58.0  0.338214  1.253528  1.591742
58.5  0.357064  1.234854  1.591918
59.0  0.376921  1.214797  1.591718
59.5  0.395613  1.195955  1.591568
60.0  0.410683  1.181014  1.591697
60.5  0.420474  1.171521  1.591996
61.0  0.424856  1.166921  1.591777
61.5  0.425073  1.166702  1.591775
62.0  0.422818  1.168840  1.591659
62.5  0.419157  1.172630  1.591786
63.0  0.413992  1.177735  1.591727
63.5  0.406348  1.185430  1.591778
64.0  0.395138  1.196254  1.591392
64.5  0.379891  1.211544  1.591435
65.0  0.361072  1.230599  1.591671
65.5  0.339978  1.251835  1.591813
66.0  0.318378  1.273358  1.591736
66.5  0.298128  1.293463  1.591590
67.0  0.280893  1.310737  1.591630
67.5  0.268035  1.323791  1.591826
68.0  0.260562  1.331593  1.592156
68.5  0.258990  1.333101  1.592091
69.0  0.263085  1.328845  1.591930
69.5  0.271689  1.320279  1.591968
70.0  0.282931  1.308983  1.591914
70.5  0.294931  1.296899  1.591830
71.0  0.306672  1.285275  1.591946
71.5  0.318438  1.273654  1.592092
72.0  0.331422  1.260788  1.592210
72.5  0.346652  1.245756  1.592407
73.0  0.363901  1.228412  1.592314
73.5  0.381310  1.210787  1.592097
74.0  0.395924  1.196315  1.592239
74.5  0.404787  1.187425  1.592212
75.0  0.405954  1.186332  1.592285
75.5  0.399014  1.193099  1.592113
76.0  0.385035  1.207445  1.592481
76.5  0.366114  1.226591  1.592705
77.0  0.344776  1.248448  1.593224
77.5  0.323461  1.269673  1.593134
78.0  0.304200  1.288769  1.592969
78.5  0.288442  1.304492  1.592934
79.0  0.276903  1.316075  1.592979
79.5  0.269403  1.324117  1.593520
80.0  0.264854  1.328495  1.593349
80.5  0.261651  1.331498  1.593150
81.0  0.258466  1.334743  1.593209
81.5  0.255108  1.338172  1.593279
82.0  0.252863  1.340719  1.593581
82.5  0.253968  1.339643  1.593611
83.0  0.260415  1.333102  1.593517
83.5  0.272756  1.321066  1.593823
84.0  0.289632  1.303912  1.593544
84.5  0.308213  1.285195  1.593407
85.0  0.325242  1.268193  1.593435
85.5  0.338114  1.254749  1.592863
86.0  0.345584  1.247687  1.593270
86.5  0.347948  1.245056  1.593004
87.0  0.346768  1.246269  1.593038
87.5  0.344284  1.248800  1.593084
88.0  0.342742  1.250257  1.592999
88.5  0.343851  1.249252  1.593102
89.0  0.348434  1.244562  1.592996
89.5  0.356238  1.236716  1.592954
90.0  0.365879  1.226752  1.592631
90.5  0.375028  1.217366  1.592394
91.0  0.381007  1.210965  1.591972
91.5  0.381733  1.210360  1.592093
92.0  0.376650  1.215571  1.592221
92.5  0.367116  1.225190  1.592305
93.0  0.355930  1.236429  1.592359
93.5  0.346187  1.246356  1.592543
94.0  0.340052  1.252915  1.592968
94.5  0.338082  1.254614  1.592696
95.0  0.339303  1.253293  1.592597
95.5  0.341858  1.250276  1.592134
96.0  0.343791  1.248473  1.592263
96.5  0.343707  1.248462  1.592169
97.0  0.341141  1.251013  1.592154
97.5  0.336629  1.256002  1.592631
98.0  0.331496  1.261271  1.592766
98.5  0.327476  1.265387  1.592864
99.0  0.326268  1.266763  1.593031
99.5  0.329085  1.263946  1.593030
100.0  0.336230  1.256584  1.592814
100.5  0.346783  1.245836  1.592620
101.0  0.358604  1.233909  1.592513
101.5  0.368844  1.223587  1.592431
102.0  0.374905  1.217363  1.592268
102.5  0.375413  1.216802  1.592215
103.0  0.370685  1.221932  1.592617
103.5  0.362383  1.230187  1.592569
104.0  0.352598  1.240164  1.592762
104.5  0.342913  1.249906  1.592819
105.0  0.333963  1.258911  1.592874
105.5  0.325570  1.267229  1.592799
106.0  0.317210  1.275497  1.592706
106.5  0.308459  1.283923  1.592382
107.0  0.299274  1.293183  1.592457
107.5  0.290087  1.302479  1.592566
108.0  0.281759  1.310703  1.592461
108.5  0.275430  1.316995  1.592425
109.0  0.272297  1.320366  1.592663
109.5  0.273368  1.319500  1.592868
110.0  0.279189  1.313455  1.592644
110.5  0.289549  1.302761  1.592310
111.0  0.303279  1.288875  1.592154
111.5  0.318348  1.274117  1.592464
112.0  0.332403  1.259949  1.592352
112.5  0.343619  1.248477  1.592095
113.0  0.351403  1.240614  1.592017
113.5  0.356503  1.235798  1.592301
114.0  0.360402  1.232189  1.592591
114.5  0.364392  1.228172  1.592564
115.0  0.368893  1.223491  1.592384
115.5  0.373372  1.219234  1.592606
116.0  0.376746  1.215738  1.592485
116.5  0.377916  1.214691  1.592607
117.0  0.376156  1.216325  1.592481
117.5  0.371309  1.221215  1.592525
118.0  0.363842  1.228812  1.592654
118.5  0.354764  1.238086  1.592850
119.0  0.345406  1.247399  1.592805
119.5  0.337095  1.255852  1.592947
120.0  0.330810  1.262053  1.592862
120.5  0.326905  1.265831  1.592737
121.0  0.324949  1.267675  1.592624
121.5  0.323745  1.268932  1.592677
122.0  0.321664  1.270685  1.592348
122.5  0.317307  1.275304  1.592611
123.0  0.310296  1.282454  1.592750
123.5  0.301742  1.290968  1.592709
124.0  0.294019  1.298871  1.592890
124.5  0.289828  1.303255  1.593083
125.0  0.291033  1.302001  1.593035
125.5  0.297891  1.295042  1.592933
126.0  0.309031  1.283496  1.592527
126.5  0.322037  1.270551  1.592588
127.0  0.334241  1.258229  1.592470
127.5  0.343400  1.248759  1.592158
128.0  0.348149  1.244280  1.592429
128.5  0.348243  1.244460  1.592703
129.0  0.344538  1.248388  1.592926
129.5  0.338711  1.254078  1.592789
130.0  0.332742  1.260250  1.592993
130.5  0.328319  1.265031  1.593349
131.0  0.326305  1.267211  1.593517
131.5  0.326429  1.266918  1.593347
132.0  0.327306  1.265599  1.592906
132.5  0.326913  1.266026  1.592940
133.0  0.323448  1.269495  1.592943
133.5  0.316281  1.276486  1.592766
134.0  0.306476  1.286381  1.592857
134.5  0.296538  1.296792  1.593331
135.0  0.289427  1.303871  1.593297
135.5  0.287374  1.306128  1.593502
136.0  0.291138  1.302319  1.593456
136.5  0.299956  1.293490  1.593447
137.0  0.312019  1.281143  1.593162
137.5  0.325053  1.267793  1.592846
138.0  0.336801  1.256420  1.593221
138.5  0.345404  1.247617  1.593021
139.0  0.349763  1.243211  1.592974
139.5  0.349831  1.243122  1.592952
140.0  0.346675  1.245872  1.592547
140.5  0.342211  1.250851  1.593062
141.0  0.338616  1.254737  1.593354
141.5  0.337592  1.255906  1.593499
142.0  0.339715  1.253818  1.593533
142.5  0.344165  1.249345  1.593511
143.0  0.349051  1.244480  1.593530
143.5  0.352283  1.241127  1.593410
144.0  0.352648  1.240571  1.593219
144.5  0.350472  1.242744  1.593215
145.0  0.347480  1.245721  1.593201
145.5  0.345888  1.247275  1.593163
146.0  0.347284  1.246038  1.593322
146.5  0.351970  1.241231  1.593201
147.0  0.359032  1.234134  1.593167
147.5  0.366897  1.226097  1.592994
148.0  0.373902  1.218990  1.592891
148.5  0.378620  1.214469  1.593089
149.0  0.380000  1.212773  1.592774
149.5  0.377494  1.215691  1.593185
150.0  0.371235  1.221828  1.593064
150.5  0.362178  1.231085  1.593262
151.0  0.352016  1.241368  1.593385
151.5  0.342807  1.250498  1.593305
152.0  0.336331  1.256902  1.593233
152.5  0.333402  1.259831  1.593233
153.0  0.333477  1.259811  1.593289
153.5  0.334847  1.258634  1.593480
154.0  0.335462  1.257890  1.593352
154.5  0.334025  1.258971  1.592996
155.0  0.330719  1.262104  1.592822
155.5  0.327088  1.265897  1.592985
156.0  0.325087  1.268450  1.593537
156.5  0.325892  1.267700  1.593592
157.0  0.329209  1.264013  1.593223
157.5  0.333460  1.259552  1.593012
158.0  0.336565  1.256748  1.593314
158.5  0.336770  1.256574  1.593344
159.0  0.333105  1.259969  1.593074
159.5  0.325456  1.268283  1.593739
160.0  0.314459  1.279037  1.593496
160.5  0.301379  1.291858  1.593238
161.0  0.288018  1.305160  1.593178
161.5  0.276531  1.316925  1.593456
162.0  0.269059  1.324401  1.593460
162.5  0.267143  1.326208  1.593351
163.0  0.271108  1.321945  1.593053
163.5  0.279750  1.313149  1.592900
164.0  0.290638  1.301943  1.592581
164.5  0.301059  1.291298  1.592357
165.0  0.309203  1.283112  1.592315
165.5  0.314948  1.277733  1.592681
166.0  0.319740  1.273115  1.592856
166.5  0.325608  1.267392  1.593000
167.0  0.333887  1.259067  1.592955
167.5  0.344424  1.248540  1.592964
168.0  0.355624  1.237320  1.592944
168.5  0.365179  1.227747  1.592926
169.0  0.370926  1.222011  1.592937
169.5  0.371462  1.221858  1.593320
170.0  0.366397  1.226816  1.593214
170.5  0.356363  1.236856  1.593219
171.0  0.342909  1.250372  1.593281
171.5  0.328319  1.264870  1.593189
172.0  0.315295  1.278101  1.593396
172.5  0.306447  1.287571  1.594018
173.0  0.303610  1.290315  1.593925
173.5  0.307191  1.286766  1.593957
174.0  0.315881  1.278049  1.593929
174.5  0.327022  1.266787  1.593809
175.0  0.337625  1.255851  1.593476
175.5  0.345592  1.248066  1.593658
176.0  0.350537  1.243445  1.593982
176.5  0.353708  1.240137  1.593845
177.0  0.357092  1.236651  1.593743
177.5  0.362216  1.232026  1.594242
178.0  0.369335  1.225166  1.594501
178.5  0.377344  1.217425  1.594769
179.0  0.384293  1.210092  1.594385
179.5  0.388083  1.206230  1.594314
180.0  0.387050  1.206795  1.593845
180.5  0.380314  1.213782  1.594096
181.0  0.367950  1.226342  1.594292
181.5  0.351021  1.243421  1.594442
182.0  0.331492  1.262800  1.594292
182.5  0.311974  1.282828  1.594802
183.0  0.295221  1.300037  1.595258
183.5  0.283410  1.311930  1.595340
184.0  0.277385  1.317714  1.595100
184.5  0.276257  1.319350  1.595606
185.0  0.277708  1.317727  1.595435
185.5  0.279023  1.316656  1.595680
186.0  0.278399  1.317516  1.595915
186.5  0.275820  1.320335  1.596155
187.0  0.273010  1.323616  1.596626
187.5  0.272491  1.324100  1.596591
188.0  0.276333  1.320367  1.596700
188.5  0.285296  1.311736  1.597032
189.0  0.298682  1.298644  1.597326
189.5  0.314754  1.281675  1.596429
190.0  0.331353  1.264627  1.595979
190.5  0.346429  1.249698  1.596128
191.0  0.358445  1.237749  1.596194
191.5  0.366644  1.229721  1.596366
192.0  0.371205  1.225650  1.596855
192.5  0.373239  1.223278  1.596517
193.0  0.374574  1.222128  1.596702
193.5  0.377255  1.219646  1.596901
194.0  0.382799  1.213962  1.596762
194.5  0.391406  1.204545  1.595952
195.0  0.401533  1.194693  1.596226
195.5  0.410200  1.185622  1.595821
196.0  0.414067  1.181639  1.595706
196.5  0.410837  1.184361  1.595198
197.0  0.400265  1.195098  1.595362
197.5  0.384222  1.211374  1.595597
198.0  0.365827  1.230244  1.596071
198.5  0.348162  1.248342  1.596504
199.0  0.333286  1.262792  1.596078
199.5  0.321885  1.274326  1.596212
200.0  0.313500  1.282715  1.596215
200.5  0.307001  1.289258  1.596259
201.0  0.301096  1.294916  1.596012
201.5  0.294789  1.300978  1.595767
202.0  0.287762  1.308171  1.595934
202.5  0.280603  1.315327  1.595930
203.0  0.274802  1.320817  1.595619
203.5  0.272463  1.322870  1.595334
204.0  0.275726  1.319545  1.595271
204.5  0.285957  1.309202  1.595158
205.0  0.302969  1.291801  1.594770
205.5  0.324635  1.269773  1.594408
206.0  0.347247  1.246804  1.594051
206.5  0.366651  1.227438  1.594089
207.0  0.379703  1.214116  1.593819
207.5  0.385330  1.208243  1.593574
208.0  0.384656  1.208713  1.593368
208.5  0.380157  1.213697  1.593854
209.0  0.374384  1.219188  1.593571
209.5  0.368927  1.224698  1.593625
210.0  0.364036  1.229506  1.593543
210.5  0.358832  1.234794  1.593626
211.0  0.351832  1.241909  1.593741
211.5  0.341548  1.251756  1.593305
212.0  0.327049  1.266222  1.593271
212.5  0.308424  1.284994  1.593418
213.0  0.287044  1.306537  1.593581
213.5  0.265481  1.327879  1.593360
214.0  0.247052  1.346618  1.593670
214.5  0.235019  1.358777  1.593797
215.0  0.231624  1.362419  1.594042
215.5  0.237255  1.356907  1.594162
216.0  0.250155  1.343707  1.593863
216.5  0.266917  1.326781  1.593698
217.0  0.283701  1.309487  1.593188
217.5  0.297662  1.295642  1.593304
218.0  0.307886  1.285640  1.593526
218.5  0.315408  1.278263  1.593671
219.0  0.322384  1.271554  1.593938
219.5  0.330931  1.263033  1.593964
220.0  0.342219  1.251951  1.594171
220.5  0.356088  1.237777  1.593865
221.0  0.371140  1.222917  1.594057
221.5  0.385116  1.208795  1.593911
222.0  0.395439  1.198647  1.594086
222.5  0.399885  1.193862  1.593747
223.0  0.397254  1.196925  1.594180
223.5  0.387855  1.206594  1.594449
224.0  0.373593  1.221170  1.594763
224.5  0.357549  1.237221  1.594770
225.0  0.343115  1.251201  1.594315
225.5  0.332917  1.261527  1.594444
226.0  0.327925  1.266271  1.594196
226.5  0.327157  1.266692  1.593849
227.0  0.328219  1.265360  1.593579
227.5  0.328492  1.265414  1.593906
228.0  0.326411  1.267610  1.594020
228.5  0.322187  1.271726  1.593913
229.0  0.317635  1.276333  1.593968
229.5  0.315278  1.278981  1.594259
230.0  0.317261  1.277259  1.594520
230.5  0.324589  1.269722  1.594311
231.0  0.336866  1.257155  1.594021
231.5  0.352426  1.241729  1.594155
232.0  0.368692  1.225301  1.593993
232.5  0.382713  1.210907  1.593620
233.0  0.391834  1.201112  1.592945
233.5  0.394411  1.198723  1.593134
234.0  0.390334  1.202759  1.593094
234.5  0.381116  1.212321  1.593437
235.0  0.369444  1.224055  1.593500
235.5  0.358265  1.235625  1.593891
236.0  0.349672  1.243615  1.593287
236.5  0.344038  1.248990  1.593028
237.0  0.339839  1.252957  1.592796
237.5  0.334357  1.258655  1.593012
238.0  0.325023  1.268133  1.593157
238.5  0.310776  1.282329  1.593104
239.0  0.292738  1.300640  1.593379
239.5  0.273896  1.319715  1.593611
240.0  0.257993  1.335940  1.593933
240.5  0.248269  1.345631  1.593900
241.0  0.246579  1.347217  1.593795
241.5  0.253081  1.340851  1.593932
242.0  0.266377  1.327531  1.593908
242.5  0.283898  1.309842  1.593740
243.0  0.302503  1.290952  1.593454
243.5  0.319240  1.274730  1.593970
244.0  0.332152  1.261750  1.593902
244.5  0.340839  1.252803  1.593642
245.0  0.346552  1.246971  1.593523
245.5  0.351690  1.242192  1.593882
246.0  0.358802  1.235209  1.594011
246.5  0.369434  1.224616  1.594049
247.0  0.383261  1.210772  1.594032
247.5  0.397985  1.195733  1.593718
248.0  0.410135  1.183423  1.593557
248.5  0.416462  1.176921  1.593383
249.0  0.415296  1.178360  1.593656
249.5  0.407168  1.186442  1.593610
250.0  0.394454  1.199330  1.593784
250.5  0.380315  1.213751  1.594067
251.0  0.367518  1.226673  1.594191
251.5  0.357645  1.236263  1.593908
252.0  0.350834  1.242890  1.593724
252.5  0.345906  1.247976  1.593882
253.0  0.340743  1.253195  1.593938
253.5  0.332894  1.260824  1.593718
254.0  0.320391  1.273106  1.593496
254.5  0.302589  1.291030  1.593619
255.0  0.280731  1.312955  1.593686
255.5  0.257931  1.335872  1.593803
256.0  0.238466  1.355731  1.594197
256.5  0.226517  1.367653  1.594170
257.0  0.224766  1.369449  1.594215
257.5  0.233406  1.360751  1.594157
258.0  0.250058  1.344122  1.594180
258.5  0.270712  1.323125  1.593837
259.0  0.291302  1.302000  1.593302
259.5  0.309169  1.284289  1.593459
260.0  0.323722  1.270031  1.593753
260.5  0.336093  1.257781  1.593874
261.0  0.348123  1.245593  1.593716
261.5  0.361283  1.232575  1.593858
262.0  0.375992  1.217537  1.593529
262.5  0.391409  1.202478  1.593887
263.0  0.405575  1.188040  1.593614
263.5  0.415788  1.177696  1.593484
264.0  0.419217  1.173611  1.592828
264.5  0.413704  1.179054  1.592759
265.0  0.398582  1.194581  1.593162
265.5  0.375181  1.218401  1.593581
266.0  0.346770  1.247278  1.594049
266.5  0.317825  1.276151  1.593976
267.0  0.292774  1.301610  1.594384
267.5  0.274645  1.319934  1.594580
268.0  0.264162  1.330214  1.594376
268.5  0.259765  1.334396  1.594161
269.0  0.258603  1.335452  1.594054
269.5  0.258032  1.335679  1.593711
270.0  0.256860  1.336584  1.593444
270.5  0.255723  1.338384  1.594107
271.0  0.256557  1.337746  1.594303
271.5  0.261597  1.332703  1.594299
272.0  0.272485  1.321740  1.594225
272.5  0.289753  1.304462  1.594214
273.0  0.312626  1.281690  1.594316
273.5  0.339030  1.255085  1.594114
274.0  0.365837  1.228203  1.594041
274.5  0.389479  1.204232  1.593711
275.0  0.406859  1.186824  1.593683
275.5  0.416287  1.177221  1.593508
276.0  0.418037  1.175709  1.593746
276.5  0.414245  1.179475  1.593720
277.0  0.408133  1.186177  1.594310
277.5  0.402777  1.191909  1.594686
278.0  0.399876  1.195068  1.594944
278.5  0.399060  1.195586  1.594646
279.0  0.398132  1.196014  1.594146
279.5  0.394187  1.200016  1.594203
280.0  0.385079  1.209365  1.594445
280.5  0.370457  1.224122  1.594579
281.0  0.351865  1.242503  1.594368
281.5  0.332008  1.262724  1.594731
282.0  0.313748  1.281775  1.595523
282.5  0.299393  1.296066  1.595460
283.0  0.290381  1.305084  1.595465
283.5  0.287133  1.308036  1.595169
284.0  0.288919  1.306020  1.594938
284.5  0.293867  1.300071  1.593938
285.0  0.299414  1.294681  1.594095
285.5  0.303199  1.291012  1.594211
286.0  0.304078  1.290045  1.594123
286.5  0.302753  1.291453  1.594206
287.0  0.301678  1.292721  1.594399
287.5  0.304171  1.290343  1.594514
288.0  0.313025  1.281513  1.594537
288.5  0.329135  1.265511  1.594646
289.0  0.350767  1.243219  1.593986
289.5  0.373915  1.219995  1.593910
290.0  0.393691  1.199861  1.593552
290.5  0.406121  1.187426  1.593547
291.0  0.409440  1.183709  1.593150
291.5  0.404305  1.188893  1.593198
292.0  0.392992  1.200377  1.593369
292.5  0.378267  1.215420  1.593686
293.0  0.362585  1.231504  1.594089
293.5  0.347785  1.246971  1.594756
294.0  0.334976  1.259832  1.594808
294.5  0.324353  1.270359  1.594712
295.0  0.315032  1.279386  1.594418
295.5  0.305275  1.289031  1.594307
296.0  0.293241  1.301611  1.594852
296.5  0.278011  1.317348  1.595359
297.0  0.260397  1.334637  1.595034
297.5  0.243063  1.352184  1.595248
298.0  0.229840  1.365644  1.595484
298.5  0.224398  1.371460  1.595857
299.0  0.228788  1.366899  1.595686
299.5  0.242523  1.352968  1.595491
300.0  0.262712  1.332781  1.595492
300.5  0.285269  1.310096  1.595365
301.0  0.306610  1.288498  1.595108
301.5  0.324883  1.269498  1.594380
302.0  0.340115  1.254340  1.594454
302.5  0.353397  1.241232  1.594629
303.0  0.365826  1.229148  1.594974
303.5  0.377924  1.216805  1.594730
304.0  0.389657  1.205061  1.594718
304.5  0.400628  1.193924  1.594552
305.0  0.410073  1.184758  1.594831
305.5  0.416674  1.178111  1.594785
306.0  0.418601  1.175972  1.594572
306.5  0.414024  1.180315  1.594338
307.0  0.401960  1.192185  1.594145
307.5  0.383010  1.211316  1.594326
308.0  0.359541  1.235143  1.594684
308.5  0.335121  1.260056  1.595177
309.0  0.313363  1.281993  1.595356
309.5  0.296621  1.298431  1.595051
310.0  0.285173  1.309717  1.594890
310.5  0.277376  1.317340  1.594716
311.0  0.270778  1.323747  1.594525
311.5  0.263624  1.330860  1.594484
312.0  0.255873  1.338719  1.594592
312.5  0.249163  1.345302  1.594465
313.0  0.245882  1.348152  1.594034
313.5  0.248063  1.345865  1.593927
314.0  0.256762  1.337341  1.594104
314.5  0.272027  1.322139  1.594166
315.0  0.293056  1.300736  1.593792
315.5  0.318224  1.275515  1.593739
316.0  0.345030  1.248348  1.593377
316.5  0.370287  1.222947  1.593234
317.0  0.390755  1.202264  1.593019
317.5  0.404038  1.188698  1.592736
318.0  0.409349  1.183452  1.592801
318.5  0.407754  1.185150  1.592904
319.0  0.401701  1.191222  1.592922
319.5  0.393971  1.199433  1.593404
320.0  0.386449  1.207135  1.593584
320.5  0.379310  1.214003  1.593313
321.0  0.371120  1.221840  1.592960
321.5  0.359861  1.233078  1.592940
322.0  0.344319  1.248977  1.593296
322.5  0.324988  1.268691  1.593678
323.0  0.303982  1.290014  1.593996
323.5  0.284163  1.309757  1.593921
324.0  0.268180  1.325642  1.593821
324.5  0.257991  1.335934  1.593925
325.0  0.254867  1.339453  1.594319
325.5  0.259428  1.334968  1.594396
326.0  0.271456  1.322783  1.594239
326.5  0.289610  1.304453  1.594064
327.0  0.311469  1.282580  1.594048
327.5  0.334072  1.259961  1.594033
328.0  0.354815  1.239023  1.593837
328.5  0.372251  1.221627  1.593878
329.0  0.386415  1.207789  1.594204
329.5  0.398468  1.196037  1.594506
330.0  0.409798  1.185101  1.594898
330.5  0.420942  1.173671  1.594614
331.0  0.430946  1.163376  1.594322
331.5  0.437548  1.156849  1.594397
332.0  0.438211  1.156230  1.594441
332.5  0.431393  1.162889  1.594281
333.0  0.417286  1.177125  1.594411
333.5  0.397609  1.197373  1.594982
334.0  0.374713  1.220649  1.595363
334.5  0.350737  1.244634  1.595372
335.0  0.327304  1.268235  1.595539
335.5  0.305691  1.290333  1.596024
336.0  0.287005  1.308971  1.595976
336.5  0.272037  1.323869  1.595906
337.0  0.260951  1.335000  1.595952
337.5  0.253167  1.343138  1.596305
338.0  0.247652  1.349087  1.596739
338.5  0.243543  1.353667  1.597211
339.0  0.240743  1.356409  1.597151
339.5  0.240189  1.357006  1.597196
340.0  0.243603  1.353842  1.597446
340.5  0.252735  1.344589  1.597324
341.0  0.268402  1.328665  1.597067
341.5  0.289800  1.307266  1.597066
342.0  0.314542  1.282037  1.596579
342.5  0.339516  1.256884  1.596400
343.0  0.362083  1.234292  1.596375
343.5  0.380883  1.215783  1.596666
344.0  0.395799  1.201134  1.596934
344.5  0.407269  1.190055  1.597325
345.0  0.415595  1.182703  1.598298
345.5  0.420719  1.178532  1.599251
346.0  0.422415  1.177494  1.599909
346.5  0.420495  1.180113  1.600607
347.0  0.414780  1.186557  1.601337
347.5  0.404946  1.197325  1.602271
348.0  0.390517  1.212812  1.603329
348.5  0.371128  1.232458  1.603586
349.0  0.346957  1.256563  1.603520
349.5  0.319066  1.284321  1.603388
350.0  0.289482  1.313949  1.603431
350.5  0.260911  1.342088  1.602998
351.0  0.236132  1.366087  1.602219
351.5  0.217240  1.384009  1.601249
352.0  0.205076  1.394851  1.599927
352.5  0.199213  1.399998  1.599211
353.0  0.198560  1.400152  1.598712
353.5  0.202249  1.395630  1.597879
354.0  0.210193  1.387255  1.597448
354.5  0.222951  1.374417  1.597368
355.0  0.241091  1.355979  1.597070
355.5  0.264611  1.331898  1.596509
356.0  0.292782  1.303917  1.596699
356.5  0.324319  1.272592  1.596912
357.0  0.357518  1.239238  1.596756
357.5  0.390221  1.206345  1.596566
358.0  0.419802  1.177159  1.596961
358.5  0.443459  1.153348  1.596807
359.0  0.458816  1.138026  1.596842
359.5  0.464597  1.132380  1.596977
360.0  0.461028  1.137529  1.598557
360.5  0.449774  1.149891  1.599665
361.0  0.433409  1.167773  1.601182
361.5  0.414585  1.188764  1.603349
362.0  0.395190  1.210629  1.605819
362.5  0.375874  1.232054  1.607928
363.0  0.356214  1.253790  1.610003
363.5  0.335466  1.277832  1.613298
364.0  0.313462  1.301773  1.615234
364.5  0.291051  1.326022  1.617073
365.0  0.269866  1.349182  1.619048
365.5  0.251708  1.368376  1.620084
366.0  0.238088  1.381734  1.619821
366.5  0.230174  1.389263  1.619437
367.0  0.228878  1.390203  1.619080
367.5  0.234689  1.382999  1.617688
368.0  0.247246  1.368707  1.615953
368.5  0.265014  1.349301  1.614315
369.0  0.285478  1.327214  1.612693
369.5  0.305863  1.304405  1.610269
370.0  0.324025  1.285319  1.609344
370.5  0.339059  1.269979  1.609038
371.0  0.351381  1.257920  1.609301
371.5  0.362267  1.247333  1.609600
372.0  0.373081  1.238104  1.611185
372.5  0.384497  1.228993  1.613490
373.0  0.396099  1.219536  1.615635
373.5  0.406574  1.211651  1.618224
374.0  0.414401  1.206717  1.621118
374.5  0.418570  1.204830  1.623400
375.0  0.418830  1.206511  1.625342
375.5  0.415376  1.210937  1.626313
376.0  0.408371  1.218114  1.626485
376.5  0.397864  1.227881  1.625745
377.0  0.384157  1.239895  1.624052
377.5  0.368225  1.252910  1.621134
378.0  0.351636  1.266388  1.618023
378.5  0.335961  1.278792  1.614754
379.0  0.322100  1.289009  1.611108
379.5  0.310051  1.296842  1.606893
380.0  0.299287  1.304588  1.603875
380.5  0.289442  1.312150  1.601591
381.0  0.280859  1.318490  1.599350
381.5  0.274696  1.323334  1.598030
382.0  0.272509  1.325519  1.598028
382.5  0.275542  1.322200  1.597742
383.0  0.284044  1.313365  1.597409
383.5  0.297022  1.300333  1.597356
384.0  0.312592  1.284237  1.596829
384.5  0.328777  1.267832  1.596609
385.0  0.344212  1.252590  1.596802
385.5  0.358295  1.238435  1.596730
386.0  0.370732  1.226033  1.596765
386.5  0.380988  1.216387  1.597375
387.0  0.388173  1.210961  1.599134
387.5  0.391457  1.210266  1.601723
388.0  0.390558  1.214548  1.605107
388.5  0.385825  1.223512  1.609337
389.0  0.377837  1.236020  1.613857
389.5  0.366931  1.251852  1.618783
390.0  0.353071  1.271040  1.624110
390.5  0.336178  1.293294  1.629472
391.0  0.316680  1.317343  1.634024
391.5  0.295883  1.341923  1.637806
392.0  0.275920  1.364788  1.640709
392.5  0.259243  1.383022  1.642265
393.0  0.247849  1.394701  1.642549
393.5  0.242600  1.398938  1.641538
394.0  0.243010  1.396796  1.639807
394.5  0.247666  1.390003  1.637669
395.0  0.255068  1.379616  1.634683
395.5  0.264347  1.367722  1.632069
396.0  0.275373  1.354186  1.629559
396.5  0.288270  1.339721  1.627991
397.0  0.302836  1.324397  1.627234
397.5  0.318431  1.309032  1.627463
398.0  0.334339  1.295681  1.630020
398.5  0.350152  1.283122  1.633274
399.0  0.365711  1.271424  1.637135
399.5  0.380631  1.261868  1.642499
400.0  0.393868  1.255495  1.649363
400.5  0.403776  1.252701  1.656477
401.0  0.408675  1.254333  1.663008
401.5  0.407610  1.261444  1.669055
402.0  0.400833  1.272748  1.673581
402.5  0.389776  1.286962  1.676737
403.0  0.376493  1.300438  1.676931
403.5  0.362842  1.310583  1.673425
404.0  0.349773  1.317526  1.667300
404.5  0.337137  1.340446  1.677582
405.0  0.324128  1.340149  1.664277
405.5  0.310124  1.369793  1.679917
406.0  0.295318  1.368948  1.664266
406.5  0.280715  1.398695  1.679411
407.0  0.267565  1.400043  1.667608
407.5  0.256791  1.420802  1.677593
408.0  0.248954  1.422612  1.671566
408.5  0.244664  1.431306  1.675970
409.0  0.244897  1.429294  1.674191
409.5  0.250740  1.423906  1.674646
410.0  0.262656  1.412609  1.675264
410.5  0.279855  1.395034  1.674889
411.0  0.300296  1.373834  1.674130
411.5  0.321366  1.354931  1.676297
412.0  0.340856  1.331316  1.672172
412.5  0.357689  1.320102  1.677791
413.0  0.372046  1.296912  1.668958
413.5  0.384861  1.295123  1.679983
414.0  0.396944  1.270477  1.667421
414.5  0.408217  1.271917  1.680134
415.0  0.417510  1.248947  1.666457
415.5  0.423080  1.255985  1.679065
416.0  0.423512  1.245279  1.668791
416.5  0.418354  1.256327  1.674681
417.0  0.408066  1.264033  1.672100
417.5  0.393439  1.276198  1.669637
418.0  0.375132  1.300224  1.675356
418.5  0.353812  1.312332  1.666143
419.0  0.330717  1.348304  1.679020
419.5  0.308011  1.357659  1.665670
420.0  0.288423  1.390847  1.679271
420.5  0.274313  1.392573  1.666887
421.0  0.266786  1.411770  1.678556
421.5  0.265429  1.403785  1.669214
422.0  0.268791  1.406887  1.675678
422.5  0.275274  1.395916  1.671190
423.0  0.283904  1.389373  1.673277
423.5  0.294609  1.378432  1.673041
424.0  0.307866  1.364627  1.672492
424.5  0.323951  1.348806  1.672758
425.0  0.342247  1.330750  1.672997
425.5  0.361093  1.310682  1.671775
426.0  0.378371  1.296434  1.674804
426.5  0.392447  1.275381  1.667828
427.0  0.402794  1.274837  1.677632
427.5  0.409810  1.255755  1.665565
428.0  0.414045  1.264850  1.678896
428.5  0.415551  1.247285  1.662836
429.0  0.413900  1.264625  1.678525
429.5  0.408768  1.255058  1.663825
430.0  0.400429  1.274835  1.675263
430.5  0.389694  1.278092  1.667786
431.0  0.377360  1.294188  1.671548
431.5  0.363674  1.308565  1.672239
432.0  0.348278  1.318613  1.666891
432.5  0.330673  1.344868  1.675540
433.0  0.310911  1.354008  1.664919
433.5  0.290069  1.386734  1.676803
434.0  0.270210  1.395531  1.665741
434.5  0.253778  1.422284  1.676062
435.0  0.242665  1.425644  1.668308
435.5  0.237420  1.436625  1.674044
436.0  0.237112  1.433375  1.670486
436.5  0.239999  1.432198  1.672196
437.0  0.244603  1.427518  1.672120
437.5  0.250465  1.421033  1.671498
438.0  0.258083  1.414032  1.672115
438.5  0.268208  1.403676  1.671884
439.0  0.281185  1.388713  1.669898
439.5  0.296844  1.376913  1.673757
440.0  0.314813  1.352349  1.667162
440.5  0.334712  1.341331  1.676043
441.0  0.355885  1.308018  1.663903
441.5  0.376916  1.301193  1.678109
442.0  0.395466  1.266902  1.662368
442.5  0.408724  1.268963  1.677687
443.0  0.414340  1.248062  1.662402
443.5  0.411344  1.264822  1.676166
444.0  0.400608  1.265040  1.665649
444.5  0.384630  1.287917  1.672547
445.0  0.366682  1.303279  1.669961
445.5  0.349661  1.320032  1.669693
446.0  0.335110  1.338486  1.673596
446.5  0.322916  1.344094  1.667010
447.0  0.311851  1.363258  1.675110
447.5  0.300596  1.366453  1.667049
448.0  0.288576  1.386635  1.675212
448.5  0.276155  1.392019  1.668174
449.0  0.264276  1.409062  1.673338
449.5  0.254103  1.416422  1.670525
450.0  0.247025  1.424821  1.671846
450.5  0.244815  1.427200  1.672014
451.0  0.249435  1.421126  1.670562
451.5  0.262232  1.410231  1.672463
452.0  0.282917  1.387473  1.670390
452.5  0.309065  1.361566  1.670631
453.0  0.336595  1.334509  1.671104
453.5  0.361062  1.306653  1.667715
454.0  0.379133  1.294028  1.673161
454.5  0.389578  1.275130  1.664708
455.0  0.393393  1.282145  1.675537
455.5  0.393063  1.270267  1.663330
456.0  0.391323  1.285663  1.676986
456.5  0.389985  1.273064  1.663049
457.0  0.389407  1.285755  1.675162
457.5  0.388798  1.276083  1.664882
458.0  0.387057  1.285332  1.672389
458.5  0.383445  1.285089  1.668533
459.0  0.377667  1.291257  1.668923
459.5  0.369502  1.301976  1.671478
460.0  0.358582  1.308382  1.666964
460.5  0.344717  1.328732  1.673449
461.0  0.328555  1.338347  1.666902
461.5  0.311918  1.361569  1.673487
462.0  0.297335  1.371182  1.668517
462.5  0.286957  1.386150  1.673107
463.0  0.281542  1.388847  1.670388
463.5  0.280178  1.391217  1.671395
464.0  0.280909  1.391311  1.672220
464.5  0.281867  1.389490  1.671357
465.0  0.282284  1.389801  1.672084
465.5  0.282854  1.388924  1.671778
466.0  0.285285  1.387082  1.672367
466.5  0.291302  1.383238  1.674541
467.0  0.301645  1.368548  1.670193
467.5  0.315653  1.360338  1.675991
468.0  0.331661  1.335968  1.667628
468.5  0.347859  1.329762  1.677621
469.0  0.362981  1.303983  1.666964
469.5  0.376356  1.301300  1.677656
470.0  0.387510  1.280082  1.667592
470.5  0.395846  1.281067  1.676913
471.0  0.400787  1.270285  1.671072
471.5  0.402220  1.273348  1.675568
472.0  0.400740  1.272533  1.673273
472.5  0.397362  1.276555  1.673918
473.0  0.392876  1.283340  1.676216
473.5  0.387310  1.285371  1.672681
474.0  0.379918  1.296912  1.676830
474.5  0.369712  1.302842  1.672554
475.0  0.356243  1.321149  1.677393
475.5  0.340189  1.332976  1.673165
476.0  0.323405  1.353157  1.676561
476.5  0.308374  1.366595  1.674969
477.0  0.297284  1.377410  1.674694
477.5  0.291200  1.383832  1.675032
478.0  0.289822  1.384176  1.673998
478.5  0.291926  1.382459  1.674385
479.0  0.296163  1.377920  1.674083
479.5  0.301599  1.371352  1.672951
480.0  0.307695  1.366910  1.674606
480.5  0.313958  1.356966  1.670924
481.0  0.319763  1.357123  1.676885
481.5  0.324610  1.345401  1.670011
482.0  0.328529  1.348950  1.677480
482.5  0.332137  1.337708  1.669845
483.0  0.336164  1.341256  1.677419
483.5  0.340755  1.330560  1.671314
484.0  0.345071  1.330241  1.675313
484.5  0.347522  1.325231  1.672753
485.0  0.346523  1.326936  1.673459
485.5  0.341373  1.333491  1.674864
486.0  0.332794  1.339004  1.671798
486.5  0.322831  1.353019  1.675850
487.0  0.314121  1.358147  1.672268
487.5  0.308826  1.367654  1.676480
488.0  0.307749  1.364494  1.672243
488.5  0.310123  1.365325  1.675448
489.0  0.314167  1.359160  1.673327
489.5  0.318006  1.355599  1.673606
490.0  0.320351  1.352617  1.672968
490.5  0.320602  1.353148  1.673750
491.0  0.318597  1.354988  1.673585
491.5  0.314494  1.359376  1.673870
492.0  0.308971  1.365712  1.674683
492.5  0.303444  1.372713  1.676157
493.0  0.299852  1.374356  1.674209
493.5  0.299888  1.376945  1.676833
494.0  0.304095  1.370401  1.674496
494.5  0.311431  1.365907  1.677339
495.0  0.319611  1.353337  1.672948
495.5  0.326082  1.350008  1.676090
496.0  0.329128  1.344358  1.673486
496.5  0.328571  1.346982  1.675553
497.0  0.325777  1.348447  1.674223
497.5  0.322974  1.351700  1.674673
498.0  0.322226  1.353018  1.675244
498.5  0.324575  1.349084  1.673659
499.0  0.329768  1.345818  1.675586
499.5  0.336647  1.335835  1.672482
500.0  0.343781  1.331683  1.675464
500.5  0.349853  1.322208  1.672061
501.0  0.353649  1.320430  1.674079
501.5  0.353981  1.317898  1.671879
502.0  0.349980  1.324010  1.673990
502.5  0.341762  1.331141  1.672903
503.0  0.330944  1.341102  1.672046
503.5  0.320436  1.350974  1.671410
504.0  0.313429  1.358468  1.671897
504.5  0.312096  1.360060  1.672156
505.0  0.316752  1.355073  1.671825
505.5  0.325904  1.346694  1.672598
506.0  0.337085  1.336615  1.673700
506.5  0.347968  1.326183  1.674151
507.0  0.357202  1.317324  1.674526
507.5  0.364630  1.311170  1.675800
508.0  0.370880  1.305789  1.676669
508.5  0.376632  1.299836  1.676469
509.0  0.382027  1.294729  1.676756
509.5  0.386591  1.290698  1.677289
510.0  0.389666  1.287973  1.677639
510.5  0.390898  1.286388  1.677286
511.0  0.390315  1.287221  1.677535
511.5  0.387912  1.289698  1.677611
512.0  0.383227  1.295246  1.678473
512.5  0.375433  1.303715  1.679148
513.0  0.364026  1.315981  1.680007
513.5  0.349538  1.331436  1.680974
514.0  0.333651  1.348520  1.682171
514.5  0.318552  1.365500  1.684052
515.0  0.305956  1.379698  1.685655
515.5  0.296446  1.390197  1.686643
516.0  0.289499  1.397541  1.687040
516.5  0.284125  1.403326  1.687451
517.0  0.279660  1.407671  1.687331
517.5  0.276274  1.409736  1.686010
518.0  0.274908  1.408325  1.683232
518.5  0.276692  1.404290  1.680982
519.0  0.282198  1.396102  1.678300
519.5  0.290975  1.383472  1.674447
520.0  0.301699  1.368628  1.670326
520.5  0.312819  1.354370  1.667189
521.0  0.323209  1.341014  1.664223
521.5  0.332325  1.328622  1.660947
522.0  0.339860  1.318010  1.657870
522.5  0.345381  1.311592  1.656972
523.0  0.348441  1.308387  1.656828
523.5  0.349125  1.308048  1.657173
524.0  0.348456  1.310265  1.658722
524.5  0.348138  1.312739  1.660877
525.0  0.349656  1.313162  1.662818
525.5  0.353329  1.311434  1.664763
526.0  0.357981  1.308454  1.666435
526.5  0.361478  1.306237  1.667716
527.0  0.361812  1.306848  1.668660
527.5  0.358127  1.310842  1.668969
528.0  0.351151  1.317365  1.668516
528.5  0.342848  1.325227  1.668075
529.0  0.335485  1.332608  1.668093
529.5  0.330620  1.337779  1.668399
530.0  0.328564  1.339960  1.668524
530.5  0.328583  1.341593  1.670177
531.0  0.329612  1.343644  1.673256
531.5  0.330864  1.345641  1.676505
532.0  0.331882  1.350239  1.682121
532.5  0.332147  1.356662  1.688809
533.0  0.330823  1.364936  1.695759
533.5  0.327140  1.375375  1.702515
534.0  0.321214  1.388306  1.709521
534.5  0.314588  1.400393  1.714981
535.0  0.309842  1.408784  1.718626
535.5  0.309369  1.411205  1.720574
536.0  0.314026  1.406572  1.720598
536.5  0.322532  1.394829  1.717361
537.0  0.331981  1.381162  1.713143
537.5  0.339150  1.368322  1.707473
538.0  0.341872  1.360155  1.702027
538.5  0.339804  1.357339  1.697143
539.0  0.334293  1.357834  1.692128
539.5  0.327498  1.360713  1.688211
540.0  0.321305  1.364823  1.686128
540.5  0.316649  1.368296  1.684945
541.0  0.313557  1.370537  1.684094
541.5  0.311694  1.372166  1.683860
542.0  0.310858  1.373616  1.684474
542.5  0.310943  1.374214  1.685157
543.0  0.311510  1.372879  1.684389
543.5  0.311552  1.370366  1.681918
544.0  0.309926  1.368814  1.678740
544.5  0.306280  1.368248  1.674528
545.0  0.301723  1.366587  1.668309
545.5  0.298608  1.362087  1.660695
546.0  0.299421  1.353500  1.652921
546.5  0.305413  1.340027  1.645440
547.0  0.315842  1.322536  1.638377
547.5  0.328231  1.304808  1.633039
548.0  0.339482  1.290263  1.629745
548.5  0.347190  1.282090  1.629279
549.0  0.350495  1.280396  1.630891
549.5  0.350111  1.284244  1.634355
550.0  0.347630  1.292424  1.640055
550.5  0.344581  1.302927  1.647508
551.0  0.341841  1.313352  1.655193
551.5  0.339685  1.322465  1.662150
552.0  0.338241  1.331016  1.669257
552.5  0.337798  1.337722  1.675520
553.0  0.338593  1.341065  1.679658
553.5  0.340284  1.341434  1.681718
554.0  0.341748  1.341294  1.683042
554.5  0.341605  1.342153  1.683758
555.0  0.339227  1.344677  1.683905
555.5  0.335472  1.348194  1.683667
556.0  0.332514  1.353144  1.685657
556.5  0.332788  1.356167  1.688954
557.0  0.337705  1.355915  1.693620
557.5  0.346904  1.354164  1.701068
558.0  0.358453  1.352651  1.711104
558.5  0.369817  1.352861  1.722678
559.0  0.378993  1.356615  1.735609
559.5  0.385215  1.364496  1.749711
560.0  0.388904  1.374668  1.763572
560.5  0.390998  1.384795  1.775793
561.0  0.392140  1.393185  1.785325
561.5  0.392276  1.398277  1.790553
562.0  0.390905  1.400697  1.791602
562.5  0.387692  1.400480  1.788172
563.0  0.382840  1.399610  1.782451
563.5  0.376826  1.395874  1.772699
564.0  0.369723  1.391198  1.760921
564.5  0.360823  1.387794  1.748617
565.0  0.349037  1.389158  1.738195
565.5  0.333872  1.393781  1.727653
566.0  0.316207  1.402977  1.719184
566.5  0.298210  1.414966  1.713177
567.0  0.282392  1.427362  1.709754
567.5  0.270414  1.437012  1.707426
568.0  0.262434  1.444195  1.706628
568.5  0.257346  1.450342  1.707688
569.0  0.253723  1.454694  1.708417
569.5  0.250854  1.457266  1.708120
570.0  0.249281  1.456504  1.705785
570.5  0.250554  1.452143  1.702697
571.0  0.256349  1.440026  1.696374
571.5  0.267485  1.420776  1.688261
572.0  0.283446  1.393198  1.676644
572.5  0.302649  1.362351  1.665000
573.0  0.323175  1.330782  1.653957
573.5  0.343324  1.299573  1.642897
574.0  0.361616  1.271753  1.633369
574.5  0.376458  1.249028  1.625486
575.0  0.386092  1.236329  1.622420
575.5  0.389174  1.233794  1.622968
576.0  0.385672  1.239638  1.625310
576.5  0.377301  1.252256  1.629557
577.0  0.367014  1.269115  1.636129
577.5  0.357705  1.287397  1.645103
578.0  0.350888  1.301688  1.652576
578.5  0.346120  1.313422  1.659542
579.0  0.341471  1.324243  1.665713
579.5  0.334710  1.334718  1.669428
580.0  0.324563  1.347566  1.672129
580.5  0.311413  1.362127  1.673540
581.0  0.297152  1.377152  1.674305
581.5  0.284340  1.389082  1.673422
582.0  0.275185  1.397887  1.673072
582.5  0.270921  1.402353  1.673273
583.0  0.271865  1.403480  1.675345
583.5  0.277854  1.402279  1.680134
584.0  0.288514  1.398862  1.687376
584.5  0.303044  1.394319  1.697362
585.0  0.319820  1.390651  1.710472
585.5  0.336453  1.388618  1.725070
586.0  0.350558  1.390432  1.740990
586.5  0.360878  1.396068  1.756946
587.0  0.367910  1.403973  1.771883
587.5  0.373544  1.410025  1.783570
588.0  0.379853  1.412163  1.792016
588.5  0.387782  1.408610  1.796392
589.0  0.396507  1.399148  1.795655
589.5  0.403787  1.386673  1.790460
590.0  0.407036  1.374186  1.781221
590.5  0.404513  1.365272  1.769785
591.0  0.396037  1.362521  1.758558
591.5  0.382915  1.363932  1.746848
592.0  0.367224  1.369504  1.736728
592.5  0.350866  1.376562  1.727427
593.0  0.334979  1.385333  1.720311
593.5  0.319971  1.395601  1.715572
594.0  0.305959  1.407640  1.713599
594.5  0.293100  1.420442  1.713542
595.0  0.281482  1.432838  1.714320
595.5  0.270785  1.445534  1.716319
596.0  0.260282  1.457027  1.717309
596.5  0.249420  1.468620  1.718039
597.0  0.238675  1.478034  1.716708
597.5  0.229942  1.483363  1.713306
598.0  0.226042  1.481777  1.707820
598.5  0.229520  1.470807  1.700327
599.0  0.241435  1.448891  1.690325
599.5  0.260824  1.417200  1.678024
600.0  0.285095  1.380640  1.665734
600.5  0.311059  1.341600  1.652660
601.0  0.336052  1.304575  1.640627
601.5  0.358627  1.271203  1.629830
602.0  0.378597  1.243042  1.621639
602.5  0.396505  1.220671  1.617176
603.0  0.412900  1.202263  1.615163
603.5  0.427825  1.187269  1.615094
604.0  0.440760  1.176507  1.617267
604.5  0.450863  1.170364  1.621227
605.0  0.457154  1.168922  1.626077
605.5  0.458470  1.172179  1.630649
606.0  0.453427  1.180655  1.634082
606.5  0.440786  1.196072  1.636858
607.0  0.420267  1.218401  1.638668
607.5  0.393333  1.246510  1.639843
608.0  0.363284  1.276319  1.639603
608.5  0.334389  1.304539  1.638928
609.0  0.310414  1.326866  1.637280
609.5  0.293343  1.342587  1.635930
610.0  0.282945  1.353319  1.636264
610.5  0.277358  1.361661  1.639019
611.0  0.274268  1.369361  1.643628
611.5  0.272072  1.380236  1.652308
612.0  0.270492  1.392882  1.663374
612.5  0.270455  1.406125  1.676580
613.0  0.273406  1.416773  1.690179
613.5  0.280473  1.423885  1.704358
614.0  0.291917  1.425765  1.717682
614.5  0.307067  1.422383  1.729451
615.0  0.324581  1.413230  1.737812
615.5  0.342678  1.400264  1.742943
616.0  0.359212  1.385251  1.744463
616.5  0.371795  1.371057  1.742851
617.0  0.378307  1.359623  1.737930
617.5  0.377759  1.353062  1.730821
618.0  0.371016  1.352326  1.723342
618.5  0.360771  1.355185  1.715955
619.0  0.350567  1.359104  1.709671
619.5  0.343303  1.361222  1.704525
620.0  0.339998  1.361026  1.701025
620.5  0.339471  1.359636  1.699107
621.0  0.339045  1.360642  1.699687
621.5  0.335862  1.365450  1.701312
622.0  0.328168  1.376965  1.705133
622.5  0.316012  1.392436  1.708447
623.0  0.301157  1.410264  1.711421
623.5  0.286344  1.426479  1.712823
624.0  0.274309  1.437574  1.711883
624.5  0.267018  1.442230  1.709247
625.0  0.265340  1.439296  1.704636
625.5  0.269052  1.428059  1.697111
626.0  0.276920  1.410101  1.687021
626.5  0.286805  1.389847  1.676652
627.0  0.296038  1.370354  1.666392
627.5  0.302240  1.353757  1.655996
628.0  0.304394  1.341856  1.646249
628.5  0.303548  1.333830  1.637378
629.0  0.302569  1.328574  1.631142
629.5  0.304922  1.322483  1.627405
630.0  0.313040  1.312912  1.625952
630.5  0.327135  1.298253  1.625388
631.0  0.345025  1.281697  1.626722
631.5  0.362991  1.265907  1.628898
632.0  0.377181  1.254224  1.631406
632.5  0.384908  1.249248  1.634156
633.0  0.385345  1.250438  1.635783
633.5  0.379491  1.258171  1.637662
634.0  0.369541  1.268191  1.637732
634.5  0.358055  1.278916  1.636970
635.0  0.347277  1.289136  1.636413
635.5  0.338764  1.296354  1.635118
636.0  0.333200  1.299721  1.632921
636.5  0.330251  1.302279  1.632530
637.0  0.328552  1.305364  1.633915
637.5  0.326108  1.310803  1.636911
638.0  0.321228  1.319738  1.640965
638.5  0.313635  1.333453  1.647088
639.0  0.305061  1.350315  1.655377
639.5  0.298826  1.366124  1.664949
640.0  0.298488  1.375503  1.673991
640.5  0.306260  1.375218  1.681479
641.0  0.321990  1.352570  1.674560
641.5  0.343175  1.336342  1.679517
642.0  0.365913  1.312417  1.678329
642.5  0.386268  1.290732  1.677000
643.0  0.401448  1.277490  1.678938
643.5  0.410380  1.265644  1.676024
644.0  0.413599  1.268495  1.682094
644.5  0.412623  1.264133  1.676756
645.0  0.409170  1.272532  1.681702
645.5  0.404568  1.273182  1.677750
646.0  0.399473  1.281618  1.681090
646.5  0.393776  1.285598  1.679374
647.0  0.386549  1.294097  1.680646
647.5  0.376104  1.304949  1.681054
648.0  0.360457  1.320284  1.680742
648.5  0.338299  1.343505  1.681804
649.0  0.310101  1.372356  1.682457
649.5  0.278655  1.403373  1.682028
650.0  0.248532  1.435986  1.684518
650.5  0.224594  1.456096  1.680690
651.0  0.210279  1.475413  1.685691
651.5  0.206515  1.473644  1.680159
652.0  0.211729  1.473929  1.685658
652.5  0.222813  1.456001  1.678814
653.0  0.236498  1.449519  1.686017
653.5  0.250502  1.430337  1.680839
654.0  0.264057  1.420118  1.684175
654.5  0.277761  1.404044  1.681805
655.0  0.292954  1.390359  1.683313
655.5  0.311004  1.372039  1.683044
656.0  0.332794  1.349285  1.682079
656.5  0.358459  1.326324  1.684783
657.0  0.387214  1.293610  1.680824
657.5  0.417121  1.266658  1.683779
658.0  0.444997  1.236045  1.681042
658.5  0.466866  1.216887  1.683753
659.0  0.479103  1.202717  1.681820
659.5  0.479854  1.201794  1.681648
660.0  0.469892  1.211411  1.681303
660.5  0.452313  1.228947  1.681259
661.0  0.431155  1.251741  1.682896
661.5  0.409706  1.273080  1.682785
662.0  0.389372  1.293388  1.682760
662.5  0.369614  1.312958  1.682571
663.0  0.348809  1.333058  1.681866
663.5  0.325478  1.357392  1.682870
664.0  0.299269  1.382186  1.681455
664.5  0.271320  1.411601  1.682921
665.0  0.243980  1.436656  1.680637
665.5  0.220135  1.463128  1.683263
666.0  0.202514  1.478485  1.680999
666.5  0.193246  1.490051  1.683297
667.0  0.193655  1.487736  1.681391
667.5  0.204072  1.477745  1.681818
668.0  0.223519  1.458139  1.681659
668.5  0.249484  1.431764  1.681249
669.0  0.278234  1.403361  1.681595
669.5  0.305877  1.373719  1.679596
670.0  0.329748  1.351627  1.681375
670.5  0.349297  1.331712  1.681009
671.0  0.365870  1.316440  1.682310
671.5  0.381473  1.299652  1.681125
672.0  0.397283  1.284432  1.681715
672.5  0.412744  1.269179  1.681923
673.0  0.425676  1.256584  1.682260
673.5  0.433214  1.249228  1.682442
674.0  0.433008  1.249661  1.682670
674.5  0.424102  1.258509  1.682611
675.0  0.407175  1.276923  1.684098
675.5  0.384167  1.300231  1.684398
676.0  0.357569  1.326931  1.684500
676.5  0.329791  1.355248  1.685039
677.0  0.302884  1.381909  1.684794
677.5  0.278569  1.407893  1.686461
678.0  0.258247  1.427784  1.686031
678.5  0.242756  1.444188  1.686944
679.0  0.232012  1.453252  1.685264
679.5  0.225018  1.461646  1.686664
680.0  0.220524  1.465799  1.686324
680.5  0.218044  1.468186  1.686230
681.0  0.218492  1.468617  1.687109
681.5  0.223883  1.462944  1.686827
682.0  0.236207  1.452044  1.688251
682.5  0.256150  1.430808  1.686957
683.0  0.282449  1.405669  1.688118
683.5  0.312223  1.375005  1.687229
684.0  0.342021  1.346024  1.688045
684.5  0.369014  1.318403  1.687416
685.0  0.391760  1.295961  1.687721
685.5  0.410265  1.277272  1.687537
686.0  0.425415  1.259570  1.684985
686.5  0.438149  1.247960  1.686108
687.0  0.448825  1.237855  1.686679
687.5  0.457070  1.229002  1.686071
688.0  0.462039  1.224363  1.686402
688.5  0.462751  1.222360  1.685111
689.0  0.458206  1.229275  1.687481
689.5  0.447377  1.235369  1.682747
690.0  0.429427  1.258253  1.687681
690.5  0.404319  1.280926  1.685245
691.0  0.373541  1.315881  1.689421
691.5  0.340309  1.344357  1.684666
692.0  0.308878  1.380422  1.689301
692.5  0.283160  1.404084  1.687244
693.0  0.265387  1.422367  1.687754
693.5  0.255539  1.431485  1.687024
694.0  0.251793  1.434411  1.686205
694.5  0.251686  1.436337  1.688023
695.0  0.253360  1.432256  1.685616
695.5  0.256340  1.433177  1.689517
696.0  0.261553  1.426001  1.687554
696.5  0.270672  1.419757  1.690429
697.0  0.285153  1.403978  1.689131
697.5  0.305437  1.384882  1.690319
698.0  0.330639  1.358853  1.689492
698.5  0.358722  1.330818  1.689540
699.0  0.386869  1.303461  1.690330
699.5  0.411817  1.278198  1.690015
700.0  0.430191  1.259276  1.689467
700.5  0.439081  1.250138  1.689220
701.0  0.436907  1.251786  1.688693
701.5  0.424207  1.267188  1.691395
702.0  0.403757  1.283194  1.686951
702.5  0.379723  1.313223  1.692946
703.0  0.356156  1.331313  1.687469
703.5  0.335578  1.358996  1.694574
704.0  0.318374  1.367815  1.686189
704.5  0.303222  1.390805  1.694027
705.0  0.288223  1.399510  1.687733
705.5  0.272129  1.422878  1.695008
706.0  0.255113  1.436698  1.691810
706.5  0.238807  1.454835  1.693641
707.0  0.225702  1.469604  1.695306
707.5  0.218244  1.476214  1.694459
708.0  0.218093  1.480555  1.698648
708.5  0.225791  1.467202  1.692993
709.0  0.240818  1.458413  1.699232
709.5  0.261740  1.431751  1.693492
710.0  0.286297  1.411489  1.697786
710.5  0.311569  1.381423  1.692992
711.0  0.334514  1.361362  1.695877
711.5  0.352877  1.341961  1.694838
712.0  0.366054  1.328639  1.694693
712.5  0.375277  1.320147  1.695424
713.0  0.382867  1.311838  1.694705
713.5  0.390879  1.304516  1.695396
714.0  0.399916  1.295632  1.695548
714.5  0.408750  1.284983  1.693733
715.0  0.414915  1.283944  1.698859
715.5  0.415895  1.276921  1.692817
716.0  0.410281  1.289814  1.700096
716.5  0.398378  1.292950  1.691328
717.0  0.382044  1.318925  1.700969
717.5  0.363909  1.325603  1.689512
718.0  0.346404  1.352883  1.699287
718.5  0.331098  1.360475  1.691573
719.0  0.318578  1.379137  1.697715
719.5  0.308741  1.386893  1.695634
720.0  0.301090  1.395449  1.696539
720.5  0.294828  1.405320  1.700148
721.0  0.288892  1.404307  1.693199
721.5  0.282263  1.418694  1.700957
722.0  0.274623  1.417148  1.691770
722.5  0.266973  1.434018  1.700991
723.0  0.261628  1.432154  1.693783
723.5  0.261370  1.440697  1.702067
724.0  0.268105  1.428619  1.696724
724.5  0.281805  1.417853  1.699658
725.0  0.300317  1.396883  1.697199
725.5  0.320154  1.378770  1.698924
726.0  0.337834  1.358689  1.696523
726.5  0.351106  1.345422  1.696528
727.0  0.359548  1.336281  1.695829
727.5  0.364335  1.332925  1.697260
728.0  0.367353  1.329061  1.696414
728.5  0.370149  1.332400  1.702548
729.0  0.373228  1.321107  1.694334
729.5  0.375979  1.326887  1.702866
730.0  0.377078  1.313248  1.690326
730.5  0.374981  1.329227  1.704208
731.0  0.368263  1.322495  1.690757
731.5  0.355898  1.346896  1.702794
732.0  0.337720  1.355140  1.692859
732.5  0.315015  1.385886  1.700901
733.0  0.290838  1.406123  1.696961
733.5  0.269559  1.428166  1.697726
734.0  0.255591  1.444772  1.700363
734.5  0.251812  1.443670  1.695482
735.0  0.258495  1.443962  1.702457
735.5  0.273298  1.421664  1.694962
736.0  0.292310  1.409270  1.701580
736.5  0.311609  1.381955  1.693564
737.0  0.328644  1.371258  1.699903
737.5  0.342873  1.353382  1.696256
738.0  0.355493  1.343591  1.699084
738.5  0.368466  1.330202  1.698668
739.0  0.383374  1.315807  1.699182
739.5  0.400627  1.298820  1.699448
740.0  0.419310  1.276639  1.695949
740.5  0.437497  1.260087  1.697584
741.0  0.452703  1.243830  1.696533
741.5  0.462268  1.232807  1.695074
742.0  0.463798  1.235171  1.698969
742.5  0.455818  1.237226  1.693044
743.0  0.438515  1.263932  1.702446
743.5  0.414114  1.275642  1.689756
744.0  0.386449  1.318301  1.704750
744.5  0.359716  1.329454  1.689169
745.0  0.336956  1.367892  1.704848
745.5  0.319034  1.371795  1.690828
746.0  0.304625  1.396734  1.701359
746.5  0.291183  1.401791  1.692974
747.0  0.276362  1.420296  1.696658
747.5  0.259236  1.438365  1.697601
748.0  0.240806  1.454284  1.695090
748.5  0.223664  1.478057  1.701721
749.0  0.211028  1.484468  1.695496
749.5  0.205647  1.496239  1.701886
750.0  0.209044  1.486412  1.695456
750.5  0.221298  1.480481  1.701779
751.0  0.241212  1.456963  1.698175
751.5  0.266593  1.432606  1.699198
752.0  0.294515  1.404373  1.698888
752.5  0.321761  1.376353  1.698115
753.0  0.345549  1.355835  1.701384
753.5  0.364395  1.332766  1.697161
754.0  0.378606  1.322328  1.700934
754.5  0.389961  1.308788  1.698750
755.0  0.400604  1.299464  1.700068
755.5  0.411678  1.288256  1.699934
756.0  0.422474  1.274168  1.696642
756.5  0.430547  1.273307  1.703854
757.0  0.432720  1.259981  1.692702
757.5  0.426464  1.280063  1.706527
758.0  0.410962  1.278957  1.689919
758.5  0.387450  1.319255  1.706705
759.0  0.358744  1.329885  1.688629
759.5  0.328272  1.378580  1.706853
760.0  0.299114  1.392917  1.692031
760.5  0.273451  1.429387  1.702839
761.0  0.252534  1.441499  1.694033
761.5  0.236884  1.462781  1.699665
762.0  0.226437  1.470219  1.696656
762.5  0.220570  1.474531  1.695101
763.0  0.218267  1.479665  1.697932
763.5  0.218608  1.475691  1.694299
764.0  0.221444  1.476607  1.698050
764.5  0.227762  1.468044  1.695806
765.0  0.239325  1.456853  1.696178
765.5  0.257623  1.439605  1.697228
766.0  0.282698  1.411999  1.694698
766.5  0.312558  1.387566  1.700124
767.0  0.343571  1.348294  1.691865
767.5  0.371666  1.327894  1.699559
768.0  0.393738  1.296844  1.690582
768.5  0.408609  1.291492  1.700102
769.0  0.417132  1.276134  1.693266
769.5  0.421482  1.275465  1.696947
770.0  0.424015  1.271668  1.695683
770.5  0.426248  1.264499  1.690747
771.0  0.428378  1.270179  1.698557
771.5  0.429423  1.257678  1.687102
772.0  0.427706  1.271143  1.698849
772.5  0.421370  1.261882  1.683252
773.0  0.408831  1.291582  1.700413
773.5  0.389264  1.294195  1.683459
774.0  0.363183  1.334589  1.697772
774.5  0.332873  1.356023  1.688895
775.0  0.302246  1.395465  1.697711
775.5  0.275888  1.417153  1.693041
776.0  0.257543  1.437142  1.694686
776.5  0.248732  1.447099  1.695832
777.0  0.248224  1.446160  1.694383
777.5  0.252674  1.441726  1.694400
778.0  0.258138  1.434648  1.692785
778.5  0.261738  1.430266  1.692005
779.0  0.262780  1.432010  1.694790
779.5  0.262883  1.426601  1.689484
780.0  0.265171  1.430734  1.695905
780.5  0.272932  1.414426  1.687358
781.0  0.288317  1.409146  1.697463
781.5  0.311559  1.374503  1.686062
782.0  0.340825  1.357759  1.698584
782.5  0.372585  1.314020  1.686605
783.0  0.402270  1.293359  1.695628
783.5  0.425168  1.263491  1.688659
784.0  0.437541  1.254471  1.692012
784.5  0.437774  1.254474  1.692248
785.0  0.427098  1.261288  1.688386
785.5  0.409395  1.288709  1.698104
786.0  0.389914  1.298169  1.688083
786.5  0.373346  1.326673  1.700019
787.0  0.362102  1.324975  1.687077
787.5  0.355619  1.344104  1.699723
788.0  0.350986  1.336978  1.687964
788.5  0.344515  1.354905  1.699421
789.0  0.333499  1.357947  1.691446
789.5  0.317396  1.378732  1.696128
790.0  0.298070  1.393925  1.691994
790.5  0.279116  1.415878  1.694994
791.0  0.264696  1.430389  1.695085
791.5  0.258348  1.436410  1.694757
792.0  0.262121  1.432727  1.694848
792.5  0.276105  1.420158  1.696263
793.0  0.298285  1.394426  1.692711
793.5  0.324754  1.370748  1.695502
794.0  0.350443  1.338580  1.689023
794.5  0.370428  1.328647  1.699075
795.0  0.381498  1.305494  1.686992
795.5  0.383312  1.314847  1.698159
796.0  0.378497  1.307508  1.686006
796.5  0.371484  1.327956  1.699440
797.0  0.366555  1.324452  1.691007
797.5  0.366026  1.332849  1.698874
798.0  0.369410  1.324749  1.694159
798.5  0.373880  1.317969  1.691849
799.0  0.375687  1.320019  1.695706
799.5  0.371784  1.317060  1.688844
800.0  0.360964  1.338187  1.699152
800.5  0.344134  1.344666  1.688801
801.0  0.323842  1.376773  1.700615
801.5  0.303397  1.387698  1.691095
802.0  0.285993  1.411859  1.697852
802.5  0.274036  1.417070  1.691106
803.0  0.268677  1.427923  1.696600
803.5  0.269487  1.425356  1.694843
804.0  0.274414  1.421341  1.695754
804.5  0.280278  1.415264  1.695542
805.0  0.283908  1.412620  1.696529
805.5  0.283572  1.411525  1.695097
806.0  0.279975  1.416970  1.696945
806.5  0.276199  1.418684  1.694883
807.0  0.276424  1.423088  1.699513
807.5  0.283997  1.409329  1.693327
808.0  0.299781  1.401465  1.701246
808.5  0.321608  1.369240  1.690849
809.0  0.345061  1.358302  1.703363
809.5  0.365151  1.324718  1.689869
810.0  0.378070  1.322331  1.700401
810.5  0.382300  1.308313  1.690613
811.0  0.378737  1.320017  1.698754
811.5  0.369982  1.324243  1.694225
812.0  0.359259  1.336483  1.695742
812.5  0.349449  1.348266  1.697715
813.0  0.342474  1.350963  1.693438
813.5  0.338997  1.360646  1.699644
814.0  0.338257  1.354026  1.692283
814.5  0.338118  1.362070  1.700188
815.0  0.335569  1.356564  1.692132
815.5  0.327827  1.370642  1.698469
816.0  0.313742  1.378452  1.692194
816.5  0.294811  1.399364  1.694175
817.0  0.275111  1.417231  1.692341
817.5  0.259987  1.433670  1.693656
818.0  0.254015  1.439055  1.693070
818.5  0.259187  1.434046  1.693234
819.0  0.274196  1.417524  1.691720
819.5  0.295121  1.395411  1.690532
820.0  0.317097  1.371305  1.688403
820.5  0.336143  1.357923  1.694066
821.0  0.350357  1.337871  1.688228
821.5  0.360110  1.333307  1.693417
822.0  0.367351  1.318324  1.685675
822.5  0.374502  1.319282  1.693784
823.0  0.383467  1.302135  1.685602
823.5  0.395029  1.297949  1.692978
824.0  0.408626  1.278774  1.687401
824.5  0.422342  1.267456  1.689798
825.0  0.433128  1.255927  1.689055
825.5  0.437438  1.249164  1.686602
826.0  0.432342  1.256865  1.689207
826.5  0.416830  1.267926  1.684757
827.0  0.392651  1.298404  1.691056
827.5  0.364113  1.320602  1.684715
828.0  0.336728  1.353178  1.689906
828.5  0.315242  1.370668  1.685910
829.0  0.301943  1.388909  1.690852
829.5  0.296032  1.391874  1.687906
830.0  0.294311  1.394153  1.688464
830.5  0.292779  1.394528  1.687307
831.0  0.288369  1.399821  1.688191
831.5  0.280107  1.407830  1.687936
832.0  0.269329  1.418956  1.688285
832.5  0.259035  1.429238  1.688273
833.0  0.252772  1.436621  1.689392
833.5  0.253517  1.433415  1.686932
834.0  0.262875  1.425520  1.688395
834.5  0.280636  1.404783  1.685419
835.0  0.304672  1.384604  1.689276
835.5  0.331244  1.352832  1.684076
836.0  0.355838  1.332486  1.688324
836.5  0.374485  1.311322  1.685807
837.0  0.385125  1.303678  1.688803
837.5  0.388387  1.298506  1.686893
838.0  0.387273  1.300372  1.687645
838.5  0.385797  1.302706  1.688503
839.0  0.387145  1.300181  1.687326
839.5  0.392249  1.297326  1.689575
840.0  0.399402  1.286828  1.686230
840.5  0.405060  1.284875  1.689935
841.0  0.405368  1.279109  1.684478
841.5  0.397709  1.289433  1.687141
842.0  0.381638  1.302249  1.683888
842.5  0.358957  1.330396  1.689353
843.0  0.333015  1.353557  1.686572
843.5  0.307652  1.379493  1.687145
844.0  0.286219  1.401517  1.687736
844.5  0.270913  1.417547  1.688460
845.0  0.262479  1.425920  1.688399
845.5  0.260183  1.427749  1.687932
846.0  0.262093  1.426923  1.689016
846.5  0.265744  1.422259  1.688003
847.0  0.269119  1.419056  1.688176
847.5  0.271608  1.415752  1.687360
848.0  0.274402  1.413591  1.687993
848.5  0.280003  1.408484  1.688486
849.0  0.290947  1.397109  1.688056
849.5  0.308348  1.379789  1.688137
850.0  0.330997  1.356441  1.687439
850.5  0.355496  1.332581  1.688077
851.0  0.377370  1.311055  1.688425
851.5  0.392624  1.295267  1.687890
852.0  0.399042  1.289386  1.688428
852.5  0.396759  1.291673  1.688432
853.0  0.387939  1.302763  1.690702
853.5  0.375826  1.312019  1.687845
854.0  0.363580  1.327173  1.690753
854.5  0.353367  1.336158  1.689525
855.0  0.345892  1.346053  1.691945
855.5  0.340375  1.349385  1.689760
856.0  0.334880  1.356312  1.691192
856.5  0.326956  1.363570  1.690526
857.0  0.314585  1.377782  1.692366
857.5  0.297250  1.395252  1.692503
858.0  0.276709  1.414522  1.691231
858.5  0.256930  1.436815  1.693745
859.0  0.242974  1.448420  1.691394
859.5  0.239109  1.453942  1.693051
860.0  0.246981  1.443504  1.690486
860.5  0.264759  1.428711  1.693469
861.0  0.287698  1.402471  1.690169
861.5  0.309890  1.381540  1.691430
862.0  0.326369  1.364384  1.690753
862.5  0.334722  1.357860  1.692583
863.0  0.335671  1.355469  1.691141
863.5  0.332523  1.359525  1.692048
864.0  0.329826  1.363165  1.692991
864.5  0.331764  1.361703  1.693467
865.0  0.340809  1.352561  1.693370
865.5  0.356992  1.334114  1.691106
866.0  0.377857  1.314076  1.691932
866.5  0.399028  1.293730  1.692758
867.0  0.415300  1.276781  1.692081
867.5  0.422109  1.269657  1.691766
868.0  0.417085  1.275155  1.692240
868.5  0.401142  1.294278  1.695420
869.0  0.378544  1.316395  1.694939
869.5  0.355641  1.338413  1.694054
870.0  0.338598  1.355045  1.693643
870.5  0.331027  1.364402  1.695429
871.0  0.332626  1.361982  1.694608
871.5  0.339477  1.352524  1.692001
872.0  0.345839  1.348443  1.694282
872.5  0.346541  1.346949  1.693490
873.0  0.338963  1.358985  1.697949
873.5  0.323885  1.368927  1.692812
874.0  0.305054  1.395819  1.700872
874.5  0.287801  1.409697  1.697498
875.0  0.277281  1.424512  1.701794
875.5  0.276942  1.423440  1.700382
876.0  0.287606  1.415802  1.703409
876.5  0.307278  1.395889  1.703166
877.0  0.331620  1.369728  1.701348
877.5  0.355025  1.348021  1.703045
878.0  0.372117  1.326595  1.698713
878.5  0.379402  1.323649  1.703051
879.0  0.376494  1.323483  1.699977
879.5  0.366371  1.337824  1.704195
880.0  0.354322  1.348001  1.702323
880.5  0.345850  1.359764  1.705613
881.0  0.344358  1.358183  1.702541
881.5  0.349709  1.352448  1.702157
882.0  0.358355  1.343153  1.701508
882.5  0.364953  1.335715  1.700668
883.0  0.364661  1.336132  1.700793
883.5  0.355084  1.345925  1.701009
884.0  0.337139  1.363467  1.700606
884.5  0.314669  1.389303  1.703972
885.0  0.293083  1.407244  1.700327
885.5  0.277647  1.428707  1.706354
886.0  0.271976  1.427369  1.699345
886.5  0.277132  1.430599  1.707731
887.0  0.291414  1.408522  1.699936
887.5  0.310825  1.397530  1.708355
888.0  0.330127  1.371321  1.701447
888.5  0.344343  1.363329  1.707672
889.0  0.350353  1.354656  1.705009
889.5  0.348024  1.357121  1.705146
890.0  0.340342  1.366808  1.707150
890.5  0.332284  1.372354  1.704638
891.0  0.328757  1.380305  1.709062
891.5  0.332446  1.370612  1.703058
892.0  0.342575  1.367746  1.710320
892.5  0.355188  1.348242  1.703430
893.0  0.364813  1.343950  1.708763
893.5  0.366681  1.336927  1.703608
894.0  0.358564  1.346926  1.705490
894.5  0.341529  1.361113  1.702641
895.0  0.319489  1.383801  1.703290
895.5  0.297832  1.405859  1.703691
896.0  0.281714  1.422448  1.704163
896.5  0.274594  1.430496  1.705090
897.0  0.277356  1.429622  1.706978
897.5  0.288165  1.414853  1.703018
898.0  0.303007  1.402398  1.705405
898.5  0.316839  1.381230  1.698070
899.0  0.325164  1.382268  1.707432
899.5  0.325618  1.371101  1.696719
900.0  0.318987  1.388768  1.707755
900.5  0.309107  1.389613  1.698720
901.0  0.301494  1.406193  1.707686
901.5  0.301114  1.399262  1.700376
902.0  0.310251  1.394240  1.704491
902.5  0.327448  1.378834  1.706283
903.0  0.348044  1.353474  1.701518
903.5  0.366009  1.340359  1.706368
904.0  0.376224  1.324031  1.700255
904.5  0.376243  1.332956  1.709199
905.0  0.366943  1.333466  1.700408
905.5  0.351972  1.356437  1.708409
906.0  0.336341  1.365803  1.702144
906.5  0.324731  1.381827  1.706558
907.0  0.320092  1.383165  1.703257
907.5  0.322852  1.379864  1.702717
908.0  0.330835  1.371121  1.701956
908.5  0.339862  1.360732  1.700595
909.0  0.344959  1.355296  1.700255
909.5  0.341982  1.359005  1.700987
910.0  0.329253  1.372788  1.702040
910.5  0.308587  1.396793  1.705380
911.0  0.285131  1.415448  1.700579
911.5  0.265827  1.441032  1.706859
912.0  0.256930  1.439872  1.696802
912.5  0.261601  1.446384  1.707985
913.0  0.278673  1.417081  1.695754
913.5  0.303186  1.403996  1.707183
914.0  0.328411  1.366121  1.694531
914.5  0.348365  1.355992  1.704356
915.0  0.359763  1.337644  1.697407
915.5  0.362731  1.339312  1.702044
916.0  0.360239  1.340696  1.700935
916.5  0.356672  1.341592  1.698263
917.0  0.356196  1.347287  1.703484
917.5  0.361462  1.335612  1.697074
918.0  0.372904  1.333238  1.706141
918.5  0.388646  1.307849  1.696495
919.0  0.404946  1.300373  1.705319
919.5  0.417128  1.282002  1.699131
920.0  0.420966  1.283219  1.704185
920.5  0.414188  1.285388  1.699576
921.0  0.397571  1.307094  1.704665
921.5  0.375015  1.329122  1.704136
922.0  0.352338  1.349651  1.701989
922.5  0.335133  1.368716  1.703848
923.0  0.326567  1.377091  1.703658
923.5  0.326191  1.377750  1.703941
924.0  0.330346  1.372537  1.702883
924.5  0.333950  1.367883  1.701833
925.0  0.332763  1.373586  1.706349
925.5  0.325094  1.373582  1.698676
926.0  0.312299  1.397677  1.709976
926.5  0.298025  1.399155  1.697179
927.0  0.286670  1.424206  1.710876
927.5  0.281786  1.414155  1.695941
928.0  0.284968  1.426545  1.711513
928.5  0.295488  1.403004  1.698493
929.0  0.310560  1.396734  1.707294
929.5  0.326071  1.375377  1.701448
930.0  0.337663  1.367158  1.704821
930.5  0.342023  1.365920  1.707943
931.0  0.338094  1.365908  1.704003
931.5  0.327730  1.383433  1.711163
932.0  0.315334  1.389047  1.704381
932.5  0.306384  1.406015  1.712399
933.0  0.305275  1.399333  1.704608
933.5  0.313406  1.395652  1.709058
934.0  0.328450  1.378815  1.707264
934.5  0.345228  1.363706  1.708934
935.0  0.357808  1.351877  1.709686
935.5  0.361861  1.344582  1.706444
936.0  0.356262  1.352769  1.709031
936.5  0.343351  1.363032  1.706383
937.0  0.327891  1.382968  1.710859
937.5  0.315258  1.395318  1.710575
938.0  0.309625  1.400083  1.709708
938.5  0.312756  1.399645  1.712401
939.0  0.323631  1.381212  1.704842
939.5  0.338834  1.375540  1.714374
940.0  0.353531  1.347512  1.701043
940.5  0.362846  1.352017  1.714863
941.0  0.363422  1.332998  1.696420
941.5  0.354724  1.357887  1.712610
942.0  0.339553  1.357961  1.697514
942.5  0.323345  1.389519  1.712865
943.0  0.312285  1.389333  1.701619
943.5  0.310853  1.397578  1.708431
944.0  0.319869  1.384908  1.704777
944.5  0.335991  1.370203  1.706194
945.0  0.352965  1.353963  1.706928
945.5  0.364066  1.339396  1.703462
946.0  0.364629  1.342808  1.707437
946.5  0.353660  1.350994  1.704653
947.0  0.333974  1.374453  1.708427
947.5  0.311001  1.395865  1.706866
948.0  0.290847  1.416255  1.707102
948.5  0.278383  1.431071  1.709453
949.0  0.275944  1.428261  1.704205
949.5  0.282842  1.425922  1.708764
950.0  0.295651  1.405930  1.701581
950.5  0.309170  1.399237  1.708406
951.0  0.317952  1.382373  1.700325
951.5  0.318147  1.385600  1.703747
952.0  0.309116  1.391944  1.701060
952.5  0.294118  1.407891  1.702009
953.0  0.279536  1.425968  1.705504
953.5  0.272647  1.424836  1.697483
954.0  0.278697  1.430220  1.708916
954.5  0.298570  1.397199  1.695769
955.0  0.328208  1.380303  1.708511
955.5  0.360094  1.332128  1.692222
956.0  0.386075  1.321137  1.707212
956.5  0.400222  1.294482  1.694704
957.0  0.400593  1.301812  1.702406
957.5  0.389392  1.306298  1.695690
958.0  0.371746  1.329988  1.701734
958.5  0.353770  1.346853  1.700623
959.0  0.340694  1.356882  1.697576
959.5  0.335549  1.364100  1.699649
960.0  0.338577  1.360446  1.699023
960.5  0.347296  1.355653  1.702948
961.0  0.357172  1.342001  1.699173
961.5  0.362921  1.335598  1.698519
962.0  0.360277  1.343485  1.703763
962.5  0.347763  1.352607  1.700370
963.0  0.327716  1.377399  1.705114
963.5  0.305905  1.391302  1.697207
964.0  0.289584  1.416768  1.706352
964.5  0.284581  1.414583  1.699164
965.0  0.292748  1.411892  1.704641
965.5  0.311064  1.386745  1.697809
966.0  0.332899  1.367662  1.700561
966.5  0.350792  1.350018  1.700810
967.0  0.359373  1.338049  1.697421
967.5  0.357147  1.346713  1.703860
968.0  0.346613  1.348314  1.694926
968.5  0.332921  1.373618  1.706538
969.0  0.321861  1.372633  1.694493
969.5  0.317997  1.388092  1.706090
970.0  0.323498  1.371464  1.694962
970.5  0.337754  1.367712  1.705467
971.0  0.357645  1.340158  1.697803
971.5  0.378287  1.325211  1.703498
972.0  0.394247  1.304923  1.699170
972.5  0.401092  1.300324  1.701415
973.0  0.396960  1.303079  1.700039
973.5  0.383516  1.317141  1.700657
974.0  0.365688  1.336103  1.701791
974.5  0.349959  1.352223  1.702183
975.0  0.341714  1.358734  1.700448
975.5  0.342788  1.359509  1.702298
976.0  0.350523  1.347898  1.698421
976.5  0.358880  1.344087  1.702967
977.0  0.361096  1.334243  1.695340
977.5  0.352551  1.350640  1.703191
978.0  0.332574  1.362902  1.695476
978.5  0.304563  1.398986  1.703549
979.0  0.274612  1.422142  1.696754
979.5  0.249397  1.452053  1.701450
980.0  0.234199  1.466447  1.700645
980.5  0.231645  1.467040  1.698686
981.0  0.241326  1.461229  1.702556
981.5  0.260126  1.435020  1.695146
982.0  0.283091  1.421291  1.704382
982.5  0.304722  1.389481  1.694203
983.0  0.320519  1.382663  1.703182
983.5  0.328439  1.365500  1.693939
984.0  0.329723  1.373356  1.703080
984.5  0.328572  1.368962  1.697534
985.0  0.330508  1.370853  1.701361
985.5  0.339913  1.359419  1.699332
986.0  0.357789  1.342779  1.700568
986.5  0.380904  1.319958  1.700862
987.0  0.402848  1.296937  1.699784
987.5  0.416523  1.282417  1.698940
988.0  0.416871  1.282949  1.699820
988.5  0.402641  1.295474  1.698115
989.0  0.376618  1.324211  1.700829
989.5  0.344459  1.351809  1.696268
990.0  0.312792  1.389206  1.701998
990.5  0.287338  1.409819  1.697157
991.0  0.271577  1.431905  1.703482
991.5  0.266140  1.430821  1.696960
992.0  0.268913  1.433045  1.701959
992.5  0.275799  1.423220  1.699019
993.0  0.282030  1.417389  1.699419
993.5  0.283830  1.416381  1.700211
994.0  0.279941  1.417593  1.697534
994.5  0.272409  1.430998  1.703407
995.0  0.266108  1.430739  1.696847
995.5  0.266934  1.437657  1.704591
996.0  0.279274  1.417439  1.696712
996.5  0.303871  1.399985  1.703856
997.0  0.337199  1.358797  1.695996
997.5  0.372694  1.329398  1.702092
998.0  0.403231  1.292853  1.696084
998.5  0.423631  1.275610  1.699241
999.0  0.432133  1.264943  1.697076
999.5  0.430420  1.268712  1.699131
1000.0  0.422450  1.276568  1.699018
