0.0  159.6671
0.5  172.4723
1.0  187.5471
1.5  203.6168
2.0  219.6845
2.5  235.0087
3.0  248.9619
3.5  260.9422
4.0  270.4399
4.5  277.2237
5.0  281.4844
5.5  283.7459
6.0  284.4964
6.5  283.7450
7.0  280.8436
7.5  274.7819
8.0  264.8251
8.5  251.0890
9.0  234.6737
9.5  217.2864
10.0  200.6408
10.5  186.0295
11.0  174.2689
11.5  165.9058
12.0  161.4123
12.5  161.1876
13.0  165.3840
13.5  173.7110
14.0  185.3816
14.5  199.2812
15.0  214.3015
15.5  229.6523
16.0  244.9281
16.5  259.8521
17.0  273.8797
17.5  285.9953
18.0  294.9202
18.5  299.6228
19.0  299.7668
19.5  295.7667
20.0  288.4250
20.5  278.4483
21.0  266.2054
21.5  251.8686
22.0  235.7629
22.5  218.6231
23.0  201.5727
23.5  185.8560
24.0  172.4961
24.5  162.0704
25.0  154.7224
25.5  150.3842
26.0  149.0362
26.5  150.7816
27.0  155.6494
27.5  163.2961
28.0  172.9111
28.5  183.4912
29.0  194.3234
29.5  205.2966
30.0  216.7519
30.5  228.9384
31.0  241.4596
31.5  253.1221
32.0  262.2994
32.5  267.5638
33.0  268.2058
33.5  264.3941
34.0  256.9770
34.5  247.0930
35.0  235.8120
35.5  223.9767
36.0  212.2748
36.5  201.3936
37.0  192.0322
37.5  184.6842
38.0  179.3610
38.5  175.5714
39.0  172.7091
39.5  170.6552
40.0  170.1540
40.5  172.6174
41.0  179.3999
41.5  190.9815
42.0  206.5668
42.5  224.3125
43.0  241.9804
43.5  257.6139
44.0  269.9470
44.5  278.4795
45.0  283.3168
45.5  284.9196
46.0  283.8996
46.5  280.9238
47.0  276.6699
47.5  271.7019
48.0  266.2136
48.5  259.7963
49.0  251.5042
49.5  240.3504
50.0  226.0286
50.5  209.4080
51.0  192.4256
51.5  177.3846
52.0  166.0801
52.5  159.2682
53.0  156.7090
53.5  157.6011
54.0  161.0425
54.5  166.2775
55.0  172.7332
55.5  179.9781
56.0  187.7187
56.5  195.8626
57.0  204.5915
57.5  214.3249
58.0  225.4758
58.5  238.0430
59.0  251.2807
59.5  263.7420
60.0  273.7885
60.5  280.3162
61.0  283.2373
61.5  283.3818
62.0  281.8790
62.5  279.4378
63.0  275.9948
63.5  270.8987
64.0  263.4252
64.5  253.2603
65.0  240.7146
65.5  226.6518
66.0  212.2520
66.5  198.7517
67.0  187.2619
67.5  178.6902
68.0  173.7081
68.5  172.6599
69.0  175.3901
69.5  181.1260
70.0  188.6204
70.5  196.6206
71.0  204.4478
71.5  212.2917
72.0  220.9481
72.5  231.1012
73.0  242.6009
73.5  254.2067
74.0  263.9496
74.5  269.8579
75.0  270.6359
75.5  266.0093
76.0  256.6902
76.5  244.0759
77.0  229.8505
77.5  215.6407
78.0  202.8002
78.5  192.2950
79.0  184.6023
79.5  179.6019
80.0  176.5697
80.5  174.4343
81.0  172.3108
81.5  170.0717
82.0  168.5750
82.5  169.3123
83.0  173.6099
83.5  181.8375
84.0  193.0880
84.5  205.4751
85.0  216.8277
85.5  225.4095
86.0  230.3891
86.5  231.9652
87.0  231.1790
87.5  229.5229
88.0  228.4948
88.5  229.2339
89.0  232.2892
89.5  237.4922
90.0  243.9193
90.5  250.0187
91.0  254.0046
91.5  254.4886
92.0  251.1000
92.5  244.7439
93.0  237.2867
93.5  230.7913
94.0  226.7017
94.5  225.3878
95.0  226.2023
95.5  227.9051
96.0  229.1938
96.5  229.1377
97.0  227.4275
97.5  224.4193
98.0  220.9972
98.5  218.3176
99.0  217.5121
99.5  219.3897
100.0  224.1531
100.5  231.1889
101.0  239.0694
101.5  245.8962
102.0  249.9364
102.5  250.2752
103.0  247.1230
103.5  241.5887
104.0  235.0653
104.5  228.6089
105.0  222.6418
105.5  217.0465
106.0  211.4731
106.5  205.6393
107.0  199.5160
107.5  193.3911
108.0  187.8392
108.5  183.6199
109.0  181.5314
109.5  182.2456
110.0  186.1260
110.5  193.0325
111.0  202.1860
111.5  212.2318
112.0  221.6019
112.5  229.0792
113.0  234.2688
113.5  237.6686
114.0  240.2681
114.5  242.9279
115.0  245.9286
115.5  248.9147
116.0  251.1643
116.5  251.9443
117.0  250.7707
117.5  247.5395
118.0  242.5614
118.5  236.5094
119.0  230.2708
119.5  224.7300
120.0  220.5398
120.5  217.9370
121.0  216.6329
121.5  215.8301
122.0  214.4424
122.5  211.5379
123.0  206.8637
123.5  201.1612
124.0  196.0126
124.5  193.2190
125.0  194.0223
125.5  198.5942
126.0  206.0206
126.5  214.6911
127.0  222.8273
127.5  228.9330
128.0  232.0995
128.5  232.1618
129.0  229.6920
129.5  225.8073
130.0  221.8283
130.5  218.8792
131.0  217.5367
131.5  217.6193
132.0  218.2043
132.5  217.9420
133.0  215.6322
133.5  210.8538
134.0  204.3174
134.5  197.6923
135.0  192.9511
135.5  191.5828
136.0  194.0920
136.5  199.9708
137.0  208.0125
137.5  216.7020
138.0  224.5341
138.5  230.2693
139.0  233.1753
139.5  233.2204
140.0  231.1168
140.5  228.1408
141.0  225.7442
141.5  225.0615
142.0  226.4767
142.5  229.4437
143.0  232.7004
143.5  234.8556
144.0  235.0986
144.5  233.6478
145.0  231.6533
145.5  230.5918
146.0  231.5226
146.5  234.6467
147.0  239.3550
147.5  244.5981
148.0  249.2677
148.5  252.4132
149.0  253.3335
149.5  251.6624
150.0  247.4902
150.5  241.4519
151.0  234.6775
151.5  228.5382
152.0  224.2205
152.5  222.2683
153.0  222.3182
153.5  223.2311
154.0  223.6415
154.5  222.6835
155.0  220.4793
155.5  218.0585
156.0  216.7250
156.5  217.2614
157.0  219.4729
157.5  222.3066
158.0  224.3768
158.5  224.5136
159.0  222.0700
159.5  216.9708
160.0  209.6391
160.5  200.9194
161.0  192.0118
161.5  184.3540
162.0  179.3727
162.5  178.0954
163.0  180.7389
163.5  186.5001
164.0  193.7589
164.5  200.7060
165.0  206.1353
165.5  209.9651
166.0  213.1600
166.5  217.0718
167.0  222.5916
167.5  229.6158
168.0  237.0829
168.5  243.4525
169.0  247.2839
169.5  247.6416
170.0  244.2649
170.5  237.5751
171.0  228.6058
171.5  218.8794
172.0  210.1969
172.5  204.2981
173.0  202.4068
173.5  204.7943
174.0  210.5873
174.5  218.0149
175.0  225.0831
175.5  230.3948
176.0  233.6911
176.5  235.8053
177.0  238.0614
177.5  241.4774
178.0  246.2231
178.5  251.5630
179.0  256.1956
179.5  258.7223
180.0  258.0333
180.5  253.5428
181.0  245.3001
181.5  234.0140
182.0  220.9949
182.5  207.9825
183.0  196.8140
183.5  188.9402
184.0  184.9235
184.5  184.1710
185.0  185.1383
185.5  186.0156
186.0  185.5994
186.5  183.8801
187.0  182.0069
187.5  181.6607
188.0  184.2223
188.5  190.1976
189.0  199.1213
189.5  209.8363
190.0  220.9019
190.5  230.9529
191.0  238.9636
191.5  244.4295
192.0  247.4698
192.5  248.8259
193.0  249.7158
193.5  251.5034
194.0  255.1996
194.5  260.9376
195.0  267.6887
195.5  273.4664
196.0  276.0444
196.5  273.8913
197.0  266.8430
197.5  256.1480
198.0  243.8844
198.5  232.1083
199.0  222.1907
199.5  214.5902
200.0  209.0001
200.5  204.6674
201.0  200.7306
201.5  196.5261
202.0  191.8416
202.5  187.0688
203.0  183.2013
203.5  181.6423
204.0  183.8170
204.5  190.6377
205.0  201.9795
205.5  216.4234
206.0  231.4980
206.5  244.4342
207.0  253.1354
207.5  256.8868
208.0  256.4371
208.5  253.4378
209.0  249.5891
209.5  245.9516
210.0  242.6909
210.5  239.2212
211.0  234.5548
211.5  227.6990
212.0  218.0326
212.5  205.6162
213.0  191.3626
213.5  176.9872
214.0  164.7011
214.5  156.6794
215.0  154.4157
215.5  158.1703
216.0  166.7703
216.5  177.9444
217.0  189.1341
217.5  198.4414
218.0  205.2571
218.5  210.2717
219.0  214.9224
219.5  220.6208
220.0  228.1460
220.5  237.3919
221.0  247.4267
221.5  256.7437
222.0  263.6260
222.5  266.5901
223.0  264.8361
223.5  258.5702
224.0  249.0622
224.5  238.3661
225.0  228.7431
225.5  221.9447
226.0  218.6165
226.5  218.1046
227.0  218.8128
227.5  218.9947
228.0  217.6070
228.5  214.7910
229.0  211.7568
229.5  210.1855
230.0  211.5075
230.5  216.3929
231.0  224.5775
231.5  234.9503
232.0  245.7948
232.5  255.1420
233.0  261.2224
233.5  262.9408
234.0  260.2230
234.5  254.0774
235.0  246.2963
235.5  238.8436
236.0  233.1146
236.5  229.3585
237.0  226.5593
237.5  222.9047
238.0  216.6823
238.5  207.1839
239.0  195.1588
239.5  182.5970
240.0  171.9952
240.5  165.5129
241.0  164.3857
241.5  168.7208
242.0  177.5847
242.5  189.2655
243.0  201.6684
243.5  212.8267
244.0  221.4344
244.5  227.2257
245.0  231.0347
245.5  234.4597
246.0  239.2017
246.5  246.2892
247.0  255.5070
247.5  265.3235
248.0  273.4232
248.5  277.6417
249.0  276.8643
249.5  271.4451
250.0  262.9693
250.5  253.5436
251.0  245.0118
251.5  238.4297
252.0  233.8893
252.5  230.6041
253.0  227.1618
253.5  221.9293
254.0  213.5938
254.5  201.7260
255.0  187.1541
255.5  171.9541
256.0  158.9773
256.5  151.0114
257.0  149.8440
257.5  155.6040
258.0  166.7052
258.5  180.4744
259.0  194.2015
259.5  206.1129
260.0  215.8147
260.5  224.0619
261.0  232.0819
261.5  240.8556
262.0  250.6616
262.5  260.9396
263.0  270.3832
263.5  277.1920
264.0  279.4779
264.5  275.8028
265.0  265.7211
265.5  250.1203
266.0  231.1801
266.5  211.8833
267.0  195.1829
267.5  183.0968
268.0  176.1082
268.5  173.1768
269.0  172.4017
269.5  172.0213
270.0  171.2399
270.5  170.4822
271.0  171.0380
271.5  174.3979
272.0  181.6565
272.5  193.1686
273.0  208.4175
273.5  226.0198
274.0  243.8915
274.5  259.6526
275.0  271.2392
275.5  277.5250
276.0  278.6914
276.5  276.1633
277.0  272.0887
277.5  268.5181
278.0  266.5838
278.5  266.0400
279.0  265.4214
279.5  262.7915
280.0  256.7197
280.5  246.9714
281.0  234.5767
281.5  221.3384
282.0  209.1654
282.5  199.5956
283.0  193.5871
283.5  191.4220
284.0  192.6124
284.5  195.9115
285.0  199.6096
285.5  202.1329
286.0  202.7185
286.5  201.8356
287.0  201.1188
287.5  202.7806
288.0  208.6832
288.5  219.4232
289.0  233.8446
289.5  249.2767
290.0  262.4610
290.5  270.7472
291.0  272.9601
291.5  269.5366
292.0  261.9945
292.5  252.1779
293.0  241.7233
293.5  231.8563
294.0  223.3174
294.5  216.2352
295.0  210.0215
295.5  203.5170
296.0  195.4937
296.5  185.3408
297.0  173.5978
297.5  162.0421
298.0  153.2269
298.5  149.5984
299.0  152.5250
299.5  161.6821
300.0  175.1410
300.5  190.1793
301.0  204.4069
301.5  216.5885
302.0  226.7432
302.5  235.5980
303.0  243.8841
303.5  251.9497
304.0  259.7710
304.5  267.0854
305.0  273.3819
305.5  277.7825
306.0  279.0671
306.5  276.0157
307.0  267.9732
307.5  255.3399
308.0  239.6937
308.5  223.4142
309.0  208.9090
309.5  197.7472
310.0  190.1155
310.5  184.9174
311.0  180.5187
311.5  175.7495
312.0  170.5821
312.5  166.1087
313.0  163.9214
313.5  165.3752
314.0  171.1749
314.5  181.3513
315.0  195.3705
315.5  212.1494
316.0  230.0199
316.5  246.8580
317.0  260.5032
317.5  269.3584
318.0  272.8995
318.5  271.8359
319.0  267.8004
319.5  262.6474
320.0  257.6327
320.5  252.8734
321.0  247.4134
321.5  239.9075
322.0  229.5462
322.5  216.6586
323.0  202.6547
323.5  189.4423
324.0  178.7865
324.5  171.9942
325.0  169.9113
325.5  172.9523
326.0  180.9705
326.5  193.0736
327.0  207.6458
327.5  222.7146
328.0  236.5431
328.5  248.1674
329.0  257.6097
329.5  265.6456
330.0  273.1983
330.5  280.6283
331.0  287.2972
331.5  291.6988
332.0  292.1409
332.5  287.5951
333.0  278.1907
333.5  265.0723
334.0  249.8088
334.5  233.8249
335.0  218.2026
335.5  203.7942
336.0  191.3364
336.5  181.3577
337.0  173.9676
337.5  168.7778
338.0  165.1015
338.5  162.3621
339.0  160.4951
339.5  160.1263
340.0  162.4021
340.5  168.4898
341.0  178.9346
341.5  193.1998
342.0  209.6947
342.5  226.3439
343.0  241.3883
343.5  253.9220
344.0  263.8662
344.5  271.5129
345.0  277.0633
345.5  280.4794
346.0  281.6100
346.5  280.3298
347.0  276.5198
347.5  269.9641
348.0  260.3445
348.5  247.4188
349.0  231.3048
349.5  212.7110
350.0  192.9879
350.5  173.9404
351.0  157.4213
351.5  144.8263
352.0  136.7174
352.5  132.8087
353.0  132.3731
353.5  134.8324
354.0  140.1285
354.5  148.6337
355.0  160.7273
355.5  176.4073
356.0  195.1882
356.5  216.2129
357.0  238.3455
357.5  260.1470
358.0  279.8680
358.5  295.6393
359.0  305.8774
359.5  309.7315
360.0  307.3522
360.5  299.8493
361.0  288.9392
361.5  276.3898
362.0  263.4600
362.5  250.5829
363.0  237.4757
363.5  223.6440
364.0  208.9745
364.5  194.0340
365.0  179.9109
365.5  167.8053
366.0  158.7251
366.5  153.4495
367.0  152.5852
367.5  156.4593
368.0  164.8306
368.5  176.6762
369.0  190.3190
369.5  203.9090
370.0  216.0165
370.5  226.0396
371.0  234.2539
371.5  241.5114
372.0  248.7205
372.5  256.3313
373.0  264.0659
373.5  271.0492
374.0  276.2673
374.5  279.0466
375.0  279.2203
375.5  276.9170
376.0  272.2475
376.5  265.2424
377.0  256.1049
377.5  245.4831
378.0  234.4238
378.5  223.9741
379.0  214.7332
379.5  206.7006
380.0  199.5247
380.5  192.9610
381.0  187.2396
381.5  183.1307
382.0  181.6729
382.5  183.6944
383.0  189.3629
383.5  198.0148
384.0  208.3950
384.5  219.1847
385.0  229.4750
385.5  238.8633
386.0  247.1549
386.5  253.9922
387.0  258.7822
387.5  260.9711
388.0  260.3721
388.5  257.2166
389.0  251.8916
389.5  244.6210
390.0  235.3804
390.5  224.1187
391.0  211.1202
391.5  197.2556
392.0  183.9470
392.5  172.8287
393.0  165.2324
393.5  161.7333
394.0  162.0068
394.5  165.1106
395.0  170.0452
395.5  176.2311
396.0  183.5822
396.5  192.1799
397.0  201.8909
397.5  212.2874
398.0  222.8924
398.5  233.4344
399.0  243.8075
399.5  253.7542
400.0  262.5789
400.5  269.1838
401.0  272.4503
401.5  271.7401
402.0  267.2222
402.5  259.8503
403.0  250.9953
403.5  241.8944
404.0  233.1822
404.5  224.7577
405.0  216.0853
405.5  206.7492
406.0  196.8785
406.5  187.1436
407.0  178.3764
407.5  171.1941
408.0  165.9694
408.5  163.1091
409.0  163.2646
409.5  167.1599
410.0  175.1037
410.5  186.5700
411.0  200.1971
411.5  214.2437
412.0  227.2373
412.5  238.4593
413.0  248.0307
413.5  256.5738
414.0  264.6293
414.5  272.1445
415.0  278.3399
415.5  282.0536
416.0  282.3413
416.5  278.9028
417.0  272.0442
417.5  262.2928
418.0  250.0883
418.5  235.8743
419.0  220.4777
419.5  205.3407
420.0  192.2823
420.5  182.8756
421.0  177.8576
421.5  176.9526
422.0  179.1942
422.5  183.5158
423.0  189.2694
423.5  196.4058
424.0  205.2437
424.5  215.9676
425.0  228.1647
425.5  240.7288
426.0  252.2472
426.5  261.6315
427.0  268.5296
427.5  273.2068
428.0  276.0302
428.5  277.0339
429.0  275.9336
429.5  272.5119
430.0  266.9523
430.5  259.7962
431.0  251.5736
431.5  242.4496
432.0  232.1850
432.5  220.4485
433.0  207.2742
433.5  193.3795
434.0  180.1399
434.5  169.1855
435.0  161.7766
435.5  158.2797
436.0  158.0745
436.5  159.9992
437.0  163.0684
437.5  166.9767
438.0  172.0555
438.5  178.8054
439.0  187.4567
439.5  197.8959
440.0  209.8756
440.5  223.1415
441.0  237.2563
441.5  251.2776
442.0  263.6441
442.5  272.4826
443.0  276.2265
443.5  274.2292
444.0  267.0723
444.5  256.4198
445.0  244.4547
445.5  233.1075
446.0  223.4064
446.5  215.2772
447.0  207.9009
447.5  200.3972
448.0  192.3842
448.5  184.1034
449.0  176.1838
449.5  169.4020
450.0  164.6831
450.5  163.2098
451.0  166.2902
451.5  174.8215
452.0  188.6112
452.5  206.0433
453.0  224.3967
453.5  240.7078
454.0  252.7550
454.5  259.7185
455.0  262.2617
455.5  262.0418
456.0  260.8818
456.5  259.9902
457.0  259.6043
457.5  259.1988
458.0  258.0380
458.5  255.6298
459.0  251.7777
459.5  246.3348
460.0  239.0548
460.5  229.8111
461.0  219.0366
461.5  207.9455
462.0  198.2234
462.5  191.3044
463.0  187.6943
463.5  186.7854
464.0  187.2725
464.5  187.9111
465.0  188.1893
465.5  188.5691
466.0  190.1901
466.5  194.2015
467.0  201.0965
467.5  210.4354
468.0  221.1070
468.5  231.9061
469.0  241.9870
469.5  250.9038
470.0  258.3402
470.5  263.8975
471.0  267.1912
471.5  268.1468
472.0  267.1600
472.5  264.9081
473.0  261.9171
473.5  258.2068
474.0  253.2789
474.5  246.4748
475.0  237.4957
475.5  226.7926
476.0  215.6031
476.5  205.5827
477.0  198.1891
477.5  194.1336
478.0  193.2147
478.5  194.6176
479.0  197.4422
479.5  201.0659
480.0  205.1303
480.5  209.3054
481.0  213.1752
481.5  216.4069
482.0  219.0196
482.5  221.4246
483.0  224.1091
483.5  227.1698
484.0  230.0476
484.5  231.6815
485.0  231.0151
485.5  227.5819
486.0  221.8625
486.5  215.2206
487.0  209.4142
487.5  205.8839
488.0  205.1658
488.5  206.7489
489.0  209.4449
489.5  212.0042
490.0  213.5676
490.5  213.7345
491.0  212.3978
491.5  209.6627
492.0  205.9806
492.5  202.2962
493.0  199.9015
493.5  199.9250
494.0  202.7301
494.5  207.6210
495.0  213.0741
495.5  217.3882
496.0  219.4187
496.5  219.0474
497.0  217.1845
497.5  215.3157
498.0  214.8176
498.5  216.3831
499.0  219.8453
499.5  224.4314
500.0  229.1872
500.5  233.2351
501.0  235.7657
501.5  235.9871
502.0  233.3201
502.5  227.8416
503.0  220.6295
503.5  213.6241
504.0  208.9527
504.5  208.0639
505.0  211.1677
505.5  217.2690
506.0  224.7232
506.5  231.9787
507.0  238.1347
507.5  243.0867
508.0  247.2536
508.5  251.0882
509.0  254.6844
509.5  257.7274
510.0  259.7773
510.5  260.5987
511.0  260.2098
511.5  258.6083
512.0  255.4845
512.5  250.2887
513.0  242.6843
513.5  233.0255
514.0  222.4339
514.5  212.3678
515.0  203.9709
515.5  197.6306
516.0  192.9995
516.5  189.4165
517.0  186.4399
517.5  184.1829
518.0  183.2717
518.5  184.4612
519.0  188.1320
519.5  193.9834
520.0  201.1324
520.5  208.5458
521.0  215.4726
521.5  221.5499
522.0  226.5731
522.5  230.2537
523.0  232.2941
523.5  232.7501
524.0  232.3042
524.5  232.0922
525.0  233.1042
525.5  235.5526
526.0  238.6540
526.5  240.9854
527.0  241.2083
527.5  238.7513
528.0  234.1004
528.5  228.5650
529.0  223.6566
529.5  220.4134
530.0  219.0425
530.5  219.0555
531.0  219.7415
531.5  220.5757
532.0  221.2546
532.5  221.4311
533.0  220.5486
533.5  218.0932
534.0  214.1430
534.5  209.7251
535.0  206.5614
535.5  206.2463
536.0  209.3506
536.5  215.0211
537.0  221.3209
537.5  226.1002
538.0  227.9144
538.5  226.5359
539.0  222.8622
539.5  218.3319
540.0  214.2031
540.5  211.0997
541.0  209.0378
541.5  207.7960
542.0  207.2387
542.5  207.2956
543.0  207.6735
543.5  207.7010
544.0  206.6175
544.5  204.1868
545.0  201.1484
545.5  199.0723
546.0  199.6139
546.5  203.6087
547.0  210.5610
547.5  218.8205
548.0  226.3213
548.5  231.4597
549.0  233.6631
549.5  233.4076
550.0  231.7535
550.5  229.7205
551.0  227.8940
551.5  226.4569
552.0  225.4943
552.5  225.1990
553.0  225.7284
553.5  226.8559
554.0  227.8321
554.5  227.7366
555.0  226.1514
555.5  223.6482
556.0  221.6757
556.5  221.8584
557.0  225.1366
557.5  231.2691
558.0  238.9686
558.5  246.5444
559.0  252.6620
559.5  256.8103
560.0  259.2696
560.5  260.6653
561.0  261.4265
561.5  261.5173
562.0  260.6033
562.5  258.4611
563.0  255.2268
563.5  251.2172
564.0  246.4820
564.5  240.5488
565.0  232.6915
565.5  222.5813
566.0  210.8044
566.5  198.8068
567.0  188.2611
567.5  180.2759
568.0  174.9557
568.5  171.5640
569.0  169.1489
569.5  167.2360
570.0  166.1875
570.5  167.0362
571.0  170.8991
571.5  178.3233
572.0  188.9641
572.5  201.7663
573.0  215.4500
573.5  228.8825
574.0  241.0775
574.5  250.9723
575.0  257.3945
575.5  259.4494
576.0  257.1144
576.5  251.5340
577.0  244.6763
577.5  238.4703
578.0  233.9250
578.5  230.7464
579.0  227.6470
579.5  223.1398
580.0  216.3754
580.5  207.6088
581.0  198.1015
581.5  189.5603
582.0  183.4564
582.5  180.6139
583.0  181.2433
583.5  185.2363
584.0  192.3430
584.5  202.0290
585.0  213.2136
585.5  224.3017
586.0  233.7054
586.5  240.5850
587.0  245.2733
587.5  249.0296
588.0  253.2355
588.5  258.5211
589.0  264.3380
589.5  269.1913
590.0  271.3570
590.5  269.6754
591.0  264.0244
591.5  255.2770
592.0  244.8161
592.5  233.9104
593.0  223.3192
593.5  213.3137
594.0  203.9724
594.5  195.4001
595.0  187.6545
595.5  180.5236
596.0  173.5210
596.5  166.2799
597.0  159.1164
597.5  153.2947
598.0  150.6950
598.5  153.0137
599.0  160.9565
599.5  173.8824
600.0  190.0631
600.5  207.3729
601.0  224.0348
601.5  239.0848
602.0  252.3978
602.5  264.3369
603.0  275.2669
603.5  285.2166
604.0  293.8398
604.5  300.5754
605.0  304.7696
605.5  305.6466
606.0  302.2845
606.5  293.8574
607.0  280.1783
607.5  262.2221
608.0  242.1897
608.5  222.9262
609.0  206.9430
609.5  195.5619
610.0  188.6303
610.5  184.9053
611.0  182.8450
611.5  181.3811
612.0  180.3280
612.5  180.3033
613.0  182.2706
613.5  186.9820
614.0  194.6112
614.5  204.7116
615.0  216.3876
615.5  228.4523
616.0  239.4745
616.5  247.8630
617.0  252.2045
617.5  251.8393
618.0  247.3440
618.5  240.5137
619.0  233.7113
619.5  228.8687
620.0  226.6655
620.5  226.3141
621.0  226.0297
621.5  223.9080
622.0  218.7787
622.5  210.6744
623.0  200.7714
623.5  190.8960
624.0  182.8725
624.5  178.0117
625.0  176.8933
625.5  179.3683
626.0  184.6132
626.5  191.2036
627.0  197.3588
627.5  201.4931
628.0  202.9292
628.5  202.3650
629.0  201.7124
629.5  203.2811
630.0  208.6934
630.5  218.0903
631.0  230.0166
631.5  241.9938
632.0  251.4543
632.5  256.6051
633.0  256.8967
633.5  252.9941
634.0  246.3609
634.5  238.7031
635.0  231.5179
635.5  225.8429
636.0  222.1334
636.5  220.1671
637.0  219.0344
637.5  217.4051
638.0  214.1518
638.5  209.0898
639.0  203.3742
639.5  199.2172
640.0  198.9919
640.5  204.1737
641.0  214.6603
641.5  228.7833
642.0  243.9418
642.5  257.5122
643.0  267.6319
643.5  273.5865
644.0  275.7329
644.5  275.0821
645.0  272.7800
645.5  269.7118
646.0  266.3150
646.5  262.5173
647.0  257.6993
647.5  250.7362
648.0  240.3050
648.5  225.5326
649.0  206.7340
649.5  185.7700
650.0  165.6879
650.5  149.7290
651.0  140.1857
651.5  137.6766
652.0  141.1523
652.5  148.5418
653.0  157.6654
653.5  167.0011
654.0  176.0381
654.5  185.1740
655.0  195.3027
655.5  207.3363
656.0  221.8625
656.5  238.9728
657.0  258.1428
657.5  278.0805
658.0  296.6647
658.5  311.2438
659.0  319.4019
659.5  319.9026
660.0  313.2615
660.5  301.5418
661.0  287.4366
661.5  273.1370
662.0  259.5810
662.5  246.4090
663.0  232.5391
663.5  216.9855
664.0  199.5129
664.5  180.8802
665.0  162.6534
665.5  146.7564
666.0  135.0093
666.5  128.8308
667.0  129.1035
667.5  136.0481
668.0  149.0130
668.5  166.3228
669.0  185.4894
669.5  203.9178
670.0  219.8317
670.5  232.8650
671.0  243.9134
671.5  254.3153
672.0  264.8554
672.5  275.1626
673.0  283.7837
673.5  288.8093
674.0  288.6723
674.5  282.7347
675.0  271.4500
675.5  256.1113
676.0  238.3793
676.5  219.8607
677.0  201.9229
677.5  185.7125
678.0  172.1647
678.5  161.8375
679.0  154.6748
679.5  150.0120
680.0  147.0162
680.5  145.3629
681.0  145.6610
681.5  149.2552
682.0  157.4713
682.5  170.7664
683.0  188.2996
683.5  208.1490
684.0  228.0139
684.5  246.0091
685.0  261.1733
685.5  273.5101
686.0  283.6099
686.5  292.0990
687.0  299.2165
687.5  304.7131
688.0  308.0261
688.5  308.5007
689.0  305.4704
689.5  298.2516
690.0  286.2849
690.5  269.5462
691.0  249.0270
691.5  226.8727
692.0  205.9189
692.5  188.7734
693.0  176.9245
693.5  170.3592
694.0  167.8623
694.5  167.7907
695.0  168.9066
695.5  170.8934
696.0  174.3687
696.5  180.4479
697.0  190.1020
697.5  203.6247
698.0  220.4263
698.5  239.1482
699.0  257.9127
699.5  274.5445
700.0  286.7940
700.5  292.7207
701.0  291.2713
701.5  282.8045
702.0  269.1710
702.5  253.1487
703.0  237.4375
703.5  223.7185
704.0  212.2494
704.5  202.1483
705.0  192.1489
705.5  181.4195
706.0  170.0750
706.5  159.2045
707.0  150.4678
707.5  145.4962
708.0  145.3950
708.5  150.5271
709.0  160.5454
709.5  174.4936
710.0  190.8645
710.5  207.7127
711.0  223.0094
711.5  235.2517
712.0  244.0360
712.5  250.1849
713.0  255.2447
713.5  260.5861
714.0  266.6106
714.5  272.4997
715.0  276.6100
715.5  277.2636
716.0  273.5207
716.5  265.5852
717.0  254.6959
717.5  242.6059
718.0  230.9363
718.5  220.7319
719.0  212.3855
719.5  205.8274
720.0  200.7268
720.5  196.5522
721.0  192.5948
721.5  188.1751
722.0  183.0818
722.5  177.9817
723.0  174.4189
723.5  174.2464
724.0  178.7367
724.5  187.8700
725.0  200.2110
725.5  213.4360
726.0  225.2227
726.5  234.0707
727.0  239.6990
727.5  242.8899
728.0  244.9018
728.5  246.7657
729.0  248.8183
729.5  250.6525
730.0  251.3853
730.5  249.9875
731.0  245.5085
731.5  237.2653
732.0  225.1464
732.5  210.0100
733.0  193.8919
733.5  179.7061
734.0  170.3940
734.5  167.8747
735.0  172.3298
735.5  182.1986
736.0  194.8730
736.5  207.7395
737.0  219.0963
737.5  228.5823
738.0  236.9952
738.5  245.6442
739.0  255.5827
739.5  267.0849
740.0  279.5398
740.5  291.6645
741.0  301.8017
741.5  308.1786
742.0  309.1987
742.5  303.8786
743.0  292.3430
743.5  276.0759
744.0  257.6326
744.5  239.8106
745.0  224.6374
745.5  212.6892
746.0  203.0835
746.5  194.1221
747.0  184.2415
747.5  172.8240
748.0  160.5376
748.5  149.1095
749.0  140.6853
749.5  137.0980
750.0  139.3626
750.5  147.5317
751.0  160.8083
751.5  177.7285
752.0  196.3435
752.5  214.5075
753.0  230.3660
753.5  242.9301
754.0  252.4040
754.5  259.9743
755.0  267.0691
755.5  274.4517
756.0  281.6494
756.5  287.0310
757.0  288.4803
757.5  284.3094
758.0  273.9747
758.5  258.2998
759.0  239.1624
759.5  218.8483
760.0  199.4092
760.5  182.3008
761.0  168.3561
761.5  157.9229
762.0  150.9578
762.5  147.0468
763.0  145.5116
763.5  145.7389
764.0  147.6291
764.5  151.8410
765.0  159.5500
765.5  171.7488
766.0  188.4656
766.5  208.3723
767.0  229.0475
767.5  247.7770
768.0  262.4922
768.5  272.4062
769.0  278.0878
769.5  280.9877
770.0  282.6767
770.5  284.1651
771.0  285.5854
771.5  286.2823
772.0  285.1373
772.5  280.9135
773.0  272.5541
773.5  259.5092
774.0  242.1218
774.5  221.9151
775.0  201.4972
775.5  183.9251
776.0  171.6955
776.5  165.8215
777.0  165.4824
777.5  168.4494
778.0  172.0918
778.5  174.4922
779.0  175.1868
779.5  175.2552
780.0  176.7808
780.5  181.9545
781.0  192.2115
781.5  207.7058
782.0  227.2167
782.5  248.3900
783.0  268.1798
783.5  283.4453
784.0  291.6942
784.5  291.8492
785.0  284.7320
785.5  272.9299
786.0  259.9428
786.5  248.8973
787.0  241.4011
787.5  237.0793
788.0  233.9906
788.5  229.6770
789.0  222.3327
789.5  211.5976
790.0  198.7131
790.5  186.0772
791.0  176.4639
791.5  172.2317
792.0  174.7474
792.5  184.0703
793.0  198.8568
793.5  216.5026
794.0  233.6288
794.5  246.9522
795.0  254.3317
795.5  255.5412
796.0  252.3316
796.5  247.6561
797.0  244.3697
797.5  244.0172
798.0  246.2735
798.5  249.2536
799.0  250.4577
799.5  247.8563
800.0  240.6428
800.5  229.4228
801.0  215.8947
801.5  202.2648
802.0  190.6619
802.5  182.6907
803.0  179.1179
803.5  179.6578
804.0  182.9423
804.5  186.8518
805.0  189.2723
805.5  189.0478
806.0  186.6500
806.5  184.1328
807.0  184.2829
807.5  189.3314
808.0  199.8541
808.5  214.4054
809.0  230.0409
809.5  243.4339
810.0  252.0466
810.5  254.8667
811.0  252.4911
811.5  246.6544
812.0  239.5061
812.5  232.9657
813.0  228.3163
813.5  225.9982
814.0  225.5047
814.5  225.4119
815.0  223.7126
815.5  218.5511
816.0  209.1615
816.5  196.5408
817.0  183.4070
817.5  173.3246
818.0  169.3436
818.5  172.7914
819.0  182.7972
819.5  196.7473
820.0  211.3983
820.5  224.0956
821.0  233.5715
821.5  240.0733
822.0  244.9004
822.5  249.6681
823.0  255.6445
823.5  263.3527
824.0  272.4175
824.5  281.5611
825.0  288.7519
825.5  291.6251
826.0  288.2280
826.5  277.8868
827.0  261.7676
827.5  242.7418
828.0  224.4850
828.5  210.1616
829.0  201.2956
829.5  197.3547
830.0  196.2074
830.5  195.1863
831.0  192.2462
831.5  186.7377
832.0  179.5523
832.5  172.6900
833.0  168.5144
833.5  169.0112
834.0  175.2501
834.5  187.0907
835.0  203.1147
835.5  220.8292
836.0  237.2254
836.5  249.6564
837.0  256.7499
837.5  258.9245
838.0  258.1823
838.5  257.1978
839.0  258.0968
839.5  261.4994
840.0  266.2680
840.5  270.0398
841.0  270.2456
841.5  265.1392
842.0  254.4256
842.5  239.3048
843.0  222.0097
843.5  205.1015
844.0  190.8124
844.5  180.6086
845.0  174.9859
845.5  173.4552
846.0  174.7286
846.5  177.1624
847.0  179.4129
847.5  181.0721
848.0  182.9348
848.5  186.6684
849.0  193.9645
849.5  205.5657
850.0  220.6648
850.5  236.9971
851.0  251.5801
851.5  261.7491
852.0  266.0282
852.5  264.5059
853.0  258.6263
853.5  250.5504
854.0  242.3866
854.5  235.5781
855.0  230.5945
855.5  226.9165
856.0  223.2532
856.5  217.9707
857.0  209.7231
857.5  198.1669
858.0  184.4727
858.5  171.2866
859.0  161.9827
859.5  159.4059
860.0  164.6543
860.5  176.5057
861.0  191.7987
861.5  206.5935
862.0  217.5790
862.5  223.1483
863.0  223.7810
863.5  221.6818
864.0  219.8842
864.5  221.1760
865.0  227.2060
865.5  237.9948
866.0  251.9044
866.5  266.0183
867.0  276.8664
867.5  281.4063
868.0  278.0567
868.5  267.4281
869.0  252.3630
869.5  237.0943
870.0  225.7320
870.5  220.6846
871.0  221.7504
871.5  226.3183
872.0  230.5594
872.5  231.0274
873.0  225.9755
873.5  215.9230
874.0  203.3691
874.5  191.8675
875.0  184.8543
875.5  184.6281
876.0  191.7375
876.5  204.8518
877.0  221.0802
877.5  236.6831
878.0  248.0782
878.5  252.9346
879.0  250.9960
879.5  244.2473
880.0  236.2148
880.5  230.5664
881.0  229.5717
881.5  233.1393
882.0  238.9034
882.5  243.3022
883.0  243.1076
883.5  236.7224
884.0  224.7596
884.5  209.7793
885.0  195.3890
885.5  185.0981
886.0  181.3176
886.5  184.7548
887.0  194.2762
887.5  207.2165
888.0  220.0844
888.5  229.5622
889.0  233.5688
889.5  232.0163
890.0  226.8949
890.5  221.5227
891.0  219.1714
891.5  221.6310
892.0  228.3832
892.5  236.7923
893.0  243.2086
893.5  244.4543
894.0  239.0425
894.5  227.6859
895.0  212.9927
895.5  198.5544
896.0  187.8095
896.5  183.0624
897.0  184.9038
897.5  192.1101
898.0  202.0048
898.5  211.2262
899.0  216.7762
899.5  217.0788
900.0  212.6579
900.5  206.0716
901.0  200.9959
901.5  200.7425
902.0  206.8338
902.5  218.2988
903.0  232.0294
903.5  244.0062
904.0  250.8161
904.5  250.8285
905.0  244.6284
905.5  234.6481
906.0  224.2270
906.5  216.4872
907.0  213.3950
907.5  215.2349
908.0  220.5567
908.5  226.5749
909.0  229.9729
909.5  227.9879
910.0  219.5018
910.5  205.7246
911.0  190.0875
911.5  177.2177
912.0  171.2865
912.5  174.4009
913.0  185.7821
913.5  202.1242
914.0  218.9405
914.5  232.2432
915.0  239.8418
915.5  241.8207
916.0  240.1591
916.5  237.7810
917.0  237.4643
917.5  240.9749
918.0  248.6024
918.5  259.0976
919.0  269.9640
919.5  278.0855
920.0  280.6440
920.5  276.1255
921.0  265.0476
921.5  250.0097
922.0  234.8917
922.5  223.4217
923.0  217.7113
923.5  217.4606
924.0  220.2305
924.5  222.6332
925.0  221.8419
925.5  216.7294
926.0  208.1996
926.5  198.6831
927.0  191.1135
927.5  187.8573
928.0  189.9789
928.5  196.9923
929.0  207.0398
929.5  217.3806
930.0  225.1088
930.5  228.0154
931.0  225.3962
931.5  218.4866
932.0  210.2228
932.5  204.2560
933.0  203.5165
933.5  208.9372
934.0  218.9665
934.5  230.1519
935.0  238.5389
935.5  241.2409
936.0  237.5078
936.5  228.9006
937.0  218.5943
937.5  210.1719
938.0  206.4167
938.5  208.5041
939.0  215.7538
939.5  225.8895
940.0  235.6873
940.5  241.8973
941.0  242.2812
941.5  236.4825
942.0  226.3685
942.5  215.5635
943.0  208.1903
943.5  207.2355
944.0  213.2460
944.5  223.9939
945.0  235.3102
945.5  242.7105
946.0  243.0862
946.5  235.7732
947.0  222.6491
947.5  207.3339
948.0  193.8977
948.5  185.5886
949.0  183.9628
949.5  188.5613
950.0  197.1005
950.5  206.1131
951.0  211.9681
951.5  212.0982
952.0  206.0773
952.5  196.0788
953.0  186.3577
953.5  181.7648
954.0  185.7978
954.5  199.0465
955.0  218.8055
955.5  240.0629
956.0  257.3831
956.5  266.8147
957.0  267.0623
957.5  259.5949
958.0  247.8304
958.5  235.8467
959.0  227.1294
959.5  223.6994
960.0  225.7182
960.5  231.5304
961.0  238.1145
961.5  241.9472
962.0  240.1850
962.5  231.8423
963.0  218.4771
963.5  203.9369
964.0  193.0561
964.5  189.7206
965.0  195.1654
965.5  207.3760
966.0  221.9325
966.5  233.8616
967.0  239.5817
967.5  238.0982
968.0  231.0752
968.5  221.9471
969.0  214.5737
969.5  211.9982
970.0  215.6653
970.5  225.1695
971.0  238.4297
971.5  252.1916
972.0  262.8312
972.5  267.3946
973.0  264.6402
973.5  255.6775
974.0  243.7918
974.5  233.3062
975.0  227.8093
975.5  228.5256
976.0  233.6819
976.5  239.2535
977.0  240.7309
977.5  235.0340
978.0  221.7160
978.5  203.0423
979.0  183.0749
979.5  166.2648
980.0  156.1324
980.5  154.4302
981.0  160.8843
981.5  173.4171
982.0  188.7275
982.5  203.1482
983.0  213.6792
983.5  218.9591
984.0  219.8156
984.5  219.0478
985.0  220.3384
985.5  226.6085
986.0  238.5260
986.5  253.9359
987.0  268.5651
987.5  277.6820
988.0  277.9140
988.5  268.4274
989.0  251.0790
989.5  229.6395
990.0  208.5280
990.5  191.5589
991.0  181.0516
991.5  177.4264
992.0  179.2755
992.5  183.8661
993.0  188.0202
993.5  189.2200
994.0  186.6274
994.5  181.6062
995.0  177.4054
995.5  177.9561
996.0  186.1824
996.5  202.5806
997.0  224.7993
997.5  248.4626
998.0  268.8207
998.5  282.4206
999.0  288.0890
999.5  286.9464
1000.0  281.6331
