MANDATORY INPUT VARIABLES:
  NStates =
		 4
  NSteps =
		 500
  dtI =
		 0.5 (fs)
  ESTEPS =
		 500
  ISTATE =
		 2
  FUNCTIONAL =
		 DFTBA
  CHARGE =
		 0
  MULTIPLICITY =
		 1
  MEMORY =
		 30 (GB)
  PARALLEL_FORCES =
		 True
  NAMD_METHOD =
		 EH
  EL_PROP =
		 VV
  MD_ENSEMBLE =
		 NVE
  VELOC =
		 READ
Input looks good.
Submitting electronic structure for step 0.
	Gaussian terminated normally in 24.99 s. (GS_NEW)
Submitting electronic structure for step 1.
	Gaussian terminated normally in 21.76 s. (GS_NEW)
	Gaussian terminated normally in 4.21 s. (DIMER)
	TD_NEW_S1 DIM_INFO TIME (BRADEN): 0.06 s
	TD_NEW_S1 GET_MO TIME: 0.03 s
	TD_NEW_S1 GET_CI TIME: 0.04 s
	TD_OLD_S1 GET_MO TIME: 0.01 s
	TD_OLD_S1 GET_CI TIME: 0.02 s
	DIMER TIME: 2.97 s
	G16_NAC.py main: 3.13 s
	gau_nac() (G16_NAC.py): 0.0 s
gau_nac prepare 0.01 s
WFN OVERLAP FORTRAN TOOK 0.81 s
gau_nac dump 1.07 s
	gau_nac.worker() (G16_NAC.py): 1.89 s
	GET_OVERLAP OVERALL TIME (G16_TD.py): 5.05 s
Orthogonalized [S.T @ S] :
[[ 1.  0.  0.  0.]
 [ 0.  1. -0. -0.]
 [ 0. -0.  1. -0.]
 [ 0. -0. -0.  1.]]
	GET_NACT OVERALL TIME (G16_TD.py): 0.03 s
	GET_APPROX NACR OVERALL TIME (G16_TD.py): 0.0 s
Total QM took 115.56 s.
Propagation Norm (0):
1.0
Propagation Norm (1):
1.0
Electronic propagation took 0.02 s.
Rotation Norm (0):
1.0
Rotation Norm (1):
1.0
Electronic Norm.: 1.0
Total MD Step took 115.58 s.
Submitting electronic structure for step 2.
	Gaussian terminated normally in 23.29 s. (GS_NEW)
	Gaussian terminated normally in 3.88 s. (DIMER)
	TD_NEW_S1 DIM_INFO TIME (BRADEN): 0.06 s
	TD_NEW_S1 GET_MO TIME: 0.02 s
	TD_NEW_S1 GET_CI TIME: 0.07 s
	TD_OLD_S1 GET_MO TIME: 0.01 s
	TD_OLD_S1 GET_CI TIME: 0.03 s
	DIMER TIME: 3.35 s
	G16_NAC.py main: 3.54 s
	gau_nac() (G16_NAC.py): 0.0 s
gau_nac prepare 0.01 s
WFN OVERLAP FORTRAN TOOK 0.11 s
gau_nac dump 1.07 s
	gau_nac.worker() (G16_NAC.py): 1.18 s
	GET_OVERLAP OVERALL TIME (G16_TD.py): 4.76 s
Orthogonalized [S.T @ S] :
[[ 1.  0.  0. -0.]
 [ 0.  1. -0. -0.]
 [ 0. -0.  1.  0.]
 [-0. -0.  0.  1.]]
	GET_NACT OVERALL TIME (G16_TD.py): 0.01 s
	GET_APPROX NACR OVERALL TIME (G16_TD.py): 0.0 s
Total QM took 117.65 s.
Propagation Norm (0):
1.0
Propagation Norm (1):
1.0
Electronic propagation took 0.01 s.
Rotation Norm (0):
1.0
Rotation Norm (1):
1.0
Electronic Norm.: 1.0
Total MD Step took 117.67 s.
Submitting electronic structure for step 3.
	Gaussian terminated normally in 25.99 s. (GS_NEW)
	Gaussian terminated normally in 3.86 s. (DIMER)
	TD_NEW_S1 DIM_INFO TIME (BRADEN): 0.06 s
	TD_NEW_S1 GET_MO TIME: 0.03 s
	TD_NEW_S1 GET_CI TIME: 0.07 s
	TD_OLD_S1 GET_MO TIME: 0.01 s
	TD_OLD_S1 GET_CI TIME: 0.03 s
	DIMER TIME: 2.91 s
	G16_NAC.py main: 3.11 s
	gau_nac() (G16_NAC.py): 0.0 s
gau_nac prepare 0.01 s
WFN OVERLAP FORTRAN TOOK 0.11 s
gau_nac dump 1.07 s
	gau_nac.worker() (G16_NAC.py): 1.19 s
	GET_OVERLAP OVERALL TIME (G16_TD.py): 4.33 s
Orthogonalized [S.T @ S] :
[[ 1. -0.  0. -0.]
 [-0.  1.  0.  0.]
 [ 0.  0.  1.  0.]
 [-0.  0.  0.  1.]]
OLD:
 [[ 9.9999946e-01  1.2000000e-05 -1.0390500e-03 -1.5010000e-05]
 [-1.1770000e-05  9.9998968e-01  1.5318000e-04  4.5409800e-03]
 [ 1.0390500e-03 -1.5322000e-04  9.9999945e-01  1.2890000e-05]
 [ 1.5050000e-05 -4.5409800e-03 -1.3600000e-05  9.9998969e-01]]
I found a sign error upon phase correcting.
Index Flip: 1 <--> 2
NEW:
 [[ 9.9999946e-01  1.2000000e-05 -1.0390500e-03 -1.5010000e-05]
 [-1.1770000e-05  9.9998968e-01 -1.5318000e-04  4.5409800e-03]
 [ 1.0390500e-03  1.5322000e-04  9.9999945e-01  1.2890000e-05]
 [ 1.5050000e-05 -4.5409800e-03 -1.3600000e-05  9.9998969e-01]]
[S.T @ S] after sign fix:
[[ 1.00e+00  3.20e-07  0.00e+00 -0.00e+00]
 [ 3.20e-07  1.00e+00  1.00e-07  0.00e+00]
 [ 0.00e+00  1.00e-07  1.00e+00 -1.39e-06]
 [-0.00e+00  0.00e+00 -1.39e-06  1.00e+00]]
Orthogonalized [S.T @ S] :
[[1. 0. 0. 0.]
 [0. 1. 0. 0.]
 [0. 0. 1. 0.]
 [0. 0. 0. 1.]]
[S.T @ S] after sign fix and second orthogonalization:
[[1. 0. 0. 0.]
 [0. 1. 0. 0.]
 [0. 0. 1. 0.]
 [0. 0. 0. 1.]]
	GET_NACT OVERALL TIME (G16_TD.py): 0.03 s
	GET_APPROX NACR OVERALL TIME (G16_TD.py): 0.0 s
Total QM took 112.79 s.
Propagation Norm (0):
1.0
Propagation Norm (1):
1.0
Electronic propagation took 0.02 s.
Rotation Norm (0):
1.0
Rotation Norm (1):
1.0
Electronic Norm.: 1.0
Total MD Step took 112.82 s.
Submitting electronic structure for step 4.
	Gaussian terminated normally in 26.29 s. (GS_NEW)
	Gaussian terminated normally in 3.94 s. (DIMER)
	TD_NEW_S1 DIM_INFO TIME (BRADEN): 0.06 s
	TD_NEW_S1 GET_MO TIME: 0.04 s
	TD_NEW_S1 GET_CI TIME: 0.07 s
	TD_OLD_S1 GET_MO TIME: 0.01 s
	TD_OLD_S1 GET_CI TIME: 0.03 s
	DIMER TIME: 2.92 s
	G16_NAC.py main: 3.14 s
	gau_nac() (G16_NAC.py): 0.0 s
gau_nac prepare 0.01 s
WFN OVERLAP FORTRAN TOOK 0.1 s
gau_nac dump 1.09 s
	gau_nac.worker() (G16_NAC.py): 1.2 s
	GET_OVERLAP OVERALL TIME (G16_TD.py): 4.37 s
Orthogonalized [S.T @ S] :
[[ 1. -0.  0.  0.]
 [-0.  1. -0. -0.]
 [ 0. -0.  1.  0.]
 [ 0. -0.  0.  1.]]
	GET_NACT OVERALL TIME (G16_TD.py): 0.03 s
	GET_APPROX NACR OVERALL TIME (G16_TD.py): 0.0 s
Total QM took 121.86 s.
Propagation Norm (0):
1.0
Propagation Norm (1):
1.0
Electronic propagation took 0.02 s.
Rotation Norm (0):
1.0
Rotation Norm (1):
1.0
Electronic Norm.: 1.0
Total MD Step took 121.90 s.
Submitting electronic structure for step 5.
	Gaussian terminated normally in 25.87 s. (GS_NEW)
	Gaussian terminated normally in 3.51 s. (DIMER)
	TD_NEW_S1 DIM_INFO TIME (BRADEN): 0.06 s
	TD_NEW_S1 GET_MO TIME: 0.05 s
	TD_NEW_S1 GET_CI TIME: 0.09 s
	TD_OLD_S1 GET_MO TIME: 0.01 s
	TD_OLD_S1 GET_CI TIME: 0.03 s
	DIMER TIME: 3.2 s
	G16_NAC.py main: 3.44 s
	gau_nac() (G16_NAC.py): 0.0 s
gau_nac prepare 0.01 s
WFN OVERLAP FORTRAN TOOK 0.11 s
gau_nac dump 1.64 s
	gau_nac.worker() (G16_NAC.py): 1.77 s
	GET_OVERLAP OVERALL TIME (G16_TD.py): 5.24 s
Orthogonalized [S.T @ S] :
[[ 1.  0. -0. -0.]
 [ 0.  1. -0.  0.]
 [-0. -0.  1.  0.]
 [-0.  0.  0.  1.]]
	GET_NACT OVERALL TIME (G16_TD.py): 0.01 s
	GET_APPROX NACR OVERALL TIME (G16_TD.py): 0.0 s
Total QM took 118.61 s.
Propagation Norm (0):
1.0
Propagation Norm (1):
1.0
Electronic propagation took 0.01 s.
Rotation Norm (0):
1.0
Rotation Norm (1):
1.0
Electronic Norm.: 1.0
Total MD Step took 118.63 s.
Submitting electronic structure for step 6.
	Gaussian terminated normally in 25.00 s. (GS_NEW)
	Gaussian terminated normally in 3.89 s. (DIMER)
	TD_NEW_S1 DIM_INFO TIME (BRADEN): 0.05 s
	TD_NEW_S1 GET_MO TIME: 0.02 s
	TD_NEW_S1 GET_CI TIME: 0.07 s
	TD_OLD_S1 GET_MO TIME: 0.01 s
	TD_OLD_S1 GET_CI TIME: 0.03 s
	DIMER TIME: 2.85 s
	G16_NAC.py main: 3.04 s
	gau_nac() (G16_NAC.py): 0.0 s
gau_nac prepare 0.01 s
WFN OVERLAP FORTRAN TOOK 0.11 s
gau_nac dump 1.08 s
	gau_nac.worker() (G16_NAC.py): 1.2 s
	GET_OVERLAP OVERALL TIME (G16_TD.py): 4.27 s
Orthogonalized [S.T @ S] :
[[ 1.  0. -0. -0.]
 [ 0.  1.  0. -0.]
 [-0.  0.  1.  0.]
 [-0. -0.  0.  1.]]
	GET_NACT OVERALL TIME (G16_TD.py): 0.02 s
	GET_APPROX NACR OVERALL TIME (G16_TD.py): 0.0 s
Total QM took 123.31 s.
Propagation Norm (0):
1.0
Propagation Norm (1):
1.0
Electronic propagation took 0.02 s.
Rotation Norm (0):
1.0
Rotation Norm (1):
1.0
Electronic Norm.: 1.0
Total MD Step took 123.33 s.
Submitting electronic structure for step 7.
	Gaussian terminated normally in 26.31 s. (GS_NEW)
	Gaussian terminated normally in 3.62 s. (DIMER)
	TD_NEW_S1 DIM_INFO TIME (BRADEN): 0.06 s
	TD_NEW_S1 GET_MO TIME: 0.03 s
	TD_NEW_S1 GET_CI TIME: 0.08 s
	TD_OLD_S1 GET_MO TIME: 0.01 s
	TD_OLD_S1 GET_CI TIME: 0.03 s
	DIMER TIME: 2.81 s
	G16_NAC.py main: 3.03 s
	gau_nac() (G16_NAC.py): 0.0 s
gau_nac prepare 0.01 s
WFN OVERLAP FORTRAN TOOK 0.11 s
gau_nac dump 1.07 s
	gau_nac.worker() (G16_NAC.py): 1.18 s
	GET_OVERLAP OVERALL TIME (G16_TD.py): 4.25 s
Orthogonalized [S.T @ S] :
[[ 1. -0.  0. -0.]
 [-0.  1. -0.  0.]
 [ 0. -0.  1. -0.]
 [-0.  0. -0.  1.]]
	GET_NACT OVERALL TIME (G16_TD.py): 0.03 s
	GET_APPROX NACR OVERALL TIME (G16_TD.py): 0.0 s
Total QM took 122.67 s.
Propagation Norm (0):
1.0
Propagation Norm (1):
1.0
Electronic propagation took 0.02 s.
Rotation Norm (0):
1.0
Rotation Norm (1):
1.0
Electronic Norm.: 1.0
Total MD Step took 122.70 s.
Submitting electronic structure for step 8.
	Gaussian terminated normally in 25.46 s. (GS_NEW)
	Gaussian terminated normally in 3.87 s. (DIMER)
	TD_NEW_S1 DIM_INFO TIME (BRADEN): 0.06 s
	TD_NEW_S1 GET_MO TIME: 0.03 s
	TD_NEW_S1 GET_CI TIME: 0.08 s
	TD_OLD_S1 GET_MO TIME: 0.01 s
	TD_OLD_S1 GET_CI TIME: 0.03 s
	DIMER TIME: 2.84 s
	G16_NAC.py main: 3.05 s
	gau_nac() (G16_NAC.py): 0.0 s
gau_nac prepare 0.01 s
WFN OVERLAP FORTRAN TOOK 0.1 s
gau_nac dump 1.06 s
	gau_nac.worker() (G16_NAC.py): 1.18 s
	GET_OVERLAP OVERALL TIME (G16_TD.py): 4.27 s
Orthogonalized [S.T @ S] :
[[ 1.  0. -0. -0.]
 [ 0.  1. -0.  0.]
 [-0. -0.  1. -0.]
 [-0.  0. -0.  1.]]
OLD:
 [[ 9.9999980e-01  1.4860000e-05  6.3834000e-04 -2.1270000e-05]
 [-1.4700000e-05  9.9997743e-01 -1.6340000e-05  6.7190700e-03]
 [-6.3834000e-04  1.6360000e-05  9.9999980e-01 -4.5900000e-06]
 [ 2.1370000e-05 -6.7190700e-03  4.7100000e-06  9.9997743e-01]]
I found a sign error upon phase correcting.
Index Flip: 0 <--> 2
NEW:
 [[ 9.9999980e-01  1.4860000e-05 -6.3834000e-04 -2.1270000e-05]
 [-1.4700000e-05  9.9997743e-01 -1.6340000e-05  6.7190700e-03]
 [ 6.3834000e-04  1.6360000e-05  9.9999980e-01 -4.5900000e-06]
 [ 2.1370000e-05 -6.7190700e-03  4.7100000e-06  9.9997743e-01]]
[S.T @ S] after sign fix:
[[ 1.e+00  2.e-08  0.e+00 -1.e-08]
 [ 2.e-08  1.e+00 -2.e-08 -0.e+00]
 [ 0.e+00 -2.e-08  1.e+00  3.e-08]
 [-1.e-08 -0.e+00  3.e-08  1.e+00]]
Orthogonalized [S.T @ S] :
[[ 1.  0. -0. -0.]
 [ 0.  1.  0. -0.]
 [-0.  0.  1. -0.]
 [-0. -0. -0.  1.]]
[S.T @ S] after sign fix and second orthogonalization:
[[ 1.  0. -0. -0.]
 [ 0.  1.  0. -0.]
 [-0.  0.  1. -0.]
 [-0. -0. -0.  1.]]
	GET_NACT OVERALL TIME (G16_TD.py): 0.03 s
	GET_APPROX NACR OVERALL TIME (G16_TD.py): 0.0 s
Total QM took 118.67 s.
Propagation Norm (0):
1.0
Propagation Norm (1):
1.0
Electronic propagation took 0.02 s.
Rotation Norm (0):
1.0
Rotation Norm (1):
1.0
Electronic Norm.: 1.0
Total MD Step took 118.70 s.
Submitting electronic structure for step 9.
	Gaussian terminated normally in 25.12 s. (GS_NEW)
	Gaussian terminated normally in 3.79 s. (DIMER)
	TD_NEW_S1 DIM_INFO TIME (BRADEN): 0.06 s
	TD_NEW_S1 GET_MO TIME: 0.04 s
	TD_NEW_S1 GET_CI TIME: 0.08 s
	TD_OLD_S1 GET_MO TIME: 0.01 s
	TD_OLD_S1 GET_CI TIME: 0.03 s
	DIMER TIME: 3.41 s
	G16_NAC.py main: 3.63 s
	gau_nac() (G16_NAC.py): 0.0 s
gau_nac prepare 0.01 s
WFN OVERLAP FORTRAN TOOK 0.11 s
gau_nac dump 1.11 s
	gau_nac.worker() (G16_NAC.py): 1.22 s
	GET_OVERLAP OVERALL TIME (G16_TD.py): 4.89 s
Orthogonalized [S.T @ S] :
[[ 1.  0.  0.  0.]
 [ 0.  1. -0.  0.]
 [ 0. -0.  1. -0.]
 [ 0.  0. -0.  1.]]
OLD:
 [[ 9.9999685e-01  8.0100000e-06  2.5113300e-03  1.2160000e-05]
 [-7.8000000e-06  9.9998307e-01 -5.5850000e-05 -5.8184900e-03]
 [-2.5113300e-03  5.5890000e-05  9.9999684e-01  9.1600000e-06]
 [-1.2190000e-05  5.8184900e-03 -9.5100000e-06  9.9998307e-01]]
I found a sign error upon phase correcting.
Index Flip: 0 <--> 2
NEW:
 [[ 9.9999685e-01  8.0100000e-06 -2.5113300e-03  1.2160000e-05]
 [-7.8000000e-06  9.9998307e-01 -5.5850000e-05 -5.8184900e-03]
 [ 2.5113300e-03  5.5890000e-05  9.9999684e-01  9.1600000e-06]
 [-1.2190000e-05  5.8184900e-03 -9.5100000e-06  9.9998307e-01]]
[S.T @ S] after sign fix:
[[ 1.0e+00  2.8e-07  0.0e+00  5.0e-08]
 [ 2.8e-07  1.0e+00 -4.0e-08  0.0e+00]
 [ 0.0e+00 -4.0e-08  1.0e+00 -6.0e-08]
 [ 5.0e-08  0.0e+00 -6.0e-08  1.0e+00]]
Orthogonalized [S.T @ S] :
[[ 1.  0.  0. -0.]
 [ 0.  1.  0. -0.]
 [ 0.  0.  1. -0.]
 [-0. -0. -0.  1.]]
[S.T @ S] after sign fix and second orthogonalization:
[[ 1.  0.  0. -0.]
 [ 0.  1.  0. -0.]
 [ 0.  0.  1. -0.]
 [-0. -0. -0.  1.]]
OLD:
 [[ 9.9999685e-01  7.8700000e-06 -2.5113300e-03  1.2140000e-05]
 [-7.9400000e-06  9.9998307e-01 -5.5830000e-05 -5.8184900e-03]
 [ 2.5113300e-03  5.5910000e-05  9.9999684e-01  9.1900000e-06]
 [-1.2210000e-05  5.8184900e-03 -9.4800000e-06  9.9998307e-01]]
I found a sign error upon phase correcting.
Index Flip: 1 <--> 3
NEW:
 [[ 9.9999685e-01  7.8700000e-06 -2.5113300e-03  1.2140000e-05]
 [-7.9400000e-06  9.9998307e-01 -5.5830000e-05  5.8184900e-03]
 [ 2.5113300e-03  5.5910000e-05  9.9999684e-01  9.1900000e-06]
 [-1.2210000e-05 -5.8184900e-03 -9.4800000e-06  9.9998307e-01]]
[S.T @ S] after sign fix:
[[ 1.0e+00  1.4e-07  0.0e+00 -9.0e-08]
 [ 1.4e-07  1.0e+00  1.1e-07  0.0e+00]
 [ 0.0e+00  1.1e-07  1.0e+00 -6.5e-07]
 [-9.0e-08  0.0e+00 -6.5e-07  1.0e+00]]
Orthogonalized [S.T @ S] :
[[ 1.  0. -0.  0.]
 [ 0.  1. -0.  0.]
 [-0. -0.  1.  0.]
 [ 0.  0.  0.  1.]]
[S.T @ S] after sign fix and second orthogonalization:
[[ 1.  0. -0.  0.]
 [ 0.  1. -0.  0.]
 [-0. -0.  1.  0.]
 [ 0.  0.  0.  1.]]
	GET_NACT OVERALL TIME (G16_TD.py): 0.01 s
	GET_APPROX NACR OVERALL TIME (G16_TD.py): 0.0 s
Total QM took 118.49 s.
Propagation Norm (0):
1.0
Propagation Norm (1):
1.0
Electronic propagation took 0.02 s.
Rotation Norm (0):
1.0
Rotation Norm (1):
1.0
Electronic Norm.: 1.0
Total MD Step took 118.54 s.
Submitting electronic structure for step 10.
	Gaussian terminated normally in 26.23 s. (GS_NEW)
	Gaussian terminated normally in 3.70 s. (DIMER)
	TD_NEW_S1 DIM_INFO TIME (BRADEN): 0.06 s
	TD_NEW_S1 GET_MO TIME: 0.03 s
	TD_NEW_S1 GET_CI TIME: 0.08 s
	TD_OLD_S1 GET_MO TIME: 0.01 s
	TD_OLD_S1 GET_CI TIME: 0.03 s
	DIMER TIME: 2.85 s
	G16_NAC.py main: 3.06 s
	gau_nac() (G16_NAC.py): 0.0 s
gau_nac prepare 0.01 s
WFN OVERLAP FORTRAN TOOK 0.11 s
gau_nac dump 1.06 s
	gau_nac.worker() (G16_NAC.py): 1.18 s
	GET_OVERLAP OVERALL TIME (G16_TD.py): 4.27 s
Orthogonalized [S.T @ S] :
[[ 1. -0. -0. -0.]
 [-0.  1.  0.  0.]
 [-0.  0.  1. -0.]
 [-0.  0. -0.  1.]]
OLD:
 [[ 9.9999096e-01  1.4660000e-05  4.2528800e-03  2.3580000e-05]
 [-1.4190000e-05  9.9998832e-01 -8.3610000e-05 -4.8328000e-03]
 [-4.2528800e-03  8.3620000e-05  9.9999095e-01  1.3060000e-05]
 [-2.3590000e-05  4.8327900e-03 -1.3560000e-05  9.9998832e-01]]
I found a sign error upon phase correcting.
Index Flip: 0 <--> 2
NEW:
 [[ 9.9999096e-01  1.4660000e-05 -4.2528800e-03  2.3580000e-05]
 [-1.4190000e-05  9.9998832e-01 -8.3610000e-05 -4.8328000e-03]
 [ 4.2528800e-03  8.3620000e-05  9.9999095e-01  1.3060000e-05]
 [-2.3590000e-05  4.8327900e-03 -1.3560000e-05  9.9998832e-01]]
[S.T @ S] after sign fix:
[[ 1.0e+00  7.1e-07  0.0e+00  1.1e-07]
 [ 7.1e-07  1.0e+00 -1.2e-07  0.0e+00]
 [ 0.0e+00 -1.2e-07  1.0e+00 -2.0e-07]
 [ 1.1e-07  0.0e+00 -2.0e-07  1.0e+00]]
Orthogonalized [S.T @ S] :
[[ 1.  0.  0.  0.]
 [ 0.  1. -0. -0.]
 [ 0. -0.  1.  0.]
 [ 0. -0.  0.  1.]]
[S.T @ S] after sign fix and second orthogonalization:
[[ 1.  0.  0.  0.]
 [ 0.  1. -0. -0.]
 [ 0. -0.  1.  0.]
 [ 0. -0.  0.  1.]]
OLD:
 [[ 9.9999096e-01  1.4300000e-05 -4.2528800e-03  2.3530000e-05]
 [-1.4540000e-05  9.9998832e-01 -8.3550000e-05 -4.8328000e-03]
 [ 4.2528800e-03  8.3680000e-05  9.9999095e-01  1.3160000e-05]
 [-2.3650000e-05  4.8327900e-03 -1.3460000e-05  9.9998832e-01]]
I found a sign error upon phase correcting.
Index Flip: 1 <--> 3
NEW:
 [[ 9.9999096e-01  1.4300000e-05 -4.2528800e-03  2.3530000e-05]
 [-1.4540000e-05  9.9998832e-01 -8.3550000e-05  4.8328000e-03]
 [ 4.2528800e-03  8.3680000e-05  9.9999095e-01  1.3160000e-05]
 [-2.3650000e-05 -4.8327900e-03 -1.3460000e-05  9.9998832e-01]]
[S.T @ S] after sign fix:
[[ 1.0e+00  2.3e-07  0.0e+00 -1.4e-07]
 [ 2.3e-07  1.0e+00  1.3e-07  0.0e+00]
 [ 0.0e+00  1.3e-07  1.0e+00 -8.1e-07]
 [-1.4e-07  0.0e+00 -8.1e-07  1.0e+00]]
Orthogonalized [S.T @ S] :
[[ 1. -0.  0. -0.]
 [-0.  1.  0. -0.]
 [ 0.  0.  1.  0.]
 [-0. -0.  0.  1.]]
[S.T @ S] after sign fix and second orthogonalization:
[[ 1. -0.  0. -0.]
 [-0.  1.  0. -0.]
 [ 0.  0.  1.  0.]
 [-0. -0.  0.  1.]]
	GET_NACT OVERALL TIME (G16_TD.py): 0.03 s
	GET_APPROX NACR OVERALL TIME (G16_TD.py): 0.0 s
Total QM took 122.61 s.
Propagation Norm (0):
1.0
Propagation Norm (1):
1.0
Electronic propagation took 0.02 s.
Rotation Norm (0):
1.0
Rotation Norm (1):
1.0
Electronic Norm.: 1.0
Total MD Step took 122.64 s.
Submitting electronic structure for step 11.
	Gaussian terminated normally in 26.29 s. (GS_NEW)
	Gaussian terminated normally in 4.30 s. (DIMER)
	TD_NEW_S1 DIM_INFO TIME (BRADEN): 0.06 s
	TD_NEW_S1 GET_MO TIME: 0.03 s
	TD_NEW_S1 GET_CI TIME: 0.08 s
	TD_OLD_S1 GET_MO TIME: 0.01 s
	TD_OLD_S1 GET_CI TIME: 0.03 s
	DIMER TIME: 2.89 s
	G16_NAC.py main: 3.1 s
	gau_nac() (G16_NAC.py): 0.0 s
gau_nac prepare 0.01 s
WFN OVERLAP FORTRAN TOOK 0.11 s
gau_nac dump 1.06 s
	gau_nac.worker() (G16_NAC.py): 1.18 s
	GET_OVERLAP OVERALL TIME (G16_TD.py): 4.31 s
Orthogonalized [S.T @ S] :
[[ 1. -0.  0. -0.]
 [-0.  1.  0.  0.]
 [ 0.  0.  1.  0.]
 [-0.  0.  0.  1.]]
OLD:
 [[ 9.9980444e-01  2.6380000e-05 -1.9644780e-02  2.2740900e-03]
 [ 1.2554000e-04  9.9783152e-01  1.0997000e-04 -6.5819660e-02]
 [ 1.9643740e-02 -8.1190000e-05  9.9980693e-01  4.7715000e-04]
 [-2.2797000e-03  6.5819820e-02 -4.2607000e-04  9.9782883e-01]]
I found a sign error upon phase correcting.
Index Flip: 1 <--> 3
NEW:
 [[ 9.9980444e-01  2.6380000e-05 -1.9644780e-02  2.2740900e-03]
 [ 1.2554000e-04  9.9783152e-01  1.0997000e-04  6.5819660e-02]
 [ 1.9643740e-02 -8.1190000e-05  9.9980693e-01  4.7715000e-04]
 [-2.2797000e-03 -6.5819820e-02 -4.2607000e-04  9.9782883e-01]]
[S.T @ S] after sign fix:
[[1.000e+00 3.001e-04 0.000e+00 1.653e-05]
 [3.001e-04 1.000e+00 5.609e-05 4.000e-08]
 [0.000e+00 5.609e-05 1.000e+00 1.448e-05]
 [1.653e-05 4.000e-08 1.448e-05 1.000e+00]]
Orthogonalized [S.T @ S] :
[[ 1.  0. -0. -0.]
 [ 0.  1.  0.  0.]
 [-0.  0.  1. -0.]
 [-0.  0. -0.  1.]]
[S.T @ S] after sign fix and second orthogonalization:
[[ 1.  0. -0. -0.]
 [ 0.  1.  0.  0.]
 [-0.  0.  1. -0.]
 [-0.  0. -0.  1.]]
	GET_NACT OVERALL TIME (G16_TD.py): 0.03 s
	GET_APPROX NACR OVERALL TIME (G16_TD.py): 0.0 s
Total QM took 120.15 s.
Propagation Norm (0):
1.0
Propagation Norm (1):
1.0
Electronic propagation took 0.02 s.
Rotation Norm (0):
1.0
Rotation Norm (1):
1.0
Electronic Norm.: 1.0
Total MD Step took 120.18 s.
Submitting electronic structure for step 12.
	Gaussian terminated normally in 26.46 s. (GS_NEW)
	Gaussian terminated normally in 4.04 s. (DIMER)
	TD_NEW_S1 DIM_INFO TIME (BRADEN): 0.06 s
	TD_NEW_S1 GET_MO TIME: 0.03 s
	TD_NEW_S1 GET_CI TIME: 0.09 s
	TD_OLD_S1 GET_MO TIME: 0.01 s
	TD_OLD_S1 GET_CI TIME: 0.03 s
	DIMER TIME: 2.91 s
	G16_NAC.py main: 3.13 s
	gau_nac() (G16_NAC.py): 0.0 s
gau_nac prepare 0.01 s
WFN OVERLAP FORTRAN TOOK 0.11 s
gau_nac dump 1.09 s
	gau_nac.worker() (G16_NAC.py): 1.22 s
	GET_OVERLAP OVERALL TIME (G16_TD.py): 4.38 s
Orthogonalized [S.T @ S] :
[[ 1. -0.  0. -0.]
 [-0.  1. -0. -0.]
 [ 0. -0.  1.  0.]
 [-0. -0.  0.  1.]]
OLD:
 [[ 9.9097811e-01  1.8285500e-03  1.2588600e-03  1.3400540e-01]
 [ 4.3034000e-04  6.1689425e-01 -7.8703469e-01 -4.2066400e-03]
 [ 1.3401349e-01 -6.0765400e-03  6.0697000e-04 -9.9096069e-01]
 [ 1.6050300e-03 -7.8702047e-01 -6.1690716e-01  4.6651800e-03]]
I found a sign error upon phase correcting.
Index Flip: 0 <--> 1
NEW:
 [[ 9.9097811e-01 -1.8285500e-03  1.2588600e-03  1.3400540e-01]
 [-4.3034000e-04  6.1689425e-01 -7.8703469e-01 -4.2066400e-03]
 [ 1.3401349e-01 -6.0765400e-03  6.0697000e-04 -9.9096069e-01]
 [ 1.6050300e-03 -7.8702047e-01 -6.1690716e-01  4.6651800e-03]]
[S.T @ S] after sign fix:
[[ 1.00000e+00 -4.15506e-03  6.77390e-04  3.62000e-06]
 [-4.15506e-03  1.00000e+00 -4.60000e-06 -4.90070e-04]
 [ 6.77390e-04 -4.60000e-06  1.00000e+00 -0.00000e+00]
 [ 3.62000e-06 -4.90070e-04 -0.00000e+00  1.00000e+00]]
Orthogonalized [S.T @ S] :
[[ 1. -0.  0.  0.]
 [-0.  1.  0.  0.]
 [ 0.  0.  1.  0.]
 [ 0.  0.  0.  1.]]
[S.T @ S] after sign fix and second orthogonalization:
[[ 1. -0.  0.  0.]
 [-0.  1.  0.  0.]
 [ 0.  0.  1.  0.]
 [ 0.  0.  0.  1.]]
OLD:
 [[ 9.9098034e-01  2.6308000e-04  9.2323000e-04  1.3400393e-01]
 [ 1.1178500e-03  6.1689539e-01 -7.8703391e-01 -4.0554800e-03]
 [ 1.3400258e-01 -6.0409800e-03  5.6157000e-04 -9.9096241e-01]
 [ 1.7890000e-04 -7.8702192e-01 -6.1690879e-01  4.4723300e-03]]
I found a sign error upon phase correcting.
Index Flip: 0 <--> 2
NEW:
 [[ 9.9098034e-01  2.6308000e-04 -9.2323000e-04  1.3400393e-01]
 [ 1.1178500e-03  6.1689539e-01 -7.8703391e-01 -4.0554800e-03]
 [-1.3400258e-01 -6.0409800e-03  5.6157000e-04 -9.9096241e-01]
 [ 1.7890000e-04 -7.8702192e-01 -6.1690879e-01  4.4723300e-03]]
[S.T @ S] after sign fix:
[[ 1.0000000e+00  1.6190100e-03 -1.9803000e-03  2.6558305e-01]
 [ 1.6190100e-03  1.0000000e+00 -4.9000000e-07  0.0000000e+00]
 [-1.9803000e-03 -4.9000000e-07  1.0000000e+00 -2.4743000e-04]
 [ 2.6558305e-01  0.0000000e+00 -2.4743000e-04  1.0000000e+00]]
Orthogonalized [S.T @ S] :
[[1. 0. 0. 0.]
 [0. 1. 0. 0.]
 [0. 0. 1. 0.]
 [0. 0. 0. 1.]]
[S.T @ S] after sign fix and second orthogonalization:
[[1. 0. 0. 0.]
 [0. 1. 0. 0.]
 [0. 0. 1. 0.]
 [0. 0. 0. 1.]]
OLD:
 [[ 9.9999984e-01 -5.5379000e-04  6.7530000e-05  3.8800000e-06]
 [ 3.9480000e-04  6.1689518e-01 -7.8703425e-01 -4.1572900e-03]
 [ 4.7000000e-07 -6.0959600e-03  5.0398000e-04 -9.9998129e-01]
 [-3.9420000e-04 -7.8702152e-01 -6.1690910e-01  4.4868200e-03]]
I found a sign error upon phase correcting.
Index Flip: 1 <--> 2
NEW:
 [[ 9.9999984e-01 -5.5379000e-04  6.7530000e-05  3.8800000e-06]
 [ 3.9480000e-04  6.1689518e-01  7.8703425e-01 -4.1572900e-03]
 [ 4.7000000e-07  6.0959600e-03  5.0398000e-04 -9.9998129e-01]
 [-3.9420000e-04 -7.8702152e-01 -6.1690910e-01  4.4868200e-03]]
[S.T @ S] after sign fix:
[[ 1.000000e+00  1.000000e-08  6.214400e-04  0.000000e+00]
 [ 1.000000e-08  1.000000e+00  9.710414e-01 -1.219168e-02]
 [ 6.214400e-04  9.710414e-01  1.000000e+00 -6.543860e-03]
 [ 0.000000e+00 -1.219168e-02 -6.543860e-03  1.000000e+00]]
Orthogonalized [S.T @ S] :
[[ 1. -0. -0.  0.]
 [-0.  1.  0. -0.]
 [-0.  0.  1.  0.]
 [ 0. -0.  0.  1.]]
[S.T @ S] after sign fix and second orthogonalization:
[[ 1. -0. -0.  0.]
 [-0.  1.  0. -0.]
 [-0.  0.  1.  0.]
 [ 0. -0.  0.  1.]]
OLD:
 [[ 9.9999986e-01 -5.3048000e-04 -1.0000000e-08  6.7000000e-07]
 [ 0.0000000e+00 -1.8020000e-05  9.9999642e-01 -2.6739600e-03]
 [ 1.6400000e-06  1.8236000e-03 -2.6739200e-03 -9.9999476e-01]
 [-5.3048000e-04 -9.9999820e-01 -2.2900000e-05 -1.8235400e-03]]
I found a sign error upon phase correcting.
Index Flip: 1 <--> 3
NEW:
 [[ 9.9999986e-01 -5.3048000e-04 -1.0000000e-08  6.7000000e-07]
 [ 0.0000000e+00 -1.8020000e-05  9.9999642e-01  2.6739600e-03]
 [ 1.6400000e-06  1.8236000e-03 -2.6739200e-03 -9.9999476e-01]
 [-5.3048000e-04  9.9999820e-01 -2.2900000e-05 -1.8235400e-03]]
[S.T @ S] after sign fix:
[[ 1.00000e+00 -1.06095e-03 -0.00000e+00  0.00000e+00]
 [-1.06095e-03  1.00000e+00 -4.57900e-05 -3.64718e-03]
 [-0.00000e+00 -4.57900e-05  1.00000e+00  5.34789e-03]
 [ 0.00000e+00 -3.64718e-03  5.34789e-03  1.00000e+00]]
Orthogonalized [S.T @ S] :
[[ 1.  0.  0.  0.]
 [ 0.  1.  0.  0.]
 [ 0.  0.  1. -0.]
 [ 0.  0. -0.  1.]]
[S.T @ S] after sign fix and second orthogonalization:
[[ 1.  0.  0.  0.]
 [ 0.  1.  0.  0.]
 [ 0.  0.  1. -0.]
 [ 0.  0. -0.  1.]]
OLD:
 [[ 1.00e+00 -0.00e+00 -1.00e-08  1.15e-06]
 [ 1.00e-08  2.44e-06  1.00e+00  2.00e-08]
 [ 1.15e-06  3.00e-08  2.00e-08 -1.00e+00]
 [-0.00e+00  1.00e+00 -2.44e-06  3.00e-08]]
I found a sign error upon phase correcting.
Index Flip: 2 <--> 3
NEW:
 [[ 1.00e+00 -0.00e+00 -1.00e-08  1.15e-06]
 [ 1.00e-08  2.44e-06  1.00e+00  2.00e-08]
 [ 1.15e-06  3.00e-08  2.00e-08  1.00e+00]
 [-0.00e+00  1.00e+00  2.44e-06  3.00e-08]]
[S.T @ S] after sign fix:
[[1.00e+00 0.00e+00 0.00e+00 2.31e-06]
 [0.00e+00 1.00e+00 4.88e-06 6.00e-08]
 [0.00e+00 4.88e-06 1.00e+00 4.00e-08]
 [2.31e-06 6.00e-08 4.00e-08 1.00e+00]]
Orthogonalized [S.T @ S] :
[[ 1.  0.  0.  0.]
 [ 0.  1. -0. -0.]
 [ 0. -0.  1.  0.]
 [ 0. -0.  0.  1.]]
[S.T @ S] after sign fix and second orthogonalization:
[[ 1.  0.  0.  0.]
 [ 0.  1. -0. -0.]
 [ 0. -0.  1.  0.]
 [ 0. -0.  0.  1.]]
	GET_NACT OVERALL TIME (G16_TD.py): 0.03 s
	GET_APPROX NACR OVERALL TIME (G16_TD.py): 0.01 s
Total QM took 123.38 s.
Propagation Norm (0):
1.0
Propagation Norm (1):
1.0
Electronic propagation took 0.02 s.
Rotation Norm (0):
1.0
Rotation Norm (1):
1.0
Electronic Norm.: 1.0
Total MD Step took 123.41 s.
Submitting electronic structure for step 13.
	Gaussian terminated normally in 29.19 s. (GS_NEW)
	Gaussian terminated normally in 3.07 s. (DIMER)
