0.0  380.1803
0.5  419.0263
1.0  440.9394
1.5  438.7309
2.0  414.2274
2.5  376.1983
3.0  336.7032
3.5  307.0979
4.0  294.5746
4.5  300.2373
5.0  319.3947
5.5  343.6870
6.0  363.7636
6.5  371.4556
7.0  361.4061
7.5  332.7333
8.0  290.7078
8.5  247.0310
9.0  216.7122
9.5  211.4442
10.0  233.0118
10.5  271.7068
11.0  311.2947
11.5  336.9349
12.0  341.0349
12.5  324.8416
13.0  296.6798
13.5  268.5517
14.0  252.1940
14.5  255.3929
15.0  279.6535
15.5  320.1556
16.0  367.8221
16.5  412.2061
17.0  443.9309
17.5  456.4524
18.0  447.7084
18.5  421.7910
19.0  389.3926
19.5  365.0109
20.0  360.5390
20.5  378.4720
21.0  409.7545
21.5  438.2545
22.0  448.6656
22.5  432.8012
23.0  391.7508
23.5  334.4904
24.0  274.5099
24.5  225.5844
25.0  197.6621
25.5  194.1713
26.0  211.7936
26.5  242.5031
27.0  276.4852
27.5  304.5991
28.0  320.1312
28.5  320.4166
29.0  308.5205
29.5  293.8403
30.0  289.6634
30.5  307.1493
31.0  348.6262
31.5  405.0537
32.0  459.9096
32.5  496.7691
33.0  505.7200
33.5  485.8963
34.0  444.4467
34.5  393.4003
35.0  345.6216
35.5  310.8972
36.0  293.3907
36.5  291.3579
37.0  298.8577
37.5  308.2030
38.0  312.0447
38.5  304.9725
39.0  285.1924
39.5  256.3685
40.0  228.3611
40.5  214.8236
41.0  227.1312
41.5  267.6197
42.0  327.0782
42.5  388.7506
43.0  436.0167
43.5  458.8103
44.0  456.0330
44.5  434.3230
45.0  404.7453
45.5  378.7488
46.0  364.5340
46.5  364.9629
47.0  377.6122
47.5  396.4751
48.0  414.1036
48.5  423.3182
49.0  418.5710
49.5  397.5702
50.0  363.2281
50.5  324.6733
51.0  295.2665
51.5  286.9141
52.0  303.3660
52.5  337.3335
53.0  373.9561
53.5  398.1839
54.0  401.2340
54.5  383.1201
55.0  351.3115
55.5  317.0578
56.0  291.0318
56.5  279.8180
57.0  284.4494
57.5  301.2150
58.0  323.7530
58.5  345.0428
59.0  358.6312
59.5  359.5061
60.0  345.4296
60.5  318.8515
61.0  288.1175
61.5  265.8034
62.0  263.2704
62.5  283.9601
63.0  320.3434
63.5  357.3392
64.0  379.9176
64.5  379.8487
65.0  358.2718
65.5  324.0125
66.0  289.3564
66.5  265.2995
67.0  258.0825
67.5  268.1650
68.0  291.5080
68.5  321.8247
69.0  352.3344
69.5  376.5383
70.0  388.6721
70.5  384.8768
71.0  365.4349
71.5  336.9145
72.0  311.7470
72.5  303.4067
73.0  318.8048
73.5  353.1237
74.0  391.5511
74.5  416.9871
75.0  418.3812
75.5  394.9900
76.0  355.4537
76.5  313.2952
77.0  281.3218
77.5  267.3185
78.0  272.5978
78.5  293.3546
79.0  323.2661
79.5  355.5661
80.0  383.9223
80.5  402.7389
81.0  407.9799
81.5  399.0044
82.0  380.5279
82.5  362.5700
83.0  356.6147
83.5  369.0545
84.0  396.2975
84.5  425.7151
85.0  442.1615
85.5  435.5914
86.0  405.3183
86.5  359.4582
87.0  310.7779
87.5  271.3167
88.0  248.2554
88.5  242.6451
89.0  250.8913
89.5  267.3597
90.0  286.3271
90.5  302.6522
91.0  311.8255
91.5  310.5289
92.0  298.2972
92.5  279.5776
93.0  264.1473
93.5  263.8521
94.0  286.1256
94.5  328.3392
95.0  377.7082
95.5  417.4503
96.0  435.0260
96.5  427.3922
97.0  401.0847
97.5  368.1460
98.0  340.5249
98.5  325.7193
99.0  325.3848
99.5  336.7503
100.0  355.1433
100.5  375.8318
101.0  394.5590
101.5  407.3923
102.0  410.9882
102.5  403.9412
103.0  388.7740
103.5  372.8455
104.0  366.1401
104.5  375.8010
105.0  400.6293
105.5  430.1088
106.0  449.4152
106.5  447.0944
107.0  420.4764
107.5  376.1989
108.0  326.4503
108.5  283.4355
109.0  254.9071
109.5  242.6019
110.0  243.5439
110.5  252.5812
111.0  264.3610
111.5  274.0413
112.0  277.2994
112.5  270.7402
113.0  253.4482
113.5  229.3007
114.0  208.1623
114.5  203.4428
115.0  225.4249
115.5  273.9257
116.0  336.1644
116.5  392.4070
117.0  425.6913
117.5  429.2230
118.0  407.7516
118.5  373.5568
119.0  340.1675
119.5  317.1848
120.0  308.2700
120.5  312.2371
121.0  325.4985
121.5  343.9380
122.0  363.4104
122.5  379.3697
123.0  386.7493
123.5  381.0754
124.0  361.0118
124.5  331.1870
125.0  302.7964
125.5  289.6643
126.0  300.5747
126.5  332.9197
127.0  373.1560
127.5  404.3602
128.0  415.3908
128.5  405.6184
129.0  383.3103
129.5  360.0226
130.0  344.9557
130.5  342.1566
131.0  351.0008
131.5  368.3434
132.0  390.3382
132.5  412.9903
133.0  431.8249
133.5  441.7151
134.0  437.8148
134.5  417.8488
135.0  384.8305
135.5  348.0194
136.0  319.9012
136.5  309.5140
137.0  316.3334
137.5  329.9011
138.0  336.1330
138.5  325.6988
139.0  298.6958
139.5  263.3849
140.0  230.9819
140.5  210.3014
141.0  205.1038
141.5  214.6059
142.0  235.6002
142.5  264.2531
143.0  296.6775
143.5  328.6294
144.0  355.3024
144.5  372.0830
145.0  376.5033
145.5  370.5939
146.0  361.7666
146.5  360.2962
147.0  373.5589
147.5  400.5283
148.0  431.1334
148.5  451.6949
149.0  452.6849
149.5  433.4689
150.0  401.4935
150.5  367.4084
151.0  339.7655
151.5  322.3376
152.0  314.6980
152.5  314.4771
153.0  319.2027
153.5  326.7351
154.0  334.7131
154.5  340.1091
155.0  339.8231
155.5  332.4972
156.0  320.6655
156.5  311.3944
157.0  313.7054
157.5  333.1751
158.0  367.1138
158.5  404.4475
159.0  431.1382
159.5  437.5183
160.0  422.6455
160.5  393.4204
161.0  359.8881
161.5  330.1508
162.0  307.7887
162.5  292.4402
163.0  282.0431
163.5  274.6924
164.0  269.0903
164.5  263.9378
165.0  257.3344
165.5  247.1572
166.0  232.7029
166.5  216.8256
167.0  206.7792
167.5  211.9417
168.0  238.5305
168.5  284.4951
169.0  338.8565
169.5  386.7649
170.0  416.9547
170.5  426.6093
171.0  421.0487
171.5  409.3763
172.0  399.3848
172.5  394.6893
173.0  394.9585
173.5  397.9570
174.0  401.4132
174.5  403.5914
175.0  402.7899
175.5  396.7800
176.0  383.1779
176.5  361.0897
177.0  333.3123
177.5  307.3231
178.0  293.1989
178.5  298.4490
179.0  322.7820
179.5  357.0393
180.0  387.7578
180.5  404.3254
181.0  403.8810
181.5  391.2766
182.0  375.0330
182.5  362.4390
183.0  356.7308
183.5  357.2845
184.0  361.6054
184.5  367.1615
185.0  371.9412
185.5  373.9596
186.0  370.7319
186.5  359.6884
187.0  339.8161
187.5  313.7448
188.0  288.5240
188.5  273.3997
189.0  274.8270
189.5  291.8068
190.0  315.4543
190.5  333.7727
191.0  338.4052
191.5  328.7697
192.0  311.3153
192.5  295.1174
193.0  287.0475
193.5  289.3467
194.0  300.2896
194.5  316.4796
195.0  334.7292
195.5  352.5011
196.0  367.3071
196.5  376.2074
197.0  376.3993
197.5  367.0599
198.0  351.4477
198.5  337.3050
199.0  333.9254
199.5  346.5796
200.0  371.9605
200.5  398.6451
201.0  412.9691
201.5  406.4301
202.0  379.8598
202.5  342.3012
203.0  305.9712
203.5  280.6154
204.0  270.3068
204.5  273.7204
205.0  286.5985
205.5  304.1925
206.0  322.3210
206.5  337.2170
207.0  345.2875
207.5  343.8577
208.0  333.0926
208.5  317.9741
209.0  308.1772
209.5  314.2357
210.0  341.1597
210.5  383.7878
211.0  427.9613
211.5  457.3251
212.0  461.2914
212.5  439.4086
213.0  400.3884
213.5  357.2171
214.0  321.3804
214.5  299.0932
215.0  290.8254
215.5  293.2788
216.0  301.8142
216.5  311.8284
217.0  318.9851
217.5  319.2532
218.0  309.7897
218.5  290.9093
219.0  268.0675
219.5  251.7325
220.0  253.4925
220.5  279.4825
221.0  325.3916
221.5  377.2620
222.0  418.0805
222.5  435.8077
223.0  428.0923
223.5  401.8579
224.0  369.0071
224.5  340.9687
225.0  324.7420
225.5  321.8354
226.0  329.6616
226.5  343.7237
227.0  359.0929
227.5  370.8351
228.0  374.1352
228.5  365.1791
229.0  343.2471
229.5  313.1532
230.0  285.7987
230.5  274.6589
231.0  288.7080
231.5  326.1756
232.0  374.2935
232.5  415.8342
233.0  437.8573
233.5  437.0653
234.0  419.4966
234.5  396.0379
235.0  376.9024
235.5  367.8532
236.0  369.3845
236.5  378.2332
237.0  389.5540
237.5  398.3770
238.0  400.0781
238.5  390.5654
239.0  367.1472
239.5  330.4627
240.0  286.6141
240.5  247.3620
241.0  226.3621
241.5  232.1152
242.0  262.0389
242.5  302.6410
243.0  336.3553
243.5  350.3880
244.0  342.0693
244.5  318.5058
245.0  291.9441
245.5  273.8997
246.0  270.9068
246.5  283.3444
247.0  306.9202
247.5  335.1436
248.0  361.2246
248.5  378.9331
249.0  383.0293
249.5  370.2234
250.0  341.0826
250.5  302.0832
251.0  265.7224
251.5  246.6756
252.0  254.5954
252.5  287.8912
253.0  333.5555
253.5  373.8138
254.0  395.0739
254.5  393.5858
255.0  375.4419
255.5  352.2263
256.0  335.3319
256.5  331.7562
257.0  342.7839
257.5  365.1741
258.0  393.3032
258.5  420.8324
259.0  441.4839
259.5  449.4997
260.0  440.6836
260.5  414.4395
261.0  376.0536
261.5  337.1679
262.0  312.2965
262.5  311.6964
263.0  334.7864
263.5  369.4133
264.0  398.1547
264.5  407.2746
265.0  392.5785
265.5  359.6592
266.0  319.8625
266.5  284.9697
267.0  263.1879
267.5  257.6357
268.0  266.9821
268.5  287.0048
269.0  311.9386
269.5  335.2777
270.0  350.4738
270.5  352.2463
271.0  338.7979
271.5  314.1702
272.0  288.7631
272.5  275.9998
273.0  285.5049
273.5  316.8392
274.0  358.7958
274.5  395.2779
275.0  413.5357
275.5  409.3932
276.0  387.3108
276.5  356.7523
277.0  327.6890
277.5  307.4134
278.0  299.4097
278.5  303.7835
279.0  318.2261
279.5  338.7417
280.0  360.0347
280.5  376.0281
281.0  381.1479
281.5  372.6199
282.0  353.0540
282.5  331.3922
283.0  320.0926
283.5  328.6104
284.0  357.0073
284.5  394.8777
285.0  426.9996
285.5  441.5584
286.0  435.2741
286.5  413.0831
287.0  384.0770
287.5  356.9373
288.0  337.1833
288.5  326.7155
289.0  324.7590
289.5  328.9788
290.0  336.0678
290.5  341.8916
291.0  341.7855
291.5  331.6531
292.0  310.0751
292.5  280.6776
293.0  252.8690
293.5  238.9123
294.0  247.4964
294.5  277.6449
295.0  318.0151
295.5  352.8044
296.0  370.0079
296.5  366.3995
297.0  347.0314
297.5  321.0956
298.0  297.4310
298.5  281.8903
299.0  276.8925
299.5  282.1958
300.0  295.7386
300.5  313.9991
301.0  332.0711
301.5  344.0941
302.0  344.6727
302.5  331.4294
303.0  307.8022
303.5  283.9689
304.0  273.6510
304.5  287.0092
305.0  323.8935
305.5  372.9736
306.0  417.9922
306.5  446.4484
307.0  454.7125
307.5  447.3910
308.0  433.0444
308.5  419.7167
309.0  412.4570
309.5  413.0202
310.0  420.6820
310.5  433.0287
311.0  446.2513
311.5  455.2011
312.0  453.8451
312.5  436.7100
313.0  401.4176
313.5  351.4537
314.0  297.1764
314.5  252.9347
315.0  230.4025
315.5  231.9985
316.0  249.5728
316.5  269.7363
317.0  281.6899
317.5  281.9952
318.0  274.1501
318.5  264.8684
319.0  260.2713
319.5  263.9645
320.0  277.0369
320.5  298.8783
321.0  327.7399
321.5  360.6637
322.0  393.1186
322.5  419.0345
323.0  431.8962
323.5  427.1501
324.0  405.2728
324.5  373.6165
325.0  344.6332
325.5  329.8943
326.0  333.1924
326.5  348.1429
327.0  362.5845
327.5  366.2441
328.0  355.8880
328.5  335.2822
329.0  311.6055
329.5  291.5998
330.0  279.5649
330.5  277.3079
331.0  284.9566
331.5  301.5412
332.0  324.9280
332.5  351.3831
333.0  375.4207
333.5  390.6316
334.0  391.8743
334.5  378.3798
335.0  356.0175
335.5  336.1688
336.0  330.1524
336.5  342.0929
337.0  365.8555
337.5  388.9849
338.0  400.4584
338.5  396.2052
339.0  379.2970
339.5  356.3598
340.0  333.6660
340.5  315.1720
341.0  302.6157
341.5  296.4876
342.0  296.6911
342.5  302.4375
343.0  311.6590
343.5  320.6136
344.0  324.4121
344.5  318.9135
345.0  303.6518
345.5  284.1409
346.0  270.9972
346.5  274.6381
347.0  298.2473
347.5  334.6438
348.0  370.2345
348.5  392.9871
349.0  398.2195
349.5  388.8931
350.0  371.9112
350.5  353.9923
351.0  339.5071
351.5  330.4625
352.0  327.4651
352.5  330.4531
353.0  338.6839
353.5  350.1747
354.0  361.1916
354.5  366.5123
355.0  361.0653
355.5  342.9604
356.0  316.5861
356.5  293.0118
357.0  285.4180
357.5  301.1240
358.0  336.1487
358.5  377.3305
359.0  410.3915
359.5  427.2837
360.0  428.0465
360.5  417.8438
361.0  402.8523
361.5  387.7822
362.0  375.4665
362.5  367.4631
363.0  364.5267
363.5  366.4701
364.0  371.5886
364.5  376.1807
365.0  374.8169
365.5  361.9494
366.0  334.9596
366.5  297.5070
367.0  260.5078
367.5  238.1768
368.0  240.0738
368.5  264.7773
369.0  300.7825
369.5  333.9445
370.0  355.1095
370.5  362.7149
371.0  360.4870
371.5  353.6764
372.0  346.6317
372.5  342.2558
373.0  342.4123
373.5  348.2458
374.0  359.9632
374.5  376.1960
375.0  393.3673
375.5  405.6311
376.0  406.0254
376.5  389.2516
377.0  355.4894
377.5  312.9396
378.0  275.9213
378.5  257.7414
379.0  262.6527
379.5  283.5490
380.0  307.3999
380.5  323.4196
381.0  327.6153
381.5  322.0438
382.0  311.5115
382.5  300.8558
383.0  293.8901
383.5  293.3940
384.0  301.2005
384.5  317.9134
385.0  342.3147
385.5  370.7928
386.0  397.2545
386.5  414.0948
387.0  414.6906
387.5  397.0919
388.0  366.9856
388.5  336.8662
389.0  320.0036
389.5  322.4755
390.0  339.6218
390.5  359.9481
391.0  372.7034
391.5  372.9545
392.0  361.7700
392.5  343.5671
393.0  323.5419
393.5  306.3761
394.0  295.8316
394.5  294.4952
395.0  303.3411
395.5  321.1854
396.0  344.2907
396.5  366.4605
397.0  380.0940
397.5  378.6436
398.0  360.2324
398.5  330.6366
399.0  302.5689
399.5  289.6441
400.0  298.1055
400.5  322.8547
401.0  351.2858
401.5  371.3286
402.0  377.1594
402.5  369.7116
403.0  353.9048
403.5  335.7062
404.0  320.4681
404.5  312.2916
405.0  313.7154
405.5  325.3750
406.0  345.6596
406.5  370.5490
407.0  393.8741
407.5  408.3654
408.0  407.8841
408.5  390.6990
409.0  362.3027
409.5  334.9657
410.0  322.2568
410.5  330.9953
411.0  356.7659
411.5  386.9221
412.0  408.3212
412.5  413.5288
413.0  402.1604
413.5  378.6913
414.0  349.6023
414.5  321.4121
415.0  299.5974
415.5  287.9224
416.0  287.9367
416.5  298.6492
417.0  316.4473
417.5  335.3834
418.0  348.1500
418.5  348.2124
419.0  333.1235
419.5  307.6384
420.0  283.7498
420.5  275.5206
421.0  290.7991
421.5  325.9913
422.0  368.3556
422.5  403.5622
423.0  422.2852
423.5  422.1835
424.0  406.2886
424.5  380.4768
425.0  351.5070
425.5  325.6898
426.0  307.8739
426.5  300.6649
427.0  303.9518
427.5  314.7794
428.0  327.5941
428.5  335.1091
429.0  330.2659
429.5  309.4860
430.0  276.1316
430.5  241.4479
431.0  220.4238
431.5  223.6829
432.0  251.0763
432.5  292.2596
433.0  333.3573
433.5  363.8719
434.0  379.5193
434.5  381.3147
435.0  373.4484
435.5  361.5546
436.0  351.4830
436.5  348.2236
437.0  354.8939
437.5  371.9405
438.0  396.6938
438.5  423.3837
439.0  443.8832
439.5  449.6687
440.0  435.2286
440.5  401.9287
441.0  359.6346
441.5  323.3133
442.0  305.2438
442.5  308.1680
443.0  324.8887
443.5  344.0302
444.0  356.5117
444.5  358.3970
445.0  350.2641
445.5  335.4610
446.0  318.7047
446.5  305.0453
447.0  298.8678
447.5  302.9321
448.0  317.6536
448.5  340.7206
449.0  367.0556
449.5  389.3023
450.0  399.3277
450.5  391.1358
451.0  364.5481
451.5  327.3350
452.0  292.9719
452.5  273.8528
453.0  274.3213
453.5  289.0749
454.0  307.8076
454.5  321.5388
455.0  326.0257
455.5  321.6441
456.0  311.7649
456.5  301.2262
457.0  295.1599
457.5  297.9294
458.0  312.1669
458.5  338.0829
459.0  373.1268
459.5  411.9764
460.0  446.9885
460.5  469.5615
461.0  472.8459
461.5  455.3446
462.0  423.3366
462.5  389.3309
463.0  365.9251
463.5  358.7599
464.0  364.0458
464.5  372.3016
465.0  374.5061
465.5  365.9816
466.0  346.7837
466.5  320.2589
467.0  291.4746
467.5  266.0068
468.0  248.9169
468.5  243.8246
469.0  252.1664
469.5  272.7093
470.0  301.3446
470.5  331.3381
471.0  354.5110
471.5  363.7999
472.0  356.7929
472.5  338.3009
473.0  319.2634
473.5  311.2056
474.0  319.4891
474.5  340.5180
475.0  364.7951
475.5  382.6271
476.0  388.0943
476.5  379.8542
477.0  360.0870
477.5  333.1335
478.0  304.3621
478.5  279.1862
479.0  262.1489
479.5  256.1084
480.0  261.5574
480.5  276.1202
481.0  294.4724
481.5  309.2411
482.0  313.4288
482.5  304.0925
483.0  285.4657
483.5  268.6939
484.0  266.7748
484.5  287.2205
485.0  327.7452
485.5  378.0819
486.0  425.7681
486.5  461.2910
487.0  480.1304
487.5  482.3071
488.0  471.0065
488.5  451.1849
489.0  428.3812
489.5  407.7319
490.0  393.1458
490.5  386.5403
491.0  387.0913
491.5  390.7336
492.0  390.5653
492.5  378.9268
493.0  351.2136
493.5  309.8771
494.0  265.5777
494.5  233.1600
495.0  223.9039
495.5  239.3943
496.0  271.5427
496.5  307.9642
497.0  338.0290
497.5  356.0547
498.0  361.4330
498.5  357.1873
499.0  348.2045
499.5  339.6918
500.0  336.0278
500.5  339.9961
501.0  352.2456
501.5  370.8271
502.0  390.9187
502.5  405.2746
503.0  406.0996
503.5  388.4798
504.0  354.0758
504.5  312.3904
505.0  277.3965
505.5  260.5532
506.0  264.8490
506.5  284.2015
507.0  307.9931
507.5  326.7312
508.0  335.3678
508.5  333.7171
509.0  325.1812
509.5  314.9911
510.0  308.5999
510.5  310.4813
511.0  323.3593
511.5  347.7156
512.0  381.3771
512.5  419.2314
513.0  453.5290
513.5  475.4472
514.0  478.1503
514.5  460.3615
515.0  428.1786
515.5  392.9924
516.0  365.8414
516.5  351.7439
517.0  347.9928
517.5  347.0996
518.0  341.5361
518.5  327.0973
519.0  303.8166
519.5  275.1256
520.0  246.3126
520.5  222.9874
521.0  209.8881
521.5  210.0869
522.0  224.4524
522.5  251.2013
523.0  285.6203
523.5  320.4334
524.0  347.4259
524.5  360.4135
525.0  358.4518
525.5  347.1228
526.0  336.1466
526.5  334.0395
527.0  343.2837
527.5  359.4471
528.0  374.4541
528.5  381.1367
529.0  376.1657
529.5  360.5354
530.0  338.4153
530.5  315.4721
531.0  297.3505
531.5  288.5622
532.0  291.7564
532.5  307.2104
533.0  332.4340
533.5  362.0501
534.0  388.4478
534.5  403.7368
535.0  402.9191
535.5  386.9920
536.0  363.7573
536.5  344.7551
537.0  339.3960
537.5  350.0405
538.0  371.4209
538.5  394.3157
539.0  410.3635
539.5  415.0799
540.0  408.3385
540.5  393.2178
541.0  374.3683
541.5  356.5939
542.0  343.8684
542.5  338.7118
543.0  341.7268
543.5  351.1798
544.0  362.7985
544.5  370.2931
545.0  367.1331
545.5  349.5285
546.0  319.4262
546.5  285.3822
547.0  259.6561
547.5  252.3433
548.0  266.1252
548.5  295.2532
549.0  329.1272
549.5  357.5312
550.0  374.3130
550.5  378.3559
551.0  372.5479
551.5  361.9628
552.0  352.1040
552.5  347.5513
553.0  351.0068
553.5  362.6105
554.0  379.5049
554.5  395.8938
555.0  404.0684
555.5  396.7594
556.0  370.5205
556.5  328.7604
557.0  282.2336
557.5  245.4650
558.0  230.1987
558.5  239.7532
559.0  268.0348
559.5  303.4551
560.0  334.5784
560.5  354.1164
561.0  360.0842
561.5  354.8790
562.0  343.5340
562.5  331.9908
563.0  325.6872
563.5  328.4260
564.0  341.4229
564.5  362.5930
565.0  386.4200
565.5  404.9290
566.0  410.0958
566.5  397.3270
567.0  368.5967
567.5  333.0943
568.0  303.9142
568.5  291.8450
569.0  299.9768
569.5  322.7260
570.0  349.5176
570.5  370.1056
571.0  378.3083
571.5  373.0523
572.0  357.4652
572.5  337.2004
573.0  318.7515
573.5  307.9890
574.0  308.8836
574.5  322.3873
575.0  345.6571
575.5  372.0687
576.0  392.5394
576.5  398.3545
577.0  384.9164
577.5  354.8194
578.0  318.0755
578.5  288.2225
579.0  275.7330
579.5  282.7293
580.0  302.5556
580.5  324.1002
581.0  337.4775
581.5  337.7158
582.0  325.4494
582.5  305.5613
583.0  285.1302
583.5  271.4976
584.0  270.6735
584.5  286.0161
585.0  317.1750
585.5  359.5231
586.0  404.5175
586.5  441.4186
587.0  460.4364
587.5  456.6493
588.0  433.0757
588.5  400.6851
589.0  374.0213
589.5  363.9675
590.0  372.0505
590.5  390.2295
591.0  405.9962
591.5  408.8589
592.0  394.3566
592.5  364.5358
593.0  326.1091
593.5  287.9393
594.0  258.7988
594.5  245.6194
595.0  252.1261
595.5  277.8163
596.0  317.5057
596.5  361.8741
597.0  399.4217
597.5  419.8687
598.0  418.2713
598.5  398.1086
599.0  371.0040
599.5  351.7955
600.0  350.8053
600.5  368.1271
601.0  393.9591
601.5  414.4285
602.0  418.5012
602.5  401.9709
603.0  367.6228
603.5  323.0263
604.0  277.7390
604.5  240.9133
605.0  219.5082
605.5  216.9794
606.0  232.3965
606.5  260.2064
607.0  291.0609
607.5  314.0603
608.0  320.3289
608.5  307.0441
609.0  280.0676
609.5  252.8927
610.0  240.9658
610.5  253.7291
611.0  289.4188
611.5  336.2913
612.0  379.0928
612.5  406.0552
613.0  412.5819
613.5  401.0659
614.0  378.5003
614.5  353.6904
615.0  334.9855
615.5  328.6457
616.0  337.6418
616.5  360.7967
617.0  392.4834
617.5  423.3326
618.0  442.3578
618.5  440.4757
619.0  414.6257
619.5  370.7028
620.0  322.9663
620.5  288.6743
621.0  279.8756
621.5  297.3410
622.0  330.8497
622.5  365.3021
623.0  388.0503
623.5  393.1879
624.0  381.8249
624.5  359.9092
625.0  335.5106
625.5  316.5797
626.0  309.3092
626.5  316.8625
627.0  338.3756
627.5  368.4994
628.0  398.0138
628.5  415.9637
629.0  413.2763
629.5  386.9659
630.0  343.0139
630.5  295.5357
631.0  261.1545
631.5  250.8612
632.0  264.5023
632.5  291.7859
633.0  318.7053
633.5  334.5363
634.0  335.4136
634.5  323.9317
635.0  306.5841
635.5  290.9866
636.0  283.8334
636.5  289.6217
637.0  309.8176
637.5  342.2812
638.0  381.1224
638.5  417.4094
639.0  441.1009
639.5  444.1780
640.0  424.2782
640.5  387.2603
641.0  346.5765
641.5  318.2296
642.0  313.0257
642.5  330.8130
643.0  360.8707
643.5  388.0985
644.0  400.5040
644.5  393.6048
645.0  370.5738
645.5  339.6519
646.0  310.8733
646.5  293.3167
647.0  293.1623
647.5  312.4118
648.0  348.1950
648.5  392.8561
649.0  435.1543
649.5  462.7774
650.0  465.9879
650.5  441.6194
651.0  395.8117
651.5  343.2783
652.0  301.8049
652.5  283.7917
653.0  289.9073
653.5  309.3680
654.0  326.4651
654.5  328.4983
655.0  310.4647
655.5  275.3316
656.0  231.5281
656.5  189.7521
657.0  160.2505
657.5  150.7597
658.0  164.9228
658.5  201.1769
659.0  252.4841
659.5  307.4209
660.0  352.8914
660.5  378.1755
661.0  379.3124
661.5  361.9687
662.0  340.4498
662.5  331.6787
663.0  346.4051
663.5  383.1414
664.0  429.2304
664.5  468.0249
665.0  486.8324
665.5  481.0874
666.0  454.0546
666.5  414.0606
667.0  371.4084
667.5  335.9919
668.0  315.5934
668.5  314.4770
669.0  332.1599
669.5  362.7712
670.0  395.7293
670.5  418.2526
671.0  419.5430
671.5  395.5750
672.0  352.4514
672.5  305.7452
673.0  274.4058
673.5  271.3830
674.0  296.7049
674.5  337.9623
675.0  377.5532
675.5  401.1912
676.0  402.6759
676.5  383.9219
677.0  352.2493
677.5  317.2481
678.0  288.3598
678.5  273.1804
679.0  276.0591
679.5  296.8214
680.0  330.0050
680.5  365.3589
681.0  390.1714
681.5  393.3562
682.0  370.3437
682.5  326.8024
683.0  278.4692
683.5  245.2646
684.0  241.5014
684.5  268.1453
685.0  312.8019
685.5  357.2240
686.0  386.4982
686.5  394.2642
687.0  382.7093
687.5  359.5343
688.0  334.4825
688.5  316.7033
689.0  312.9766
689.5  326.3842
690.0  355.2817
690.5  392.9316
691.0  428.4014
691.5  449.1022
692.0  444.7852
692.5  412.1076
693.0  357.9931
693.5  299.2603
694.0  256.7308
694.5  245.4558
695.0  266.8371
695.5  308.3784
696.0  351.1181
696.5  379.0396
697.0  384.6807
697.5  369.4830
698.0  340.9982
698.5  309.5614
699.0  285.6860
699.5  278.0906
700.0  291.8463
700.5  326.5822
701.0  375.4392
701.5  425.7574
702.0  462.0042
702.5  470.5572
703.0  445.1262
703.5  390.8440
704.0  324.4043
704.5  268.2783
705.0  240.4084
705.5  245.2492
706.0  272.4892
706.5  304.1122
707.0  324.0905
707.5  324.4381
708.0  305.7954
708.5  274.7027
709.0  240.4382
709.5  212.8434
710.0  200.9384
710.5  211.4241
711.0  246.5851
711.5  302.2338
712.0  367.1889
712.5  425.5193
713.0  461.4815
713.5  465.6500
714.0  439.7966
714.5  397.7106
715.0  360.0316
715.5  344.3623
716.0  356.1901
716.5  386.8915
717.0  419.9474
717.5  440.1769
718.0  439.7695
718.5  418.9996
719.0  383.5787
719.5  341.5617
720.0  301.4097
720.5  271.1514
721.0  257.6563
721.5  265.1290
722.0  292.9201
722.5  333.9514
723.0  375.4534
723.5  402.7914
724.0  405.4310
724.5  382.5427
725.0  345.0011
725.5  311.3428
726.0  298.4750
726.5  312.3862
727.0  345.3840
727.5  381.6449
728.0  406.3123
728.5  411.7585
729.0  398.4709
729.5  372.2992
730.0  341.0582
730.5  312.3155
731.0  292.5325
731.5  286.7018
732.0  297.5083
732.5  323.7904
733.0  359.2039
733.5  392.6291
734.0  411.3000
734.5  406.0855
735.0  376.7017
735.5  333.7403
736.0  295.0701
736.5  277.1589
737.0  286.1013
737.5  314.6021
738.0  347.0012
738.5  368.1326
739.0  369.8194
739.5  352.1929
740.0  321.2463
740.5  285.4850
741.0  253.5265
741.5  232.8941
742.0  229.2578
742.5  245.3271
743.0  279.3353
743.5  324.0286
744.0  367.4758
744.5  396.3827
745.0  401.2465
745.5  381.3583
746.0  346.8932
746.5  315.7340
747.0  305.1486
747.5  322.5103
748.0  361.3192
748.5  405.4236
749.0  437.9635
749.5  448.6883
750.0  436.1333
750.5  405.5816
751.0  365.6794
751.5  325.7873
752.0  294.5074
752.5  278.7140
753.0  282.2813
753.5  304.3999
754.0  338.3746
754.5  372.2464
755.0  392.0149
755.5  386.9182
756.0  354.8916
756.5  305.4303
757.0  257.1887
757.5  229.8224
758.0  233.8462
758.5  265.2017
759.0  308.5245
759.5  346.2724
760.0  366.9399
760.5  367.9915
761.0  354.0271
761.5  333.1854
762.0  314.1920
762.5  304.7227
763.0  310.4871
763.5  334.1765
764.0  374.0322
764.5  422.7683
765.0  468.1120
765.5  495.7714
766.0  494.4179
766.5  460.9910
767.0  403.7808
767.5  340.7470
768.0  292.3023
768.5  271.5623
769.0  278.1349
769.5  299.8097
770.0  320.4730
770.5  328.2578
771.0  319.3112
771.5  296.9370
772.0  268.5957
772.5  243.0835
773.0  228.7116
773.5  232.0836
774.0  256.7658
774.5  301.7073
775.0  360.1593
775.5  420.2631
776.0  467.9317
776.5  491.4913
777.0  486.5216
777.5  458.7738
778.0  423.0591
778.5  397.2219
779.0  393.3258
779.5  411.2442
780.0  439.2036
780.5  460.7505
781.0  462.9385
781.5  440.8651
782.0  397.5911
782.5  341.4974
783.0  283.3653
783.5  234.1279
784.0  203.0420
784.5  195.7768
785.0  212.5184
785.5  246.9905
786.0  287.4547
786.5  319.9871
787.0  333.1963
787.5  322.7993
788.0  294.2266
788.5  261.5406
789.0  241.9055
789.5  247.3526
790.0  278.4006
790.5  323.9065
791.0  367.1837
791.5  393.8986
792.0  397.0158
792.5  377.4372
793.0  341.9624
793.5  300.6642
794.0  264.6111
794.5  243.7534
795.0  244.6055
795.5  268.0238
796.0  308.1353
796.5  353.4640
797.0  390.3629
797.5  407.7307
798.0  401.4157
798.5  376.6577
799.0  347.0568
799.5  329.3518
800.0  335.5225
800.5  366.4494
801.0  411.4360
801.5  453.9284
802.0  479.2746
802.5  479.8305
803.0  455.8652
803.5  413.7218
804.0  363.2825
804.5  315.7071
805.0  281.2983
805.5  267.1387
806.0  274.7929
806.5  299.1305
807.0  329.3285
807.5  352.1739
808.0  356.6686
808.5  338.4016
809.0  302.1708
809.5  261.4304
810.0  233.6467
810.5  232.5469
811.0  261.1039
811.5  309.9163
812.0  362.2310
812.5  401.9557
813.0  419.6009
813.5  413.9085
814.0  390.2825
814.5  358.1711
815.0  328.6062
815.5  311.8964
816.0  315.1373
816.5  339.8072
817.0  380.4907
817.5  425.7876
818.0  461.5053
818.5  475.1233
819.0  460.1076
819.5  418.8292
820.0  362.8994
820.5  309.7930
821.0  275.9099
821.5  269.0414
822.0  284.9852
822.5  310.7376
823.0  331.7543
823.5  338.3024
824.0  327.9464
824.5  304.6555
825.0  276.5412
825.5  253.5674
826.0  245.3611
826.5  258.7890
827.0  295.4910
827.5  350.3910
828.0  412.3269
828.5  467.0139
829.0  501.3506
829.5  507.5850
830.0  486.1241
830.5  446.0186
831.0  402.2308
831.5  369.6929
832.0  356.4679
832.5  360.1195
833.0  369.8437
833.5  372.6849
834.0  359.5329
834.5  327.9275
835.0  281.7323
835.5  229.3228
836.0  181.4852
836.5  149.1420
837.0  140.6469
837.5  159.0120
838.0  200.2720
838.5  254.1699
839.0  307.2158
839.5  346.8935
840.0  365.4698
840.5  362.3854
841.0  344.6405
841.5  324.5861
842.0  315.0359
842.5  323.3778
843.0  348.0414
843.5  379.7552
844.0  406.5978
844.5  419.3338
845.0  414.2743
845.5  393.4080
846.0  363.0702
846.5  332.1766
847.0  310.1601
847.5  304.4450
848.0  317.8697
848.5  347.2055
849.0  383.8154
849.5  416.4103
850.0  434.7454
850.5  432.9212
851.0  411.5003
851.5  377.9536
852.0  344.7542
852.5  324.7631
853.0  325.3434
853.5  344.5903
854.0  372.4277
854.5  395.8310
855.0  404.5689
855.5  394.3939
856.0  367.2424
856.5  329.7578
857.0  291.3269
857.5  261.9005
858.0  249.4601
858.5  257.4592
859.0  283.2717
859.5  318.6601
860.0  352.3233
860.5  373.5318
861.0  375.6047
861.5  358.3892
862.0  329.1056
862.5  300.6717
863.0  286.9908
863.5  296.6299
864.0  328.4747
864.5  372.4116
865.0  414.4820
865.5  442.8476
866.0  451.2968
866.5  439.7078
867.0  412.7900
867.5  378.3998
868.0  345.7555
868.5  323.2975
869.0  316.2560
869.5  324.7497
870.0  343.4989
870.5  363.5399
871.0  375.2590
871.5  371.6025
872.0  350.6198
872.5  316.7754
873.0  280.2656
873.5  253.6528
874.0  246.5334
874.5  261.0103
875.0  290.9694
875.5  325.5504
876.0  354.2049
876.5  370.3106
877.0  372.2434
877.5  362.6568
878.0  347.0772
878.5  332.3064
879.0  324.6167
879.5  327.8519
880.0  342.0034
880.5  362.9821
881.0  383.8460
881.5  397.0560
882.0  397.0006
882.5  382.1276
883.0  356.0515
883.5  326.8365
884.0  303.9712
884.5  293.9690
885.0  297.1192
885.5  307.6581
886.0  317.1861
886.5  318.8763
887.0  310.0600
887.5  292.5251
888.0  271.2999
888.5  252.8964
889.0  243.5110
889.5  247.3565
890.0  265.3803
890.5  294.7968
891.0  329.7345
891.5  362.8631
892.0  387.4964
892.5  399.6232
893.0  399.4086
893.5  391.5780
894.0  383.9425
894.5  383.9329
895.0  394.5888
895.5  412.5783
896.0  429.8038
896.5  437.5122
897.0  430.2226
897.5  407.5362
898.0  373.7208
898.5  336.0193
899.0  302.5586
899.5  280.2941
900.0  273.2649
900.5  281.5423
901.0  301.2612
901.5  325.7968
902.0  347.7012
902.5  360.8216
903.0  362.1532
903.5  353.0826
904.0  339.4605
904.5  329.7640
905.0  331.3363
905.5  346.3639
906.0  370.2466
906.5  393.7101
907.0  407.2745
907.5  405.2505
908.0  387.4248
908.5  358.4708
909.0  326.0982
909.5  298.8131
910.0  283.7180
910.5  284.6712
911.0  301.2418
911.5  328.8500
912.0  360.0858
912.5  386.7552
913.0  402.0875
913.5  402.7407
914.0  390.2739
914.5  371.3591
915.0  355.7404
915.5  351.8982
916.0  362.4518
916.5  382.4296
917.0  401.8092
917.5  410.5117
918.0  402.6095
918.5  377.8801
919.0  340.9951
919.5  299.5799
920.0  262.0595
920.5  235.6373
921.0  224.5930
921.5  229.2523
922.0  246.0166
922.5  268.5175
923.0  289.5104
923.5  302.9599
924.0  305.9389
924.5  300.0278
925.0  291.5377
925.5  289.5949
926.0  301.9847
926.5  330.6685
927.0  370.0448
927.5  409.4125
928.0  437.9369
928.5  448.9236
929.0  441.4876
929.5  419.8247
930.0  391.2637
930.5  364.0080
931.0  344.9579
931.5  337.8915
932.0  342.4529
932.5  354.3651
933.0  366.8587
933.5  372.7918
934.0  366.8094
934.5  347.1409
935.0  316.7902
935.5  283.5435
936.0  257.9210
936.5  248.9763
937.0  259.7734
937.5  285.5296
938.0  315.9228
938.5  339.9954
939.0  350.5491
939.5  346.0785
940.0  330.3174
940.5  310.4282
941.0  294.6494
941.5  289.8219
942.0  299.2615
942.5  321.6606
943.0  351.5295
943.5  380.9963
944.0  402.1521
944.5  409.1292
945.0  399.6361
945.5  376.0058
946.0  345.4392
946.5  318.5055
947.0  305.3599
947.5  310.9912
948.0  332.4737
948.5  360.3513
949.0  383.2777
949.5  392.8948
950.0  386.5325
950.5  367.3254
951.0  342.5963
951.5  321.3712
952.0  311.5668
952.5  317.4507
953.0  338.2215
953.5  368.3498
954.0  399.5100
954.5  423.1594
955.0  432.7857
955.5  425.4759
956.0  402.9244
956.5  371.6906
957.0  341.8512
957.5  323.4643
958.0  321.9912
958.5  335.4726
959.0  355.5720
959.5  371.7780
960.0  375.9647
960.5  365.0212
961.0  341.1678
961.5  310.7672
962.0  282.3552
962.5  264.1927
963.0  261.7048
963.5  275.6399
964.0  301.8589
964.5  332.9204
965.0  360.6018
965.5  378.1993
966.0  382.0792
966.5  372.6572
967.0  354.8084
967.5  336.9167
968.0  327.7884
968.5  332.2979
969.0  348.4825
969.5  368.3626
970.0  381.9841
970.5  381.9115
971.0  365.7708
971.5  336.3872
972.0  300.3925
972.5  266.1750
973.0  241.5659
973.5  231.5911
974.0  236.9738
974.5  254.1580
975.0  276.9486
975.5  298.8937
976.0  315.2292
976.5  323.8756
977.0  325.8270
977.5  325.2233
978.0  328.5603
978.5  342.2286
979.0  368.9193
979.5  405.1913
980.0  442.3042
980.5  469.9842
981.0  480.6450
981.5  471.8063
982.0  446.2135
982.5  410.4516
983.0  372.9106
983.5  341.5072
984.0  321.4685
984.5  313.8125
985.0  315.2857
985.5  319.9416
986.0  321.5900
986.5  315.9300
987.0  301.7165
987.5  281.1361
988.0  259.6550
988.5  244.9088
989.0  244.0154
989.5  259.9733
990.0  289.4337
990.5  323.7932
991.0  353.0783
991.5  370.0741
992.0  372.5216
992.5  363.0272
993.0  347.5475
993.5  333.3096
994.0  326.5768
994.5  330.6033
995.0  344.4480
995.5  363.3509
996.0  380.6850
996.5  390.5226
997.0  389.5579
997.5  377.8298
998.0  358.6089
998.5  337.8881
999.0  323.1764
999.5  321.0175
1000.0  333.8104
