# Step S0->S0 S0->S1 S0->S2 S0->S3 S0->S4 S0->S5 S0->S6 S0->S7 S0->S8 S0->S9
0.0  -0.04036 -0.00016 -0.02848 0.02176 -0.00124 0.00456 -0.04212 -0.02012 -0.00188 0.00956
0.5  -0.03564 -0.00028 -0.02824 0.01864 -0.01216 0.00724 -0.04092 -0.02200 -0.00180 0.01000
1.0  -0.03056 -0.00032 -0.02788 0.01676 -0.01492 0.00924 -0.03948 -0.02412 -0.00148 0.01028
1.5  -0.02516 -0.00032 -0.02744 0.01632 -0.01512 0.01064 -0.03852 -0.02564 -0.00108 0.01032
2.0  -0.01944 -0.00028 -0.02684 0.01628 -0.01440 0.01164 -0.03816 -0.02656 -0.00076 0.01016
2.5  -0.01348 -0.00028 -0.02608 0.01644 -0.01308 0.01216 -0.03832 -0.02700 -0.00060 0.00972
3.0  -0.00740 -0.00020 -0.02520 0.01660 -0.01140 0.01228 -0.03888 -0.02708 -0.00068 0.00888
3.5  -0.00128 -0.00016 -0.02412 0.01676 -0.00952 0.01176 -0.03976 -0.02704 -0.00092 0.00748
4.0  0.00476 -0.00016 -0.02284 0.01700 -0.00768 0.01024 -0.04092 -0.02680 -0.00124 0.00520
4.5  0.01064 -0.00016 -0.02140 0.01728 -0.00628 0.00716 -0.04232 -0.02632 -0.00160 0.00172
5.0  0.01624 -0.00016 -0.01972 0.01764 -0.00568 0.00272 -0.04348 -0.02572 -0.00192 -0.00332
5.5  0.02152 -0.00012 -0.01788 0.01776 -0.00680 -0.00108 -0.04384 -0.02544 -0.00216 -0.00952
6.0  0.02644 -0.00008 -0.01584 0.01712 -0.00988 -0.00328 -0.04336 -0.02588 -0.00224 -0.01560
6.5  0.03100 -0.00004 -0.01360 0.01620 -0.01288 -0.00448 -0.04240 -0.02704 -0.00216 -0.02028
7.0  0.03520 0.00008 -0.01124 0.01604 -0.01448 -0.00532 -0.04104 -0.02844 0.00196 -0.02336
7.5  0.03900 0.00012 -0.00872 0.01652 -0.01508 -0.00612 -0.03952 -0.02976 0.00164 -0.02516
8.0  0.04252 0.00020 -0.00612 0.01724 -0.01492 -0.00692 -0.03808 -0.03076 0.00128 -0.02596
8.5  0.04568 0.00028 -0.00344 0.01800 -0.01416 -0.00772 -0.03672 -0.03156 0.00104 -0.02596
9.0  0.04860 0.00028 -0.00076 0.01872 -0.01300 -0.00852 -0.03556 -0.03192 0.00088 -0.02532
9.5  0.05128 0.00032 0.00196 0.01916 -0.01140 -0.00932 -0.03460 -0.03200 0.00040 -0.02416
10.0  0.05376 0.00028 0.00460 0.01936 -0.00944 -0.01024 -0.03380 -0.03172 -0.00132 -0.02256
10.5  0.05608 0.00024 0.00712 0.01920 -0.00736 -0.01144 -0.03324 -0.03100 -0.00432 -0.02024
11.0  0.05820 0.00020 0.00944 0.01868 -0.00516 -0.01292 -0.03312 -0.02968 -0.00752 -0.01712
11.5  0.06024 0.00016 0.01160 0.01784 -0.00304 -0.01464 -0.03412 -0.02668 -0.00996 -0.01344
12.0  0.06212 0.00016 0.01344 0.01688 -0.00120 -0.01632 -0.03964 -0.01440 -0.01160 -0.00944
12.5  0.06380 0.00016 0.01496 0.01588 -0.00016 -0.01700 -0.03980 0.01248 -0.01172 -0.00516
13.0  0.06532 0.00016 0.01612 0.01504 -0.00204 -0.01288 -0.03984 0.01844 -0.00824 -0.00068
13.5  0.06660 0.00016 0.01688 0.01352 -0.00604 -0.00232 -0.04396 0.01476 -0.00184 0.00392
14.0  0.06764 0.00012 0.01724 0.01360 -0.00616 -0.00088 -0.04628 -0.00508 0.00024 0.00844
14.5  0.06836 0.00008 0.01716 0.01476 -0.00464 -0.00456 -0.04252 -0.01876 0.00004 0.01284
15.0  0.06876 -0.00000 0.01672 0.01608 -0.00268 -0.00848 -0.03972 -0.02348 -0.00044 0.01672
15.5  0.06888 -0.00008 0.01592 0.01740 -0.00048 -0.01136 -0.03768 -0.02584 -0.00060 0.02008
16.0  0.06868 -0.00016 0.01488 0.01844 0.00164 -0.01340 -0.03592 -0.02752 0.00024 0.02284
16.5  0.06824 -0.00024 0.01352 0.01928 0.00344 -0.01464 -0.03440 -0.02896 0.00284 0.02484
17.0  0.06748 -0.00028 0.01200 0.01988 0.00472 -0.01532 -0.03296 -0.03020 0.00696 0.02572
17.5  0.06644 -0.00028 0.01036 0.02036 0.00524 -0.01544 -0.03180 -0.03128 0.00960 0.02596
18.0  0.06512 -0.00024 0.00864 0.02064 0.00480 -0.01512 -0.03092 -0.03220 0.00936 0.02648
18.5  0.06348 -0.00020 0.00692 0.02076 0.00316 -0.01436 -0.03036 -0.03280 0.00684 0.02700
19.0  0.06156 -0.00008 0.00520 0.02056 0.00012 -0.01316 -0.03028 -0.03296 0.00292 0.02676
19.5  0.05924 -0.00000 0.00344 0.01956 -0.00408 -0.01164 -0.03068 -0.03260 -0.00140 0.02532
20.0  0.05656 0.00008 0.00180 0.01752 -0.00740 -0.00988 -0.03160 -0.03152 -0.00556 0.02244
20.5  0.05352 0.00016 0.00020 0.01568 -0.00888 -0.00812 -0.03292 -0.02952 -0.00936 0.01820
21.0  0.05004 0.00020 -0.00124 0.01444 -0.00888 -0.00676 -0.03472 -0.02640 -0.01256 0.01280
21.5  0.04620 0.00024 -0.00264 0.01380 -0.00804 -0.00612 -0.03732 -0.02088 -0.01512 0.00620
22.0  0.04196 0.00028 -0.00400 0.01364 -0.00668 -0.00656 -0.04160 -0.00316 -0.01708 -0.00116
22.5  0.03736 0.00028 -0.00512 0.01376 -0.00500 -0.00868 -0.03304 0.02320 -0.01844 -0.00904
23.0  0.03248 0.00028 -0.00628 0.01424 -0.00316 -0.01316 -0.02612 0.02780 -0.01940 -0.01676
23.5  0.02736 0.00020 -0.00732 0.01496 -0.00124 -0.02328 -0.01552 0.02800 -0.01988 -0.02384
24.0  0.02208 0.00016 -0.00824 0.01580 0.00084 -0.02692 0.00848 0.02920 -0.01656 -0.02992
24.5  0.01672 0.00004 -0.00904 0.01672 0.00332 -0.02460 0.01452 0.02452 0.02164 -0.03488
25.0  0.01136 -0.00012 -0.00992 0.01500 0.01076 -0.02316 0.01556 0.02548 0.02048 -0.03852
25.5  0.00608 -0.00024 -0.01072 -0.00224 0.01992 -0.02216 0.01080 0.02904 0.01924 -0.04108
26.0  0.00096 -0.00040 -0.01156 -0.00492 0.02100 -0.02136 0.00776 0.03072 0.01844 -0.04268
26.5  -0.00404 -0.00060 -0.01236 -0.00652 0.02220 -0.02056 0.01684 0.02748 0.01816 -0.04344
27.0  -0.00884 -0.00076 -0.01320 -0.00788 0.02312 -0.01976 0.01980 0.02600 0.01836 -0.04360
27.5  -0.01348 -0.00084 -0.01400 -0.00908 0.02372 -0.01900 0.02152 0.02516 0.01880 -0.04336
28.0  -0.01800 -0.00092 -0.01488 -0.01032 0.02372 -0.01840 0.02296 0.02452 0.01924 -0.04292
28.5  -0.02236 -0.00092 -0.01568 -0.01156 0.02304 -0.01788 0.02436 0.02400 0.01924 -0.04244
29.0  -0.02664 -0.00088 -0.01656 -0.01272 0.02168 -0.01756 0.02588 0.02344 0.01864 -0.04168
29.5  -0.03076 -0.00076 -0.01732 -0.01376 0.01984 -0.01704 0.02744 0.02276 0.01768 -0.04048
30.0  -0.03476 -0.00064 -0.01800 -0.01452 0.01768 -0.01632 0.02908 0.02204 0.01672 -0.03856
30.5  -0.03864 -0.00048 -0.01852 -0.01500 0.01540 -0.01540 0.03056 0.02120 0.01564 -0.03540
31.0  -0.04240 -0.00036 -0.01880 -0.01508 0.01312 -0.01456 0.03192 0.02052 0.01460 -0.03084
31.5  -0.04604 -0.00020 -0.01880 -0.01468 0.01112 -0.01396 0.03272 0.02048 0.01348 -0.02468
32.0  -0.04960 -0.00008 -0.01852 -0.01376 0.01012 -0.01360 0.03256 0.02196 0.01208 -0.01704
32.5  -0.05300 0.00000 -0.01780 -0.01188 0.01056 -0.01304 0.03156 0.02496 0.01008 -0.00840
33.0  -0.05632 0.00012 -0.01672 -0.01040 0.01112 -0.01156 0.03048 0.02804 0.00788 0.00032
33.5  -0.05944 0.00024 -0.01524 -0.01080 0.01032 -0.00908 0.03036 0.03012 0.00552 0.00824
34.0  -0.06244 0.00032 -0.01332 -0.01228 0.00900 -0.00640 0.03084 0.03128 0.00300 0.01472
34.5  -0.06516 0.00040 -0.01108 -0.01412 0.00712 -0.00404 0.03152 0.03196 -0.00032 0.01964
35.0  -0.06764 0.00048 -0.00848 -0.01584 0.00516 -0.00212 0.03224 0.03236 -0.00448 0.02292
35.5  -0.06984 0.00056 -0.00564 -0.01736 0.00308 -0.00072 0.03292 0.03256 -0.00892 0.02456
36.0  -0.07168 0.00056 -0.00264 -0.01856 0.00104 0.00028 0.03360 0.03252 -0.01248 0.02536
36.5  -0.07316 0.00056 0.00048 -0.01944 -0.00072 0.00080 0.03432 0.03220 -0.01444 0.02636
37.0  -0.07420 0.00048 0.00368 -0.02000 -0.00220 0.00084 0.03512 0.03152 -0.01472 0.02788
37.5  -0.07484 0.00040 0.00676 -0.02040 -0.00312 0.00024 0.03600 0.03044 -0.01380 0.02984
38.0  -0.07500 0.00028 0.00992 -0.02060 -0.00352 -0.00104 0.03696 0.02904 -0.01216 0.03184
38.5  -0.07464 0.00020 0.01288 -0.02072 -0.00304 -0.00316 0.03788 0.02732 -0.01036 0.03364
39.0  -0.07372 0.00008 0.01568 -0.02084 -0.00016 -0.00596 0.03832 0.02576 -0.00840 0.03512
39.5  -0.07220 -0.00000 0.01832 -0.01920 0.00744 -0.00880 0.03808 0.02468 -0.00636 0.03608
40.0  -0.07012 -0.00008 0.02064 -0.01648 0.01184 -0.01036 0.03768 0.02396 -0.00428 0.03636
40.5  -0.06748 -0.00012 0.02272 -0.01584 0.01228 -0.00976 0.03776 0.02312 -0.00248 0.03568
41.0  -0.06432 -0.00016 0.02456 -0.01624 0.01156 -0.00728 0.03812 0.02236 -0.00080 0.03372
41.5  -0.06072 -0.00020 0.02620 -0.01704 0.01052 -0.00392 0.03828 0.02184 0.00048 0.03064
42.0  -0.05680 -0.00024 0.02756 -0.01796 0.00960 -0.00064 0.03792 0.02176 0.00148 0.02680
42.5  -0.05264 -0.00028 0.02880 -0.01880 0.00908 0.00196 0.03712 0.02212 0.00184 0.02308
43.0  -0.04836 -0.00032 0.02980 -0.01944 0.00932 0.00384 0.03604 0.02296 0.00148 0.01988
43.5  -0.04400 -0.00036 0.03068 -0.01964 0.01036 0.00496 0.03484 0.02412 0.00036 0.01712
44.0  -0.03964 -0.00032 0.03144 -0.01940 0.01192 0.00548 0.03368 0.02556 -0.00168 0.01448
44.5  -0.03528 -0.00028 0.03212 -0.01896 0.01328 0.00532 0.03264 0.02704 -0.00560 0.01088
45.0  -0.03092 -0.00016 0.03268 -0.01856 0.01412 0.00460 0.03192 0.02848 -0.00876 0.00496
45.5  -0.02652 -0.00004 0.03316 -0.01828 0.01440 0.00340 0.03148 0.02968 -0.00792 0.00164
46.0  -0.02212 0.00012 0.03356 -0.01808 0.01424 0.00184 0.03140 0.03064 -0.00636 0.00020
46.5  -0.01764 0.00028 0.03380 -0.01792 0.01364 0.00020 0.03156 0.03120 -0.00484 -0.00052
47.0  -0.01312 0.00040 0.03388 -0.01772 0.01280 -0.00136 0.03196 0.03148 -0.00360 -0.00092
47.5  -0.00848 0.00052 0.03384 -0.01748 0.01164 -0.00268 0.03260 0.03148 -0.00264 -0.00164
48.0  -0.00376 0.00056 0.03356 -0.01716 0.01008 -0.00356 0.03344 0.03128 -0.00204 -0.00224
48.5  0.00108 0.00056 0.03304 -0.01676 0.00820 -0.00384 0.03444 0.03104 -0.00208 -0.00308
49.0  0.00600 0.00052 0.03228 -0.01628 0.00612 -0.00336 0.03544 0.03072 -0.00208 -0.00448
49.5  0.01104 0.00048 0.03120 -0.01580 0.00392 -0.00192 0.03648 0.03048 -0.00192 -0.00676
50.0  0.01616 0.00036 0.02976 -0.01528 0.00192 0.00056 0.03732 0.03024 -0.00120 -0.00976
50.5  0.02128 0.00028 0.02800 -0.01492 0.00048 0.00416 0.03788 0.02996 0.00016 -0.01312
51.0  0.02636 0.00016 0.02588 -0.01484 0.00088 0.00824 0.03792 0.02948 0.00204 -0.01640
51.5  0.03136 0.00008 0.02336 -0.01416 0.00532 0.01192 0.03784 0.02860 0.00396 -0.01908
52.0  0.03620 0.00004 0.02048 -0.01340 0.00816 0.01380 0.03876 0.02680 0.00476 -0.02112
52.5  0.04076 -0.00004 0.01732 -0.01396 0.00872 0.01224 0.04444 0.01780 0.00392 -0.02252
53.0  0.04508 -0.00012 0.01384 -0.01496 0.00864 0.00636 0.04764 -0.01288 0.00216 -0.02352
53.5  0.04904 -0.00024 0.01020 -0.01608 0.00836 0.00004 0.04816 -0.01352 0.00064 -0.02388
54.0  0.05268 -0.00032 0.00636 -0.01708 0.00792 -0.00308 0.04852 0.01260 -0.00008 -0.02396
54.5  0.05600 -0.00040 0.00236 -0.01804 0.00736 -0.00380 0.04180 0.02796 -0.00004 -0.02368
55.0  0.05900 -0.00048 -0.00168 -0.01880 0.00648 -0.00328 0.03964 0.03136 0.00056 -0.02320
55.5  0.06172 -0.00056 -0.00576 -0.01940 0.00532 -0.00212 0.03920 0.03240 0.00160 -0.02248
56.0  0.06416 -0.00052 -0.00988 -0.01976 0.00388 -0.00084 0.03932 0.03260 0.00276 -0.02152
56.5  0.06632 -0.00048 -0.01392 -0.01980 0.00244 0.00032 0.03976 0.03232 0.00380 -0.02032
57.0  0.06824 -0.00036 -0.01784 -0.01960 0.00152 0.00124 0.04028 0.03176 0.00460 -0.01888
57.5  0.06992 -0.00020 -0.02176 -0.01916 0.00244 0.00192 0.04096 0.03092 0.00520 -0.01708
58.0  0.07132 -0.00008 -0.02540 -0.01768 0.00716 0.00232 0.04168 0.02992 0.00544 -0.01480
58.5  0.07248 0.00004 -0.02884 -0.01504 0.01128 0.00248 0.04236 0.02880 0.00544 -0.01180
59.0  0.07328 0.00020 -0.03200 -0.01448 0.01188 0.00232 0.04288 0.02776 0.00508 -0.00800
59.5  0.07372 0.00024 -0.03480 -0.01520 0.01136 0.00180 0.04296 0.02728 -0.00436 -0.00352
60.0  0.07376 0.00032 -0.03724 -0.01652 0.01044 0.00124 0.04240 0.02780 -0.00344 0.00096
60.5  0.07336 0.00036 -0.03932 -0.01804 0.00960 0.00160 0.04132 0.02876 -0.00276 0.00424
61.0  0.07248 0.00040 -0.04100 -0.01972 0.00912 0.00288 0.04008 0.02956 -0.00280 0.00568
61.5  0.07116 0.00044 -0.04228 -0.02108 0.00960 0.00432 0.03884 0.02996 -0.00360 0.00548
62.0  0.06944 0.00052 -0.04324 -0.02160 0.01192 0.00540 0.03760 0.03004 -0.00484 0.00424
62.5  0.06728 0.00056 -0.04388 -0.02016 0.01664 0.00620 0.03652 0.02972 -0.00628 0.00244
63.0  0.06484 0.00060 -0.04428 -0.01736 0.02108 0.00684 0.03560 0.02912 -0.00792 0.00048
63.5  0.06216 0.00064 -0.04452 -0.01564 0.02344 0.00748 0.03492 0.02824 -0.00988 -0.00052
64.0  0.05924 0.00060 -0.04452 -0.01508 0.02428 0.00816 0.03448 0.02724 -0.01208 0.00228
64.5  0.05620 0.00048 -0.04440 -0.01516 0.02408 0.00908 0.03436 0.02612 -0.01316 0.00676
65.0  0.05300 0.00036 -0.04416 -0.01552 0.02316 0.00980 0.03468 0.02492 -0.01496 0.00856
65.5  0.04968 0.00012 -0.04372 -0.01596 0.02156 0.01036 0.03544 0.02360 -0.01752 0.00824
66.0  0.04616 -0.00016 -0.04320 -0.01644 0.01952 0.01036 0.03684 0.02196 -0.01428 -0.01556
66.5  0.04248 -0.00044 -0.04248 -0.01684 0.01712 0.00972 0.03892 0.01948 -0.01032 -0.02004
67.0  0.03864 -0.00068 -0.04156 -0.01712 0.01444 0.00848 0.04148 0.01568 -0.00808 -0.02240
67.5  0.03452 -0.00084 -0.04040 -0.01732 0.01160 0.00640 0.04348 0.01224 -0.00536 -0.02460
68.0  0.03020 -0.00088 -0.03896 -0.01744 0.00880 0.00380 0.04380 0.01336 -0.00232 -0.02680
68.5  0.02564 -0.00088 -0.03724 -0.01736 0.00620 0.00132 0.04232 0.01804 0.00072 -0.02932
69.0  0.02084 -0.00076 -0.03516 -0.01720 0.00436 -0.00004 0.04052 0.02152 0.00328 -0.03240
69.5  0.01584 -0.00060 -0.03268 -0.01692 0.00440 0.00052 0.03900 0.02372 0.00496 -0.03596
70.0  0.01060 -0.00048 -0.02984 -0.01600 0.00748 0.00260 0.03736 0.02576 0.00528 -0.04004
70.5  0.00524 -0.00032 -0.02660 -0.01500 0.01004 0.00520 0.03528 0.02796 0.00456 -0.04284
71.0  -0.00028 -0.00020 -0.02304 -0.01512 0.01056 0.00688 0.03288 0.03024 0.00336 -0.04216
71.5  -0.00580 -0.00012 -0.01912 -0.01556 0.01036 0.00720 0.03044 0.03236 0.00264 -0.03908
72.0  -0.01128 -0.00008 -0.01500 -0.01588 0.00996 0.00640 0.02824 0.03420 0.00284 -0.03556
72.5  -0.01664 -0.00004 -0.01072 -0.01584 0.00956 0.00504 0.02644 0.03552 0.00424 -0.03204
73.0  -0.02180 -0.00004 -0.00632 -0.01540 0.00904 0.00356 0.02520 0.03628 0.00664 -0.02824
73.5  -0.02672 -0.00004 -0.00196 -0.01460 0.00868 0.00232 0.02460 0.03652 0.00872 -0.02388
74.0  -0.03132 -0.00000 0.00248 -0.01344 0.00832 0.00148 0.02448 0.03628 0.00876 -0.01988
74.5  -0.03568 -0.00000 0.00676 -0.01204 0.00792 0.00108 0.02472 0.03576 0.00664 -0.01680
75.0  -0.03976 -0.00004 0.01092 -0.01040 0.00756 0.00108 0.02524 0.03496 0.00300 -0.01424
75.5  -0.04356 -0.00008 0.01496 -0.00868 0.00708 0.00148 0.02596 0.03400 -0.00140 -0.01180
76.0  -0.04712 -0.00016 0.01868 -0.00704 0.00628 0.00228 0.02680 0.03288 -0.00620 -0.00888
76.5  -0.05052 -0.00028 0.02220 -0.00580 0.00524 0.00344 0.02768 0.03164 -0.01108 -0.00492
77.0  -0.05372 -0.00044 0.02540 -0.00540 0.00396 0.00504 0.02844 0.03044 -0.01524 0.00092
77.5  -0.05676 -0.00056 0.02832 -0.00588 0.00212 0.00708 0.02904 0.02920 -0.01756 0.00844
78.0  -0.05964 -0.00064 0.03084 -0.00708 0.00036 0.00976 0.02928 0.02792 -0.01816 0.01604
78.5  -0.06232 -0.00072 0.03296 -0.00880 -0.00156 0.01312 0.02888 0.02652 -0.01832 0.02264
79.0  -0.06484 -0.00072 0.03480 -0.01076 -0.00340 0.01720 0.02724 0.02500 -0.01876 0.02832
79.5  -0.06708 -0.00068 0.03624 -0.01292 -0.00520 0.02172 0.02372 0.02372 -0.01988 0.03320
80.0  -0.06900 -0.00060 0.03720 -0.01512 -0.00708 0.02600 0.01212 0.02612 -0.02144 0.03688
80.5  -0.07064 -0.00048 0.03792 -0.01716 -0.00884 0.02940 0.00288 0.02292 -0.02312 0.03952
81.0  -0.07188 -0.00036 0.03824 -0.01892 -0.01068 0.03064 -0.00420 0.01756 -0.02512 0.04104
81.5  -0.07268 -0.00028 0.03828 -0.02008 -0.01268 0.02644 -0.01712 -0.02500 -0.01544 0.04152
82.0  -0.07312 -0.00020 0.03808 -0.01604 -0.01976 0.01912 -0.02628 -0.02452 -0.01292 0.04108
82.5  -0.07312 -0.00012 0.03768 0.01144 -0.02408 0.01344 -0.03180 -0.02204 -0.01108 0.03992
83.0  -0.07272 -0.00008 0.03712 0.01348 -0.02380 0.00932 -0.03684 -0.01564 -0.00972 0.03828
83.5  -0.07196 -0.00004 0.03640 0.01460 -0.02340 0.00612 -0.04064 -0.00468 -0.00880 0.03620
84.0  -0.07084 0.00000 0.03552 0.01536 -0.02252 0.00364 -0.04132 0.00468 -0.00820 0.03372
84.5  -0.06940 0.00012 0.03448 0.01592 -0.02116 0.00156 -0.04120 0.00960 -0.00780 0.03088
85.0  -0.06764 0.00024 0.03344 0.01636 -0.01936 -0.00008 -0.04140 0.01164 -0.00756 0.02764
85.5  -0.06556 0.00036 0.03212 0.01668 -0.01724 -0.00128 -0.04216 0.01172 -0.00740 0.02416
86.0  -0.06320 0.00052 0.03084 0.01696 -0.01480 -0.00208 -0.04340 0.00992 -0.00744 0.02036
86.5  -0.06044 0.00064 0.02928 0.01724 -0.01220 -0.00224 -0.04476 0.00640 -0.00776 0.01620
87.0  -0.05740 0.00068 0.02752 0.01760 -0.00956 -0.00160 -0.04568 0.00388 -0.00836 0.01172
87.5  -0.05396 0.00064 0.02568 0.01788 -0.00708 -0.00012 -0.04596 0.00556 -0.00892 0.00672
88.0  -0.05020 0.00052 0.02356 0.01832 -0.00496 0.00200 -0.04536 0.01120 -0.00952 0.00108
88.5  -0.04612 0.00036 0.02124 0.01880 -0.00384 0.00388 -0.04364 0.01764 -0.00912 -0.00548
89.0  -0.04176 0.00016 0.01864 0.01904 -0.00512 0.00484 -0.04180 0.02260 -0.00760 -0.01304
89.5  -0.03712 -0.00004 0.01592 0.01808 -0.00948 0.00512 -0.04068 0.02548 -0.00516 -0.02076
90.0  -0.03228 -0.00024 0.01292 0.01668 -0.01292 0.00540 -0.04028 0.02668 -0.00268 -0.02628
90.5  -0.02728 -0.00044 0.00996 0.01640 -0.01404 0.00636 -0.04036 0.02644 -0.00064 -0.02892
91.0  -0.02220 -0.00056 0.00668 0.01672 -0.01408 0.00792 -0.04064 0.02552 0.00080 -0.02992
91.5  -0.01708 -0.00064 0.00356 0.01712 -0.01360 0.00976 -0.04068 0.02440 0.00176 -0.03016
92.0  -0.01200 -0.00072 0.00032 0.01732 -0.01264 0.01136 -0.04028 0.02368 0.00264 -0.03008
92.5  -0.00700 -0.00076 -0.00276 0.01732 -0.01148 0.01256 -0.03976 0.02320 0.00400 -0.02968
93.0  -0.00216 -0.00080 -0.00572 0.01708 -0.01012 0.01320 -0.03904 0.02284 0.00676 -0.02872
93.5  0.00260 -0.00080 -0.00856 0.01660 -0.00872 0.01332 -0.03836 0.02244 0.01124 -0.02656
94.0  0.00720 -0.00084 -0.01116 0.01588 -0.00740 0.01304 -0.03776 0.02216 0.01552 -0.02324
94.5  0.01176 -0.00084 -0.01356 0.01492 -0.00644 0.01240 -0.03712 0.02204 0.01736 -0.02028
95.0  0.01624 -0.00080 -0.01572 0.01340 -0.00664 0.01164 -0.03648 0.02220 0.01708 -0.01836
95.5  0.02080 -0.00076 -0.01760 0.00956 -0.00992 0.01080 -0.03584 0.02280 0.01536 -0.01712
96.0  0.02540 -0.00060 -0.01920 0.00612 -0.01128 0.01004 -0.03516 0.02380 0.01220 -0.01636
96.5  0.03008 -0.00048 -0.02048 0.00612 -0.01044 0.00936 -0.03436 0.02520 0.00572 -0.01644
97.0  0.03484 -0.00032 -0.02144 0.00720 -0.00936 0.00892 -0.03348 0.02680 -0.00592 -0.01292
97.5  0.03956 -0.00012 -0.02204 0.00864 -0.00832 0.00876 -0.03256 0.02852 -0.00888 -0.00688
98.0  0.04424 0.00004 -0.02236 0.01028 -0.00736 0.00892 -0.03152 0.03008 -0.00916 -0.00168
98.5  0.04872 0.00012 -0.02228 0.01196 -0.00660 0.00928 -0.03068 0.03136 -0.00900 0.00320
99.0  0.05300 0.00020 -0.02192 0.01356 -0.00620 0.00976 -0.03028 0.03216 -0.00860 0.00776
99.5  0.05692 0.00020 -0.02128 0.01508 -0.00624 0.01000 -0.03048 0.03240 -0.00788 0.01152
100.0  0.06048 0.00020 -0.02040 0.01628 -0.00688 0.00988 -0.03104 0.03236 -0.00696 0.01396
100.5  0.06356 0.00016 -0.01928 0.01696 -0.00848 0.00936 -0.03168 0.03232 -0.00584 0.01452
101.0  0.06616 0.00004 -0.01796 0.01676 -0.01092 0.00848 -0.03224 0.03228 -0.00484 0.01320
101.5  0.06824 -0.00004 -0.01652 0.01584 -0.01352 0.00712 -0.03276 0.03224 -0.00404 0.01056
102.0  0.06976 -0.00016 -0.01500 0.01472 -0.01536 0.00556 -0.03328 0.03224 -0.00344 0.00748
102.5  0.07080 -0.00028 -0.01336 0.01404 -0.01616 0.00380 -0.03380 0.03224 -0.00312 0.00468
103.0  0.07136 -0.00040 -0.01168 0.01384 -0.01592 0.00196 -0.03440 0.03228 -0.00320 0.00256
103.5  0.07144 -0.00048 -0.00996 0.01400 -0.01480 0.00028 -0.03500 0.03236 -0.00396 0.00116
104.0  0.07116 -0.00060 -0.00824 0.01440 -0.01300 -0.00112 -0.03564 0.03256 -0.00532 -0.00076
104.5  0.07056 -0.00068 -0.00644 0.01488 -0.01076 -0.00220 -0.03624 0.03276 -0.00580 -0.00400
105.0  0.06972 -0.00076 -0.00464 0.01540 -0.00832 -0.00316 -0.03672 0.03308 -0.00572 -0.00664
105.5  0.06864 -0.00080 -0.00284 0.01596 -0.00584 -0.00416 -0.03704 0.03332 -0.00564 -0.00892
106.0  0.06732 -0.00080 -0.00096 0.01660 -0.00364 -0.00520 -0.03732 0.03336 -0.00556 -0.01104
106.5  0.06576 -0.00076 0.00088 0.01732 -0.00176 -0.00584 -0.03780 0.03304 -0.00540 -0.01324
107.0  0.06400 -0.00068 0.00272 0.01828 -0.00040 -0.00544 -0.03880 0.03220 -0.00536 -0.01548
107.5  0.06188 -0.00056 0.00456 0.01944 0.00008 -0.00332 -0.04000 0.03104 -0.00532 -0.01768
108.0  0.05948 -0.00040 0.00640 0.02072 -0.00120 0.00032 -0.03952 0.03168 -0.00500 -0.01972
108.5  0.05672 -0.00020 0.00816 0.02088 -0.00712 0.00300 -0.03740 0.03380 -0.00392 -0.02104
109.0  0.05364 -0.00000 0.00992 0.01736 -0.01556 0.00356 -0.03584 0.03504 0.00232 -0.02108
109.5  0.05020 0.00016 0.01168 0.01492 -0.01928 0.00284 -0.03528 0.03524 0.00060 -0.01964
110.0  0.04644 0.00032 0.01332 0.01396 -0.02080 0.00200 -0.03512 0.03492 -0.00100 -0.01712
110.5  0.04240 0.00044 0.01488 0.01356 -0.02128 0.00144 -0.03516 0.03440 -0.00236 -0.01408
111.0  0.03816 0.00052 0.01632 0.01328 -0.02100 0.00120 -0.03532 0.03376 -0.00340 -0.01100
111.5  0.03380 0.00060 0.01764 0.01292 -0.02004 0.00132 -0.03560 0.03312 -0.00404 -0.00820
112.0  0.02936 0.00064 0.01876 0.01240 -0.01848 0.00152 -0.03588 0.03256 -0.00432 -0.00596
112.5  0.02488 0.00064 0.01968 0.01156 -0.01648 0.00160 -0.03616 0.03204 -0.00416 -0.00424
113.0  0.02048 0.00064 0.02032 0.01024 -0.01444 0.00140 -0.03628 0.03160 -0.00380 -0.00312
113.5  0.01620 0.00064 0.02068 0.00812 -0.01280 0.00080 -0.03620 0.03124 -0.00356 -0.00240
114.0  0.01200 0.00060 0.02068 0.00488 -0.01168 -0.00016 -0.03600 0.03088 -0.00356 -0.00192
114.5  0.00788 0.00048 0.02036 0.00300 -0.01012 -0.00144 -0.03556 0.03056 -0.00404 -0.00152
115.0  0.00380 0.00036 0.01968 0.00376 -0.00832 -0.00296 -0.03504 0.03024 -0.00512 -0.00128
115.5  -0.00036 0.00020 0.01864 0.00548 -0.00664 -0.00472 -0.03428 0.02988 -0.00672 -0.00124
116.0  -0.00464 0.00004 0.01728 0.00752 -0.00504 -0.00660 -0.03340 0.02952 -0.00868 -0.00156
116.5  -0.00912 -0.00012 0.01560 0.00948 -0.00352 -0.00860 -0.03248 0.02908 -0.01084 -0.00248
117.0  -0.01384 -0.00028 0.01364 0.01136 -0.00212 -0.01068 -0.03148 0.02852 -0.01288 -0.00404
117.5  -0.01876 -0.00040 0.01148 0.01296 -0.00092 -0.01264 -0.03048 0.02780 -0.01472 -0.00632
118.0  -0.02380 -0.00052 0.00908 0.01436 0.00004 -0.01424 -0.03000 0.02676 -0.01616 -0.00924
118.5  -0.02884 -0.00056 0.00664 0.01548 0.00072 -0.01508 -0.03120 0.02432 -0.01692 -0.01248
119.0  -0.03384 -0.00064 0.00408 0.01640 0.00068 -0.01460 -0.03736 0.01340 -0.01676 -0.01596
119.5  -0.03856 -0.00064 0.00152 0.01692 -0.00192 -0.01236 -0.03932 -0.01104 -0.01524 -0.01948
120.0  -0.04300 -0.00060 -0.00104 0.01380 -0.01060 -0.00816 -0.03816 -0.01916 -0.01196 -0.02292
120.5  -0.04700 -0.00060 -0.00344 0.01092 -0.01364 -0.00328 -0.03820 -0.02192 -0.00752 -0.02644
121.0  -0.05048 -0.00052 -0.00576 0.01060 -0.01372 0.00036 -0.03884 -0.02172 -0.00316 -0.02992
121.5  -0.05340 -0.00044 -0.00812 0.01100 -0.01284 0.00216 -0.04092 -0.01724 0.00152 -0.03344
122.0  -0.05580 -0.00032 -0.01020 0.01176 -0.01140 0.00272 -0.04392 -0.00436 0.00796 -0.03628
122.5  -0.05764 -0.00020 -0.01232 0.01256 -0.00956 0.00256 -0.04268 0.01008 0.01688 -0.03728
123.0  -0.05896 -0.00008 -0.01424 0.01340 -0.00740 0.00188 -0.04032 0.01636 0.02508 -0.03664
123.5  -0.05980 0.00004 -0.01616 0.01424 -0.00504 0.00100 -0.03868 0.01888 0.02916 -0.03736
124.0  -0.06020 0.00020 -0.01800 0.01504 -0.00268 -0.00008 -0.03744 0.02028 0.02904 -0.04044
124.5  -0.06032 0.00032 -0.01980 0.01588 -0.00048 -0.00116 -0.03624 0.02136 0.02560 -0.04452
125.0  -0.06024 0.00040 -0.02152 0.01672 0.00136 -0.00208 -0.03488 0.02248 0.02108 -0.04772
125.5  -0.06000 0.00044 -0.02328 0.01760 0.00252 -0.00264 -0.03340 0.02384 0.01736 -0.04912
126.0  -0.05972 0.00044 -0.02492 0.01864 0.00256 -0.00244 -0.03176 0.02548 0.01488 -0.04872
126.5  -0.05948 0.00036 -0.02652 0.01984 0.00064 -0.00136 -0.02984 0.02768 0.01284 -0.04668
127.0  -0.05924 0.00028 -0.02800 0.02028 -0.00432 0.00048 -0.02760 0.03032 0.01024 -0.04260
127.5  -0.05904 0.00016 -0.02936 0.01916 -0.00952 0.00200 -0.02564 0.03244 0.00680 -0.03656
128.0  -0.05880 0.00000 -0.03052 0.01796 -0.01244 0.00240 -0.02492 0.03328 0.00380 -0.02872
128.5  -0.05848 -0.00008 -0.03152 0.01720 -0.01396 0.00192 -0.02532 0.03304 0.00168 -0.02032
129.0  -0.05804 0.00016 -0.03236 0.01668 -0.01464 0.00100 -0.02612 0.03248 0.00016 -0.01260
129.5  -0.05736 0.00016 -0.03296 0.01628 -0.01480 -0.00008 -0.02704 0.03188 -0.00136 -0.00620
130.0  -0.05644 0.00016 -0.03332 0.01592 -0.01452 -0.00136 -0.02792 0.03136 -0.00332 -0.00132
130.5  -0.05520 0.00008 -0.03344 0.01560 -0.01376 -0.00264 -0.02872 0.03096 -0.00588 0.00228
131.0  -0.05368 -0.00000 -0.03328 0.01520 -0.01256 -0.00388 -0.02940 0.03076 -0.00864 0.00524
131.5  -0.05180 -0.00008 -0.03284 0.01488 -0.01124 -0.00476 -0.02996 0.03072 -0.01104 0.00836
132.0  -0.04956 -0.00016 -0.03208 0.01444 -0.00996 -0.00528 -0.03044 0.03068 -0.01232 0.01240
132.5  -0.04700 -0.00020 -0.03096 0.01388 -0.00900 -0.00568 -0.03080 0.03076 -0.01252 0.01716
133.0  -0.04408 -0.00020 -0.02948 0.01296 -0.00900 -0.00612 -0.03116 0.03068 -0.01228 0.02196
133.5  -0.04088 -0.00016 -0.02760 0.01176 -0.00960 -0.00672 -0.03152 0.03036 -0.01212 0.02624
134.0  -0.03736 -0.00012 -0.02536 0.01108 -0.01000 -0.00744 -0.03196 0.02972 -0.01232 0.02984
134.5  -0.03360 -0.00004 -0.02268 0.01136 -0.00980 -0.00820 -0.03264 0.02872 -0.01268 0.03272
135.0  -0.02964 -0.00000 -0.01968 0.01220 -0.00920 -0.00908 -0.03364 0.02720 -0.01304 0.03468
135.5  -0.02544 0.00000 -0.01624 0.01324 -0.00844 -0.01008 -0.03504 0.02516 -0.01300 0.03560
136.0  -0.02112 0.00000 -0.01252 0.01428 -0.00760 -0.01136 -0.03704 0.02216 -0.01244 0.03536
136.5  -0.01660 -0.00004 -0.00856 0.01512 -0.00668 -0.01272 -0.04000 0.01648 -0.01132 0.03392
137.0  -0.01196 -0.00004 -0.00440 0.01568 -0.00584 -0.01412 -0.04352 0.00208 -0.00968 0.03120
137.5  -0.00716 -0.00004 -0.00020 0.01588 -0.00544 -0.01512 -0.04124 -0.01544 -0.00760 0.02740
138.0  -0.00232 -0.00004 0.00412 0.01552 -0.00584 -0.01524 -0.03888 -0.02224 -0.00508 0.02276
138.5  0.00260 -0.00008 0.00828 0.01320 -0.00948 -0.01400 -0.03892 -0.02444 -0.00212 0.01772
139.0  0.00756 -0.00012 0.01240 0.00852 -0.01328 -0.01112 -0.04036 -0.02460 0.00104 0.01252
139.5  0.01244 -0.00016 0.01620 0.00720 -0.01344 -0.00680 -0.04240 -0.02348 -0.00364 0.00740
140.0  0.01720 -0.00020 0.01988 0.00760 -0.01268 -0.00276 -0.04448 -0.02096 -0.00524 0.00252
140.5  0.02180 -0.00024 0.02324 0.00872 -0.01140 0.00020 -0.04696 -0.01592 -0.00580 -0.00196
141.0  0.02620 -0.00028 0.02636 0.01008 -0.00996 0.00196 -0.04960 -0.00500 -0.00556 -0.00612
141.5  0.03036 -0.00028 0.02904 0.01160 -0.00832 0.00276 -0.04884 0.01136 -0.00484 -0.00992
142.0  0.03420 -0.00028 0.03152 0.01324 -0.00640 0.00272 -0.04540 0.02176 -0.00364 -0.01324
142.5  0.03776 -0.00020 0.03372 0.01488 -0.00440 0.00184 -0.04312 0.02604 -0.00224 -0.01632
143.0  0.04104 -0.00004 0.03556 0.01648 -0.00232 0.00024 -0.04192 0.02760 -0.00068 -0.01888
143.5  0.04400 0.00008 0.03716 0.01804 -0.00036 -0.00212 -0.04124 0.02780 0.00108 -0.02120
144.0  0.04672 0.00024 0.03848 0.01948 0.00128 -0.00532 -0.04076 0.02688 0.00304 -0.02308
144.5  0.04916 0.00032 0.03964 0.02080 0.00240 -0.00932 -0.04040 0.02464 0.00532 -0.02440
145.0  0.05136 0.00040 0.04052 0.02200 0.00264 -0.01416 -0.04044 0.01932 0.00808 -0.02480
145.5  0.05336 0.00036 0.04116 0.02312 0.00080 -0.01960 -0.04100 0.00124 0.01160 -0.02428
146.0  0.05512 0.00028 0.04156 0.02240 -0.00812 -0.02508 -0.02964 -0.01912 0.01600 -0.02272
146.5  0.05664 0.00012 0.04176 0.01664 -0.01756 -0.02984 -0.01724 -0.02204 0.01992 -0.02024
147.0  0.05792 -0.00012 0.04176 0.01416 -0.01972 -0.03116 -0.00148 0.02700 -0.01792 -0.01724
147.5  0.05892 -0.00036 0.04152 0.01332 -0.02008 -0.02648 -0.01280 0.02928 -0.01652 -0.01384
148.0  0.05960 -0.00056 0.04108 0.01292 -0.01968 -0.02072 -0.02144 0.02948 -0.01516 -0.01028
148.5  0.05996 -0.00076 0.04044 0.01272 -0.01888 -0.01656 -0.02844 0.02672 -0.01424 -0.00652
149.0  0.06000 -0.00088 0.03960 0.01260 -0.01760 -0.01376 -0.03688 0.01728 -0.01324 -0.00260
149.5  0.05968 -0.00092 0.03852 0.01252 -0.01608 -0.01196 -0.04180 0.00316 -0.01216 0.00136
150.0  0.05908 -0.00084 0.03724 0.01244 -0.01420 -0.01092 -0.04272 -0.00404 -0.01060 0.00528
150.5  0.05820 -0.00072 0.03572 0.01232 -0.01216 -0.01060 -0.04320 -0.00640 -0.00892 0.00892
151.0  0.05708 -0.00052 0.03400 0.01224 -0.00996 -0.01100 -0.04368 -0.00672 -0.00748 0.01252
151.5  0.05572 -0.00028 0.03204 0.01216 -0.00772 -0.01208 -0.04392 -0.00644 -0.00660 0.01620
152.0  0.05416 -0.00008 0.02988 0.01204 -0.00572 -0.01400 -0.04360 -0.00688 -0.00644 0.01980
152.5  0.05240 0.00008 0.02732 0.01184 -0.00432 -0.01668 -0.04228 -0.01008 -0.00684 0.02300
153.0  0.05044 0.00020 0.02456 0.01108 -0.00536 -0.01992 -0.03792 -0.01852 -0.00772 0.02572
153.5  0.04832 0.00032 0.02152 0.00800 -0.00944 -0.02316 -0.03044 -0.02688 -0.00880 0.02788
154.0  0.04600 0.00040 0.01820 0.00744 -0.01028 -0.02556 -0.02624 -0.02912 -0.00960 0.02948
154.5  0.04344 0.00044 0.01464 0.00816 -0.01012 -0.02656 -0.02572 -0.02880 -0.00992 0.03076
155.0  0.04068 0.00052 0.01088 0.00896 -0.00980 -0.02572 -0.02760 -0.02808 -0.00980 0.03152
155.5  0.03772 0.00052 0.00692 0.00956 -0.00932 -0.02268 -0.03092 -0.02752 -0.00932 0.03152
156.0  0.03448 0.00052 0.00284 0.00984 -0.00880 -0.01772 -0.03448 -0.02720 -0.00880 0.03012
156.5  0.03104 0.00052 -0.00124 0.00980 -0.00816 -0.01220 -0.03704 -0.02712 -0.00840 0.02676
157.0  0.02732 0.00040 -0.00532 0.00944 -0.00752 -0.00732 -0.03840 -0.02724 -0.00812 0.02204
157.5  0.02344 0.00032 -0.00928 0.00892 -0.00680 -0.00348 -0.03888 -0.02760 -0.00788 0.01748
158.0  0.01940 0.00016 -0.01312 0.00848 -0.00588 -0.00060 -0.03888 -0.02812 -0.00772 0.01372
158.5  0.01524 0.00000 -0.01672 0.00840 -0.00472 0.00136 -0.03860 -0.02876 -0.00760 0.01084
159.0  0.01104 -0.00016 -0.02008 0.00880 -0.00332 0.00252 -0.03820 -0.02956 -0.00752 0.00836
159.5  0.00680 -0.00028 -0.02320 0.00964 -0.00176 0.00280 -0.03784 -0.03024 -0.00756 0.00632
160.0  0.00264 -0.00036 -0.02596 0.01076 -0.00012 0.00208 -0.03756 -0.03076 -0.00784 0.00440
160.5  -0.00148 -0.00040 -0.02844 0.01212 0.00128 0.00036 -0.03740 -0.03100 -0.00820 0.00280
161.0  -0.00552 -0.00036 -0.03064 0.01360 0.00248 -0.00208 -0.03716 -0.03108 -0.00860 0.00140
161.5  -0.00944 -0.00032 -0.03244 0.01524 0.00356 -0.00488 -0.03652 -0.03116 -0.00900 0.00028
162.0  -0.01328 -0.00024 -0.03400 0.01684 0.00448 -0.00756 -0.03556 -0.03136 -0.00920 -0.00056
162.5  -0.01696 -0.00016 -0.03524 0.01848 0.00536 -0.00940 -0.03464 -0.03136 -0.00912 -0.00092
163.0  -0.02052 -0.00012 -0.03616 0.02000 0.00624 -0.01028 -0.03400 -0.03104 -0.00880 -0.00076
163.5  -0.02400 -0.00004 -0.03680 0.02128 0.00688 -0.01016 -0.03376 -0.03068 -0.00824 0.00008
164.0  -0.02740 0.00000 -0.03720 0.02240 0.00720 -0.00904 -0.03376 -0.03028 -0.00740 0.00160
164.5  -0.03072 0.00012 -0.03732 0.02328 0.00656 -0.00704 -0.03392 -0.03008 -0.00624 0.00372
165.0  -0.03400 0.00024 -0.03720 0.02400 0.00436 -0.00404 -0.03392 -0.03016 -0.00464 0.00608
165.5  -0.03724 0.00040 -0.03688 0.02420 -0.00152 -0.00004 -0.03352 -0.03056 -0.00268 0.00844
166.0  -0.04040 0.00060 -0.03632 0.02144 -0.01020 0.00432 -0.03232 -0.03120 -0.00076 0.01044
166.5  -0.04348 0.00080 -0.03556 0.01808 -0.01412 0.00792 -0.03052 -0.03208 0.00064 0.01204
167.0  -0.04644 0.00104 -0.03464 0.01616 -0.01476 0.00996 -0.02880 -0.03296 0.00136 0.01328
167.5  -0.04912 0.00124 -0.03352 0.01504 -0.01420 0.01076 -0.02772 -0.03372 0.00164 0.01428
168.0  -0.05152 0.00140 -0.03224 0.01436 -0.01304 0.01104 -0.02716 -0.03432 0.00156 0.01504
168.5  -0.05352 0.00148 -0.03084 0.01392 -0.01160 0.01108 -0.02692 -0.03484 0.00116 0.01560
169.0  -0.05504 0.00144 -0.02932 0.01360 -0.01020 0.01132 -0.02688 -0.03524 0.00064 0.01600
169.5  -0.05608 0.00132 -0.02764 0.01340 -0.00876 0.01120 -0.02688 -0.03560 0.00064 0.01632
170.0  -0.05664 0.00116 -0.02584 0.01324 -0.00776 0.01116 -0.02700 -0.03584 0.00168 0.01660
170.5  -0.05680 0.00088 -0.02396 0.01308 -0.00732 0.01112 -0.02716 -0.03584 0.00396 0.01668
171.0  -0.05660 0.00056 -0.02184 0.01304 -0.00728 0.01108 -0.02740 -0.03560 0.00744 0.01592
171.5  -0.05612 0.00024 -0.01968 0.01300 -0.00748 0.01100 -0.02772 -0.03504 0.01132 0.01388
172.0  -0.05544 -0.00004 -0.01732 0.01320 -0.00756 0.01092 -0.02816 -0.03412 0.01480 0.01068
172.5  -0.05464 -0.00028 -0.01480 0.01340 -0.00748 0.01088 -0.02880 -0.03288 0.01736 0.00648
173.0  -0.05380 -0.00048 -0.01224 0.01360 -0.00724 0.01072 -0.02964 -0.03128 0.01892 0.00160
173.5  -0.05288 -0.00060 -0.00964 0.01368 -0.00684 0.01024 -0.03112 -0.02912 0.01964 -0.00392
174.0  -0.05200 -0.00064 -0.00680 0.01356 -0.00632 0.00904 -0.03436 -0.02520 0.01928 -0.00996
174.5  -0.05108 -0.00072 -0.00400 0.01328 -0.00572 0.00592 -0.04120 -0.01300 0.01768 -0.01624
175.0  -0.05012 -0.00072 -0.00120 0.01276 -0.00504 0.00108 -0.04376 -0.00264 0.01488 -0.02240
175.5  -0.04916 -0.00068 0.00156 0.01200 -0.00424 -0.00208 -0.04352 -0.00680 0.01144 -0.02804
176.0  -0.04808 -0.00064 0.00424 0.01100 -0.00364 -0.00268 -0.04244 -0.01112 0.00808 -0.03280
176.5  -0.04688 -0.00056 0.00692 0.00972 -0.00324 -0.00224 -0.04132 -0.01352 0.00472 -0.03652
177.0  -0.04552 -0.00044 0.00936 0.00696 -0.00552 -0.00148 -0.04032 -0.01484 -0.00048 -0.03908
177.5  -0.04392 -0.00028 0.01168 0.00304 -0.00696 -0.00080 -0.03940 -0.01584 -0.01308 -0.03824
178.0  -0.04204 -0.00008 0.01376 0.00340 -0.00572 -0.00032 -0.03856 -0.01688 -0.03084 -0.02696
178.5  -0.03984 0.00008 0.01560 0.00452 -0.00432 -0.00008 -0.03776 -0.01816 -0.03592 -0.01928
179.0  -0.03732 0.00020 0.01720 0.00592 -0.00300 -0.00020 -0.03704 -0.01968 -0.03632 -0.01660
179.5  -0.03452 0.00032 0.01856 0.00740 -0.00184 -0.00076 -0.03636 -0.02136 -0.03488 -0.01668
180.0  -0.03140 0.00036 0.01968 0.00900 -0.00072 -0.00184 -0.03576 -0.02292 -0.03144 -0.01964
180.5  -0.02804 0.00036 0.02040 0.01064 0.00012 -0.00364 -0.03496 -0.02440 -0.02532 -0.02444
181.0  -0.02444 0.00032 0.02092 0.01232 0.00060 -0.00612 -0.03376 -0.02588 -0.01960 -0.02676
181.5  -0.02064 0.00028 0.02108 0.01404 0.00076 -0.00896 -0.03204 -0.02736 -0.01660 -0.02616
182.0  -0.01664 0.00024 0.02096 0.01572 0.00048 -0.01148 -0.03036 -0.02840 -0.01516 -0.02404
182.5  -0.01244 0.00024 0.02064 0.01724 -0.00040 -0.01300 -0.02940 -0.02900 -0.01416 -0.02120
183.0  -0.00812 0.00020 0.02000 0.01852 -0.00212 -0.01308 -0.02932 -0.02940 -0.01292 -0.01768
183.5  -0.00368 0.00024 0.01916 0.01912 -0.00496 -0.01176 -0.03000 -0.02996 -0.01120 -0.01344
184.0  0.00084 0.00028 0.01816 0.01856 -0.00888 -0.00900 -0.03100 -0.03064 -0.00900 -0.00788
184.5  0.00548 0.00028 0.01696 0.01688 -0.01244 -0.00544 -0.03184 -0.03140 -0.00648 -0.00008
185.0  0.01016 0.00032 0.01560 0.01524 -0.01436 -0.00184 -0.03224 -0.03216 -0.00388 0.01008
185.5  0.01484 0.00028 0.01416 0.01400 -0.01484 0.00112 -0.03236 -0.03284 -0.00128 0.01864
186.0  0.01952 0.00024 0.01264 0.01328 -0.01436 0.00332 -0.03232 -0.03336 0.00092 0.02412
186.5  0.02408 0.00016 0.01100 0.01288 -0.01324 0.00468 -0.03232 -0.03372 0.00284 0.02796
187.0  0.02856 0.00004 0.00932 0.01268 -0.01168 0.00548 -0.03236 -0.03400 0.00428 0.03092
187.5  0.03284 -0.00008 0.00756 0.01264 -0.00984 0.00584 -0.03256 -0.03420 0.00540 0.03344
188.0  0.03688 -0.00020 0.00580 0.01280 -0.00800 0.00600 -0.03292 -0.03404 0.00624 0.03540
188.5  0.04064 -0.00032 0.00396 0.01308 -0.00628 0.00612 -0.03344 -0.03376 0.00696 0.03664
189.0  0.04408 -0.00040 0.00208 0.01352 -0.00492 0.00640 -0.03404 -0.03328 0.00768 0.03716
189.5  0.04716 -0.00044 0.00016 0.01384 -0.00444 0.00692 -0.03468 -0.03268 0.00844 0.03680
190.0  0.04988 -0.00044 -0.00180 0.01408 -0.00556 0.00784 -0.03528 -0.03196 0.00932 0.03564
190.5  0.05224 -0.00040 -0.00380 0.01396 -0.00744 0.00908 -0.03580 -0.03116 0.01028 0.03364
191.0  0.05428 -0.00036 -0.00580 0.01396 -0.00848 0.01084 -0.03628 -0.03012 0.01132 0.03076
191.5  0.05596 -0.00032 -0.00780 0.01460 -0.00856 0.01292 -0.03672 -0.02880 0.01232 0.02692
192.0  0.05740 -0.00024 -0.00968 0.01508 -0.00820 0.01564 -0.03712 -0.02696 0.01332 0.02220
192.5  0.05856 -0.00016 -0.01152 0.01540 -0.00752 0.01904 -0.03752 -0.02404 0.01424 0.01664
193.0  0.05948 -0.00004 -0.01336 0.01532 -0.00672 0.02328 -0.03848 -0.01800 0.01472 0.01020
193.5  0.06020 0.00008 -0.01492 0.01484 -0.00592 0.02836 -0.03824 0.00992 0.01444 0.00324
194.0  0.06072 0.00016 -0.01628 0.01392 -0.00520 0.03408 0.02460 0.02592 0.01152 -0.00380
194.5  0.06100 0.00024 -0.01748 0.01256 -0.00484 0.03380 0.02852 0.02420 0.00396 -0.01036
195.0  0.06108 0.00032 -0.01836 0.01072 -0.00504 -0.00540 0.04812 0.01348 -0.00112 -0.01600
195.5  0.06092 0.00032 -0.01892 0.00812 -0.00600 -0.00140 0.04964 -0.00412 -0.00080 -0.02028
196.0  0.06056 0.00032 -0.01920 0.00612 -0.00592 0.00212 0.04628 -0.01668 0.00128 -0.02328
196.5  0.05996 0.00024 -0.01912 0.00556 -0.00456 0.00480 0.04264 -0.02232 0.00376 -0.02520
197.0  0.05908 0.00012 -0.01876 0.00576 -0.00280 0.00684 0.03980 -0.02452 0.00644 -0.02612
197.5  0.05792 -0.00004 -0.01808 0.00624 -0.00096 0.00844 0.03756 -0.02512 0.00976 -0.02604
198.0  0.05652 -0.00016 -0.01708 0.00688 0.00076 0.00972 0.03576 -0.02496 0.01752 -0.02208
198.5  0.05488 -0.00028 -0.01580 0.00764 0.00240 0.01072 0.03424 -0.02440 0.02792 -0.00268
199.0  0.05296 -0.00036 -0.01424 0.00844 0.00392 0.01152 0.03300 -0.02376 0.02716 0.00336
199.5  0.05084 -0.00040 -0.01248 0.00924 0.00528 0.01212 0.03204 -0.02340 0.02556 0.00500
200.0  0.04856 -0.00040 -0.01052 0.01004 0.00644 0.01272 0.03128 -0.02336 0.02360 0.00524
200.5  0.04608 -0.00032 -0.00836 0.01080 0.00740 0.01336 0.03072 -0.02368 0.02128 0.00364
201.0  0.04344 -0.00024 -0.00608 0.01144 0.00816 0.01436 0.03024 -0.02424 0.00864 0.01624
201.5  0.04064 -0.00016 -0.00368 0.01196 0.00880 0.01592 0.02976 -0.02484 0.00716 0.01288
202.0  0.03764 -0.00008 -0.00124 0.01244 0.00920 0.01832 0.02904 -0.02528 0.00748 0.00812
202.5  0.03444 -0.00000 0.00124 0.01292 0.00928 0.02168 0.02788 -0.02524 0.00872 0.00260
203.0  0.03096 0.00004 0.00368 0.01388 0.00832 0.02588 0.02620 -0.02404 0.01080 -0.00352
203.5  0.02724 0.00012 0.00612 0.01616 0.00204 0.03048 -0.02148 -0.02388 0.01360 -0.00972
204.0  0.02320 0.00016 0.00848 0.01544 -0.00516 0.03508 -0.01456 -0.02332 0.01560 -0.01540
204.5  0.01892 0.00024 0.01080 0.01500 -0.00600 0.03816 -0.00224 -0.02632 0.01244 -0.02012
205.0  0.01436 0.00028 0.01300 0.01516 -0.00524 0.03676 0.01144 -0.02548 0.01540 -0.02388
205.5  0.00960 0.00028 0.01524 0.01556 -0.00388 0.03360 0.02020 -0.02564 0.01476 -0.02700
206.0  0.00468 0.00032 0.01716 0.01600 -0.00220 0.03124 0.02580 -0.02452 0.01380 -0.02936
206.5  -0.00032 0.00032 0.01912 0.01648 -0.00028 0.02980 0.03108 -0.02032 0.01276 -0.03112
207.0  -0.00536 0.00028 0.02088 0.01692 0.00160 0.02884 0.03764 -0.00500 0.01152 -0.03260
207.5  -0.01036 0.00020 0.02260 0.01736 0.00344 0.02812 0.03592 0.01344 0.00992 -0.03376
208.0  -0.01520 0.00012 0.02432 0.01780 0.00492 0.02740 0.03352 0.01912 0.00804 -0.03460
208.5  -0.01988 -0.00000 0.02584 0.01836 0.00580 0.02652 0.03256 0.02108 0.00604 -0.03504
209.0  -0.02432 -0.00016 0.02740 0.01932 0.00488 0.02544 0.03236 0.02184 0.00436 -0.03504
209.5  -0.02848 -0.00028 0.02888 0.01976 -0.00500 0.02408 0.03268 0.02216 0.00336 -0.03456
210.0  -0.03240 -0.00040 0.03032 0.01568 -0.01324 0.02248 0.03328 0.02236 0.00320 -0.03356
210.5  -0.03608 -0.00048 0.03156 0.01456 -0.01412 0.02056 0.03416 0.02264 0.00340 -0.03216
211.0  -0.03952 -0.00052 0.03280 0.01416 -0.01372 0.01832 0.03516 0.02304 0.00356 -0.03032
211.5  -0.04280 -0.00052 0.03384 0.01380 -0.01272 0.01556 0.03632 0.02352 0.00344 -0.02800
212.0  -0.04588 -0.00048 0.03464 0.01328 -0.01144 0.01204 0.03760 0.02400 0.00304 -0.02512
212.5  -0.04880 -0.00044 0.03516 0.01260 -0.01008 0.00724 0.03892 0.02428 0.00256 -0.02156
213.0  -0.05160 -0.00036 0.03536 0.01180 -0.00864 0.00144 0.04020 0.02372 0.00208 -0.01732
213.5  -0.05416 -0.00032 0.03520 0.01084 -0.00736 -0.00272 0.04216 0.02032 0.00196 -0.01304
214.0  -0.05652 -0.00032 0.03464 0.00980 -0.00636 -0.00204 0.04552 0.01152 0.00244 -0.00956
214.5  -0.05864 -0.00028 0.03372 0.00872 -0.00588 0.00164 0.04656 0.00644 0.00328 -0.00744
215.0  -0.06040 -0.00028 0.03232 0.00780 -0.00568 0.00436 0.04580 0.00964 0.00364 -0.00652
215.5  -0.06180 -0.00024 0.03052 0.00756 -0.00532 0.00508 0.04404 0.01568 0.00344 -0.00672
216.0  -0.06280 -0.00016 0.02836 0.00788 -0.00460 0.00456 0.04200 0.02016 0.00292 -0.00792
216.5  -0.06336 -0.00008 0.02580 0.00860 -0.00356 0.00320 0.04068 0.02252 0.00240 -0.01000
217.0  -0.06352 0.00004 0.02296 0.00948 -0.00236 0.00148 0.04000 0.02348 0.00240 -0.01264
217.5  -0.06320 0.00016 0.01972 0.01028 -0.00104 -0.00020 0.03952 0.02368 0.00308 -0.01564
218.0  -0.06244 0.00028 0.01624 0.01104 0.00024 -0.00188 0.03932 0.02348 0.00448 -0.01860
218.5  -0.06128 0.00040 0.01244 0.01176 0.00132 -0.00348 0.03916 0.02308 0.00580 -0.02140
219.0  -0.05976 0.00040 0.00844 0.01240 0.00208 -0.00480 0.03904 0.02272 0.00616 -0.02416
219.5  -0.05792 0.00040 0.00428 0.01304 0.00264 -0.00580 0.03908 0.02236 0.00580 -0.02676
220.0  -0.05592 0.00036 -0.00004 0.01364 0.00308 -0.00624 0.03924 0.02208 0.00552 -0.02888
220.5  -0.05380 0.00028 -0.00440 0.01420 0.00344 -0.00568 0.03956 0.02192 0.00596 -0.03060
221.0  -0.05168 0.00016 -0.00868 0.01472 0.00372 -0.00348 0.03952 0.02268 0.00700 -0.03196
221.5  -0.04960 0.00008 -0.01308 0.01532 0.00348 0.00052 0.03804 0.02576 0.00804 -0.03296
222.0  -0.04756 -0.00004 -0.01724 0.01608 0.00124 0.00404 0.03496 0.03040 0.00740 -0.03356
222.5  -0.04560 -0.00016 -0.02112 0.01560 -0.00572 0.00396 0.03276 0.03404 0.00392 -0.03328
223.0  -0.04368 -0.00024 -0.02484 0.01452 -0.00896 0.00156 0.03212 0.03572 0.00004 -0.03084
223.5  -0.04164 -0.00036 -0.02812 0.01504 -0.00920 0.00008 0.03216 0.03624 -0.00248 -0.02620
224.0  -0.03944 -0.00052 -0.03108 0.01612 -0.00852 -0.00008 0.03256 0.03628 -0.00372 -0.02200
224.5  -0.03704 -0.00064 -0.03380 0.01736 -0.00728 0.00036 0.03308 0.03616 -0.00392 -0.01892
225.0  -0.03436 -0.00080 -0.03612 0.01860 -0.00596 0.00108 0.03360 0.03588 -0.00320 -0.01668
225.5  -0.03132 -0.00096 -0.03816 0.01972 -0.00432 0.00196 0.03404 0.03544 -0.00132 -0.01488
226.0  -0.02796 -0.00108 -0.03988 0.02060 -0.00276 0.00292 0.03432 0.03488 0.00152 -0.01292
226.5  -0.02428 -0.00116 -0.04140 0.02128 -0.00140 0.00380 0.03452 0.03416 0.00268 -0.01068
227.0  -0.02024 -0.00116 -0.04268 0.02176 -0.00044 0.00468 0.03456 0.03336 0.00196 -0.00864
227.5  -0.01596 -0.00112 -0.04372 0.02208 -0.00020 0.00556 0.03448 0.03248 0.00024 -0.00656
228.0  -0.01140 -0.00100 -0.04464 0.02208 -0.00100 0.00644 0.03432 0.03160 -0.00172 -0.00416
228.5  -0.00668 -0.00080 -0.04532 0.02160 -0.00292 0.00740 0.03408 0.03068 -0.00364 -0.00124
229.0  -0.00188 -0.00064 -0.04584 0.02052 -0.00536 0.00828 0.03384 0.02988 -0.00468 0.00268
229.5  0.00304 -0.00044 -0.04620 0.01880 -0.00708 0.00896 0.03372 0.02912 -0.00356 0.00724
230.0  0.00792 -0.00028 -0.04632 0.01696 -0.00776 0.00932 0.03380 0.02860 -0.00116 0.01092
230.5  0.01272 -0.00016 -0.04624 0.01516 -0.00740 0.00912 0.03404 0.02828 0.00072 0.01388
231.0  0.01744 -0.00012 -0.04588 0.01328 -0.00640 0.00836 0.03456 0.02820 0.00196 0.01652
231.5  0.02204 -0.00012 -0.04524 0.01140 -0.00504 0.00692 0.03532 0.02832 0.00248 0.01876
232.0  0.02648 -0.00012 -0.04428 0.00956 -0.00344 0.00480 0.03624 0.02840 0.00240 0.02028
232.5  0.03076 -0.00012 -0.04296 0.00776 -0.00164 0.00260 0.03756 0.02796 0.00192 0.02068
233.0  0.03492 -0.00016 -0.04124 0.00616 -0.00004 0.00136 0.03984 0.02576 0.00132 0.01968
233.5  0.03892 -0.00016 -0.03912 0.00508 0.00108 0.00228 0.04380 0.01936 0.00128 0.01760
234.0  0.04276 -0.00020 -0.03664 0.00512 -0.00116 0.00584 0.04712 0.00920 0.00228 0.01484
234.5  0.04636 -0.00020 -0.03384 0.00588 -0.00136 0.01036 0.04720 0.00524 -0.00404 0.01156
235.0  0.04968 -0.00020 -0.03080 0.00708 -0.00104 0.01368 0.04512 0.01252 -0.00544 0.00816
235.5  0.05272 -0.00020 -0.02740 0.00820 -0.00088 0.01512 0.04020 0.02340 -0.00612 0.00472
236.0  0.05540 -0.00024 -0.02376 0.00928 -0.00092 0.01516 0.03700 0.02840 -0.00624 0.00124
236.5  0.05768 -0.00036 -0.01996 0.01028 -0.00112 0.01420 0.03592 0.03036 -0.00592 -0.00220
237.0  0.05960 -0.00048 -0.01596 0.01120 -0.00136 0.01256 0.03576 0.03128 -0.00528 -0.00560
237.5  0.06108 -0.00056 -0.01192 0.01200 -0.00096 0.01048 0.03596 0.03184 -0.00448 -0.00908
238.0  0.06216 -0.00068 -0.00780 0.01252 -0.00004 0.00808 0.03620 0.03224 -0.00364 -0.01264
238.5  0.06284 -0.00072 -0.00348 0.01280 0.00112 0.00532 0.03640 0.03244 -0.00268 -0.01628
239.0  0.06312 -0.00072 0.00084 0.01276 0.00244 0.00248 0.03652 0.03260 -0.00172 -0.02012
239.5  0.06308 -0.00064 0.00508 0.01248 0.00316 -0.00060 0.03648 0.03276 -0.00072 -0.02416
240.0  0.06276 -0.00056 0.00928 0.01216 0.00364 -0.00380 0.03624 0.03280 0.00032 -0.02852
240.5  0.06220 -0.00044 0.01340 0.01204 0.00360 -0.00712 0.03576 0.03276 0.00152 -0.03320
241.0  0.06148 -0.00028 0.01732 0.01224 0.00280 -0.01036 0.03496 0.03264 0.00308 -0.03784
241.5  0.06064 -0.00008 0.02104 0.01288 0.00140 -0.01300 0.03388 0.03260 0.00500 -0.04084
242.0  0.05972 0.00008 0.02440 0.01372 0.00076 -0.01436 0.03280 0.03276 0.00684 -0.04064
242.5  0.05872 0.00024 0.02752 0.01504 0.00128 -0.01432 0.03212 0.03304 0.00796 -0.03832
243.0  0.05768 0.00040 0.03032 0.01664 0.00244 -0.01360 0.03196 0.03316 0.00840 -0.03548
243.5  0.05656 0.00052 0.03272 0.01844 0.00392 -0.01272 0.03212 0.03296 0.00840 -0.03264
244.0  0.05532 0.00060 0.03488 0.02028 0.00552 -0.01196 0.03244 0.03256 0.00800 -0.02996
244.5  0.05388 0.00072 0.03664 0.02200 0.00692 -0.01124 0.03272 0.03200 0.00732 -0.02740
245.0  0.05224 0.00080 0.03816 0.02360 0.00812 -0.01064 0.03296 0.03140 0.00640 -0.02488
245.5  0.05032 0.00088 0.03948 0.02492 0.00840 -0.01028 0.03320 0.03072 0.00572 -0.02228
246.0  0.04808 0.00088 0.04064 0.02604 0.00792 -0.01044 0.03336 0.03000 0.00588 -0.01932
246.5  0.04552 0.00080 0.04156 0.02700 0.00532 -0.01084 0.03360 0.02920 0.00700 -0.01588
247.0  0.04256 0.00068 0.04236 0.02732 -0.00116 -0.01124 0.03396 0.02840 0.00860 -0.01168
247.5  0.03924 0.00048 0.04296 0.02468 -0.01024 -0.01128 0.03444 0.02740 0.00988 -0.00688
248.0  0.03556 0.00028 0.04336 0.02124 -0.01428 -0.01080 0.03520 0.02620 0.01032 -0.00176
248.5  0.03148 0.00004 0.04368 0.01896 -0.01500 -0.00952 0.03620 0.02476 0.00992 0.00356
249.0  0.02704 -0.00016 0.04376 0.01724 -0.01440 -0.00724 0.03724 0.02344 0.00884 0.00888
249.5  0.02228 -0.00032 0.04352 0.01564 -0.01312 -0.00400 0.03764 0.02300 0.00720 0.01400
250.0  0.01724 -0.00040 0.04304 0.01408 -0.01152 -0.00068 0.03692 0.02380 0.00540 0.01912
250.5  0.01192 -0.00040 0.04224 0.01256 -0.00976 0.00144 0.03592 0.02436 0.00408 0.02404
251.0  0.00640 -0.00032 0.04116 0.01104 -0.00804 0.00192 0.03536 0.02428 0.00320 0.02856
251.5  0.00076 -0.00020 0.03960 0.00964 -0.00648 0.00156 0.03512 0.02376 0.00264 0.03212
252.0  -0.00500 -0.00000 0.03776 0.00852 -0.00528 0.00092 0.03508 0.02328 0.00236 0.03320
252.5  -0.01080 0.00020 0.03556 0.00788 -0.00456 0.00052 0.03512 0.02296 0.00248 0.03116
253.0  -0.01660 0.00036 0.03308 0.00796 -0.00404 0.00044 0.03532 0.02288 0.00380 0.02772
253.5  -0.02232 0.00056 0.03024 0.00868 -0.00360 0.00072 0.03560 0.02304 0.00892 0.02304
254.0  -0.02788 0.00068 0.02720 0.00968 -0.00312 0.00116 0.03612 0.02344 0.01532 0.01532
254.5  -0.03324 0.00072 0.02392 0.01068 -0.00260 0.00180 0.03672 0.02392 0.01496 0.01156
255.0  -0.03824 0.00076 0.02052 0.01164 -0.00220 0.00248 0.03736 0.02440 0.01252 0.01068
255.5  -0.04292 0.00076 0.01704 0.01240 -0.00176 0.00308 0.03796 0.02500 0.00960 0.01076
256.0  -0.04716 0.00072 0.01340 0.01296 -0.00120 0.00352 0.03856 0.02556 0.00656 0.01108
256.5  -0.05092 0.00068 0.00980 0.01332 -0.00040 0.00364 0.03908 0.02632 0.00344 0.01116
257.0  -0.05420 0.00060 0.00616 0.01352 0.00056 0.00324 0.03944 0.02704 0.00012 0.01080
257.5  -0.05696 0.00056 0.00252 0.01344 0.00184 0.00212 0.03972 0.02768 -0.00464 0.00880
258.0  -0.05924 0.00048 -0.00096 0.01316 0.00324 0.00020 0.03988 0.02816 -0.00912 -0.00052
258.5  -0.06108 0.00036 -0.00436 0.01264 0.00456 -0.00268 0.03984 0.02836 -0.00728 -0.00520
259.0  -0.06252 0.00020 -0.00756 0.01192 0.00584 -0.00680 0.03956 0.02796 -0.00460 -0.00860
259.5  -0.06360 0.00008 -0.01052 0.01112 0.00704 -0.01236 0.03868 0.02668 -0.00116 -0.01172
260.0  -0.06440 -0.00004 -0.01324 0.01060 0.00776 -0.01928 0.03700 0.02344 0.00308 -0.01460
260.5  -0.06496 -0.00012 -0.01572 0.01184 0.00608 -0.02676 0.03684 0.00960 0.00840 -0.01716
261.0  -0.06536 -0.00020 -0.01784 0.01360 -0.00068 -0.03312 0.02308 -0.01744 0.01548 -0.01912
261.5  -0.06556 -0.00024 -0.01976 0.01412 -0.00120 -0.03648 0.00900 0.01392 0.02252 -0.02028
262.0  -0.06568 -0.00020 -0.02136 0.01496 -0.00004 -0.03388 -0.00772 0.02584 0.01392 -0.02068
262.5  -0.06560 -0.00012 -0.02268 0.01576 0.00156 -0.02620 -0.02624 0.02392 0.00948 -0.02036
263.0  -0.06536 -0.00004 -0.02372 0.01644 0.00320 -0.01844 -0.04028 -0.00580 0.00568 -0.01936
263.5  -0.06496 0.00008 -0.02456 0.01700 0.00516 -0.01204 -0.04016 -0.01656 0.00244 -0.01772
264.0  -0.06428 0.00016 -0.02516 0.01736 0.00680 -0.00692 -0.04004 -0.02040 -0.00036 -0.01552
264.5  -0.06336 0.00020 -0.02560 0.01760 0.00832 -0.00264 -0.04000 -0.02228 -0.00248 -0.01292
265.0  -0.06212 0.00020 -0.02584 0.01792 0.00896 0.00104 -0.04000 -0.02320 -0.00400 -0.01016
265.5  -0.06060 0.00016 -0.02592 0.01888 0.00744 0.00444 -0.04000 -0.02348 -0.00516 -0.00740
266.0  -0.05884 0.00008 -0.02580 0.02020 0.00104 0.00764 -0.04012 -0.02316 -0.00632 -0.00488
266.5  -0.05676 0.00004 -0.02556 0.01924 -0.00428 0.01080 -0.04032 -0.02224 -0.00760 -0.00256
267.0  -0.05452 -0.00000 -0.02512 0.01804 -0.00560 0.01388 -0.04076 -0.02028 -0.00904 -0.00048
267.5  -0.05204 -0.00000 -0.02456 0.01684 -0.00556 0.01688 -0.04168 -0.01612 -0.01040 0.00120
268.0  -0.04936 -0.00000 -0.02376 0.01564 -0.00488 0.01992 -0.04332 -0.00488 -0.01144 0.00224
268.5  -0.04656 0.00004 -0.02288 0.01448 -0.00388 0.02288 -0.03872 -0.01708 -0.01168 0.00244
269.0  -0.04360 0.00004 -0.02176 0.01340 -0.00260 0.02508 -0.03204 -0.02652 -0.01024 0.00172
269.5  -0.04052 0.00004 -0.02048 0.01240 -0.00112 0.02136 -0.03392 -0.02864 -0.00624 -0.00008
270.0  -0.03724 -0.00000 -0.01900 0.01160 0.00052 -0.00252 -0.04196 -0.02612 -0.00192 -0.00280
270.5  -0.03380 -0.00004 -0.01732 0.01104 0.00212 -0.00404 -0.04632 -0.01640 0.00020 -0.00628
271.0  -0.03020 -0.00012 -0.01548 0.01084 0.00332 -0.00180 -0.04900 -0.00020 -0.00080 -0.01004
271.5  -0.02640 -0.00020 -0.01344 0.01144 0.00300 0.00020 -0.04768 0.01056 -0.00108 -0.01352
272.0  -0.02232 -0.00028 -0.01128 0.01216 -0.00316 0.00136 -0.04608 0.01528 -0.00172 -0.01652
272.5  -0.01804 -0.00036 -0.00900 0.01172 -0.00616 0.00168 -0.04516 0.01740 -0.00304 -0.01888
273.0  -0.01348 -0.00040 -0.00664 0.01228 -0.00664 0.00116 -0.04472 0.01836 -0.00524 -0.02036
273.5  -0.00872 -0.00044 -0.00424 0.01284 -0.00652 -0.00016 -0.04460 0.01880 -0.00848 -0.02108
274.0  -0.00372 -0.00048 -0.00188 0.01328 -0.00608 -0.00224 -0.04452 0.01932 -0.01248 -0.02068
274.5  0.00140 -0.00052 0.00048 0.01348 -0.00536 -0.00508 -0.04396 0.02064 -0.01644 -0.01960
275.0  0.00656 -0.00056 0.00276 0.01348 -0.00440 -0.00836 -0.04232 0.02344 -0.01912 -0.01896
275.5  0.01168 -0.00060 0.00488 0.01332 -0.00308 -0.01168 -0.03976 0.02696 -0.01996 -0.01996
276.0  0.01664 -0.00064 0.00688 0.01292 -0.00152 -0.01468 -0.03716 0.02956 -0.01916 -0.02220
276.5  0.02136 -0.00068 0.00868 0.01244 0.00024 -0.01692 -0.03532 0.03100 -0.01780 -0.02416
277.0  0.02584 -0.00068 0.01024 0.01192 0.00204 -0.01828 -0.03432 0.03172 -0.01644 -0.02536
277.5  0.02996 -0.00068 0.01152 0.01156 0.00360 -0.01864 -0.03400 0.03216 -0.01484 -0.02584
278.0  0.03372 -0.00060 0.01252 0.01168 0.00456 -0.01804 -0.03424 0.03244 -0.01280 -0.02584
278.5  0.03712 -0.00056 0.01316 0.01264 0.00416 -0.01656 -0.03484 0.03260 -0.01032 -0.02520
279.0  0.04024 -0.00044 0.01348 0.01412 0.00276 -0.01452 -0.03540 0.03248 -0.00728 -0.02372
279.5  0.04308 -0.00032 0.01344 0.01556 0.00192 -0.01232 -0.03572 0.03196 -0.00464 -0.02128
280.0  0.04572 -0.00024 0.01308 0.01684 0.00192 -0.01056 -0.03568 0.03112 -0.00292 -0.01788
280.5  0.04816 -0.00016 0.01236 0.01804 0.00232 -0.00948 -0.03520 0.03016 -0.00232 -0.01396
281.0  0.05052 -0.00008 0.01140 0.01908 0.00304 -0.00896 -0.03440 0.02928 -0.00272 -0.00996
281.5  0.05280 -0.00008 0.01016 0.01984 0.00368 -0.00892 -0.03344 0.02856 -0.00356 -0.00676
282.0  0.05504 -0.00008 0.00872 0.02036 0.00436 -0.00904 -0.03248 0.02808 -0.00360 -0.00636
282.5  0.05724 -0.00012 0.00716 0.02060 0.00488 -0.00916 -0.03168 0.02784 -0.00488 -0.00760
283.0  0.05936 -0.00020 0.00548 0.02052 0.00540 -0.00916 -0.03108 0.02792 -0.00752 -0.00848
283.5  0.06140 -0.00028 0.00376 0.02016 0.00596 -0.00900 -0.03084 0.02836 -0.01012 -0.00848
284.0  0.06332 -0.00040 0.00200 0.01960 0.00608 -0.00856 -0.03088 0.02896 -0.01240 -0.00744
284.5  0.06496 -0.00052 0.00024 0.01892 0.00616 -0.00788 -0.03124 0.02980 -0.01432 -0.00472
285.0  0.06632 -0.00060 -0.00148 0.01824 0.00540 -0.00700 -0.03184 0.03060 -0.01512 0.00188
285.5  0.06736 -0.00068 -0.00320 0.01768 0.00404 -0.00588 -0.03264 0.03124 -0.01028 -0.01116
286.0  0.06800 -0.00076 -0.00484 0.01712 0.00232 -0.00444 -0.03352 0.03172 -0.00540 -0.01380
286.5  0.06820 -0.00084 -0.00644 0.01644 0.00136 -0.00260 -0.03444 0.03188 -0.00192 -0.01396
287.0  0.06800 -0.00084 -0.00800 0.01584 0.00156 -0.00040 -0.03540 0.03168 0.00092 -0.01300
287.5  0.06736 -0.00080 -0.00948 0.01540 0.00260 0.00224 -0.03636 0.03092 0.00336 -0.01096
288.0  0.06632 -0.00068 -0.01092 0.01512 0.00392 0.00504 -0.03784 0.02904 0.00520 -0.00800
288.5  0.06492 -0.00056 -0.01224 0.01496 0.00524 0.00616 -0.04252 0.02152 0.00588 -0.00412
289.0  0.06316 -0.00040 -0.01360 0.01504 0.00636 0.00240 -0.04772 0.00660 0.00500 0.00060
289.5  0.06104 -0.00024 -0.01488 0.01560 0.00668 -0.00144 -0.04720 0.01004 0.00356 0.00584
290.0  0.05864 -0.00004 -0.01604 0.01712 0.00448 -0.00136 -0.04464 0.01800 0.00320 0.01132
290.5  0.05592 0.00012 -0.01732 0.01784 -0.00408 0.00064 -0.04216 0.02260 0.00388 0.01688
291.0  0.05292 0.00028 -0.01836 0.01672 -0.00864 0.00308 -0.04036 0.02472 0.00480 0.02220
291.5  0.04972 0.00036 -0.01952 0.01656 -0.00964 0.00548 -0.03900 0.02560 0.00556 0.02716
292.0  0.04624 0.00044 -0.02052 0.01664 -0.00940 0.00768 -0.03796 0.02592 0.00580 0.03164
292.5  0.04248 0.00048 -0.02156 0.01676 -0.00852 0.00952 -0.03708 0.02600 0.00532 0.03556
293.0  0.03852 0.00044 -0.02232 0.01668 -0.00744 0.01076 -0.03632 0.02608 0.00356 0.03896
293.5  0.03424 0.00044 -0.02304 0.01636 -0.00628 0.01136 -0.03580 0.02628 0.00136 0.04160
294.0  0.02972 0.00040 -0.02364 0.01580 -0.00540 0.01136 -0.03540 0.02656 0.00024 0.04352
294.5  0.02488 0.00036 -0.02388 0.01496 -0.00464 0.01088 -0.03532 0.02696 -0.00016 0.04488
295.0  0.01976 0.00036 -0.02400 0.01396 -0.00372 0.01012 -0.03532 0.02740 -0.00052 0.04576
295.5  0.01436 0.00032 -0.02376 0.01284 -0.00264 0.00908 -0.03544 0.02776 -0.00112 0.04608
296.0  0.00876 0.00028 -0.02320 0.01168 -0.00132 0.00792 -0.03548 0.02820 -0.00180 0.04572
296.5  0.00304 0.00020 -0.02240 0.01056 -0.00004 0.00700 -0.03532 0.02860 -0.00224 0.04440
297.0  -0.00284 0.00016 -0.02112 0.00968 0.00092 0.00680 -0.03492 0.02896 -0.00224 0.04176
297.5  -0.00872 0.00004 -0.01960 0.00936 0.00096 0.00756 -0.03428 0.02936 -0.00176 0.03736
298.0  -0.01452 -0.00008 -0.01772 0.00964 0.00036 0.00904 -0.03340 0.02960 -0.00088 0.03136
298.5  -0.02024 -0.00020 -0.01560 0.01024 0.00036 0.01048 -0.03248 0.02972 -0.00008 0.02444
299.0  -0.02584 -0.00032 -0.01316 0.01104 0.00096 0.01124 -0.03156 0.02980 0.00044 0.01772
299.5  -0.03120 -0.00040 -0.01060 0.01184 0.00168 0.01120 -0.03088 0.02992 0.00072 0.01140
300.0  -0.03628 -0.00044 -0.00784 0.01256 0.00224 0.01040 -0.03044 0.03004 0.00100 0.00552
300.5  -0.04112 -0.00048 -0.00496 0.01324 0.00268 0.00876 -0.03040 0.03016 0.00156 0.00000
301.0  -0.04560 -0.00048 -0.00200 0.01376 0.00276 0.00628 -0.03080 0.02984 0.00272 -0.00508
301.5  -0.04972 -0.00044 0.00100 0.01412 0.00276 0.00276 -0.03204 0.02868 0.00432 -0.00992
302.0  -0.05348 -0.00044 0.00404 0.01436 0.00256 -0.00168 -0.03380 0.02628 0.00608 -0.01444
302.5  -0.05688 -0.00040 0.00704 0.01444 0.00224 -0.00660 -0.03468 0.02400 0.00780 -0.01864
303.0  -0.05988 -0.00040 0.01000 0.01444 0.00156 -0.01140 -0.03372 0.02340 0.00944 -0.02240
303.5  -0.06252 -0.00032 0.01288 0.01420 -0.00044 -0.01536 -0.03188 0.02376 0.01108 -0.02576
304.0  -0.06488 -0.00024 0.01576 0.01220 -0.00624 -0.01840 -0.03040 0.02376 0.01232 -0.02872
304.5  -0.06688 -0.00012 0.01852 0.00956 -0.00900 -0.02056 -0.02972 0.02324 0.01284 -0.03160
305.0  -0.06864 -0.00000 0.02116 0.00908 -0.00868 -0.02196 -0.02968 0.02260 0.01196 -0.03440
305.5  -0.07008 0.00012 0.02372 0.00948 -0.00752 -0.02272 -0.03020 0.02200 0.00964 -0.03700
306.0  -0.07124 0.00024 0.02612 0.01024 -0.00612 -0.02276 -0.03112 0.02168 0.00640 -0.03876
306.5  -0.07212 0.00036 0.02836 0.01124 -0.00460 -0.02196 -0.03248 0.02164 0.00316 -0.03928
307.0  -0.07268 0.00044 0.03048 0.01240 -0.00332 -0.01984 -0.03440 0.02188 0.00044 -0.03792
307.5  -0.07292 0.00044 0.03244 0.01364 -0.00248 -0.01588 -0.03676 0.02240 -0.00168 -0.03416
308.0  -0.07284 0.00044 0.03420 0.01484 -0.00248 -0.01036 -0.03880 0.02300 -0.00320 -0.02868
308.5  -0.07244 0.00040 0.03580 0.01584 -0.00360 -0.00520 -0.03976 0.02360 -0.00420 -0.02324
309.0  -0.07172 0.00032 0.03716 0.01644 -0.00544 -0.00168 -0.03980 0.02436 -0.00484 -0.01888
309.5  -0.07064 0.00024 0.03844 0.01660 -0.00708 0.00052 -0.03932 0.02520 -0.00516 -0.01568
310.0  -0.06924 0.00020 0.03956 0.01664 -0.00804 0.00204 -0.03864 0.02620 -0.00504 -0.01336
310.5  -0.06744 0.00016 0.04040 0.01672 -0.00828 0.00352 -0.03784 0.02708 -0.00428 -0.01180
311.0  -0.06532 0.00020 0.04116 0.01660 -0.00792 0.00520 -0.03692 0.02780 -0.00216 -0.01084
311.5  -0.06284 0.00024 0.04172 0.01628 -0.00688 0.00704 -0.03612 0.02844 -0.00280 -0.00912
312.0  -0.06004 0.00036 0.04212 0.01576 -0.00516 0.00904 -0.03508 0.02896 -0.00532 -0.00584
312.5  -0.05692 0.00052 0.04224 0.01496 -0.00292 0.01096 -0.03404 0.02936 -0.00508 -0.00340
313.0  -0.05352 0.00060 0.04204 0.01400 -0.00036 0.01272 -0.03288 0.02972 -0.00412 -0.00132
313.5  -0.04988 0.00068 0.04156 0.01292 0.00204 0.01432 -0.03156 0.03012 -0.00344 -0.00060
314.0  -0.04600 0.00072 0.04076 0.01176 0.00424 0.01600 -0.03008 0.03044 -0.00448 -0.00072
314.5  -0.04196 0.00068 0.03968 0.01056 0.00628 0.01776 -0.02840 0.03072 -0.00656 0.00048
315.0  -0.03772 0.00060 0.03812 0.00944 0.00828 0.01996 -0.02640 0.03096 -0.00876 0.00156
315.5  -0.03332 0.00048 0.03616 0.00844 0.01016 0.02224 -0.02412 0.03116 -0.01084 0.00244
316.0  -0.02876 0.00036 0.03376 0.00804 0.01180 0.02456 -0.02164 0.03112 -0.01272 0.00280
316.5  -0.02408 0.00024 0.03092 0.00960 0.01224 0.02640 -0.02056 0.03056 -0.01388 0.00248
317.0  -0.01928 0.00020 0.02772 0.01580 0.00604 0.02652 -0.03264 0.01956 -0.01192 0.00140
317.5  -0.01436 0.00016 0.02416 0.01796 0.00280 0.02084 -0.03804 0.02024 -0.00660 -0.00048
318.0  -0.00932 0.00020 0.02036 0.01908 0.00296 0.01376 -0.04636 0.00248 -0.00512 -0.00296
318.5  -0.00416 0.00024 0.01632 0.01984 0.00400 0.01336 -0.04260 0.01916 -0.00536 -0.00576
319.0  0.00112 0.00028 0.01212 0.02016 0.00544 0.01444 -0.03956 0.02448 -0.00596 -0.00856
319.5  0.00652 0.00036 0.00784 0.02000 0.00700 0.01528 -0.03796 0.02644 -0.00644 -0.01128
320.0  0.01196 0.00040 0.00360 0.01952 0.00844 0.01556 -0.03708 0.02744 -0.00688 -0.01356
320.5  0.01752 0.00044 -0.00064 0.01872 0.00940 0.01548 -0.03668 0.02808 -0.00720 -0.01540
321.0  0.02308 0.00048 -0.00476 0.01784 0.00968 0.01488 -0.03688 0.02816 -0.00744 -0.01676
321.5  0.02856 0.00048 -0.00880 0.01696 0.00908 0.01384 -0.03784 0.02772 -0.00768 -0.01756
322.0  0.03400 0.00044 -0.01268 0.01640 0.00748 0.01220 -0.03968 0.02624 -0.00784 -0.01796
322.5  0.03920 0.00040 -0.01636 0.01624 0.00468 0.00992 -0.04208 0.02372 -0.00792 -0.01808
323.0  0.04420 0.00032 -0.01988 0.01580 0.00084 0.00708 -0.04452 0.02060 -0.00800 -0.01776
323.5  0.04884 0.00028 -0.02320 0.01484 -0.00160 0.00392 -0.04628 0.01796 -0.00788 -0.01704
324.0  0.05316 0.00016 -0.02632 0.01424 -0.00200 0.00088 -0.04720 0.01668 -0.00768 -0.01572
324.5  0.05712 0.00004 -0.02920 0.01416 -0.00120 -0.00156 -0.04752 0.01644 -0.00740 -0.01372
325.0  0.06064 -0.00012 -0.03184 0.01456 0.00020 -0.00296 -0.04772 0.01644 -0.00716 -0.01092
325.5  0.06376 -0.00020 -0.03424 0.01524 0.00188 -0.00280 -0.04828 0.01528 -0.00708 -0.00740
326.0  0.06648 -0.00032 -0.03636 0.01616 0.00380 -0.00048 -0.04972 0.01040 -0.00720 -0.00352
326.5  0.06876 -0.00036 -0.03824 0.01720 0.00568 0.00468 -0.05020 -0.00624 -0.00756 0.00024
327.0  0.07072 -0.00036 -0.03988 0.01824 0.00752 0.01112 -0.04212 -0.02592 -0.00768 0.00336
327.5  0.07228 -0.00028 -0.04120 0.01920 0.00920 0.00964 -0.03940 -0.03076 -0.00540 0.00580
328.0  0.07348 -0.00008 -0.04232 0.02004 0.01060 0.02796 -0.02852 -0.03064 0.00848 0.00728
328.5  0.07436 0.00012 -0.04316 -0.01228 -0.02036 0.02788 -0.02772 -0.02680 0.01792 0.00812
329.0  0.07492 0.00036 -0.04376 -0.01348 -0.02052 0.02672 -0.02736 -0.02708 0.01904 0.00844
329.5  0.07516 0.00064 -0.04420 -0.01448 -0.02024 0.02548 -0.02604 -0.02912 0.01872 0.00836
330.0  0.07512 0.00092 -0.04448 -0.01520 -0.01952 0.02428 -0.02228 -0.03288 0.01800 0.00796
330.5  0.07476 0.00108 -0.04448 -0.01588 -0.01844 0.02308 -0.00772 -0.03952 0.01716 0.00732
331.0  0.07412 0.00120 -0.04436 -0.01624 -0.01680 0.02192 0.01520 -0.03784 0.01616 0.00660
331.5  0.07316 0.00120 -0.04392 -0.01632 -0.01476 0.02084 0.02260 -0.03436 0.01508 0.00588
332.0  0.07184 0.00112 -0.04336 -0.01620 -0.01236 0.01980 0.02572 -0.03244 0.01416 0.00472
332.5  0.07024 0.00096 -0.04244 -0.01588 -0.00976 0.01892 0.02764 -0.03092 0.01348 0.00256
333.0  0.06824 0.00076 -0.04136 -0.01532 -0.00700 0.01816 0.02960 -0.02904 0.01280 0.00008
333.5  0.06592 0.00052 -0.03988 -0.01492 -0.00428 0.01772 0.03324 -0.02436 0.01212 -0.00232
334.0  0.06328 0.00032 -0.03804 -0.01440 -0.00168 0.01780 0.04052 -0.00340 0.01164 -0.00452
334.5  0.06036 0.00016 -0.03588 -0.01404 0.00056 0.01868 0.03956 0.00268 0.01180 -0.00676
335.0  0.05712 0.00004 -0.03328 -0.01396 0.00216 0.02016 0.03496 -0.01548 0.01288 -0.00912
335.5  0.05360 0.00000 -0.03032 -0.01452 0.00228 0.02124 0.02852 -0.02384 0.01384 -0.01184
336.0  0.04984 -0.00000 -0.02704 -0.01548 0.00032 0.02068 0.02612 -0.02752 0.01272 -0.01500
336.5  0.04580 0.00000 -0.02348 -0.01632 -0.00196 0.01792 0.02720 -0.02992 0.01016 -0.01832
337.0  0.04152 0.00004 -0.01952 -0.01700 -0.00296 0.01296 0.02976 -0.03144 0.00780 -0.02060
337.5  0.03704 0.00004 -0.01544 -0.01760 -0.00300 0.00736 0.03188 -0.03240 0.00624 -0.02172
338.0  0.03228 0.00004 -0.01124 -0.01804 -0.00276 0.00276 0.03300 -0.03308 0.00544 -0.02220
338.5  0.02732 -0.00004 -0.00696 -0.01812 -0.00212 -0.00080 0.03360 -0.03360 0.00528 -0.02260
339.0  0.02212 -0.00008 -0.00272 -0.01792 -0.00132 -0.00364 0.03384 -0.03392 0.00552 -0.02288
339.5  0.01672 -0.00012 0.00140 -0.01732 -0.00032 -0.00600 0.03400 -0.03416 0.00536 -0.02324
340.0  0.01116 -0.00020 0.00548 -0.01640 0.00076 -0.00804 0.03396 -0.03404 0.00412 -0.02356
340.5  0.00540 -0.00028 0.00928 -0.01508 0.00180 -0.00980 0.03384 -0.03380 0.00168 -0.02376
341.0  -0.00048 -0.00032 0.01284 -0.01356 0.00268 -0.01124 0.03376 -0.03340 -0.00164 -0.02320
341.5  -0.00644 -0.00044 0.01628 -0.01200 0.00332 -0.01224 0.03384 -0.03268 -0.00508 -0.02168
342.0  -0.01244 -0.00052 0.01932 -0.01080 0.00360 -0.01272 0.03424 -0.03152 -0.00796 -0.01916
342.5  -0.01840 -0.00048 0.02216 -0.01016 0.00376 -0.01232 0.03532 -0.02972 -0.00996 -0.01588
343.0  -0.02432 -0.00044 0.02460 -0.01024 0.00432 -0.01084 0.03712 -0.02712 -0.01100 -0.01196
343.5  -0.03008 -0.00036 0.02676 -0.01072 0.00556 -0.00808 0.03928 -0.02404 -0.01112 -0.00744
344.0  -0.03564 -0.00032 0.02856 -0.01152 0.00712 -0.00420 0.04016 -0.02236 -0.01028 -0.00236
344.5  -0.04096 -0.00024 0.03008 -0.01252 0.00868 -0.00040 0.03932 -0.02304 -0.00908 0.00344
345.0  -0.04600 -0.00020 0.03124 -0.01368 0.01020 0.00156 0.03808 -0.02360 -0.00788 0.01008
345.5  -0.05076 -0.00016 0.03220 -0.01496 0.01120 0.00160 0.03736 -0.02332 -0.00688 0.01772
346.0  -0.05520 -0.00012 0.03280 -0.01640 0.01160 0.00068 0.03680 -0.02272 -0.00592 0.02560
346.5  -0.05932 -0.00008 0.03316 -0.01812 0.01120 -0.00020 0.03624 -0.02232 -0.00484 0.03324
347.0  -0.06312 -0.00004 0.03328 -0.02020 0.00892 -0.00056 0.03572 -0.02220 -0.00372 0.03916
347.5  -0.06656 0.00004 0.03308 -0.02228 0.00352 -0.00040 0.03528 -0.02240 -0.00252 0.04268
348.0  -0.06964 0.00012 0.03272 -0.02244 -0.00264 0.00016 0.03484 -0.02280 -0.00120 0.04420
348.5  -0.07228 0.00024 0.03220 -0.02148 -0.00580 0.00108 0.03452 -0.02336 0.00024 0.04428
349.0  -0.07452 0.00036 0.03148 -0.02072 -0.00672 0.00212 0.03420 -0.02392 0.00184 0.04340
349.5  -0.07636 0.00044 0.03060 -0.02008 -0.00632 0.00320 0.03380 -0.02444 0.00356 0.04184
350.0  -0.07772 0.00048 0.02960 -0.01952 -0.00512 0.00420 0.03344 -0.02480 0.00540 0.03992
350.5  -0.07864 0.00052 0.02844 -0.01892 -0.00344 0.00516 0.03312 -0.02504 0.00732 0.03776
351.0  -0.07912 0.00048 0.02716 -0.01828 -0.00144 0.00600 0.03280 -0.02508 0.00916 0.03540
351.5  -0.07920 0.00032 0.02568 -0.01756 0.00076 0.00668 0.03260 -0.02508 0.01064 0.03292
352.0  -0.07880 0.00016 0.02400 -0.01668 0.00288 0.00708 0.03240 -0.02512 0.01164 0.03024
352.5  -0.07804 -0.00004 0.02216 -0.01572 0.00492 0.00716 0.03236 -0.02512 0.01208 0.02700
353.0  -0.07688 -0.00024 0.02020 -0.01476 0.00676 0.00684 0.03248 -0.02532 0.01212 0.02268
353.5  -0.07540 -0.00040 0.01800 -0.01384 0.00836 0.00604 0.03284 -0.02564 0.01168 0.01640
354.0  -0.07360 -0.00060 0.01564 -0.01320 0.00956 0.00472 0.03348 -0.02592 0.01060 0.00748
354.5  -0.07160 -0.00072 0.01312 -0.01308 0.01008 0.00296 0.03472 -0.02580 0.00868 -0.00300
355.0  -0.06936 -0.00084 0.01040 -0.01412 0.00900 0.00184 0.03720 -0.02372 0.00596 -0.01240
355.5  -0.06688 -0.00092 0.00764 -0.01628 0.00488 0.00464 0.04244 -0.01332 -0.00400 -0.01956
356.0  -0.06424 -0.00096 0.00480 -0.01708 0.00120 0.01492 0.04212 0.00604 -0.00376 -0.02480
356.5  -0.06136 -0.00100 0.00192 -0.01712 -0.00004 0.02076 0.03472 -0.02076 -0.00308 -0.02868
357.0  -0.05820 -0.00100 -0.00096 -0.01692 -0.00024 0.02140 0.02948 -0.02796 -0.00004 -0.03148
357.5  -0.05476 -0.00100 -0.00364 -0.01656 -0.00004 0.02076 0.03036 -0.02840 0.00676 -0.03252
358.0  -0.05100 -0.00100 -0.00628 -0.01604 0.00036 0.01960 0.03160 -0.02868 0.01676 -0.02980
358.5  -0.04688 -0.00096 -0.00888 -0.01536 0.00080 0.01824 0.03288 -0.02892 0.02420 -0.02476
359.0  -0.04240 -0.00092 -0.01124 -0.01452 0.00132 0.01672 0.03416 -0.02900 0.02764 -0.02076
359.5  -0.03764 -0.00080 -0.01332 -0.01356 0.00188 0.01508 0.03536 -0.02884 0.02904 -0.01800
360.0  -0.03256 -0.00068 -0.01516 -0.01268 0.00236 0.01328 0.03648 -0.02844 0.02932 -0.01624
360.5  -0.02720 -0.00056 -0.01672 -0.01172 0.00244 0.01136 0.03752 -0.02788 0.02868 -0.01556
361.0  -0.02168 -0.00040 -0.01800 -0.01132 0.00076 0.00940 0.03840 -0.02712 0.02688 -0.01644
361.5  -0.01596 -0.00028 -0.01888 -0.01056 -0.00260 0.00752 0.03912 -0.02640 0.02280 -0.01976
362.0  -0.01016 -0.00016 -0.01944 -0.01056 -0.00284 0.00564 0.03960 -0.02572 0.01504 -0.02432
362.5  -0.00432 -0.00004 -0.01968 -0.01140 -0.00168 0.00396 0.03960 -0.02532 0.00736 -0.02572
363.0  0.00152 0.00004 -0.01952 -0.01256 -0.00020 0.00244 0.03924 -0.02536 0.00268 -0.02460
363.5  0.00728 0.00008 -0.01900 -0.01384 0.00136 0.00080 0.03840 -0.02596 0.00008 -0.02244
364.0  0.01296 0.00016 -0.01820 -0.01512 0.00272 -0.00112 0.03708 -0.02712 -0.00116 -0.01968
364.5  0.01848 0.00024 -0.01712 -0.01636 0.00380 -0.00356 0.03544 -0.02844 -0.00116 -0.01612
365.0  0.02388 0.00028 -0.01576 -0.01760 0.00444 -0.00612 0.03372 -0.02964 -0.00020 -0.01116
365.5  0.02916 0.00028 -0.01424 -0.01884 0.00424 -0.00832 0.03208 -0.03060 0.00144 -0.00432
366.0  0.03432 0.00028 -0.01252 -0.02000 0.00292 -0.00992 0.03072 -0.03128 0.00344 -0.00160
366.5  0.03944 0.00024 -0.01076 -0.02080 0.00044 -0.01092 0.02972 -0.03172 0.00568 -0.00448
367.0  0.04444 0.00016 -0.00888 -0.02108 -0.00192 -0.01148 0.02924 -0.03200 0.00792 -0.00560
367.5  0.04936 0.00004 -0.00700 -0.02100 -0.00320 -0.01164 0.02916 -0.03212 0.01008 -0.00572
368.0  0.05412 -0.00012 -0.00512 -0.02076 -0.00324 -0.01144 0.02964 -0.03216 0.01176 -0.00532
368.5  0.05868 -0.00028 -0.00320 -0.02044 -0.00244 -0.01108 0.03052 -0.03204 0.01308 -0.00444
369.0  0.06296 -0.00044 -0.00128 -0.02004 -0.00116 -0.01040 0.03180 -0.03188 0.01364 -0.00316
369.5  0.06688 -0.00056 0.00064 -0.01952 0.00032 -0.00960 0.03336 -0.03148 0.01340 -0.00156
370.0  0.07036 -0.00068 0.00256 -0.01892 0.00192 -0.00880 0.03504 -0.03104 0.01252 0.00024
370.5  0.07328 -0.00072 0.00448 -0.01832 0.00356 -0.00824 0.03664 -0.03048 0.01112 0.00224
371.0  0.07564 -0.00072 0.00644 -0.01772 0.00524 -0.00796 0.03792 -0.02984 0.00944 0.00424
371.5  0.07740 -0.00064 0.00836 -0.01736 0.00676 -0.00808 0.03880 -0.02928 0.00768 0.00624
372.0  0.07852 -0.00060 0.01028 -0.01724 0.00768 -0.00868 0.03936 -0.02876 0.00612 0.00828
372.5  0.07904 -0.00048 0.01220 -0.01764 0.00748 -0.01000 0.03956 -0.02816 0.00484 0.01056
373.0  0.07896 -0.00040 0.01412 -0.01880 0.00424 -0.01196 0.03964 -0.02724 0.00404 0.01320
373.5  0.07832 -0.00032 0.01596 -0.01900 -0.00264 -0.01340 0.04004 -0.02580 0.00368 0.01612
374.0  0.07724 -0.00020 0.01768 -0.01768 -0.00668 -0.01280 0.04148 -0.02360 0.00352 0.01876
374.5  0.07576 -0.00008 0.01932 -0.01644 -0.00796 -0.00928 0.04368 -0.02116 0.00308 0.02056
375.0  0.07396 -0.00000 0.02080 -0.01552 -0.00828 -0.00376 0.04456 -0.02108 0.00232 0.02148
375.5  0.07196 0.00004 0.02212 -0.01460 -0.00808 0.00132 0.04276 -0.02492 0.00144 0.02172
376.0  0.06980 0.00012 0.02320 -0.01356 -0.00772 0.00484 0.03976 -0.02924 0.00084 0.02156
376.5  0.06756 0.00016 0.02412 -0.01256 -0.00720 0.00700 0.03768 -0.03164 0.00056 0.02108
377.0  0.06528 0.00020 0.02476 -0.01152 -0.00652 0.00828 0.03668 -0.03272 0.00076 0.02032
377.5  0.06288 0.00016 0.02524 -0.01056 -0.00572 0.00892 0.03636 -0.03316 0.00152 0.01928
378.0  0.06040 0.00012 0.02544 -0.00956 -0.00476 0.00908 0.03648 -0.03332 0.00336 0.01772
378.5  0.05776 0.00000 0.02540 -0.00872 -0.00368 0.00880 0.03676 -0.03328 0.00632 0.01536
379.0  0.05492 -0.00008 0.02508 -0.00808 -0.00252 0.00804 0.03720 -0.03312 0.00896 0.01212
379.5  0.05184 -0.00024 0.02448 -0.00772 -0.00152 0.00676 0.03768 -0.03284 0.00964 0.00940
380.0  0.04848 -0.00036 0.02356 -0.00776 -0.00072 0.00488 0.03808 -0.03240 0.00900 0.00772
380.5  0.04480 -0.00040 0.02232 -0.00820 -0.00008 0.00236 0.03840 -0.03180 0.00796 0.00652
381.0  0.04088 -0.00048 0.02076 -0.00900 0.00052 -0.00096 0.03836 -0.03108 0.00740 0.00536
381.5  0.03664 -0.00044 0.01888 -0.01000 0.00140 -0.00536 0.03784 -0.03020 0.00780 0.00404
382.0  0.03220 -0.00040 0.01664 -0.01100 0.00244 -0.01112 0.03624 -0.02912 0.00908 0.00260
382.5  0.02752 -0.00036 0.01416 -0.01188 0.00356 -0.01816 0.03272 -0.02780 0.01124 0.00172
383.0  0.02272 -0.00028 0.01136 -0.01252 0.00488 -0.02496 0.02692 -0.02604 0.01424 0.00148
383.5  0.01780 -0.00020 0.00840 -0.01292 0.00624 -0.02976 0.01976 -0.02376 0.01780 0.00224
384.0  0.01284 -0.00012 0.00528 -0.01296 0.00764 -0.03228 0.01076 -0.02176 0.02136 0.00380
384.5  0.00788 -0.00008 0.00204 -0.01272 0.00908 -0.03344 -0.00412 -0.01684 0.02448 0.00616
385.0  0.00292 -0.00004 -0.00120 -0.01224 0.01020 -0.03388 -0.00260 -0.00572 0.02772 0.00892
385.5  -0.00200 0.00004 -0.00444 0.01208 -0.01080 -0.03128 0.01112 -0.02500 0.01332 0.01188
386.0  -0.00692 0.00012 -0.00760 0.01332 -0.00944 -0.01984 0.02552 -0.02728 0.00860 0.01492
386.5  -0.01180 0.00020 -0.01068 0.01460 -0.00772 -0.01352 0.02860 -0.02816 0.00672 0.01772
387.0  -0.01676 0.00028 -0.01368 0.01576 -0.00564 -0.01032 0.02960 -0.02864 0.00692 0.02024
387.5  -0.02172 0.00040 -0.01652 0.01676 -0.00332 -0.00836 0.03032 -0.02888 0.00968 0.02180
388.0  -0.02672 0.00048 -0.01928 0.01760 -0.00096 -0.00708 0.03100 -0.02896 0.01328 0.02264
388.5  -0.03180 0.00048 -0.02188 0.01828 0.00184 -0.00640 0.03168 -0.02912 0.01480 0.02428
389.0  -0.03680 0.00044 -0.02432 0.01872 0.00448 -0.00624 0.03252 -0.02912 0.01416 0.02700
389.5  -0.04180 0.00040 -0.02676 0.01904 0.00704 -0.00668 0.03388 -0.02832 0.01284 0.02968
390.0  -0.04664 0.00024 -0.02904 0.01908 0.00924 -0.00776 0.03836 -0.02256 0.01224 0.03184
390.5  -0.05124 0.00012 -0.03124 0.01916 0.01104 -0.00916 0.04292 0.01188 0.01244 0.03352
391.0  -0.05560 -0.00004 -0.03332 0.01920 0.01228 0.01028 0.03832 0.02260 0.01304 0.03512
391.5  -0.05960 -0.00016 -0.03532 0.01940 0.01256 0.01040 0.03696 0.02508 0.01328 0.03664
392.0  -0.06320 -0.00024 -0.03724 0.02008 0.01148 0.00880 0.03652 0.02680 0.01260 0.03840
392.5  -0.06636 -0.00028 -0.03904 0.02132 0.00816 0.00440 0.03660 0.02868 0.01040 0.04024
393.0  -0.06900 -0.00028 -0.04064 0.02188 0.00272 -0.00280 0.03608 0.03044 0.00668 0.04124
393.5  -0.07120 -0.00024 -0.04200 0.02088 -0.00136 -0.00948 0.03420 0.03152 0.00264 0.03960
394.0  -0.07288 -0.00020 -0.04312 0.01924 -0.00300 -0.01276 0.03236 0.03200 -0.00052 0.03552
394.5  -0.07408 0.00016 -0.04396 0.01756 -0.00328 -0.01340 0.03136 0.03212 -0.00240 0.03084
395.0  -0.07488 0.00012 -0.04448 0.01584 -0.00284 -0.01248 0.03124 0.03192 -0.00324 0.02644
395.5  -0.07532 0.00012 -0.04460 0.01424 -0.00204 -0.01048 0.03196 0.03124 -0.00340 0.02216
396.0  -0.07540 0.00012 -0.04436 0.01276 -0.00116 -0.00772 0.03352 0.02972 -0.00312 0.01796
396.5  -0.07520 0.00016 -0.04376 0.01140 -0.00000 -0.00464 0.03548 0.02740 -0.00264 0.01368
397.0  -0.07480 0.00016 -0.04276 0.01028 0.00120 -0.00152 0.03704 0.02492 -0.00216 0.00940
397.5  -0.07416 0.00016 -0.04144 0.00944 0.00256 0.00124 0.03792 0.02292 -0.00172 0.00500
398.0  -0.07332 0.00016 -0.03960 0.00896 0.00404 0.00360 0.03820 0.02160 -0.00136 0.00056
398.5  -0.07224 0.00008 -0.03740 0.00888 0.00532 0.00552 0.03824 0.02072 -0.00096 -0.00392
399.0  -0.07092 -0.00004 -0.03484 0.00976 0.00620 0.00700 0.03812 0.02000 -0.00052 -0.00848
399.5  -0.06928 -0.00020 -0.03192 0.01176 0.00556 0.00808 0.03804 0.01940 -0.00004 -0.01296
400.0  -0.06736 -0.00028 -0.02860 0.01424 0.00364 0.00900 0.03816 0.01876 0.00060 -0.01748
400.5  -0.06504 -0.00036 -0.02496 0.01628 0.00228 0.00984 0.03804 0.01796 0.00140 -0.02188
401.0  -0.06236 -0.00040 -0.02100 0.01800 0.00160 0.01100 0.03808 0.01704 0.00240 -0.02636
401.5  -0.05932 -0.00040 -0.01680 0.01932 0.00116 0.01284 0.03780 0.01608 0.00376 -0.03056
402.0  -0.05588 -0.00032 -0.01244 0.02036 0.00064 0.01520 0.03692 0.01564 0.00544 -0.03448
402.5  -0.05208 -0.00024 -0.00792 0.02092 -0.00028 0.01616 0.03600 0.01608 0.00744 -0.03748
403.0  -0.04800 -0.00016 -0.00332 0.02100 -0.00160 0.01556 0.03520 0.01768 0.00912 -0.03912
403.5  -0.04360 -0.00004 0.00116 0.02040 -0.00384 0.01436 0.03428 0.02008 0.01016 -0.03912
404.0  -0.03900 0.00008 0.00556 0.01888 -0.00664 0.01300 0.03344 0.02228 0.01080 -0.03760
404.5  -0.03420 0.00020 0.00980 0.01680 -0.00888 0.01172 0.03292 0.02384 0.01140 -0.03496
405.0  -0.02924 0.00032 0.01376 0.01488 -0.00952 0.01052 0.03280 0.02492 0.01228 -0.03156
405.5  -0.02416 0.00048 0.01752 0.01376 -0.00884 0.00944 0.03288 0.02560 0.01376 -0.02744
406.0  -0.01896 0.00068 0.02100 0.01312 -0.00720 0.00848 0.03316 0.02608 0.01700 -0.02164
406.5  -0.01364 0.00088 0.02420 0.01320 -0.00500 0.00768 0.03360 0.02656 0.02372 -0.00512
407.0  -0.00824 0.00104 0.02716 0.01332 -0.00232 0.00704 0.03400 0.02704 0.01992 0.00704
407.5  -0.00280 0.00120 0.02992 0.01380 0.00060 0.00640 0.03436 0.02768 0.01520 0.00988
408.0  0.00268 0.00128 0.03244 0.01444 0.00348 0.00564 0.03464 0.02840 0.01100 0.01060
408.5  0.00816 0.00132 0.03476 0.01516 0.00644 0.00468 0.03484 0.02916 0.01100 0.00672
409.0  0.01356 0.00128 0.03688 0.01600 0.00896 0.00356 0.03500 0.02984 0.01144 0.00192
409.5  0.01884 0.00108 0.03880 0.01688 0.01112 0.00252 0.03516 0.03028 0.01056 0.00624
410.0  0.02396 0.00084 0.04052 0.01796 0.01276 0.00176 0.03548 0.03044 0.00968 0.01128
410.5  0.02884 0.00052 0.04204 0.01912 0.01368 0.00152 0.03604 0.03020 0.00876 0.01644
411.0  0.03348 0.00020 0.04336 0.02056 0.01364 0.00192 0.03648 0.03020 0.00744 0.02140
411.5  0.03784 -0.00008 0.04444 0.02264 0.01144 0.00192 0.03632 0.03092 0.00528 0.02548
412.0  0.04192 -0.00040 0.04524 0.02548 0.00252 -0.00016 0.03616 0.03172 0.00260 0.02816
412.5  0.04568 -0.00068 0.04580 0.02380 -0.00872 0.00268 0.03636 0.03172 0.00008 0.02904
413.0  0.04920 -0.00088 0.04612 0.02144 -0.01192 0.00504 0.03676 0.03116 -0.00188 0.02844
413.5  0.05240 -0.00104 0.04612 0.01980 -0.01220 0.00696 0.03724 0.03048 -0.00340 0.02692
414.0  0.05536 -0.00116 0.04588 0.01828 -0.01124 0.00824 0.03776 0.02960 -0.00448 0.02468
414.5  0.05808 -0.00124 0.04532 0.01676 -0.00960 0.00896 0.03836 0.02872 -0.00508 0.02212
415.0  0.06060 -0.00128 0.04444 0.01524 -0.00764 0.00896 0.03904 0.02772 -0.00496 0.01948
415.5  0.06288 -0.00132 0.04328 0.01376 -0.00560 0.00820 0.03988 0.02660 -0.00396 0.01684
416.0  0.06496 -0.00132 0.04176 0.01232 -0.00352 0.00656 0.04076 0.02540 -0.00188 0.01424
416.5  0.06680 -0.00128 0.03988 0.01108 -0.00156 0.00420 0.04132 0.02456 0.00072 0.01144
417.0  0.06836 -0.00116 0.03764 0.01008 0.00020 0.00132 0.04116 0.02476 0.00316 0.00820
417.5  0.06964 -0.00100 0.03508 0.00952 0.00160 -0.00164 0.04012 0.02616 0.00492 0.00468
418.0  0.07056 -0.00080 0.03212 0.00976 0.00168 -0.00428 0.03868 0.02796 0.00576 0.00104
418.5  0.07104 -0.00056 0.02884 0.01068 -0.00064 -0.00636 0.03736 0.02964 0.00568 -0.00272
419.0  0.07108 -0.00032 0.02528 0.01164 -0.00188 -0.00780 0.03640 0.03092 0.00484 -0.00652
419.5  0.07068 -0.00008 0.02148 0.01288 -0.00180 -0.00852 0.03584 0.03200 0.00356 -0.01036
420.0  0.06972 0.00016 0.01744 0.01412 -0.00128 -0.00852 0.03568 0.03272 0.00188 -0.01424
420.5  0.06828 0.00028 0.01324 0.01520 -0.00048 -0.00768 0.03588 0.03316 0.00008 -0.01796
421.0  0.06636 0.00036 0.00900 0.01596 0.00036 -0.00572 0.03632 0.03328 -0.00172 -0.02096
421.5  0.06404 0.00036 0.00476 0.01644 0.00108 -0.00252 0.03696 0.03308 -0.00336 -0.02232
422.0  0.06128 -0.00028 0.00060 0.01664 0.00132 0.00148 0.03744 0.03256 -0.00464 -0.02172
422.5  0.05824 -0.00020 -0.00336 0.01660 0.00072 0.00492 0.03776 0.03172 -0.00548 -0.02004
423.0  0.05496 -0.00008 -0.00712 0.01636 -0.00092 0.00684 0.03828 0.03064 -0.00572 -0.01804
423.5  0.05144 0.00004 -0.01060 0.01584 -0.00244 0.00732 0.03912 0.02944 -0.00524 -0.01608
424.0  0.04788 0.00016 -0.01376 0.01556 -0.00252 0.00692 0.04000 0.02832 -0.00420 -0.01432
424.5  0.04424 0.00028 -0.01660 0.01560 -0.00136 0.00620 0.04060 0.02756 -0.00276 -0.01280
425.0  0.04056 0.00036 -0.01916 0.01576 0.00052 0.00536 0.04080 0.02716 -0.00100 -0.01144
425.5  0.03696 0.00044 -0.02140 0.01628 0.00268 0.00456 0.04056 0.02712 0.00076 -0.01032
426.0  0.03332 0.00056 -0.02336 0.01668 0.00484 0.00384 0.04008 0.02724 0.00252 -0.00928
426.5  0.02968 0.00064 -0.02504 0.01708 0.00684 0.00332 0.03940 0.02748 0.00412 -0.00820
427.0  0.02600 0.00072 -0.02644 0.01748 0.00844 0.00308 0.03876 0.02768 0.00552 -0.00700
427.5  0.02224 0.00076 -0.02764 0.01792 0.00968 0.00312 0.03812 0.02780 0.00668 -0.00568
428.0  0.01836 0.00076 -0.02864 0.01836 0.01048 0.00324 0.03768 0.02788 0.00756 -0.00408
428.5  0.01436 0.00072 -0.02944 0.01892 0.01088 0.00300 0.03756 0.02760 0.00832 -0.00240
429.0  0.01016 0.00060 -0.03008 0.01956 0.01076 0.00168 0.03816 0.02644 0.00904 -0.00036
429.5  0.00588 0.00048 -0.03056 0.02040 0.00992 -0.00196 0.03952 0.02384 0.01000 0.00180
430.0  0.00152 0.00028 -0.03088 0.02156 0.00768 -0.00860 0.03772 0.02472 0.01100 0.00408
430.5  -0.00288 0.00012 -0.03108 0.02272 0.00300 -0.01456 0.03116 0.03036 0.01080 0.00628
431.0  -0.00724 -0.00004 -0.03112 0.02252 -0.00332 -0.01640 0.02788 0.03304 0.00896 0.00796
431.5  -0.01160 -0.00020 -0.03104 0.02124 -0.00720 -0.01464 0.02868 0.03360 0.00652 0.00872
432.0  -0.01592 -0.00028 -0.03080 0.02016 -0.00852 -0.01104 0.03068 0.03340 0.00444 0.00820
432.5  -0.02012 -0.00032 -0.03040 0.01940 -0.00832 -0.00712 0.03228 0.03296 0.00272 0.00664
433.0  -0.02420 0.00032 -0.02984 0.01876 -0.00716 -0.00344 0.03332 0.03240 0.00132 0.00456
433.5  -0.02824 0.00028 -0.02912 0.01812 -0.00532 -0.00024 0.03376 0.03188 0.00076 0.00216
434.0  -0.03216 0.00020 -0.02820 0.01736 -0.00300 0.00252 0.03376 0.03148 0.00152 0.00016
434.5  -0.03600 0.00008 -0.02712 0.01640 -0.00060 0.00476 0.03328 0.03120 0.00264 -0.00140
435.0  -0.03976 0.00000 -0.02576 0.01544 0.00148 0.00668 0.03244 0.03112 0.00312 -0.00268
435.5  -0.04352 -0.00008 -0.02428 0.01452 0.00300 0.00832 0.03128 0.03120 0.00284 -0.00388
436.0  -0.04724 -0.00012 -0.02240 0.01408 0.00356 0.00980 0.02984 0.03140 0.00124 -0.00512
436.5  -0.05092 -0.00016 -0.02036 0.01412 0.00300 0.01112 0.02824 0.03156 -0.00124 -0.00644
437.0  -0.05456 -0.00016 -0.01808 0.01452 0.00184 0.01232 0.02660 0.03148 -0.00464 -0.00760
437.5  -0.05812 -0.00016 -0.01552 0.01484 0.00128 0.01328 0.02508 0.03100 -0.00892 -0.00792
438.0  -0.06148 -0.00012 -0.01276 0.01524 0.00148 0.01400 0.02392 0.03016 -0.01388 -0.00644
438.5  -0.06460 -0.00008 -0.00988 0.01544 0.00224 0.01456 0.02336 0.02876 -0.01848 -0.00300
439.0  -0.06740 -0.00004 -0.00684 0.01552 0.00336 0.01500 0.02376 0.02680 -0.02188 0.00128
439.5  -0.06968 -0.00004 -0.00384 0.01536 0.00456 0.01528 0.02584 0.02368 -0.02400 0.00568
440.0  -0.07148 0.00004 -0.00084 0.01484 0.00596 0.01560 0.03400 -0.00828 -0.02472 0.00992
440.5  -0.07268 0.00012 0.00200 0.01400 0.00748 0.01572 0.02708 -0.02352 -0.02400 0.01404
441.0  -0.07328 0.00020 0.00464 0.01276 0.00900 0.01536 0.02668 -0.02660 -0.02188 0.01776
441.5  -0.07328 0.00024 0.00700 0.01116 0.01060 0.01404 0.02808 -0.02884 -0.01828 0.02108
442.0  -0.07276 0.00032 0.00908 0.00900 0.01224 0.01132 0.03052 -0.03044 -0.01308 0.02396
442.5  -0.07176 0.00036 0.01080 0.00368 0.01472 0.00812 0.03300 -0.03100 -0.00700 0.02636
443.0  -0.07032 0.00036 0.01220 -0.01336 0.00752 0.00556 0.03516 -0.03008 -0.00148 0.02828
443.5  -0.06852 0.00036 0.01320 -0.01504 0.00428 0.00408 0.03708 -0.02800 0.00260 0.02996
444.0  -0.06636 0.00032 0.01388 -0.01612 0.00160 0.00352 0.03908 -0.02488 0.00540 0.03136
444.5  -0.06400 0.00028 0.01436 -0.01676 -0.00092 0.00364 0.04128 -0.02036 0.00728 0.03276
445.0  -0.06144 0.00028 0.01444 -0.01740 -0.00328 0.00424 0.04344 -0.01388 0.00840 0.03416
445.5  -0.05872 0.00028 0.01428 -0.01764 -0.00536 0.00512 0.04472 -0.00556 0.00860 0.03564
446.0  -0.05584 0.00032 0.01396 -0.01780 -0.00720 0.00628 0.04432 0.00260 0.00796 0.03724
446.5  -0.05284 0.00032 0.01344 -0.01776 -0.00864 0.00772 0.04280 0.00860 0.00652 0.03880
447.0  -0.04972 0.00036 0.01284 -0.01760 -0.00968 0.00952 0.04100 0.01232 0.00468 0.03996
447.5  -0.04640 0.00032 0.01208 -0.01748 -0.01028 0.01180 0.03920 0.01420 0.00268 0.04072
448.0  -0.04288 0.00028 0.01116 -0.01744 -0.01036 0.01480 0.03752 0.01464 0.00056 0.04060
448.5  -0.03912 0.00024 0.01016 -0.01752 -0.00984 0.01872 0.03588 0.01316 -0.00176 0.03928
449.0  -0.03512 0.00016 0.00908 -0.01792 -0.00828 0.02372 0.03436 0.00608 -0.00440 0.03560
449.5  -0.03084 0.00004 0.00804 -0.01880 -0.00464 0.02904 0.02776 -0.01148 -0.00752 0.02856
450.0  -0.02632 -0.00004 0.00680 -0.01884 0.00112 0.03364 0.01736 -0.01740 -0.00880 0.01948
450.5  -0.02160 -0.00012 0.00556 -0.01772 0.00476 0.03636 0.00172 -0.02208 -0.00560 0.01084
451.0  -0.01672 -0.00020 0.00428 -0.01684 0.00580 0.03040 -0.01808 -0.02424 -0.00664 0.00344
451.5  -0.01176 -0.00028 0.00304 -0.01636 0.00560 0.02228 -0.02932 -0.02300 -0.00600 -0.00296
452.0  -0.00672 -0.00032 0.00168 -0.01612 0.00472 0.01708 -0.03904 -0.01132 -0.00528 -0.00864
452.5  -0.00172 -0.00028 0.00032 -0.01604 0.00344 0.01356 -0.04212 0.00644 -0.00460 -0.01372
453.0  0.00324 -0.00028 -0.00104 -0.01612 0.00176 0.01100 -0.04184 0.01340 -0.00388 -0.01836
453.5  0.00812 -0.00020 -0.00244 -0.01624 -0.00016 0.00904 -0.04220 0.01560 -0.00308 -0.02252
454.0  0.01288 -0.00016 -0.00388 -0.01636 -0.00216 0.00764 -0.04288 0.01564 -0.00236 -0.02636
454.5  0.01756 -0.00004 -0.00536 -0.01644 -0.00408 0.00672 -0.04400 0.01384 -0.00180 -0.02980
455.0  0.02212 0.00004 -0.00684 -0.01648 -0.00560 0.00632 -0.04532 0.00980 -0.00144 -0.03288
455.5  0.02656 0.00012 -0.00840 -0.01664 -0.00620 0.00668 -0.04648 0.00276 -0.00140 -0.03552
456.0  0.03084 0.00020 -0.00992 -0.01728 -0.00460 0.00836 -0.04604 -0.00596 -0.00192 -0.03760
456.5  0.03504 0.00028 -0.01148 -0.01752 0.00308 0.01232 -0.04360 -0.01312 -0.00328 -0.03908
457.0  0.03912 0.00032 -0.01296 -0.01520 0.00844 0.01888 -0.03960 -0.01700 -0.00592 -0.03972
457.5  0.04300 0.00040 -0.01452 -0.01388 0.00920 0.02456 -0.03692 -0.01436 -0.00908 -0.03948
458.0  0.04676 0.00036 -0.01588 -0.01312 0.00872 0.02648 -0.02752 -0.02612 -0.01116 -0.03828
458.5  0.05028 0.00036 -0.01728 -0.01232 0.00768 0.02540 -0.02816 -0.02636 -0.01172 -0.03576
459.0  0.05352 0.00028 -0.01840 -0.01152 0.00636 0.02252 -0.03080 -0.02632 -0.01140 -0.03188
459.5  0.05648 0.00016 -0.01940 -0.01076 0.00484 0.01856 -0.03344 -0.02660 -0.01060 -0.02664
460.0  0.05912 -0.00000 -0.02012 -0.01004 0.00312 0.01420 -0.03552 -0.02700 -0.00964 -0.02048
460.5  0.06144 -0.00016 -0.02056 -0.00956 0.00144 0.00988 -0.03688 -0.02736 -0.00864 -0.01380
461.0  0.06340 -0.00040 -0.02068 -0.00940 -0.00008 0.00588 -0.03756 -0.02784 -0.00748 -0.00728
461.5  0.06504 0.00056 -0.02048 -0.00984 -0.00128 0.00232 -0.03768 -0.02824 -0.00572 -0.00116
462.0  0.06636 0.00068 -0.01996 -0.01088 -0.00224 -0.00060 -0.03744 -0.02856 -0.00220 0.00380
462.5  0.06740 0.00080 -0.01904 -0.01236 -0.00316 -0.00292 -0.03696 -0.02872 0.00260 0.00616
463.0  0.06816 0.00084 -0.01784 -0.01400 -0.00420 -0.00456 -0.03648 -0.02888 0.00688 0.00704
463.5  0.06860 0.00088 -0.01624 -0.01568 -0.00536 -0.00548 -0.03596 -0.02896 0.01032 0.00784
464.0  0.06872 0.00084 -0.01436 -0.01728 -0.00652 -0.00588 -0.03560 -0.02884 0.01280 0.00916
464.5  0.06852 0.00080 -0.01220 -0.01864 -0.00764 -0.00588 -0.03532 -0.02864 0.01384 0.01196
465.0  0.06800 0.00072 -0.00980 -0.01976 -0.00868 -0.00560 -0.03520 -0.02832 0.01104 0.01728
465.5  0.06712 0.00064 -0.00716 -0.02056 -0.00960 -0.00544 -0.03512 -0.02792 0.00576 0.02168
466.0  0.06588 0.00056 -0.00436 -0.02100 -0.01048 -0.00552 -0.03524 -0.02732 0.00328 0.02372
466.5  0.06428 0.00044 -0.00144 -0.02112 -0.01104 -0.00608 -0.03540 -0.02648 0.00264 0.02488
467.0  0.06228 0.00032 0.00156 -0.02092 -0.01136 -0.00736 -0.03588 -0.02532 0.00284 0.02524
467.5  0.05992 0.00016 0.00456 -0.02052 -0.01144 -0.00944 -0.03668 -0.02320 0.00344 0.02428
468.0  0.05712 0.00000 0.00752 -0.02016 -0.01080 -0.01236 -0.03836 -0.01864 0.00420 0.02132
468.5  0.05396 -0.00016 0.01048 -0.02064 -0.00788 -0.01584 -0.04136 -0.00460 0.00464 0.01608
469.0  0.05048 -0.00032 0.01332 -0.02124 0.00096 -0.01876 -0.03724 0.01696 0.00272 0.01024
469.5  0.04660 -0.00044 0.01604 -0.01956 0.00576 -0.00852 -0.03812 0.02292 -0.00396 0.00476
470.0  0.04252 -0.00048 0.01860 -0.01884 0.00552 0.01804 -0.03616 0.02008 -0.00864 -0.00008
470.5  0.03820 -0.00048 0.02104 -0.01876 0.00392 0.01668 -0.04228 -0.00236 -0.00968 -0.00448
471.0  0.03380 -0.00044 0.02332 -0.01876 0.00180 0.01476 -0.03840 -0.02100 -0.00936 -0.00860
471.5  0.02936 -0.00032 0.02548 -0.01888 -0.00056 0.01324 -0.03688 -0.02592 -0.00832 -0.01244
472.0  0.02492 -0.00016 0.02752 -0.01892 -0.00296 0.01204 -0.03656 -0.02836 -0.00648 -0.01604
472.5  0.02056 0.00000 0.02940 -0.01892 -0.00536 0.01100 -0.03656 -0.03000 -0.00388 -0.01920
473.0  0.01628 0.00016 0.03120 -0.01896 -0.00764 0.01000 -0.03664 -0.03128 -0.00088 -0.02176
473.5  0.01204 0.00032 0.03288 -0.01904 -0.00952 0.00908 -0.03668 -0.03224 0.00164 -0.02364
474.0  0.00788 0.00040 0.03444 -0.01924 -0.01096 0.00832 -0.03660 -0.03296 0.00296 -0.02536
474.5  0.00376 0.00044 0.03584 -0.01964 -0.01168 0.00772 -0.03640 -0.03340 0.00332 -0.02704
475.0  -0.00036 0.00052 0.03712 -0.02024 -0.01144 0.00744 -0.03616 -0.03356 0.00320 -0.02876
475.5  -0.00452 0.00056 0.03824 -0.02100 -0.00996 0.00748 -0.03584 -0.03360 0.00296 -0.03036
476.0  -0.00868 0.00064 0.03916 -0.02156 -0.00720 0.00772 -0.03552 -0.03340 0.00272 -0.03176
476.5  -0.01288 0.00072 0.03988 -0.02148 -0.00392 0.00804 -0.03532 -0.03304 0.00260 -0.03288
477.0  -0.01708 0.00076 0.04028 -0.02052 -0.00144 0.00796 -0.03540 -0.03244 0.00272 -0.03344
477.5  -0.02132 0.00080 0.04040 -0.01888 0.00000 0.00632 -0.03604 -0.03152 0.00292 -0.03308
478.0  -0.02552 0.00084 0.04016 -0.01708 0.00068 0.00268 -0.03724 -0.03004 0.00304 -0.03148
478.5  -0.02968 0.00080 0.03952 -0.01524 0.00108 -0.00036 -0.03840 -0.02808 0.00284 -0.02892
479.0  -0.03368 0.00068 0.03844 -0.01356 0.00168 -0.00116 -0.03928 -0.02616 0.00196 -0.02592
479.5  -0.03748 0.00048 0.03700 -0.01216 0.00248 -0.00080 -0.03972 -0.02480 0.00068 -0.02384
480.0  -0.04108 0.00028 0.03512 -0.01128 0.00300 -0.00028 -0.03964 -0.02412 -0.00068 -0.02240
480.5  -0.04444 0.00004 0.03296 -0.01120 0.00276 0.00020 -0.03932 -0.02388 -0.00196 -0.02144
481.0  -0.04752 -0.00020 0.03044 -0.01172 0.00208 0.00048 -0.03880 -0.02380 -0.00296 -0.02072
481.5  -0.05040 -0.00040 0.02764 -0.01256 0.00124 0.00080 -0.03828 -0.02392 -0.00392 -0.02004
482.0  -0.05312 -0.00052 0.02464 -0.01364 0.00036 0.00120 -0.03780 -0.02396 -0.00524 -0.01920
482.5  -0.05564 -0.00060 0.02140 -0.01476 -0.00036 0.00180 -0.03748 -0.02380 -0.00720 -0.01796
483.0  -0.05808 -0.00064 0.01804 -0.01588 -0.00088 0.00300 -0.03736 -0.02328 -0.00940 -0.01636
483.5  -0.06036 -0.00060 0.01440 -0.01704 -0.00120 0.00480 -0.03752 -0.02204 -0.01104 -0.01488
484.0  -0.06248 -0.00056 0.01068 -0.01808 -0.00136 0.00748 -0.03700 -0.02136 -0.01240 -0.01352
484.5  -0.06436 -0.00052 0.00684 -0.01916 -0.00144 0.01080 -0.03380 -0.02416 -0.01380 -0.01224
485.0  -0.06600 -0.00052 0.00296 -0.02000 -0.00136 0.01388 -0.02984 -0.02668 -0.01516 -0.01104
485.5  -0.06728 -0.00052 -0.00104 -0.02072 -0.00120 0.01612 -0.02792 -0.02672 -0.01620 -0.00988
486.0  -0.06816 -0.00052 -0.00496 -0.02116 -0.00084 0.01696 -0.02760 -0.02612 -0.01668 -0.00912
486.5  -0.06860 -0.00044 -0.00896 -0.02132 -0.00008 0.01632 -0.02828 -0.02588 -0.01648 -0.00868
487.0  -0.06856 -0.00036 -0.01288 -0.02116 0.00128 0.01416 -0.02956 -0.02620 -0.01568 -0.00908
487.5  -0.06800 -0.00024 -0.01660 -0.02052 0.00352 0.00988 -0.03132 -0.02720 -0.01404 -0.01040
488.0  -0.06692 -0.00008 -0.02024 -0.01948 0.00584 0.00372 -0.03244 -0.02860 -0.01196 -0.01372
488.5  -0.06528 0.00008 -0.02384 -0.01856 0.00696 -0.00248 -0.03224 -0.03020 -0.00992 -0.01976
489.0  -0.06312 0.00028 -0.02700 -0.01820 0.00660 -0.00696 -0.03108 -0.03176 -0.00868 -0.01852
489.5  -0.06048 0.00048 -0.02992 -0.01844 0.00536 -0.00964 -0.02976 -0.03316 -0.00844 -0.01760
490.0  -0.05736 0.00060 -0.03280 -0.01900 0.00376 -0.01096 -0.02852 -0.03432 -0.00848 -0.01732
490.5  -0.05392 0.00068 -0.03528 -0.01968 0.00196 -0.01140 -0.02764 -0.03520 -0.00820 -0.01764
491.0  -0.05024 0.00076 -0.03760 -0.02052 0.00040 -0.01136 -0.02712 -0.03592 -0.00764 -0.01832
491.5  -0.04648 0.00072 -0.03960 -0.02132 -0.00088 -0.01104 -0.02696 -0.03628 -0.00684 -0.01904
492.0  -0.04268 0.00068 -0.04140 -0.02208 -0.00148 -0.01080 -0.02708 -0.03644 -0.00576 -0.01972
492.5  -0.03900 0.00064 -0.04312 -0.02272 -0.00112 -0.01072 -0.02752 -0.03628 -0.00428 -0.02028
493.0  -0.03548 0.00056 -0.04456 -0.02312 0.00028 -0.01100 -0.02808 -0.03592 -0.00228 -0.02072
493.5  -0.03216 0.00052 -0.04580 -0.02296 0.00244 -0.01160 -0.02864 -0.03528 0.00052 -0.02088
494.0  -0.02900 0.00052 -0.04684 -0.02228 0.00428 -0.01268 -0.02920 -0.03444 0.00436 -0.02040
494.5  -0.02596 0.00048 -0.04760 -0.02120 0.00520 -0.01420 -0.02956 -0.03328 0.00936 -0.01872
495.0  -0.02296 0.00040 -0.04808 -0.02000 0.00504 -0.01616 -0.02968 -0.03196 0.01492 -0.01484
495.5  -0.01988 0.00032 -0.04840 -0.01860 0.00400 -0.01836 -0.02940 -0.03044 0.01912 -0.00944
496.0  -0.01672 0.00020 -0.04832 -0.01708 0.00248 -0.02100 -0.02860 -0.02872 0.02144 -0.00400
496.5  -0.01336 0.00008 -0.04792 -0.01544 0.00060 -0.02400 -0.02696 -0.02684 0.02264 0.00092
497.0  -0.00980 -0.00008 -0.04712 -0.01376 -0.00148 -0.02732 -0.02424 -0.02488 0.02332 0.00572
497.5  -0.00600 -0.00024 -0.04592 -0.01216 -0.00356 -0.03060 -0.01976 -0.02364 0.02356 0.01064
498.0  -0.00192 -0.00036 -0.04432 -0.01072 -0.00532 -0.03324 -0.00224 -0.02712 0.02304 0.01572
498.5  0.00232 -0.00040 -0.04232 -0.01016 -0.00684 -0.03460 0.01400 -0.02312 0.01952 0.02056
499.0  0.00676 -0.00036 -0.03988 -0.01192 -0.00528 -0.02108 0.03296 -0.02568 0.00764 0.02456
499.5  0.01132 -0.00028 -0.03712 -0.01428 -0.00024 -0.00164 0.04132 -0.02196 -0.00168 0.02732
500.0  0.01588 -0.00008 -0.03404 -0.01564 0.00080 -0.00004 0.04504 -0.01056 -0.00084 0.02864
500.5  0.02048 0.00012 -0.03064 -0.01708 0.00068 0.00016 0.04460 0.01056 -0.00076 0.02872
501.0  0.02496 0.00036 -0.02700 -0.01840 0.00040 0.00020 0.04008 0.02148 -0.00064 0.02776
501.5  0.02936 0.00056 -0.02320 -0.01956 0.00004 0.00028 0.03748 0.02528 -0.00040 0.02604
502.0  0.03356 0.00068 -0.01920 -0.02048 -0.00032 0.00032 0.03620 0.02704 -0.00028 0.02380
502.5  0.03760 0.00076 -0.01512 -0.02120 -0.00084 0.00024 0.03552 0.02792 -0.00056 0.02108
503.0  0.04144 0.00076 -0.01100 -0.02160 -0.00156 0.00004 0.03528 0.02852 -0.00124 0.01784
503.5  0.04508 0.00068 -0.00688 -0.02168 -0.00240 -0.00040 0.03536 0.02888 -0.00212 0.01420
504.0  0.04856 0.00064 -0.00268 -0.02140 -0.00324 -0.00108 0.03572 0.02904 -0.00288 0.01004
504.5  0.05184 0.00052 0.00140 -0.02088 -0.00396 -0.00204 0.03640 0.02884 -0.00352 0.00528
505.0  0.05488 0.00044 0.00536 -0.02008 -0.00440 -0.00324 0.03768 0.02796 -0.00404 0.00016
