0.0  1.27219979
0.5  1.24441855
1.0  1.22093436
1.5  1.20915384
2.0  1.21093577
2.5  1.22708899
3.0  1.25163932
3.5  1.27685821
4.0  1.29363737
4.5  1.29573559
5.0  1.28251085
5.5  1.25933257
6.0  1.23511511
6.5  1.21969642
7.0  1.21890159
7.5  1.23279933
8.0  1.25629748
8.5  1.28236640
9.0  1.30351034
9.5  1.31428285
10.0  1.31359793
10.5  1.30419518
11.0  1.29081016
11.5  1.28059531
12.0  1.27919742
12.5  1.28983587
13.0  1.31225999
13.5  1.34062685
14.0  1.36800942
14.5  1.38532177
15.0  1.38922205
15.5  1.37821079
16.0  1.35940711
16.5  1.34122475
17.0  1.33183084
17.5  1.33608345
18.0  1.35138227
18.5  1.37299332
19.0  1.39230558
19.5  1.40267805
20.0  1.40104560
20.5  1.38793589
21.0  1.36746262
21.5  1.34267223
22.0  1.32160650
22.5  1.31126371
23.0  1.31425802
23.5  1.32635583
24.0  1.34191825
24.5  1.35453660
25.0  1.35532287
25.5  1.34112702
26.0  1.31319651
26.5  1.28031499
27.0  1.25057663
27.5  1.23621857
28.0  1.23851784
28.5  1.25601786
29.0  1.28099153
29.5  1.30534050
30.0  1.32069700
30.5  1.32336700
31.0  1.31399001
31.5  1.29671952
32.0  1.27823360
32.5  1.26512447
33.0  1.26311789
33.5  1.27441869
34.0  1.29643729
34.5  1.32382926
35.0  1.34657435
35.5  1.35813247
36.0  1.35274556
36.5  1.33464076
37.0  1.30756153
37.5  1.28371903
38.0  1.27463361
38.5  1.28064981
39.0  1.29879424
39.5  1.32399640
40.0  1.34643255
40.5  1.35691722
41.0  1.35266346
41.5  1.33471856
42.0  1.30874269
42.5  1.28178626
43.0  1.26197319
43.5  1.25499563
44.0  1.26561272
44.5  1.29170182
45.0  1.32571894
45.5  1.35793067
46.0  1.37965870
46.5  1.38445387
47.0  1.37325548
47.5  1.35469074
48.0  1.33816338
48.5  1.33349355
49.0  1.34297068
49.5  1.36449427
50.0  1.38950358
50.5  1.41031926
51.0  1.41629537
51.5  1.40570877
52.0  1.37904442
52.5  1.34267236
53.0  1.30380490
53.5  1.27205289
54.0  1.25406467
54.5  1.25132463
55.0  1.26234582
55.5  1.27950933
56.0  1.29414735
56.5  1.29584583
57.0  1.27966881
57.5  1.24842565
58.0  1.21325256
58.5  1.18619259
59.0  1.17712895
59.5  1.18909630
60.0  1.21890928
60.5  1.25709210
61.0  1.29273277
61.5  1.31764802
62.0  1.32779450
62.5  1.32430146
63.0  1.31204240
63.5  1.29867405
64.0  1.29441374
64.5  1.30261451
65.0  1.32521502
65.5  1.36071079
66.0  1.40092713
66.5  1.43439790
67.0  1.45122517
67.5  1.44697234
68.0  1.42262257
68.5  1.38845792
69.0  1.35655880
69.5  1.33583197
70.0  1.33153636
70.5  1.34202346
71.0  1.35818312
71.5  1.37172983
72.0  1.37534888
72.5  1.36595215
73.0  1.34545160
73.5  1.31845621
74.0  1.29436348
74.5  1.27896218
75.0  1.27800354
75.5  1.29313713
76.0  1.32022973
76.5  1.35418872
77.0  1.38472748
77.5  1.40137093
78.0  1.40133016
78.5  1.38505685
79.0  1.35988172
79.5  1.33477467
80.0  1.31913579
80.5  1.31579546
81.0  1.32027195
81.5  1.32744272
82.0  1.32880996
82.5  1.31897177
83.0  1.29588038
83.5  1.26209765
84.0  1.22395213
84.5  1.18934946
85.0  1.16414832
85.5  1.15401075
86.0  1.16182623
86.5  1.18306223
87.0  1.21308179
87.5  1.24251733
88.0  1.26420781
88.5  1.27431636
89.0  1.27552321
89.5  1.27319985
90.0  1.27726051
90.5  1.29491391
91.0  1.32540203
91.5  1.36451668
92.0  1.40527945
92.5  1.43840274
93.0  1.45904196
93.5  1.46298690
94.0  1.45294108
94.5  1.43394337
95.0  1.41198862
95.5  1.39207522
96.0  1.38032122
96.5  1.37625274
97.0  1.37854089
97.5  1.38181430
98.0  1.37946938
98.5  1.36566669
99.0  1.33814489
99.5  1.30092084
100.0  1.26196420
100.5  1.23171435
101.0  1.21569064
101.5  1.21481270
102.0  1.22789081
102.5  1.24561910
103.0  1.26180331
103.5  1.27053246
104.0  1.27161435
104.5  1.26760418
105.0  1.26127948
105.5  1.25955625
106.0  1.26776804
106.5  1.28788687
107.0  1.31794518
107.5  1.35570851
108.0  1.39316027
108.5  1.42205141
109.0  1.43455234
109.5  1.42977490
110.0  1.40998769
110.5  1.38360737
111.0  1.35911330
111.5  1.34264297
112.0  1.33557212
112.5  1.33409887
113.0  1.33244822
113.5  1.32484170
114.0  1.30859212
114.5  1.28446021
115.0  1.25544175
115.5  1.22719251
116.0  1.20579951
116.5  1.19671514
117.0  1.20108761
117.5  1.21779716
118.0  1.24394962
118.5  1.27408005
119.0  1.30155243
119.5  1.31865918
120.0  1.32579627
120.5  1.32691457
121.0  1.32773645
121.5  1.33430821
122.0  1.35190180
122.5  1.38004436
123.0  1.41168712
123.5  1.44026862
124.0  1.46132674
124.5  1.46817981
125.0  1.46084734
125.5  1.44384517
126.0  1.42045160
126.5  1.39835208
127.0  1.38161676
127.5  1.37103852
128.0  1.36575068
128.5  1.36350397
129.0  1.36037643
129.5  1.34785747
130.0  1.32385987
130.5  1.29040214
131.0  1.25315799
131.5  1.21971713
132.0  1.19766546
132.5  1.19076805
133.0  1.19900310
133.5  1.21684177
134.0  1.23581396
134.5  1.25210750
135.0  1.26063344
135.5  1.26261884
136.0  1.25971693
136.5  1.25698648
137.0  1.25907943
137.5  1.26864261
138.0  1.28711684
138.5  1.31295359
139.0  1.34154767
139.5  1.36766935
140.0  1.38410234
140.5  1.38797370
141.0  1.37646588
141.5  1.35579776
142.0  1.33554898
142.5  1.32465507
143.0  1.32784623
143.5  1.34317077
144.0  1.36729246
144.5  1.39264390
145.0  1.41244739
145.5  1.42125913
146.0  1.41714136
146.5  1.40366916
147.0  1.38576990
147.5  1.36875392
148.0  1.35727020
148.5  1.35724639
149.0  1.36637594
149.5  1.38230119
150.0  1.40122696
150.5  1.41569322
151.0  1.41980799
151.5  1.41266379
152.0  1.39756984
152.5  1.38076233
153.0  1.36857418
153.5  1.36585039
154.0  1.37056401
154.5  1.37940347
155.0  1.38512563
155.5  1.38257043
156.0  1.36702057
156.5  1.34053518
157.0  1.30596438
157.5  1.27142018
158.0  1.24361344
158.5  1.22474730
159.0  1.21799218
159.5  1.22583805
160.0  1.24449842
160.5  1.26524834
161.0  1.28367535
161.5  1.29644099
162.0  1.30323787
162.5  1.30705364
163.0  1.31230876
163.5  1.32810582
164.0  1.35470315
164.5  1.38851502
165.0  1.42218283
165.5  1.44980932
166.0  1.46553723
166.5  1.46196094
167.0  1.44568722
167.5  1.42138091
168.0  1.39447802
168.5  1.37015797
169.0  1.35466930
169.5  1.34895811
170.0  1.35073245
170.5  1.35655372
171.0  1.35946062
171.5  1.35587673
172.0  1.34438692
172.5  1.32646861
173.0  1.30833696
173.5  1.29649474
174.0  1.29591053
174.5  1.30685437
175.0  1.32737798
175.5  1.34990263
176.0  1.36817567
176.5  1.37710076
177.0  1.37752685
177.5  1.36848720
178.0  1.35756772
178.5  1.34739490
179.0  1.34604915
179.5  1.35756145
180.0  1.37945443
180.5  1.40529622
181.0  1.43050151
181.5  1.44566272
182.0  1.44623073
182.5  1.43145086
183.0  1.40280128
183.5  1.36949483
184.0  1.34170791
184.5  1.32267265
185.0  1.31500127
185.5  1.31667553
186.0  1.31930851
186.5  1.31623172
187.0  1.30499196
187.5  1.28359828
188.0  1.25623030
188.5  1.22889407
189.0  1.20707677
189.5  1.19774393
190.0  1.20687857
190.5  1.23132071
191.0  1.26912448
191.5  1.31190663
192.0  1.35110897
192.5  1.38102213
193.0  1.39674364
193.5  1.40727122
194.0  1.40901339
194.5  1.41717756
195.0  1.42980110
195.5  1.45314961
196.0  1.47794469
196.5  1.50161069
197.0  1.51589944
197.5  1.51233255
198.0  1.49658390
198.5  1.46558404
199.0  1.43342218
199.5  1.39580453
200.0  1.37264464
200.5  1.35489301
201.0  1.35398043
201.5  1.35873130
202.0  1.36842606
202.5  1.37636198
203.0  1.37351043
203.5  1.36583670
204.0  1.35031595
204.5  1.34205370
205.0  1.33639397
205.5  1.34518886
206.0  1.36928433
206.5  1.39760901
207.0  1.42630715
207.5  1.44605934
208.0  1.45292631
208.5  1.44815614
209.0  1.43014202
209.5  1.41245849
210.0  1.39098476
210.5  1.38007388
211.0  1.37610282
211.5  1.38683681
212.0  1.39847491
212.5  1.41141987
213.0  1.41101240
213.5  1.39548995
214.0  1.36655192
214.5  1.32966594
215.0  1.29522296
215.5  1.27058314
216.0  1.26596325
216.5  1.27708391
217.0  1.29856691
217.5  1.32518664
218.0  1.34700790
218.5  1.35975641
219.0  1.35790795
219.5  1.34969230
220.0  1.33850080
220.5  1.33423456
221.0  1.33841384
221.5  1.35509578
222.0  1.38616365
222.5  1.42348926
223.0  1.46128490
223.5  1.49193721
224.0  1.51020340
224.5  1.51009065
225.0  1.49448538
225.5  1.47481618
226.0  1.45677634
226.5  1.44652331
227.0  1.44589238
227.5  1.44912763
228.0  1.45109286
228.5  1.44298257
229.0  1.42393237
229.5  1.38918009
230.0  1.34988892
230.5  1.30876551
231.0  1.27113275
231.5  1.24598863
232.0  1.23553161
232.5  1.23961299
233.0  1.25502898
233.5  1.28021394
234.0  1.30489852
234.5  1.32259878
235.0  1.33309330
235.5  1.33585760
236.0  1.34069213
236.5  1.34937481
237.0  1.37337755
237.5  1.40133863
238.0  1.43837947
238.5  1.46974009
239.0  1.49237447
239.5  1.49756464
240.0  1.48677332
240.5  1.46387387
241.0  1.43504956
241.5  1.40988928
242.0  1.38692099
242.5  1.37479916
243.0  1.37170176
243.5  1.37755092
244.0  1.38242309
244.5  1.38415166
245.0  1.37999745
245.5  1.36618766
246.0  1.34974632
246.5  1.33222421
247.0  1.32331525
247.5  1.32854415
248.0  1.34321049
248.5  1.36846206
249.0  1.39432041
249.5  1.41773777
250.0  1.42398133
250.5  1.42327744
251.0  1.41145421
251.5  1.39905263
252.0  1.38842941
252.5  1.38638685
253.0  1.39509395
253.5  1.41233916
254.0  1.43668526
254.5  1.45457158
255.0  1.47208504
255.5  1.47477058
256.0  1.46749998
256.5  1.44655056
257.0  1.42782376
257.5  1.41511905
258.0  1.41037072
258.5  1.41697139
259.0  1.42729353
259.5  1.43115213
260.0  1.43156555
260.5  1.41293888
261.0  1.38720266
261.5  1.35155931
262.0  1.32194580
262.5  1.29024126
263.0  1.28085898
263.5  1.28191958
264.0  1.29725951
264.5  1.31862566
265.0  1.34047680
265.5  1.35983247
266.0  1.36223822
266.5  1.35948886
267.0  1.34342899
267.5  1.33672848
268.0  1.33209890
268.5  1.34592523
269.0  1.36430204
269.5  1.39327733
270.0  1.41219621
270.5  1.42574847
271.0  1.42806957
271.5  1.41647490
272.0  1.39734491
272.5  1.38044745
273.0  1.36494958
273.5  1.36281372
274.0  1.36689139
274.5  1.38805479
275.0  1.40424186
275.5  1.42963365
276.0  1.43960043
276.5  1.44699877
277.0  1.43938939
277.5  1.42662829
278.0  1.41890310
278.5  1.41068750
279.0  1.42354509
279.5  1.43215714
280.0  1.45617750
280.5  1.46767263
281.0  1.47705057
281.5  1.46798515
282.0  1.44974860
282.5  1.42386154
283.0  1.39738548
283.5  1.37343263
284.0  1.35781946
284.5  1.35031340
285.0  1.35180664
285.5  1.35439481
286.0  1.35813510
286.5  1.35403096
287.0  1.34877502
287.5  1.32978122
288.0  1.31993176
288.5  1.30928038
289.0  1.31158299
289.5  1.32006713
290.0  1.34094397
290.5  1.36465315
291.0  1.37841725
291.5  1.39257082
292.0  1.38790760
292.5  1.39081164
293.0  1.37566412
293.5  1.37587695
294.0  1.37315347
294.5  1.39056785
295.0  1.40537053
295.5  1.43115533
296.0  1.45453808
296.5  1.47360895
297.0  1.48502943
297.5  1.48519085
298.0  1.47592099
298.5  1.46722067
299.0  1.45855356
299.5  1.45859993
300.0  1.45863454
300.5  1.47278912
301.0  1.47262699
301.5  1.47374699
302.0  1.45480869
302.5  1.42990866
303.0  1.39590071
303.5  1.35844045
304.0  1.33214453
304.5  1.30598197
305.0  1.30526840
305.5  1.30081833
306.0  1.31907532
306.5  1.32498964
307.0  1.34353795
307.5  1.34888281
308.0  1.35574882
308.5  1.35649859
309.0  1.36143059
309.5  1.37537046
310.0  1.39136457
310.5  1.41519089
311.0  1.44407185
311.5  1.46836912
312.0  1.48352493
312.5  1.48053353
313.0  1.47377398
313.5  1.44776925
314.0  1.43101733
314.5  1.40769249
315.0  1.39678333
315.5  1.39109965
316.0  1.38894616
316.5  1.38874969
317.0  1.37903817
317.5  1.37448968
318.0  1.34484733
318.5  1.33083628
319.0  1.30147427
319.5  1.29500444
320.0  1.28251808
320.5  1.29770062
321.0  1.31623597
321.5  1.34432006
322.0  1.36640637
322.5  1.38418138
323.0  1.39026723
323.5  1.38980806
324.0  1.38053052
324.5  1.37614345
325.0  1.37883372
325.5  1.39723790
326.0  1.41297023
326.5  1.44816982
327.0  1.46621434
327.5  1.49238071
328.0  1.49356187
328.5  1.49458637
329.0  1.47978945
329.5  1.46739425
330.0  1.45758505
330.5  1.44712038
331.0  1.45624045
331.5  1.45783908
332.0  1.47329764
332.5  1.46942872
333.0  1.47116762
333.5  1.44787808
334.0  1.42716584
334.5  1.39579548
335.0  1.37238698
335.5  1.35728017
336.0  1.35600729
336.5  1.36507171
337.0  1.37840821
337.5  1.38939950
338.0  1.39737352
338.5  1.39186052
339.0  1.38647509
339.5  1.36659306
340.0  1.35827846
340.5  1.34734386
341.0  1.35683173
341.5  1.37354574
342.0  1.40366446
342.5  1.43109753
343.0  1.45408052
343.5  1.47195357
344.0  1.46260763
344.5  1.45206437
345.0  1.41902025
345.5  1.40007421
346.0  1.37123724
346.5  1.36577865
347.0  1.35863194
347.5  1.36741029
348.0  1.37063355
348.5  1.37343791
349.0  1.37016813
349.5  1.36294760
350.0  1.35042573
350.5  1.34329463
351.0  1.34625448
351.5  1.36571951
352.0  1.39366297
352.5  1.44018477
353.0  1.47912965
353.5  1.52113950
354.0  1.53640732
354.5  1.54371443
355.0  1.53069940
355.5  1.51155586
356.0  1.49328278
356.5  1.47115468
357.0  1.46897912
357.5  1.45910014
358.0  1.47375450
358.5  1.46777280
359.0  1.46881823
359.5  1.44675005
360.0  1.42194991
360.5  1.38488395
361.0  1.35057640
361.5  1.32537469
362.0  1.31152262
362.5  1.31092538
363.0  1.32253275
363.5  1.33727543
364.0  1.35215724
364.5  1.35256688
365.0  1.35117631
365.5  1.32981540
366.0  1.31658705
366.5  1.29702724
367.0  1.29604103
367.5  1.29581740
368.0  1.31855487
368.5  1.35173338
369.0  1.38271941
369.5  1.41485530
370.0  1.43458667
370.5  1.45189879
371.0  1.46185148
371.5  1.46797312
372.0  1.47671507
372.5  1.49269865
373.0  1.51265600
373.5  1.53426955
374.0  1.55281051
374.5  1.56251385
375.0  1.55922303
375.5  1.53936141
376.0  1.50935862
376.5  1.47427976
377.0  1.44302655
377.5  1.41993454
378.0  1.40706079
378.5  1.40608178
379.0  1.41474965
379.5  1.42826222
380.0  1.44130333
380.5  1.45257987
381.0  1.45974992
381.5  1.46415055
382.0  1.47039834
382.5  1.48245800
383.0  1.49792972
383.5  1.51986319
384.0  1.54321097
384.5  1.56122344
385.0  1.56958273
385.5  1.56578740
386.0  1.54993470
386.5  1.52676066
387.0  1.49952208
387.5  1.47279497
388.0  1.45448326
388.5  1.44369267
389.0  1.43698866
389.5  1.43251415
390.0  1.42962011
390.5  1.42032673
391.0  1.40386705
391.5  1.38548507
392.0  1.36832478
392.5  1.35826300
393.0  1.35500804
393.5  1.36229180
394.0  1.38213713
394.5  1.41070990
395.0  1.43768249
395.5  1.45544893
396.0  1.46690327
396.5  1.46575356
397.0  1.45631285
397.5  1.44570104
398.0  1.44066699
398.5  1.44101542
399.0  1.44832467
399.5  1.45977608
400.0  1.47251807
400.5  1.48435785
401.0  1.49055886
401.5  1.48982810
402.0  1.48368458
402.5  1.47576279
403.0  1.46905172
403.5  1.46789098
404.0  1.47554191
404.5  1.48868496
405.0  1.50385346
405.5  1.51770089
406.0  1.52690087
406.5  1.52458608
407.0  1.51398630
407.5  1.49793454
408.0  1.48485770
408.5  1.47805630
409.0  1.47972110
409.5  1.48566858
410.0  1.49868587
410.5  1.51183812
411.0  1.52169478
411.5  1.52550727
412.0  1.52569422
412.5  1.51936359
413.0  1.50823420
413.5  1.49395225
414.0  1.48504401
414.5  1.48283657
415.0  1.48028478
415.5  1.47843881
416.0  1.47122710
416.5  1.45957688
417.0  1.43494319
417.5  1.40723325
418.0  1.37642337
418.5  1.35143012
419.0  1.33273099
419.5  1.32440098
420.0  1.32595089
420.5  1.33455390
421.0  1.34610531
421.5  1.35839279
422.0  1.36898373
422.5  1.37794248
423.0  1.38692197
423.5  1.39763341
424.0  1.41210991
424.5  1.43570808
425.0  1.46434427
425.5  1.49711849
426.0  1.53119292
426.5  1.56120803
427.0  1.58289374
427.5  1.59567959
428.0  1.60027737
428.5  1.59953042
429.0  1.59766386
429.5  1.59804701
430.0  1.60095932
430.5  1.60487525
431.0  1.60423197
431.5  1.59464815
432.0  1.57969419
432.5  1.55751970
433.0  1.53216625
433.5  1.50583657
434.0  1.48442791
434.5  1.46738566
435.0  1.45753973
435.5  1.45451432
436.0  1.45494462
436.5  1.46030139
437.0  1.46517765
437.5  1.46210189
438.0  1.45195449
438.5  1.43688569
439.0  1.42423748
439.5  1.41602836
440.0  1.41388537
440.5  1.41952795
441.0  1.43320840
441.5  1.44950065
442.0  1.46383626
442.5  1.47084108
443.0  1.47464279
443.5  1.47337540
444.0  1.46786793
444.5  1.46265816
445.0  1.46431099
445.5  1.46854622
446.0  1.48258418
446.5  1.49398913
447.0  1.51371542
447.5  1.51948071
448.0  1.53087088
448.5  1.52281310
449.0  1.51222865
449.5  1.49167587
450.0  1.47610597
450.5  1.46302343
451.0  1.45316461
451.5  1.45422077
452.0  1.44779437
452.5  1.45123512
453.0  1.44218009
453.5  1.44709519
454.0  1.43862428
454.5  1.44449367
455.0  1.44687903
455.5  1.45990703
456.0  1.47337914
456.5  1.49531587
457.0  1.51786714
457.5  1.54116264
458.0  1.55635392
458.5  1.56508776
459.0  1.55930166
459.5  1.55726924
460.0  1.54057737
460.5  1.53906909
461.0  1.52694367
461.5  1.53136738
462.0  1.52736916
462.5  1.52803856
463.0  1.51667119
463.5  1.49303154
464.0  1.47429466
464.5  1.44358677
465.0  1.43279076
465.5  1.41550065
466.0  1.42619828
466.5  1.43341737
467.0  1.45704741
467.5  1.47630884
468.0  1.49541533
468.5  1.50749345
469.0  1.50624497
469.5  1.49099317
470.0  1.46958233
470.5  1.44521382
471.0  1.43060263
471.5  1.41844116
472.0  1.42924627
472.5  1.43195858
473.0  1.45613435
473.5  1.45860875
474.0  1.46739055
474.5  1.45731647
475.0  1.45178368
475.5  1.43830327
476.0  1.43191128
476.5  1.44315662
477.0  1.45365874
477.5  1.48609096
478.0  1.50631727
478.5  1.53894169
479.0  1.54824045
479.5  1.55829517
480.0  1.54788104
480.5  1.53589872
481.0  1.51893956
481.5  1.50358341
482.0  1.49987375
482.5  1.50836622
483.0  1.52781786
483.5  1.55073415
484.0  1.56192349
484.5  1.57367674
485.0  1.56246407
485.5  1.55851274
486.0  1.53654883
486.5  1.53505291
487.0  1.52196899
487.5  1.52759179
488.0  1.53440413
488.5  1.54848561
489.0  1.56204043
489.5  1.55712572
490.0  1.56793399
490.5  1.53551099
491.0  1.51526213
491.5  1.47326039
492.0  1.45446155
492.5  1.43398449
493.0  1.43353663
493.5  1.43346765
494.0  1.43914063
494.5  1.44296921
495.0  1.44384345
495.5  1.43021141
496.0  1.41553351
496.5  1.39363324
497.0  1.39519160
497.5  1.38662666
498.0  1.40371077
498.5  1.41521628
499.0  1.45392496
499.5  1.47436300
500.0  1.50507858
500.5  1.51663008
501.0  1.52879636
501.5  1.53262638
502.0  1.53019561
502.5  1.54000988
503.0  1.54582844
503.5  1.57080682
504.0  1.57784357
504.5  1.60191630
505.0  1.60162524
505.5  1.60409209
506.0  1.58204196
506.5  1.56708422
507.0  1.54360584
507.5  1.52486973
508.0  1.51228067
508.5  1.51248590
509.0  1.51851736
509.5  1.52838183
510.0  1.53091435
510.5  1.53497577
511.0  1.51811959
511.5  1.51161490
512.0  1.48085567
512.5  1.47324234
513.0  1.45622006
513.5  1.46445500
514.0  1.47320130
514.5  1.49919040
515.0  1.52636062
515.5  1.53700863
516.0  1.55678554
516.5  1.54679035
517.0  1.54363829
517.5  1.52347189
518.0  1.52112943
518.5  1.50799622
519.0  1.51068340
519.5  1.51613560
520.0  1.52616749
520.5  1.52961170
521.0  1.52917815
521.5  1.52161254
522.0  1.50650345
522.5  1.47982005
523.0  1.46428771
523.5  1.44180604
524.0  1.43963890
524.5  1.43362563
525.0  1.44813918
525.5  1.44926710
526.0  1.46037597
526.5  1.46141914
527.0  1.46047508
527.5  1.46256407
528.0  1.45891507
528.5  1.47003772
529.0  1.47264131
529.5  1.49961458
530.0  1.51441675
530.5  1.54232032
531.0  1.55513977
531.5  1.57177412
532.0  1.57252624
532.5  1.56850896
533.0  1.56320815
533.5  1.55930207
534.0  1.55859923
534.5  1.56505626
535.0  1.57494416
535.5  1.58108467
536.0  1.57279316
536.5  1.56910381
537.0  1.54478214
537.5  1.53106184
538.0  1.50515854
538.5  1.49659040
539.0  1.48610457
539.5  1.48731769
540.0  1.49577472
540.5  1.50251032
541.0  1.51561634
541.5  1.51650377
542.0  1.52198825
542.5  1.50503194
543.0  1.49679457
543.5  1.47986077
544.0  1.48026381
544.5  1.48251867
545.0  1.49535606
545.5  1.51304059
546.0  1.52944332
546.5  1.53328257
547.0  1.52422885
547.5  1.50590040
548.0  1.48452353
548.5  1.45532936
549.0  1.43983582
549.5  1.42778257
550.0  1.42936984
550.5  1.42989637
551.0  1.44734144
551.5  1.45616941
552.0  1.45794410
552.5  1.45730688
553.0  1.44988839
553.5  1.43675449
554.0  1.42018592
554.5  1.42451580
555.0  1.42755824
555.5  1.45629063
556.0  1.48166864
556.5  1.51955254
557.0  1.53940669
557.5  1.55629201
558.0  1.56042984
558.5  1.56102495
559.0  1.56051656
559.5  1.56652198
560.0  1.57806986
560.5  1.59653890
561.0  1.61779387
561.5  1.64611361
562.0  1.66223009
562.5  1.67482852
563.0  1.66972914
563.5  1.65609792
564.0  1.62498954
564.5  1.59450498
565.0  1.56463519
565.5  1.53977505
566.0  1.52435600
566.5  1.51557210
567.0  1.50544050
567.5  1.48891649
568.0  1.46469465
568.5  1.43323611
569.0  1.39893776
569.5  1.36938302
570.0  1.35265779
570.5  1.34821352
571.0  1.35980594
571.5  1.38557445
572.0  1.41919856
572.5  1.45266620
573.0  1.48216850
573.5  1.50582133
574.0  1.51971605
574.5  1.52450936
575.0  1.52792443
575.5  1.53638053
576.0  1.54946735
576.5  1.56552173
577.0  1.58633204
577.5  1.60148403
578.0  1.59888101
578.5  1.58619343
579.0  1.56512844
579.5  1.54008776
580.0  1.51885416
580.5  1.50409427
581.0  1.49903188
581.5  1.50507481
582.0  1.51586949
582.5  1.52403008
583.0  1.53121766
583.5  1.53026257
584.0  1.51805344
584.5  1.49561739
585.0  1.47195637
585.5  1.45069964
586.0  1.43998520
586.5  1.44492687
587.0  1.46529918
587.5  1.49399745
588.0  1.51991650
588.5  1.54141865
589.0  1.55320178
589.5  1.55301694
590.0  1.55073340
590.5  1.54891339
591.0  1.55379617
591.5  1.56388537
592.0  1.57779307
592.5  1.59368485
593.0  1.60488775
593.5  1.60510206
594.0  1.59377056
594.5  1.57013581
595.0  1.53535299
595.5  1.49414869
596.0  1.45601179
596.5  1.42552399
597.0  1.41005479
597.5  1.41273393
598.0  1.41868363
598.5  1.42542225
599.0  1.43385225
599.5  1.43491278
600.0  1.43180624
600.5  1.42858061
601.0  1.43056395
601.5  1.44101422
602.0  1.46002151
602.5  1.48247792
603.0  1.50749727
603.5  1.53344089
604.0  1.55198290
604.5  1.56242986
605.0  1.56313162
605.5  1.55998416
606.0  1.55416363
606.5  1.54898887
607.0  1.55296678
607.5  1.56947305
608.0  1.58573021
608.5  1.59928196
609.0  1.60873121
609.5  1.60707679
610.0  1.59160858
610.5  1.57094389
611.0  1.55402035
611.5  1.54329543
612.0  1.54129288
612.5  1.54836762
613.0  1.56301067
613.5  1.57885510
614.0  1.59387989
614.5  1.60181223
615.0  1.60315042
615.5  1.59604306
616.0  1.58517476
616.5  1.57460589
617.0  1.57058841
617.5  1.57596891
618.0  1.58572037
618.5  1.60186637
619.0  1.61727156
619.5  1.62051146
620.0  1.60814424
620.5  1.58233558
621.0  1.54700117
621.5  1.51508197
622.0  1.49005050
622.5  1.47391414
623.0  1.46829574
623.5  1.47141152
624.0  1.47444061
624.5  1.47182311
625.0  1.46497699
625.5  1.45201358
626.0  1.43279153
626.5  1.41124692
627.0  1.39476997
627.5  1.39162976
628.0  1.40405892
628.5  1.43467658
629.0  1.47968931
629.5  1.53079093
630.0  1.57813331
630.5  1.61303033
631.0  1.63728930
631.5  1.65476543
632.0  1.67281805
632.5  1.69224248
633.0  1.71010023
633.5  1.73277183
634.0  1.75907355
634.5  1.77506714
635.0  1.78054574
635.5  1.77406454
636.0  1.75389621
636.5  1.72182434
637.0  1.68309679
637.5  1.64451162
638.0  1.61345048
638.5  1.59817620
639.0  1.59560968
639.5  1.60077216
640.0  1.60724328
640.5  1.61106998
641.0  1.60782063
641.5  1.59230295
642.0  1.56984489
642.5  1.54751938
643.0  1.53482353
643.5  1.52621888
644.0  1.52239925
644.5  1.52130965
645.0  1.52391765
645.5  1.52660899
646.0  1.52565838
646.5  1.52212468
647.0  1.51774039
647.5  1.51917038
648.0  1.52788251
648.5  1.54369819
649.0  1.56944143
649.5  1.60268656
650.0  1.63560192
650.5  1.65655262
651.0  1.66369271
651.5  1.64961600
652.0  1.62872225
652.5  1.60502364
653.0  1.58400881
653.5  1.56781051
654.0  1.56411331
654.5  1.55902394
655.0  1.57352531
655.5  1.57004238
656.0  1.58215283
656.5  1.56618977
657.0  1.57102331
657.5  1.54953617
658.0  1.55026670
658.5  1.54588040
659.0  1.56053943
659.5  1.58118924
660.0  1.60662690
660.5  1.64814167
661.0  1.66242184
661.5  1.69243970
662.0  1.67729293
662.5  1.68407169
663.0  1.65869066
663.5  1.66457491
664.0  1.65477709
664.5  1.66511553
665.0  1.67312537
665.5  1.68235429
666.0  1.68690189
666.5  1.68686378
667.0  1.67242165
667.5  1.65088536
668.0  1.61674282
668.5  1.59818077
669.0  1.56307983
669.5  1.56338089
670.0  1.55004357
670.5  1.57157591
671.0  1.58318083
671.5  1.60407722
672.0  1.61041208
672.5  1.60621466
673.0  1.61002145
673.5  1.58846904
674.0  1.60022649
674.5  1.58463976
675.0  1.61015492
675.5  1.61109356
676.0  1.63755772
676.5  1.64110543
677.0  1.65346595
677.5  1.65043934
678.0  1.63801608
678.5  1.62209808
679.0  1.60054411
679.5  1.58059112
680.0  1.56904834
680.5  1.56256496
681.0  1.56731036
681.5  1.55944374
682.0  1.56941618
682.5  1.54826601
683.0  1.54276763
683.5  1.50903236
684.0  1.50669938
684.5  1.49111656
685.0  1.50177333
685.5  1.51596541
686.0  1.53795899
686.5  1.57114879
687.0  1.58460822
687.5  1.62235605
688.0  1.62292597
688.5  1.64919128
689.0  1.63872748
689.5  1.65633873
690.0  1.65199225
690.5  1.67379065
691.0  1.68925974
691.5  1.71762987
692.0  1.73976697
692.5  1.75530281
693.0  1.75940111
693.5  1.74974736
694.0  1.72256807
694.5  1.70879443
695.0  1.67971618
695.5  1.67600833
696.0  1.65240550
696.5  1.65783606
697.0  1.63491059
697.5  1.62755878
698.0  1.60256191
698.5  1.57389081
699.0  1.54593318
699.5  1.50148333
700.0  1.48541330
700.5  1.44641342
701.0  1.45896862
701.5  1.44954583
702.0  1.48441311
702.5  1.49793910
703.0  1.53397621
703.5  1.55178632
704.0  1.57025811
704.5  1.58271656
705.0  1.59282424
705.5  1.61030668
706.0  1.63105253
706.5  1.65080887
707.0  1.67726697
707.5  1.68751960
708.0  1.70790102
708.5  1.70035712
709.0  1.70595471
709.5  1.67867762
710.0  1.66709664
710.5  1.63739884
711.0  1.62240748
711.5  1.61250891
712.0  1.60573913
712.5  1.61725009
713.0  1.61346064
713.5  1.63137183
714.0  1.61358956
714.5  1.62119235
715.0  1.59993743
715.5  1.60188867
716.0  1.59103200
716.5  1.59880249
717.0  1.60182153
717.5  1.60656375
718.0  1.61132031
718.5  1.61435817
719.0  1.61430748
719.5  1.61279499
720.0  1.60502943
720.5  1.60424786
721.0  1.59137151
721.5  1.59938321
722.0  1.59468594
722.5  1.61361559
723.0  1.62426561
723.5  1.64446198
724.0  1.65288006
724.5  1.65446313
725.0  1.65657286
725.5  1.63688533
726.0  1.63725386
726.5  1.61145965
727.0  1.61548541
727.5  1.59605145
728.0  1.59905473
728.5  1.58257110
729.0  1.57955478
729.5  1.57013385
730.0  1.56015481
730.5  1.55183560
731.0  1.54658724
731.5  1.54543631
732.0  1.54869791
732.5  1.55410474
733.0  1.57566684
733.5  1.58745117
734.0  1.61107446
734.5  1.61550017
735.0  1.62870270
735.5  1.62879096
736.0  1.63864406
736.5  1.64041956
737.0  1.64613456
737.5  1.65928201
738.0  1.66347445
738.5  1.67581069
739.0  1.66167404
739.5  1.66667975
740.0  1.64909750
740.5  1.64590710
741.0  1.61675073
741.5  1.61660364
742.0  1.60104450
742.5  1.60389822
743.0  1.60686716
743.5  1.61736811
744.0  1.63093057
744.5  1.64185705
745.0  1.65252653
745.5  1.65318884
746.0  1.65328564
746.5  1.65268507
747.0  1.65154127
747.5  1.66213386
748.0  1.66566329
748.5  1.67332987
749.0  1.68137525
749.5  1.68733508
750.0  1.69284379
750.5  1.68507447
751.0  1.68671851
751.5  1.67111076
752.0  1.67063951
752.5  1.65077980
753.0  1.64728650
753.5  1.63034638
754.0  1.62280331
754.5  1.60980576
755.0  1.59408170
755.5  1.57204971
756.0  1.54957265
756.5  1.52971675
757.0  1.51262825
757.5  1.50562318
758.0  1.50784655
758.5  1.51586237
759.0  1.52736473
759.5  1.54125088
760.0  1.55917044
760.5  1.57061969
761.0  1.58094287
761.5  1.59552358
762.0  1.61186954
762.5  1.62985015
763.0  1.64969317
763.5  1.67562922
764.0  1.69515221
764.5  1.72300624
765.0  1.73721842
765.5  1.74804695
766.0  1.74621157
766.5  1.73838414
767.0  1.71800982
767.5  1.70041930
768.0  1.68854133
768.5  1.68028919
769.0  1.67302703
769.5  1.66707731
770.0  1.66081514
770.5  1.65044409
771.0  1.63155866
771.5  1.60989009
772.0  1.58555201
772.5  1.56233313
773.0  1.53750270
773.5  1.52225318
774.0  1.51469346
774.5  1.51235538
775.0  1.52120790
775.5  1.53290476
776.0  1.54747718
776.5  1.55981314
777.0  1.56788627
777.5  1.57534977
778.0  1.58551079
778.5  1.59892672
779.0  1.61399987
779.5  1.63123242
780.0  1.64850192
780.5  1.66530438
781.0  1.67524886
781.5  1.67406371
782.0  1.66823245
782.5  1.65700776
783.0  1.63975101
783.5  1.61708853
784.0  1.59769001
784.5  1.58366641
785.0  1.57366202
785.5  1.57028925
786.0  1.56942230
786.5  1.57353110
787.0  1.57531921
787.5  1.57476486
788.0  1.58020035
788.5  1.58587751
789.0  1.60132761
789.5  1.61803140
790.0  1.64432940
790.5  1.66740291
791.0  1.69221671
791.5  1.70692025
792.0  1.71711704
792.5  1.71759489
793.0  1.70907652
793.5  1.69199759
794.0  1.67164716
794.5  1.65339570
795.0  1.63582306
795.5  1.63052580
796.0  1.62213424
796.5  1.62166595
797.0  1.61880929
797.5  1.61776842
798.0  1.60889860
798.5  1.59746718
799.0  1.59076888
799.5  1.58881821
800.0  1.58964444
800.5  1.59733339
801.0  1.59790434
801.5  1.60901369
802.0  1.60190930
802.5  1.60646435
803.0  1.58757807
803.5  1.58299937
804.0  1.57063019
804.5  1.56558051
805.0  1.56453226
805.5  1.56481213
806.0  1.58480384
806.5  1.59787399
807.0  1.62296036
807.5  1.63371748
808.0  1.65136549
808.5  1.65370419
809.0  1.66071796
809.5  1.66270803
810.0  1.66757192
810.5  1.67399702
811.0  1.67738947
811.5  1.67846280
812.0  1.67465860
812.5  1.65773575
813.0  1.63532102
813.5  1.60169284
814.0  1.57776519
814.5  1.53672924
815.0  1.51317714
815.5  1.48001855
816.0  1.47795415
816.5  1.47170906
817.0  1.48680591
817.5  1.50187628
818.0  1.52364351
818.5  1.55263689
819.0  1.57094871
819.5  1.60468767
820.0  1.61690880
820.5  1.65609261
821.0  1.67576514
821.5  1.71263246
822.0  1.72772998
822.5  1.74538216
823.0  1.74862111
823.5  1.74478226
824.0  1.73120583
824.5  1.70987695
825.0  1.68329108
825.5  1.66003083
826.0  1.63193253
826.5  1.61781042
827.0  1.59382590
827.5  1.58975052
828.0  1.57257250
828.5  1.56927967
829.0  1.55177006
829.5  1.53687812
830.0  1.52537208
830.5  1.51214976
831.0  1.51603181
831.5  1.50568630
832.0  1.51949387
832.5  1.51395710
833.0  1.53239115
833.5  1.52720156
834.0  1.54181366
834.5  1.53970514
835.0  1.55046776
835.5  1.55957147
836.0  1.57672260
836.5  1.59887105
837.0  1.62307508
837.5  1.64708747
838.0  1.67438118
838.5  1.69673479
839.0  1.72009518
839.5  1.72261558
840.0  1.73592448
840.5  1.72587339
841.0  1.73487877
841.5  1.72446947
842.0  1.72935465
842.5  1.72119672
843.0  1.71044963
843.5  1.70008202
844.0  1.67195126
844.5  1.65561223
845.0  1.61902317
845.5  1.60794524
846.0  1.57371309
846.5  1.57202356
847.0  1.55135601
847.5  1.55718118
848.0  1.55326969
848.5  1.56276001
849.0  1.56632879
849.5  1.56976380
850.0  1.57518967
850.5  1.58191785
851.0  1.58989678
851.5  1.60827109
852.0  1.61956258
852.5  1.64915610
853.0  1.65566980
853.5  1.67485074
854.0  1.65924293
854.5  1.66436828
855.0  1.63923948
855.5  1.63023772
856.0  1.61155424
856.5  1.59405099
857.0  1.59463702
857.5  1.58169885
858.0  1.60189263
858.5  1.58529430
859.0  1.60205779
859.5  1.57932611
860.0  1.58319760
860.5  1.56515944
861.0  1.56568953
861.5  1.56564328
862.0  1.57816558
862.5  1.59803653
863.0  1.61695925
863.5  1.63896745
864.0  1.65597722
864.5  1.65370818
865.0  1.65842730
865.5  1.63856753
866.0  1.64055350
866.5  1.61580411
867.0  1.62789992
867.5  1.61435777
868.0  1.63404434
868.5  1.63180302
869.0  1.64823152
869.5  1.64719348
870.0  1.63997943
870.5  1.63654755
871.0  1.61612539
871.5  1.61689977
872.0  1.60072364
872.5  1.61674949
873.0  1.61652142
873.5  1.63782725
874.0  1.63771401
874.5  1.64041882
875.0  1.63240769
875.5  1.62220927
876.0  1.61235948
876.5  1.60344222
877.0  1.59946619
877.5  1.60643981
878.0  1.61438488
878.5  1.63684444
879.0  1.64286711
879.5  1.66209590
880.0  1.64991007
880.5  1.64935891
881.0  1.62760687
881.5  1.61538549
882.0  1.59868848
882.5  1.58908828
883.0  1.59933168
883.5  1.60015938
884.0  1.62639256
884.5  1.61958777
885.0  1.60587269
885.5  1.58565928
886.0  1.55967583
886.5  1.53795791
887.0  1.52066415
887.5  1.50935006
888.0  1.50356492
888.5  1.50944941
889.0  1.52473716
889.5  1.53871759
890.0  1.54873520
890.5  1.55161501
891.0  1.54323902
891.5  1.53115105
892.0  1.51938381
892.5  1.51701948
893.0  1.52468738
893.5  1.54058296
894.0  1.56879549
894.5  1.60167008
895.0  1.62867816
895.5  1.64868230
896.0  1.66081189
896.5  1.66157878
897.0  1.65572951
897.5  1.64678615
898.0  1.64176128
898.5  1.63850546
899.0  1.63860056
899.5  1.64387984
900.0  1.64328195
900.5  1.63453218
901.0  1.61798656
901.5  1.59392880
902.0  1.56650848
902.5  1.54219515
903.0  1.53027500
903.5  1.53234672
904.0  1.54859396
904.5  1.57612068
905.0  1.60627737
905.5  1.63098353
906.0  1.64974971
906.5  1.65445203
907.0  1.64709836
907.5  1.63336570
908.0  1.61447489
908.5  1.59941337
909.0  1.58955585
909.5  1.58579494
910.0  1.58809827
910.5  1.59168014
911.0  1.59278851
911.5  1.58888412
912.0  1.57956314
912.5  1.56575477
913.0  1.55435254
913.5  1.55539803
914.0  1.57056368
914.5  1.58958248
915.0  1.61167413
915.5  1.63405521
916.0  1.65113295
916.5  1.65505273
917.0  1.64453509
917.5  1.62281662
918.0  1.59879528
918.5  1.57629144
919.0  1.55950218
919.5  1.55175164
920.0  1.55458304
920.5  1.56396277
921.0  1.57887654
921.5  1.58957676
922.0  1.59745005
922.5  1.59984151
923.0  1.60065222
923.5  1.60408067
924.0  1.61426587
924.5  1.63142164
925.0  1.65085823
925.5  1.67073699
926.0  1.68505205
926.5  1.68662841
927.0  1.67568873
927.5  1.65240316
928.0  1.62368438
928.5  1.59423130
929.0  1.57073921
929.5  1.55225556
930.0  1.54703142
930.5  1.55027069
931.0  1.55877696
931.5  1.55826750
932.0  1.55910112
932.5  1.55066679
933.0  1.53588733
933.5  1.52572835
934.0  1.52359165
934.5  1.53341579
935.0  1.55529509
935.5  1.58366503
936.0  1.61237667
936.5  1.63460476
937.0  1.65210565
937.5  1.65921872
938.0  1.65734043
938.5  1.64767589
939.0  1.63735271
939.5  1.62979932
940.0  1.63158655
940.5  1.63723232
941.0  1.64680191
941.5  1.65462358
942.0  1.65670279
942.5  1.65021713
943.0  1.63080330
943.5  1.60439659
944.0  1.57725929
944.5  1.55629321
945.0  1.54881142
945.5  1.55273089
946.0  1.56532921
946.5  1.58101470
947.0  1.59357720
947.5  1.59518169
948.0  1.58811413
948.5  1.57347333
949.0  1.55558323
949.5  1.54098410
950.0  1.53230706
950.5  1.53158413
951.0  1.54277017
951.5  1.56403024
952.0  1.58968308
952.5  1.60987633
953.0  1.62303625
953.5  1.62738555
954.0  1.62418919
954.5  1.62294156
955.0  1.62785085
955.5  1.63701451
956.0  1.65159193
956.5  1.67130862
957.0  1.68779194
957.5  1.69402560
958.0  1.68928838
958.5  1.67323249
959.0  1.64744515
959.5  1.61653990
960.0  1.58941371
960.5  1.56777524
961.0  1.55302847
961.5  1.54774731
962.0  1.55181683
962.5  1.55650368
963.0  1.55525497
963.5  1.54664204
964.0  1.53166612
964.5  1.51394186
965.0  1.49881089
965.5  1.49484901
966.0  1.50385673
966.5  1.52530287
967.0  1.55500308
967.5  1.58899158
968.0  1.61986695
968.5  1.64274930
969.0  1.66077828
969.5  1.67635426
970.0  1.68648915
970.5  1.69954216
971.0  1.71507720
971.5  1.73413611
972.0  1.75090395
972.5  1.76229363
973.0  1.76118668
973.5  1.74220808
974.0  1.70497375
974.5  1.65474640
975.0  1.60214586
975.5  1.55504178
976.0  1.52076423
976.5  1.50350576
977.0  1.50078905
977.5  1.51151854
978.0  1.52217854
978.5  1.52959788
979.0  1.53424360
979.5  1.53071804
980.0  1.52405960
980.5  1.51398213
981.0  1.50832116
981.5  1.50976333
982.0  1.52087942
982.5  1.53899797
983.0  1.55746248
983.5  1.57369438
984.0  1.58062593
984.5  1.57746394
985.0  1.57074541
985.5  1.56455897
986.0  1.56315139
986.5  1.57308632
987.0  1.59381131
987.5  1.62191098
988.0  1.65296263
988.5  1.67937910
989.0  1.69222491
989.5  1.68847659
990.0  1.67412432
990.5  1.64807937
991.0  1.62296579
991.5  1.59804475
992.0  1.58066158
992.5  1.57234277
993.0  1.56988536
993.5  1.57010264
994.0  1.56969910
994.5  1.56179754
995.0  1.54639301
995.5  1.52972754
996.0  1.51493528
996.5  1.50834858
997.0  1.51232156
997.5  1.52831897
998.0  1.55167427
998.5  1.57545711
999.0  1.59478718
999.5  1.60372874
1000.0  1.60030143
