0.0  0.434731  1.313816  1.748547
0.5  0.448851  1.300482  1.749333
1.0  0.452971  1.296993  1.749964
1.5  0.454746  1.295855  1.750601
2.0  0.462781  1.287637  1.750418
2.5  0.481956  1.268758  1.750713
3.0  0.510408  1.239823  1.750231
3.5  0.540261  1.209233  1.749494
4.0  0.561607  1.187482  1.749089
4.5  0.567138  1.181804  1.748942
5.0  0.554894  1.194446  1.749340
5.5  0.528319  1.221342  1.749660
6.0  0.494394  1.256013  1.750407
6.5  0.461139  1.289423  1.750563
7.0  0.435418  1.315675  1.751094
7.5  0.421459  1.329350  1.750809
8.0  0.420136  1.330732  1.750868
8.5  0.428932  1.321399  1.750331
9.0  0.442499  1.307418  1.749917
9.5  0.453826  1.295472  1.749298
10.0  0.455997  1.293371  1.749368
10.5  0.444365  1.304974  1.749339
11.0  0.418580  1.331384  1.749964
11.5  0.383498  1.366726  1.750224
12.0  0.347976  1.402891  1.750868
12.5  0.321444  1.429795  1.751239
13.0  0.309700  1.441777  1.751477
13.5  0.312333  1.438479  1.750812
14.0  0.323393  1.427032  1.750425
14.5  0.334763  1.414896  1.749658
15.0  0.340026  1.409900  1.749925
15.5  0.336783  1.413199  1.749982
16.0  0.326790  1.423852  1.750642
16.5  0.314533  1.436048  1.750581
17.0  0.305299  1.445528  1.750826
17.5  0.303478  1.447735  1.751214
18.0  0.311460  1.440040  1.751500
18.5  0.329127  1.422562  1.751689
19.0  0.353879  1.396915  1.750793
19.5  0.381115  1.369440  1.750555
20.0  0.405184  1.345032  1.750216
20.5  0.420789  1.329570  1.750359
21.0  0.424701  1.325769  1.750470
21.5  0.417293  1.333309  1.750602
22.0  0.403053  1.347538  1.750591
22.5  0.389312  1.362121  1.751434
23.0  0.383241  1.368859  1.752100
23.5  0.388460  1.363189  1.751649
24.0  0.403273  1.347737  1.751010
24.5  0.421708  1.329892  1.751600
25.0  0.436662  1.315267  1.751929
25.5  0.443204  1.309337  1.752541
26.0  0.440351  1.311612  1.751963
26.5  0.430888  1.322265  1.753152
27.0  0.419825  1.333658  1.753483
27.5  0.412456  1.340604  1.753060
28.0  0.412682  1.339995  1.752678
28.5  0.421969  1.331303  1.753272
29.0  0.438961  1.314211  1.753172
29.5  0.459744  1.292963  1.752707
30.0  0.478661  1.273525  1.752186
30.5  0.489631  1.262335  1.751966
31.0  0.487828  1.264446  1.752275
31.5  0.471404  1.280842  1.752245
32.0  0.442638  1.310044  1.752682
32.5  0.407795  1.345303  1.753098
33.0  0.375245  1.378853  1.754098
33.5  0.352345  1.401971  1.754316
34.0  0.342533  1.411569  1.754102
34.5  0.344280  1.409281  1.753560
35.0  0.352431  1.400446  1.752877
35.5  0.361027  1.392183  1.753210
36.0  0.365927  1.387533  1.753460
36.5  0.366070  1.386529  1.752599
37.0  0.363231  1.389963  1.753194
37.5  0.360821  1.393533  1.754354
38.0  0.362455  1.391955  1.754410
38.5  0.370753  1.382811  1.753564
39.0  0.386589  1.368191  1.754780
39.5  0.408819  1.345098  1.753917
40.0  0.434451  1.318903  1.753354
40.5  0.459249  1.293795  1.753044
41.0  0.478732  1.274593  1.753325
41.5  0.489466  1.262859  1.752325
42.0  0.490317  1.262498  1.752815
42.5  0.483129  1.270414  1.753543
43.0  0.472245  1.281381  1.753626
43.5  0.462718  1.290515  1.753234
44.0  0.457885  1.295480  1.753365
44.5  0.457602  1.296211  1.753814
45.0  0.458276  1.294797  1.753073
45.5  0.454698  1.297018  1.751716
46.0  0.442591  1.309155  1.751747
46.5  0.420502  1.332802  1.753304
47.0  0.390279  1.362920  1.753200
47.5  0.356270  1.396079  1.752349
48.0  0.323834  1.429611  1.753445
48.5  0.297819  1.456964  1.754782
49.0  0.281410  1.472513  1.753923
49.5  0.275523  1.477261  1.752784
50.0  0.278748  1.474988  1.753736
50.5  0.287810  1.465957  1.753767
51.0  0.298478  1.453849  1.752327
51.5  0.306804  1.445932  1.752736
52.0  0.310484  1.442833  1.753318
52.5  0.309927  1.443735  1.753662
53.0  0.308479  1.444455  1.752934
53.5  0.311378  1.442676  1.754054
54.0  0.323553  1.430660  1.754214
54.5  0.347173  1.406973  1.754146
55.0  0.380272  1.373056  1.753327
55.5  0.417316  1.335574  1.752890
56.0  0.451413  1.301181  1.752593
56.5  0.476946  1.275287  1.752233
57.0  0.491370  1.261133  1.752502
57.5  0.495580  1.257010  1.752590
58.0  0.493069  1.260396  1.753464
58.5  0.488456  1.265158  1.753614
59.0  0.485987  1.267547  1.753534
59.5  0.488369  1.265361  1.753730
60.0  0.496118  1.257609  1.753727
60.5  0.507476  1.246194  1.753670
61.0  0.518871  1.234492  1.753363
61.5  0.525878  1.227459  1.753337
62.0  0.524567  1.228544  1.753112
62.5  0.512953  1.240922  1.753875
63.0  0.492068  1.261420  1.753488
63.5  0.466053  1.287587  1.753639
64.0  0.440871  1.314170  1.755042
64.5  0.421924  1.333437  1.755361
65.0  0.411623  1.342649  1.754272
65.5  0.408272  1.345159  1.753430
66.0  0.406931  1.347653  1.754584
66.5  0.401747  1.352414  1.754160
67.0  0.388456  1.364650  1.753106
67.5  0.365916  1.386448  1.752364
68.0  0.336267  1.418047  1.754314
68.5  0.304014  1.450410  1.754424
69.0  0.274619  1.478921  1.753540
69.5  0.253091  1.500963  1.754053
70.0  0.242875  1.512057  1.754932
70.5  0.245186  1.508744  1.753929
71.0  0.258821  1.494322  1.753143
71.5  0.280494  1.473569  1.754064
72.0  0.305673  1.448073  1.753746
72.5  0.329849  1.423398  1.753247
73.0  0.349965  1.403319  1.753285
73.5  0.365541  1.386941  1.752482
74.0  0.378853  1.374010  1.752863
74.5  0.393794  1.359232  1.753026
75.0  0.413688  1.339646  1.753334
75.5  0.439098  1.313874  1.752972
76.0  0.466956  1.286151  1.753107
76.5  0.491579  1.262021  1.753601
77.0  0.507018  1.245247  1.752265
77.5  0.509400  1.243315  1.752715
78.0  0.498205  1.254763  1.752968
78.5  0.476145  1.278099  1.754244
79.0  0.448037  1.305940  1.753978
79.5  0.419292  1.335375  1.754667
80.0  0.394536  1.360106  1.754643
80.5  0.376666  1.378225  1.754890
81.0  0.366414  1.388875  1.755290
81.5  0.362460  1.392499  1.754960
82.0  0.362005  1.391850  1.753855
82.5  0.361766  1.392562  1.754328
83.0  0.359226  1.395492  1.754717
83.5  0.353849  1.399650  1.753499
84.0  0.347796  1.406097  1.753892
84.5  0.345570  1.409710  1.755281
85.0  0.352391  1.402721  1.755112
85.5  0.371704  1.382662  1.754367
86.0  0.403046  1.352050  1.755096
86.5  0.441514  1.313703  1.755217
87.0  0.479281  1.275250  1.754531
87.5  0.508385  1.246635  1.755021
88.0  0.523386  1.230936  1.754321
88.5  0.522802  1.232181  1.754983
89.0  0.509055  1.246556  1.755611
89.5  0.487298  1.269516  1.756814
90.0  0.463764  1.293780  1.757544
90.5  0.444140  1.313966  1.758106
91.0  0.432304  1.325936  1.758240
91.5  0.429587  1.329198  1.758785
92.0  0.434621  1.324223  1.758845
92.5  0.443799  1.312997  1.756797
93.0  0.452293  1.305232  1.757525
93.5  0.455496  1.302000  1.757496
94.0  0.450577  1.306510  1.757088
94.5  0.437618  1.320257  1.757875
95.0  0.419730  1.338607  1.758337
95.5  0.401804  1.354890  1.756694
96.0  0.388223  1.370023  1.758246
96.5  0.380669  1.378109  1.758778
97.0  0.377288  1.380036  1.757325
97.5  0.373740  1.382702  1.756442
98.0  0.365458  1.392168  1.757626
98.5  0.349826  1.407533  1.757360
99.0  0.327246  1.429284  1.756531
99.5  0.300868  1.456009  1.756877
100.0  0.275413  1.483242  1.758655
100.5  0.255716  1.503049  1.758765
101.0  0.245459  1.513499  1.758958
101.5  0.246360  1.511589  1.757950
102.0  0.257888  1.500157  1.758046
102.5  0.277480  1.480892  1.758372
103.0  0.301202  1.457012  1.758214
103.5  0.324763  1.432754  1.757517
104.0  0.344722  1.412293  1.757015
104.5  0.359598  1.399173  1.758771
105.0  0.370468  1.387282  1.757749
105.5  0.380593  1.377717  1.758309
106.0  0.393910  1.364907  1.758816
106.5  0.412891  1.345601  1.758492
107.0  0.436873  1.321654  1.758527
107.5  0.461927  1.295903  1.757831
108.0  0.482475  1.273579  1.756054
108.5  0.493765  1.263037  1.756802
109.0  0.493887  1.264947  1.758834
109.5  0.484439  1.273738  1.758177
110.0  0.469826  1.287197  1.757024
110.5  0.455728  1.302534  1.758262
111.0  0.447392  1.312007  1.759398
111.5  0.448258  1.311454  1.759712
112.0  0.459154  1.299259  1.758413
112.5  0.478140  1.279580  1.757720
113.0  0.500974  1.257788  1.758762
113.5  0.522101  1.237772  1.759873
114.0  0.536015  1.222152  1.758167
114.5  0.538734  1.218894  1.757629
115.0  0.529023  1.229289  1.758313
115.5  0.508900  1.250538  1.759438
116.0  0.483013  1.276277  1.759289
116.5  0.456847  1.302472  1.759319
117.0  0.434393  1.324382  1.758775
117.5  0.416428  1.342207  1.758636
118.0  0.400455  1.358981  1.759435
118.5  0.382364  1.376480  1.758844
119.0  0.358857  1.399429  1.758286
119.5  0.329274  1.429282  1.758556
120.0  0.296069  1.462611  1.758680
120.5  0.263964  1.494825  1.758789
121.0  0.238419  1.521295  1.759714
121.5  0.224065  1.535761  1.759826
122.0  0.223544  1.535710  1.759254
122.5  0.236949  1.522090  1.759040
123.0  0.261865  1.496855  1.758720
123.5  0.293934  1.464107  1.758041
124.0  0.327837  1.430186  1.758022
124.5  0.358493  1.398292  1.756785
125.0  0.382293  1.374358  1.756650
125.5  0.398030  1.359813  1.757843
126.0  0.407204  1.351766  1.758970
126.5  0.413372  1.343956  1.757328
127.0  0.420561  1.337171  1.757731
127.5  0.431264  1.327281  1.758545
128.0  0.445022  1.312794  1.757815
128.5  0.458471  1.298642  1.757113
129.0  0.466935  1.290148  1.757083
129.5  0.466683  1.291260  1.757942
130.0  0.456629  1.301575  1.758204
130.5  0.438763  1.319797  1.758560
131.0  0.417358  1.340343  1.757701
131.5  0.397530  1.360073  1.757603
132.0  0.383782  1.374287  1.758069
132.5  0.378933  1.379833  1.758766
133.0  0.383594  1.374596  1.758190
133.5  0.396180  1.361496  1.757676
134.0  0.413396  1.344169  1.757565
134.5  0.431085  1.325675  1.756760
135.0  0.445320  1.311933  1.757253
135.5  0.453520  1.304084  1.757603
136.0  0.455312  1.301807  1.757119
136.5  0.452765  1.304065  1.756829
137.0  0.449671  1.307847  1.757518
137.5  0.449924  1.308874  1.758797
138.0  0.455555  1.302200  1.757755
138.5  0.465483  1.291778  1.757261
139.0  0.475819  1.281193  1.757012
139.5  0.481675  1.277065  1.758741
140.0  0.479448  1.278561  1.758009
140.5  0.468348  1.289408  1.757756
141.0  0.450529  1.307376  1.757905
141.5  0.430033  1.327964  1.757997
142.0  0.411224  1.346639  1.757863
142.5  0.397394  1.360673  1.758067
143.0  0.389906  1.368522  1.758428
143.5  0.387985  1.369876  1.757861
144.0  0.389066  1.369326  1.758392
144.5  0.389551  1.368728  1.758280
145.0  0.385805  1.371241  1.757046
145.5  0.375203  1.381636  1.756839
146.0  0.357042  1.401102  1.758144
146.5  0.333079  1.425730  1.758809
147.0  0.307444  1.451660  1.759104
147.5  0.285735  1.474596  1.760332
148.0  0.273334  1.487646  1.760980
148.5  0.273466  1.487057  1.760522
149.0  0.285878  1.474223  1.760101
149.5  0.306925  1.452919  1.759844
150.0  0.331080  1.428273  1.759353
150.5  0.353098  1.406938  1.760035
151.0  0.369705  1.390573  1.760278
151.5  0.380202  1.379524  1.759726
152.0  0.385985  1.373876  1.759861
152.5  0.389503  1.371486  1.760989
153.0  0.393176  1.368391  1.761567
153.5  0.398612  1.360937  1.759549
154.0  0.406236  1.353496  1.759731
154.5  0.415306  1.344273  1.759579
155.0  0.424231  1.334026  1.758256
155.5  0.431111  1.327955  1.759066
156.0  0.434410  1.325122  1.759532
156.5  0.433644  1.325807  1.759451
157.0  0.429910  1.329831  1.759741
157.5  0.425974  1.335336  1.761309
158.0  0.425644  1.334481  1.760125
158.5  0.432355  1.327462  1.759817
159.0  0.447429  1.314658  1.762087
159.5  0.468947  1.293027  1.761974
160.0  0.492064  1.267842  1.759906
160.5  0.510768  1.249531  1.760299
161.0  0.520166  1.241177  1.761343
161.5  0.518098  1.241881  1.759979
162.0  0.505458  1.254007  1.759464
162.5  0.485380  1.275749  1.761130
163.0  0.461917  1.300196  1.762113
163.5  0.438798  1.322976  1.761774
164.0  0.418596  1.342101  1.760697
164.5  0.402365  1.359076  1.761441
165.0  0.389656  1.372083  1.761740
165.5  0.378851  1.382758  1.761610
166.0  0.367724  1.392541  1.760266
166.5  0.354220  1.405596  1.759816
167.0  0.337352  1.422737  1.760089
167.5  0.318030  1.442211  1.760240
168.0  0.299407  1.459563  1.758969
168.5  0.286300  1.472840  1.759140
169.0  0.283514  1.476867  1.760381
169.5  0.293615  1.466662  1.760278
170.0  0.315359  1.444373  1.759732
170.5  0.343831  1.415680  1.759511
171.0  0.372364  1.387156  1.759520
171.5  0.395120  1.364891  1.760011
172.0  0.408979  1.351408  1.760386
172.5  0.414003  1.346178  1.760181
173.0  0.412671  1.346944  1.759615
173.5  0.408561  1.351713  1.760274
174.0  0.405110  1.355749  1.760858
174.5  0.404752  1.356541  1.761293
175.0  0.408503  1.352893  1.761396
175.5  0.415903  1.344521  1.760424
176.0  0.425228  1.335336  1.760564
176.5  0.433963  1.326904  1.760867
177.0  0.439513  1.322628  1.762141
177.5  0.440129  1.321853  1.761982
178.0  0.435823  1.324456  1.760280
178.5  0.428866  1.331036  1.759902
179.0  0.423301  1.339094  1.762395
179.5  0.423296  1.339861  1.763158
180.0  0.430906  1.330803  1.761709
180.5  0.444517  1.315704  1.760220
181.0  0.459107  1.302603  1.761710
181.5  0.468296  1.294884  1.763180
182.0  0.467018  1.295181  1.762199
182.5  0.453381  1.306755  1.760136
183.0  0.429043  1.331682  1.760724
183.5  0.398316  1.364475  1.762791
184.0  0.366718  1.396674  1.763393
184.5  0.339565  1.422631  1.762196
185.0  0.320928  1.440912  1.761841
185.5  0.313014  1.449880  1.762894
186.0  0.315910  1.447982  1.763892
186.5  0.327687  1.435155  1.762842
187.0  0.344859  1.416790  1.761648
187.5  0.363257  1.398612  1.761868
188.0  0.379271  1.383626  1.762897
188.5  0.391172  1.371847  1.763018
189.0  0.399930  1.362097  1.762027
189.5  0.408842  1.353611  1.762452
190.0  0.421697  1.341369  1.763066
190.5  0.440265  1.322904  1.763169
191.0  0.462630  1.299385  1.762015
191.5  0.483621  1.279627  1.763248
192.0  0.497146  1.265490  1.762636
192.5  0.498956  1.262081  1.761037
193.0  0.488284  1.273481  1.761765
193.5  0.467794  1.295999  1.763793
194.0  0.442300  1.321719  1.764019
194.5  0.417113  1.344727  1.761841
195.0  0.396665  1.365510  1.762175
195.5  0.383657  1.380324  1.763981
196.0  0.378719  1.385790  1.764509
196.5  0.380446  1.383232  1.763678
197.0  0.385749  1.376141  1.761889
197.5  0.390533  1.372346  1.762879
198.0  0.390769  1.373857  1.764626
198.5  0.383876  1.381430  1.765306
199.0  0.370061  1.394917  1.764977
199.5  0.352865  1.410808  1.763673
200.0  0.338154  1.425541  1.763694
200.5  0.331494  1.434457  1.765951
201.0  0.335123  1.431402  1.766525
201.5  0.346434  1.417174  1.763607
202.0  0.359126  1.403697  1.762822
202.5  0.366357  1.397708  1.764065
203.0  0.363922  1.400466  1.764388
203.5  0.351824  1.410976  1.762800
204.0  0.333877  1.429825  1.763702
204.5  0.316057  1.448775  1.764833
205.0  0.304581  1.459432  1.764013
205.5  0.304340  1.459393  1.763733
206.0  0.317937  1.446837  1.764774
206.5  0.345260  1.418832  1.764092
207.0  0.383509  1.379569  1.763078
207.5  0.427612  1.336825  1.764437
208.0  0.471065  1.293367  1.764433
208.5  0.507254  1.255192  1.762446
209.0  0.531151  1.232528  1.763679
209.5  0.540988  1.223959  1.764946
210.0  0.539072  1.226487  1.765558
210.5  0.530913  1.233101  1.764015
211.0  0.522558  1.242642  1.765200
211.5  0.517355  1.249416  1.766771
212.0  0.514186  1.251882  1.766069
212.5  0.508362  1.255915  1.764277
213.0  0.494540  1.269945  1.764485
213.5  0.469697  1.296913  1.766610
214.0  0.434538  1.332148  1.766686
214.5  0.393057  1.373241  1.766298
215.0  0.350987  1.414690  1.765677
215.5  0.314103  1.452996  1.767099
216.0  0.286942  1.480153  1.767095
216.5  0.272095  1.495316  1.767411
217.0  0.269957  1.495559  1.765516
217.5  0.278794  1.486218  1.765013
218.0  0.295081  1.470533  1.765614
218.5  0.314171  1.451574  1.765745
219.0  0.331406  1.433126  1.764532
219.5  0.343612  1.421474  1.765086
220.0  0.350526  1.414735  1.765261
220.5  0.355315  1.409935  1.765250
221.0  0.363368  1.403400  1.766768
221.5  0.379466  1.388949  1.768415
222.0  0.404756  1.361277  1.766034
222.5  0.435558  1.329285  1.764843
223.0  0.464919  1.299677  1.764596
223.5  0.485903  1.280583  1.766487
224.0  0.494529  1.270510  1.765039
224.5  0.490884  1.272750  1.763634
225.0  0.478383  1.286203  1.764585
225.5  0.462031  1.305475  1.767506
226.0  0.446704  1.324356  1.771060
226.5  0.435950  1.338870  1.774820
227.0  0.431428  1.347738  1.779166
227.5  0.432814  1.350223  1.783037
228.0  0.437992  1.348330  1.786322
228.5  0.443456  1.347393  1.790850
229.0  0.444989  1.348505  1.793494
229.5  0.438735  1.354802  1.793537
230.0  0.422638  1.371508  1.794146
230.5  0.397817  1.397742  1.795559
231.0  0.369028  1.427172  1.796200
231.5  0.343419  1.452383  1.795802
232.0  0.327665  1.469524  1.797190
232.5  0.324908  1.476208  1.801116
233.0  0.333428  1.472516  1.805944
233.5  0.347929  1.464295  1.812224
234.0  0.362464  1.457893  1.820358
234.5  0.373080  1.458115  1.831195
235.0  0.378867  1.464703  1.843570
235.5  0.381394  1.474025  1.855419
236.0  0.383325  1.482781  1.866106
236.5  0.387081  1.487499  1.874581
237.0  0.394002  1.484780  1.878782
237.5  0.404034  1.475234  1.879267
238.0  0.415809  1.461244  1.877052
238.5  0.426925  1.443513  1.870437
239.0  0.434370  1.426736  1.861105
239.5  0.435152  1.415130  1.850281
240.0  0.427231  1.412054  1.839284
240.5  0.410665  1.420024  1.830689
241.0  0.388521  1.435082  1.823603
241.5  0.366755  1.449096  1.815851
242.0  0.352503  1.458023  1.810526
242.5  0.351148  1.457721  1.808869
243.0  0.363711  1.444383  1.808094
243.5  0.386296  1.421063  1.807359
244.0  0.412031  1.396324  1.808356
244.5  0.434235  1.377037  1.811271
245.0  0.448928  1.367837  1.816765
245.5  0.455608  1.367976  1.823585
246.0  0.456465  1.372127  1.828592
246.5  0.454897  1.379475  1.834371
247.0  0.454125  1.388274  1.842399
247.5  0.456291  1.391589  1.847880
248.0  0.462030  1.389541  1.851571
248.5  0.470394  1.385223  1.855617
249.0  0.478982  1.376781  1.855763
249.5  0.484272  1.366875  1.851147
250.0  0.482260  1.364360  1.846620
250.5  0.469518  1.371232  1.840751
251.0  0.444601  1.386801  1.831403
251.5  0.409316  1.411510  1.820825
252.0  0.369011  1.442298  1.811309
252.5  0.331180  1.471466  1.802646
253.0  0.302598  1.491015  1.793612
253.5  0.286447  1.499941  1.786387
254.0  0.281256  1.500317  1.781573
254.5  0.282311  1.496980  1.779290
255.0  0.284488  1.493194  1.777682
255.5  0.284682  1.491695  1.776378
256.0  0.282672  1.493652  1.776325
256.5  0.280483  1.496471  1.776955
257.0  0.281063  1.495500  1.776563
257.5  0.287047  1.488519  1.775566
258.0  0.299997  1.474491  1.774488
258.5  0.320110  1.453326  1.773436
259.0  0.346228  1.425252  1.771480
259.5  0.376005  1.392656  1.768661
260.0  0.406206  1.360043  1.766248
260.5  0.433247  1.332645  1.765892
261.0  0.454079  1.313731  1.767810
261.5  0.467319  1.301957  1.769277
262.0  0.474198  1.297192  1.771390
262.5  0.478576  1.298049  1.776625
263.0  0.485491  1.296229  1.781720
263.5  0.498555  1.290480  1.789035
264.0  0.517593  1.276636  1.794229
264.5  0.538145  1.258427  1.796572
265.0  0.553321  1.245951  1.799273
265.5  0.556882  1.247080  1.803961
266.0  0.545767  1.260873  1.806640
266.5  0.520949  1.287153  1.808103
267.0  0.486661  1.322681  1.809342
267.5  0.448799  1.360651  1.809449
268.0  0.413283  1.394775  1.808058
268.5  0.384829  1.424496  1.809326
269.0  0.366207  1.445363  1.811570
269.5  0.357928  1.453985  1.811913
270.0  0.358282  1.456420  1.814701
270.5  0.363731  1.458963  1.822694
271.0  0.369767  1.462956  1.832723
271.5  0.372237  1.473560  1.845796
272.0  0.368939  1.495134  1.864073
272.5  0.360892  1.525722  1.886614
273.0  0.352387  1.556870  1.909258
273.5  0.349275  1.583121  1.932395
274.0  0.355968  1.600472  1.956440
274.5  0.372787  1.603531  1.976318
275.0  0.395397  1.594540  1.989937
275.5  0.416754  1.582655  1.999409
276.0  0.430271  1.574069  2.004340
276.5  0.432321  1.569755  2.002076
277.0  0.422999  1.573005  1.996004
277.5  0.405335  1.581904  1.987239
278.0  0.383783  1.592737  1.976520
278.5  0.362799  1.604295  1.967094
279.0  0.345881  1.611686  1.957566
279.5  0.335085  1.612690  1.947775
280.0  0.330882  1.611624  1.942506
280.5  0.332220  1.609230  1.941450
281.0  0.336792  1.605851  1.942643
281.5  0.341621  1.604171  1.945791
282.0  0.344044  1.606676  1.950721
282.5  0.342990  1.612905  1.955895
283.0  0.340023  1.622363  1.962386
283.5  0.339380  1.628302  1.967682
284.0  0.346407  1.622395  1.968802
284.5  0.364807  1.598468  1.963275
285.0  0.394183  1.558150  1.952334
285.5  0.429546  1.507025  1.936571
286.0  0.463253  1.453943  1.917196
286.5  0.488173  1.405119  1.893293
287.0  0.500246  1.368687  1.868933
287.5  0.499325  1.349187  1.848512
288.0  0.488424  1.343919  1.832343
288.5  0.472183  1.348772  1.820955
289.0  0.455339  1.360740  1.816079
289.5  0.441640  1.375043  1.816683
290.0  0.433245  1.389053  1.822298
290.5  0.430510  1.399464  1.829974
291.0  0.432058  1.405993  1.838052
291.5  0.435142  1.412033  1.847175
292.0  0.436382  1.418985  1.855367
292.5  0.432941  1.427490  1.860431
293.0  0.423928  1.439231  1.863159
293.5  0.411458  1.451520  1.862978
294.0  0.400479  1.460708  1.861187
294.5  0.396860  1.461093  1.857954
295.0  0.404309  1.448725  1.853034
295.5  0.421847  1.427059  1.848907
296.0  0.443636  1.402454  1.846091
296.5  0.461420  1.385398  1.846818
297.0  0.468097  1.383343  1.851440
297.5  0.460382  1.400502  1.860884
298.0  0.439470  1.437096  1.876567
298.5  0.409962  1.486660  1.896622
299.0  0.377983  1.542176  1.920159
299.5  0.349388  1.598044  1.947432
300.0  0.328491  1.647573  1.976064
300.5  0.317382  1.686332  2.003714
301.0  0.315752  1.712837  2.028589
301.5  0.321110  1.726351  2.047461
302.0  0.329386  1.733129  2.062516
302.5  0.335957  1.735068  2.071026
303.0  0.337074  1.736235  2.073309
303.5  0.331426  1.741716  2.073142
304.0  0.321201  1.749944  2.071145
304.5  0.311793  1.755332  2.067125
305.0  0.309694  1.754044  2.063738
305.5  0.319271  1.744097  2.063369
306.0  0.340212  1.725577  2.065789
306.5  0.367355  1.705637  2.072992
307.0  0.393106  1.691594  2.084700
307.5  0.410891  1.689575  2.100466
308.0  0.417668  1.698858  2.116526
308.5  0.414489  1.717335  2.131824
309.0  0.405428  1.739683  2.145110
309.5  0.395788  1.756714  2.152502
310.0  0.390440  1.760216  2.150655
310.5  0.392685  1.748569  2.141253
311.0  0.403704  1.719960  2.123664
311.5  0.422464  1.676504  2.098968
312.0  0.445980  1.624947  2.070927
312.5  0.469888  1.572884  2.042772
313.0  0.489373  1.524242  2.013614
313.5  0.500436  1.489193  1.989628
314.0  0.501305  1.472978  1.974283
314.5  0.493424  1.471271  1.964695
315.0  0.481268  1.479133  1.960401
315.5  0.470568  1.491450  1.962018
316.0  0.465508  1.501985  1.967493
316.5  0.466479  1.507911  1.974390
317.0  0.469900  1.511029  1.980929
317.5  0.470296  1.515730  1.986026
318.0  0.463263  1.524610  1.987873
318.5  0.447562  1.538314  1.985876
319.0  0.425433  1.554665  1.980098
319.5  0.401433  1.569868  1.971301
320.0  0.380678  1.579231  1.959909
320.5  0.367275  1.579106  1.946381
321.0  0.363375  1.569390  1.932765
321.5  0.368830  1.552751  1.921581
322.0  0.381349  1.533692  1.915041
322.5  0.396962  1.518042  1.915005
323.0  0.410741  1.509448  1.920189
323.5  0.417786  1.516425  1.934212
324.0  0.414516  1.539759  1.954275
324.5  0.400034  1.580204  1.980238
325.0  0.377032  1.632919  2.009951
325.5  0.351410  1.690749  2.042158
326.0  0.330217  1.741678  2.071895
326.5  0.318582  1.778637  2.097219
327.0  0.317337  1.800303  2.117640
327.5  0.322914  1.809278  2.132191
328.0  0.329571  1.812049  2.141620
328.5  0.332472  1.813947  2.146419
329.0  0.329777  1.818868  2.148645
329.5  0.322934  1.825327  2.148261
330.0  0.315545  1.829613  2.145158
330.5  0.311729  1.833570  2.145299
331.0  0.314734  1.834154  2.148888
331.5  0.326161  1.829241  2.155402
332.0  0.345741  1.820604  2.166345
332.5  0.371502  1.810484  2.181986
333.0  0.400126  1.801014  2.201140
333.5  0.427442  1.793868  2.221310
334.0  0.449117  1.792508  2.241626
334.5  0.461643  1.798573  2.260216
335.0  0.463523  1.809099  2.272623
335.5  0.456209  1.818965  2.275174
336.0  0.444041  1.826068  2.270109
336.5  0.432754  1.823782  2.256535
337.0  0.426978  1.806934  2.233912
337.5  0.428141  1.776692  2.204833
338.0  0.434112  1.742012  2.176124
338.5  0.440806  1.708497  2.149303
339.0  0.444580  1.679159  2.123739
339.5  0.443952  1.660400  2.104352
340.0  0.439890  1.653515  2.093404
340.5  0.434934  1.651989  2.086923
341.0  0.431911  1.651502  2.083412
341.5  0.432891  1.651498  2.084390
342.0  0.438680  1.648228  2.086908
342.5  0.448779  1.638419  2.087198
343.0  0.461616  1.624732  2.086348
343.5  0.474820  1.607306  2.082125
344.0  0.485483  1.587094  2.072577
344.5  0.490513  1.569336  2.059849
345.0  0.487234  1.557452  2.044687
345.5  0.474301  1.553379  2.027680
346.0  0.452588  1.557899  2.010487
346.5  0.425445  1.569802  1.995247
347.0  0.397782  1.583721  1.981503
347.5  0.374194  1.598845  1.973038
348.0  0.357142  1.614495  1.971637
348.5  0.346336  1.628504  1.974840
349.0  0.339625  1.642694  1.982319
349.5  0.334646  1.660437  1.995083
350.0  0.330090  1.683198  2.013288
350.5  0.325980  1.707336  2.033317
351.0  0.323129  1.730128  2.053257
351.5  0.322343  1.750235  2.072578
352.0  0.323900  1.766018  2.089918
352.5  0.327466  1.776297  2.103764
353.0  0.332349  1.779152  2.111501
353.5  0.337810  1.777937  2.115747
354.0  0.343232  1.775245  2.118476
354.5  0.348068  1.770420  2.118489
355.0  0.351745  1.764858  2.116603
355.5  0.353760  1.762526  2.116287
356.0  0.354114  1.765746  2.119860
356.5  0.353867  1.776127  2.129994
357.0  0.355317  1.789044  2.144360
357.5  0.361348  1.801415  2.162763
358.0  0.374082  1.812469  2.186551
358.5  0.393611  1.821390  2.215001
359.0  0.417691  1.826434  2.244124
359.5  0.442642  1.827329  2.269970
360.0  0.464845  1.824269  2.289114
360.5  0.481938  1.820388  2.302326
361.0  0.493175  1.816122  2.309297
361.5  0.499036  1.808261  2.307297
362.0  0.500542  1.795203  2.295745
362.5  0.498698  1.779995  2.278694
363.0  0.494253  1.764351  2.258604
363.5  0.487716  1.748915  2.236631
364.0  0.479457  1.736539  2.215996
364.5  0.469714  1.730567  2.200281
365.0  0.458496  1.730177  2.188673
365.5  0.445514  1.734528  2.180041
366.0  0.430356  1.745475  2.175831
366.5  0.413021  1.764055  2.177076
367.0  0.394579  1.784436  2.179016
367.5  0.377454  1.802134  2.179588
368.0  0.364885  1.813063  2.177948
368.5  0.359659  1.814411  2.174070
369.0  0.362801  1.803039  2.165840
369.5  0.373088  1.777844  2.150933
370.0  0.387635  1.742937  2.130572
370.5  0.403080  1.703783  2.106863
371.0  0.416603  1.663835  2.080438
371.5  0.426316  1.626562  2.052878
372.0  0.431125  1.597725  2.028850
372.5  0.430419  1.579269  2.009688
373.0  0.423936  1.570939  1.994875
373.5  0.411872  1.574699  1.986571
374.0  0.395104  1.592191  1.987295
374.5  0.375278  1.620271  1.995550
375.0  0.354601  1.652159  2.006761
375.5  0.335353  1.685165  2.020518
376.0  0.319339  1.718934  2.038273
376.5  0.307631  1.750636  2.058268
377.0  0.300791  1.771056  2.071847
377.5  0.299408  1.780692  2.080101
378.0  0.304470  1.783017  2.087487
378.5  0.317064  1.776421  2.093484
379.0  0.337475  1.755769  2.093244
379.5  0.364321  1.722804  2.087124
380.0  0.394475  1.688269  2.082745
380.5  0.423968  1.656260  2.080228
381.0  0.449291  1.628037  2.077328
381.5  0.468336  1.607020  2.075355
382.0  0.480551  1.600515  2.081067
382.5  0.486470  1.607521  2.093991
383.0  0.487044  1.623719  2.110762
383.5  0.483183  1.649523  2.132706
384.0  0.475621  1.684890  2.160511
384.5  0.465018  1.725608  2.190626
385.0  0.452082  1.766937  2.219019
385.5  0.437562  1.804635  2.242197
386.0  0.422067  1.838264  2.260332
386.5  0.405892  1.866968  2.272860
387.0  0.389073  1.888304  2.277377
387.5  0.371820  1.910980  2.282800
388.0  0.355090  1.915887  2.270977
388.5  0.340823  1.947654  2.288478
389.0  0.331421  1.942733  2.274153
389.5  0.328595  1.961680  2.290276
390.0  0.332339  1.948118  2.280456
390.5  0.340768  1.945079  2.285846
391.0  0.350997  1.934293  2.285290
391.5  0.360430  1.924317  2.284747
392.0  0.367690  1.921142  2.288832
392.5  0.372788  1.912719  2.285507
393.0  0.376697  1.908021  2.284718
393.5  0.380752  1.911287  2.292039
394.0  0.386221  1.892013  2.278234
394.5  0.394128  1.904505  2.298633
395.0  0.405236  1.865681  2.270917
395.5  0.419979  1.885461  2.305440
396.0  0.438263  1.832384  2.270648
396.5  0.459176  1.846963  2.306139
397.0  0.480850  1.793051  2.273901
397.5  0.500737  1.803770  2.304507
398.0  0.516366  1.767654  2.284020
398.5  0.526228  1.773162  2.299390
399.0  0.530201  1.762741  2.292942
399.5  0.529062  1.765705  2.294766
400.0  0.523383  1.779835  2.303219
400.5  0.512688  1.782720  2.295408
401.0  0.495627  1.809605  2.305231
401.5  0.471104  1.822997  2.294100
402.0  0.439502  1.865468  2.304970
402.5  0.403142  1.896718  2.299860
403.0  0.365763  1.933146  2.298908
403.5  0.331423  1.969021  2.300443
404.0  0.303451  1.986641  2.290092
404.5  0.283861  2.017651  2.301513
405.0  0.273300  2.008758  2.282059
405.5  0.271342  2.025650  2.296992
406.0  0.276842  1.999858  2.276700
406.5  0.288129  2.000807  2.288936
407.0  0.303052  1.975613  2.278665
407.5  0.319072  1.957393  2.276465
408.0  0.333692  1.950020  2.283712
408.5  0.345290  1.917402  2.262692
409.0  0.353908  1.937260  2.291168
409.5  0.361294  1.894565  2.255859
410.0  0.369791  1.924825  2.294616
410.5  0.380604  1.875253  2.255857
411.0  0.392698  1.895763  2.288461
411.5  0.403218  1.862017  2.265235
412.0  0.409175  1.875555  2.284730
412.5  0.409189  1.868995  2.278183
413.0  0.404213  1.874964  2.279176
413.5  0.397020  1.888434  2.285454
414.0  0.390988  1.889780  2.280767
414.5  0.388930  1.900136  2.289066
415.0  0.392445  1.891248  2.283693
415.5  0.401840  1.884039  2.285879
416.0  0.416426  1.873100  2.289527
416.5  0.434839  1.846805  2.281643
417.0  0.455175  1.835969  2.291144
417.5  0.474947  1.802706  2.277653
418.0  0.491127  1.798834  2.289960
418.5  0.500655  1.775974  2.276629
419.0  0.501544  1.781046  2.282590
419.5  0.494094  1.788030  2.282124
420.0  0.481271  1.792122  2.273393
420.5  0.467566  1.822271  2.289837
421.0  0.456699  1.806248  2.262947
421.5  0.449641  1.849218  2.298859
422.0  0.444371  1.815063  2.259433
422.5  0.437455  1.864380  2.301835
423.0  0.426255  1.835237  2.261493
423.5  0.410317  1.890187  2.300505
424.0  0.391373  1.880869  2.272242
424.5  0.372363  1.925172  2.297535
425.0  0.356258  1.927580  2.283838
425.5  0.345283  1.948298  2.293581
426.0  0.340668  1.952744  2.293412
426.5  0.342765  1.950225  2.292990
427.0  0.351169  1.946201  2.297370
427.5  0.364641  1.930722  2.295363
428.0  0.380869  1.915406  2.296275
428.5  0.396453  1.901574  2.298027
429.0  0.407550  1.881921  2.289471
429.5  0.411295  1.892548  2.303842
430.0  0.407362  1.874238  2.281600
430.5  0.398530  1.906525  2.305056
431.0  0.389486  1.883282  2.272768
431.5  0.384346  1.920347  2.304692
432.0  0.384527  1.887071  2.271598
432.5  0.388411  1.909766  2.298177
433.0  0.392845  1.881130  2.273975
433.5  0.395183  1.891849  2.287032
434.0  0.394487  1.888707  2.283193
434.5  0.391429  1.883995  2.275424
435.0  0.387406  1.903775  2.291181
435.5  0.383626  1.883125  2.266751
436.0  0.380696  1.915149  2.295845
436.5  0.378730  1.886083  2.264813
437.0  0.377694  1.916626  2.294319
437.5  0.377577  1.892192  2.269770
438.0  0.378195  1.911759  2.289954
438.5  0.378717  1.897139  2.275856
439.0  0.377405  1.905230  2.282636
439.5  0.372101  1.906845  2.278946
440.0  0.361537  1.917305  2.278842
440.5  0.346802  1.931907  2.278709
441.0  0.331770  1.949608  2.281378
441.5  0.321752  1.952037  2.273790
442.0  0.320960  1.965457  2.286417
442.5  0.330450  1.936714  2.267163
443.0  0.347940  1.943934  2.291873
443.5  0.369456  1.892735  2.262191
444.0  0.391459  1.898344  2.289803
444.5  0.412094  1.854362  2.266456
445.0  0.431140  1.855484  2.286624
445.5  0.449180  1.827522  2.276702
446.0  0.466748  1.810878  2.277626
446.5  0.483949  1.807811  2.291760
447.0  0.500564  1.770023  2.270587
447.5  0.516310  1.787246  2.303556
448.0  0.530896  1.739459  2.270354
448.5  0.543655  1.766021  2.309676
449.0  0.552988  1.723895  2.276884
449.5  0.556155  1.753990  2.310145
450.0  0.549981  1.734391  2.284371
450.5  0.532532  1.773979  2.306510
451.0  0.504911  1.789298  2.294209
451.5  0.471841  1.833571  2.305412
452.0  0.440195  1.860616  2.300810
452.5  0.416031  1.886153  2.302185
453.0  0.401970  1.901051  2.303021
453.5  0.396551  1.905659  2.302210
454.0  0.395745  1.905049  2.300794
454.5  0.395302  1.906892  2.302194
455.0  0.392408  1.899844  2.292251
455.5  0.386060  1.917994  2.304055
456.0  0.376527  1.905334  2.281861
456.5  0.364645  1.944071  2.308716
457.0  0.351433  1.920638  2.272071
457.5  0.338052  1.971530  2.309582
458.0  0.325827  1.938657  2.264484
458.5  0.316000  1.988665  2.304665
459.0  0.309127  1.957424  2.266551
459.5  0.304385  1.991556  2.295941
460.0  0.299398  1.973054  2.272452
460.5  0.291111  1.990782  2.281893
461.0  0.277619  2.007837  2.285455
461.5  0.260042  2.017213  2.277254
462.0  0.243031  2.048873  2.291904
462.5  0.233136  2.040188  2.273324
463.0  0.235742  2.057295  2.293037
463.5  0.252473  2.027645  2.280119
464.0  0.280725  2.011857  2.292582
464.5  0.315357  1.969721  2.285078
465.0  0.351159  1.934722  2.285881
465.5  0.384549  1.904736  2.289285
466.0  0.413933  1.871350  2.285283
466.5  0.439156  1.847783  2.286939
467.0  0.460760  1.826967  2.287727
467.5  0.479536  1.802949  2.282484
468.0  0.496376  1.797031  2.293407
468.5  0.512188  1.759133  2.271321
469.0  0.527607  1.772553  2.300160
469.5  0.542466  1.725168  2.267634
470.0  0.555280  1.745544  2.300824
470.5  0.563236  1.701007  2.264243
471.0  0.563071  1.733250  2.296322
471.5  0.552728  1.722308  2.275037
472.0  0.532976  1.755880  2.288856
472.5  0.507835  1.777666  2.285501
473.0  0.483151  1.797392  2.280543
473.5  0.463907  1.834105  2.298013
474.0  0.451891  1.829517  2.281408
474.5  0.445207  1.860453  2.305660
475.0  0.439759  1.841549  2.281308
475.5  0.431542  1.872869  2.304411
476.0  0.418331  1.875150  2.293481
476.5  0.400151  1.906375  2.306526
477.0  0.378799  1.919902  2.298701
477.5  0.357059  1.943401  2.300460
478.0  0.338022  1.969964  2.307986
478.5  0.324605  1.978273  2.302879
479.0  0.319091  1.988975  2.308066
479.5  0.322538  1.978560  2.301098
480.0  0.334149  1.968402  2.302551
480.5  0.350905  1.954865  2.305771
481.0  0.367952  1.925943  2.293895
481.5  0.379987  1.929280  2.309267
482.0  0.383341  1.897443  2.280784
482.5  0.377821  1.935078  2.312899
483.0  0.367112  1.907730  2.274842
483.5  0.357166  1.956275  2.313440
484.0  0.353259  1.921536  2.274795
484.5  0.357402  1.949282  2.306684
485.0  0.367609  1.911326  2.278936
485.5  0.379224  1.919277  2.298501
486.0  0.387201  1.902612  2.289813
486.5  0.387985  1.903036  2.291021
487.0  0.380341  1.914679  2.295020
487.5  0.365274  1.925775  2.291049
488.0  0.345541  1.954665  2.300206
488.5  0.325068  1.965252  2.290320
489.0  0.308278  1.990551  2.298829
489.5  0.299240  1.997932  2.297172
490.0  0.300633  1.990930  2.291563
490.5  0.312801  1.982983  2.295784
491.0  0.333341  1.954005  2.287346
491.5  0.357651  1.940600  2.298251
492.0  0.380520  1.903215  2.283735
492.5  0.398272  1.890654  2.288926
493.0  0.410476  1.879786  2.290263
493.5  0.420138  1.860017  2.280154
494.0  0.432009  1.862678  2.294687
494.5  0.449829  1.816957  2.266786
495.0  0.474124  1.828304  2.302428
495.5  0.501875  1.763425  2.265300
496.0  0.528022  1.773473  2.301495
496.5  0.547647  1.720665  2.268312
497.0  0.557581  1.738608  2.296189
497.5  0.556935  1.725035  2.281970
498.0  0.546834  1.745748  2.292581
498.5  0.529868  1.766418  2.296286
499.0  0.509553  1.780634  2.290187
499.5  0.489754  1.814511  2.304265
500.0  0.473947  1.819921  2.293868
500.5  0.464266  1.844832  2.309098
501.0  0.460629  1.838743  2.299372
501.5  0.460387  1.846916  2.307304
502.0  0.458954  1.846958  2.305912
502.5  0.451452  1.852537  2.303988
503.0  0.434893  1.875925  2.310818
503.5  0.409850  1.890878  2.300727
504.0  0.380583  1.928767  2.309350
504.5  0.353260  1.944713  2.297973
505.0  0.333112  1.973448  2.306561
505.5  0.322120  1.980000  2.302120
506.0  0.318531  1.978684  2.297215
506.5  0.318225  1.988248  2.306473
507.0  0.316851  1.972404  2.289254
507.5  0.311497  2.002960  2.314457
508.0  0.301382  1.980952  2.282334
508.5  0.287735  2.031956  2.319691
509.0  0.273304  2.008373  2.281677
509.5  0.261761  2.060077  2.321838
510.0  0.256979  2.031813  2.288791
510.5  0.262126  2.056282  2.318408
511.0  0.278640  2.017681  2.296321
511.5  0.305402  2.005673  2.311075
512.0  0.338575  1.965503  2.304077
512.5  0.372425  1.933386  2.305810
513.0  0.401082  1.905090  2.306172
513.5  0.420651  1.882959  2.303610
514.0  0.430717  1.872601  2.303318
514.5  0.434335  1.872376  2.306712
515.0  0.436342  1.864434  2.300777
515.5  0.440804  1.867411  2.308215
516.0  0.449071  1.838661  2.287732
516.5  0.459485  1.848301  2.307786
517.0  0.468641  1.813857  2.282498
517.5  0.473206  1.827302  2.300509
518.0  0.471261  1.810932  2.282193
518.5  0.462751  1.830972  2.293722
519.0  0.449281  1.842437  2.291717
519.5  0.433623  1.847746  2.281369
520.0  0.419160  1.878190  2.297349
520.5  0.409233  1.864593  2.273826
521.0  0.406346  1.900792  2.307139
521.5  0.411291  1.860959  2.272250
522.0  0.422514  1.879581  2.302095
522.5  0.436149  1.839803  2.275953
523.0  0.446966  1.849241  2.296207
523.5  0.450140  1.834955  2.285096
524.0  0.443213  1.845749  2.288962
524.5  0.427295  1.863008  2.290303
525.0  0.406737  1.880562  2.287299
525.5  0.387262  1.907516  2.294778
526.0  0.373493  1.919823  2.293316
526.5  0.367266  1.926236  2.293501
527.0  0.367551  1.930474  2.298025
527.5  0.371719  1.919605  2.291324
528.0  0.377131  1.928367  2.305497
528.5  0.382157  1.906041  2.288198
529.0  0.386398  1.923085  2.309483
529.5  0.390397  1.902132  2.292529
530.0  0.395251  1.912809  2.308060
530.5  0.402297  1.893967  2.296264
531.0  0.412773  1.890047  2.302820
531.5  0.427330  1.880584  2.307913
532.0  0.445393  1.851007  2.296400
532.5  0.464665  1.850415  2.315081
533.0  0.481178  1.809109  2.290287
533.5  0.490182  1.831234  2.321416
534.0  0.487766  1.800326  2.288092
534.5  0.472556  1.847053  2.319608
535.0  0.446586  1.847239  2.293826
535.5  0.414726  1.906195  2.320921
536.0  0.382802  1.918082  2.300884
536.5  0.355446  1.955061  2.310507
537.0  0.334840  1.966426  2.301266
537.5  0.320862  1.986663  2.307525
538.0  0.312195  1.994991  2.307185
538.5  0.307485  1.997689  2.305174
539.0  0.305934  1.997703  2.303637
539.5  0.307294  1.998819  2.306113
540.0  0.311619  1.985522  2.297141
540.5  0.319099  1.990184  2.309284
541.0  0.330046  1.958611  2.288656
541.5  0.344834  1.968834  2.313668
542.0  0.363600  1.918718  2.282319
542.5  0.385664  1.924936  2.310600
543.0  0.408976  1.868322  2.277298
543.5  0.430061  1.872479  2.302540
544.0  0.444806  1.839929  2.284735
544.5  0.449976  1.839909  2.289886
545.0  0.444810  1.850617  2.295427
545.5  0.431755  1.849696  2.281451
546.0  0.415763  1.887941  2.303704
546.5  0.402374  1.874051  2.276425
547.0  0.395621  1.911494  2.307115
547.5  0.396863  1.886650  2.283513
548.0  0.404989  1.899953  2.304942
548.5  0.417533  1.872038  2.289571
549.0  0.431857  1.870768  2.302626
549.5  0.445830  1.851691  2.297522
550.0  0.457998  1.840228  2.298226
550.5  0.467522  1.832531  2.300054
551.0  0.474169  1.829110  2.303279
551.5  0.478337  1.822438  2.300776
552.0  0.480963  1.825123  2.306086
552.5  0.483098  1.810301  2.293399
553.0  0.485196  1.826854  2.312051
553.5  0.486437  1.801698  2.288134
554.0  0.484558  1.829757  2.314315
554.5  0.476542  1.806515  2.283057
555.0  0.460019  1.849426  2.309445
555.5  0.434737  1.849472  2.284209
556.0  0.403232  1.902457  2.305688
556.5  0.370149  1.921007  2.291157
557.0  0.340501  1.953319  2.293820
557.5  0.317807  1.985452  2.303259
558.0  0.303163  1.986032  2.289194
558.5  0.295573  2.016025  2.311597
559.0  0.293085  1.991459  2.284544
559.5  0.293907  2.022121  2.316027
560.0  0.296972  1.993766  2.290739
560.5  0.301958  2.014982  2.316941
561.0  0.309047  1.988913  2.297960
561.5  0.318721  1.994226  2.312947
562.0  0.331645  1.973713  2.305358
562.5  0.348498  1.959517  2.308015
563.0  0.369602  1.941081  2.310683
563.5  0.394379  1.911852  2.306230
564.0  0.420900  1.887615  2.308515
564.5  0.445924  1.857827  2.303751
565.0  0.465663  1.835748  2.301411
565.5  0.477107  1.830764  2.307870
566.0  0.479318  1.809296  2.288614
566.5  0.473952  1.838136  2.312088
567.0  0.464597  1.815342  2.279938
567.5  0.455223  1.860879  2.316102
568.0  0.448552  1.826276  2.274827
568.5  0.445195  1.868607  2.313802
569.0  0.443858  1.834396  2.278254
569.5  0.442256  1.862579  2.304835
570.0  0.438110  1.848494  2.286604
570.5  0.429812  1.866635  2.296447
571.0  0.416705  1.882882  2.299587
571.5  0.399143  1.891135  2.290278
572.0  0.378498  1.927192  2.305690
572.5  0.357069  1.932909  2.289978
573.0  0.337756  1.968486  2.306242
573.5  0.323386  1.967456  2.290843
574.0  0.315799  1.989512  2.305311
574.5  0.315076  1.985279  2.300355
575.0  0.319366  1.982150  2.301515
575.5  0.325597  1.976184  2.301781
576.0  0.330884  1.965647  2.296532
576.5  0.333990  1.966074  2.300064
577.0  0.336044  1.965206  2.301250
577.5  0.340066  1.954908  2.294974
578.0  0.349525  1.958776  2.308301
578.5  0.366701  1.918911  2.285612
579.0  0.391694  1.927777  2.319471
579.5  0.422429  1.856872  2.279301
580.0  0.455421  1.867776  2.323197
580.5  0.486744  1.795447  2.282191
581.0  0.512818  1.810720  2.323538
581.5  0.530910  1.754843  2.285753
582.0  0.539475  1.773948  2.313424
582.5  0.538420  1.763753  2.302173
583.0  0.529225  1.781886  2.311111
583.5  0.514737  1.796538  2.311275
584.0  0.498493  1.807482  2.305974
584.5  0.483660  1.839228  2.322887
585.0  0.471952  1.841213  2.313164
585.5  0.463050  1.840154  2.303204
586.0  0.454899  1.833246  2.288145
586.5  0.444846  1.837009  2.281855
587.0  0.431103  1.851083  2.282186
587.5  0.413760  1.868382  2.282142
588.0  0.394809  1.893371  2.288180
588.5  0.377199  1.925946  2.303145
589.0  0.363491  1.955814  2.319305
589.5  0.354865  1.981060  2.335926
590.0  0.350887  2.006771  2.357658
590.5  0.349924  2.028721  2.378644
591.0  0.349817  2.041094  2.390911
591.5  0.348457  2.049839  2.398297
592.0  0.344168  2.053815  2.397983
592.5  0.335989  2.049796  2.385786
593.0  0.323949  2.036996  2.360945
593.5  0.309248  2.016574  2.325822
594.0  0.294194  1.991311  2.285505
594.5  0.281728  1.961695  2.243422
595.0  0.274565  1.927857  2.202422
595.5  0.274267  1.895241  2.169508
596.0  0.280671  1.865314  2.145985
596.5  0.292058  1.838541  2.130599
597.0  0.306038  1.820103  2.126141
597.5  0.320731  1.806722  2.127454
598.0  0.335604  1.797887  2.133491
598.5  0.351487  1.789408  2.140894
599.0  0.369822  1.775477  2.145299
599.5  0.391639  1.754911  2.146550
600.0  0.416848  1.727489  2.144336
600.5  0.444157  1.690705  2.134862
601.0  0.471487  1.647332  2.118819
601.5  0.496532  1.607248  2.103781
602.0  0.517215  1.570817  2.088032
602.5  0.531963  1.537585  2.069548
603.0  0.539918  1.514940  2.054858
603.5  0.541132  1.514085  2.055217
604.0  0.536691  1.524781  2.061472
604.5  0.528616  1.540596  2.069212
605.0  0.519378  1.571418  2.090795
605.5  0.511087  1.615705  2.126792
606.0  0.504632  1.659978  2.164610
606.5  0.499200  1.703655  2.202855
607.0  0.492517  1.754290  2.246807
607.5  0.481815  1.807214  2.289028
608.0  0.465104  1.855509  2.320613
608.5  0.442119  1.905242  2.347361
609.0  0.414453  1.954734  2.369186
609.5  0.384883  1.998013  2.382896
610.0  0.356338  2.030653  2.386992
610.5  0.331088  2.059387  2.390475
611.0  0.310478  2.079354  2.389832
611.5  0.295107  2.091813  2.386919
612.0  0.285127  2.101429  2.386556
612.5  0.280435  2.108262  2.388697
613.0  0.280712  2.116213  2.396925
613.5  0.285476  2.126094  2.411570
614.0  0.294241  2.137647  2.431888
614.5  0.306763  2.149504  2.456268
615.0  0.323167  2.171874  2.495040
615.5  0.343758  2.193358  2.537116
616.0  0.368497  2.209531  2.578028
616.5  0.396347  2.220460  2.616808
617.0  0.424926  2.225585  2.650511
617.5  0.450775  2.223263  2.674038
618.0  0.470279  2.215797  2.686076
618.5  0.480807  2.204777  2.685584
619.0  0.481503  2.187824  2.669327
619.5  0.473322  2.168066  2.641388
620.0  0.458365  2.150804  2.609169
620.5  0.438971  2.134497  2.573469
621.0  0.417097  2.118872  2.535970
621.5  0.394191  2.108082  2.502273
622.0  0.371432  2.102605  2.474037
622.5  0.350002  2.105631  2.455632
623.0  0.331149  2.109959  2.441108
623.5  0.316073  2.116172  2.432245
624.0  0.305776  2.126857  2.432634
624.5  0.301048  2.132418  2.433466
625.0  0.302596  2.129545  2.432141
625.5  0.311152  2.116139  2.427291
626.0  0.327345  2.089207  2.416552
626.5  0.351259  2.048296  2.399555
627.0  0.381861  1.994854  2.376715
627.5  0.416673  1.927113  2.343786
628.0  0.452032  1.851793  2.303825
628.5  0.483957  1.775406  2.259363
629.0  0.509242  1.711845  2.221087
629.5  0.526213  1.667708  2.193921
630.0  0.534788  1.642881  2.177669
630.5  0.535919  1.637260  2.173179
631.0  0.530867  1.650625  2.181492
631.5  0.520756  1.683621  2.204377
632.0  0.506565  1.731243  2.237809
632.5  0.489357  1.787876  2.277233
633.0  0.470422  1.843746  2.314168
633.5  0.451185  1.900497  2.351682
634.0  0.432943  1.953163  2.386105
634.5  0.416640  1.997310  2.413949
635.0  0.402857  2.031410  2.434267
635.5  0.391991  2.058191  2.450181
636.0  0.384416  2.072901  2.457317
636.5  0.380407  2.076954  2.457361
637.0  0.379755  2.077751  2.457507
637.5  0.381319  2.074791  2.456110
638.0  0.382917  2.070390  2.453307
638.5  0.381839  2.072832  2.454671
639.0  0.375884  2.085825  2.461709
639.5  0.364400  2.109606  2.474006
640.0  0.348750  2.146291  2.495041
640.5  0.331898  2.196002  2.527900
641.0  0.317341  2.252410  2.569751
641.5  0.307937  2.310785  2.618722
642.0  0.305159  2.367424  2.672584
642.5  0.308968  2.420763  2.729731
643.0  0.318148  2.466396  2.784544
643.5  0.330807  2.499767  2.830575
644.0  0.344839  2.520198  2.865037
644.5  0.358310  2.530071  2.888381
645.0  0.369826  2.526147  2.895973
645.5  0.378889  2.512386  2.891275
646.0  0.386104  2.488669  2.874773
646.5  0.393024  2.461470  2.854493
647.0  0.401502  2.433520  2.835022
647.5  0.412721  2.400692  2.813413
648.0  0.426355  2.365612  2.791967
648.5  0.440388  2.340467  2.780855
649.0  0.451824  2.329276  2.781100
649.5  0.457973  2.325141  2.783114
650.0  0.457659  2.331423  2.789082
650.5  0.451706  2.349116  2.800822
651.0  0.442500  2.371227  2.813727
651.5  0.432974  2.383547  2.816521
652.0  0.425578  2.390142  2.815720
652.5  0.421699  2.387302  2.809002
653.0  0.421611  2.363272  2.784883
653.5  0.424743  2.322871  2.747614
654.0  0.429994  2.277672  2.707666
654.5  0.435966  2.223778  2.659744
655.0  0.441178  2.161517  2.602695
655.5  0.444373  2.109891  2.554264
656.0  0.444927  2.070241  2.515167
656.5  0.443161  2.042351  2.485512
657.0  0.440280  2.025069  2.465348
657.5  0.437742  2.026342  2.464084
658.0  0.436272  2.037314  2.473586
658.5  0.435057  2.053587  2.488644
659.0  0.431749  2.080192  2.511941
659.5  0.423455  2.114753  2.538208
660.0  0.408309  2.153697  2.562006
660.5  0.386748  2.194571  2.581319
661.0  0.361788  2.233882  2.595670
661.5  0.338128  2.262177  2.600304
662.0  0.320576  2.278071  2.598647
662.5  0.312540  2.276688  2.589227
663.0  0.315178  2.259748  2.574926
663.5  0.327358  2.230892  2.558251
664.0  0.346183  2.193702  2.539886
664.5  0.367751  2.158687  2.526438
665.0  0.387923  2.130152  2.518075
665.5  0.403073  2.116751  2.519824
666.0  0.410831  2.122335  2.533166
666.5  0.410740  2.152540  2.563280
667.0  0.404564  2.193393  2.597957
667.5  0.395890  2.247027  2.642916
668.0  0.388910  2.308334  2.697244
668.5  0.386730  2.366193  2.752923
669.0  0.389992  2.412959  2.802951
669.5  0.396616  2.451343  2.847959
670.0  0.402899  2.481766  2.884665
670.5  0.405415  2.505937  2.911352
671.0  0.402687  2.524639  2.927326
671.5  0.395799  2.538396  2.934195
672.0  0.387764  2.548686  2.936449
672.5  0.382138  2.551575  2.933713
673.0  0.381640  2.547739  2.929379
673.5  0.387335  2.536935  2.924270
674.0  0.398508  2.526342  2.924849
674.5  0.413041  2.519904  2.932945
675.0  0.428005  2.514991  2.942997
675.5  0.440301  2.519831  2.960133
676.0  0.447334  2.539207  2.986541
676.5  0.447709  2.566829  3.014538
677.0  0.441821  2.593173  3.034994
677.5  0.432042  2.621648  3.053689
678.0  0.422180  2.638622  3.060801
678.5  0.416164  2.635486  3.051650
679.0  0.416367  2.608232  3.024600
679.5  0.422408  2.563670  2.986077
680.0  0.431172  2.508123  2.939295
680.5  0.438194  2.449308  2.887502
681.0  0.439721  2.396360  2.836082
681.5  0.434381  2.356986  2.791367
682.0  0.423646  2.335507  2.759153
682.5  0.410992  2.327676  2.738668
683.0  0.400325  2.325513  2.725838
683.5  0.394503  2.334230  2.728733
684.0  0.394542  2.342763  2.737305
684.5  0.399581  2.347927  2.747509
685.0  0.407372  2.351202  2.758574
685.5  0.414948  2.352570  2.767518
686.0  0.419300  2.349519  2.768819
686.5  0.418066  2.344840  2.762906
687.0  0.410210  2.343756  2.753966
687.5  0.396595  2.341540  2.738135
688.0  0.380096  2.334772  2.714868
688.5  0.364967  2.321721  2.686687
689.0  0.355401  2.304130  2.659531
689.5  0.353778  2.277158  2.630936
690.0  0.359462  2.247033  2.606496
690.5  0.368918  2.221963  2.590882
691.0  0.377224  2.210669  2.587893
691.5  0.380257  2.213457  2.593713
692.0  0.376430  2.234539  2.610969
692.5  0.367158  2.271852  2.639009
693.0  0.355991  2.321868  2.677859
693.5  0.347025  2.377174  2.724199
694.0  0.343413  2.427077  2.770491
694.5  0.346532  2.469325  2.815857
695.0  0.355886  2.501443  2.857328
695.5  0.369505  2.520951  2.890457
696.0  0.384576  2.532095  2.916671
696.5  0.398140  2.536760  2.934900
697.0  0.407863  2.534747  2.942610
697.5  0.412801  2.532057  2.944858
698.0  0.413954  2.530019  2.943972
698.5  0.414252  2.530807  2.945059
699.0  0.417702  2.525896  2.943598
699.5  0.427769  2.518453  2.946221
700.0  0.445599  2.515300  2.960899
700.5  0.469029  2.517057  2.986086
701.0  0.493050  2.521470  3.014520
701.5  0.511660  2.534029  3.045688
702.0  0.520200  2.560552  3.080752
702.5  0.517006  2.598169  3.115175
703.0  0.503643  2.637634  3.141277
703.5  0.483821  2.669929  3.153750
704.0  0.461733  2.690619  3.152352
704.5  0.440644  2.696103  3.136747
705.0  0.422189  2.690026  3.112215
705.5  0.406367  2.670065  3.076432
706.0  0.391930  2.642707  3.034637
706.5  0.376940  2.616962  2.993902
707.0  0.359412  2.600434  2.959846
707.5  0.338052  2.595595  2.933647
708.0  0.313020  2.604852  2.917872
708.5  0.286466  2.624685  2.911151
709.0  0.262470  2.649876  2.912345
709.5  0.246128  2.672057  2.918185
710.0  0.241882  2.680098  2.921980
710.5  0.251733  2.673324  2.925057
711.0  0.274231  2.649414  2.923644
711.5  0.304909  2.609119  2.914029
712.0  0.338033  2.559307  2.897339
712.5  0.368768  2.506363  2.875131
713.0  0.394658  2.453158  2.847817
713.5  0.415761  2.402024  2.817785
714.0  0.433648  2.354830  2.788478
714.5  0.450035  2.315253  2.765288
715.0  0.465805  2.285514  2.751318
715.5  0.480724  2.264278  2.745002
716.0  0.493697  2.254800  2.748497
716.5  0.503193  2.261637  2.764829
717.0  0.507647  2.284988  2.792635
717.5  0.505826  2.323288  2.829114
718.0  0.497251  2.371244  2.868495
718.5  0.482629  2.424228  2.906857
719.0  0.464111  2.479973  2.944084
719.5  0.445065  2.536204  2.981269
720.0  0.429207  2.583855  3.013062
720.5  0.419290  2.614415  3.033704
721.0  0.415908  2.628137  3.044045
721.5  0.417138  2.633084  3.050222
722.0  0.419354  2.633660  3.053015
722.5  0.418900  2.632054  3.050954
723.0  0.413733  2.629566  3.043298
723.5  0.404152  2.630708  3.034860
724.0  0.392324  2.640347  3.032671
724.5  0.381037  2.654863  3.035900
725.0  0.372495  2.674895  3.047389
725.5  0.367724  2.698954  3.066677
726.0  0.366617  2.728807  3.095424
726.5  0.368286  2.763972  3.132259
727.0  0.371378  2.802946  3.174323
727.5  0.374293  2.843020  3.217314
728.0  0.375455  2.876908  3.252363
728.5  0.373739  2.902998  3.276737
729.0  0.369023  2.920997  3.290020
729.5  0.362566  2.924444  3.287010
730.0  0.356876  2.911350  3.268226
730.5  0.354902  2.885783  3.240685
731.0  0.358769  2.847108  3.205877
731.5  0.368663  2.804924  3.173586
732.0  0.382526  2.762527  3.145053
732.5  0.396873  2.727686  3.124559
733.0  0.408324  2.702512  3.110837
733.5  0.415011  2.689605  3.104616
734.0  0.417074  2.688752  3.105826
734.5  0.416118  2.696097  3.112214
735.0  0.414149  2.701238  3.115387
735.5  0.412722  2.699443  3.112165
736.0  0.412683  2.690814  3.103497
736.5  0.414345  2.676544  3.090889
737.0  0.417698  2.652230  3.069928
737.5  0.422415  2.614159  3.036574
738.0  0.427724  2.570205  2.997929
738.5  0.432433  2.530746  2.963179
739.0  0.435294  2.486758  2.922052
739.5  0.435607  2.448249  2.883856
740.0  0.433719  2.418906  2.852625
740.5  0.431019  2.399003  2.830022
741.0  0.429266  2.393464  2.822730
741.5  0.429506  2.389953  2.819459
742.0  0.431216  2.389775  2.820991
742.5  0.432277  2.406689  2.838966
743.0  0.429933  2.437410  2.867342
743.5  0.422238  2.473497  2.895735
744.0  0.409084  2.510465  2.919548
744.5  0.392189  2.553154  2.945343
745.0  0.374151  2.600610  2.974760
745.5  0.357285  2.639917  2.997203
746.0  0.343027  2.663973  3.007000
746.5  0.332060  2.675102  3.007162
747.0  0.324814  2.680166  3.004980
747.5  0.321758  2.677534  2.999292
748.0  0.323292  2.669104  2.992396
748.5  0.329400  2.656476  2.985876
749.0  0.339463  2.644811  2.984274
749.5  0.352461  2.640725  2.993186
750.0  0.367469  2.642361  3.009830
750.5  0.384063  2.654075  3.038139
751.0  0.402294  2.676438  3.078732
751.5  0.422098  2.702296  3.124393
752.0  0.442502  2.731749  3.174251
752.5  0.461206  2.760457  3.221663
753.0  0.475006  2.783611  3.258618
753.5  0.481026  2.803347  3.284373
754.0  0.478080  2.821719  3.299799
754.5  0.467342  2.836597  3.303939
755.0  0.451848  2.842632  3.294480
755.5  0.435155  2.840053  3.275208
756.0  0.420002  2.831730  3.251732
756.5  0.407702  2.820991  3.228693
757.0  0.398394  2.810466  3.208860
757.5  0.391701  2.802852  3.194553
758.0  0.387218  2.798506  3.185724
758.5  0.384604  2.797113  3.181717
759.0  0.383433  2.795033  3.178466
759.5  0.383150  2.796247  3.179398
760.0  0.383289  2.804019  3.187308
760.5  0.383844  2.806707  3.190551
761.0  0.385469  2.795325  3.180795
761.5  0.389220  2.774327  3.163548
762.0  0.395843  2.744706  3.140549
762.5  0.404991  2.701946  3.106938
763.0  0.414897  2.644888  3.059785
763.5  0.422859  2.582491  3.005349
764.0  0.426397  2.530445  2.956842
764.5  0.424452  2.490267  2.914720
765.0  0.417880  2.458168  2.876048
765.5  0.408929  2.439563  2.848492
766.0  0.400073  2.437098  2.837171
766.5  0.392960  2.445897  2.838857
767.0  0.388075  2.459812  2.847887
767.5  0.385124  2.481227  2.866351
768.0  0.383662  2.510309  2.893971
768.5  0.383464  2.539796  2.923259
769.0  0.384489  2.563741  2.948230
769.5  0.386650  2.579754  2.966404
770.0  0.389698  2.591028  2.980725
770.5  0.393358  2.592392  2.985749
771.0  0.397598  2.587358  2.984956
771.5  0.402718  2.576990  2.979708
772.0  0.409053  2.556941  2.965994
772.5  0.416400  2.529797  2.946197
773.0  0.423541  2.502915  2.926456
773.5  0.428332  2.478659  2.906992
774.0  0.428531  2.460764  2.889295
774.5  0.423024  2.456289  2.879313
775.0  0.412768  2.469094  2.881862
775.5  0.400769  2.494632  2.895400
776.0  0.390968  2.529612  2.920579
776.5  0.386568  2.569778  2.956346
777.0  0.388692  2.614534  3.003226
777.5  0.396047  2.659330  3.055376
778.0  0.405634  2.700478  3.106112
778.5  0.413982  2.736393  3.150375
779.0  0.418253  2.770722  3.188975
779.5  0.416869  2.798835  3.215704
780.0  0.409666  2.817846  3.227512
780.5  0.397776  2.828615  3.226391
781.0  0.383398  2.835273  3.218671
781.5  0.369443  2.837320  3.206763
782.0  0.358940  2.831539  3.190479
782.5  0.354225  2.824549  3.178775
783.0  0.356122  2.816437  3.172559
783.5  0.363520  2.809887  3.173407
784.0  0.373707  2.806585  3.180292
784.5  0.383478  2.811920  3.195398
785.0  0.390605  2.820715  3.211321
785.5  0.394922  2.826914  3.221837
786.0  0.398401  2.827165  3.225566
786.5  0.404111  2.825043  3.229154
787.0  0.414603  2.801913  3.216515
787.5  0.430567  2.759496  3.190063
788.0  0.450444  2.708102  3.158546
788.5  0.471005  2.646796  3.117801
789.0  0.488456  2.577344  3.065800
789.5  0.499473  2.514167  3.013640
790.0  0.501858  2.467888  2.969747
790.5  0.494846  2.431821  2.926667
791.0  0.479188  2.412201  2.891389
791.5  0.457074  2.410070  2.867144
792.0  0.431780  2.423795  2.855575
792.5  0.406947  2.443284  2.850231
793.0  0.385577  2.470105  2.855682
793.5  0.369100  2.495661  2.864760
794.0  0.356984  2.519297  2.876280
794.5  0.347164  2.544096  2.891261
795.0  0.337225  2.569120  2.906345
795.5  0.325818  2.585199  2.911017
796.0  0.313619  2.595334  2.908954
796.5  0.303278  2.597888  2.901166
797.0  0.298299  2.586524  2.884824
797.5  0.301412  2.556965  2.858376
798.0  0.313246  2.511675  2.824921
798.5  0.331966  2.461938  2.793904
799.0  0.353911  2.411061  2.764972
799.5  0.374812  2.364349  2.739161
800.0  0.390966  2.335272  2.726238
800.5  0.400034  2.326990  2.727024
801.0  0.401404  2.341002  2.742406
801.5  0.396261  2.375985  2.772247
802.0  0.387390  2.427038  2.814427
802.5  0.378648  2.486706  2.865354
803.0  0.374048  2.544349  2.918397
803.5  0.376578  2.591275  2.967853
804.0  0.387178  2.625145  3.012323
804.5  0.404335  2.641056  3.045391
805.0  0.424588  2.643195  3.067783
805.5  0.443847  2.637291  3.081138
806.0  0.458970  2.629948  3.088918
806.5  0.468906  2.623936  3.092842
807.0  0.474854  2.611759  3.086613
807.5  0.479370  2.601553  3.080923
808.0  0.484915  2.594526  3.079440
808.5  0.492578  2.591592  3.084170
809.0  0.501577  2.590961  3.092538
809.5  0.509636  2.593337  3.102972
810.0  0.513908  2.606932  3.120840
810.5  0.511942  2.635881  3.147823
811.0  0.502384  2.673047  3.175431
811.5  0.485346  2.711702  3.197048
812.0  0.462487  2.750267  3.212754
812.5  0.436799  2.782366  3.219165
813.0  0.412010  2.802370  3.214380
813.5  0.391608  2.802026  3.193634
814.0  0.377728  2.779669  3.157397
814.5  0.370334  2.736888  3.107222
815.0  0.367150  2.682593  3.049743
815.5  0.364471  2.627725  2.992196
816.0  0.358631  2.580763  2.939394
816.5  0.347552  2.545415  2.892966
817.0  0.331684  2.520583  2.852267
817.5  0.313902  2.514332  2.828234
818.0  0.298339  2.516967  2.815306
818.5  0.288709  2.522005  2.810714
819.0  0.286901  2.524280  2.811181
819.5  0.292464  2.524368  2.816832
820.0  0.303095  2.515110  2.818204
820.5  0.315732  2.501543  2.817276
821.0  0.327673  2.483664  2.811337
821.5  0.337313  2.461586  2.798899
822.0  0.344416  2.434792  2.779209
822.5  0.350021  2.401204  2.751225
823.0  0.356072  2.361634  2.717707
823.5  0.364842  2.310543  2.675384
824.0  0.378175  2.257805  2.635980
824.5  0.396726  2.195344  2.592070
825.0  0.419454  2.133913  2.553366
825.5  0.443645  2.078271  2.521916
826.0  0.465570  2.035652  2.501222
826.5  0.481626  2.008127  2.489752
827.0  0.489563  2.007978  2.497541
827.5  0.489268  2.029534  2.518802
828.0  0.482701  2.064056  2.546757
828.5  0.472988  2.108653  2.581641
829.0  0.463092  2.156143  2.619235
829.5  0.454716  2.202762  2.657479
830.0  0.447964  2.242599  2.690563
830.5  0.441786  2.278597  2.720383
831.0  0.434866  2.308132  2.742998
831.5  0.426442  2.328427  2.754869
832.0  0.416719  2.343652  2.760371
832.5  0.406846  2.356777  2.763623
833.0  0.398587  2.365742  2.764329
833.5  0.393861  2.366764  2.760625
834.0  0.394246  2.372371  2.766618
834.5  0.400510  2.380473  2.780984
835.0  0.412223  2.386789  2.799013
835.5  0.427601  2.397523  2.825124
836.0  0.443687  2.417855  2.861543
836.5  0.456956  2.443340  2.900295
837.0  0.464237  2.474985  2.939222
837.5  0.463717  2.512030  2.975747
838.0  0.455576  2.546926  3.002502
838.5  0.441906  2.572671  3.014577
839.0  0.425845  2.586415  3.012260
839.5  0.410291  2.589058  2.999349
840.0  0.396812  2.573232  2.970044
840.5  0.385268  2.546424  2.931692
841.0  0.374259  2.519072  2.893332
841.5  0.362059  2.494432  2.856491
842.0  0.347518  2.474318  2.821836
842.5  0.330559  2.462146  2.792706
843.0  0.312206  2.459756  2.771962
843.5  0.294299  2.463915  2.758214
844.0  0.279129  2.474486  2.753614
844.5  0.269051  2.481847  2.750898
845.0  0.266056  2.485710  2.751766
845.5  0.271261  2.482429  2.753690
846.0  0.284447  2.467064  2.751512
846.5  0.303870  2.439832  2.743703
847.0  0.326577  2.402898  2.729475
847.5  0.349234  2.360631  2.709864
848.0  0.369204  2.311798  2.681002
848.5  0.385378  2.260060  2.645438
849.0  0.398339  2.204450  2.602789
849.5  0.409763  2.146646  2.556410
850.0  0.421386  2.088837  2.510223
850.5  0.434094  2.032538  2.466633
851.0  0.447608  1.974889  2.422497
851.5  0.460814  1.928972  2.389786
852.0  0.472438  1.902451  2.374889
852.5  0.481615  1.883520  2.365135
853.0  0.488068  1.879849  2.367917
853.5  0.491932  1.886133  2.378065
854.0  0.493477  1.899285  2.392762
854.5  0.492963  1.917925  2.410888
855.0  0.490690  1.941580  2.432270
855.5  0.487096  1.967921  2.455018
856.0  0.482705  1.989523  2.472228
856.5  0.477853  2.000892  2.478745
857.0  0.472364  2.008374  2.480739
857.5  0.465452  2.012250  2.477701
858.0  0.456043  2.017118  2.473162
858.5  0.443456  2.023730  2.467186
859.0  0.428044  2.033780  2.461824
859.5  0.411383  2.052742  2.464125
860.0  0.395833  2.076719  2.472552
860.5  0.383663  2.102102  2.485765
861.0  0.376245  2.131432  2.507677
861.5  0.373713  2.169282  2.542995
862.0  0.375197  2.210069  2.585265
862.5  0.379361  2.247621  2.626982
863.0  0.384888  2.280488  2.665376
863.5  0.390643  2.309935  2.700578
864.0  0.395580  2.324561  2.720141
864.5  0.398632  2.333095  2.731728
865.0  0.398802  2.331263  2.730065
865.5  0.395467  2.319379  2.714847
866.0  0.388688  2.303695  2.692383
866.5  0.379237  2.284085  2.663322
867.0  0.368260  2.268486  2.636746
867.5  0.356752  2.256047  2.612799
868.0  0.345211  2.249279  2.594490
868.5  0.333752  2.247661  2.581413
869.0  0.322634  2.251349  2.573983
869.5  0.312820  2.259871  2.572691
870.0  0.306114  2.267943  2.574057
870.5  0.304676  2.275687  2.580364
871.0  0.310159  2.279592  2.589751
871.5  0.322929  2.275269  2.598198
872.0  0.341832  2.254507  2.596339
872.5  0.364591  2.222917  2.587508
873.0  0.388587  2.189105  2.577692
873.5  0.411593  2.152409  2.564002
874.0  0.432128  2.108189  2.540316
874.5  0.449384  2.058491  2.507874
875.0  0.462936  2.007834  2.470770
875.5  0.472522  1.959957  2.432479
876.0  0.478036  1.913608  2.391644
876.5  0.479664  1.871495  2.351159
877.0  0.477932  1.840771  2.318703
877.5  0.473493  1.819497  2.292990
878.0  0.466755  1.803415  2.270171
878.5  0.457640  1.794465  2.252104
879.0  0.445757  1.796754  2.242511
879.5  0.430987  1.810135  2.241122
880.0  0.414082  1.832838  2.246921
880.5  0.396862  1.857548  2.254410
881.0  0.381769  1.875658  2.257427
881.5  0.371024  1.890801  2.261826
882.0  0.365851  1.898696  2.264548
882.5  0.366192  1.895806  2.261999
883.0  0.370993  1.880920  2.251913
883.5  0.378803  1.858725  2.237528
884.0  0.388291  1.834885  2.223176
884.5  0.398431  1.806008  2.204439
885.0  0.408390  1.784319  2.192709
885.5  0.417346  1.771834  2.189180
886.0  0.424498  1.770335  2.194832
886.5  0.429298  1.777580  2.206878
887.0  0.431742  1.796586  2.228327
887.5  0.432420  1.826133  2.258553
888.0  0.432203  1.862622  2.294825
888.5  0.431685  1.899085  2.330770
889.0  0.430778  1.932585  2.363363
889.5  0.428783  1.958978  2.387761
890.0  0.424958  1.982674  2.407632
890.5  0.419190  1.998935  2.418125
891.0  0.412305  2.007494  2.419799
891.5  0.405741  2.012568  2.418309
892.0  0.400775  2.010277  2.411052
892.5  0.397810  2.003244  2.401054
893.0  0.396151  1.993427  2.389578
893.5  0.394390  1.990039  2.384429
894.0  0.391113  1.991405  2.382517
894.5  0.385469  1.998967  2.384436
895.0  0.377351  2.008883  2.386233
895.5  0.367188  2.025092  2.392280
896.0  0.355667  2.051341  2.407008
896.5  0.343623  2.083422  2.427045
897.0  0.332150  2.107820  2.439969
897.5  0.322715  2.120610  2.443325
898.0  0.316999  2.127668  2.444667
898.5  0.316359  2.131500  2.447860
899.0  0.321168  2.124171  2.445340
899.5  0.330474  2.099687  2.430161
900.0  0.342330  2.060828  2.403158
900.5  0.354702  2.016146  2.370848
901.0  0.366443  1.971972  2.338415
901.5  0.377759  1.929705  2.307463
902.0  0.389883  1.885920  2.275802
902.5  0.404196  1.839266  2.243461
903.0  0.421334  1.792194  2.213527
903.5  0.440781  1.748931  2.189712
904.0  0.461081  1.714081  2.175163
904.5  0.480398  1.685998  2.166396
905.0  0.497029  1.659412  2.156441
905.5  0.509637  1.641342  2.150979
906.0  0.517253  1.631359  2.148613
906.5  0.519272  1.631007  2.150279
907.0  0.515574  1.634260  2.149834
907.5  0.506745  1.636667  2.143412
908.0  0.494150  1.639106  2.133257
908.5  0.479668  1.644349  2.124017
909.0  0.465062  1.646053  2.111115
909.5  0.451287  1.640624  2.091910
910.0  0.438157  1.627751  2.065908
910.5  0.424656  1.617964  2.042619
911.0  0.409767  1.610852  2.020619
911.5  0.393341  1.612642  2.005982
912.0  0.376448  1.621074  1.997522
912.5  0.360979  1.638409  1.999388
913.0  0.348725  1.660437  2.009161
913.5  0.340495  1.684855  2.025350
914.0  0.335814  1.711044  2.046858
914.5  0.333312  1.738744  2.072056
915.0  0.331510  1.763827  2.095338
915.5  0.329482  1.784731  2.114213
916.0  0.327063  1.800698  2.127760
916.5  0.324650  1.816874  2.141524
917.0  0.322888  1.822837  2.145725
917.5  0.322527  1.821789  2.144316
918.0  0.324497  1.820063  2.144560
918.5  0.329975  1.819451  2.149426
919.0  0.340174  1.812748  2.152923
919.5  0.355787  1.798590  2.154378
920.0  0.376350  1.785656  2.162006
920.5  0.399999  1.780371  2.180369
921.0  0.423904  1.776547  2.200451
921.5  0.445236  1.777788  2.223024
922.0  0.462157  1.781617  2.243773
922.5  0.474263  1.797481  2.271743
923.0  0.482259  1.816257  2.298516
923.5  0.487101  1.835494  2.322595
924.0  0.489178  1.851056  2.340233
924.5  0.488042  1.864864  2.352906
925.0  0.482788  1.875203  2.357992
925.5  0.472751  1.883102  2.355852
926.0  0.458012  1.890040  2.348053
926.5  0.439431  1.894574  2.334005
927.0  0.418269  1.899039  2.317308
927.5  0.395797  1.903877  2.299674
928.0  0.373176  1.908556  2.281732
928.5  0.351642  1.911588  2.263231
929.0  0.332715  1.913542  2.246257
929.5  0.318069  1.914070  2.232139
930.0  0.309015  1.918096  2.227111
930.5  0.305886  1.921882  2.227769
931.0  0.307815  1.921186  2.229000
931.5  0.313156  1.917638  2.230793
932.0  0.320377  1.915823  2.236200
932.5  0.328864  1.915343  2.244207
933.0  0.339120  1.909856  2.248976
933.5  0.352204  1.897261  2.249466
934.0  0.368736  1.876060  2.244796
934.5  0.388109  1.842641  2.230750
935.0  0.408422  1.799363  2.207785
935.5  0.427177  1.753920  2.181097
936.0  0.442282  1.706691  2.148973
936.5  0.452750  1.666237  2.118987
937.0  0.458755  1.630985  2.089741
937.5  0.461192  1.602719  2.063911
938.0  0.461186  1.582878  2.044064
938.5  0.459910  1.575351  2.035261
939.0  0.458690  1.575162  2.033852
939.5  0.459042  1.578926  2.037968
940.0  0.462331  1.583946  2.046278
940.5  0.469066  1.589764  2.058830
941.0  0.478276  1.591644  2.069920
941.5  0.487478  1.591827  2.079304
942.0  0.493427  1.595524  2.088950
942.5  0.493346  1.601702  2.095049
943.0  0.486018  1.608991  2.095009
943.5  0.472187  1.619967  2.092154
944.0  0.454112  1.635325  2.089437
944.5  0.434564  1.647942  2.082505
945.0  0.415833  1.664034  2.079867
945.5  0.399238  1.677751  2.076989
946.0  0.385239  1.692772  2.078011
946.5  0.373860  1.712003  2.085863
947.0  0.364982  1.737287  2.102269
947.5  0.358289  1.769996  2.128285
948.0  0.353053  1.806084  2.159137
948.5  0.348123  1.843117  2.191240
949.0  0.342326  1.886780  2.229106
949.5  0.335105  1.934224  2.269330
950.0  0.326921  1.979993  2.306914
950.5  0.319046  2.020686  2.339732
951.0  0.312834  2.049384  2.362219
951.5  0.308930  2.066373  2.375303
952.0  0.306999  2.075134  2.382133
952.5  0.306160  2.078215  2.384376
953.0  0.305817  2.077123  2.382940
953.5  0.306309  2.073853  2.380162
954.0  0.308939  2.065836  2.374775
954.5  0.315349  2.051478  2.366827
955.0  0.326653  2.038129  2.364782
955.5  0.342862  2.024922  2.367785
956.0  0.362931  2.015258  2.378188
956.5  0.385314  2.008073  2.393387
957.0  0.408604  2.000672  2.409276
957.5  0.431806  1.999989  2.431795
958.0  0.454171  2.005461  2.459632
958.5  0.474866  2.015678  2.490544
959.0  0.492866  2.026439  2.519306
959.5  0.507230  2.037104  2.544333
960.0  0.517512  2.040822  2.558334
960.5  0.523941  2.039544  2.563485
961.0  0.527087  2.032450  2.559537
961.5  0.527217  2.018395  2.545613
962.0  0.523794  1.995903  2.519698
962.5  0.515555  1.963902  2.479457
963.0  0.501218  1.937873  2.439090
963.5  0.480426  1.919407  2.399832
964.0  0.454362  1.909009  2.363371
964.5  0.425670  1.902965  2.328634
965.0  0.397714  1.906066  2.303780
965.5  0.373588  1.914569  2.288157
966.0  0.355357  1.923526  2.278883
966.5  0.343869  1.930587  2.274456
967.0  0.339039  1.933279  2.272318
967.5  0.340294  1.933888  2.274182
968.0  0.346821  1.926639  2.273460
968.5  0.357544  1.912674  2.270218
969.0  0.371023  1.891123  2.262146
969.5  0.385541  1.862250  2.247791
970.0  0.399439  1.825967  2.225406
970.5  0.411506  1.785236  2.196742
971.0  0.421115  1.750922  2.172037
971.5  0.427968  1.717927  2.145895
972.0  0.431655  1.685822  2.117478
972.5  0.431412  1.663371  2.094782
973.0  0.426337  1.660341  2.086678
973.5  0.416024  1.673614  2.089637
974.0  0.401177  1.700634  2.101810
974.5  0.383793  1.737602  2.121394
975.0  0.366688  1.785146  2.151834
975.5  0.352566  1.837514  2.190080
976.0  0.343081  1.882981  2.226062
976.5  0.338385  1.920711  2.259095
977.0  0.337352  1.953426  2.290778
977.5  0.338302  1.977962  2.316264
978.0  0.339780  1.996959  2.336739
978.5  0.340982  2.009200  2.350183
979.0  0.341737  2.015328  2.357065
979.5  0.342234  2.020551  2.362785
980.0  0.342797  2.020205  2.363002
980.5  0.343847  2.015261  2.359108
981.0  0.345927  2.012982  2.358909
981.5  0.349611  2.015997  2.365608
982.0  0.355222  2.015190  2.370412
982.5  0.362545  2.021002  2.383546
983.0  0.370824  2.039844  2.410668
983.5  0.379153  2.067147  2.446300
984.0  0.387086  2.099590  2.486676
984.5  0.395095  2.140640  2.535735
985.0  0.404532  2.184380  2.588912
985.5  0.417046  2.220799  2.637844
986.0  0.433702  2.246037  2.679739
986.5  0.454254  2.259504  2.713758
987.0  0.476955  2.261863  2.738818
987.5  0.499027  2.251749  2.750776
988.0  0.517538  2.230962  2.748500
988.5  0.530263  2.204128  2.734391
989.0  0.536137  2.179410  2.715546
989.5  0.535230  2.157653  2.692883
990.0  0.528432  2.139670  2.668101
990.5  0.517102  2.129265  2.646366
991.0  0.502827  2.129145  2.631972
991.5  0.487199  2.134325  2.621524
992.0  0.471512  2.144435  2.615946
992.5  0.456424  2.162618  2.619042
993.0  0.441784  2.183317  2.625100
993.5  0.426847  2.206193  2.633040
994.0  0.410883  2.230207  2.641090
994.5  0.393891  2.252536  2.646427
995.0  0.377024  2.267076  2.644100
995.5  0.362413  2.275464  2.637877
996.0  0.352418  2.267978  2.620396
996.5  0.348613  2.240139  2.588752
997.0  0.350975  2.196113  2.547088
997.5  0.357672  2.142315  2.499987
998.0  0.365549  2.083359  2.448909
998.5  0.371106  2.027394  2.398499
999.0  0.371518  1.981676  2.353194
999.5  0.365356  1.954189  2.319545
1000.0  0.352812  1.941214  2.294025
