0.0  1.24730883
0.5  1.26897053
1.0  1.29532198
1.5  1.32437403
2.0  1.35303676
2.5  1.37709445
3.0  1.39262650
3.5  1.39681405
4.0  1.38920212
4.5  1.37112733
5.0  1.34565462
5.5  1.31765485
6.0  1.29158847
6.5  1.27164308
7.0  1.25924187
7.5  1.25568043
8.0  1.25927818
8.5  1.26887452
9.0  1.28225686
9.5  1.29898629
10.0  1.31825641
10.5  1.33992901
11.0  1.36368916
11.5  1.38816329
12.0  1.41172871
12.5  1.43103907
13.0  1.44285910
13.5  1.44458332
14.0  1.43418650
14.5  1.41176866
15.0  1.37888680
15.5  1.33862837
16.0  1.29459660
16.5  1.25171378
17.0  1.21282181
17.5  1.17978174
18.0  1.15368289
18.5  1.13484995
19.0  1.12326076
19.5  1.11817531
20.0  1.12057894
20.5  1.12984089
21.0  1.14722972
21.5  1.17190280
22.0  1.20358033
22.5  1.23962988
23.0  1.27805328
23.5  1.31517502
24.0  1.34803009
24.5  1.37401044
25.0  1.39253269
25.5  1.40381077
26.0  1.40928622
26.5  1.41082357
27.0  1.41005544
27.5  1.40817467
28.0  1.40651344
28.5  1.40398777
29.0  1.39930838
29.5  1.39132239
30.0  1.38010210
30.5  1.36529351
31.0  1.34776239
31.5  1.32895197
32.0  1.31054339
32.5  1.29375995
33.0  1.27886530
33.5  1.26566692
34.0  1.25296699
34.5  1.24106923
35.0  1.22899475
35.5  1.21775633
36.0  1.20768517
36.5  1.20071381
37.0  1.19725068
37.5  1.19856470
38.0  1.20429646
38.5  1.21391175
39.0  1.22639586
39.5  1.23994674
40.0  1.25326466
40.5  1.26488278
41.0  1.27478076
41.5  1.28328502
42.0  1.29122745
42.5  1.29983381
43.0  1.30936072
43.5  1.32026818
44.0  1.33098872
44.5  1.34095912
45.0  1.34859519
45.5  1.35387925
46.0  1.35578754
46.5  1.35568033
47.0  1.35397741
47.5  1.35158451
48.0  1.34936837
48.5  1.34709871
49.0  1.34494834
49.5  1.34183426
50.0  1.33756314
50.5  1.33099410
51.0  1.32202034
51.5  1.31105450
52.0  1.29950884
52.5  1.28903105
53.0  1.28157395
53.5  1.27835456
54.0  1.27830921
54.5  1.28098429
55.0  1.28481215
55.5  1.28712759
56.0  1.28741809
56.5  1.28497765
57.0  1.28042214
57.5  1.27396356
58.0  1.26859919
58.5  1.26448214
59.0  1.26374691
59.5  1.26552152
60.0  1.27083291
60.5  1.27777185
61.0  1.28558274
61.5  1.29342932
62.0  1.30098451
62.5  1.30905461
63.0  1.31873362
63.5  1.33099095
64.0  1.34563843
64.5  1.36127140
65.0  1.37604199
65.5  1.38769167
66.0  1.39466348
66.5  1.39529365
67.0  1.39011151
67.5  1.37891232
68.0  1.36386702
68.5  1.34616860
69.0  1.32724462
69.5  1.30759868
70.0  1.28786362
70.5  1.26834771
71.0  1.24796343
71.5  1.22720018
72.0  1.20641955
72.5  1.18860365
73.0  1.17542110
73.5  1.17090200
74.0  1.17611468
74.5  1.19154694
75.0  1.21458746
75.5  1.24222328
76.0  1.27057143
76.5  1.29546576
77.0  1.31411978
77.5  1.32477192
78.0  1.32796591
78.5  1.32529153
79.0  1.31843849
79.5  1.31092969
80.0  1.30413816
80.5  1.30001715
81.0  1.29777378
81.5  1.29790425
82.0  1.29806306
82.5  1.29845577
83.0  1.29958480
83.5  1.30305512
84.0  1.31140905
84.5  1.32590425
85.0  1.34584368
85.5  1.36865243
86.0  1.39145643
86.5  1.41030553
87.0  1.42189473
87.5  1.42302217
88.0  1.41419628
88.5  1.39589321
89.0  1.37058236
89.5  1.34134484
90.0  1.31126626
90.5  1.28222451
91.0  1.25622963
91.5  1.23313743
92.0  1.21274976
92.5  1.19438527
93.0  1.17884902
93.5  1.16714890
94.0  1.16242802
94.5  1.16559422
95.0  1.17880543
95.5  1.20077719
96.0  1.22908578
96.5  1.25946798
97.0  1.28874352
97.5  1.31341876
98.0  1.33126730
98.5  1.34135727
99.0  1.34471166
99.5  1.34376008
100.0  1.34012230
100.5  1.33545672
101.0  1.33156714
101.5  1.32926070
102.0  1.32772330
102.5  1.32599993
103.0  1.32326790
103.5  1.32049081
104.0  1.31842850
104.5  1.31910373
105.0  1.32381722
105.5  1.33403909
106.0  1.34767572
106.5  1.36334314
107.0  1.37778223
107.5  1.38876761
108.0  1.39377479
108.5  1.39236363
109.0  1.38437662
109.5  1.37149833
110.0  1.35582758
110.5  1.33826847
111.0  1.32044969
111.5  1.30315099
112.0  1.28662072
112.5  1.27027173
113.0  1.25386340
113.5  1.23799321
114.0  1.22329932
114.5  1.21209141
115.0  1.20556630
115.5  1.20453697
116.0  1.20900061
116.5  1.21813996
117.0  1.22993803
117.5  1.24166615
118.0  1.25114463
118.5  1.25727441
119.0  1.26131374
119.5  1.26374189
120.0  1.26687563
120.5  1.27225418
121.0  1.28237573
121.5  1.29685189
122.0  1.31459186
122.5  1.33310200
123.0  1.34998583
123.5  1.36322648
124.0  1.37165528
124.5  1.37558772
125.0  1.37595351
125.5  1.37428558
126.0  1.37134907
126.5  1.36709576
127.0  1.36076021
127.5  1.35123743
128.0  1.33755942
128.5  1.31893561
129.0  1.29584814
129.5  1.26999881
130.0  1.24393897
130.5  1.22089801
131.0  1.20280642
131.5  1.19160743
132.0  1.18750772
132.5  1.19064680
133.0  1.19853936
133.5  1.20945262
134.0  1.22125154
134.5  1.23415500
135.0  1.24864768
135.5  1.26610541
136.0  1.28564199
136.5  1.30743879
137.0  1.33105392
137.5  1.35469161
138.0  1.37563241
138.5  1.39257229
139.0  1.40416230
139.5  1.41016757
140.0  1.41028708
140.5  1.40633984
141.0  1.40029500
141.5  1.39320517
142.0  1.38494184
142.5  1.37564881
143.0  1.36460893
143.5  1.35072977
144.0  1.33311745
144.5  1.31151881
145.0  1.28760236
145.5  1.26369695
146.0  1.24248965
146.5  1.22515756
147.0  1.21344832
147.5  1.20744049
148.0  1.20646110
148.5  1.20969062
149.0  1.21523385
149.5  1.22260181
150.0  1.23233478
150.5  1.24339402
151.0  1.25669143
151.5  1.27116256
152.0  1.28715941
152.5  1.30308633
153.0  1.31779438
153.5  1.32903470
154.0  1.33552063
154.5  1.33654936
155.0  1.33294923
155.5  1.32631143
156.0  1.31978378
156.5  1.31524065
157.0  1.31433953
157.5  1.31803984
158.0  1.32546501
158.5  1.33566901
159.0  1.34669130
159.5  1.35795696
160.0  1.36833448
160.5  1.37769652
161.0  1.38495539
161.5  1.39144604
162.0  1.39717933
162.5  1.40081105
163.0  1.39959560
163.5  1.39281021
164.0  1.37886622
164.5  1.35697326
165.0  1.32655758
165.5  1.29061518
166.0  1.25245519
166.5  1.21717234
167.0  1.18756927
167.5  1.16563317
168.0  1.15285076
168.5  1.14881959
169.0  1.15198844
169.5  1.16008186
170.0  1.17157964
170.5  1.18512727
171.0  1.20042534
171.5  1.21675678
172.0  1.23434178
172.5  1.25279047
173.0  1.27134108
173.5  1.28923213
174.0  1.30505606
174.5  1.31712301
175.0  1.32555977
175.5  1.33110447
176.0  1.33545680
176.5  1.33897509
177.0  1.34381288
177.5  1.35038053
178.0  1.36044629
178.5  1.37093061
179.0  1.38091754
179.5  1.38852799
180.0  1.39289985
180.5  1.39317551
181.0  1.38975022
181.5  1.38333280
182.0  1.37470947
182.5  1.36485975
183.0  1.35328926
183.5  1.33818444
184.0  1.31926302
184.5  1.29585843
185.0  1.26822988
185.5  1.23946035
186.0  1.21308564
186.5  1.19227872
187.0  1.18089981
187.5  1.17954835
188.0  1.18745501
188.5  1.20367778
189.0  1.22586767
189.5  1.25039952
190.0  1.27358601
190.5  1.29456863
191.0  1.31245146
191.5  1.32832161
192.0  1.34304119
192.5  1.35918685
193.0  1.37621505
193.5  1.39339216
194.0  1.40778211
194.5  1.41491467
195.0  1.41150738
195.5  1.39610866
196.0  1.37081238
196.5  1.34122552
197.0  1.31334987
197.5  1.29157295
198.0  1.27825821
198.5  1.27363011
199.0  1.27620463
199.5  1.28270920
200.0  1.28933359
200.5  1.29276546
201.0  1.29150913
201.5  1.28587194
202.0  1.27720965
202.5  1.26866983
203.0  1.26488962
203.5  1.26653441
204.0  1.27483204
204.5  1.28718562
205.0  1.29991109
205.5  1.30560627
206.0  1.30298579
206.5  1.29240058
207.0  1.27731541
207.5  1.26322550
208.0  1.25524911
208.5  1.25646387
209.0  1.26554447
209.5  1.28037038
210.0  1.29616893
210.5  1.31023129
211.0  1.31894296
211.5  1.31969399
212.0  1.31370238
212.5  1.30238125
213.0  1.29001736
213.5  1.28027977
214.0  1.27913369
214.5  1.28701822
215.0  1.30128312
215.5  1.31876381
216.0  1.33342528
216.5  1.34232222
217.0  1.34299314
217.5  1.33855041
218.0  1.33241140
218.5  1.32946641
219.0  1.33152236
219.5  1.33887589
220.0  1.34930572
220.5  1.35878057
221.0  1.36362838
221.5  1.36122739
222.0  1.35062474
222.5  1.33161746
223.0  1.30639354
223.5  1.27780463
224.0  1.25041454
224.5  1.22983670
225.0  1.21828307
225.5  1.21400567
226.0  1.21533967
226.5  1.21914755
227.0  1.22092572
227.5  1.21999116
228.0  1.21868343
228.5  1.22086578
229.0  1.22891829
229.5  1.24220108
230.0  1.26285943
230.5  1.28692499
231.0  1.31278610
231.5  1.33544242
232.0  1.35401607
232.5  1.36746206
233.0  1.37520296
233.5  1.37845524
234.0  1.37931115
234.5  1.38209986
235.0  1.38935929
235.5  1.39989014
236.0  1.41211380
236.5  1.42222988
237.0  1.42703733
237.5  1.42181924
238.0  1.40742626
238.5  1.38656135
239.0  1.36510370
239.5  1.34546908
240.0  1.32981736
240.5  1.31710772
241.0  1.30708689
241.5  1.29720526
242.0  1.28468456
242.5  1.26828938
243.0  1.24812704
243.5  1.22940988
244.0  1.21379090
244.5  1.20216212
245.0  1.19759079
245.5  1.20467645
246.0  1.22189634
246.5  1.24519171
247.0  1.27040064
247.5  1.29048908
248.0  1.30282656
248.5  1.30739688
249.0  1.30547119
249.5  1.30050800
250.0  1.29714089
250.5  1.29762459
251.0  1.30121728
251.5  1.30573793
252.0  1.31023371
252.5  1.31458886
253.0  1.31576552
253.5  1.31602598
254.0  1.31401230
254.5  1.31379233
255.0  1.31740013
255.5  1.32536590
256.0  1.33927137
256.5  1.35638703
257.0  1.37388240
257.5  1.38757053
258.0  1.39329717
258.5  1.38825682
259.0  1.37261193
259.5  1.35006344
260.0  1.32460934
260.5  1.29914218
261.0  1.27717364
261.5  1.25824239
262.0  1.24284343
262.5  1.22866425
263.0  1.21599340
263.5  1.20397897
264.0  1.19371125
264.5  1.18750139
265.0  1.18841322
265.5  1.19730622
266.0  1.21545571
266.5  1.24238973
267.0  1.27732364
267.5  1.31672327
268.0  1.35306065
268.5  1.38287120
269.0  1.40249292
269.5  1.41035275
270.0  1.40948699
270.5  1.40394748
271.0  1.39684739
271.5  1.39042229
272.0  1.38484810
272.5  1.37954901
273.0  1.37301896
273.5  1.36422091
274.0  1.35248169
274.5  1.33894916
275.0  1.32464031
275.5  1.31116716
276.0  1.29927978
276.5  1.29281038
277.0  1.29185402
277.5  1.29514873
278.0  1.29952769
278.5  1.30222011
279.0  1.29849017
279.5  1.28730560
280.0  1.27030622
280.5  1.24911567
281.0  1.22747352
281.5  1.21030121
282.0  1.20021369
282.5  1.19652581
283.0  1.19975092
283.5  1.20751983
284.0  1.21954819
284.5  1.23405233
285.0  1.24968901
285.5  1.26669703
286.0  1.28503471
286.5  1.30565231
287.0  1.33026405
287.5  1.35738322
288.0  1.38939051
288.5  1.42021211
289.0  1.44883255
289.5  1.46998201
290.0  1.48222370
290.5  1.48335474
291.0  1.47696302
291.5  1.46469297
292.0  1.45086309
292.5  1.43590378
293.0  1.41968808
293.5  1.40273586
294.0  1.38464395
294.5  1.36364343
295.0  1.33947440
295.5  1.31103323
296.0  1.28018315
296.5  1.24808649
297.0  1.21662219
297.5  1.18817457
298.0  1.16833076
298.5  1.15576389
299.0  1.14928725
299.5  1.14773942
300.0  1.15089191
300.5  1.15761107
301.0  1.16554443
301.5  1.17616152
302.0  1.19030844
302.5  1.21010203
303.0  1.23469817
303.5  1.26225010
304.0  1.29115017
304.5  1.31875823
305.0  1.34380572
305.5  1.36484542
306.0  1.38114892
306.5  1.39220447
307.0  1.39969089
307.5  1.40256343
308.0  1.40159799
308.5  1.39978747
309.0  1.39601999
309.5  1.39250688
310.0  1.38574801
310.5  1.37635236
311.0  1.36498320
311.5  1.35249017
312.0  1.34057780
312.5  1.33004097
313.0  1.32302952
313.5  1.31881068
314.0  1.31569794
314.5  1.31361168
315.0  1.31053862
315.5  1.30662338
316.0  1.30086067
316.5  1.29537106
317.0  1.28920072
317.5  1.28181459
318.0  1.27564350
318.5  1.27150045
319.0  1.27059545
319.5  1.27396516
320.0  1.27956601
320.5  1.28545735
321.0  1.29004677
321.5  1.29376453
322.0  1.29721549
322.5  1.30111706
323.0  1.30435294
323.5  1.30763088
324.0  1.30985380
324.5  1.31191169
325.0  1.31292803
325.5  1.31215873
326.0  1.31060216
326.5  1.30967399
327.0  1.30882178
327.5  1.30959221
328.0  1.31165753
328.5  1.31550384
329.0  1.32241165
329.5  1.33203232
330.0  1.34378767
330.5  1.35504188
331.0  1.36574086
331.5  1.37439258
332.0  1.37981170
332.5  1.38022817
333.0  1.37782294
333.5  1.37213745
334.0  1.36270386
334.5  1.34935944
335.0  1.33178213
335.5  1.31223370
336.0  1.28964376
336.5  1.26715113
337.0  1.24730212
337.5  1.23238663
338.0  1.22127769
338.5  1.21453140
339.0  1.21601459
339.5  1.22531365
340.0  1.24321349
340.5  1.26327046
341.0  1.28677855
341.5  1.31152861
342.0  1.33669544
342.5  1.35987512
343.0  1.37870010
343.5  1.39392041
344.0  1.40392146
344.5  1.40791514
345.0  1.40432968
345.5  1.39306617
346.0  1.37483970
346.5  1.35213149
347.0  1.32612755
347.5  1.29973681
348.0  1.27488358
348.5  1.25401409
349.0  1.23859939
349.5  1.22912705
350.0  1.22775513
350.5  1.23342424
351.0  1.24653767
351.5  1.26504729
352.0  1.28624386
352.5  1.30818451
353.0  1.32856308
353.5  1.34612513
354.0  1.35683681
354.5  1.36259752
355.0  1.36339077
355.5  1.35728543
356.0  1.34466289
356.5  1.32761992
357.0  1.30724804
357.5  1.28544836
358.0  1.26465241
358.5  1.24612758
359.0  1.23146954
359.5  1.22036795
360.0  1.21435921
360.5  1.21431419
361.0  1.22016970
361.5  1.23076146
362.0  1.24891773
362.5  1.27280077
363.0  1.29898777
363.5  1.32685321
364.0  1.35320365
364.5  1.37757148
365.0  1.39888572
365.5  1.41484426
366.0  1.42535386
366.5  1.43097287
367.0  1.43359735
367.5  1.43204072
368.0  1.42745629
368.5  1.42145982
369.0  1.41371676
369.5  1.40260756
370.0  1.38918946
370.5  1.37420691
371.0  1.35542146
371.5  1.33523118
372.0  1.31540447
372.5  1.29905216
373.0  1.28389751
373.5  1.27220677
374.0  1.26279083
374.5  1.25414464
375.0  1.24499861
375.5  1.23443061
376.0  1.22395730
376.5  1.21413307
377.0  1.20522874
377.5  1.20160347
378.0  1.20452462
378.5  1.21470758
379.0  1.23177164
379.5  1.25419126
380.0  1.27999433
380.5  1.30498133
381.0  1.32920999
381.5  1.35029915
382.0  1.36828662
382.5  1.38337779
383.0  1.39751935
383.5  1.41169655
384.0  1.42696330
384.5  1.44262704
385.0  1.45744702
385.5  1.47011788
386.0  1.47983090
386.5  1.48571180
387.0  1.48646062
387.5  1.48181438
388.0  1.47394661
388.5  1.46356721
389.0  1.45122573
389.5  1.43852675
390.0  1.42770402
390.5  1.41865607
391.0  1.41122771
391.5  1.40421126
392.0  1.39628993
392.5  1.38805567
393.0  1.38124636
393.5  1.37513831
394.0  1.37206608
394.5  1.37353890
395.0  1.37626996
395.5  1.38106750
396.0  1.38874062
396.5  1.39827394
397.0  1.40732113
397.5  1.41439460
398.0  1.41932009
398.5  1.42130225
399.0  1.42051487
399.5  1.41617671
400.0  1.40839541
400.5  1.39979907
401.0  1.39096113
401.5  1.38249272
402.0  1.37507250
402.5  1.37021793
403.0  1.36912313
403.5  1.37320558
404.0  1.38143204
404.5  1.39287574
405.0  1.40698637
405.5  1.42034210
406.0  1.43137224
406.5  1.43766379
407.0  1.43758071
407.5  1.43152912
408.0  1.41835475
408.5  1.39845335
409.0  1.37325098
409.5  1.34646190
410.0  1.31795913
410.5  1.28873326
411.0  1.26153895
411.5  1.23871738
412.0  1.22087761
412.5  1.20662687
413.0  1.19620115
413.5  1.19205203
414.0  1.19842354
414.5  1.21378820
415.0  1.23510147
415.5  1.26090519
416.0  1.29442377
416.5  1.33234698
417.0  1.37015020
417.5  1.40526465
418.0  1.43531115
418.5  1.46070867
419.0  1.47953995
419.5  1.49192257
420.0  1.49940947
420.5  1.50407017
421.0  1.50559019
421.5  1.50488846
422.0  1.50174731
422.5  1.49640656
423.0  1.48793636
423.5  1.47668117
424.0  1.46301281
424.5  1.44893467
425.0  1.43664094
425.5  1.42562690
426.0  1.41598855
426.5  1.41051622
427.0  1.40756651
427.5  1.40539866
428.0  1.42540363
428.5  1.41619819
429.0  1.42197015
429.5  1.40333782
430.0  1.38958261
430.5  1.36352403
431.0  1.33921498
431.5  1.31273427
432.0  1.28786749
432.5  1.26849442
433.0  1.25371639
433.5  1.24042731
434.0  1.23930133
434.5  1.23281688
435.0  1.24981271
435.5  1.25325142
436.0  1.29433274
436.5  1.31415310
437.0  1.36920323
437.5  1.40017989
438.0  1.45412467
438.5  1.48498175
439.0  1.51905890
439.5  1.53745888
440.0  1.54121879
440.5  1.54135360
441.0  1.52115125
441.5  1.50514772
442.0  1.47533200
442.5  1.45411780
443.0  1.42863137
443.5  1.40694808
444.0  1.39071198
444.5  1.37378286
445.0  1.36370305
445.5  1.35400905
446.0  1.34782988
446.5  1.35301694
447.0  1.35314782
447.5  1.37378565
448.0  1.37645659
448.5  1.40240980
449.0  1.40014085
449.5  1.41883113
450.0  1.40951031
450.5  1.41021354
451.0  1.39046030
451.5  1.37621386
452.0  1.36040220
452.5  1.34353432
453.0  1.33541310
453.5  1.32059475
454.0  1.32303772
454.5  1.31897542
455.0  1.32561225
455.5  1.32837869
456.0  1.33622963
456.5  1.34856528
457.0  1.36036607
457.5  1.38090999
458.0  1.39683588
458.5  1.41694033
459.0  1.43476452
459.5  1.44599960
460.0  1.45798892
460.5  1.45270777
461.0  1.45636004
461.5  1.43554327
462.0  1.43395983
462.5  1.41414903
463.0  1.41507216
463.5  1.40628440
464.0  1.41233655
464.5  1.41603292
465.0  1.42101024
465.5  1.42912116
466.0  1.43166693
466.5  1.43907321
467.0  1.44087131
467.5  1.44563722
468.0  1.44949740
468.5  1.45162456
469.0  1.45139014
469.5  1.44731926
470.0  1.43782134
470.5  1.42183071
471.0  1.40098106
471.5  1.37696985
472.0  1.35335206
472.5  1.33371684
473.0  1.32006169
473.5  1.31604504
474.0  1.32111902
474.5  1.33552471
475.0  1.35453858
475.5  1.37669541
476.0  1.39878094
476.5  1.41984497
477.0  1.44001537
477.5  1.45919130
478.0  1.47853815
478.5  1.49881083
479.0  1.51902232
479.5  1.53896048
480.0  1.55676772
480.5  1.57001965
481.0  1.57558895
481.5  1.57252802
482.0  1.56087005
482.5  1.54239506
483.0  1.52025010
483.5  1.49590339
484.0  1.47063179
484.5  1.44613042
485.0  1.42308730
485.5  1.40122863
486.0  1.37834599
486.5  1.35467872
487.0  1.33154643
487.5  1.31047024
488.0  1.29396893
488.5  1.28329061
489.0  1.28360040
489.5  1.29471112
490.0  1.31279764
490.5  1.33683396
491.0  1.36087231
491.5  1.38456269
492.0  1.40474220
492.5  1.41593684
493.0  1.42222893
493.5  1.42466202
494.0  1.42487635
494.5  1.42613336
495.0  1.43028511
495.5  1.43670980
496.0  1.44412745
496.5  1.45000673
497.0  1.45382386
497.5  1.45368542
498.0  1.45051112
498.5  1.44620079
499.0  1.44274278
499.5  1.44284786
500.0  1.44751542
500.5  1.45581690
501.0  1.46422782
501.5  1.47143419
502.0  1.47579060
502.5  1.47620270
503.0  1.47048071
503.5  1.46004796
504.0  1.44725544
504.5  1.43652829
505.0  1.42854789
505.5  1.42280376
506.0  1.41927406
506.5  1.41476956
507.0  1.40669115
507.5  1.39428521
508.0  1.37776867
508.5  1.35692656
509.0  1.34018438
509.5  1.33206162
510.0  1.33191949
510.5  1.34234930
511.0  1.36326399
511.5  1.39269405
512.0  1.42508058
512.5  1.45624625
513.0  1.48349465
513.5  1.50576246
514.0  1.52234887
514.5  1.53403872
515.0  1.54297547
515.5  1.55045289
516.0  1.55668999
516.5  1.55909651
517.0  1.55586596
517.5  1.54304316
518.0  1.52026884
518.5  1.48860039
519.0  1.45321400
519.5  1.42028811
520.0  1.39594811
520.5  1.38161142
521.0  1.38374314
521.5  1.39549385
522.0  1.41042589
522.5  1.42478110
523.0  1.43506174
523.5  1.43473807
524.0  1.42246307
524.5  1.40028704
525.0  1.37253455
525.5  1.34167763
526.0  1.31360277
526.5  1.29219813
527.0  1.27858260
527.5  1.27136443
528.0  1.27103148
528.5  1.27452333
529.0  1.28298187
529.5  1.29902090
530.0  1.32398203
530.5  1.36192308
531.0  1.41359542
531.5  1.47452381
532.0  1.53963913
532.5  1.60519292
533.0  1.66265056
533.5  1.70440798
534.0  1.72690504
534.5  1.73256060
535.0  1.72084126
535.5  1.69652950
536.0  1.66500201
536.5  1.63236994
537.0  1.60328810
537.5  1.57764698
538.0  1.55596015
538.5  1.53476832
539.0  1.51273703
539.5  1.48942742
540.0  1.46853916
540.5  1.45434515
541.0  1.44626182
541.5  1.44630978
542.0  1.45358162
542.5  1.46634600
543.0  1.47884434
543.5  1.48480807
544.0  1.48093892
544.5  1.46781885
545.0  1.44822613
545.5  1.42446422
546.0  1.40001516
546.5  1.38189864
547.0  1.37420515
547.5  1.37662783
548.0  1.39020367
548.5  1.40936461
549.0  1.42945712
549.5  1.44546085
550.0  1.45540252
550.5  1.46183230
551.0  1.46426354
551.5  1.46667318
552.0  1.47278647
552.5  1.48057950
553.0  1.49173845
553.5  1.50009034
554.0  1.50554569
554.5  1.50863774
555.0  1.50662452
555.5  1.50086289
556.0  1.49235356
556.5  1.48572902
557.0  1.48260249
557.5  1.48327554
558.0  1.48796714
558.5  1.49493772
559.0  1.50306043
559.5  1.50871370
560.0  1.50844931
560.5  1.50578155
561.0  1.50090067
561.5  1.49520517
562.0  1.49415492
562.5  1.50255078
563.0  1.51588536
563.5  1.53121237
564.0  1.54611487
564.5  1.56146645
565.0  1.57591285
565.5  1.58838600
566.0  1.59673594
566.5  1.60420489
567.0  1.61410129
567.5  1.62493352
568.0  1.63747604
568.5  1.64769533
569.0  1.65426791
569.5  1.65284223
570.0  1.64463967
570.5  1.62902356
571.0  1.60765922
571.5  1.58338937
572.0  1.56410099
572.5  1.55349497
573.0  1.54947379
573.5  1.55156135
574.0  1.55973152
574.5  1.56977241
575.0  1.57475262
575.5  1.57241549
576.0  1.56458889
576.5  1.55085600
577.0  1.53018190
577.5  1.50506894
578.0  1.47995611
578.5  1.45153735
579.0  1.42410696
579.5  1.39908981
580.0  1.37599104
580.5  1.35523258
581.0  1.34010747
581.5  1.33304955
582.0  1.33516072
582.5  1.34701620
583.0  1.36847942
583.5  1.39842715
584.0  1.43125053
584.5  1.46408448
585.0  1.49527686
585.5  1.52175303
586.0  1.54044182
586.5  1.55372790
587.0  1.56224173
587.5  1.57092031
588.0  1.58052721
588.5  1.58919003
589.0  1.59833077
589.5  1.60802147
590.0  1.61773864
590.5  1.62581844
591.0  1.63198880
591.5  1.63961474
592.0  1.65037400
592.5  1.66465387
593.0  1.68383246
593.5  1.70648571
594.0  1.73233198
594.5  1.75468430
595.0  1.77334206
595.5  1.78197559
596.0  1.77958511
596.5  1.76796559
597.0  1.75389333
597.5  1.73813883
598.0  1.72110643
598.5  1.70521030
599.0  1.69382537
599.5  1.68476974
600.0  1.67549855
600.5  1.66405396
601.0  1.64912992
601.5  1.62846675
602.0  1.60075717
602.5  1.57288852
603.0  1.54796041
603.5  1.52392114
604.0  1.50079480
604.5  1.47885731
605.0  1.46280734
605.5  1.45261528
606.0  1.44199508
606.5  1.43138073
607.0  1.42750512
607.5  1.43047875
608.0  1.44344909
608.5  1.46324993
609.0  1.48804827
609.5  1.51690912
610.0  1.54403928
610.5  1.56456980
611.0  1.57668937
611.5  1.57799451
612.0  1.56861136
612.5  1.55228003
613.0  1.53415821
613.5  1.51887635
614.0  1.50787289
614.5  1.50278035
615.0  1.50543416
615.5  1.51544607
616.0  1.52871162
616.5  1.54543666
617.0  1.56559627
617.5  1.58471869
618.0  1.60472743
618.5  1.62737857
619.0  1.65027800
619.5  1.67047095
620.0  1.69023169
620.5  1.70456307
621.0  1.70644610
621.5  1.69819194
622.0  1.68223154
622.5  1.65998814
623.0  1.63396663
623.5  1.61250627
624.0  1.59991944
624.5  1.60001276
625.0  1.61309555
625.5  1.63770446
626.0  1.67029460
626.5  1.70618975
627.0  1.74314163
627.5  1.77636865
628.0  1.80230950
628.5  1.81981125
629.0  1.83013290
629.5  1.83269229
630.0  1.82654150
630.5  1.81095309
631.0  1.78582274
631.5  1.75257088
632.0  1.71119059
632.5  1.66550069
633.0  1.62101453
633.5  1.58155320
634.0  1.54987416
634.5  1.52869656
635.0  1.52011156
635.5  1.52098537
636.0  1.52594243
636.5  1.53377762
637.0  1.53796667
637.5  1.53203669
638.0  1.51918114
638.5  1.49917072
639.0  1.47517642
639.5  1.45188801
640.0  1.43248336
640.5  1.42021933
641.0  1.41876868
641.5  1.42412354
642.0  1.43642633
642.5  1.45804382
643.0  1.48693537
643.5  1.51952881
644.0  1.56002119
644.5  1.60840547
645.0  1.66281124
645.5  1.71857621
646.0  1.77259839
646.5  1.82217540
647.0  1.86302763
647.5  1.89138651
648.0  1.90592787
648.5  1.90750483
649.0  1.89962730
649.5  1.88499220
650.0  1.86817769
650.5  1.85144165
651.0  1.83445914
651.5  1.81706873
652.0  1.79852085
652.5  1.77723290
653.0  1.75050763
653.5  1.72089585
654.0  1.68907836
654.5  1.65691215
655.0  1.62880171
655.5  1.60630816
656.0  1.58960454
656.5  1.57963393
657.0  1.57461232
657.5  1.57000019
658.0  1.56502558
658.5  1.55991391
659.0  1.55380893
659.5  1.54946158
660.0  1.55024832
660.5  1.55370201
661.0  1.56190376
661.5  1.57780476
662.0  1.59201740
662.5  1.60075785
663.0  1.60432867
663.5  1.59894370
664.0  1.58452117
664.5  1.56437921
665.0  1.54573035
665.5  1.53066573
666.0  1.52248892
666.5  1.52231085
667.0  1.52955049
667.5  1.54203887
668.0  1.55544714
668.5  1.56805336
669.0  1.57819130
669.5  1.58541068
670.0  1.58915604
670.5  1.59343520
671.0  1.59795381
671.5  1.60372280
672.0  1.61133683
672.5  1.61688169
673.0  1.61770832
673.5  1.61725797
674.0  1.61078677
674.5  1.60321852
675.0  1.59714775
675.5  1.59617564
676.0  1.60252354
676.5  1.61859804
677.0  1.64326418
677.5  1.67266505
678.0  1.70311431
678.5  1.73219358
679.0  1.75484868
679.5  1.76834660
680.0  1.77724978
680.5  1.78322802
681.0  1.78755049
681.5  1.79227565
682.0  1.80203637
682.5  1.81619105
683.0  1.83163729
683.5  1.84616334
684.0  1.85749542
684.5  1.86246253
685.0  1.85887538
685.5  1.84833265
686.0  1.83186649
686.5  1.81017611
687.0  1.78579996
687.5  1.75983210
688.0  1.72940899
688.5  1.69269335
689.0  1.65190794
689.5  1.60566941
690.0  1.55417933
690.5  1.50300068
691.0  1.45797371
691.5  1.42192902
692.0  1.39815459
692.5  1.39023533
693.0  1.40013805
693.5  1.42411239
694.0  1.45667422
694.5  1.49376643
695.0  1.53014214
695.5  1.56385977
696.0  1.59105371
696.5  1.60945228
697.0  1.62032929
697.5  1.62513260
698.0  1.62394290
698.5  1.61923200
699.0  1.61263026
699.5  1.60604158
700.0  1.59786120
700.5  1.58938901
701.0  1.58838605
701.5  1.59676169
702.0  1.61378422
702.5  1.63774740
703.0  1.67055039
703.5  1.70685184
704.0  1.74194633
704.5  1.77169832
705.0  1.79362962
705.5  1.80340081
706.0  1.80096451
706.5  1.78964779
707.0  1.76790875
707.5  1.74186259
708.0  1.71519897
708.5  1.69288885
709.0  1.67674143
709.5  1.66459727
710.0  1.65889792
710.5  1.66222485
711.0  1.67395705
711.5  1.68971533
712.0  1.70583714
712.5  1.72422379
713.0  1.74346953
713.5  1.75992624
714.0  1.76905254
714.5  1.76923729
715.0  1.75899961
715.5  1.73509492
716.0  1.69884076
716.5  1.65493779
717.0  1.60782479
717.5  1.55890410
718.0  1.51235853
718.5  1.47459061
719.0  1.45248328
719.5  1.44347352
720.0  1.44535190
720.5  1.45923941
721.0  1.47579855
721.5  1.49622370
722.0  1.52182613
722.5  1.54703406
723.0  1.56623684
723.5  1.57939882
724.0  1.58792499
724.5  1.59036325
725.0  1.58354651
725.5  1.56867456
726.0  1.54875411
726.5  1.52535082
727.0  1.50145793
727.5  1.48058570
728.0  1.46459003
728.5  1.45758393
729.0  1.45853786
729.5  1.46754328
730.0  1.48096349
730.5  1.50473421
731.0  1.53230847
731.5  1.55712378
732.0  1.57541492
732.5  1.59021257
733.0  1.60417719
733.5  1.61489136
734.0  1.62104875
734.5  1.62481016
735.0  1.62645084
735.5  1.62494616
736.0  1.62207333
736.5  1.62025023
737.0  1.62165392
737.5  1.62409809
738.0  1.62877660
738.5  1.63739854
739.0  1.65555320
739.5  1.67884324
740.0  1.70369948
740.5  1.72824305
741.0  1.75160590
741.5  1.77139734
742.0  1.77947980
742.5  1.78014107
743.0  1.77308952
743.5  1.76072546
744.0  1.74660871
744.5  1.72852955
745.0  1.71054410
745.5  1.69504002
746.0  1.68152764
746.5  1.66900875
747.0  1.65574691
747.5  1.64399915
748.0  1.63195973
748.5  1.61479735
749.0  1.59358750
749.5  1.57208781
750.0  1.55349587
750.5  1.53444456
751.0  1.51177070
751.5  1.48416615
752.0  1.45655731
752.5  1.42966817
753.0  1.40119010
753.5  1.37214993
754.0  1.34897743
754.5  1.33463426
755.0  1.33227483
755.5  1.33922078
756.0  1.35893062
756.5  1.38901964
757.0  1.42474648
757.5  1.46594182
758.0  1.50721609
758.5  1.54195008
759.0  1.57280595
759.5  1.59680368
760.0  1.61265374
760.5  1.62315284
761.0  1.62750521
761.5  1.63176547
762.0  1.63389326
762.5  1.63216033
763.0  1.62767359
763.5  1.62354086
764.0  1.62135453
764.5  1.62073492
765.0  1.62215460
765.5  1.62610224
766.0  1.63429707
766.5  1.64318676
767.0  1.65192236
767.5  1.66081416
768.0  1.66730483
768.5  1.66482367
769.0  1.65735020
769.5  1.64396797
770.0  1.62541905
770.5  1.60410702
771.0  1.58725087
771.5  1.57604462
772.0  1.56548965
772.5  1.56016821
773.0  1.56087451
773.5  1.56665317
774.0  1.57509444
774.5  1.58845769
775.0  1.60581542
775.5  1.62567650
776.0  1.64558970
776.5  1.66681255
777.0  1.69123385
777.5  1.71354188
778.0  1.73366020
778.5  1.74666701
779.0  1.75210798
779.5  1.75213564
780.0  1.74464859
780.5  1.72891083
781.0  1.70764000
781.5  1.68558970
782.0  1.66389200
782.5  1.64401579
783.0  1.62484653
783.5  1.60408086
784.0  1.58377141
784.5  1.56194832
785.0  1.53655911
785.5  1.51345220
786.0  1.48888692
786.5  1.46339809
787.0  1.44449580
787.5  1.43222163
788.0  1.43156044
788.5  1.43769126
789.0  1.45107591
789.5  1.47051837
790.0  1.49281919
790.5  1.51515239
791.0  1.53744836
791.5  1.55594999
792.0  1.57218734
792.5  1.59046980
793.0  1.60887602
793.5  1.62526998
794.0  1.64092439
794.5  1.65834709
795.0  1.67348416
795.5  1.68619898
796.0  1.69759833
796.5  1.70846400
797.0  1.71904252
797.5  1.73091134
798.0  1.74543775
798.5  1.75840499
799.0  1.77172058
799.5  1.78569124
800.0  1.79157371
800.5  1.78573725
801.0  1.76575977
801.5  1.73902358
802.0  1.70260156
802.5  1.65911027
803.0  1.61425278
803.5  1.57188218
804.0  1.53670920
804.5  1.50993568
805.0  1.49057482
805.5  1.47834188
806.0  1.47149973
806.5  1.47327099
807.0  1.48341308
807.5  1.49476101
808.0  1.50600585
808.5  1.52135646
809.0  1.54057594
809.5  1.55896157
810.0  1.57279757
810.5  1.58192727
811.0  1.58274998
811.5  1.57601454
812.0  1.56453203
812.5  1.55138850
813.0  1.53643754
813.5  1.52649459
814.0  1.52438525
814.5  1.52964230
815.0  1.54539329
815.5  1.56473350
816.0  1.58639466
816.5  1.60568204
817.0  1.62360045
817.5  1.63900513
818.0  1.65203113
818.5  1.66157900
819.0  1.66857178
819.5  1.67508820
820.0  1.67968392
820.5  1.68243896
821.0  1.68143892
821.5  1.67492229
822.0  1.66179462
822.5  1.64264578
823.0  1.62317265
823.5  1.60155008
824.0  1.58468524
824.5  1.57300831
825.0  1.56692165
825.5  1.56673298
826.0  1.56842266
826.5  1.57009084
827.0  1.57019892
827.5  1.57087494
828.0  1.57052375
828.5  1.57149828
829.0  1.57465061
829.5  1.58369805
830.0  1.59704545
830.5  1.61519714
831.0  1.63605188
831.5  1.65928809
832.0  1.67659262
832.5  1.68646907
833.0  1.68966566
833.5  1.68516038
834.0  1.67713849
834.5  1.66563901
835.0  1.65392616
835.5  1.63873250
836.0  1.62473464
836.5  1.61297739
837.0  1.59883680
837.5  1.58263852
838.0  1.56483917
838.5  1.54852101
839.0  1.53303269
839.5  1.51892747
840.0  1.50691735
840.5  1.50328944
841.0  1.50434884
841.5  1.50888154
842.0  1.51514701
842.5  1.52124559
843.0  1.52606807
843.5  1.52734302
844.0  1.52338511
844.5  1.52420463
845.0  1.52972120
845.5  1.54100728
846.0  1.55571168
846.5  1.57227229
847.0  1.59317368
847.5  1.61845158
848.0  1.63975903
848.5  1.65529908
849.0  1.66990470
849.5  1.67661616
850.0  1.67798924
850.5  1.67854252
851.0  1.68256162
851.5  1.68863161
852.0  1.69908259
852.5  1.71107834
853.0  1.72372462
853.5  1.73338958
854.0  1.73506591
854.5  1.73458847
855.0  1.73426339
855.5  1.73332403
856.0  1.73029929
856.5  1.72691790
857.0  1.72940494
857.5  1.72287388
858.0  1.71315478
858.5  1.69695709
859.0  1.67316830
859.5  1.64239680
860.0  1.60593641
860.5  1.56818675
861.0  1.53257664
861.5  1.50732551
862.0  1.48883804
862.5  1.48433874
863.0  1.49295826
863.5  1.50850769
864.0  1.52271099
864.5  1.53381344
865.0  1.54045213
865.5  1.54354721
866.0  1.53968448
866.5  1.53309943
867.0  1.52683635
867.5  1.52038502
868.0  1.51209646
868.5  1.50848960
869.0  1.50973593
869.5  1.51421816
870.0  1.52073096
870.5  1.53251862
871.0  1.52981003
871.5  1.56209740
872.0  1.55965439
872.5  1.60774674
873.0  1.61879589
873.5  1.67880532
874.0  1.70350060
874.5  1.74410827
875.0  1.76369111
875.5  1.76971419
876.0  1.77645602
876.5  1.74745894
877.0  1.73784592
877.5  1.69365950
878.0  1.67679401
878.5  1.63486538
879.0  1.61419739
879.5  1.58454652
880.0  1.56317244
880.5  1.54329307
881.0  1.51995639
881.5  1.50910088
882.0  1.49549545
882.5  1.48940743
883.0  1.49445469
883.5  1.49657450
884.0  1.52701346
884.5  1.52887790
885.0  1.57264572
885.5  1.55678538
886.0  1.59301323
886.5  1.56154099
887.0  1.58132918
887.5  1.54899950
888.0  1.55466915
888.5  1.54036393
889.0  1.54505182
889.5  1.55695758
890.0  1.56615808
890.5  1.59577888
891.0  1.60628548
891.5  1.63085595
892.0  1.63976812
892.5  1.65458417
893.0  1.66501753
893.5  1.66926155
894.0  1.68379909
894.5  1.68367726
895.0  1.69482604
895.5  1.68717774
896.0  1.67938590
896.5  1.66299866
897.0  1.62031061
897.5  1.59700798
898.0  1.53207740
898.5  1.51954066
899.0  1.45487227
899.5  1.46211461
900.0  1.41566684
900.5  1.43640442
901.0  1.41983795
901.5  1.44707780
902.0  1.45810261
902.5  1.48378337
903.0  1.50791477
903.5  1.53112265
904.0  1.56598322
904.5  1.59359592
905.0  1.62650646
905.5  1.65067118
906.0  1.66483779
906.5  1.68131156
907.0  1.66505856
907.5  1.67131395
908.0  1.63436189
908.5  1.63588785
909.0  1.60021096
909.5  1.60490439
910.0  1.58936640
910.5  1.59649107
911.0  1.61075122
911.5  1.60619232
912.0  1.63806344
912.5  1.61588299
913.0  1.65214113
913.5  1.62784618
914.0  1.65818017
914.5  1.64250682
915.0  1.66561741
915.5  1.65957020
916.0  1.66672711
916.5  1.66058622
917.0  1.64581608
917.5  1.62553313
918.0  1.59800292
918.5  1.56415450
919.0  1.53838080
919.5  1.50118317
920.0  1.49257309
920.5  1.46358790
921.0  1.48366457
921.5  1.45959615
922.0  1.49158779
922.5  1.47003573
923.0  1.49878977
923.5  1.48665638
924.0  1.50650906
924.5  1.51710644
925.0  1.52976486
925.5  1.56980823
926.0  1.57726803
926.5  1.62793724
927.0  1.63007931
927.5  1.67448352
928.0  1.66219452
928.5  1.68453162
929.0  1.67036544
929.5  1.67250956
930.0  1.66229537
930.5  1.66225129
931.0  1.66283738
931.5  1.65973067
932.0  1.65590034
932.5  1.64825157
933.0  1.62809507
933.5  1.61477245
934.0  1.57257513
934.5  1.56847267
935.0  1.52397910
935.5  1.54148710
936.0  1.50448313
936.5  1.54127155
937.0  1.52299889
937.5  1.55294671
938.0  1.54396234
938.5  1.55462128
939.0  1.55236274
939.5  1.54315339
940.0  1.55097102
940.5  1.54028975
941.0  1.55940361
941.5  1.55720461
942.0  1.57830521
942.5  1.58401636
943.0  1.59245811
943.5  1.59287296
944.0  1.58252064
944.5  1.57867604
945.0  1.56061481
945.5  1.55699081
946.0  1.55318769
946.5  1.55910251
947.0  1.58095747
947.5  1.58445934
948.0  1.61769749
948.5  1.60352928
949.0  1.63972455
949.5  1.60895539
950.0  1.63460445
950.5  1.60369136
951.0  1.62222369
951.5  1.60896298
952.0  1.61759793
952.5  1.61714681
953.0  1.61365010
953.5  1.61174574
954.0  1.58759312
954.5  1.57175561
955.0  1.54751925
955.5  1.53013179
956.0  1.52103507
956.5  1.51809963
957.0  1.54273622
957.5  1.55111229
958.0  1.58797316
958.5  1.59651904
959.0  1.62728178
959.5  1.62433443
960.0  1.63031888
960.5  1.62977118
961.0  1.62162552
961.5  1.62975959
962.0  1.61158844
962.5  1.63809940
963.0  1.61437181
963.5  1.63893221
964.0  1.60993337
964.5  1.61602693
965.0  1.58444908
965.5  1.57848249
966.0  1.56308766
966.5  1.56326625
967.0  1.57703200
967.5  1.59704667
968.0  1.62258127
968.5  1.65046758
969.0  1.66792546
969.5  1.68655907
970.0  1.67530699
970.5  1.67924134
971.0  1.64827430
971.5  1.64486699
972.0  1.61547256
972.5  1.60589390
973.0  1.59127313
973.5  1.57253629
974.0  1.56605718
974.5  1.52937983
975.0  1.52833501
975.5  1.48343849
976.0  1.48758033
976.5  1.45901072
977.0  1.48109687
977.5  1.48324392
978.0  1.52139288
978.5  1.54539791
979.0  1.57971718
979.5  1.60104118
980.0  1.61325803
980.5  1.61461590
981.0  1.60857884
981.5  1.59518255
982.0  1.58801009
982.5  1.56965368
983.0  1.57795175
983.5  1.56563592
984.0  1.58714037
984.5  1.57311267
985.0  1.59130470
985.5  1.57854167
986.0  1.59050777
986.5  1.59175305
987.0  1.60568141
987.5  1.63376104
988.0  1.65242857
988.5  1.69784928
989.0  1.71366119
989.5  1.74991973
990.0  1.74790357
990.5  1.75259973
991.0  1.72643351
991.5  1.69887745
992.0  1.66047527
992.5  1.62395904
993.0  1.58937825
993.5  1.55980547
994.0  1.52906117
994.5  1.50656955
995.0  1.46852595
995.5  1.45503894
996.0  1.41640649
996.5  1.41564922
997.0  1.39381406
997.5  1.41992071
998.0  1.42785351
998.5  1.46847977
999.0  1.50548124
999.5  1.54461478
1000.0  1.58052800
