0.0  1.30838237
0.5  1.31359057
1.0  1.31582082
1.5  1.30742994
2.0  1.28432904
2.5  1.24890779
3.0  1.20810328
3.5  1.17190274
4.0  1.14928675
4.5  1.14544782
5.0  1.16131117
5.5  1.19151243
6.0  1.22929714
6.5  1.26518361
7.0  1.29242245
7.5  1.30601416
8.0  1.30642693
8.5  1.29760358
9.0  1.28648546
9.5  1.28015561
10.0  1.28321220
10.5  1.29580191
11.0  1.31309528
11.5  1.32650031
12.0  1.32858598
12.5  1.31500823
13.0  1.28758202
13.5  1.25264664
14.0  1.21908431
14.5  1.19458943
15.0  1.18445537
15.5  1.18890028
16.0  1.20402012
16.5  1.22353038
17.0  1.24047049
17.5  1.24923406
18.0  1.24682380
18.5  1.23469733
19.0  1.21621105
19.5  1.19844858
20.0  1.18827577
20.5  1.19171594
21.0  1.20782503
21.5  1.23227222
22.0  1.25742605
22.5  1.27663086
23.0  1.28546237
23.5  1.28427314
24.0  1.27618292
24.5  1.26796499
25.0  1.26620370
25.5  1.27376979
26.0  1.28889896
26.5  1.30777686
27.0  1.32437443
27.5  1.33384893
28.0  1.33012561
28.5  1.31253337
29.0  1.28323401
29.5  1.24909210
30.0  1.21842730
30.5  1.19808725
31.0  1.19289960
31.5  1.20336711
32.0  1.22601266
32.5  1.25278060
33.0  1.27789212
33.5  1.29643241
34.0  1.30915314
34.5  1.31838490
35.0  1.32793716
35.5  1.34173356
36.0  1.35969039
36.5  1.37946631
37.0  1.39646610
37.5  1.40548342
38.0  1.40204112
38.5  1.38405498
39.0  1.35253336
39.5  1.31137663
40.0  1.26751348
40.5  1.22878674
41.0  1.20182826
41.5  1.18897891
42.0  1.19050994
42.5  1.20100163
43.0  1.21368158
43.5  1.22290849
44.0  1.22657338
44.5  1.22613971
45.0  1.22468604
45.5  1.22716315
46.0  1.23538948
46.5  1.25117324
47.0  1.27204890
47.5  1.29400991
48.0  1.31260462
48.5  1.32397245
49.0  1.32650572
49.5  1.32009500
50.0  1.30773600
50.5  1.29487931
51.0  1.28610344
51.5  1.28547081
52.0  1.29309209
52.5  1.30654716
53.0  1.31996424
53.5  1.32806074
54.0  1.32654125
54.5  1.31554295
55.0  1.29770291
55.5  1.27820443
56.0  1.26147074
56.5  1.24941591
57.0  1.24246755
57.5  1.23818232
58.0  1.23430246
58.5  1.22703808
59.0  1.21529543
59.5  1.20001626
60.0  1.18439018
60.5  1.17183596
61.0  1.16728914
61.5  1.17661746
62.0  1.20005542
62.5  1.23534641
63.0  1.27601330
63.5  1.31322778
64.0  1.34041790
64.5  1.35310051
65.0  1.35152178
65.5  1.33956709
66.0  1.32343142
66.5  1.30852577
67.0  1.29811841
67.5  1.29117927
68.0  1.28569115
68.5  1.27861446
69.0  1.26733335
69.5  1.25033246
70.0  1.22715549
70.5  1.20251626
71.0  1.18074186
71.5  1.16757127
72.0  1.16688954
72.5  1.17994516
73.0  1.20320931
73.5  1.23049694
74.0  1.25425962
74.5  1.26899262
75.0  1.27175230
75.5  1.26452419
76.0  1.25352829
76.5  1.24618836
77.0  1.24757044
77.5  1.25936823
78.0  1.28150948
78.5  1.30811774
79.0  1.33291335
79.5  1.35073055
80.0  1.35752806
80.5  1.35330462
81.0  1.34091706
81.5  1.32609530
82.0  1.31547692
82.5  1.31273607
83.0  1.32000334
83.5  1.33488327
84.0  1.35049156
84.5  1.35832257
85.0  1.35321838
85.5  1.33307725
86.0  1.30178984
86.5  1.26699245
87.0  1.23789364
87.5  1.22122588
88.0  1.21995009
88.5  1.23293503
89.0  1.25524200
89.5  1.27891955
90.0  1.29730687
90.5  1.30814264
91.0  1.30963760
91.5  1.30332464
92.0  1.29523740
92.5  1.29199490
93.0  1.29759726
93.5  1.31331312
94.0  1.33624285
94.5  1.35977289
95.0  1.37528005
95.5  1.37629781
96.0  1.35943680
96.5  1.32769032
97.0  1.28944065
97.5  1.25350046
98.0  1.22710529
98.5  1.21455087
99.0  1.21384671
99.5  1.22066595
100.0  1.22925223
100.5  1.23367607
101.0  1.22967916
101.5  1.21715817
102.0  1.19852949
102.5  1.17827187
103.0  1.16295464
103.5  1.15858364
104.0  1.16709272
104.5  1.18642585
105.0  1.21196459
105.5  1.23587632
106.0  1.25139253
106.5  1.25519523
107.0  1.24933511
107.5  1.24058950
108.0  1.23521725
108.5  1.23865996
109.0  1.25428221
109.5  1.27951810
110.0  1.30806961
110.5  1.33392784
111.0  1.35076175
111.5  1.35434503
112.0  1.34455826
112.5  1.32428272
113.0  1.29896286
113.5  1.27528558
114.0  1.25918286
114.5  1.25318916
115.0  1.25723267
115.5  1.26577031
116.0  1.27214871
116.5  1.27036236
117.0  1.25952351
117.5  1.24285252
118.0  1.22649608
118.5  1.21708329
119.0  1.22047738
119.5  1.23822776
120.0  1.26686833
120.5  1.29950057
121.0  1.32861456
121.5  1.34752043
122.0  1.35164357
122.5  1.34082135
123.0  1.31844803
123.5  1.29151530
124.0  1.26667308
124.5  1.25128343
125.0  1.24843044
125.5  1.25677702
126.0  1.27018627
126.5  1.28258981
127.0  1.28634348
127.5  1.28036089
128.0  1.26665573
128.5  1.25111498
129.0  1.24135256
129.5  1.24289968
130.0  1.25861173
130.5  1.28529330
131.0  1.31645996
131.5  1.34588541
132.0  1.36619198
132.5  1.37311284
133.0  1.36492363
133.5  1.34479702
134.0  1.31752850
134.5  1.29151490
135.0  1.27253019
135.5  1.26490371
136.0  1.26773746
136.5  1.27513392
137.0  1.28225499
137.5  1.28286209
138.0  1.27644695
138.5  1.26411357
139.0  1.25153839
139.5  1.24484890
140.0  1.24738435
140.5  1.26038925
141.0  1.28062523
141.5  1.30228487
142.0  1.31922784
142.5  1.32724927
143.0  1.32373194
143.5  1.30906048
144.0  1.28822054
144.5  1.26853761
145.0  1.25569762
145.5  1.25313587
146.0  1.26266193
146.5  1.28179672
147.0  1.30334707
147.5  1.32154017
148.0  1.33056806
148.5  1.32898217
149.0  1.31805831
149.5  1.30390276
150.0  1.29138909
150.5  1.28247608
151.0  1.27854702
151.5  1.27772908
152.0  1.27546303
152.5  1.26816080
153.0  1.25293962
153.5  1.22853604
154.0  1.19817601
154.5  1.16584646
155.0  1.13848670
155.5  1.12204062
156.0  1.12150186
156.5  1.13408106
157.0  1.15569151
157.5  1.18030226
158.0  1.20102475
158.5  1.21366814
159.0  1.21862645
159.5  1.21875624
160.0  1.22057700
160.5  1.22829075
161.0  1.24351975
161.5  1.26582806
162.0  1.29159800
162.5  1.31586791
163.0  1.33275850
163.5  1.33897900
164.0  1.33561122
164.5  1.32408605
165.0  1.30899348
165.5  1.29785488
166.0  1.29664737
166.5  1.30797798
167.0  1.33082856
167.5  1.35987212
168.0  1.38629756
168.5  1.40315028
169.0  1.40632044
169.5  1.39529525
170.0  1.37482011
170.5  1.35142665
171.0  1.33087653
171.5  1.31556290
172.0  1.30635395
172.5  1.30219916
173.0  1.29894480
173.5  1.29321394
174.0  1.28166911
174.5  1.26486588
175.0  1.24452594
175.5  1.22467130
176.0  1.20991326
176.5  1.20610900
177.0  1.21413859
177.5  1.23344702
178.0  1.25859635
178.5  1.28263822
179.0  1.29956736
179.5  1.30492890
180.0  1.30035552
180.5  1.29041312
181.0  1.28157399
181.5  1.27794139
182.0  1.28239744
182.5  1.29191426
183.0  1.30529967
183.5  1.31648444
184.0  1.32327458
184.5  1.32283610
185.0  1.31446240
185.5  1.29957455
186.0  1.28160815
186.5  1.26588167
187.0  1.25617333
187.5  1.25408349
188.0  1.25964774
188.5  1.26744884
189.0  1.27180149
189.5  1.26916006
190.0  1.25897382
190.5  1.24151689
191.0  1.22343984
191.5  1.21221288
192.0  1.21055768
192.5  1.21829713
193.0  1.23388693
193.5  1.25499865
194.0  1.27515261
194.5  1.29096435
195.0  1.30198158
195.5  1.30815621
196.0  1.30970774
196.5  1.30976678
197.0  1.31134786
197.5  1.31676844
198.0  1.32599052
198.5  1.33568951
199.0  1.34170953
199.5  1.33920440
200.0  1.32441337
200.5  1.29787309
201.0  1.26667201
201.5  1.23949216
202.0  1.22004834
202.5  1.21340453
203.0  1.21906598
203.5  1.23251411
204.0  1.24739321
204.5  1.26111906
205.0  1.26848471
205.5  1.26816668
206.0  1.26018013
206.5  1.24755715
207.0  1.23504601
207.5  1.22645307
208.0  1.22515616
208.5  1.23257061
209.0  1.24484891
209.5  1.25599192
210.0  1.26024407
210.5  1.25358652
211.0  1.23752702
211.5  1.21766977
212.0  1.20272514
212.5  1.19869734
213.0  1.20705656
213.5  1.22753656
214.0  1.25544268
214.5  1.28499118
215.0  1.30927315
215.5  1.32557755
216.0  1.33242535
216.5  1.32940238
217.0  1.32007552
217.5  1.30884019
218.0  1.30304767
218.5  1.30761511
219.0  1.32135406
219.5  1.34023386
220.0  1.35927357
220.5  1.37056048
221.0  1.36914813
221.5  1.35634063
222.0  1.33949608
222.5  1.32470230
223.0  1.31892382
223.5  1.32438161
224.0  1.34171022
224.5  1.36324741
225.0  1.38407089
225.5  1.39882939
226.0  1.40146120
226.5  1.39121664
227.0  1.37171906
227.5  1.34491759
228.0  1.31549245
228.5  1.29198518
229.0  1.27625967
229.5  1.27027267
230.0  1.27158908
230.5  1.27348740
231.0  1.26814256
231.5  1.25411742
232.0  1.23242487
232.5  1.20781794
233.0  1.18860360
233.5  1.18102575
234.0  1.18910649
234.5  1.21069229
235.0  1.23991784
235.5  1.26927372
236.0  1.29228800
236.5  1.30466161
237.0  1.30299599
237.5  1.28885419
238.0  1.26783022
238.5  1.24679492
239.0  1.23215444
239.5  1.22675384
240.0  1.23169618
240.5  1.24509759
241.0  1.26082104
241.5  1.27301659
242.0  1.27571492
242.5  1.26862995
243.0  1.25782414
243.5  1.25050634
244.0  1.25139702
244.5  1.26237548
245.0  1.28480013
245.5  1.31152772
246.0  1.33498104
246.5  1.35210566
247.0  1.35922202
247.5  1.35097002
248.0  1.33209741
248.5  1.30812418
249.0  1.28575958
249.5  1.26984256
250.0  1.26535969
250.5  1.27190352
251.0  1.28717993
251.5  1.30341038
252.0  1.31353639
252.5  1.31405640
253.0  1.30528994
253.5  1.29018254
254.0  1.27589712
254.5  1.26934475
255.0  1.27202296
255.5  1.28263948
256.0  1.29626597
256.5  1.30797787
257.0  1.31347481
257.5  1.30933892
258.0  1.29447209
258.5  1.27179054
259.0  1.24708771
259.5  1.22289102
260.0  1.20924009
260.5  1.20903791
261.0  1.22092798
261.5  1.24050351
262.0  1.26255466
262.5  1.27899187
263.0  1.28648363
263.5  1.28682650
264.0  1.28165254
264.5  1.27759458
265.0  1.27828819
265.5  1.28676672
266.0  1.30109364
266.5  1.31870266
267.0  1.33525930
267.5  1.34584661
268.0  1.34815430
268.5  1.34201971
269.0  1.32906128
269.5  1.31400842
270.0  1.30009724
270.5  1.29227819
271.0  1.29453480
271.5  1.30534116
272.0  1.32031253
272.5  1.33163396
273.0  1.33660251
273.5  1.33270912
274.0  1.31979653
274.5  1.30352486
275.0  1.28930549
275.5  1.28056875
276.0  1.27788070
276.5  1.28428877
277.0  1.29566491
277.5  1.30698293
278.0  1.31660018
278.5  1.32210622
279.0  1.32347457
279.5  1.32285181
280.0  1.32288046
280.5  1.32749928
281.0  1.33773913
281.5  1.35454504
282.0  1.37534604
282.5  1.39341355
283.0  1.40286681
283.5  1.39908037
284.0  1.37981451
284.5  1.34789988
285.0  1.31115322
285.5  1.27461822
286.0  1.24283422
286.5  1.21879109
287.0  1.20090858
287.5  1.18944193
288.0  1.18091587
288.5  1.17140286
289.0  1.16009667
289.5  1.15104482
290.0  1.14042406
290.5  1.13360158
291.0  1.13506779
291.5  1.14619345
292.0  1.16814126
292.5  1.19537061
293.0  1.22297286
293.5  1.24676809
294.0  1.26341927
294.5  1.27071670
295.0  1.27127588
295.5  1.27010720
296.0  1.27440237
296.5  1.28510188
297.0  1.30064689
297.5  1.32126721
298.0  1.34214140
298.5  1.35919486
299.0  1.36898695
299.5  1.37251300
300.0  1.37147737
300.5  1.36654403
301.0  1.35917502
301.5  1.35347280
302.0  1.35262714
302.5  1.35649801
303.0  1.35948370
303.5  1.35660890
304.0  1.34592220
304.5  1.32449272
305.0  1.29608975
305.5  1.26602179
306.0  1.24176999
306.5  1.22899086
307.0  1.23030168
307.5  1.24394170
308.0  1.26507948
308.5  1.28966666
309.0  1.31010849
309.5  1.32500769
310.0  1.33121013
310.5  1.33024004
311.0  1.32533963
311.5  1.31665922
312.0  1.31264308
312.5  1.31294761
313.0  1.31678964
313.5  1.32270769
314.0  1.32367759
314.5  1.31391179
315.0  1.29378927
315.5  1.26595719
316.0  1.23699896
316.5  1.21567939
317.0  1.20923253
317.5  1.21893498
318.0  1.24238536
318.5  1.27291640
319.0  1.30550953
319.5  1.33552348
320.0  1.35675715
320.5  1.36627955
321.0  1.36459559
321.5  1.35772805
322.0  1.34819103
322.5  1.34004642
323.0  1.34000161
323.5  1.34447536
324.0  1.34953255
324.5  1.35392913
325.0  1.34630139
325.5  1.32722897
326.0  1.29733938
326.5  1.26395636
327.0  1.23757597
327.5  1.22391123
328.0  1.22555808
328.5  1.24049273
329.0  1.26353180
329.5  1.28755559
330.0  1.30820752
330.5  1.31921387
331.0  1.31950793
331.5  1.31430072
332.0  1.30202234
332.5  1.29120796
333.0  1.29009203
333.5  1.29667735
334.0  1.31482264
334.5  1.33779994
335.0  1.35921758
335.5  1.37146607
336.0  1.37074453
336.5  1.35054542
337.0  1.33066805
337.5  1.30667297
338.0  1.29478342
338.5  1.29295732
339.0  1.30045889
339.5  1.31144529
340.0  1.32109588
340.5  1.32101862
341.0  1.30796447
341.5  1.28353201
342.0  1.25112241
342.5  1.21322037
343.0  1.18186874
343.5  1.15936008
344.0  1.15686655
344.5  1.16241105
345.0  1.19062752
345.5  1.21492085
346.0  1.24247078
346.5  1.25264980
347.0  1.26095475
347.5  1.26121904
348.0  1.26735755
348.5  1.28238269
349.0  1.30348846
349.5  1.34025779
350.0  1.37573297
350.5  1.41394904
351.0  1.43650947
351.5  1.44977999
352.0  1.44426329
352.5  1.42898015
353.0  1.40526121
353.5  1.38001803
354.0  1.36163434
354.5  1.35407577
355.0  1.35714225
355.5  1.36742584
356.0  1.37448261
356.5  1.37787726
357.0  1.36134981
357.5  1.34526231
358.0  1.31517483
358.5  1.29923311
359.0  1.28473987
359.5  1.28986893
360.0  1.30313612
360.5  1.32479870
361.0  1.34850702
361.5  1.36117608
362.0  1.36753842
362.5  1.35333809
363.0  1.33919835
363.5  1.31457654
364.0  1.29593180
364.5  1.28241890
365.0  1.28413070
365.5  1.30003564
366.0  1.32328256
366.5  1.34456138
367.0  1.35580402
367.5  1.35087688
368.0  1.33497762
368.5  1.30813974
369.0  1.28584812
369.5  1.26224568
370.0  1.25786827
370.5  1.25406707
371.0  1.26513474
371.5  1.27013076
372.0  1.28043266
372.5  1.27934161
373.0  1.27077442
373.5  1.25971126
374.0  1.24146851
374.5  1.23683030
375.0  1.23265144
375.5  1.25057952
376.0  1.27201414
376.5  1.30806060
377.0  1.33678883
377.5  1.36224822
378.0  1.36908139
378.5  1.36303514
379.0  1.34427846
379.5  1.32264929
380.0  1.30573143
380.5  1.29616000
381.0  1.29211099
381.5  1.29598915
382.0  1.29901025
382.5  1.30729313
383.0  1.30292259
383.5  1.30344041
384.0  1.28903492
384.5  1.28118396
385.0  1.26713389
385.5  1.27061993
386.0  1.27681949
386.5  1.29608424
387.0  1.31947467
387.5  1.33865538
388.0  1.35485496
388.5  1.35308294
389.0  1.34707529
389.5  1.32631322
390.0  1.31032684
390.5  1.29379065
391.0  1.28979099
391.5  1.29259170
392.0  1.30340482
392.5  1.31491465
393.0  1.32571042
393.5  1.33387139
394.0  1.33717362
394.5  1.33145025
395.0  1.32362322
395.5  1.30923713
396.0  1.30629360
396.5  1.30160251
397.0  1.31263602
397.5  1.31631561
398.0  1.32636144
398.5  1.32396853
399.0  1.31485119
399.5  1.29675600
400.0  1.27323357
400.5  1.25327653
401.0  1.23125678
401.5  1.22576308
402.0  1.22199865
402.5  1.23454442
403.0  1.24711280
403.5  1.26801431
404.0  1.28679008
404.5  1.30592314
405.0  1.32109553
405.5  1.33507053
406.0  1.34902373
406.5  1.36425717
407.0  1.38337233
407.5  1.40392886
408.0  1.42220809
408.5  1.43487808
409.0  1.43782786
409.5  1.43157690
410.0  1.41507960
410.5  1.39556577
411.0  1.37578004
411.5  1.35818178
412.0  1.34486980
412.5  1.33646548
413.0  1.33200683
413.5  1.32991179
414.0  1.32781593
414.5  1.32496742
415.0  1.32035745
415.5  1.31313368
416.0  1.30633135
416.5  1.30153238
417.0  1.29999648
417.5  1.30439359
418.0  1.31494102
418.5  1.32438490
419.0  1.32983928
419.5  1.33036840
420.0  1.32326855
420.5  1.30963862
421.0  1.29482634
421.5  1.28353148
422.0  1.27554500
422.5  1.27225651
423.0  1.27404858
423.5  1.27688384
424.0  1.28108398
424.5  1.28280176
425.0  1.27914629
425.5  1.27302977
426.0  1.26183581
426.5  1.24898201
427.0  1.23837057
427.5  1.23220332
428.0  1.23151315
428.5  1.23537494
429.0  1.24215524
429.5  1.24676096
430.0  1.24622106
430.5  1.24323120
431.0  1.24136068
431.5  1.24337473
432.0  1.25364922
432.5  1.27478040
433.0  1.30425067
433.5  1.33868846
434.0  1.37308359
434.5  1.40454633
435.0  1.43139891
435.5  1.44735490
436.0  1.44970047
436.5  1.44346606
437.0  1.42999492
437.5  1.41392834
438.0  1.39937402
438.5  1.38876037
439.0  1.37911501
439.5  1.36756732
440.0  1.35145528
440.5  1.33043820
441.0  1.30563199
441.5  1.28002880
442.0  1.25675502
442.5  1.24388338
443.0  1.24117999
443.5  1.24672755
444.0  1.25834938
444.5  1.27590806
445.0  1.29503253
445.5  1.31195141
446.0  1.32451201
446.5  1.33264231
447.0  1.33860389
447.5  1.34141843
448.0  1.34618664
448.5  1.35647017
449.0  1.37238187
449.5  1.38885790
450.0  1.40032905
450.5  1.40487063
451.0  1.39787240
451.5  1.38215654
452.0  1.36151935
452.5  1.34147596
453.0  1.32420794
453.5  1.31066870
454.0  1.30097089
454.5  1.29194314
455.0  1.28388727
455.5  1.27364056
456.0  1.26300452
456.5  1.24773069
457.0  1.23223581
457.5  1.22102970
458.0  1.21674542
458.5  1.22437637
459.0  1.24368162
459.5  1.27058006
460.0  1.30588253
460.5  1.34301896
461.0  1.37162521
461.5  1.38800869
462.0  1.39607934
462.5  1.40008852
463.0  1.40120893
463.5  1.40148674
464.0  1.40254843
464.5  1.40530070
465.0  1.40655972
465.5  1.40045362
466.0  1.38703108
466.5  1.36998613
467.0  1.34695405
467.5  1.32074612
468.0  1.29198517
468.5  1.26954461
469.0  1.25657336
469.5  1.25579762
470.0  1.26395707
470.5  1.28269168
471.0  1.30317798
471.5  1.31925792
472.0  1.32694502
472.5  1.32823316
473.0  1.32851329
473.5  1.32810727
474.0  1.32907888
474.5  1.33260854
475.0  1.33798265
475.5  1.34008785
476.0  1.33792094
476.5  1.33152394
477.0  1.31851712
477.5  1.29983822
478.0  1.27655137
478.5  1.25596277
479.0  1.23987830
479.5  1.23340982
480.0  1.23682020
480.5  1.25322930
481.0  1.27718116
481.5  1.30273535
482.0  1.32266396
482.5  1.33262835
483.0  1.33646966
483.5  1.33495953
484.0  1.33418093
484.5  1.33698711
485.0  1.34426246
485.5  1.35432541
486.0  1.36568744
486.5  1.37882589
487.0  1.39059782
487.5  1.39771772
488.0  1.40290411
488.5  1.40664460
489.0  1.41102027
489.5  1.41610473
490.0  1.42454502
490.5  1.44120562
491.0  1.45937023
491.5  1.47372312
492.0  1.47966279
492.5  1.47370519
493.0  1.45336370
493.5  1.42139360
494.0  1.38408345
494.5  1.34970556
495.0  1.32122508
495.5  1.30008187
496.0  1.28699088
496.5  1.28125873
497.0  1.28036180
497.5  1.28124264
498.0  1.28432766
498.5  1.28817343
499.0  1.29167061
499.5  1.29658154
500.0  1.30376713
500.5  1.31519955
501.0  1.33430201
501.5  1.35562615
502.0  1.37751333
502.5  1.39552223
503.0  1.40340183
503.5  1.40059121
504.0  1.39186383
504.5  1.37905641
505.0  1.36631210
505.5  1.35614415
506.0  1.35037591
506.5  1.34802774
507.0  1.34946278
507.5  1.35172191
508.0  1.35557605
508.5  1.35876010
509.0  1.36070309
509.5  1.35740522
510.0  1.35334263
510.5  1.35057056
511.0  1.34965273
511.5  1.35494198
512.0  1.36352023
512.5  1.37196135
513.0  1.37810892
513.5  1.37609198
514.0  1.36834161
514.5  1.36146539
515.0  1.35603812
515.5  1.35205764
516.0  1.35029000
516.5  1.35422302
517.0  1.36242613
517.5  1.36850940
518.0  1.37647792
518.5  1.38530638
519.0  1.39161170
519.5  1.39468098
520.0  1.39468834
520.5  1.39550000
521.0  1.39815963
521.5  1.40286978
522.0  1.41118720
522.5  1.42155107
523.0  1.43153603
523.5  1.43531791
524.0  1.43020247
524.5  1.41753370
525.0  1.39819673
525.5  1.37486428
526.0  1.35052596
526.5  1.32928409
527.0  1.30818551
527.5  1.28902253
528.0  1.27207098
528.5  1.26174834
529.0  1.25714638
529.5  1.25645596
530.0  1.25895975
530.5  1.26820728
531.0  1.28228281
531.5  1.30180662
532.0  1.32757073
532.5  1.35722901
533.0  1.38771317
533.5  1.41583421
534.0  1.43792676
534.5  1.45144294
535.0  1.45884247
535.5  1.46135084
536.0  1.46397799
536.5  1.46765851
537.0  1.47468380
537.5  1.48494938
538.0  1.49179689
538.5  1.49859603
539.0  1.50700975
539.5  1.51257361
540.0  1.51642261
540.5  1.51613831
541.0  1.51259952
541.5  1.50451460
542.0  1.49507850
542.5  1.48548186
543.0  1.47613531
543.5  1.46550769
544.0  1.45223640
544.5  1.43377432
545.0  1.41300401
545.5  1.39200687
546.0  1.37640313
546.5  1.37043393
547.0  1.37464570
547.5  1.38533695
548.0  1.40180045
548.5  1.42271657
549.0  1.43877521
549.5  1.44922176
550.0  1.45391993
550.5  1.45181396
551.0  1.44243433
551.5  1.42551853
552.0  1.40149258
552.5  1.37840289
553.0  1.35726762
553.5  1.33749791
554.0  1.32388970
554.5  1.31350199
555.0  1.30603694
555.5  1.30036816
556.0  1.30147224
556.5  1.31263618
557.0  1.33369961
557.5  1.36162814
558.0  1.39272707
558.5  1.42205926
559.0  1.44502690
559.5  1.45830424
560.0  1.46107929
560.5  1.46095931
561.0  1.45506362
561.5  1.44519902
562.0  1.43750163
562.5  1.43474547
563.0  1.43321043
563.5  1.43759246
564.0  1.44777353
564.5  1.45780797
565.0  1.46706395
565.5  1.47195015
566.0  1.47726120
566.5  1.48259296
567.0  1.48987516
567.5  1.50227996
568.0  1.52002736
568.5  1.53500214
569.0  1.54028990
569.5  1.53634271
570.0  1.52153343
570.5  1.49411624
571.0  1.46075265
571.5  1.42724557
572.0  1.39596898
572.5  1.37277536
573.0  1.35953003
573.5  1.36270376
574.0  1.37819511
574.5  1.40378169
575.0  1.43130350
575.5  1.45426894
576.0  1.47046828
576.5  1.47871768
577.0  1.48071270
577.5  1.47958229
578.0  1.47957079
578.5  1.47982216
579.0  1.47946412
579.5  1.47564129
580.0  1.46671512
580.5  1.45377944
581.0  1.43652924
581.5  1.41910057
582.0  1.40419234
582.5  1.39157237
583.0  1.38775386
583.5  1.39659736
584.0  1.41317240
584.5  1.43938306
585.0  1.47183686
585.5  1.50141882
586.0  1.52014409
586.5  1.52810730
587.0  1.52344490
587.5  1.50938560
588.0  1.49197916
588.5  1.47584186
589.0  1.46258311
589.5  1.45159086
590.0  1.44534935
590.5  1.43764853
591.0  1.42823904
591.5  1.42005531
592.0  1.41069824
592.5  1.40296341
593.0  1.39785997
593.5  1.39468586
594.0  1.39822093
594.5  1.41070906
595.0  1.42916890
595.5  1.44922884
596.0  1.46818451
596.5  1.48165916
597.0  1.48723013
597.5  1.48317184
598.0  1.47200007
598.5  1.46091003
599.0  1.45076068
599.5  1.44462806
600.0  1.44077017
600.5  1.43494510
601.0  1.42645000
601.5  1.41573704
602.0  1.40396909
602.5  1.39363796
603.0  1.38302101
603.5  1.37131877
604.0  1.36386678
604.5  1.36408482
605.0  1.37227579
605.5  1.38402441
606.0  1.40190356
606.5  1.42245146
607.0  1.43912340
607.5  1.44986532
608.0  1.45424291
608.5  1.45531850
609.0  1.45681023
609.5  1.45875258
610.0  1.46220687
610.5  1.46499186
611.0  1.46410654
611.5  1.45847021
612.0  1.45003443
612.5  1.44112566
613.0  1.42702479
613.5  1.41175806
614.0  1.40231332
614.5  1.39506125
615.0  1.38973590
615.5  1.39092743
616.0  1.39855337
616.5  1.40846702
617.0  1.41459675
617.5  1.41822387
618.0  1.41874375
618.5  1.41496213
619.0  1.41122814
619.5  1.41359936
620.0  1.42049053
620.5  1.43229492
621.0  1.44734306
621.5  1.46569205
622.0  1.48225950
622.5  1.49507030
623.0  1.50371077
623.5  1.50783874
624.0  1.50984830
624.5  1.50708817
625.0  1.50091749
625.5  1.49387244
626.0  1.48462246
626.5  1.47737105
627.0  1.47009610
627.5  1.46335277
628.0  1.45136875
628.5  1.43317162
629.0  1.41453654
629.5  1.40178191
630.0  1.39320451
630.5  1.39852799
631.0  1.40538710
631.5  1.42725951
632.0  1.44515654
632.5  1.47330392
633.0  1.49379728
633.5  1.52163815
634.0  1.54118359
634.5  1.56008728
635.0  1.57411696
635.5  1.58279546
636.0  1.59664493
636.5  1.59706772
637.0  1.60632312
637.5  1.60246446
638.0  1.60482459
638.5  1.58830633
639.0  1.56925162
639.5  1.53984895
640.0  1.51850966
640.5  1.49351338
641.0  1.47107628
641.5  1.45270639
642.0  1.43903281
642.5  1.42350179
643.0  1.41457227
643.5  1.39709710
644.0  1.38964100
644.5  1.37047272
645.0  1.36513172
645.5  1.34695891
646.0  1.33944204
646.5  1.33032289
647.0  1.32893270
647.5  1.34147391
648.0  1.35201449
648.5  1.38050896
649.0  1.39039222
649.5  1.41927260
650.0  1.42793684
650.5  1.45710094
651.0  1.46931397
651.5  1.49991487
652.0  1.51891547
652.5  1.53878531
653.0  1.55248239
653.5  1.55976681
654.0  1.56345187
654.5  1.55385411
655.0  1.53976731
655.5  1.52504423
656.0  1.50438657
656.5  1.48376063
657.0  1.45667033
657.5  1.45017835
658.0  1.44088284
658.5  1.44199416
659.0  1.44180849
659.5  1.44101888
660.0  1.45243413
660.5  1.44961913
661.0  1.46849604
661.5  1.46431867
662.0  1.49404499
662.5  1.49259255
663.0  1.51711928
663.5  1.51093518
664.0  1.51836460
664.5  1.50966650
665.0  1.50441120
665.5  1.49251235
666.0  1.47227776
666.5  1.45988183
667.0  1.44133953
667.5  1.42998437
668.0  1.42136768
668.5  1.41969490
669.0  1.42532366
669.5  1.42667923
670.0  1.43811992
670.5  1.43730190
671.0  1.44859571
671.5  1.45367645
672.0  1.46290429
672.5  1.47927052
673.0  1.48142001
673.5  1.50304962
674.0  1.49026982
674.5  1.50968709
675.0  1.48895155
675.5  1.50041058
676.0  1.48030675
676.5  1.48305132
677.0  1.47274670
677.5  1.46966952
678.0  1.47542799
678.5  1.47442510
679.0  1.49412156
679.5  1.49608857
680.0  1.51581232
680.5  1.51496551
681.0  1.52217794
681.5  1.52336719
682.0  1.52014207
682.5  1.52212140
683.0  1.51877247
683.5  1.51570559
684.0  1.50489934
684.5  1.48856476
685.0  1.48435691
685.5  1.45401327
686.0  1.45649286
686.5  1.42779645
687.0  1.44853700
687.5  1.42282056
688.0  1.44784564
688.5  1.44368252
689.0  1.47584285
689.5  1.48879127
690.0  1.50813897
690.5  1.52859312
691.0  1.53406146
691.5  1.54987266
692.0  1.53763675
692.5  1.54582594
693.0  1.53614701
693.5  1.53849291
694.0  1.52524852
694.5  1.51239183
695.0  1.49768782
695.5  1.47611249
696.0  1.45968650
696.5  1.43484914
697.0  1.41927544
697.5  1.39744687
698.0  1.37436369
698.5  1.36777319
699.0  1.34516608
699.5  1.35605802
700.0  1.33380050
700.5  1.36013892
701.0  1.34092191
701.5  1.36797541
702.0  1.35214604
702.5  1.37555987
703.0  1.37910926
703.5  1.39873414
704.0  1.42040463
704.5  1.43228280
705.0  1.45895688
705.5  1.46440989
706.0  1.48737717
706.5  1.49400251
707.0  1.51566470
707.5  1.52743530
708.0  1.53958722
708.5  1.55189713
709.0  1.55707006
709.5  1.56714377
710.0  1.57074915
710.5  1.57084245
711.0  1.57051200
711.5  1.55392508
712.0  1.55386999
712.5  1.51736369
713.0  1.51962211
713.5  1.48150421
714.0  1.49320384
714.5  1.46426854
715.0  1.47007426
715.5  1.45197270
716.0  1.44790434
716.5  1.44405453
717.0  1.43385667
717.5  1.45074131
718.0  1.44654516
718.5  1.46709726
719.0  1.46793579
719.5  1.48867582
720.0  1.49725729
720.5  1.51110333
721.0  1.52119508
721.5  1.52260256
722.0  1.52449092
722.5  1.51241354
723.0  1.50392112
723.5  1.49200256
724.0  1.47834570
724.5  1.47978859
725.0  1.46264539
725.5  1.47527473
726.0  1.44757756
726.5  1.41592463
727.0  1.38502407
727.5  1.35943492
728.0  1.33986093
728.5  1.32728758
729.0  1.32356735
729.5  1.32805923
730.0  1.33933223
730.5  1.35835517
731.0  1.38215567
731.5  1.40800142
732.0  1.43031433
732.5  1.44770696
733.0  1.46123321
733.5  1.47154567
734.0  1.47831894
734.5  1.48811290
735.0  1.50301093
735.5  1.51891013
736.0  1.53912806
736.5  1.55792335
737.0  1.57840885
737.5  1.60114116
738.0  1.62093724
738.5  1.64101707
739.0  1.66314330
739.5  1.67634597
740.0  1.67836996
740.5  1.67417133
741.0  1.66759258
741.5  1.65773730
742.0  1.63955146
742.5  1.61487480
743.0  1.58961117
743.5  1.56527899
744.0  1.53871932
744.5  1.51702051
745.0  1.50499787
745.5  1.50348514
746.0  1.50772460
746.5  1.51550740
747.0  1.52459712
747.5  1.53573372
748.0  1.54644269
748.5  1.55874350
749.0  1.56712696
749.5  1.57218823
750.0  1.57153185
750.5  1.56184098
751.0  1.54671549
751.5  1.52860647
752.0  1.50723365
752.5  1.48593016
753.0  1.46500623
753.5  1.44624846
754.0  1.42916047
754.5  1.41877004
755.0  1.41376052
755.5  1.41880605
756.0  1.43105732
756.5  1.44296039
757.0  1.45554028
757.5  1.46634619
758.0  1.47727253
758.5  1.48419729
759.0  1.48960405
759.5  1.49671705
760.0  1.50336186
760.5  1.50645510
761.0  1.50771289
761.5  1.51080348
762.0  1.51560851
762.5  1.52238950
763.0  1.53034083
763.5  1.54641525
764.0  1.56833380
764.5  1.58823579
765.0  1.60864331
765.5  1.63394337
766.0  1.66302353
766.5  1.68881154
767.0  1.70786005
767.5  1.71716415
768.0  1.71637778
768.5  1.70711325
769.0  1.68708438
769.5  1.66257728
770.0  1.63950046
770.5  1.61378608
771.0  1.58934491
771.5  1.56852391
772.0  1.54828243
772.5  1.53317837
773.0  1.52305229
773.5  1.51686852
774.0  1.51201057
774.5  1.50987855
775.0  1.51020505
775.5  1.51235598
776.0  1.51597019
776.5  1.52089186
777.0  1.52404470
777.5  1.52282213
778.0  1.51502826
778.5  1.50005167
779.0  1.48303838
779.5  1.46613686
780.0  1.45114582
780.5  1.43955170
781.0  1.43251917
781.5  1.42827034
782.0  1.42518460
782.5  1.42402091
783.0  1.42288204
783.5  1.42452810
784.0  1.43303732
784.5  1.43723193
785.0  1.44440984
785.5  1.45866020
786.0  1.48030268
786.5  1.50484021
787.0  1.53197728
787.5  1.56044365
788.0  1.58806911
788.5  1.60776881
789.0  1.61649216
789.5  1.61800739
790.0  1.62132597
790.5  1.62360496
791.0  1.62345735
791.5  1.62572008
792.0  1.62892519
792.5  1.62996911
793.0  1.62675950
793.5  1.62210469
794.0  1.61364006
794.5  1.60164738
795.0  1.58763984
795.5  1.57457755
796.0  1.56181110
796.5  1.55059586
797.0  1.54471638
797.5  1.54131716
798.0  1.53505855
798.5  1.52487710
799.0  1.51158007
799.5  1.49451029
800.0  1.47629960
800.5  1.46325360
801.0  1.45858937
801.5  1.46241379
802.0  1.47213595
802.5  1.48812189
803.0  1.51115767
803.5  1.52935535
804.0  1.54804003
804.5  1.56165349
805.0  1.57078416
805.5  1.57550589
806.0  1.57764045
806.5  1.57813152
807.0  1.57833942
807.5  1.57922603
808.0  1.57990545
808.5  1.57644579
809.0  1.56571101
809.5  1.54674516
810.0  1.52429450
810.5  1.50162786
811.0  1.48355050
811.5  1.47481911
812.0  1.47591185
812.5  1.48328328
813.0  1.49625312
813.5  1.51025783
814.0  1.52240262
814.5  1.53397835
815.0  1.53879086
815.5  1.54083533
816.0  1.54290714
816.5  1.54539835
817.0  1.54504782
817.5  1.55870594
818.0  1.57971907
818.5  1.59739291
819.0  1.61714515
819.5  1.63484361
820.0  1.64052738
820.5  1.63906495
821.0  1.63519121
821.5  1.63152658
822.0  1.62839705
822.5  1.63037868
823.0  1.63719870
823.5  1.63942308
824.0  1.63723296
824.5  1.63196877
825.0  1.61970320
825.5  1.59928971
826.0  1.57135069
826.5  1.54283707
827.0  1.51612033
827.5  1.49490629
828.0  1.47992283
828.5  1.47503753
829.0  1.47938168
829.5  1.48296519
830.0  1.47901729
830.5  1.46484289
831.0  1.44914628
831.5  1.43200747
832.0  1.41479547
832.5  1.40495827
833.0  1.40432819
833.5  1.41301912
834.0  1.42582209
834.5  1.43901358
835.0  1.45405157
835.5  1.46849632
836.0  1.47953943
836.5  1.48807714
837.0  1.49073098
837.5  1.49119633
838.0  1.49726415
838.5  1.50982318
839.0  1.52716327
839.5  1.54588367
840.0  1.56427637
840.5  1.58435991
841.0  1.59473727
841.5  1.60003161
842.0  1.60769530
842.5  1.62108039
843.0  1.64050464
843.5  1.66257655
844.0  1.68670950
844.5  1.71217462
845.0  1.72866026
845.5  1.73514588
846.0  1.73175657
846.5  1.71710897
847.0  1.69163672
847.5  1.65756211
848.0  1.62250680
848.5  1.58799118
849.0  1.56175461
849.5  1.54752284
850.0  1.54221268
850.5  1.54118973
851.0  1.53949130
851.5  1.53881197
852.0  1.53464656
852.5  1.52860745
853.0  1.52575000
853.5  1.52644200
854.0  1.52570793
854.5  1.52451281
855.0  1.52046802
855.5  1.51061848
856.0  1.49392164
856.5  1.47532956
857.0  1.45445166
857.5  1.43319733
858.0  1.41468852
858.5  1.40643494
859.0  1.40845059
859.5  1.42260395
860.0  1.44928466
860.5  1.48487358
861.0  1.52010223
861.5  1.54812761
862.0  1.56804333
862.5  1.57973861
863.0  1.57900834
863.5  1.57373495
864.0  1.56803498
864.5  1.56587914
865.0  1.56268581
865.5  1.55603725
866.0  1.54566618
866.5  1.53782329
867.0  1.53118457
867.5  1.52195802
868.0  1.51421145
868.5  1.51328595
869.0  1.51586949
869.5  1.52793908
870.0  1.54908262
870.5  1.57648754
871.0  1.60568285
871.5  1.63307455
872.0  1.65218401
872.5  1.65832150
873.0  1.65029590
873.5  1.63135549
874.0  1.60920719
874.5  1.58517248
875.0  1.56016848
875.5  1.53737096
876.0  1.52223492
876.5  1.50671730
877.0  1.49299998
877.5  1.48474495
878.0  1.47546137
878.5  1.46454119
879.0  1.45644811
879.5  1.44913676
880.0  1.44477768
880.5  1.44070896
881.0  1.43779109
881.5  1.43286892
882.0  1.42743053
882.5  1.41605205
883.0  1.39653742
883.5  1.37113533
884.0  1.35064982
884.5  1.33802955
885.0  1.32686664
885.5  1.32561799
886.0  1.33539292
886.5  1.35422876
887.0  1.37112518
887.5  1.39073703
888.0  1.41413210
888.5  1.43807935
889.0  1.45563006
889.5  1.47019530
890.0  1.48421731
890.5  1.50036097
891.0  1.51782834
891.5  1.53177233
892.0  1.54277445
892.5  1.55038674
893.0  1.55023643
893.5  1.54344493
894.0  1.53502090
894.5  1.52764360
895.0  1.52510173
895.5  1.52811621
896.0  1.53372239
896.5  1.54339474
897.0  1.55675232
897.5  1.57042544
898.0  1.58159887
898.5  1.58930580
899.0  1.58983172
899.5  1.58564752
900.0  1.57989985
900.5  1.57117506
901.0  1.56333202
901.5  1.55734547
902.0  1.55166531
902.5  1.54488431
903.0  1.53620718
903.5  1.52182997
904.0  1.50302889
904.5  1.48236718
905.0  1.46606228
905.5  1.45462712
906.0  1.45005641
906.5  1.44633737
907.0  1.44859522
907.5  1.45279095
908.0  1.45283275
908.5  1.44892605
909.0  1.44377550
909.5  1.43281452
910.0  1.42053834
910.5  1.41183722
911.0  1.40621351
911.5  1.40501735
912.0  1.40763006
912.5  1.41515351
913.0  1.42305287
913.5  1.42963457
914.0  1.43045258
914.5  1.42448412
915.0  1.42232400
915.5  1.42280425
916.0  1.42893407
916.5  1.43862784
917.0  1.45524246
917.5  1.47102786
918.0  1.48575933
918.5  1.49712781
919.0  1.50248099
919.5  1.50583810
920.0  1.50467490
920.5  1.50059928
921.0  1.49810634
921.5  1.49987991
922.0  1.50405480
922.5  1.50932222
923.0  1.51703097
923.5  1.52083607
924.0  1.51927265
924.5  1.51404143
925.0  1.50440788
925.5  1.49611149
926.0  1.49365416
926.5  1.49641261
927.0  1.50260366
927.5  1.51319023
928.0  1.52278506
928.5  1.52285028
929.0  1.51891417
929.5  1.50867430
930.0  1.49313863
930.5  1.47480909
931.0  1.45335475
931.5  1.43652168
932.0  1.42943371
932.5  1.42644105
933.0  1.42258231
933.5  1.42196541
934.0  1.42329057
934.5  1.41910816
935.0  1.41422850
935.5  1.40266945
936.0  1.40327315
936.5  1.41829628
937.0  1.43551010
937.5  1.46070215
938.0  1.49187642
938.5  1.52127684
939.0  1.54129872
939.5  1.54736662
940.0  1.54413985
940.5  1.53215116
941.0  1.51246451
941.5  1.48982015
942.0  1.47157370
942.5  1.46068116
943.0  1.45297833
943.5  1.45569496
944.0  1.45978723
944.5  1.46011459
945.0  1.45303058
945.5  1.44423831
946.0  1.43718771
946.5  1.43447096
947.0  1.43838714
947.5  1.45094328
948.0  1.47147235
948.5  1.49011103
949.0  1.50465692
949.5  1.51065839
950.0  1.50479697
950.5  1.49054860
951.0  1.47013697
951.5  1.45016716
952.0  1.43416692
952.5  1.42443261
953.0  1.42608951
953.5  1.43949058
954.0  1.46049510
954.5  1.48651558
955.0  1.50452265
955.5  1.51165439
956.0  1.51322274
956.5  1.51215955
957.0  1.50722478
957.5  1.50422098
958.0  1.50770942
958.5  1.51279118
959.0  1.51849496
959.5  1.51738620
960.0  1.51400713
960.5  1.50326597
961.0  1.48165613
961.5  1.45440338
962.0  1.42860620
962.5  1.41004930
963.0  1.39478316
963.5  1.38837821
964.0  1.39597818
964.5  1.40864377
965.0  1.42359129
965.5  1.42685900
966.0  1.42249650
966.5  1.41240276
967.0  1.40029233
967.5  1.38588531
968.0  1.37978933
968.5  1.38356013
969.0  1.38926756
969.5  1.39796496
970.0  1.40924979
970.5  1.41669569
971.0  1.41895729
971.5  1.41476183
972.0  1.40840109
972.5  1.40440539
973.0  1.40204485
973.5  1.41119456
974.0  1.43156050
974.5  1.46203791
975.0  1.49885929
975.5  1.53241073
976.0  1.55541320
976.5  1.56392256
977.0  1.55923593
977.5  1.54475837
978.0  1.52695143
978.5  1.51290841
979.0  1.50133687
979.5  1.49216263
980.0  1.48288277
980.5  1.47609972
981.0  1.46377499
981.5  1.44181529
982.0  1.41871089
982.5  1.39297213
983.0  1.36808458
983.5  1.35332051
984.0  1.35116023
984.5  1.36286762
985.0  1.38440025
985.5  1.40977818
986.0  1.43448907
986.5  1.45371894
987.0  1.46191970
987.5  1.45907793
988.0  1.45305440
988.5  1.45066853
989.0  1.45432965
989.5  1.46623814
990.0  1.48989232
990.5  1.51914224
991.0  1.54598363
991.5  1.56634864
992.0  1.57961931
992.5  1.58564955
993.0  1.58304414
993.5  1.57434196
994.0  1.56562368
994.5  1.55559702
995.0  1.54757869
995.5  1.54362302
996.0  1.54143566
996.5  1.53235846
997.0  1.51503228
997.5  1.49164428
998.0  1.46205429
998.5  1.42937681
999.0  1.40618030
999.5  1.39141170
1000.0  1.38464071
