0.0  297.0347
0.5  278.8841
1.0  267.5274
1.5  262.7253
2.0  262.7267
2.5  265.1310
3.0  267.9301
3.5  270.3618
4.0  273.2791
4.5  278.8723
5.0  289.7573
5.5  307.6872
6.0  332.3929
6.5  361.1172
7.0  389.1469
7.5  411.1529
8.0  422.7581
8.5  421.7144
9.0  408.3628
9.5  385.3820
10.0  357.0018
10.5  327.8982
11.0  302.0261
11.5  281.7058
12.0  267.2552
12.5  257.2876
13.0  249.5509
13.5  242.0109
14.0  233.8254
14.5  225.8905
15.0  220.7181
15.5  221.5694
16.0  231.0635
16.5  249.8021
17.0  275.6741
17.5  304.2360
18.0  330.0216
18.5  348.1907
19.0  355.8683
19.5  352.7929
20.0  341.2101
20.5  325.1332
21.0  309.1813
21.5  297.2977
22.0  291.7266
22.5  292.5805
23.0  298.1297
23.5  305.6763
24.0  312.6847
24.5  317.7776
25.0  321.2525
25.5  324.8976
26.0  331.1121
26.5  341.6434
27.0  356.5105
27.5  373.6679
28.0  389.5998
28.5  400.5416
29.0  403.7504
29.5  398.3452
30.0  385.5291
30.5  368.2469
31.0  350.4168
31.5  335.9149
32.0  327.5565
32.5  326.3745
33.0  331.4408
33.5  340.2978
34.0  349.8568
34.5  357.4737
35.0  361.8590
35.5  363.5020
36.0  364.3886
36.5  367.0169
37.0  373.0548
37.5  382.2594
38.0  392.2374
38.5  399.1985
39.0  399.3138
39.5  390.0398
40.0  370.9247
40.5  343.7525
41.0  312.1093
41.5  280.5286
42.0  253.4064
42.5  233.9627
43.0  223.5749
43.5  221.7171
44.0  226.5105
44.5  235.6486
45.0  247.3437
45.5  260.9603
46.0  277.1071
46.5  297.1180
47.0  322.0609
47.5  351.6601
48.0  383.6749
48.5  414.1395
49.0  438.4360
49.5  452.7066
50.0  454.9740
50.5  445.5791
51.0  426.9157
51.5  402.6610
52.0  376.7578
52.5  352.4026
53.0  331.3039
53.5  313.4396
54.0  297.4052
54.5  281.2440
55.0  263.4882
55.5  244.0679
56.0  224.7641
56.5  208.9739
57.0  200.7243
57.5  203.1597
58.0  217.0642
58.5  240.1414
59.0  267.5313
59.5  293.4100
60.0  312.9330
60.5  323.6655
61.0  326.0257
61.5  322.7782
62.0  317.9096
62.5  315.2813
63.0  317.4156
63.5  324.7318
64.0  335.4515
64.5  346.2106
65.0  353.1997
65.5  353.4954
66.0  346.1890
66.5  332.9471
67.0  317.7369
67.5  305.6497
68.0  301.0925
68.5  306.0074
69.0  318.9627
69.5  335.6593
70.0  350.6610
70.5  359.5001
71.0  360.1945
71.5  353.6584
72.0  343.0721
72.5  332.6154
73.0  326.0372
73.5  325.4750
74.0  330.8356
74.5  339.9017
75.0  349.1211
75.5  354.8433
76.0  354.6446
76.5  348.3373
77.0  338.2921
77.5  328.8302
78.0  324.7169
78.5  329.2050
79.0  342.4424
79.5  361.0802
80.0  379.4011
80.5  391.4877
81.0  393.4022
81.5  384.4528
82.0  367.1937
82.5  346.3869
83.0  327.4305
83.5  314.7711
84.0  310.7170
84.5  314.9299
85.0  324.6910
85.5  335.8317
86.0  344.0666
86.5  346.3844
87.0  342.1354
87.5  333.4576
88.0  324.7613
88.5  321.2250
89.0  326.6793
89.5  341.7178
90.0  363.0055
90.5  384.2789
91.0  398.6329
91.5  401.0003
92.0  389.7491
92.5  366.9217
93.0  337.2984
93.5  306.7953
94.0  280.7442
94.5  262.5131
95.0  252.7992
95.5  249.7478
96.0  249.8270
96.5  249.1991
97.0  245.2103
97.5  237.5784
98.0  228.8706
98.5  223.9556
99.0  228.3768
99.5  246.0592
100.0  277.2691
100.5  317.8935
101.0  360.5640
101.5  397.1486
102.0  421.3974
102.5  430.6012
103.0  425.8190
103.5  410.9332
104.0  391.1007
104.5  371.1502
105.0  354.3330
105.5  341.6834
106.0  332.0713
106.5  322.8578
107.0  310.9473
107.5  293.9764
108.0  271.3747
108.5  245.0146
109.0  219.1587
109.5  199.4898
110.0  191.3066
110.5  197.4699
111.0  217.0655
111.5  245.5787
112.0  276.5771
112.5  304.0495
113.0  324.2826
113.5  336.5987
114.0  342.9310
114.5  346.6346
115.0  351.0428
115.5  358.2268
116.0  368.2954
116.5  379.3977
117.0  388.3886
117.5  391.9403
118.0  387.7789
118.5  375.6930
119.0  357.9820
119.5  339.0934
120.0  324.3958
120.5  318.3735
121.0  322.9220
121.5  336.5611
122.0  355.0206
122.5  372.9127
123.0  385.6424
123.5  390.7262
124.0  388.1751
124.5  380.0665
125.0  369.6250
125.5  360.1217
126.0  353.8710
126.5  351.5762
127.0  352.2018
127.5  353.4210
128.0  352.5197
128.5  347.5088
129.0  338.0895
129.5  326.0899
130.0  315.0693
130.5  309.0584
131.0  310.8334
131.5  320.5140
132.0  335.2709
132.5  350.3710
133.0  361.0114
133.5  364.0032
134.0  358.6201
134.5  346.5080
135.0  330.9427
135.5  315.7876
136.0  304.4148
136.5  298.8074
137.0  299.0510
137.5  303.3697
138.0  308.7328
138.5  311.9021
139.0  310.6422
139.5  304.7185
140.0  296.2837
140.5  289.3602
141.0  288.4168
141.5  296.4823
142.0  313.6203
142.5  336.5776
143.0  359.8534
143.5  377.6542
144.0  385.7801
144.5  382.7031
145.0  369.6563
145.5  349.9661
146.0  327.9711
146.5  307.8230
147.0  292.4278
147.5  282.7649
148.0  277.7635
148.5  274.7944
149.0  270.6861
149.5  263.0197
150.0  251.3197
150.5  237.6749
151.0  226.3903
151.5  222.5727
152.0  230.0710
152.5  249.6644
153.0  278.4224
153.5  310.5939
154.0  339.5682
154.5  359.9762
155.0  369.1246
155.5  367.4174
156.0  357.8440
156.5  344.8382
157.0  332.8966
157.5  325.3393
158.0  323.5177
158.5  326.6293
159.0  332.1544
159.5  336.7922
160.0  337.6732
160.5  333.5250
161.0  325.3948
161.5  316.5640
162.0  311.5087
162.5  314.1847
163.0  326.3326
163.5  346.5927
164.0  370.8464
164.5  393.5976
165.0  409.7754
165.5  416.2784
166.0  412.7762
166.5  401.5799
167.0  386.7019
167.5  372.4694
168.0  362.1674
168.5  357.1126
169.0  356.3832
169.5  357.2337
170.0  356.0722
170.5  349.7601
171.0  336.8907
171.5  318.6151
172.0  298.6168
172.5  282.0618
173.0  273.7940
173.5  276.4722
174.0  289.4685
174.5  309.0180
175.0  329.5398
175.5  345.5764
176.0  353.6001
176.5  353.0356
177.0  346.1757
177.5  337.1183
178.0  330.2115
178.5  328.5992
179.0  333.3101
179.5  343.0719
180.0  354.8027
180.5  364.5912
181.0  368.9025
181.5  365.7031
182.0  355.1809
182.5  339.7925
183.0  323.5499
183.5  310.7272
184.0  304.4156
184.5  305.4403
185.0  312.0538
185.5  320.5795
186.0  326.8378
186.5  327.8078
187.0  322.7955
187.5  313.5784
188.0  303.5238
188.5  296.1546
189.0  293.8054
189.5  296.8440
190.0  303.6329
190.5  311.1422
191.0  315.9696
191.5  315.4506
192.0  308.5397
192.5  296.1993
193.0  281.1742
193.5  267.2219
194.0  258.0462
194.5  256.2414
195.0  262.5141
195.5  275.3997
196.0  291.6579
196.5  307.3605
197.0  319.3228
197.5  326.2224
198.0  328.8499
198.5  329.4179
199.0  330.3533
199.5  333.1731
200.0  337.8852
200.5  343.0526
201.0  346.4095
201.5  345.7716
202.0  339.9347
202.5  329.2708
203.0  315.8174
203.5  302.8119
204.0  293.8177
204.5  291.7164
205.0  297.8456
205.5  311.4861
206.0  329.8699
206.5  348.8562
207.0  364.2255
207.5  373.1519
208.0  375.1576
208.5  372.0564
209.0  366.9472
209.5  362.7921
210.0  361.2293
210.5  362.0478
211.0  363.4284
211.5  362.7873
212.0  357.9001
212.5  347.9146
213.0  333.8909
213.5  318.6456
214.0  305.9365
214.5  299.2968
215.0  300.9617
215.5  311.2224
216.0  328.3141
216.5  348.8037
217.0  368.4447
217.5  383.3981
218.0  391.4642
218.5  392.7683
219.0  389.5029
219.5  384.8161
220.0  381.3670
220.5  380.1745
221.0  380.1765
221.5  378.6083
222.0  372.0440
222.5  357.7715
223.0  335.0654
223.5  305.8918
224.0  274.7001
224.5  247.2643
225.0  228.9533
225.5  223.0840
226.0  229.9559
226.5  246.8332
227.0  268.8047
227.5  290.2763
228.0  306.7128
228.5  316.0687
229.0  319.3156
229.5  319.7933
230.0  321.6603
230.5  328.1119
231.0  340.0607
231.5  355.7041
232.0  371.0534
232.5  381.2232
233.0  382.0981
233.5  371.8841
234.0  352.0086
234.5  326.9533
235.0  302.9456
235.5  285.9304
236.0  279.6076
236.5  284.2891
237.0  296.9266
237.5  312.2018
238.0  324.2994
238.5  328.8400
239.0  324.3490
239.5  312.6938
240.0  298.2865
240.5  286.3783
241.0  281.1333
241.5  284.1754
242.0  294.0416
242.5  306.6373
243.0  316.5319
243.5  318.7534
244.0  310.5995
244.5  292.8724
245.0  269.9740
245.5  248.6230
246.0  235.5478
246.5  235.0675
247.0  247.5778
247.5  269.5133
248.0  294.6904
248.5  316.4711
249.0  330.0042
249.5  333.7978
250.0  330.0731
250.5  323.7912
251.0  320.7651
251.5  325.5937
252.0  340.1199
252.5  362.8313
253.0  389.2824
253.5  413.3631
254.0  429.0898
254.5  432.4799
255.0  422.9700
255.5  403.8253
256.0  381.2142
256.5  362.1252
257.0  351.8757
257.5  352.2176
258.0  360.7991
258.5  372.1653
259.0  379.8921
259.5  379.0438
260.0  368.0052
260.5  348.9878
261.0  327.0838
261.5  308.3568
262.0  297.7636
262.5  297.6185
263.0  306.9900
263.5  322.0853
264.0  337.4424
264.5  347.6156
265.0  348.9343
265.5  340.8154
266.0  326.1031
266.5  310.1447
267.0  298.8147
267.5  296.2528
268.0  303.2857
268.5  317.1811
269.0  332.7788
269.5  344.5122
270.0  348.5465
270.5  344.2232
271.0  334.2589
271.5  323.6502
272.0  317.7735
272.5  320.4321
273.0  332.5201
273.5  351.6653
274.0  372.8767
274.5  389.9739
275.0  397.4222
275.5  392.0861
276.0  374.3560
276.5  348.1726
277.0  319.7924
277.5  295.6706
278.0  280.2972
278.5  274.8633
279.0  277.2060
279.5  282.9181
280.0  287.1422
280.5  286.4169
281.0  279.9306
281.5  269.7102
282.0  259.6897
282.5  254.0865
283.0  255.7589
283.5  265.1382
284.0  280.0370
284.5  296.3292
285.0  309.2756
285.5  315.1178
286.0  312.4502
286.5  302.8465
287.0  290.3789
287.5  280.0963
288.0  276.0694
288.5  279.8983
289.0  290.3218
289.5  303.9469
290.0  316.6320
290.5  324.9716
291.0  327.4668
291.5  325.0545
292.0  320.7869
292.5  318.7145
293.0  322.3696
293.5  333.4176
294.0  350.9363
294.5  371.5240
295.0  390.1738
295.5  401.6798
296.0  402.2233
296.5  390.6862
297.0  369.2052
297.5  342.6256
298.0  316.9174
298.5  297.1416
299.0  285.8611
299.5  282.6746
300.0  284.9302
300.5  289.1344
301.0  292.4269
301.5  293.6531
302.0  293.7467
302.5  295.3040
303.0  301.4850
303.5  314.6543
304.0  335.2899
304.5  361.5467
305.0  389.5902
305.5  414.5734
306.0  431.9836
306.5  438.9919
307.0  435.3740
307.5  423.6005
308.0  407.9247
308.5  392.7445
309.0  380.9521
309.5  373.0643
310.0  367.4931
310.5  361.6678
311.0  353.3587
311.5  341.6647
312.0  327.4372
312.5  313.1037
313.0  301.9295
313.5  296.8925
314.0  299.5439
314.5  309.2898
315.0  323.3681
315.5  337.5191
316.0  347.1377
316.5  348.6045
317.0  340.4596
317.5  324.0583
318.0  303.3795
318.5  283.8648
319.0  270.5848
319.5  266.4566
320.0  271.3253
320.5  282.3099
321.0  295.1386
321.5  305.7787
322.0  311.7302
322.5  312.6793
323.0  310.4496
323.5  308.2867
324.0  309.6334
324.5  316.7643
325.0  329.7703
325.5  346.2850
326.0  362.0610
326.5  372.2090
327.0  372.7281
327.5  361.8813
328.0  340.9645
328.5  314.1103
329.0  287.0442
329.5  265.1715
330.0  251.7918
330.5  247.2605
331.0  249.4223
331.5  254.9330
332.0  260.7216
332.5  265.0071
333.0  267.6859
333.5  270.1517
334.0  274.6467
334.5  283.2878
335.0  297.0499
335.5  315.0920
336.0  334.7252
336.5  352.0698
337.0  363.2050
337.5  365.4642
338.0  358.4811
338.5  344.5927
339.0  328.3105
339.5  314.8654
340.0  308.3078
340.5  310.0145
341.0  318.3606
341.5  329.6790
342.0  339.9071
342.5  346.0653
343.0  347.0494
343.5  343.7182
344.0  338.4810
344.5  334.5428
345.0  334.9175
345.5  341.4206
346.0  353.9691
346.5  370.4681
347.0  387.3572
347.5  400.6481
348.0  407.1391
348.5  405.4454
349.0  396.4942
349.5  383.2270
350.0  369.4884
350.5  358.4799
351.0  351.4964
351.5  347.6096
352.0  344.4267
352.5  339.4098
353.0  331.0144
353.5  319.2208
354.0  305.4902
354.5  292.3532
355.0  282.7626
355.5  279.2799
356.0  283.2595
356.5  294.3060
357.0  310.2417
357.5  327.6411
358.0  342.7999
358.5  352.8823
359.0  356.9220
359.5  356.2973
360.0  354.3236
360.5  354.8755
361.0  360.4969
361.5  370.9549
362.0  383.1252
362.5  392.3224
363.0  394.2914
363.5  386.8108
364.0  370.3324
364.5  347.7185
365.0  323.3993
365.5  302.2207
366.0  288.1878
366.5  283.3835
367.0  287.3830
367.5  297.3714
368.0  308.9383
368.5  317.3284
369.0  318.8403
369.5  312.0344
370.0  298.3671
370.5  281.8681
371.0  267.7191
371.5  260.1543
372.0  260.6718
372.5  267.5525
373.0  276.9224
373.5  284.6303
374.0  287.8799
374.5  286.0017
375.0  280.3953
375.5  273.9436
376.0  270.1191
376.5  271.9362
377.0  280.9700
377.5  296.7377
378.0  316.6633
378.5  336.6538
379.0  352.1405
379.5  359.3463
380.0  356.4817
380.5  344.4833
381.0  326.8706
381.5  308.5160
382.0  293.6949
382.5  284.3694
383.0  279.6946
383.5  276.9860
384.0  273.4512
384.5  267.6629
385.0  260.1989
385.5  253.4803
386.0  251.0743
386.5  256.6664
387.0  272.8909
387.5  300.3248
388.0  337.0017
388.5  378.6505
389.0  419.5906
389.5  454.0188
390.0  477.3721
390.5  487.4640
391.0  485.0561
391.5  473.5212
392.0  457.4920
392.5  440.9402
393.0  425.6360
393.5  410.8447
394.0  394.3297
394.5  373.8970
395.0  348.5857
395.5  319.1404
396.0  287.9294
396.5  258.5349
397.0  235.0604
397.5  221.1673
398.0  219.0452
398.5  228.6878
399.0  247.7841
399.5  272.2816
400.0  297.4388
400.5  319.0734
401.0  334.6945
401.5  344.1781
402.0  349.6347
402.5  354.3243
403.0  360.9732
403.5  370.3477
404.0  380.9152
404.5  389.7297
405.0  393.8763
405.5  391.6196
406.0  382.8703
406.5  369.1133
407.0  353.0439
407.5  337.9864
408.0  327.0942
408.5  322.4686
409.0  324.4873
409.5  331.6054
410.0  340.7122
410.5  347.9392
411.0  349.7390
411.5  344.0213
412.0  331.0264
412.5  313.4998
413.0  295.8392
413.5  282.3827
414.0  275.6353
414.5  275.4095
415.0  279.2894
415.5  283.9698
416.0  286.6337
416.5  285.8173
417.0  281.6962
417.5  275.9275
418.0  271.1293
418.5  270.0701
419.0  274.7572
419.5  285.7142
420.0  301.6858
420.5  319.8413
421.0  336.4059
421.5  347.6013
422.0  350.7407
422.5  345.1928
423.0  332.7748
423.5  317.2006
424.0  302.6633
424.5  292.2176
425.0  286.8253
425.5  285.4802
426.0  286.1237
426.5  286.7166
427.0  286.0153
427.5  283.9431
428.0  281.5984
428.5  280.9246
429.0  284.0900
429.5  292.7333
430.0  307.3097
430.5  326.7392
431.0  348.4493
431.5  368.8221
432.0  384.0222
432.5  391.0991
433.0  389.0525
433.5  379.3372
434.0  365.3672
434.5  351.1091
435.0  339.4892
435.5  331.4989
436.0  326.3524
436.5  322.3539
437.0  317.8682
437.5  312.0302
438.0  305.1234
438.5  298.6260
439.0  294.8913
439.5  296.4909
440.0  305.4036
440.5  322.3152
441.0  346.2375
441.5  374.5276
442.0  403.3059
442.5  428.2633
443.0  445.7736
443.5  454.0027
444.0  453.4736
444.5  446.6381
445.0  436.5584
445.5  425.4380
446.0  413.8403
446.5  400.8933
447.0  385.1111
447.5  365.2707
448.0  341.0348
448.5  313.2732
449.0  284.0837
449.5  256.4703
450.0  233.7061
450.5  218.5417
451.0  212.5030
451.5  215.4681
452.0  225.6148
452.5  239.7742
453.0  254.2182
453.5  265.8164
454.0  273.2293
454.5  277.5398
455.0  281.8067
455.5  289.5977
456.0  303.2514
456.5  322.8054
457.0  346.0290
457.5  369.3029
458.0  388.7843
458.5  401.4359
459.0  405.7315
459.5  401.9463
460.0  391.9793
460.5  378.7609
461.0  365.4247
461.5  354.4799
462.0  347.1681
462.5  343.1242
463.0  340.4538
463.5  336.3523
464.0  328.2568
464.5  315.1660
465.0  298.4286
465.5  281.3914
466.0  267.9423
466.5  260.7278
467.0  260.0334
467.5  263.8131
468.0  268.6499
468.5  271.0785
469.0  268.7801
469.5  261.3555
470.0  250.5177
470.5  239.6581
471.0  232.8992
471.5  233.9072
472.0  244.8056
472.5  265.4759
473.0  293.4097
473.5  324.1813
474.0  352.5372
474.5  373.9251
475.0  385.9828
475.5  389.2884
476.0  386.8848
476.5  382.7527
477.0  380.0552
477.5  380.0431
478.0  381.9778
478.5  383.8083
479.0  383.1122
479.5  377.9548
480.0  367.5128
480.5  352.3953
481.0  334.6160
481.5  317.2117
482.0  303.5686
482.5  296.5753
483.0  297.7721
483.5  306.7180
484.0  320.8532
484.5  336.0971
485.0  348.1679
485.5  354.1583
486.0  353.5658
486.5  348.1679
487.0  340.8384
487.5  334.0794
488.0  329.1102
488.5  325.8253
489.0  323.3505
489.5  320.7389
490.0  317.5016
490.5  313.8740
491.0  310.8296
491.5  309.8887
492.0  312.7809
492.5  321.0128
493.0  335.3814
493.5  355.5017
494.0  379.4973
494.5  404.0804
495.0  425.2088
495.5  439.2417
496.0  444.1185
496.5  439.9039
497.0  428.3621
497.5  411.8822
498.0  392.4916
498.5  371.4830
499.0  349.6145
499.5  327.4775
500.0  305.7128
500.5  285.0344
501.0  266.1857
501.5  249.9334
502.0  237.1104
502.5  228.6484
503.0  225.5049
503.5  228.4154
504.0  237.4846
504.5  251.7819
505.0  269.2260
505.5  287.0031
506.0  302.4757
506.5  314.1315
507.0  321.9647
507.5  327.0158
508.0  330.4154
508.5  332.6227
509.0  333.3067
509.5  331.7710
510.0  327.4951
510.5  320.4523
511.0  311.1446
511.5  300.4774
512.0  289.6103
512.5  279.8492
513.0  272.5589
513.5  269.0204
514.0  270.1528
514.5  276.1037
515.0  285.8778
515.5  297.3254
516.0  307.7491
516.5  315.0193
517.0  318.6011
517.5  319.7695
518.0  320.7793
518.5  323.5377
519.0  328.6717
519.5  335.4906
520.0  342.6338
520.5  348.8177
521.0  353.2503
521.5  355.6676
522.0  356.1909
522.5  355.2109
523.0  353.3740
523.5  351.6031
524.0  351.0056
524.5  352.5468
525.0  356.5173
525.5  362.0407
526.0  367.0239
526.5  368.8361
527.0  365.5535
527.5  357.0840
528.0  345.3882
528.5  333.5573
529.0  324.3310
529.5  319.0065
530.0  317.3041
530.5  318.0204
531.0  319.8593
531.5  321.9388
532.0  323.8610
532.5  325.5380
533.0  327.0294
533.5  328.5270
534.0  330.4529
534.5  333.5042
535.0  338.4606
535.5  345.6962
536.0  354.5964
536.5  363.3157
537.0  369.2802
537.5  370.3853
538.0  366.2211
538.5  358.4418
539.0  349.9292
539.5  343.2915
540.0  339.7020
540.5  338.7176
541.0  338.9413
541.5  338.9056
542.0  337.6363
542.5  334.7629
543.0  330.3680
543.5  324.8381
544.0  318.8555
544.5  313.4789
545.0  310.1287
545.5  310.2758
546.0  314.7895
546.5  323.2043
547.0  333.4306
547.5  342.3621
548.0  347.2712
548.5  347.1803
549.0  343.2373
549.5  337.8009
550.0  332.9140
550.5  329.2363
551.0  326.0200
551.5  321.8863
552.0  315.7118
552.5  307.0927
553.0  296.3045
553.5  284.0171
554.0  271.0807
554.5  258.5385
555.0  247.7909
555.5  240.6654
556.0  239.1239
556.5  244.5222
557.0  256.6966
557.5  273.4892
558.0  291.2934
558.5  306.5923
559.0  317.6283
559.5  325.0512
560.0  331.0663
560.5  337.7281
561.0  345.5900
561.5  353.4833
562.0  359.2834
562.5  360.9525
563.0  357.2253
563.5  347.7639
564.0  332.9904
564.5  313.9157
565.0  292.1505
565.5  270.0478
566.0  250.7247
566.5  237.6621
567.0  233.7672
567.5  240.1873
568.0  255.5713
568.5  276.4704
569.0  298.9203
569.5  320.3035
570.0  340.2175
570.5  359.7779
571.0  380.0099
571.5  400.6035
572.0  419.8276
572.5  435.4025
573.0  445.5350
573.5  449.4627
574.0  447.3768
574.5  440.0090
575.0  428.2709
575.5  413.1813
576.0  396.0608
576.5  378.7480
577.0  363.4917
577.5  352.3167
578.0  346.0450
578.5  343.5966
579.0  342.2632
579.5  339.0804
580.0  332.5123
580.5  323.2574
581.0  313.5875
581.5  305.7709
582.0  300.7662
582.5  297.9844
583.0  296.0043
583.5  293.5307
584.0  289.9564
584.5  285.3509
585.0  280.1113
585.5  274.6421
586.0  269.3193
586.5  264.7551
587.0  262.1302
587.5  263.2273
588.0  269.8851
588.5  282.9839
589.0  301.5690
589.5  322.8870
590.0  343.5722
590.5  361.2705
591.0  375.5012
591.5  387.1357
592.0  397.0324
592.5  404.9961
593.0  409.7915
593.5  409.9922
594.0  404.8882
594.5  394.8447
595.0  381.0302
595.5  364.8429
596.0  347.4570
596.5  329.7472
597.0  312.5828
597.5  297.2170
598.0  285.3558
598.5  278.6023
599.0  277.4175
599.5  280.2933
600.0  283.9836
600.5  284.9953
601.0  281.4728
601.5  274.1201
602.0  265.4909
602.5  258.2713
603.0  253.8695
603.5  252.1569
604.0  252.1944
604.5  253.1571
605.0  254.8022
605.5  257.3478
606.0  261.0556
606.5  265.9239
607.0  271.7498
607.5  278.5488
608.0  287.0371
608.5  298.7161
609.0  315.2050
609.5  336.9512
610.0  362.0861
610.5  386.4237
611.0  404.9746
611.5  414.1903
612.0  413.4902
612.5  405.1361
613.0  392.7577
613.5  379.6700
614.0  367.9442
614.5  358.3953
615.0  351.0162
615.5  345.3411
616.0  340.5472
616.5  335.4471
617.0  328.6444
617.5  319.0287
618.0  306.5422
618.5  292.8569
619.0  281.4084
619.5  276.3662
620.0  280.7168
620.5  294.4460
621.0  314.1100
621.5  334.3371
622.0  350.4115
622.5  360.2777
623.0  364.8239
623.5  366.6406
624.0  368.3805
624.5  371.7316
625.0  377.2469
625.5  384.6404
626.0  393.0683
626.5  401.2061
627.0  407.2490
627.5  409.0919
628.0  404.8666
628.5  393.7883
629.0  376.9737
629.5  357.6749
630.0  340.4380
630.5  329.2363
631.0  325.4521
631.5  327.0233
632.0  329.5025
632.5  328.4396
633.0  321.5611
633.5  309.5088
634.0  295.0647
634.5  281.7170
635.0  272.4694
635.5  269.2499
636.0  272.7557
636.5  282.4385
637.0  296.5043
637.5  312.0107
638.0  325.2366
638.5  332.4433
639.0  330.9756
639.5  320.3961
640.0  303.1117
640.5  283.9261
641.0  268.3549
641.5  260.3383
642.0  260.6215
642.5  266.8299
643.0  275.1271
643.5  282.2650
644.0  286.7856
644.5  289.0220
645.0  290.3960
645.5  292.6768
646.0  297.4804
646.5  305.9280
647.0  318.3179
647.5  333.8221
648.0  350.3714
648.5  364.9190
649.0  374.1675
649.5  375.6480
650.0  368.7944
650.5  355.4805
651.0  339.5388
651.5  325.2353
652.0  315.3731
652.5  310.1426
653.0  307.4698
653.5  304.5817
654.0  299.6769
654.5  292.6978
655.0  285.0312
655.5  278.6756
656.0  275.4930
656.5  276.7884
657.0  283.1164
657.5  294.1465
658.0  308.5604
658.5  324.0961
659.0  337.8979
659.5  347.2371
660.0  350.4818
660.5  347.9596
661.0  342.2085
661.5  337.2242
662.0  336.8017
662.5  342.7353
663.0  353.9479
663.5  367.1346
664.0  378.4946
664.5  385.4302
665.0  387.3066
665.5  385.1656
666.0  380.9061
666.5  376.4918
667.0  373.4215
667.5  372.4155
668.0  373.2161
668.5  374.5052
669.0  374.0525
669.5  369.2270
670.0  357.8920
670.5  339.4930
671.0  315.8921
671.5  291.3768
672.0  271.4895
672.5  260.9642
673.0  261.7842
673.5  272.5383
674.0  289.4796
674.5  308.5236
675.0  326.8701
675.5  343.4416
676.0  358.3167
676.5  371.8898
677.0  384.3390
677.5  395.4992
678.0  404.9083
678.5  411.8020
679.0  415.0288
679.5  413.0516
680.0  404.2460
680.5  387.5819
681.0  363.5114
681.5  334.5999
682.0  305.3275
682.5  280.7794
683.0  264.6503
683.5  257.6634
684.0  257.4759
684.5  260.2010
685.0  262.5286
685.5  263.0984
686.0  262.5052
686.5  262.3461
687.0  264.1688
687.5  268.8989
688.0  276.7717
688.5  287.4597
689.0  300.1165
689.5  313.2938
690.0  324.9102
690.5  332.5222
691.0  334.0276
691.5  328.6458
692.0  317.7044
692.5  304.6080
693.0  293.6457
693.5  288.0320
694.0  288.3090
694.5  292.2390
695.0  296.3279
695.5  297.9112
696.0  296.4013
696.5  293.0933
697.0  290.0308
697.5  288.8876
698.0  290.4797
698.5  294.8828
699.0  301.7533
699.5  310.4878
700.0  320.1417
700.5  329.3132
701.0  336.2951
701.5  339.6684
702.0  339.1956
702.5  336.5139
703.0  334.9727
703.5  338.2779
704.0  348.4166
704.5  364.1157
705.0  381.0374
705.5  393.7952
706.0  398.5445
706.5  394.5545
707.0  384.0377
707.5  370.7254
708.0  358.2508
708.5  349.1342
709.0  344.5311
709.5  344.4273
710.0  347.8894
710.5  353.1940
711.0  357.9477
711.5  359.4531
712.0  355.4856
712.5  345.3490
713.0  330.7080
713.5  315.5099
714.0  304.5998
714.5  301.4559
715.0  306.3177
715.5  316.0126
716.0  325.7067
716.5  331.4305
717.0  331.7830
717.5  328.0075
718.0  322.8213
718.5  318.9855
719.0  318.3884
719.5  321.8191
720.0  329.1472
720.5  339.5298
721.0  351.4686
721.5  362.8184
722.0  371.0008
722.5  373.6131
723.0  369.3582
723.5  358.8813
724.0  344.9084
724.5  331.2926
725.0  321.2489
725.5  315.7896
726.0  313.4515
726.5  311.5549
727.0  308.0929
727.5  302.9602
728.0  297.8659
728.5  295.2624
729.0  297.1259
729.5  304.2393
730.0  316.1113
730.5  331.2769
731.0  347.6426
731.5  362.7232
732.0  373.8438
732.5  378.4889
733.0  374.8991
733.5  362.7785
734.0  343.7378
734.5  321.0385
735.0  298.4894
735.5  278.9212
736.0  263.1170
736.5  249.9323
737.0  237.5508
737.5  225.0174
738.0  213.0641
738.5  203.8500
739.0  199.9741
739.5  203.4362
740.0  215.0332
740.5  234.2802
741.0  259.6473
741.5  288.8508
742.0  319.0773
742.5  347.2050
743.0  370.1755
743.5  385.5865
744.0  392.3725
744.5  391.2307
745.0  384.4211
745.5  374.8391
746.0  364.7561
746.5  354.9807
747.0  345.0156
747.5  334.0978
748.0  322.3657
748.5  311.3507
749.0  303.5338
749.5  301.3308
750.0  306.1163
750.5  317.7277
751.0  334.5304
751.5  353.8544
752.0  372.5391
752.5  387.4337
753.0  395.8562
753.5  396.0825
754.0  387.8588
754.5  372.7618
755.0  354.0984
755.5  336.1158
756.0  322.6395
756.5  315.7080
757.0  314.9536
757.5  318.1228
758.0  322.4218
758.5  325.8805
759.0  328.0278
759.5  329.7136
760.0  332.4033
760.5  337.4159
761.0  345.4195
761.5  356.2451
762.0  368.9205
762.5  381.8022
763.0  392.7733
763.5  399.5612
764.0  400.2327
764.5  393.8085
765.0  380.7694
765.5  363.1227
766.0  343.8137
766.5  325.6229
767.0  310.1048
767.5  297.2295
768.0  285.9865
768.5  275.5423
769.0  266.1698
769.5  259.3816
770.0  257.2787
770.5  261.5738
771.0  272.8187
771.5  290.1210
772.0  311.3346
772.5  333.5237
773.0  353.4934
773.5  368.2879
774.0  375.6657
774.5  374.5760
775.0  365.5628
775.5  350.8840
776.0  334.0981
776.5  319.0395
777.0  308.4825
777.5  303.1314
778.0  301.5482
778.5  301.1167
779.0  299.4989
779.5  295.7638
780.0  290.6627
780.5  286.0873
781.0  284.1460
781.5  286.3428
782.0  293.1362
782.5  303.8921
783.0  317.0822
783.5  330.5698
784.0  341.9296
784.5  348.8434
785.0  349.6130
785.5  343.7098
786.0  332.1249
786.5  317.2272
787.0  302.0072
787.5  288.9490
788.0  279.0989
788.5  271.8713
789.0  265.7039
789.5  259.1473
790.0  251.7641
790.5  244.4269
791.0  238.9896
791.5  237.5947
792.0  241.9526
792.5  252.8454
793.0  269.9527
793.5  291.9511
794.0  316.7810
794.5  341.9982
795.0  365.1884
795.5  384.4316
796.0  398.7427
796.5  408.3220
797.0  414.4198
797.5  418.7510
798.0  422.6453
798.5  426.3468
799.0  428.8514
799.5  428.3812
800.0  423.2311
800.5  412.5691
801.0  396.8591
801.5  377.7946
802.0  357.8261
802.5  339.4925
803.0  324.8014
803.5  314.8354
804.0  309.6395
804.5  308.3459
805.0  309.4625
805.5  311.2717
806.0  312.2888
806.5  311.6843
807.0  309.5223
807.5  306.6777
808.0  304.4254
808.5  303.8903
809.0  305.6405
809.5  309.6019
810.0  315.2473
810.5  321.8779
811.0  328.8676
811.5  335.8336
812.0  342.7214
812.5  349.7586
813.0  357.2687
813.5  365.4184
814.0  374.0151
814.5  382.4405
815.0  389.7353
815.5  394.8064
816.0  396.7063
816.5  394.9164
817.0  389.5249
817.5  381.1825
818.0  370.7862
818.5  359.0135
819.0  345.9855
819.5  331.3140
820.0  314.5341
820.5  295.6354
821.0  275.3577
821.5  255.1374
822.0  236.8257
822.5  222.3473
823.0  213.3684
823.5  210.9853
824.0  215.4723
824.5  226.1668
825.0  241.5495
825.5  259.5162
826.0  277.7867
826.5  294.3634
827.0  307.9280
827.5  318.0350
828.0  324.9797
828.5  329.3408
829.0  331.4108
829.5  330.8821
830.0  327.0445
830.5  319.3884
831.0  308.1955
831.5  294.7395
832.0  281.0642
832.5  269.5684
833.0  262.5998
833.5  262.0900
834.0  269.1945
834.5  283.9842
835.0  305.3122
835.5  330.9490
836.0  357.9830
836.5  383.3943
837.0  404.6601
837.5  420.2303
838.0  429.7005
838.5  433.5616
839.0  432.5779
839.5  427.0937
840.0  416.7123
840.5  400.6159
841.0  378.3500
841.5  350.5475
842.0  319.1483
842.5  287.0759
843.0  257.6581
843.5  234.0597
844.0  218.8090
844.5  213.3964
845.0  217.9888
845.5  231.3690
846.0  251.1774
846.5  274.4221
847.0  298.1347
847.5  320.0059
848.0  338.8382
848.5  354.6515
849.0  368.3431
849.5  380.9653
850.0  392.9337
850.5  403.6134
851.0  411.5564
851.5  415.2270
852.0  413.7256
852.5  407.1132
853.0  396.3287
853.5  382.9510
854.0  368.9793
854.5  356.5756
855.0  347.6573
855.5  343.3889
856.0  343.7970
856.5  347.7300
857.0  353.2183
857.5  358.1098
858.0  360.7529
858.5  360.4853
859.0  357.7271
859.5  353.5846
860.0  349.0869
860.5  344.4488
861.0  338.8584
861.5  331.0115
862.0  320.0723
862.5  306.3988
863.0  291.5644
863.5  277.7767
864.0  267.1733
864.5  261.3787
865.0  261.3412
865.5  267.2482
866.0  278.4038
866.5  293.1584
867.0  309.0660
867.5  323.3418
868.0  333.5227
868.5  338.1167
869.0  337.0021
869.5  331.3949
870.0  323.3227
870.5  314.7570
871.0  306.7950
871.5  299.3571
872.0  291.6082
872.5  282.8284
873.0  273.1398
873.5  263.6439
874.0  255.9980
874.5  251.8225
875.0  252.2979
875.5  258.0171
876.0  268.9450
876.5  284.3591
877.0  302.8197
877.5  322.3040
878.0  340.5749
878.5  355.6972
879.0  366.5026
879.5  372.7937
880.0  375.1599
880.5  374.4346
881.0  371.0273
881.5  364.5248
882.0  353.9037
882.5  338.3526
883.0  318.2492
883.5  295.6587
884.0  273.9999
884.5  257.0692
885.0  247.9619
885.5  248.3640
886.0  258.3471
886.5  276.5191
887.0  300.3521
887.5  326.6298
888.0  352.0328
888.5  373.8229
889.0  390.4541
889.5  401.8668
890.0  409.2783
890.5  414.4668
891.0  418.7831
891.5  422.3235
892.0  423.7135
892.5  420.6953
893.0  411.2701
893.5  394.7954
894.0  372.4638
894.5  346.9828
895.0  321.7323
895.5  299.8725
896.0  283.7266
896.5  274.4831
897.0  272.1163
897.5  275.4640
898.0  282.5106
898.5  290.9297
899.0  298.8148
899.5  305.3517
900.0  311.1084
900.5  317.7069
901.0  326.8986
901.5  339.4042
902.0  354.1037
902.5  368.1005
903.0  377.7478
903.5  380.1676
904.0  374.4788
904.5  362.1363
905.0  346.3161
905.5  330.7761
906.0  318.7557
906.5  312.2628
907.0  311.7845
907.5  316.3145
908.0  323.6329
908.5  330.8630
909.0  335.3127
909.5  335.4486
910.0  331.6728
910.5  326.4829
911.0  323.7295
911.5  327.0465
912.0  338.0313
912.5  355.0814
913.0  373.6186
913.5  387.7263
914.0  392.4095
914.5  385.3678
915.0  367.5465
915.5  342.4659
916.0  314.8784
916.5  289.3912
917.0  269.4291
917.5  256.6274
918.0  250.6393
918.5  249.3776
919.0  249.7208
919.5  248.5994
920.0  244.1985
920.5  236.8618
921.0  229.2581
921.5  225.5390
922.0  229.6163
922.5  243.2114
923.0  264.6659
923.5  289.2695
924.0  311.0564
924.5  325.1602
925.0  329.5518
925.5  325.4636
926.0  316.5913
926.5  307.6790
927.0  303.1119
927.5  305.8459
928.0  316.7531
928.5  334.4091
929.0  355.4092
929.5  375.2697
930.0  389.7906
930.5  396.5219
931.0  395.8198
931.5  390.9825
932.0  387.1688
932.5  389.2707
933.0  399.5267
933.5  416.0637
934.0  433.2827
934.5  444.0271
935.0  442.4376
935.5  426.0919
936.0  396.6096
936.5  358.8338
937.0  319.2709
937.5  284.4505
938.0  259.5422
938.5  247.3250
939.0  247.6221
939.5  257.4013
940.0  271.6818
940.5  285.1260
941.0  293.8759
941.5  296.9911
942.0  296.8456
942.5  298.1060
943.0  305.4826
943.5  321.1756
944.0  343.3572
944.5  366.6429
945.0  384.3698
945.5  391.4174
946.0  386.1095
946.5  370.4858
947.0  349.2310
947.5  328.0640
948.0  312.2670
948.5  305.6039
949.0  309.6072
949.5  323.2335
950.0  343.0323
950.5  363.9666
951.0  380.8222
951.5  389.8505
952.0  390.0913
952.5  383.7852
953.0  375.4878
953.5  369.9895
954.0  369.8459
954.5  373.8100
955.0  377.1712
955.5  373.9326
956.0  359.6214
956.5  333.2439
957.0  297.5966
957.5  258.1685
958.0  221.4397
958.5  193.2814
959.0  177.7656
959.5  176.4126
960.0  187.9145
960.5  208.4690
961.0  232.8081
961.5  255.7675
962.0  273.9532
962.5  286.9006
963.0  297.1592
963.5  309.0369
964.0  326.2977
964.5  349.7966
965.0  376.3669
965.5  399.7772
966.0  413.3606
966.5  412.8804
967.0  398.1593
967.5  372.9019
968.0  343.1789
968.5  315.4904
969.0  295.1140
969.5  284.9989
970.0  285.2182
970.5  293.0130
971.0  303.5361
971.5  311.2939
972.0  312.0029
972.5  304.2839
973.0  290.5087
973.5  276.2683
974.0  268.3844
974.5  272.0558
975.0  288.3638
975.5  313.4619
976.0  340.0362
976.5  360.3534
977.0  369.3250
977.5  366.1525
978.0  354.0854
978.5  338.8109
979.0  326.4060
979.5  321.5734
980.0  326.4643
980.5  340.1379
981.0  358.7030
981.5  376.2328
982.0  386.4329
982.5  384.7518
983.0  370.3036
983.5  346.7988
984.0  321.8182
984.5  304.3150
985.0  301.1122
985.5  313.9382
986.0  338.5644
986.5  366.5957
987.0  388.9963
987.5  399.5436
988.0  396.6841
988.5  383.3438
989.0  365.2762
989.5  348.9265
990.0  339.5663
990.5  340.0137
991.0  349.9905
991.5  366.1517
992.0  382.8698
992.5  393.7663
993.0  393.7206
993.5  380.7972
994.0  357.3328
994.5  329.4991
995.0  305.1429
995.5  290.5804
996.0  287.8328
996.5  293.8230
997.0  302.0255
997.5  305.6177
998.0  300.4159
998.5  286.2663
999.0  266.6282
999.5  246.9827
1000.0  232.9621
