MANDATORY INPUT VARIABLES:
  NStates =
		 4
  NSteps =
		 150
  dtI =
		 0.25 (fs)
  ESTEPS =
		 100
  ISTATE =
		 3
  FUNCTIONAL =
		 AM1
  BASIS_SET =
		 STO-5G
  CHARGE =
		 0
  MULTIPLICITY =
		 1
  MEMORY =
		 30 (GB)
  PARALLEL_FORCES =
		 True
  NAMD_METHOD =
		 EH
  EL_PROP =
		 VV
  MD_ENSEMBLE =
		 NVE
  VELOC =
		 READ
Input looks good.
Submitting electronic structure for step 0.
	Gaussian terminated normally in 5.77 s. (GS_NEW)
	Gaussian terminated normally in 7.18 s. (TD_NEW_S1)
Using CPA forces. F = F(G.S.)
Using CPA forces. F = F(G.S.)
Submitting electronic structure for step 1.
	Gaussian terminated normally in 4.25 s. (GS_NEW)
	Gaussian terminated normally in 4.27 s. (TD_NEW_S1)
	Gaussian terminated normally in 5.10 s. (DIMER)
	TD_NEW_S1 DIM_INFO TIME (BRADEN): 0.06 s
	TD_NEW_S1 GET_MO TIME: 0.01 s
	TD_NEW_S1 GET_CI TIME: 0.03 s
	TD_OLD_S1 GET_MO TIME: 0.01 s
	TD_OLD_S1 GET_CI TIME: 0.03 s
	DIMER TIME: 2.69 s
	G16_NAC.py main: 2.83 s
	gau_nac() (G16_NAC.py): 0.0 s
gau_nac prepare 0.05 s
WFN OVERLAP FORTRAN TOOK 0.19 s
gau_nac dump 1.13 s
	gau_nac.worker() (G16_NAC.py): 1.37 s
	GET_OVERLAP OVERALL TIME (G16_TD.py): 4.24 s
Orthogonalized [S.T @ S] :
[[ 1. -0. -0. -0.]
 [-0.  1. -0.  0.]
 [-0. -0.  1. -0.]
 [-0.  0. -0.  1.]]
	GET_NACT OVERALL TIME (G16_TD.py): 0.03 s
	GET_APPROX NACR OVERALL TIME (G16_TD.py): 0.0 s
Total QM took 18.35 s.
Propagation Norm (0):
1.0
Propagation Norm (1):
1.0
Electronic propagation took 0.00 s.
Rotation Norm (0):
1.0
Rotation Norm (1):
1.0
Electronic Norm.: 1.0
Using CPA forces. F = F(G.S.)
Total MD Step took 18.46 s.
Using CPA forces. F = F(G.S.)
Submitting electronic structure for step 2.
	Gaussian terminated normally in 4.99 s. (GS_NEW)
	Gaussian terminated normally in 5.95 s. (TD_NEW_S1)
	Gaussian terminated normally in 4.94 s. (DIMER)
	TD_NEW_S1 DIM_INFO TIME (BRADEN): 0.06 s
	TD_NEW_S1 GET_MO TIME: 0.01 s
	TD_NEW_S1 GET_CI TIME: 0.03 s
	TD_OLD_S1 GET_MO TIME: 0.01 s
	TD_OLD_S1 GET_CI TIME: 0.03 s
	DIMER TIME: 2.43 s
	G16_NAC.py main: 2.57 s
	gau_nac() (G16_NAC.py): 0.0 s
gau_nac prepare 0.01 s
WFN OVERLAP FORTRAN TOOK 0.12 s
gau_nac dump 1.28 s
	gau_nac.worker() (G16_NAC.py): 1.41 s
	GET_OVERLAP OVERALL TIME (G16_TD.py): 4.03 s
Orthogonalized [S.T @ S] :
[[ 1.  0.  0.  0.]
 [ 0.  1. -0. -0.]
 [ 0. -0.  1. -0.]
 [ 0. -0. -0.  1.]]
	GET_NACT OVERALL TIME (G16_TD.py): 0.0 s
	GET_APPROX NACR OVERALL TIME (G16_TD.py): 0.0 s
Total QM took 20.53 s.
Propagation Norm (0):
1.0
Propagation Norm (1):
1.0
Electronic propagation took 0.00 s.
Rotation Norm (0):
1.0
Rotation Norm (1):
1.0
Electronic Norm.: 1.0
Using CPA forces. F = F(G.S.)
Total MD Step took 20.55 s.
Using CPA forces. F = F(G.S.)
Submitting electronic structure for step 3.
	Gaussian terminated normally in 4.91 s. (GS_NEW)
	Gaussian terminated normally in 6.19 s. (TD_NEW_S1)
	Gaussian terminated normally in 4.90 s. (DIMER)
	TD_NEW_S1 DIM_INFO TIME (BRADEN): 0.06 s
	TD_NEW_S1 GET_MO TIME: 0.01 s
	TD_NEW_S1 GET_CI TIME: 0.03 s
	TD_OLD_S1 GET_MO TIME: 0.02 s
	TD_OLD_S1 GET_CI TIME: 0.05 s
	DIMER TIME: 2.41 s
	G16_NAC.py main: 2.58 s
	gau_nac() (G16_NAC.py): 0.0 s
gau_nac prepare 0.01 s
WFN OVERLAP FORTRAN TOOK 0.12 s
gau_nac dump 1.11 s
	gau_nac.worker() (G16_NAC.py): 1.24 s
	GET_OVERLAP OVERALL TIME (G16_TD.py): 3.87 s
Orthogonalized [S.T @ S] :
[[ 1. -0.  0.  0.]
 [-0.  1.  0. -0.]
 [ 0.  0.  1. -0.]
 [ 0. -0. -0.  1.]]
	GET_NACT OVERALL TIME (G16_TD.py): 0.0 s
	GET_APPROX NACR OVERALL TIME (G16_TD.py): 0.0 s
Total QM took 20.60 s.
Propagation Norm (0):
1.0
Propagation Norm (1):
1.0
Electronic propagation took 0.00 s.
Rotation Norm (0):
1.0
Rotation Norm (1):
1.0
Electronic Norm.: 1.0
Using CPA forces. F = F(G.S.)
Total MD Step took 20.64 s.
Using CPA forces. F = F(G.S.)
Submitting electronic structure for step 4.
	Gaussian terminated normally in 4.22 s. (GS_NEW)
	Gaussian terminated normally in 6.28 s. (TD_NEW_S1)
	Gaussian terminated normally in 5.05 s. (DIMER)
	TD_NEW_S1 DIM_INFO TIME (BRADEN): 0.06 s
	TD_NEW_S1 GET_MO TIME: 0.01 s
	TD_NEW_S1 GET_CI TIME: 0.04 s
	TD_OLD_S1 GET_MO TIME: 0.02 s
	TD_OLD_S1 GET_CI TIME: 0.05 s
	DIMER TIME: 2.41 s
	G16_NAC.py main: 2.59 s
	gau_nac() (G16_NAC.py): 0.0 s
gau_nac prepare 0.02 s
WFN OVERLAP FORTRAN TOOK 0.12 s
gau_nac dump 1.11 s
	gau_nac.worker() (G16_NAC.py): 1.25 s
	GET_OVERLAP OVERALL TIME (G16_TD.py): 3.88 s
Orthogonalized [S.T @ S] :
[[ 1. -0. -0. -0.]
 [-0.  1.  0. -0.]
 [-0.  0.  1.  0.]
 [-0. -0.  0.  1.]]
	GET_NACT OVERALL TIME (G16_TD.py): 0.0 s
	GET_APPROX NACR OVERALL TIME (G16_TD.py): 0.0 s
Total QM took 19.92 s.
Propagation Norm (0):
1.0
Propagation Norm (1):
1.0
Electronic propagation took 0.00 s.
Rotation Norm (0):
1.0
Rotation Norm (1):
1.0
Electronic Norm.: 1.0
Using CPA forces. F = F(G.S.)
Total MD Step took 19.95 s.
Using CPA forces. F = F(G.S.)
Submitting electronic structure for step 5.
	Gaussian terminated normally in 3.63 s. (GS_NEW)
	Gaussian terminated normally in 5.69 s. (TD_NEW_S1)
	Gaussian terminated normally in 4.76 s. (DIMER)
	TD_NEW_S1 DIM_INFO TIME (BRADEN): 0.06 s
	TD_NEW_S1 GET_MO TIME: 0.01 s
	TD_NEW_S1 GET_CI TIME: 0.03 s
	TD_OLD_S1 GET_MO TIME: 0.01 s
	TD_OLD_S1 GET_CI TIME: 0.03 s
	DIMER TIME: 2.43 s
	G16_NAC.py main: 2.57 s
	gau_nac() (G16_NAC.py): 0.0 s
gau_nac prepare 0.01 s
WFN OVERLAP FORTRAN TOOK 0.12 s
gau_nac dump 1.3 s
	gau_nac.worker() (G16_NAC.py): 1.43 s
	GET_OVERLAP OVERALL TIME (G16_TD.py): 4.03 s
Orthogonalized [S.T @ S] :
[[ 1. -0. -0. -0.]
 [-0.  1. -0.  0.]
 [-0. -0.  1. -0.]
 [-0.  0. -0.  1.]]
	GET_NACT OVERALL TIME (G16_TD.py): 0.0 s
	GET_APPROX NACR OVERALL TIME (G16_TD.py): 0.0 s
Total QM took 18.60 s.
Propagation Norm (0):
1.0
Propagation Norm (1):
1.0
Electronic propagation took 0.00 s.
Rotation Norm (0):
1.0
Rotation Norm (1):
1.0
Electronic Norm.: 1.0
Using CPA forces. F = F(G.S.)
Total MD Step took 18.63 s.
Using CPA forces. F = F(G.S.)
Submitting electronic structure for step 6.
	Gaussian terminated normally in 3.88 s. (GS_NEW)
	Gaussian terminated normally in 4.42 s. (TD_NEW_S1)
	Gaussian terminated normally in 5.10 s. (DIMER)
	TD_NEW_S1 DIM_INFO TIME (BRADEN): 0.06 s
	TD_NEW_S1 GET_MO TIME: 0.01 s
	TD_NEW_S1 GET_CI TIME: 0.03 s
	TD_OLD_S1 GET_MO TIME: 0.01 s
	TD_OLD_S1 GET_CI TIME: 0.03 s
	DIMER TIME: 2.41 s
	G16_NAC.py main: 2.54 s
	gau_nac() (G16_NAC.py): 0.0 s
gau_nac prepare 0.01 s
WFN OVERLAP FORTRAN TOOK 0.12 s
gau_nac dump 1.12 s
	gau_nac.worker() (G16_NAC.py): 1.24 s
	GET_OVERLAP OVERALL TIME (G16_TD.py): 3.82 s
Orthogonalized [S.T @ S] :
[[ 1. -0. -0. -0.]
 [-0.  1.  0. -0.]
 [-0.  0.  1.  0.]
 [-0. -0.  0.  1.]]
	GET_NACT OVERALL TIME (G16_TD.py): 0.0 s
	GET_APPROX NACR OVERALL TIME (G16_TD.py): 0.0 s
Total QM took 17.67 s.
Propagation Norm (0):
1.0
Propagation Norm (1):
1.0
Electronic propagation took 0.00 s.
Rotation Norm (0):
1.0
Rotation Norm (1):
1.0
Electronic Norm.: 1.0
Using CPA forces. F = F(G.S.)
Total MD Step took 17.69 s.
Using CPA forces. F = F(G.S.)
Submitting electronic structure for step 7.
	Gaussian terminated normally in 3.65 s. (GS_NEW)
	Gaussian terminated normally in 4.63 s. (TD_NEW_S1)
	Gaussian terminated normally in 4.33 s. (DIMER)
	TD_NEW_S1 DIM_INFO TIME (BRADEN): 0.06 s
	TD_NEW_S1 GET_MO TIME: 0.01 s
	TD_NEW_S1 GET_CI TIME: 0.03 s
	TD_OLD_S1 GET_MO TIME: 0.01 s
	TD_OLD_S1 GET_CI TIME: 0.03 s
	DIMER TIME: 2.42 s
	G16_NAC.py main: 2.56 s
	gau_nac() (G16_NAC.py): 0.0 s
gau_nac prepare 0.01 s
WFN OVERLAP FORTRAN TOOK 0.12 s
gau_nac dump 1.11 s
	gau_nac.worker() (G16_NAC.py): 1.24 s
	GET_OVERLAP OVERALL TIME (G16_TD.py): 3.83 s
Orthogonalized [S.T @ S] :
[[ 1. -0. -0. -0.]
 [-0.  1.  0.  0.]
 [-0.  0.  1.  0.]
 [-0.  0.  0.  1.]]
	GET_NACT OVERALL TIME (G16_TD.py): 0.0 s
	GET_APPROX NACR OVERALL TIME (G16_TD.py): 0.0 s
Total QM took 16.92 s.
Propagation Norm (0):
1.0
Propagation Norm (1):
1.0
Electronic propagation took 0.00 s.
Rotation Norm (0):
1.0
Rotation Norm (1):
1.0
Electronic Norm.: 1.0
Using CPA forces. F = F(G.S.)
Total MD Step took 16.93 s.
Using CPA forces. F = F(G.S.)
Submitting electronic structure for step 8.
	Gaussian terminated normally in 3.54 s. (GS_NEW)
	Gaussian terminated normally in 3.96 s. (TD_NEW_S1)
	Gaussian terminated normally in 4.37 s. (DIMER)
	TD_NEW_S1 DIM_INFO TIME (BRADEN): 0.06 s
	TD_NEW_S1 GET_MO TIME: 0.01 s
	TD_NEW_S1 GET_CI TIME: 0.03 s
	TD_OLD_S1 GET_MO TIME: 0.01 s
	TD_OLD_S1 GET_CI TIME: 0.03 s
	DIMER TIME: 2.4 s
	G16_NAC.py main: 2.53 s
	gau_nac() (G16_NAC.py): 0.0 s
gau_nac prepare 0.01 s
WFN OVERLAP FORTRAN TOOK 0.12 s
gau_nac dump 1.11 s
	gau_nac.worker() (G16_NAC.py): 1.24 s
	GET_OVERLAP OVERALL TIME (G16_TD.py): 3.81 s
Orthogonalized [S.T @ S] :
[[ 1. -0.  0.  0.]
 [-0.  1. -0.  0.]
 [ 0. -0.  1. -0.]
 [ 0.  0. -0.  1.]]
	GET_NACT OVERALL TIME (G16_TD.py): 0.0 s
	GET_APPROX NACR OVERALL TIME (G16_TD.py): 0.0 s
Total QM took 16.17 s.
Propagation Norm (0):
1.0
Propagation Norm (1):
1.0
Electronic propagation took 0.00 s.
Rotation Norm (0):
1.0
Rotation Norm (1):
1.0
Electronic Norm.: 1.0
Using CPA forces. F = F(G.S.)
Total MD Step took 16.18 s.
Using CPA forces. F = F(G.S.)
Submitting electronic structure for step 9.
	Gaussian terminated normally in 3.72 s. (GS_NEW)
	Gaussian terminated normally in 4.31 s. (TD_NEW_S1)
	Gaussian terminated normally in 5.00 s. (DIMER)
	TD_NEW_S1 DIM_INFO TIME (BRADEN): 0.06 s
	TD_NEW_S1 GET_MO TIME: 0.01 s
	TD_NEW_S1 GET_CI TIME: 0.03 s
	TD_OLD_S1 GET_MO TIME: 0.01 s
	TD_OLD_S1 GET_CI TIME: 0.03 s
	DIMER TIME: 2.45 s
	G16_NAC.py main: 2.59 s
	gau_nac() (G16_NAC.py): 0.0 s
gau_nac prepare 0.01 s
WFN OVERLAP FORTRAN TOOK 0.12 s
gau_nac dump 1.11 s
	gau_nac.worker() (G16_NAC.py): 1.25 s
	GET_OVERLAP OVERALL TIME (G16_TD.py): 3.87 s
Orthogonalized [S.T @ S] :
[[ 1. -0. -0.  0.]
 [-0.  1.  0.  0.]
 [-0.  0.  1.  0.]
 [ 0.  0.  0.  1.]]
	GET_NACT OVERALL TIME (G16_TD.py): 0.0 s
	GET_APPROX NACR OVERALL TIME (G16_TD.py): 0.0 s
Total QM took 17.36 s.
Propagation Norm (0):
1.0
Propagation Norm (1):
1.0
Electronic propagation took 0.00 s.
Rotation Norm (0):
1.0
Rotation Norm (1):
1.0
Electronic Norm.: 1.0
Using CPA forces. F = F(G.S.)
Total MD Step took 17.38 s.
Using CPA forces. F = F(G.S.)
Submitting electronic structure for step 10.
	Gaussian terminated normally in 3.68 s. (GS_NEW)
	Gaussian terminated normally in 4.28 s. (TD_NEW_S1)
	Gaussian terminated normally in 4.43 s. (DIMER)
	TD_NEW_S1 DIM_INFO TIME (BRADEN): 0.06 s
	TD_NEW_S1 GET_MO TIME: 0.01 s
	TD_NEW_S1 GET_CI TIME: 0.03 s
	TD_OLD_S1 GET_MO TIME: 0.01 s
	TD_OLD_S1 GET_CI TIME: 0.03 s
	DIMER TIME: 2.39 s
	G16_NAC.py main: 2.52 s
	gau_nac() (G16_NAC.py): 0.0 s
gau_nac prepare 0.01 s
WFN OVERLAP FORTRAN TOOK 0.12 s
gau_nac dump 1.11 s
	gau_nac.worker() (G16_NAC.py): 1.24 s
	GET_OVERLAP OVERALL TIME (G16_TD.py): 3.79 s
Orthogonalized [S.T @ S] :
[[ 1.  0. -0.  0.]
 [ 0.  1.  0. -0.]
 [-0.  0.  1.  0.]
 [ 0. -0.  0.  1.]]
	GET_NACT OVERALL TIME (G16_TD.py): 0.0 s
	GET_APPROX NACR OVERALL TIME (G16_TD.py): 0.0 s
Total QM took 16.65 s.
Propagation Norm (0):
1.0
Propagation Norm (1):
1.0
Electronic propagation took 0.00 s.
Rotation Norm (0):
1.0
Rotation Norm (1):
1.0
Electronic Norm.: 1.0
Using CPA forces. F = F(G.S.)
Total MD Step took 16.67 s.
Using CPA forces. F = F(G.S.)
Submitting electronic structure for step 11.
	Gaussian terminated normally in 4.24 s. (GS_NEW)
	Gaussian terminated normally in 3.72 s. (TD_NEW_S1)
	Gaussian terminated normally in 4.56 s. (DIMER)
	TD_NEW_S1 DIM_INFO TIME (BRADEN): 0.06 s
	TD_NEW_S1 GET_MO TIME: 0.01 s
	TD_NEW_S1 GET_CI TIME: 0.03 s
	TD_OLD_S1 GET_MO TIME: 0.01 s
	TD_OLD_S1 GET_CI TIME: 0.03 s
	DIMER TIME: 2.38 s
	G16_NAC.py main: 2.52 s
	gau_nac() (G16_NAC.py): 0.0 s
gau_nac prepare 0.01 s
WFN OVERLAP FORTRAN TOOK 0.12 s
gau_nac dump 1.1 s
	gau_nac.worker() (G16_NAC.py): 1.24 s
	GET_OVERLAP OVERALL TIME (G16_TD.py): 3.8 s
Orthogonalized [S.T @ S] :
[[ 1.  0. -0.  0.]
 [ 0.  1. -0. -0.]
 [-0. -0.  1. -0.]
 [ 0. -0. -0.  1.]]
	GET_NACT OVERALL TIME (G16_TD.py): 0.0 s
	GET_APPROX NACR OVERALL TIME (G16_TD.py): 0.0 s
Total QM took 16.80 s.
Propagation Norm (0):
1.0
Propagation Norm (1):
1.0
Electronic propagation took 0.00 s.
Rotation Norm (0):
1.0
Rotation Norm (1):
1.0
Electronic Norm.: 1.0
Using CPA forces. F = F(G.S.)
Total MD Step took 16.81 s.
Using CPA forces. F = F(G.S.)
Submitting electronic structure for step 12.
	Gaussian terminated normally in 4.10 s. (GS_NEW)
	Gaussian terminated normally in 4.14 s. (TD_NEW_S1)
	Gaussian terminated normally in 4.89 s. (DIMER)
	TD_NEW_S1 DIM_INFO TIME (BRADEN): 0.06 s
	TD_NEW_S1 GET_MO TIME: 0.01 s
	TD_NEW_S1 GET_CI TIME: 0.03 s
	TD_OLD_S1 GET_MO TIME: 0.01 s
	TD_OLD_S1 GET_CI TIME: 0.03 s
	DIMER TIME: 2.4 s
	G16_NAC.py main: 2.54 s
	gau_nac() (G16_NAC.py): 0.0 s
gau_nac prepare 0.01 s
WFN OVERLAP FORTRAN TOOK 0.12 s
gau_nac dump 1.11 s
	gau_nac.worker() (G16_NAC.py): 1.24 s
	GET_OVERLAP OVERALL TIME (G16_TD.py): 3.82 s
Orthogonalized [S.T @ S] :
[[ 1.  0.  0. -0.]
 [ 0.  1. -0. -0.]
 [ 0. -0.  1.  0.]
 [-0. -0.  0.  1.]]
	GET_NACT OVERALL TIME (G16_TD.py): 0.0 s
	GET_APPROX NACR OVERALL TIME (G16_TD.py): 0.0 s
Total QM took 17.42 s.
Propagation Norm (0):
1.0
Propagation Norm (1):
1.0
Electronic propagation took 0.00 s.
Rotation Norm (0):
1.0
Rotation Norm (1):
1.0
Electronic Norm.: 1.0
Using CPA forces. F = F(G.S.)
Total MD Step took 17.43 s.
Using CPA forces. F = F(G.S.)
Submitting electronic structure for step 13.
	Gaussian terminated normally in 3.76 s. (GS_NEW)
	Gaussian terminated normally in 3.89 s. (TD_NEW_S1)
	Gaussian terminated normally in 4.42 s. (DIMER)
	TD_NEW_S1 DIM_INFO TIME (BRADEN): 0.06 s
	TD_NEW_S1 GET_MO TIME: 0.01 s
	TD_NEW_S1 GET_CI TIME: 0.03 s
	TD_OLD_S1 GET_MO TIME: 0.01 s
	TD_OLD_S1 GET_CI TIME: 0.03 s
	DIMER TIME: 2.43 s
	G16_NAC.py main: 2.57 s
	gau_nac() (G16_NAC.py): 0.0 s
gau_nac prepare 0.01 s
WFN OVERLAP FORTRAN TOOK 0.12 s
gau_nac dump 1.23 s
	gau_nac.worker() (G16_NAC.py): 1.36 s
	GET_OVERLAP OVERALL TIME (G16_TD.py): 3.96 s
Orthogonalized [S.T @ S] :
[[ 1. -0.  0.  0.]
 [-0.  1.  0.  0.]
 [ 0.  0.  1.  0.]
 [ 0.  0.  0.  1.]]
	GET_NACT OVERALL TIME (G16_TD.py): 0.0 s
	GET_APPROX NACR OVERALL TIME (G16_TD.py): 0.0 s
Total QM took 16.48 s.
Propagation Norm (0):
1.0
Propagation Norm (1):
1.0
Electronic propagation took 0.00 s.
Rotation Norm (0):
1.0
Rotation Norm (1):
1.0
Electronic Norm.: 1.0
Using CPA forces. F = F(G.S.)
Total MD Step took 16.49 s.
Using CPA forces. F = F(G.S.)
Submitting electronic structure for step 14.
	Gaussian terminated normally in 3.59 s. (GS_NEW)
	Gaussian terminated normally in 4.01 s. (TD_NEW_S1)
	Gaussian terminated normally in 4.33 s. (DIMER)
	TD_NEW_S1 DIM_INFO TIME (BRADEN): 0.06 s
	TD_NEW_S1 GET_MO TIME: 0.01 s
	TD_NEW_S1 GET_CI TIME: 0.03 s
	TD_OLD_S1 GET_MO TIME: 0.01 s
	TD_OLD_S1 GET_CI TIME: 0.03 s
	DIMER TIME: 2.4 s
	G16_NAC.py main: 2.54 s
	gau_nac() (G16_NAC.py): 0.0 s
gau_nac prepare 0.01 s
WFN OVERLAP FORTRAN TOOK 0.12 s
gau_nac dump 1.11 s
	gau_nac.worker() (G16_NAC.py): 1.24 s
	GET_OVERLAP OVERALL TIME (G16_TD.py): 3.81 s
Orthogonalized [S.T @ S] :
[[ 1. -0. -0. -0.]
 [-0.  1.  0.  0.]
 [-0.  0.  1. -0.]
 [-0.  0. -0.  1.]]
	GET_NACT OVERALL TIME (G16_TD.py): 0.0 s
	GET_APPROX NACR OVERALL TIME (G16_TD.py): 0.0 s
Total QM took 16.20 s.
Propagation Norm (0):
1.0
Propagation Norm (1):
1.0
Electronic propagation took 0.00 s.
Rotation Norm (0):
1.0
Rotation Norm (1):
1.0
Electronic Norm.: 1.0
Using CPA forces. F = F(G.S.)
Total MD Step took 16.21 s.
Using CPA forces. F = F(G.S.)
Submitting electronic structure for step 15.
	Gaussian terminated normally in 4.60 s. (GS_NEW)
	Gaussian terminated normally in 5.20 s. (TD_NEW_S1)
	Gaussian terminated normally in 4.57 s. (DIMER)
	TD_NEW_S1 DIM_INFO TIME (BRADEN): 0.06 s
	TD_NEW_S1 GET_MO TIME: 0.01 s
	TD_NEW_S1 GET_CI TIME: 0.03 s
	TD_OLD_S1 GET_MO TIME: 0.02 s
	TD_OLD_S1 GET_CI TIME: 0.05 s
	DIMER TIME: 2.41 s
	G16_NAC.py main: 2.58 s
	gau_nac() (G16_NAC.py): 0.0 s
gau_nac prepare 0.01 s
WFN OVERLAP FORTRAN TOOK 0.12 s
gau_nac dump 1.34 s
	gau_nac.worker() (G16_NAC.py): 1.47 s
	GET_OVERLAP OVERALL TIME (G16_TD.py): 4.08 s
Orthogonalized [S.T @ S] :
[[ 1.  0. -0.  0.]
 [ 0.  1. -0. -0.]
 [-0. -0.  1. -0.]
 [ 0. -0. -0.  1.]]
	GET_NACT OVERALL TIME (G16_TD.py): 0.0 s
	GET_APPROX NACR OVERALL TIME (G16_TD.py): 0.0 s
Total QM took 18.93 s.
Propagation Norm (0):
1.0
Propagation Norm (1):
1.0
Electronic propagation took 0.00 s.
Rotation Norm (0):
1.0
Rotation Norm (1):
1.0
Electronic Norm.: 1.0
Using CPA forces. F = F(G.S.)
Total MD Step took 18.94 s.
Using CPA forces. F = F(G.S.)
Submitting electronic structure for step 16.
	Gaussian terminated normally in 4.12 s. (GS_NEW)
	Gaussian terminated normally in 5.89 s. (TD_NEW_S1)
	Gaussian terminated normally in 5.12 s. (DIMER)
	TD_NEW_S1 DIM_INFO TIME (BRADEN): 0.06 s
	TD_NEW_S1 GET_MO TIME: 0.01 s
	TD_NEW_S1 GET_CI TIME: 0.03 s
	TD_OLD_S1 GET_MO TIME: 0.01 s
	TD_OLD_S1 GET_CI TIME: 0.03 s
	DIMER TIME: 2.4 s
	G16_NAC.py main: 2.54 s
	gau_nac() (G16_NAC.py): 0.0 s
gau_nac prepare 0.01 s
WFN OVERLAP FORTRAN TOOK 0.12 s
gau_nac dump 1.15 s
	gau_nac.worker() (G16_NAC.py): 1.28 s
	GET_OVERLAP OVERALL TIME (G16_TD.py): 3.86 s
Orthogonalized [S.T @ S] :
[[ 1.  0. -0. -0.]
 [ 0.  1. -0. -0.]
 [-0. -0.  1.  0.]
 [-0. -0.  0.  1.]]
	GET_NACT OVERALL TIME (G16_TD.py): 0.0 s
	GET_APPROX NACR OVERALL TIME (G16_TD.py): 0.0 s
Total QM took 19.46 s.
Propagation Norm (0):
1.0
Propagation Norm (1):
1.0
Electronic propagation took 0.00 s.
Rotation Norm (0):
1.0
Rotation Norm (1):
1.0
Electronic Norm.: 1.0
Using CPA forces. F = F(G.S.)
Total MD Step took 19.47 s.
Using CPA forces. F = F(G.S.)
Submitting electronic structure for step 17.
	Gaussian terminated normally in 4.82 s. (GS_NEW)
	Gaussian terminated normally in 6.33 s. (TD_NEW_S1)
	Gaussian terminated normally in 4.83 s. (DIMER)
	TD_NEW_S1 DIM_INFO TIME (BRADEN): 0.07 s
	TD_NEW_S1 GET_MO TIME: 0.01 s
	TD_NEW_S1 GET_CI TIME: 0.03 s
	TD_OLD_S1 GET_MO TIME: 0.01 s
	TD_OLD_S1 GET_CI TIME: 0.04 s
	DIMER TIME: 2.42 s
	G16_NAC.py main: 2.58 s
	gau_nac() (G16_NAC.py): 0.0 s
gau_nac prepare 0.01 s
WFN OVERLAP FORTRAN TOOK 0.12 s
gau_nac dump 1.1 s
	gau_nac.worker() (G16_NAC.py): 1.23 s
	GET_OVERLAP OVERALL TIME (G16_TD.py): 3.85 s
Orthogonalized [S.T @ S] :
[[ 1. -0.  0. -0.]
 [-0.  1. -0.  0.]
 [ 0. -0.  1.  0.]
 [-0.  0.  0.  1.]]
OLD:
 [[ 9.9999414e-01  3.4222800e-03 -9.0900000e-06  7.0240000e-05]
 [ 9.0400000e-06  1.6480000e-05  1.0000000e+00  6.5200000e-06]
 [ 3.4222700e-03 -9.9999414e-01  1.6440000e-05  9.0130000e-05]
 [-7.0550000e-05  8.9890000e-05 -6.5200000e-06  9.9999999e-01]]
I found a sign error upon phase correcting.
Index Flip: 0 <--> 1
NEW:
 [[ 9.9999414e-01 -3.4222800e-03 -9.0900000e-06  7.0240000e-05]
 [-9.0400000e-06  1.6480000e-05  1.0000000e+00  6.5200000e-06]
 [ 3.4222700e-03 -9.9999414e-01  1.6440000e-05  9.0130000e-05]
 [-7.0550000e-05  8.9890000e-05 -6.5200000e-06  9.9999999e-01]]
[S.T @ S] after sign fix:
[[ 1.00000e+00 -6.84452e-03 -1.80700e-05 -0.00000e+00]
 [-6.84452e-03  1.00000e+00  6.00000e-08 -4.80000e-07]
 [-1.80700e-05  6.00000e-08  1.00000e+00  0.00000e+00]
 [-0.00000e+00 -4.80000e-07  0.00000e+00  1.00000e+00]]
Orthogonalized [S.T @ S] :
[[ 1. -0.  0.  0.]
 [-0.  1.  0.  0.]
 [ 0.  0.  1.  0.]
 [ 0.  0.  0.  1.]]
[S.T @ S] after sign fix and second orthogonalization:
[[ 1. -0.  0.  0.]
 [-0.  1.  0.  0.]
 [ 0.  0.  1.  0.]
 [ 0.  0.  0.  1.]]
OLD:
 [[ 1.0000000e+00  0.0000000e+00 -6.0000000e-08  7.0240000e-05]
 [ 6.0000000e-08  1.6460000e-05  1.0000000e+00  6.5200000e-06]
 [-1.0000000e-08 -1.0000000e+00  1.6460000e-05  8.9890000e-05]
 [-7.0240000e-05  8.9890000e-05 -6.5200000e-06  9.9999999e-01]]
I found a sign error upon phase correcting.
Index Flip: 1 <--> 2
NEW:
 [[ 1.0000000e+00  0.0000000e+00 -6.0000000e-08  7.0240000e-05]
 [ 6.0000000e-08  1.6460000e-05 -1.0000000e+00  6.5200000e-06]
 [-1.0000000e-08  1.0000000e+00  1.6460000e-05  8.9890000e-05]
 [-7.0240000e-05  8.9890000e-05 -6.5200000e-06  9.9999999e-01]]
[S.T @ S] after sign fix:
[[ 1.0000e+00 -1.0000e-08 -1.1000e-07  0.0000e+00]
 [-1.0000e-08  1.0000e+00 -0.0000e+00  1.7977e-04]
 [-1.1000e-07 -0.0000e+00  1.0000e+00 -1.3040e-05]
 [ 0.0000e+00  1.7977e-04 -1.3040e-05  1.0000e+00]]
Orthogonalized [S.T @ S] :
[[ 1.  0.  0. -0.]
 [ 0.  1. -0. -0.]
 [ 0. -0.  1.  0.]
 [-0. -0.  0.  1.]]
[S.T @ S] after sign fix and second orthogonalization:
[[ 1.  0.  0. -0.]
 [ 0.  1. -0. -0.]
 [ 0. -0.  1.  0.]
 [-0. -0.  0.  1.]]
	GET_NACT OVERALL TIME (G16_TD.py): 0.01 s
	GET_APPROX NACR OVERALL TIME (G16_TD.py): 0.0 s
Total QM took 20.31 s.
Propagation Norm (0):
1.0
Propagation Norm (1):
1.0
Electronic propagation took 0.00 s.
Rotation Norm (0):
1.0
Rotation Norm (1):
1.0
Electronic Norm.: 1.0
Using CPA forces. F = F(G.S.)
Total MD Step took 20.32 s.
Using CPA forces. F = F(G.S.)
Submitting electronic structure for step 18.
	Gaussian terminated normally in 4.13 s. (GS_NEW)
	Gaussian terminated normally in 6.18 s. (TD_NEW_S1)
	Gaussian terminated normally in 4.88 s. (DIMER)
	TD_NEW_S1 DIM_INFO TIME (BRADEN): 0.06 s
	TD_NEW_S1 GET_MO TIME: 0.01 s
	TD_NEW_S1 GET_CI TIME: 0.03 s
	TD_OLD_S1 GET_MO TIME: 0.02 s
	TD_OLD_S1 GET_CI TIME: 0.05 s
	DIMER TIME: 2.39 s
	G16_NAC.py main: 2.56 s
	gau_nac() (G16_NAC.py): 0.0 s
gau_nac prepare 0.01 s
WFN OVERLAP FORTRAN TOOK 0.12 s
gau_nac dump 1.12 s
	gau_nac.worker() (G16_NAC.py): 1.25 s
	GET_OVERLAP OVERALL TIME (G16_TD.py): 3.85 s
Orthogonalized [S.T @ S] :
[[ 1. -0.  0. -0.]
 [-0.  1.  0. -0.]
 [ 0.  0.  1. -0.]
 [-0. -0. -0.  1.]]
OLD:
 [[ 9.9999436e-01 -3.3567500e-03 -1.7360000e-05  6.7850000e-05]
 [ 3.3567400e-03  9.9999436e-01  1.9340000e-05  1.3128000e-04]
 [ 1.7290000e-05 -1.9400000e-05  1.0000000e+00  8.9000000e-06]
 [-6.8290000e-05 -1.3105000e-04 -8.9000000e-06  9.9999999e-01]]
I found a sign error upon phase correcting.
Index Flip: 1 <--> 2
NEW:
 [[ 9.9999436e-01 -3.3567500e-03 -1.7360000e-05  6.7850000e-05]
 [ 3.3567400e-03  9.9999436e-01 -1.9340000e-05  1.3128000e-04]
 [ 1.7290000e-05  1.9400000e-05  1.0000000e+00  8.9000000e-06]
 [-6.8290000e-05 -1.3105000e-04 -8.9000000e-06  9.9999999e-01]]
[S.T @ S] after sign fix:
[[ 1.0e+00  0.0e+00 -1.3e-07 -0.0e+00]
 [ 0.0e+00  1.0e+00  1.2e-07  0.0e+00]
 [-1.3e-07  1.2e-07  1.0e+00 -1.0e-08]
 [-0.0e+00  0.0e+00 -1.0e-08  1.0e+00]]
Orthogonalized [S.T @ S] :
[[ 1.  0.  0. -0.]
 [ 0.  1.  0.  0.]
 [ 0.  0.  1.  0.]
 [-0.  0.  0.  1.]]
[S.T @ S] after sign fix and second orthogonalization:
[[ 1.  0.  0. -0.]
 [ 0.  1.  0.  0.]
 [ 0.  0.  1.  0.]
 [-0.  0.  0.  1.]]
	GET_NACT OVERALL TIME (G16_TD.py): 0.0 s
	GET_APPROX NACR OVERALL TIME (G16_TD.py): 0.0 s
Total QM took 19.52 s.
Propagation Norm (0):
1.0
Propagation Norm (1):
1.0
Electronic propagation took 0.00 s.
Rotation Norm (0):
1.0
Rotation Norm (1):
1.0
Electronic Norm.: 1.0
Using CPA forces. F = F(G.S.)
Total MD Step took 19.53 s.
Using CPA forces. F = F(G.S.)
Submitting electronic structure for step 19.
	Gaussian terminated normally in 4.17 s. (GS_NEW)
	Gaussian terminated normally in 4.84 s. (TD_NEW_S1)
	Gaussian terminated normally in 5.04 s. (DIMER)
	TD_NEW_S1 DIM_INFO TIME (BRADEN): 0.06 s
	TD_NEW_S1 GET_MO TIME: 0.01 s
	TD_NEW_S1 GET_CI TIME: 0.03 s
	TD_OLD_S1 GET_MO TIME: 0.02 s
	TD_OLD_S1 GET_CI TIME: 0.05 s
	DIMER TIME: 2.41 s
	G16_NAC.py main: 2.58 s
	gau_nac() (G16_NAC.py): 0.0 s
gau_nac prepare 0.01 s
WFN OVERLAP FORTRAN TOOK 0.12 s
gau_nac dump 1.12 s
	gau_nac.worker() (G16_NAC.py): 1.25 s
	GET_OVERLAP OVERALL TIME (G16_TD.py): 3.86 s
Orthogonalized [S.T @ S] :
[[ 1. -0.  0.  0.]
 [-0.  1.  0.  0.]
 [ 0.  0.  1. -0.]
 [ 0.  0. -0.  1.]]
	GET_NACT OVERALL TIME (G16_TD.py): 0.0 s
	GET_APPROX NACR OVERALL TIME (G16_TD.py): 0.0 s
Total QM took 18.40 s.
Propagation Norm (0):
1.0
Propagation Norm (1):
1.0
Electronic propagation took 0.00 s.
Rotation Norm (0):
1.0
Rotation Norm (1):
1.0
Electronic Norm.: 1.0
Using CPA forces. F = F(G.S.)
Total MD Step took 18.42 s.
Using CPA forces. F = F(G.S.)
Submitting electronic structure for step 20.
	Gaussian terminated normally in 4.11 s. (GS_NEW)
	Gaussian terminated normally in 5.46 s. (TD_NEW_S1)
	Gaussian terminated normally in 4.74 s. (DIMER)
	TD_NEW_S1 DIM_INFO TIME (BRADEN): 0.06 s
	TD_NEW_S1 GET_MO TIME: 0.01 s
	TD_NEW_S1 GET_CI TIME: 0.03 s
	TD_OLD_S1 GET_MO TIME: 0.02 s
	TD_OLD_S1 GET_CI TIME: 0.04 s
	DIMER TIME: 2.48 s
	G16_NAC.py main: 2.65 s
	gau_nac() (G16_NAC.py): 0.0 s
gau_nac prepare 0.01 s
WFN OVERLAP FORTRAN TOOK 0.13 s
gau_nac dump 1.11 s
	gau_nac.worker() (G16_NAC.py): 1.24 s
	GET_OVERLAP OVERALL TIME (G16_TD.py): 3.92 s
Orthogonalized [S.T @ S] :
[[ 1. -0.  0. -0.]
 [-0.  1.  0. -0.]
 [ 0.  0.  1. -0.]
 [-0. -0. -0.  1.]]
	GET_NACT OVERALL TIME (G16_TD.py): 0.0 s
	GET_APPROX NACR OVERALL TIME (G16_TD.py): 0.0 s
Total QM took 18.71 s.
Propagation Norm (0):
1.0
Propagation Norm (1):
1.0
Electronic propagation took 0.00 s.
Rotation Norm (0):
1.0
Rotation Norm (1):
1.0
Electronic Norm.: 1.0
Using CPA forces. F = F(G.S.)
Total MD Step took 18.73 s.
Using CPA forces. F = F(G.S.)
Submitting electronic structure for step 21.
	Gaussian terminated normally in 4.24 s. (GS_NEW)
	Gaussian terminated normally in 5.89 s. (TD_NEW_S1)
	Gaussian terminated normally in 4.93 s. (DIMER)
	TD_NEW_S1 DIM_INFO TIME (BRADEN): 0.07 s
	TD_NEW_S1 GET_MO TIME: 0.01 s
	TD_NEW_S1 GET_CI TIME: 0.03 s
	TD_OLD_S1 GET_MO TIME: 0.01 s
	TD_OLD_S1 GET_CI TIME: 0.07 s
	DIMER TIME: 2.42 s
	G16_NAC.py main: 2.61 s
	gau_nac() (G16_NAC.py): 0.0 s
gau_nac prepare 0.01 s
WFN OVERLAP FORTRAN TOOK 0.12 s
gau_nac dump 1.11 s
	gau_nac.worker() (G16_NAC.py): 1.24 s
	GET_OVERLAP OVERALL TIME (G16_TD.py): 3.89 s
Orthogonalized [S.T @ S] :
[[ 1. -0.  0. -0.]
 [-0.  1. -0.  0.]
 [ 0. -0.  1.  0.]
 [-0.  0.  0.  1.]]
	GET_NACT OVERALL TIME (G16_TD.py): 0.0 s
	GET_APPROX NACR OVERALL TIME (G16_TD.py): 0.0 s
Total QM took 19.42 s.
Propagation Norm (0):
1.0
Propagation Norm (1):
1.0
Electronic propagation took 0.00 s.
Rotation Norm (0):
1.0
Rotation Norm (1):
1.0
Electronic Norm.: 1.0
Using CPA forces. F = F(G.S.)
Total MD Step took 19.44 s.
Using CPA forces. F = F(G.S.)
Submitting electronic structure for step 22.
	Gaussian terminated normally in 4.39 s. (GS_NEW)
	Gaussian terminated normally in 6.92 s. (TD_NEW_S1)
	Gaussian terminated normally in 5.06 s. (DIMER)
	TD_NEW_S1 DIM_INFO TIME (BRADEN): 0.06 s
	TD_NEW_S1 GET_MO TIME: 0.01 s
	TD_NEW_S1 GET_CI TIME: 0.03 s
	TD_OLD_S1 GET_MO TIME: 0.02 s
	TD_OLD_S1 GET_CI TIME: 0.04 s
	DIMER TIME: 2.42 s
	G16_NAC.py main: 2.59 s
	gau_nac() (G16_NAC.py): 0.0 s
gau_nac prepare 0.01 s
WFN OVERLAP FORTRAN TOOK 0.13 s
gau_nac dump 1.11 s
	gau_nac.worker() (G16_NAC.py): 1.25 s
	GET_OVERLAP OVERALL TIME (G16_TD.py): 3.87 s
Orthogonalized [S.T @ S] :
[[ 1.  0.  0.  0.]
 [ 0.  1.  0. -0.]
 [ 0.  0.  1. -0.]
 [ 0. -0. -0.  1.]]
	GET_NACT OVERALL TIME (G16_TD.py): 0.0 s
	GET_APPROX NACR OVERALL TIME (G16_TD.py): 0.0 s
Total QM took 20.76 s.
Propagation Norm (0):
1.0
Propagation Norm (1):
1.0
Electronic propagation took 0.00 s.
Rotation Norm (0):
1.0
Rotation Norm (1):
1.0
Electronic Norm.: 1.0
Using CPA forces. F = F(G.S.)
Total MD Step took 20.78 s.
Using CPA forces. F = F(G.S.)
Submitting electronic structure for step 23.
	Gaussian terminated normally in 4.11 s. (GS_NEW)
	Gaussian terminated normally in 5.62 s. (TD_NEW_S1)
	Gaussian terminated normally in 4.83 s. (DIMER)
	TD_NEW_S1 DIM_INFO TIME (BRADEN): 0.06 s
	TD_NEW_S1 GET_MO TIME: 0.01 s
	TD_NEW_S1 GET_CI TIME: 0.03 s
	TD_OLD_S1 GET_MO TIME: 0.01 s
	TD_OLD_S1 GET_CI TIME: 0.04 s
	DIMER TIME: 2.41 s
	G16_NAC.py main: 2.57 s
	gau_nac() (G16_NAC.py): 0.0 s
gau_nac prepare 0.01 s
WFN OVERLAP FORTRAN TOOK 0.12 s
gau_nac dump 1.11 s
	gau_nac.worker() (G16_NAC.py): 1.25 s
	GET_OVERLAP OVERALL TIME (G16_TD.py): 3.85 s
Orthogonalized [S.T @ S] :
[[ 1.  0. -0.  0.]
 [ 0.  1. -0. -0.]
 [-0. -0.  1.  0.]
 [ 0. -0.  0.  1.]]
	GET_NACT OVERALL TIME (G16_TD.py): 0.0 s
	GET_APPROX NACR OVERALL TIME (G16_TD.py): 0.0 s
Total QM took 18.88 s.
Propagation Norm (0):
1.0
Propagation Norm (1):
1.0
Electronic propagation took 0.00 s.
Rotation Norm (0):
1.0
Rotation Norm (1):
1.0
Electronic Norm.: 1.0
Using CPA forces. F = F(G.S.)
Total MD Step took 18.90 s.
Using CPA forces. F = F(G.S.)
Submitting electronic structure for step 24.
	Gaussian terminated normally in 3.85 s. (GS_NEW)
	Gaussian terminated normally in 7.27 s. (TD_NEW_S1)
	Gaussian terminated normally in 4.75 s. (DIMER)
	TD_NEW_S1 DIM_INFO TIME (BRADEN): 0.06 s
	TD_NEW_S1 GET_MO TIME: 0.01 s
	TD_NEW_S1 GET_CI TIME: 0.03 s
	TD_OLD_S1 GET_MO TIME: 0.02 s
	TD_OLD_S1 GET_CI TIME: 0.05 s
	DIMER TIME: 2.46 s
	G16_NAC.py main: 2.63 s
	gau_nac() (G16_NAC.py): 0.0 s
gau_nac prepare 0.01 s
WFN OVERLAP FORTRAN TOOK 0.12 s
gau_nac dump 1.11 s
	gau_nac.worker() (G16_NAC.py): 1.24 s
	GET_OVERLAP OVERALL TIME (G16_TD.py): 3.9 s
Orthogonalized [S.T @ S] :
[[ 1.  0. -0.  0.]
 [ 0.  1. -0.  0.]
 [-0. -0.  1.  0.]
 [ 0.  0.  0.  1.]]
	GET_NACT OVERALL TIME (G16_TD.py): 0.0 s
	GET_APPROX NACR OVERALL TIME (G16_TD.py): 0.0 s
Total QM took 20.24 s.
Propagation Norm (0):
1.0
Propagation Norm (1):
1.0
Electronic propagation took 0.00 s.
Rotation Norm (0):
1.0
Rotation Norm (1):
1.0
Electronic Norm.: 1.0
Using CPA forces. F = F(G.S.)
Total MD Step took 20.26 s.
Using CPA forces. F = F(G.S.)
Submitting electronic structure for step 25.
	Gaussian terminated normally in 4.21 s. (GS_NEW)
	Gaussian terminated normally in 5.73 s. (TD_NEW_S1)
	Gaussian terminated normally in 4.76 s. (DIMER)
	TD_NEW_S1 DIM_INFO TIME (BRADEN): 0.06 s
	TD_NEW_S1 GET_MO TIME: 0.01 s
	TD_NEW_S1 GET_CI TIME: 0.03 s
	TD_OLD_S1 GET_MO TIME: 0.01 s
	TD_OLD_S1 GET_CI TIME: 0.05 s
	DIMER TIME: 2.41 s
	G16_NAC.py main: 2.57 s
	gau_nac() (G16_NAC.py): 0.0 s
gau_nac prepare 0.01 s
WFN OVERLAP FORTRAN TOOK 0.12 s
gau_nac dump 1.11 s
	gau_nac.worker() (G16_NAC.py): 1.24 s
	GET_OVERLAP OVERALL TIME (G16_TD.py): 3.84 s
Orthogonalized [S.T @ S] :
[[ 1. -0.  0.  0.]
 [-0.  1.  0. -0.]
 [ 0.  0.  1. -0.]
 [ 0. -0. -0.  1.]]
	GET_NACT OVERALL TIME (G16_TD.py): 0.0 s
	GET_APPROX NACR OVERALL TIME (G16_TD.py): 0.0 s
Total QM took 19.01 s.
Propagation Norm (0):
1.0
Propagation Norm (1):
1.0
Electronic propagation took 0.00 s.
Rotation Norm (0):
1.0
Rotation Norm (1):
1.0
Electronic Norm.: 1.0
Using CPA forces. F = F(G.S.)
Total MD Step took 19.03 s.
Using CPA forces. F = F(G.S.)
Submitting electronic structure for step 26.
	Gaussian terminated normally in 4.75 s. (GS_NEW)
	Gaussian terminated normally in 6.22 s. (TD_NEW_S1)
	Gaussian terminated normally in 5.37 s. (DIMER)
	TD_NEW_S1 DIM_INFO TIME (BRADEN): 0.06 s
	TD_NEW_S1 GET_MO TIME: 0.01 s
	TD_NEW_S1 GET_CI TIME: 0.03 s
	TD_OLD_S1 GET_MO TIME: 0.01 s
	TD_OLD_S1 GET_CI TIME: 0.05 s
	DIMER TIME: 2.41 s
	G16_NAC.py main: 2.58 s
	gau_nac() (G16_NAC.py): 0.0 s
gau_nac prepare 0.01 s
WFN OVERLAP FORTRAN TOOK 0.12 s
gau_nac dump 1.26 s
	gau_nac.worker() (G16_NAC.py): 1.39 s
	GET_OVERLAP OVERALL TIME (G16_TD.py): 4.0 s
Orthogonalized [S.T @ S] :
[[ 1. -0. -0.  0.]
 [-0.  1. -0.  0.]
 [-0. -0.  1.  0.]
 [ 0.  0.  0.  1.]]
	GET_NACT OVERALL TIME (G16_TD.py): 0.0 s
	GET_APPROX NACR OVERALL TIME (G16_TD.py): 0.0 s
Total QM took 20.82 s.
Propagation Norm (0):
1.0
Propagation Norm (1):
1.0
Electronic propagation took 0.00 s.
Rotation Norm (0):
1.0
Rotation Norm (1):
1.0
Electronic Norm.: 1.0
Using CPA forces. F = F(G.S.)
Total MD Step took 20.84 s.
Using CPA forces. F = F(G.S.)
Submitting electronic structure for step 27.
	Gaussian terminated normally in 4.26 s. (GS_NEW)
	Gaussian terminated normally in 5.39 s. (TD_NEW_S1)
	Gaussian terminated normally in 4.98 s. (DIMER)
	TD_NEW_S1 DIM_INFO TIME (BRADEN): 0.06 s
	TD_NEW_S1 GET_MO TIME: 0.01 s
	TD_NEW_S1 GET_CI TIME: 0.03 s
	TD_OLD_S1 GET_MO TIME: 0.02 s
	TD_OLD_S1 GET_CI TIME: 0.04 s
	DIMER TIME: 2.43 s
	G16_NAC.py main: 2.59 s
	gau_nac() (G16_NAC.py): 0.0 s
gau_nac prepare 0.01 s
WFN OVERLAP FORTRAN TOOK 0.12 s
gau_nac dump 1.14 s
	gau_nac.worker() (G16_NAC.py): 1.27 s
	GET_OVERLAP OVERALL TIME (G16_TD.py): 3.89 s
Orthogonalized [S.T @ S] :
[[ 1. -0.  0. -0.]
 [-0.  1.  0.  0.]
 [ 0.  0.  1. -0.]
 [-0.  0. -0.  1.]]
	GET_NACT OVERALL TIME (G16_TD.py): 0.0 s
	GET_APPROX NACR OVERALL TIME (G16_TD.py): 0.0 s
Total QM took 18.99 s.
Propagation Norm (0):
1.0
Propagation Norm (1):
1.0
Electronic propagation took 0.00 s.
Rotation Norm (0):
1.0
Rotation Norm (1):
1.0
Electronic Norm.: 1.0
Using CPA forces. F = F(G.S.)
Total MD Step took 19.01 s.
Using CPA forces. F = F(G.S.)
Submitting electronic structure for step 28.
	Gaussian terminated normally in 4.71 s. (GS_NEW)
	Gaussian terminated normally in 6.42 s. (TD_NEW_S1)
	Gaussian terminated normally in 5.91 s. (DIMER)
	TD_NEW_S1 DIM_INFO TIME (BRADEN): 0.06 s
	TD_NEW_S1 GET_MO TIME: 0.01 s
	TD_NEW_S1 GET_CI TIME: 0.03 s
	TD_OLD_S1 GET_MO TIME: 0.01 s
	TD_OLD_S1 GET_CI TIME: 0.03 s
	DIMER TIME: 2.4 s
	G16_NAC.py main: 2.54 s
	gau_nac() (G16_NAC.py): 0.0 s
gau_nac prepare 0.01 s
WFN OVERLAP FORTRAN TOOK 0.12 s
gau_nac dump 1.11 s
	gau_nac.worker() (G16_NAC.py): 1.24 s
	GET_OVERLAP OVERALL TIME (G16_TD.py): 3.81 s
Orthogonalized [S.T @ S] :
[[ 1.  0.  0.  0.]
 [ 0.  1.  0.  0.]
 [ 0.  0.  1. -0.]
 [ 0.  0. -0.  1.]]
OLD:
 [[ 9.9999402e-01 -1.4746000e-03  8.3800000e-06  3.1283100e-03]
 [ 1.4583000e-03  9.9998538e-01 -2.0740000e-05  5.2062600e-03]
 [-8.3300000e-06  2.0790000e-05  1.0000000e+00 -7.1100000e-06]
 [-3.1359400e-03 -5.2016700e-03  7.2000000e-06  9.9998155e-01]]
I found a sign error upon phase correcting.
Index Flip: 0 <--> 3
NEW:
 [[ 9.9999402e-01 -1.4746000e-03  8.3800000e-06 -3.1283100e-03]
 [ 1.4583000e-03  9.9998538e-01 -2.0740000e-05  5.2062600e-03]
 [-8.3300000e-06  2.0790000e-05  1.0000000e+00 -7.1100000e-06]
 [ 3.1359400e-03 -5.2016700e-03  7.2000000e-06  9.9998155e-01]]
[S.T @ S] after sign fix:
[[ 1.000e+00 -3.262e-05  5.000e-08  1.518e-05]
 [-3.262e-05  1.000e+00  0.000e+00  9.230e-06]
 [ 5.000e-08  0.000e+00  1.000e+00 -5.000e-08]
 [ 1.518e-05  9.230e-06 -5.000e-08  1.000e+00]]
Orthogonalized [S.T @ S] :
[[ 1. -0. -0.  0.]
 [-0.  1. -0.  0.]
 [-0. -0.  1. -0.]
 [ 0.  0. -0.  1.]]
[S.T @ S] after sign fix and second orthogonalization:
[[ 1. -0. -0.  0.]
 [-0.  1. -0.  0.]
 [-0. -0.  1. -0.]
 [ 0.  0. -0.  1.]]
	GET_NACT OVERALL TIME (G16_TD.py): 0.0 s
	GET_APPROX NACR OVERALL TIME (G16_TD.py): 0.0 s
Total QM took 21.33 s.
Propagation Norm (0):
1.0
Propagation Norm (1):
1.0
Electronic propagation took 0.00 s.
Rotation Norm (0):
1.0
Rotation Norm (1):
1.0
Electronic Norm.: 1.0
Using CPA forces. F = F(G.S.)
Total MD Step took 21.34 s.
Using CPA forces. F = F(G.S.)
Submitting electronic structure for step 29.
	Gaussian terminated normally in 3.55 s. (GS_NEW)
	Gaussian terminated normally in 5.12 s. (TD_NEW_S1)
	Gaussian terminated normally in 5.19 s. (DIMER)
	TD_NEW_S1 DIM_INFO TIME (BRADEN): 0.06 s
	TD_NEW_S1 GET_MO TIME: 0.01 s
	TD_NEW_S1 GET_CI TIME: 0.03 s
	TD_OLD_S1 GET_MO TIME: 0.01 s
	TD_OLD_S1 GET_CI TIME: 0.03 s
	DIMER TIME: 2.39 s
	G16_NAC.py main: 2.52 s
	gau_nac() (G16_NAC.py): 0.0 s
gau_nac prepare 0.01 s
WFN OVERLAP FORTRAN TOOK 0.13 s
gau_nac dump 1.24 s
	gau_nac.worker() (G16_NAC.py): 1.38 s
	GET_OVERLAP OVERALL TIME (G16_TD.py): 3.94 s
Orthogonalized [S.T @ S] :
[[ 1. -0.  0.  0.]
 [-0.  1. -0.  0.]
 [ 0. -0.  1. -0.]
 [ 0.  0. -0.  1.]]
OLD:
 [[ 9.9999004e-01 -1.5250500e-03  1.4870000e-05 -4.1953100e-03]
 [ 1.4246200e-03  9.9971482e-01  8.3000000e-07 -2.3837920e-02]
 [-1.4820000e-05 -5.5000000e-07  1.0000000e+00  1.1020000e-05]
 [ 4.2304700e-03  2.3831700e-02 -1.0940000e-05  9.9970703e-01]]
I found a sign error upon phase correcting.
Index Flip: 1 <--> 3
NEW:
 [[ 9.9999004e-01 -1.5250500e-03  1.4870000e-05 -4.1953100e-03]
 [ 1.4246200e-03  9.9971482e-01  8.3000000e-07  2.3837920e-02]
 [-1.4820000e-05 -5.5000000e-07  1.0000000e+00  1.1020000e-05]
 [ 4.2304700e-03 -2.3831700e-02 -1.0940000e-05  9.9970703e-01]]
[S.T @ S] after sign fix:
[[ 1.0000e+00 -2.0164e-04  0.0000e+00  6.7920e-05]
 [-2.0164e-04  1.0000e+00  5.2000e-07  1.2800e-05]
 [ 0.0000e+00  5.2000e-07  1.0000e+00  4.0000e-08]
 [ 6.7920e-05  1.2800e-05  4.0000e-08  1.0000e+00]]
Orthogonalized [S.T @ S] :
[[ 1.  0.  0. -0.]
 [ 0.  1. -0. -0.]
 [ 0. -0.  1. -0.]
 [-0. -0. -0.  1.]]
[S.T @ S] after sign fix and second orthogonalization:
[[ 1.  0.  0. -0.]
 [ 0.  1. -0. -0.]
 [ 0. -0.  1. -0.]
 [-0. -0. -0.  1.]]
	GET_NACT OVERALL TIME (G16_TD.py): 0.0 s
	GET_APPROX NACR OVERALL TIME (G16_TD.py): 0.0 s
Total QM took 18.26 s.
Propagation Norm (0):
1.0
Propagation Norm (1):
1.0
Electronic propagation took 0.00 s.
Rotation Norm (0):
1.0
Rotation Norm (1):
1.0
Electronic Norm.: 1.0
Using CPA forces. F = F(G.S.)
Total MD Step took 18.27 s.
Using CPA forces. F = F(G.S.)
Submitting electronic structure for step 30.
	Gaussian terminated normally in 3.64 s. (GS_NEW)
	Gaussian terminated normally in 4.23 s. (TD_NEW_S1)
	Gaussian terminated normally in 4.48 s. (DIMER)
	TD_NEW_S1 DIM_INFO TIME (BRADEN): 0.06 s
	TD_NEW_S1 GET_MO TIME: 0.01 s
	TD_NEW_S1 GET_CI TIME: 0.03 s
	TD_OLD_S1 GET_MO TIME: 0.01 s
	TD_OLD_S1 GET_CI TIME: 0.03 s
	DIMER TIME: 2.39 s
	G16_NAC.py main: 2.53 s
	gau_nac() (G16_NAC.py): 0.0 s
gau_nac prepare 0.01 s
WFN OVERLAP FORTRAN TOOK 0.12 s
gau_nac dump 1.11 s
	gau_nac.worker() (G16_NAC.py): 1.24 s
	GET_OVERLAP OVERALL TIME (G16_TD.py): 3.81 s
Orthogonalized [S.T @ S] :
[[ 1. -0.  0.  0.]
 [-0.  1.  0.  0.]
 [ 0.  0.  1. -0.]
 [ 0.  0. -0.  1.]]
OLD:
 [[ 9.9999622e-01 -1.1764500e-03  8.4100000e-06  2.4851900e-03]
 [ 1.1757300e-03  9.9999927e-01 -2.1470000e-05  2.8910000e-04]
 [-8.4400000e-06  2.1470000e-05  1.0000000e+00  2.3960000e-05]
 [-2.4855300e-03 -2.8618000e-04 -2.3970000e-05  9.9999687e-01]]
I found a sign error upon phase correcting.
Index Flip: 0 <--> 3
NEW:
 [[ 9.9999622e-01 -1.1764500e-03  8.4100000e-06 -2.4851900e-03]
 [ 1.1757300e-03  9.9999927e-01 -2.1470000e-05  2.8910000e-04]
 [-8.4400000e-06  2.1470000e-05  1.0000000e+00  2.3960000e-05]
 [ 2.4855300e-03 -2.8618000e-04 -2.3970000e-05  9.9999687e-01]]
[S.T @ S] after sign fix:
[[ 1.00e+00 -1.42e-06 -1.20e-07  6.80e-07]
 [-1.42e-06  1.00e+00  0.00e+00  5.85e-06]
 [-1.20e-07  0.00e+00  1.00e+00 -4.00e-08]
 [ 6.80e-07  5.85e-06 -4.00e-08  1.00e+00]]
Orthogonalized [S.T @ S] :
[[ 1.  0.  0. -0.]
 [ 0.  1.  0. -0.]
 [ 0.  0.  1.  0.]
 [-0. -0.  0.  1.]]
[S.T @ S] after sign fix and second orthogonalization:
[[ 1.  0.  0. -0.]
 [ 0.  1.  0. -0.]
 [ 0.  0.  1.  0.]
 [-0. -0.  0.  1.]]
	GET_NACT OVERALL TIME (G16_TD.py): 0.0 s
	GET_APPROX NACR OVERALL TIME (G16_TD.py): 0.0 s
Total QM took 16.63 s.
Propagation Norm (0):
1.0
Propagation Norm (1):
1.0
Electronic propagation took 0.00 s.
Rotation Norm (0):
1.0
Rotation Norm (1):
1.0
Electronic Norm.: 1.0
Using CPA forces. F = F(G.S.)
Total MD Step took 16.64 s.
Using CPA forces. F = F(G.S.)
Submitting electronic structure for step 31.
	Gaussian terminated normally in 4.38 s. (GS_NEW)
	Gaussian terminated normally in 4.84 s. (TD_NEW_S1)
	Gaussian terminated normally in 4.86 s. (DIMER)
	TD_NEW_S1 DIM_INFO TIME (BRADEN): 0.06 s
	TD_NEW_S1 GET_MO TIME: 0.01 s
	TD_NEW_S1 GET_CI TIME: 0.03 s
	TD_OLD_S1 GET_MO TIME: 0.01 s
	TD_OLD_S1 GET_CI TIME: 0.03 s
	DIMER TIME: 2.46 s
	G16_NAC.py main: 2.6 s
	gau_nac() (G16_NAC.py): 0.0 s
gau_nac prepare 0.01 s
WFN OVERLAP FORTRAN TOOK 0.12 s
gau_nac dump 1.11 s
	gau_nac.worker() (G16_NAC.py): 1.24 s
	GET_OVERLAP OVERALL TIME (G16_TD.py): 3.87 s
Orthogonalized [S.T @ S] :
[[ 1. -0.  0. -0.]
 [-0.  1. -0. -0.]
 [ 0. -0.  1. -0.]
 [-0. -0. -0.  1.]]
	GET_NACT OVERALL TIME (G16_TD.py): 0.0 s
	GET_APPROX NACR OVERALL TIME (G16_TD.py): 0.0 s
Total QM took 18.42 s.
Propagation Norm (0):
1.0
Propagation Norm (1):
1.0
Electronic propagation took 0.00 s.
Rotation Norm (0):
1.0
Rotation Norm (1):
1.0
Electronic Norm.: 1.0
Using CPA forces. F = F(G.S.)
Total MD Step took 18.43 s.
Using CPA forces. F = F(G.S.)
Submitting electronic structure for step 32.
	Gaussian terminated normally in 3.66 s. (GS_NEW)
	Gaussian terminated normally in 4.14 s. (TD_NEW_S1)
	Gaussian terminated normally in 4.40 s. (DIMER)
	TD_NEW_S1 DIM_INFO TIME (BRADEN): 0.06 s
	TD_NEW_S1 GET_MO TIME: 0.01 s
	TD_NEW_S1 GET_CI TIME: 0.03 s
	TD_OLD_S1 GET_MO TIME: 0.01 s
