0.0  1.43987470
0.5  1.44084154
1.0  1.44421639
1.5  1.45048178
2.0  1.45878642
2.5  1.46717702
3.0  1.47249163
3.5  1.47131609
4.0  1.46105316
4.5  1.44082406
5.0  1.41252683
5.5  1.38039408
6.0  1.35026913
6.5  1.32676616
7.0  1.31194430
7.5  1.30411565
8.0  1.29945084
8.5  1.29341230
9.0  1.28344022
9.5  1.27090859
10.0  1.25888079
10.5  1.25126555
11.0  1.25052807
11.5  1.25776632
12.0  1.27179500
12.5  1.29138950
13.0  1.31437126
13.5  1.33807572
14.0  1.35947789
14.5  1.37609900
15.0  1.38732557
15.5  1.39412942
16.0  1.39931418
16.5  1.40609026
17.0  1.41607779
17.5  1.42793529
18.0  1.43783020
18.5  1.43988312
19.0  1.43004811
19.5  1.40804614
20.0  1.37736940
20.5  1.34423764
21.0  1.31392764
21.5  1.28992890
22.0  1.27353039
22.5  1.26436330
23.0  1.26073814
23.5  1.26113377
24.0  1.26332075
24.5  1.26482885
25.0  1.26427017
25.5  1.26228451
26.0  1.26201741
26.5  1.26810927
27.0  1.28527673
27.5  1.31530529
28.0  1.35616937
28.5  1.40115637
29.0  1.44089308
29.5  1.46803154
30.0  1.47947764
30.5  1.47755382
31.0  1.46821649
31.5  1.45799178
32.0  1.45144937
32.5  1.44997941
33.0  1.45320288
33.5  1.45919045
34.0  1.46498092
34.5  1.46617028
35.0  1.45860897
35.5  1.43910566
36.0  1.40752405
36.5  1.36736649
37.0  1.32571289
37.5  1.29073051
38.0  1.26795922
38.5  1.25968081
39.0  1.26215262
39.5  1.26858110
40.0  1.27166401
40.5  1.26843085
41.0  1.26065292
41.5  1.25161042
42.0  1.24685268
42.5  1.24962240
43.0  1.26092286
43.5  1.28083020
44.0  1.30742355
44.5  1.33904279
45.0  1.37247066
45.5  1.40335090
46.0  1.42628889
46.5  1.43750624
47.0  1.43628674
47.5  1.42448612
48.0  1.40690051
48.5  1.38806380
49.0  1.37236367
49.5  1.35929091
50.0  1.34607810
50.5  1.32942350
51.0  1.30902159
51.5  1.28702296
52.0  1.26704225
52.5  1.25357484
53.0  1.24818311
53.5  1.25158255
54.0  1.26348008
54.5  1.28291773
55.0  1.30826891
55.5  1.33776414
56.0  1.36911851
56.5  1.39861244
57.0  1.42308267
57.5  1.44204882
58.0  1.45682923
58.5  1.47005701
59.0  1.48286784
59.5  1.49573429
60.0  1.50627004
60.5  1.50918674
61.0  1.49971205
61.5  1.47601637
62.0  1.44226142
62.5  1.40386935
63.0  1.36664032
63.5  1.33446607
64.0  1.30933925
64.5  1.29118944
65.0  1.27880794
65.5  1.27139414
66.0  1.26619166
66.5  1.26136487
67.0  1.25476653
67.5  1.24628138
68.0  1.23707331
68.5  1.23074506
69.0  1.23250824
69.5  1.24539754
70.0  1.27037678
70.5  1.30368528
71.0  1.33953139
71.5  1.37095152
72.0  1.39357301
72.5  1.40738741
73.0  1.41630902
73.5  1.42365190
74.0  1.43073042
74.5  1.43824479
75.0  1.44470381
75.5  1.44950849
76.0  1.45080675
76.5  1.44678379
77.0  1.43449959
77.5  1.41316432
78.0  1.38274634
78.5  1.34606983
79.0  1.30837757
79.5  1.27626029
80.0  1.25482531
80.5  1.24740711
81.0  1.25095990
81.5  1.26104270
82.0  1.27029906
82.5  1.27796395
83.0  1.28381696
83.5  1.29061724
84.0  1.30180152
84.5  1.31970303
85.0  1.34447304
85.5  1.37446932
86.0  1.40772599
86.5  1.44188511
87.0  1.47392947
87.5  1.49917342
88.0  1.51360170
88.5  1.51535903
89.0  1.50501069
89.5  1.48559643
90.0  1.46211504
90.5  1.44039416
91.0  1.42242065
91.5  1.40617226
92.0  1.38713869
92.5  1.36101840
93.0  1.32700711
93.5  1.28770876
94.0  1.24889462
94.5  1.21614599
95.0  1.19295392
95.5  1.18030421
96.0  1.17841327
96.5  1.18588470
97.0  1.20195720
97.5  1.22324295
98.0  1.24743207
98.5  1.27129583
99.0  1.29377004
99.5  1.31371484
100.0  1.33325598
100.5  1.35570141
101.0  1.38510553
101.5  1.42149159
102.0  1.46066553
102.5  1.49490684
103.0  1.51664484
103.5  1.52127288
104.0  1.50827612
104.5  1.48186267
105.0  1.44907348
105.5  1.41556356
106.0  1.38535460
106.5  1.35954630
107.0  1.33995834
107.5  1.32400498
108.0  1.31083880
108.5  1.29917722
109.0  1.28599225
109.5  1.26960453
110.0  1.25259953
110.5  1.23944603
111.0  1.23462165
111.5  1.24235734
112.0  1.26598490
112.5  1.30369867
113.0  1.34908354
113.5  1.39296010
114.0  1.42839037
114.5  1.44954448
115.0  1.45754515
115.5  1.45774491
116.0  1.45410169
116.5  1.45190315
117.0  1.45401574
117.5  1.46104889
118.0  1.46991494
118.5  1.47680632
119.0  1.47859006
119.5  1.46981157
120.0  1.44838975
120.5  1.41556271
121.0  1.37416365
121.5  1.33172458
122.0  1.29568672
122.5  1.27100972
123.0  1.25939242
123.5  1.25789218
124.0  1.26004318
124.5  1.26001432
125.0  1.25665060
125.5  1.24975119
126.0  1.24339671
126.5  1.24104676
127.0  1.24733380
127.5  1.26491732
128.0  1.29332743
128.5  1.33171377
129.0  1.37654313
129.5  1.42149098
130.0  1.46238579
130.5  1.49637806
131.0  1.52041287
131.5  1.53661088
132.0  1.54801124
132.5  1.55870838
133.0  1.57048372
133.5  1.58324986
134.0  1.59269103
134.5  1.59281208
135.0  1.57837670
135.5  1.54756111
136.0  1.50346837
136.5  1.45062759
137.0  1.39476224
137.5  1.34068765
138.0  1.29413504
138.5  1.25927777
139.0  1.23890947
139.5  1.22962252
140.0  1.23042958
140.5  1.23763476
141.0  1.24922939
141.5  1.26298109
142.0  1.27750486
142.5  1.29601150
143.0  1.32258399
143.5  1.35511072
144.0  1.39213015
144.5  1.42754200
145.0  1.45404296
145.5  1.46788316
146.0  1.46487273
146.5  1.45119314
147.0  1.42783374
147.5  1.40496478
148.0  1.38288775
148.5  1.36758994
149.0  1.35881073
149.5  1.35635843
150.0  1.35842077
150.5  1.35831067
151.0  1.35899060
151.5  1.34926623
152.0  1.33954494
152.5  1.32296262
153.0  1.31388720
153.5  1.30595190
154.0  1.31106159
154.5  1.32146322
155.0  1.33772482
155.5  1.35260624
156.0  1.36338684
156.5  1.36760564
157.0  1.36590198
157.5  1.36336896
158.0  1.36136196
158.5  1.36142437
159.0  1.36888217
159.5  1.38085629
160.0  1.39870454
160.5  1.41348985
161.0  1.42652713
161.5  1.43075137
162.0  1.42532401
162.5  1.41095356
163.0  1.38945303
163.5  1.37193191
164.0  1.35436821
164.5  1.34862032
165.0  1.34398630
165.5  1.34686634
166.0  1.34390020
166.5  1.34019109
167.0  1.33229009
167.5  1.32540642
168.0  1.32090854
168.5  1.32186273
169.0  1.33105469
169.5  1.34619411
170.0  1.36681199
170.5  1.38911949
171.0  1.40873383
171.5  1.42432538
172.0  1.42938968
172.5  1.42631668
173.0  1.41326215
173.5  1.40251070
174.0  1.39527703
174.5  1.39612031
175.0  1.40463984
175.5  1.41565528
176.0  1.42315104
176.5  1.41624693
177.0  1.39963393
177.5  1.36816476
178.0  1.33532691
178.5  1.30135405
179.0  1.28062930
179.5  1.26784645
180.0  1.26917053
180.5  1.27706696
181.0  1.29050166
181.5  1.30470608
182.0  1.31499823
182.5  1.31708908
183.0  1.31064443
183.5  1.30114944
184.0  1.29511998
184.5  1.29899861
185.0  1.32044202
185.5  1.35770592
186.0  1.40696358
186.5  1.45236017
187.0  1.48621165
187.5  1.50020164
188.0  1.49658749
188.5  1.48028103
189.0  1.45646683
189.5  1.43627618
190.0  1.41940004
190.5  1.41419204
191.0  1.41214307
191.5  1.41569131
192.0  1.41347927
192.5  1.40545911
193.0  1.38515497
193.5  1.35290008
194.0  1.31334286
194.5  1.27363996
195.0  1.24446272
195.5  1.23271901
196.0  1.24127215
196.5  1.26741869
197.0  1.30195922
197.5  1.33409317
198.0  1.35346950
198.5  1.35898757
199.0  1.35159567
199.5  1.34190501
200.0  1.33459011
200.5  1.33575488
201.0  1.34825297
201.5  1.37057555
202.0  1.40130967
202.5  1.43161766
203.0  1.45913381
203.5  1.47343128
204.0  1.47632681
204.5  1.46484670
205.0  1.44756626
205.5  1.43093541
206.0  1.42312740
206.5  1.42461945
207.0  1.43240818
207.5  1.44076502
208.0  1.44193928
208.5  1.42851818
209.0  1.39929506
209.5  1.35901702
210.0  1.31674651
210.5  1.27779095
211.0  1.24899573
211.5  1.23186608
212.0  1.22930478
212.5  1.23724838
213.0  1.25365741
213.5  1.27258674
214.0  1.28734786
214.5  1.29779987
215.0  1.30425472
215.5  1.31111139
216.0  1.32205477
216.5  1.34463527
217.0  1.37769843
217.5  1.41838228
218.0  1.45647554
218.5  1.48324676
219.0  1.49296135
219.5  1.48578356
220.0  1.46544398
220.5  1.44018824
221.0  1.41633857
221.5  1.40027808
222.0  1.39337397
222.5  1.39326780
223.0  1.39582164
223.5  1.39913430
224.0  1.39660551
224.5  1.38385561
225.0  1.36194261
225.5  1.33468140
226.0  1.30757739
226.5  1.28784887
227.0  1.28184929
227.5  1.29286075
228.0  1.31556705
228.5  1.34006010
229.0  1.35722449
229.5  1.36108995
230.0  1.35005243
230.5  1.32910181
231.0  1.30906043
231.5  1.29876001
232.0  1.30017806
232.5  1.31723077
233.0  1.34713757
233.5  1.38287395
234.0  1.41697100
234.5  1.44402820
235.0  1.45923121
235.5  1.46030335
236.0  1.44989923
236.5  1.43438006
237.0  1.42018093
237.5  1.41329441
238.0  1.41658953
238.5  1.42716940
239.0  1.43580134
239.5  1.43381545
240.0  1.41596747
240.5  1.38205425
241.0  1.33782575
241.5  1.29276344
242.0  1.25547099
242.5  1.23143956
243.0  1.22227300
243.5  1.22789891
244.0  1.24451581
244.5  1.26704021
245.0  1.28830541
245.5  1.30521325
246.0  1.31776696
246.5  1.32721383
247.0  1.33748526
247.5  1.35408455
248.0  1.38048434
248.5  1.41710736
249.0  1.45826242
249.5  1.49560959
250.0  1.52066925
250.5  1.52762599
251.0  1.51675497
251.5  1.49305933
252.0  1.46516690
252.5  1.44013994
253.0  1.42114839
253.5  1.40894269
254.0  1.40127843
254.5  1.39558020
255.0  1.38737364
255.5  1.37272104
256.0  1.35049855
256.5  1.32188108
257.0  1.29249127
257.5  1.26772119
258.0  1.25483538
258.5  1.25840508
259.0  1.27966323
259.5  1.31300512
260.0  1.34972701
260.5  1.37953699
261.0  1.39590270
261.5  1.39921745
262.0  1.39405305
262.5  1.38773452
263.0  1.38832000
263.5  1.39832907
264.0  1.41775593
264.5  1.44267535
265.0  1.46671836
265.5  1.48412926
266.0  1.48906203
266.5  1.47812110
267.0  1.45248202
267.5  1.41660180
268.0  1.37808005
268.5  1.34538316
269.0  1.32386768
269.5  1.31674147
270.0  1.32061229
270.5  1.32854858
271.0  1.33264354
271.5  1.32652567
272.0  1.30713723
272.5  1.28159370
273.0  1.25989889
273.5  1.24991329
274.0  1.25584997
274.5  1.27804504
275.0  1.31288206
275.5  1.35393775
276.0  1.39368781
276.5  1.42341365
277.0  1.44008485
277.5  1.44372680
278.0  1.43828620
278.5  1.43066150
279.0  1.42601760
279.5  1.43167680
280.0  1.45020228
280.5  1.47816898
281.0  1.50460537
281.5  1.52162870
282.0  1.52406023
282.5  1.50954219
283.0  1.48219774
283.5  1.44820258
284.0  1.41566057
284.5  1.39060780
285.0  1.37600652
285.5  1.37012711
286.0  1.37012084
286.5  1.37321324
287.0  1.37447057
287.5  1.37109180
288.0  1.36192582
288.5  1.35254869
289.0  1.34843554
289.5  1.35437759
290.0  1.37274243
290.5  1.40298653
291.0  1.44141514
291.5  1.47841675
292.0  1.50474776
292.5  1.51440992
293.0  1.50736336
293.5  1.48565087
294.0  1.45401121
294.5  1.42075085
295.0  1.39089067
295.5  1.36636045
296.0  1.34789859
296.5  1.33247025
297.0  1.31728197
297.5  1.30119040
298.0  1.28377761
298.5  1.26522049
299.0  1.24860793
299.5  1.24005751
300.0  1.24525582
300.5  1.26723886
301.0  1.30353476
301.5  1.34913548
302.0  1.39674115
302.5  1.43901269
303.0  1.46934390
303.5  1.48610531
304.0  1.49361574
304.5  1.49848221
305.0  1.50432324
305.5  1.51350808
306.0  1.52601903
306.5  1.54023137
307.0  1.55247602
307.5  1.55730957
308.0  1.55151838
308.5  1.53408023
309.0  1.50727921
309.5  1.47498048
310.0  1.44364973
310.5  1.41894315
311.0  1.40591191
311.5  1.40322937
312.0  1.40802853
312.5  1.41430188
313.0  1.41484720
313.5  1.40586798
314.0  1.38722612
314.5  1.36438601
315.0  1.34406296
315.5  1.33333894
316.0  1.33424228
316.5  1.34843688
317.0  1.37320004
317.5  1.40377526
318.0  1.43349746
318.5  1.45605141
319.0  1.46679818
319.5  1.46635053
320.0  1.45921756
320.5  1.44868211
321.0  1.44198359
321.5  1.44375758
322.0  1.45373822
322.5  1.47126030
323.0  1.49080474
323.5  1.50177559
324.0  1.49714665
324.5  1.47568292
325.0  1.44078174
325.5  1.39829740
326.0  1.35622032
326.5  1.32126195
327.0  1.29798320
327.5  1.28689309
328.0  1.28573374
328.5  1.29049141
329.0  1.29560688
329.5  1.29672449
330.0  1.29667189
330.5  1.30062166
331.0  1.30936139
331.5  1.32718489
332.0  1.36013828
332.5  1.40993555
333.0  1.47172195
333.5  1.53598453
334.0  1.59379306
334.5  1.63849072
335.0  1.66554627
335.5  1.67483169
336.0  1.67086270
336.5  1.66124836
337.0  1.64946789
337.5  1.63660093
338.0  1.62459545
338.5  1.61112288
339.0  1.59153797
339.5  1.56393775
340.0  1.52766433
340.5  1.48342236
341.0  1.43600638
341.5  1.39144050
342.0  1.35567785
342.5  1.33257687
343.0  1.32578967
343.5  1.33250761
344.0  1.34429279
344.5  1.35480932
345.0  1.35947353
345.5  1.35470197
346.0  1.34290497
346.5  1.32953615
347.0  1.32252102
347.5  1.32595655
348.0  1.34113138
348.5  1.36713220
349.0  1.40089768
349.5  1.43585370
350.0  1.46323287
350.5  1.48083894
351.0  1.48924159
351.5  1.48853711
352.0  1.48234187
352.5  1.47767154
353.0  1.48079402
353.5  1.49084850
354.0  1.50579687
354.5  1.52221014
355.0  1.53092840
355.5  1.52778691
356.0  1.51069732
356.5  1.48234951
357.0  1.45000999
357.5  1.42059841
358.0  1.40069313
358.5  1.39663271
359.0  1.40738646
359.5  1.42858769
360.0  1.45442037
360.5  1.47897829
361.0  1.49650964
361.5  1.50527481
362.0  1.50613140
362.5  1.50421214
363.0  1.50447773
363.5  1.51142154
364.0  1.52712067
364.5  1.54861503
365.0  1.57223700
365.5  1.59153768
366.0  1.59914216
366.5  1.59204235
367.0  1.57238871
367.5  1.54496863
368.0  1.51582861
368.5  1.49128632
369.0  1.47467408
369.5  1.46725659
370.0  1.46636796
370.5  1.46820373
371.0  1.46611703
371.5  1.45626376
372.0  1.43734846
372.5  1.41279096
373.0  1.38784761
373.5  1.36938036
374.0  1.36256586
374.5  1.37135814
375.0  1.39299437
375.5  1.42347218
376.0  1.45459371
376.5  1.47848297
377.0  1.49287800
377.5  1.49906962
378.0  1.49786961
378.5  1.49484811
379.0  1.49470468
379.5  1.49969596
380.0  1.51028186
380.5  1.52257795
381.0  1.53224474
381.5  1.53657468
382.0  1.53229988
382.5  1.51672826
383.0  1.49506815
383.5  1.47372454
384.0  1.45823871
384.5  1.45449294
385.0  1.46421585
385.5  1.48560507
386.0  1.51360378
386.5  1.54015301
387.0  1.55795638
387.5  1.56414278
388.0  1.56008434
388.5  1.55154079
389.0  1.54490977
389.5  1.54279258
390.0  1.54791142
390.5  1.55929911
391.0  1.57355009
391.5  1.58536144
392.0  1.58925787
392.5  1.58343140
393.0  1.56689941
393.5  1.54360170
394.0  1.51848452
394.5  1.49828489
395.0  1.48735603
395.5  1.48881795
396.0  1.49966852
396.5  1.51387346
397.0  1.52310070
397.5  1.52277708
398.0  1.51206102
398.5  1.49251777
399.0  1.47034020
399.5  1.45001248
400.0  1.43588829
400.5  1.43247702
401.0  1.43907238
401.5  1.45053390
402.0  1.46176688
402.5  1.46878443
403.0  1.46820328
403.5  1.45922092
404.0  1.44334818
404.5  1.42701224
405.0  1.41783620
405.5  1.42097399
406.0  1.43931163
406.5  1.47110798
407.0  1.50997346
407.5  1.54732700
408.0  1.57677300
408.5  1.59390492
409.0  1.59897821
409.5  1.59621825
410.0  1.59092696
410.5  1.58546701
411.0  1.58386730
411.5  1.58646139
412.0  1.59158390
412.5  1.59391911
413.0  1.59101622
413.5  1.58110845
414.0  1.56320206
414.5  1.53931858
415.0  1.51593332
415.5  1.49965773
416.0  1.49361343
416.5  1.49829698
417.0  1.51301174
417.5  1.53364034
418.0  1.55232880
418.5  1.56219697
419.0  1.56119884
419.5  1.55176202
420.0  1.53920488
420.5  1.52764222
421.0  1.52187804
421.5  1.52437240
422.0  1.53485376
422.5  1.54943432
423.0  1.56346333
423.5  1.57176763
424.0  1.57132310
424.5  1.56239773
425.0  1.54789150
425.5  1.52968794
426.0  1.51432620
426.5  1.50631710
427.0  1.50692507
427.5  1.51382112
428.0  1.52118603
428.5  1.52384391
429.0  1.51625507
429.5  1.49842431
430.0  1.47412274
430.5  1.44733811
431.0  1.42563694
431.5  1.41642232
432.0  1.41925260
432.5  1.43333534
433.0  1.45306244
433.5  1.47299784
434.0  1.48994335
434.5  1.49821141
435.0  1.49787240
435.5  1.49499590
436.0  1.49622027
436.5  1.50452701
437.0  1.52486374
437.5  1.55665059
438.0  1.59855031
438.5  1.64228225
439.0  1.67966094
439.5  1.70504444
440.0  1.71649532
440.5  1.71575204
441.0  1.70736682
441.5  1.69551213
442.0  1.68666803
442.5  1.68225306
443.0  1.67833858
443.5  1.67127315
444.0  1.65828523
444.5  1.63626639
445.0  1.60223238
445.5  1.55979069
446.0  1.51635541
446.5  1.47824538
447.0  1.45093970
447.5  1.44160815
448.0  1.44986120
448.5  1.47011079
449.0  1.49620101
449.5  1.52218331
450.0  1.54177585
450.5  1.55178523
451.0  1.55604524
451.5  1.55822590
452.0  1.55855625
452.5  1.56213731
453.0  1.57096512
453.5  1.58146637
454.0  1.58992576
454.5  1.59333404
455.0  1.58960465
455.5  1.57546114
456.0  1.55179919
456.5  1.52348028
457.0  1.49471435
457.5  1.46948462
458.0  1.45496823
458.5  1.44951137
459.0  1.45061854
459.5  1.45332698
460.0  1.45229442
460.5  1.44442505
461.0  1.42955386
461.5  1.41396644
462.0  1.40547531
462.5  1.40607217
463.0  1.41983436
463.5  1.44820671
464.0  1.48798470
464.5  1.53306097
465.0  1.57736823
465.5  1.61735589
466.0  1.64807319
466.5  1.66892732
467.0  1.68247337
467.5  1.69566946
468.0  1.71120301
468.5  1.73265453
469.0  1.75864515
469.5  1.78422193
470.0  1.80403388
470.5  1.81089877
471.0  1.80217652
471.5  1.77734752
472.0  1.74238476
472.5  1.70353877
473.0  1.66725173
473.5  1.63628973
474.0  1.61510473
474.5  1.60034236
475.0  1.58994821
475.5  1.57602823
476.0  1.55526783
476.5  1.52525610
477.0  1.48845161
477.5  1.44719803
478.0  1.40816699
478.5  1.37916020
479.0  1.36564582
479.5  1.36785078
480.0  1.38450847
480.5  1.41297730
481.0  1.44468626
481.5  1.47727221
482.0  1.50853368
482.5  1.53715161
483.0  1.56455829
483.5  1.59101970
484.0  1.61881051
484.5  1.64719041
485.0  1.67441280
485.5  1.69665670
486.0  1.70830231
486.5  1.70780849
487.0  1.69212594
487.5  1.66436450
488.0  1.63010063
488.5  1.59518861
489.0  1.56723495
489.5  1.55035164
490.0  1.54728091
490.5  1.56023969
491.0  1.58125115
491.5  1.60739815
492.0  1.63759089
492.5  1.66810936
493.0  1.69655451
493.5  1.72419106
494.0  1.75393174
494.5  1.78027690
495.0  1.80281503
495.5  1.82119160
496.0  1.83293494
496.5  1.83505897
497.0  1.82597309
497.5  1.80559700
498.0  1.77774615
498.5  1.74702940
499.0  1.71633864
499.5  1.69260962
500.0  1.67691163
500.5  1.66732274
501.0  1.65980504
501.5  1.65214895
502.0  1.64153032
502.5  1.62331706
503.0  1.61535920
503.5  1.58891588
504.0  1.58914211
504.5  1.56604826
505.0  1.58200786
505.5  1.56399262
506.0  1.58620412
506.5  1.57904309
507.0  1.59266911
507.5  1.59262354
508.0  1.58635892
508.5  1.59647112
509.0  1.58519924
509.5  1.61410667
510.0  1.61559311
510.5  1.66504394
511.0  1.68501284
511.5  1.73475102
512.0  1.75737057
512.5  1.78565644
513.0  1.79303578
513.5  1.79023405
514.0  1.77799520
514.5  1.75732939
515.0  1.73362886
515.5  1.71399375
516.0  1.68548257
516.5  1.67667060
517.0  1.64166507
517.5  1.63970254
518.0  1.59640072
518.5  1.59585480
519.0  1.54999228
519.5  1.55343113
520.0  1.52937286
520.5  1.55152203
521.0  1.56601473
521.5  1.60125988
522.0  1.64481779
522.5  1.68050721
523.0  1.72846631
523.5  1.74723332
524.0  1.78328554
524.5  1.79007337
525.0  1.80943734
525.5  1.81384224
526.0  1.82558440
526.5  1.83189786
527.0  1.83502746
527.5  1.83355885
528.0  1.82336003
528.5  1.79841296
529.0  1.77075080
529.5  1.71022427
530.0  1.67319428
530.5  1.60591989
531.0  1.57894219
531.5  1.52700626
532.0  1.51502827
532.5  1.48830107
533.0  1.48570427
533.5  1.47874054
534.0  1.46712421
534.5  1.47486905
535.0  1.46612978
535.5  1.49627236
536.0  1.50288932
536.5  1.55136857
537.0  1.58111254
537.5  1.64111232
538.0  1.68244639
538.5  1.73302855
539.0  1.76808883
539.5  1.79211781
540.0  1.80492570
540.5  1.81279913
541.0  1.81486260
541.5  1.81730563
542.0  1.81516170
542.5  1.82811206
543.0  1.81429329
543.5  1.81939072
544.0  1.78585289
544.5  1.77115980
545.0  1.71760171
545.5  1.69016830
546.0  1.64131968
546.5  1.61107877
547.0  1.58367146
547.5  1.56503989
548.0  1.56658126
548.5  1.55633984
549.0  1.57357659
549.5  1.56746550
550.0  1.57831746
550.5  1.56991812
551.0  1.58030952
551.5  1.58317385
552.0  1.60008828
552.5  1.62340717
553.0  1.65564121
553.5  1.69072481
554.0  1.72607242
554.5  1.74737977
555.0  1.77122169
555.5  1.77081357
556.0  1.78065053
556.5  1.76233870
557.0  1.76147442
557.5  1.74144439
558.0  1.73170600
558.5  1.71897471
559.0  1.70209687
559.5  1.69061688
560.0  1.65834363
560.5  1.63500473
561.0  1.58828718
561.5  1.56145655
562.0  1.51931249
562.5  1.49995377
563.0  1.48142946
563.5  1.48574199
564.0  1.49668681
564.5  1.51808834
565.0  1.54549587
565.5  1.57436789
566.0  1.60322569
566.5  1.63290293
567.0  1.65873926
567.5  1.69307091
568.0  1.72098635
568.5  1.76181094
569.0  1.78843447
569.5  1.82649154
570.0  1.84481757
570.5  1.85863212
571.0  1.84845179
571.5  1.82793916
572.0  1.79786275
572.5  1.75619167
573.0  1.72131084
573.5  1.67869491
574.0  1.65913553
574.5  1.63448118
575.0  1.62959660
575.5  1.61975005
576.0  1.62036276
576.5  1.61478147
577.0  1.61089363
577.5  1.60505173
578.0  1.60134941
578.5  1.60177020
579.0  1.61250556
579.5  1.62449438
580.0  1.64938212
580.5  1.66440744
581.0  1.68533332
581.5  1.69009344
582.0  1.69484780
582.5  1.68748299
583.0  1.67825662
583.5  1.66786948
584.0  1.65750395
584.5  1.65547047
585.0  1.65170318
585.5  1.65547937
586.0  1.65487970
586.5  1.65722311
587.0  1.65182254
587.5  1.64435566
588.0  1.63588212
588.5  1.62756288
589.0  1.61895219
589.5  1.61505536
590.0  1.61722665
590.5  1.62109782
591.0  1.62266478
591.5  1.62299955
592.0  1.61768801
592.5  1.60916668
593.0  1.59709485
593.5  1.58999024
594.0  1.58857748
594.5  1.59703000
595.0  1.61277401
595.5  1.63727196
596.0  1.66473707
596.5  1.69035851
597.0  1.71190946
597.5  1.72924303
598.0  1.74185912
598.5  1.74994452
599.0  1.75168171
599.5  1.75773339
600.0  1.76004460
600.5  1.76570884
601.0  1.76532727
601.5  1.76418674
602.0  1.75452234
602.5  1.73109489
603.0  1.70423918
603.5  1.66886394
604.0  1.64007751
604.5  1.61097934
605.0  1.59814663
605.5  1.59106975
606.0  1.59218491
606.5  1.59882653
607.0  1.60719916
607.5  1.61404082
608.0  1.61936120
608.5  1.62137390
609.0  1.62834467
609.5  1.63034277
610.0  1.64522543
610.5  1.65493438
611.0  1.68004161
611.5  1.69442561
612.0  1.71324041
612.5  1.71437698
613.0  1.70905225
613.5  1.69350555
614.0  1.66876171
614.5  1.64942237
615.0  1.61730157
615.5  1.60805004
616.0  1.60005881
616.5  1.60852783
617.0  1.60969809
617.5  1.62184299
618.0  1.62664499
618.5  1.62932850
619.0  1.62661852
619.5  1.62303986
620.0  1.62171706
620.5  1.62562336
621.0  1.63476808
621.5  1.65693180
622.0  1.67560933
622.5  1.70415489
623.0  1.71243109
623.5  1.72860806
624.0  1.71930328
624.5  1.72050219
625.0  1.70753834
625.5  1.70576561
626.0  1.70269852
626.5  1.70813151
627.0  1.72419699
627.5  1.73165541
628.0  1.75094487
628.5  1.74856783
629.0  1.75553849
629.5  1.73496702
630.0  1.72431585
630.5  1.69872902
631.0  1.68044541
631.5  1.66261932
632.0  1.65231277
632.5  1.64524741
633.0  1.64167121
633.5  1.63364723
634.0  1.62273794
634.5  1.59896860
635.0  1.58501828
635.5  1.55805662
636.0  1.55487202
636.5  1.54442886
637.0  1.55800009
637.5  1.56900411
638.0  1.58814310
638.5  1.61229759
639.0  1.62533919
639.5  1.65092302
640.0  1.65171428
640.5  1.67867114
641.0  1.68005468
641.5  1.71148371
642.0  1.74339862
642.5  1.77664172
643.0  1.80394712
643.5  1.82361373
644.0  1.83024936
644.5  1.82177749
645.0  1.80087854
645.5  1.77076291
646.0  1.73758474
646.5  1.70880309
647.0  1.68697842
647.5  1.67257448
648.0  1.66505657
648.5  1.66447245
649.0  1.66397223
649.5  1.65965442
650.0  1.65528943
650.5  1.65410081
651.0  1.65324409
651.5  1.65617044
652.0  1.66838777
652.5  1.69188365
653.0  1.71841964
653.5  1.74718846
654.0  1.77456834
654.5  1.79671476
655.0  1.80789459
655.5  1.81089792
656.0  1.81008191
656.5  1.80768030
657.0  1.80727548
657.5  1.81029988
658.0  1.81690597
658.5  1.82080386
659.0  1.82133346
659.5  1.81220855
660.0  1.79152569
660.5  1.75959866
661.0  1.72008131
661.5  1.67613192
662.0  1.63435231
662.5  1.60111822
663.0  1.58246366
663.5  1.57704580
664.0  1.58212024
664.5  1.59428708
665.0  1.60571858
665.5  1.61506082
666.0  1.62201433
666.5  1.62589003
667.0  1.63036506
667.5  1.63895468
668.0  1.65504212
668.5  1.67668329
669.0  1.70448325
669.5  1.73541048
670.0  1.76554514
670.5  1.79490346
671.0  1.82123001
671.5  1.84437652
672.0  1.86519642
672.5  1.88625476
673.0  1.91212225
673.5  1.94187565
674.0  1.97408745
674.5  2.00613193
675.0  2.03000183
675.5  2.03891977
676.0  2.02969545
676.5  2.00359903
677.0  1.96219794
677.5  1.90962220
678.0  1.85397809
678.5  1.79762305
679.0  1.74470960
679.5  1.69706019
680.0  1.65542339
680.5  1.62222037
681.0  1.59683191
681.5  1.58026000
682.0  1.57264760
682.5  1.57538653
683.0  1.58806399
683.5  1.60927167
684.0  1.63867659
684.5  1.67609937
685.0  1.71174554
685.5  1.74100551
686.0  1.75776559
686.5  1.76242662
687.0  1.75521820
687.5  1.74288681
688.0  1.72827653
688.5  1.71790448
689.0  1.72059161
689.5  1.73244196
690.0  1.75102488
690.5  1.77443517
691.0  1.79766991
691.5  1.81697800
692.0  1.82959404
692.5  1.83413439
693.0  1.83161996
693.5  1.82387314
694.0  1.81434553
694.5  1.80599334
695.0  1.80038308
695.5  1.79732674
696.0  1.79406866
696.5  1.78685100
697.0  1.77572244
697.5  1.76324952
698.0  1.75326925
698.5  1.74994057
699.0  1.75405291
699.5  1.76673277
700.0  1.78620830
700.5  1.81140775
701.0  1.83744499
701.5  1.86116039
702.0  1.88269727
702.5  1.89654350
703.0  1.89724685
703.5  1.88539457
704.0  1.86528165
704.5  1.84201364
705.0  1.81638669
705.5  1.79514906
706.0  1.77950048
706.5  1.76411133
707.0  1.74801637
707.5  1.73135263
708.0  1.71529957
708.5  1.69907293
709.0  1.68556800
709.5  1.67590105
710.0  1.67036357
710.5  1.66642000
711.0  1.66269858
711.5  1.66326716
712.0  1.66681374
712.5  1.67611355
713.0  1.68998641
713.5  1.70678573
714.0  1.72602012
714.5  1.74885399
715.0  1.77293070
715.5  1.80081797
716.0  1.83228259
716.5  1.86359312
717.0  1.88792417
717.5  1.90206635
718.0  1.90573359
718.5  1.89390502
719.0  1.87437803
719.5  1.85235356
720.0  1.82385688
720.5  1.79351138
721.0  1.76285547
721.5  1.73143714
722.0  1.70216332
722.5  1.67844949
723.0  1.66199770
723.5  1.65319472
724.0  1.64970300
724.5  1.65070138
725.0  1.65652419
725.5  1.66755703
726.0  1.68543876
726.5  1.71198494
727.0  1.74155051
727.5  1.76950359
728.0  1.79177592
728.5  1.80606018
729.0  1.81037109
729.5  1.80549108
730.0  1.79795752
730.5  1.78685391
731.0  1.77564152
731.5  1.76277273
732.0  1.74836783
732.5  1.73348747
733.0  1.72129897
733.5  1.70958165
734.0  1.69660399
734.5  1.67998784
735.0  1.65949115
735.5  1.63656939
736.0  1.61313153
736.5  1.59432429
737.0  1.58491644
737.5  1.58396713
738.0  1.58974200
738.5  1.60121138
739.0  1.61818389
739.5  1.63680780
740.0  1.66003799
740.5  1.68635610
741.0  1.71522965
741.5  1.74565136
742.0  1.77404919
742.5  1.79788086
743.0  1.81799178
743.5  1.83330875
744.0  1.84763615
744.5  1.85563505
745.0  1.85558961
745.5  1.84707416
746.0  1.82853471
746.5  1.80376951
747.0  1.77976825
747.5  1.75567184
748.0  1.73143447
748.5  1.71006155
749.0  1.68916739
749.5  1.66686114
750.0  1.64478112
750.5  1.62285487
751.0  1.60371097
751.5  1.58496245
752.0  1.56584449
752.5  1.54871637
753.0  1.53442351
753.5  1.52301414
754.0  1.52254982
754.5  1.53743564
755.0  1.56151254
755.5  1.59197158
756.0  1.62440917
756.5  1.65997515
757.0  1.69558278
757.5  1.73004342
758.0  1.76302596
758.5  1.79305083
759.0  1.81584810
759.5  1.82871295
760.0  1.83185996
760.5  1.82429740
761.0  1.80920926
761.5  1.78877836
762.0  1.76081794
762.5  1.72402103
763.0  1.68489149
763.5  1.64362106
764.0  1.60577507
764.5  1.57181308
765.0  1.54240836
765.5  1.52974822
766.0  1.51668846
766.5  1.51482901
767.0  1.51893510
767.5  1.52927371
768.0  1.55060925
768.5  1.57509985
769.0  1.61223510
769.5  1.64646290
770.0  1.68432586
770.5  1.71060503
771.0  1.73705934
771.5  1.75553956
772.0  1.76834584
772.5  1.77434623
773.0  1.77274200
773.5  1.76570014
774.0  1.75285799
774.5  1.73911410
775.0  1.72740104
775.5  1.71650696
776.0  1.71258155
776.5  1.70121749
777.0  1.68700883
777.5  1.66293147
778.0  1.64210827
778.5  1.62037633
779.0  1.60752564
779.5  1.59849709
780.0  1.59647498
780.5  1.59638699
781.0  1.59549911
781.5  1.59318365
782.0  1.59503491
782.5  1.58945592
783.0  1.59116492
783.5  1.58451681
784.0  1.58843455
784.5  1.58330532
785.0  1.59062432
785.5  1.60206317
786.0  1.62669235
786.5  1.65736327
787.0  1.68807411
787.5  1.71705878
788.0  1.73551640
788.5  1.75606911
789.0  1.75857399
789.5  1.76938567
790.0  1.77228465
790.5  1.77853280
791.0  1.77664317
791.5  1.77368640
792.0  1.76826477
792.5  1.75878956
793.0  1.74412770
793.5  1.72906167
794.0  1.70475816
794.5  1.68298750
795.0  1.64831281
795.5  1.62637229
796.0  1.59751548
796.5  1.59157057
797.0  1.58482914
797.5  1.58934977
798.0  1.60045635
798.5  1.60441118
799.0  1.62110315
799.5  1.62210723
800.0  1.64594224
800.5  1.64882295
801.0  1.67327605
801.5  1.67500062
802.0  1.69300198
802.5  1.69525900
803.0  1.70530217
803.5  1.70924361
804.0  1.71345122
804.5  1.71208392
805.0  1.70703752
805.5  1.69743580
806.0  1.68776187
806.5  1.67132914
807.0  1.67296759
807.5  1.66081128
808.0  1.64603152
808.5  1.62751373
809.0  1.60811124
809.5  1.59123209
810.0  1.57841118
810.5  1.57424359
811.0  1.57966822
811.5  1.59348162
812.0  1.61034165
812.5  1.62873818
813.0  1.64725021
813.5  1.66440963
814.0  1.67987790
814.5  1.69154264
815.0  1.69646183
815.5  1.69568843
816.0  1.69359531
816.5  1.69210671
817.0  1.69450814
817.5  1.70073813
818.0  1.71246827
818.5  1.72518235
819.0  1.72997178
819.5  1.72807751
820.0  1.72557399
820.5  1.72621348
821.0  1.72891019
821.5  1.73510488
822.0  1.74656598
822.5  1.76028921
823.0  1.76667549
823.5  1.76874438
824.0  1.76546756
824.5  1.75621246
825.0  1.74147823
825.5  1.72139130
826.0  1.69798603
826.5  1.67591150
827.0  1.65754332
827.5  1.64716386
828.0  1.64728522
828.5  1.65138958
829.0  1.65587969
829.5  1.65641292
830.0  1.64898847
830.5  1.63566987
831.0  1.62029714
831.5  1.60741343
832.0  1.59722486
832.5  1.58972137
833.0  1.58600354
833.5  1.58242493
834.0  1.57656700
834.5  1.56442626
835.0  1.55702593
835.5  1.54605099
836.0  1.53353360
836.5  1.52148247
837.0  1.51289105
837.5  1.50991212
838.0  1.51801735
838.5  1.53687031
839.0  1.56454303
839.5  1.59386108
840.0  1.61865088
840.5  1.63768329
841.0  1.65441066
841.5  1.66942475
842.0  1.68400960
842.5  1.70267908
843.0  1.72689927
843.5  1.75386272
844.0  1.78144735
844.5  1.81049066
845.0  1.83832702
845.5  1.86159297
846.0  1.87763020
846.5  1.88249620
847.0  1.87447833
847.5  1.85597819
848.0  1.83036314
848.5  1.80168381
849.0  1.77160289
849.5  1.74041966
850.0  1.70680392
850.5  1.66862743
851.0  1.62754822
851.5  1.58963873
852.0  1.55943381
852.5  1.53952981
853.0  1.53164337
853.5  1.53339157
854.0  1.54152751
854.5  1.55172166
855.0  1.56297753
855.5  1.57082351
856.0  1.57474177
856.5  1.56990647
857.0  1.55779078
857.5  1.54066477
858.0  1.52039303
858.5  1.50349741
859.0  1.49819513
859.5  1.50826439
860.0  1.52517336
860.5  1.54352013
861.0  1.55525680
861.5  1.56317257
862.0  1.56599815
862.5  1.57095078
863.0  1.58050571
863.5  1.59519492
864.0  1.61686152
864.5  1.64056288
865.0  1.66181103
865.5  1.68041975
866.0  1.69077710
866.5  1.69049246
867.0  1.67901400
867.5  1.65680904
868.0  1.62445194
868.5  1.58517444
869.0  1.55218489
869.5  1.53348303
870.0  1.52984783
870.5  1.54149833
871.0  1.55222536
871.5  1.57101945
872.0  1.57976019
872.5  1.59132820
873.0  1.59960307
873.5  1.60347301
874.0  1.62719242
874.5  1.63002234
875.0  1.66511945
875.5  1.66693824
876.0  1.70845787
876.5  1.71038619
877.0  1.74736106
877.5  1.74940104
878.0  1.76856581
878.5  1.76153564
879.0  1.75257023
879.5  1.73602264
880.0  1.71234759
880.5  1.70591518
881.0  1.68927773
881.5  1.68692797
882.0  1.67192984
882.5  1.65579805
883.0  1.63466932
883.5  1.60702704
884.0  1.59361220
884.5  1.56821239
885.0  1.55781520
885.5  1.53955520
886.0  1.52838013
886.5  1.51909352
887.0  1.50716476
887.5  1.51608582
888.0  1.50565360
888.5  1.53171298
889.0  1.52213081
889.5  1.55169151
890.0  1.54547463
890.5  1.57894364
891.0  1.58727346
891.5  1.61664860
892.0  1.63847356
892.5  1.65584512
893.0  1.67366462
893.5  1.67666967
894.0  1.68879396
894.5  1.68811510
895.0  1.69687324
895.5  1.69877734
896.0  1.69542805
896.5  1.69092255
897.0  1.67602680
897.5  1.66233413
898.0  1.64195544
898.5  1.62410009
899.0  1.61260914
899.5  1.58678022
900.0  1.58823300
900.5  1.56455905
901.0  1.58337367
901.5  1.56909791
902.0  1.60266296
902.5  1.59919994
903.0  1.62333983
903.5  1.62179491
904.0  1.63435663
904.5  1.64436749
905.0  1.65242182
905.5  1.67524361
906.0  1.68812739
906.5  1.71011676
907.0  1.71715612
907.5  1.72604901
908.0  1.72542103
908.5  1.71522153
909.0  1.70710201
909.5  1.68445540
910.0  1.66585333
910.5  1.63313200
911.0  1.61157527
911.5  1.58828345
912.0  1.57205890
912.5  1.56851573
913.0  1.55057298
913.5  1.54764533
914.0  1.51957098
914.5  1.51748574
915.0  1.49107591
915.5  1.49626849
916.0  1.49034305
916.5  1.50841511
917.0  1.52077813
917.5  1.54240225
918.0  1.56987078
918.5  1.59322221
919.0  1.62425291
919.5  1.64887700
920.0  1.67714361
920.5  1.69563776
921.0  1.70578608
921.5  1.71032344
922.0  1.71170203
922.5  1.71155289
923.0  1.70885403
923.5  1.70260426
924.0  1.68984254
924.5  1.67304024
925.0  1.65367825
925.5  1.63962417
926.0  1.63210713
926.5  1.62903053
927.0  1.63025827
927.5  1.63245194
928.0  1.63273997
928.5  1.63371118
929.0  1.63644731
929.5  1.64152424
930.0  1.64906660
930.5  1.66065838
931.0  1.67519130
931.5  1.68955434
932.0  1.70757448
932.5  1.72442076
933.0  1.74272638
933.5  1.75789525
934.0  1.76535493
934.5  1.76291263
935.0  1.75301808
935.5  1.73919402
936.0  1.72208571
936.5  1.70881603
937.0  1.69639010
937.5  1.68493872
938.0  1.67030170
938.5  1.64943066
939.0  1.62468105
939.5  1.59941421
940.0  1.57286035
940.5  1.54514034
941.0  1.52030861
941.5  1.49857193
942.0  1.48366867
942.5  1.47529807
943.0  1.47808315
943.5  1.48810906
944.0  1.50199656
944.5  1.51802026
945.0  1.53033218
945.5  1.53895698
946.0  1.54976813
946.5  1.56031208
947.0  1.57852220
947.5  1.60315290
948.0  1.63062080
948.5  1.66033245
949.0  1.68720146
949.5  1.70965292
950.0  1.73085151
950.5  1.74672799
951.0  1.75577541
951.5  1.75495416
952.0  1.74829199
952.5  1.73236362
953.0  1.71092300
953.5  1.69029495
954.0  1.67169808
954.5  1.65426357
955.0  1.63538892
955.5  1.61745511
956.0  1.59886589
956.5  1.58322829
957.0  1.57245075
957.5  1.57221220
958.0  1.57836988
958.5  1.59110888
959.0  1.60485525
959.5  1.62083707
960.0  1.63818452
960.5  1.65742691
961.0  1.68096684
961.5  1.70426054
962.0  1.72578694
962.5  1.74380816
963.0  1.75629024
963.5  1.76066935
964.0  1.76200248
964.5  1.76158370
965.0  1.75476200
965.5  1.74291106
966.0  1.72347537
966.5  1.69723267
967.0  1.66691700
967.5  1.63774033
968.0  1.61267655
968.5  1.58968815
969.0  1.56511575
969.5  1.53668464
970.0  1.51013012
970.5  1.48351754
971.0  1.46178873
971.5  1.44717732
972.0  1.44426967
972.5  1.44973174
973.0  1.46658824
973.5  1.49113602
974.0  1.52139576
974.5  1.55532414
975.0  1.59320300
975.5  1.62870549
976.0  1.65709723
976.5  1.67928567
977.0  1.69724202
977.5  1.71362183
978.0  1.73328244
978.5  1.75878897
979.0  1.78669536
979.5  1.81319115
980.0  1.83529983
980.5  1.84868648
981.0  1.84973482
981.5  1.84108348
982.0  1.82440187
982.5  1.80054239
983.0  1.77076319
983.5  1.73864572
984.0  1.71023843
984.5  1.68246649
985.0  1.65817225
985.5  1.63953056
986.0  1.62378592
986.5  1.60223609
987.0  1.57741475
987.5  1.55527673
988.0  1.54030337
988.5  1.53452830
989.0  1.53842216
989.5  1.55501146
990.0  1.57932382
990.5  1.60563788
991.0  1.62922723
991.5  1.64929567
992.0  1.66686795
992.5  1.67728618
993.0  1.68164302
993.5  1.67997418
994.0  1.67628615
994.5  1.66938416
995.0  1.66303048
995.5  1.66233420
996.0  1.66392432
996.5  1.66270482
997.0  1.65432880
997.5  1.63713302
998.0  1.61415334
998.5  1.58760357
999.0  1.56219819
999.5  1.53987312
1000.0  1.52119990
