0.0  212.3566
0.5  212.1123
1.0  208.5847
1.5  201.7559
2.0  193.2803
2.5  186.2552
3.0  184.3172
3.5  190.2099
4.0  204.3814
4.5  224.3786
5.0  245.4996
5.5  262.4528
6.0  271.2038
6.5  270.1911
7.0  260.5430
7.5  245.4185
8.0  228.8480
8.5  214.4890
9.0  204.6419
9.5  199.7637
10.0  198.5554
10.5  198.5364
11.0  196.9185
11.5  191.5796
12.0  181.9592
12.5  169.6443
13.0  158.3050
13.5  152.6680
14.0  156.6067
14.5  171.1130
15.0  193.3292
15.5  217.3881
16.0  236.7014
16.5  246.4606
17.0  245.1553
17.5  234.6649
18.0  219.2179
18.5  203.8370
19.0  192.8371
19.5  188.7596
20.0  191.9149
20.5  200.5202
21.0  211.2889
21.5  220.2992
22.0  224.0320
22.5  220.4955
23.0  210.2368
23.5  196.7768
24.0  185.8660
24.5  183.3415
25.0  192.3237
25.5  211.3274
26.0  234.6146
26.5  254.6957
27.0  265.4958
27.5  264.5175
28.0  253.2418
28.5  236.0623
29.0  218.5306
29.5  205.6417
30.0  200.6098
30.5  204.3063
31.0  215.3047
31.5  230.3588
32.0  245.1471
32.5  255.2132
33.0  257.0993
33.5  249.5595
34.0  234.4323
34.5  216.4965
35.0  201.8436
35.5  195.1809
36.0  197.4874
36.5  205.5491
37.0  213.7191
37.5  216.7484
38.0  212.0270
38.5  200.2808
39.0  184.8271
39.5  170.0881
40.0  160.0881
40.5  157.3896
41.0  162.6208
41.5  174.5177
42.0  190.3096
42.5  206.3093
43.0  218.6852
43.5  224.4437
44.0  222.5234
44.5  214.5924
45.0  204.8982
45.5  198.7399
46.0  199.9772
46.5  208.9363
47.0  222.1304
47.5  234.0614
48.0  239.9399
48.5  237.7215
49.0  228.5823
49.5  216.0079
50.0  204.2473
50.5  196.8711
51.0  195.8593
51.5  201.3064
52.0  211.6007
52.5  223.8674
53.0  234.5398
53.5  240.0640
54.0  237.8076
54.5  227.1156
55.0  210.1334
55.5  191.7328
56.0  178.0356
56.5  173.8453
57.0  180.3078
57.5  194.3257
58.0  210.1801
58.5  222.3067
59.0  227.5670
59.5  225.9933
60.0  220.0774
60.5  213.3382
61.0  208.9385
61.5  208.7987
62.0  213.2890
62.5  221.3464
63.0  230.8087
63.5  238.8443
64.0  242.5037
64.5  239.4805
65.0  229.0526
65.5  212.8816
66.0  195.0800
66.5  181.0572
67.0  175.3401
67.5  179.4531
68.0  191.2091
68.5  205.9212
69.0  218.7372
69.5  226.6658
70.0  229.3228
70.5  228.3692
71.0  226.2705
71.5  225.0996
72.0  225.8275
72.5  228.1877
73.0  230.9448
73.5  232.3242
74.0  230.4460
74.5  223.7557
75.0  211.5290
75.5  194.4508
76.0  175.0319
76.5  157.4257
77.0  146.3183
77.5  145.1309
78.0  154.4482
78.5  171.7017
79.0  192.3949
79.5  212.1286
80.0  228.2424
80.5  240.3168
81.0  249.5668
81.5  257.6966
82.0  265.8617
82.5  274.1351
83.0  281.5397
83.5  286.4573
84.0  287.1531
84.5  282.2301
85.0  270.9818
85.5  253.6973
86.0  231.9301
86.5  208.5681
87.0  187.4105
87.5  172.0981
88.0  164.7042
88.5  164.7564
89.0  169.4075
89.5  174.7891
90.0  177.7917
90.5  177.2893
91.0  174.2665
91.5  170.9835
92.0  169.7469
92.5  171.8938
93.0  177.3496
93.5  184.7963
94.0  192.2347
94.5  197.6523
95.0  199.5858
95.5  197.5175
96.0  192.1347
96.5  185.4368
97.0  180.5343
97.5  180.9093
98.0  189.1191
98.5  205.4083
99.0  227.0598
99.5  249.0939
100.0  266.1221
100.5  274.4052
101.0  273.0737
101.5  264.0407
102.0  250.8609
102.5  237.2134
103.0  225.6836
103.5  217.2313
104.0  211.3554
104.5  206.6923
105.0  201.7080
105.5  195.2510
106.0  186.9229
106.5  177.3361
107.0  168.2833
107.5  162.6527
108.0  163.8027
108.5  174.2939
109.0  194.4053
109.5  221.3158
110.0  249.6746
110.5  273.4566
111.0  288.1518
111.5  292.1668
112.0  286.8803
112.5  275.5678
113.0  261.8841
113.5  248.6073
114.0  237.0517
114.5  227.1630
115.0  218.0321
115.5  208.4920
116.0  197.5878
116.5  184.8958
117.0  170.7863
117.5  156.6586
118.0  144.9782
118.5  138.8129
119.0  140.7386
119.5  151.4867
120.0  169.1481
120.5  189.6134
121.0  208.1713
121.5  221.4064
122.0  228.3727
122.5  230.5420
123.0  230.7414
123.5  231.7385
124.0  235.1426
124.5  240.9897
125.0  247.9973
125.5  254.1964
126.0  257.5947
126.5  256.6552
127.0  250.5808
127.5  239.5162
128.0  224.7243
128.5  208.5917
129.0  194.1886
129.5  184.2633
130.0  180.0197
130.5  180.4173
131.0  182.5951
131.5  183.3168
132.0  180.6339
132.5  174.8344
133.0  168.2385
133.5  164.0697
134.0  165.0483
134.5  172.3603
135.0  185.3566
135.5  201.9479
136.0  219.3763
136.5  234.9874
137.0  246.7646
137.5  253.6037
138.0  255.4352
138.5  253.2572
139.0  248.9776
139.5  244.8743
140.0  242.6599
140.5  242.5292
141.0  242.8216
141.5  240.6946
142.0  233.5592
142.5  220.5021
143.0  202.9196
143.5  184.0785
144.0  167.8990
144.5  157.5731
145.0  154.6040
145.5  158.5613
146.0  167.4950
146.5  178.7048
147.0  189.5229
147.5  197.8906
148.0  202.6963
148.5  203.9404
149.0  202.7488
149.5  201.1344
150.0  201.3666
150.5  205.0175
151.0  212.0998
151.5  220.8692
152.0  228.5637
152.5  232.7552
153.0  232.5650
153.5  229.0792
154.0  224.7878
154.5  222.3982
155.0  223.6411
155.5  228.6047
156.0  235.8039
156.5  242.8280
157.0  247.1918
157.5  247.0378
158.0  241.5265
158.5  230.9498
159.0  216.6892
159.5  201.0642
160.0  186.9717
160.5  177.1979
161.0  173.4990
161.5  175.8674
162.0  182.5061
162.5  190.6903
163.0  198.1261
163.5  204.0601
164.0  209.5317
164.5  216.6570
165.0  227.3502
165.5  242.1435
166.0  259.6611
166.5  276.9386
167.0  290.3550
167.5  296.7122
168.0  294.0381
168.5  281.9352
169.0  261.5524
169.5  235.3592
170.0  206.8138
170.5  179.8507
171.0  158.0738
171.5  143.7600
172.0  137.1082
172.5  136.2651
173.0  138.3038
173.5  140.7328
174.0  142.7388
174.5  145.5039
175.0  151.4533
175.5  162.8567
176.0  180.5010
176.5  203.0669
177.0  227.4335
177.5  249.6652
178.0  266.1651
178.5  274.5397
179.0  273.9897
179.5  265.3144
180.0  250.7049
180.5  233.4025
181.0  217.1324
181.5  205.2226
182.0  199.5600
182.5  199.8650
183.0  203.8125
183.5  208.1228
184.0  210.1358
184.5  209.0425
185.0  206.1257
185.5  203.9196
186.0  204.7680
186.5  209.5456
187.0  217.1681
187.5  225.0489
188.0  230.1620
188.5  230.1352
189.0  223.9276
189.5  211.9790
190.0  196.0030
190.5  178.6607
191.0  163.1985
191.5  152.9370
192.0  150.4825
192.5  156.7932
193.0  170.5754
193.5  188.5342
194.0  206.5748
194.5  221.4298
195.0  231.8563
195.5  238.7745
196.0  244.3266
196.5  250.4271
197.0  257.6082
197.5  264.7280
198.0  269.5673
198.5  269.8689
199.0  264.2386
199.5  252.5521
200.0  235.8777
200.5  216.1655
201.0  195.9565
201.5  178.1511
202.0  165.6466
202.5  160.6427
203.0  163.7277
203.5  173.2768
204.0  185.7663
204.5  197.1182
205.0  204.4570
205.5  207.2873
206.0  207.4149
206.5  207.7003
207.0  210.4126
207.5  216.1184
208.0  223.6191
208.5  230.7715
209.0  235.5721
209.5  236.8948
210.0  234.6408
210.5  229.4668
211.0  222.4541
211.5  214.9836
212.0  208.7756
212.5  205.7720
213.0  207.5488
213.5  214.3635
214.0  224.4721
214.5  234.4472
215.0  240.6250
215.5  240.9287
216.0  235.9206
216.5  228.3976
217.0  221.8000
217.5  218.4420
218.0  218.5872
218.5  220.7428
219.0  222.7635
219.5  222.9818
220.0  220.7707
220.5  216.4326
221.0  210.7224
221.5  204.4493
222.0  198.4339
222.5  193.7309
223.0  191.7050
223.5  193.5531
224.0  199.3320
224.5  207.1725
225.0  213.5334
225.5  214.7193
226.0  208.8858
226.5  197.2335
227.0  183.5522
227.5  172.3584
228.0  166.7792
228.5  167.4112
229.0  172.6323
229.5  179.8898
230.0  187.0195
230.5  192.8984
231.0  197.3241
231.5  200.5110
232.0  202.7224
232.5  204.3336
233.0  206.1838
233.5  209.7058
234.0  216.3518
234.5  226.4004
235.0  237.9716
235.5  247.2624
236.0  250.2601
236.5  245.0081
237.0  232.9379
237.5  218.3366
238.0  206.2583
238.5  200.1791
239.0  200.7404
239.5  206.0853
240.0  213.2504
240.5  219.6016
241.0  223.5719
241.5  224.6035
242.0  222.6985
242.5  218.1090
243.0  211.4440
243.5  204.0215
244.0  197.9365
244.5  195.3816
245.0  197.3660
245.5  202.7013
246.0  208.2422
246.5  210.5606
247.0  208.0868
247.5  202.2766
248.0  196.9768
248.5  196.3699
249.0  202.7908
249.5  215.6870
250.0  232.1405
250.5  248.3675
251.0  261.1844
251.5  268.7380
252.0  270.4236
252.5  266.4039
253.0  257.2478
253.5  243.9693
254.0  228.3133
254.5  212.7872
255.0  199.9892
255.5  191.3610
256.0  186.2078
256.5  181.9535
257.0  175.8000
257.5  166.8156
258.0  157.0005
258.5  150.5271
259.0  151.5936
259.5  162.2396
260.0  181.3926
260.5  205.5052
261.0  230.1415
261.5  251.4897
262.0  267.1192
262.5  275.9354
263.0  277.7505
263.5  272.9791
264.0  262.7102
264.5  248.9695
265.0  234.6484
265.5  222.6741
266.0  214.6216
266.5  209.6918
267.0  205.0482
267.5  197.6239
268.0  186.3255
268.5  173.1300
269.0  162.2816
269.5  158.0911
270.0  162.7343
270.5  175.3198
271.0  192.5528
271.5  210.3168
272.0  225.1554
272.5  234.9987
273.0  239.1115
273.5  237.6785
274.0  231.5086
274.5  222.0775
275.0  211.7057
275.5  203.3668
276.0  199.7519
276.5  201.8498
277.0  207.9869
277.5  214.2790
278.0  216.5556
278.5  212.6717
279.0  203.7403
279.5  193.5065
280.0  186.3062
280.5  184.9017
281.0  189.4095
281.5  197.6941
282.0  206.6711
282.5  213.6040
283.0  216.7805
283.5  215.5282
284.0  209.9390
284.5  200.7315
285.0  189.4178
285.5  178.5235
286.0  171.3427
286.5  170.8882
287.0  178.3681
287.5  192.1833
288.0  208.3899
288.5  222.6140
289.0  232.2877
289.5  237.7586
290.0  241.6013
290.5  246.6785
291.0  254.2701
291.5  263.3815
292.0  271.4308
292.5  275.6330
293.0  274.1670
293.5  266.6037
294.0  253.6573
294.5  236.6882
295.0  217.4007
295.5  197.8905
296.0  180.7897
296.5  169.0107
297.0  164.7980
297.5  168.4428
298.0  177.6086
298.5  188.0812
299.0  195.8033
299.5  199.0169
300.0  199.1195
300.5  199.6559
301.0  204.0985
301.5  213.8205
302.0  227.4319
302.5  241.6472
303.0  252.9031
303.5  258.7037
304.0  258.1250
304.5  251.5676
305.0  240.2318
305.5  225.7841
306.0  210.3651
306.5  196.6698
307.0  187.6002
307.5  185.2271
308.0  189.4640
308.5  197.4400
309.0  204.3999
309.5  205.9585
310.0  200.4693
310.5  190.0213
311.0  179.3910
311.5  173.5645
312.0  175.3178
312.5  184.2066
313.0  197.2995
313.5  210.8980
314.0  222.1044
314.5  229.5177
315.0  233.0598
315.5  233.4201
316.0  231.6528
316.5  229.1399
317.0  227.6841
317.5  229.2370
318.0  234.9898
318.5  244.1956
319.0  253.6349
319.5  258.4667
320.0  254.3038
320.5  239.4219
321.0  215.8205
321.5  188.5205
322.0  163.5019
322.5  145.4135
323.0  136.2020
323.5  135.1500
324.0  139.9532
324.5  148.0078
325.0  157.2342
325.5  166.2877
326.0  174.4526
326.5  181.6133
327.0  188.4318
327.5  196.4564
328.0  207.7069
328.5  223.5784
329.0  243.5502
329.5  264.6251
330.0  282.1272
330.5  291.5921
331.0  290.7170
331.5  280.3075
332.0  263.7994
332.5  245.7262
333.0  229.9832
333.5  218.7035
334.0  212.1086
334.5  209.1193
335.0  208.1755
335.5  207.7921
336.0  206.7333
336.5  204.0395
337.0  199.2126
337.5  192.6030
338.0  185.6612
338.5  180.5768
339.0  179.2049
339.5  181.8464
340.0  186.8043
340.5  191.2058
341.0  192.6623
341.5  190.7217
342.0  187.2350
342.5  185.4866
343.0  188.6386
343.5  198.3309
344.0  214.0778
344.5  233.6079
345.0  253.8041
345.5  271.6887
346.0  285.0282
346.5  292.4791
347.0  293.5018
347.5  288.3334
348.0  278.0881
348.5  264.7252
349.0  250.5379
349.5  237.1775
350.0  224.7706
350.5  211.8695
351.0  196.4736
351.5  177.5686
352.0  156.2241
352.5  135.5865
353.0  119.7854
353.5  112.3583
354.0  114.9760
354.5  127.0068
355.0  145.9760
355.5  168.5474
356.0  191.4966
356.5  212.2995
357.0  229.2893
357.5  241.6042
358.0  249.1907
358.5  252.8952
359.0  254.3742
359.5  255.5004
360.0  257.3286
360.5  259.2290
361.0  258.9326
361.5  253.6939
362.0  241.9568
362.5  224.5244
363.0  204.5520
363.5  186.3988
364.0  173.9760
364.5  169.4031
365.0  172.5244
365.5  181.3323
366.0  192.9154
366.5  204.4064
367.0  213.5783
367.5  219.0459
368.0  220.2749
368.5  217.6175
369.0  212.3842
369.5  206.6973
370.0  202.8564
370.5  202.3112
371.0  204.8242
371.5  208.5000
372.0  210.8321
372.5  210.1788
373.0  206.7499
373.5  202.5209
374.0  200.1704
374.5  201.6909
375.0  207.4349
375.5  216.0341
376.0  225.0972
376.5  232.2006
377.0  235.6426
377.5  234.6904
378.0  229.4094
378.5  220.3932
379.0  208.6831
379.5  195.8939
380.0  184.2441
380.5  176.1233
381.0  173.1794
381.5  175.4358
382.0  181.1540
382.5  187.7280
383.0  193.1445
383.5  197.0962
384.0  201.0482
384.5  207.2345
385.0  217.2191
385.5  230.8802
386.0  246.3602
386.5  260.8950
387.0  271.9437
387.5  277.9784
388.0  278.6347
388.5  274.3538
389.0  265.9182
389.5  254.2408
390.0  240.4861
390.5  226.2506
391.0  213.4089
391.5  203.4838
392.0  196.8760
392.5  192.5719
393.0  188.7092
393.5  183.7675
394.0  177.6423
394.5  171.8708
395.0  168.8021
395.5  170.2005
396.0  176.1656
396.5  185.0473
397.0  194.3542
397.5  202.0136
398.0  207.2077
398.5  210.4019
399.0  212.7340
399.5  215.2589
400.0  218.5166
400.5  222.5750
401.0  227.3316
401.5  232.6928
402.0  238.4059
402.5  243.7000
403.0  247.1558
403.5  247.1262
404.0  242.5980
404.5  233.9650
405.0  223.1186
405.5  212.6397
406.0  204.4930
406.5  199.0303
407.0  194.9669
407.5  190.3423
408.0  183.8224
408.5  175.5391
409.0  167.0518
409.5  160.5888
410.0  158.0929
410.5  160.5877
411.0  168.0793
411.5  179.8346
412.0  194.6859
412.5  211.1206
413.0  227.2255
413.5  240.7820
414.0  249.7399
414.5  252.9691
415.0  250.8570
415.5  245.2720
416.0  238.7398
416.5  233.2051
417.0  229.1135
417.5  225.4154
418.0  220.4840
418.5  213.3272
419.0  204.3274
419.5  195.1232
420.0  187.8167
420.5  184.0449
421.0  184.4239
421.5  188.5579
422.0  195.4239
422.5  203.7658
423.0  212.2543
423.5  219.4705
424.0  223.9862
424.5  224.7372
425.0  221.5868
425.5  215.6877
426.0  209.2477
426.5  204.6298
427.0  203.2086
427.5  204.6827
428.0  207.3288
428.5  209.0726
429.0  208.7096
429.5  206.5437
430.0  204.1397
430.5  203.4359
431.0  205.7849
431.5  211.4258
432.0  219.5538
432.5  228.7640
433.0  237.4895
433.5  244.1940
434.0  247.3958
434.5  245.8004
435.0  238.7245
435.5  226.6777
436.0  211.6876
436.5  196.9689
437.0  185.8860
437.5  180.6628
438.0  181.5673
438.5  187.0804
439.0  194.9339
439.5  203.3504
440.0  211.7527
440.5  220.6278
441.0  230.7789
441.5  242.5038
442.0  255.1757
442.5  267.3631
443.0  277.2752
443.5  283.1807
444.0  283.6062
444.5  277.4086
445.0  263.9704
445.5  243.6381
446.0  218.2079
446.5  191.0304
447.0  166.3911
447.5  148.2309
448.0  138.7743
448.5  137.8239
449.0  143.1516
449.5  151.7473
450.0  161.1857
450.5  170.3933
451.0  179.5551
451.5  189.4187
452.0  200.5092
452.5  212.6751
453.0  225.0769
453.5  236.4295
454.0  245.2376
454.5  249.9221
455.0  248.9738
455.5  241.3323
456.0  227.0048
456.5  207.6435
457.0  186.6263
457.5  168.3317
458.0  156.7335
458.5  153.9381
459.0  159.4587
459.5  170.6488
460.0  184.0212
460.5  196.6849
461.0  207.1818
461.5  215.4767
462.0  222.3592
462.5  228.7353
463.0  235.1771
463.5  241.8034
464.0  248.3210
464.5  254.0301
465.0  257.7870
465.5  258.1136
466.0  253.6429
466.5  243.8484
467.0  229.7106
467.5  213.8524
468.0  199.8689
468.5  191.0154
469.0  188.8679
469.5  192.6918
470.0  199.8871
470.5  207.2275
471.0  212.1727
471.5  213.6015
472.0  211.7702
472.5  207.7697
473.0  202.9319
473.5  198.4921
474.0  195.5023
474.5  194.7786
475.0  196.7098
475.5  200.9912
476.0  206.5582
476.5  211.9361
477.0  215.9391
477.5  218.3388
478.0  220.0556
478.5  222.6644
479.0  227.4303
479.5  234.4300
480.0  242.3113
480.5  248.8478
481.0  251.9451
481.5  250.4983
482.0  244.6747
482.5  235.5922
483.0  224.7156
483.5  213.3647
484.0  202.5524
484.5  193.0792
485.0  185.6339
485.5  180.7151
486.0  178.4251
486.5  178.3774
487.0  179.9100
487.5  182.5394
488.0  186.3388
488.5  191.9032
489.0  199.8292
489.5  210.0079
490.0  221.2334
490.5  231.4728
491.0  238.7031
491.5  241.8319
492.0  241.1659
492.5  238.1908
493.0  234.8355
493.5  232.6532
494.0  232.3202
494.5  233.6032
495.0  235.6475
495.5  237.3069
496.0  237.3472
496.5  234.5919
497.0  228.1950
497.5  218.0966
498.0  205.4357
498.5  192.5328
499.0  182.2050
499.5  176.5996
500.0  176.1483
500.5  179.2901
501.0  183.1918
501.5  185.0847
502.0  183.4898
502.5  178.7510
503.0  172.7401
503.5  168.0228
504.0  166.9429
504.5  170.9817
505.0  180.4960
505.5  194.7111
506.0  211.8049
506.5  229.0733
507.0  243.3392
507.5  251.7312
508.0  252.6745
508.5  246.6287
509.0  236.0555
509.5  224.4399
510.0  214.7550
510.5  208.1849
511.0  203.8362
511.5  199.5720
512.0  193.4115
512.5  184.6748
513.0  174.3365
513.5  164.5913
514.0  158.0298
514.5  156.8869
515.0  162.6164
515.5  175.7338
516.0  195.6983
516.5  220.7014
517.0  247.5410
517.5  271.9665
518.0  289.7131
518.5  297.9438
519.0  296.3872
519.5  287.4592
520.0  275.1700
520.5  263.3217
521.0  253.9595
521.5  246.8910
522.0  240.4036
522.5  232.5889
523.0  222.4427
523.5  210.2327
524.0  197.1780
524.5  184.8564
525.0  174.7687
525.5  168.2251
526.0  166.3639
526.5  169.9521
527.0  178.8247
527.5  191.2906
528.0  204.1301
528.5  213.5549
529.0  216.8067
529.5  213.5061
530.0  205.9028
530.5  197.8080
531.0  192.7831
531.5  192.6058
532.0  196.8248
532.5  203.4910
533.0  210.4335
533.5  216.2526
534.0  220.5801
534.5  223.7222
535.0  226.1551
535.5  228.2963
536.0  230.6387
536.5  233.9430
537.0  239.0447
537.5  246.1389
538.0  253.9692
538.5  259.6757
539.0  259.7346
539.5  251.6266
540.0  235.2721
540.5  213.3449
541.0  190.2410
541.5  170.2722
542.0  156.0837
542.5  148.1024
543.0  145.1416
543.5  145.5877
544.0  148.3605
544.5  153.1707
545.0  160.1567
545.5  169.3659
546.0  180.5412
546.5  193.3331
547.0  207.6313
547.5  223.5332
548.0  240.7516
548.5  257.8435
549.0  272.0003
549.5  279.8504
550.0  278.9700
550.5  269.2153
551.0  253.0488
551.5  234.6282
552.0  218.1331
552.5  206.2081
553.0  199.2881
553.5  196.0214
554.0  194.3642
554.5  192.6341
555.0  190.0080
555.5  186.4334
556.0  182.2886
556.5  178.1797
557.0  174.9856
557.5  173.9119
558.0  176.1923
558.5  182.3674
559.0  191.5639
559.5  201.4279
560.0  208.9980
560.5  212.1167
561.0  210.5500
561.5  206.1537
562.0  202.0052
562.5  200.9922
563.0  204.5957
563.5  212.4384
564.0  222.7044
564.5  233.0632
565.0  241.5397
565.5  246.9446
566.0  248.8447
566.5  247.3370
567.0  242.9207
567.5  236.5366
568.0  229.5666
568.5  223.5064
569.0  219.2969
569.5  216.7086
570.0  214.3213
570.5  210.2945
571.0  203.5375
571.5  194.5663
572.0  185.5205
572.5  179.3300
573.0  178.4874
573.5  184.0569
574.0  195.3634
574.5  210.4081
575.0  226.6844
575.5  241.9415
576.0  254.5925
576.5  263.7509
577.0  269.0918
577.5  270.7529
578.0  269.3218
578.5  265.7599
579.0  261.0871
579.5  255.8729
580.0  249.8589
580.5  242.0729
581.0  231.4769
581.5  217.7836
582.0  201.9207
582.5  185.8388
583.0  171.7611
583.5  161.2865
584.0  154.8210
584.5  151.6026
585.0  150.2526
585.5  149.5156
586.0  148.8051
586.5  148.3442
587.0  148.9421
587.5  151.6235
588.0  157.3224
588.5  166.7044
589.0  180.0204
589.5  196.8851
590.0  216.0459
590.5  235.3843
591.0  252.3532
591.5  264.7701
592.0  271.5928
592.5  273.2506
593.0  271.3270
593.5  267.7425
594.0  263.8382
594.5  259.8078
595.0  254.7271
595.5  247.1197
596.0  235.7441
596.5  220.2311
597.0  201.3452
597.5  180.8539
598.0  161.1466
598.5  144.7701
599.0  133.9726
599.5  130.2701
600.0  134.0643
600.5  144.4484
601.0  159.3859
601.5  176.3189
602.0  193.0046
602.5  208.2019
603.0  221.8727
603.5  234.8055
604.0  247.8534
604.5  261.1628
605.0  273.7737
605.5  283.7824
606.0  288.9721
606.5  287.6027
607.0  279.0239
607.5  263.9220
608.0  244.2035
608.5  222.6251
609.0  202.2842
609.5  186.0281
610.0  175.8327
610.5  172.2814
611.0  174.3664
611.5  179.8024
612.0  185.8280
612.5  190.1958
613.0  191.9237
613.5  191.4830
614.0  190.3706
614.5  190.2900
615.0  192.3378
615.5  196.5651
616.0  202.0767
616.5  207.5392
617.0  211.7896
617.5  214.2497
618.0  215.0337
618.5  214.8249
619.0  214.6640
619.5  215.7306
620.0  219.0905
620.5  225.3548
621.0  234.3019
621.5  244.6670
622.0  254.3272
622.5  260.9247
623.0  262.6965
623.5  259.1162
624.0  251.0315
624.5  240.2318
625.0  228.6648
625.5  217.6934
626.0  207.7583
626.5  198.5812
627.0  189.7414
627.5  181.2615
628.0  173.8729
628.5  168.8604
629.0  167.6322
629.5  171.2755
630.0  180.2724
630.5  194.3736
631.0  212.5214
631.5  232.7884
632.0  252.4578
632.5  268.4274
633.0  277.9527
633.5  279.4810
634.0  273.1827
634.5  260.8797
635.0  245.3476
635.5  229.2748
636.0  214.3426
636.5  200.8454
637.0  187.9984
637.5  174.7304
638.0  160.5304
638.5  145.9404
639.0  132.5175
639.5  122.3700
640.0  117.5403
640.5  119.4825
641.0  128.7270
641.5  144.6881
642.0  165.5874
642.5  188.5825
643.0  210.2423
643.5  227.3681
644.0  237.9177
644.5  241.6422
645.0  240.1156
645.5  236.0892
646.0  232.4076
646.5  230.9444
647.0  232.0207
647.5  234.5409
648.0  236.7180
648.5  236.9897
649.0  234.6950
649.5  230.2734
650.0  225.0234
650.5  220.6227
651.0  218.6228
651.5  220.0125
652.0  224.8635
652.5  232.1074
653.0  239.5958
653.5  244.5916
654.0  244.6505
654.5  238.5887
655.0  227.1046
655.5  212.7262
656.0  199.0393
656.5  189.4685
657.0  186.0964
657.5  189.0115
658.0  196.4418
658.5  205.5616
659.0  213.5685
659.5  218.5689
660.0  219.9900
660.5  218.5002
661.0  215.6050
661.5  213.1082
662.0  212.5503
662.5  214.6850
663.0  219.1102
663.5  224.2470
664.0  227.8121
664.5  227.6928
665.0  222.8841
665.5  214.0519
666.0  203.4362
666.5  194.0979
667.0  188.8011
667.5  188.9944
668.0  194.3245
668.5  202.8772
669.0  211.9979
669.5  219.2903
670.0  223.3677
670.5  224.1218
671.0  222.5285
671.5  220.1793
672.0  218.7303
672.5  219.3726
673.0  222.3751
673.5  226.8156
674.0  230.7025
674.5  231.6120
675.0  227.7002
675.5  218.6617
676.0  206.1509
676.5  193.4016
677.0  184.1545
677.5  181.3175
678.0  185.9040
678.5  196.6806
679.0  210.6403
679.5  224.0599
680.0  233.6775
680.5  237.5455
681.0  235.3367
681.5  228.1584
682.0  218.0880
682.5  207.6284
683.0  199.1482
683.5  194.3052
684.0  193.5433
684.5  195.9054
685.0  199.4010
685.5  201.8901
686.0  202.1046
686.5  200.2805
687.0  198.0596
687.5  197.6953
688.0  200.9444
688.5  208.1683
689.0  218.0536
689.5  228.0537
690.0  235.3076
690.5  237.6028
691.0  233.9901
691.5  224.8947
692.0  211.8231
692.5  196.9062
693.0  182.4727
693.5  170.6912
694.0  163.2074
694.5  160.7632
695.0  162.9565
695.5  168.3788
696.0  175.2045
696.5  181.9962
697.0  188.2948
697.5  194.6545
698.0  202.1034
698.5  211.3425
699.0  222.1308
699.5  233.1839
700.0  242.6202
700.5  248.6992
701.0  250.4752
701.5  248.0810
702.0  242.5748
702.5  235.5077
703.0  228.4642
703.5  222.7589
704.0  219.3087
704.5  218.5732
705.0  220.4832
705.5  224.4137
706.0  229.3408
706.5  234.2293
707.0  238.4808
707.5  242.1453
708.0  245.7012
708.5  249.4976
709.0  253.2001
709.5  255.6154
710.0  255.0429
710.5  249.9923
711.0  239.9045
711.5  225.5295
712.0  208.8046
712.5  192.3125
713.0  178.5685
713.5  169.4195
714.0  165.7302
714.5  167.3637
715.0  173.3478
715.5  182.1292
716.0  191.9081
716.5  201.0753
717.0  208.6749
717.5  214.6728
718.0  219.7922
718.5  224.8950
719.0  230.2064
719.5  234.8561
720.0  237.0615
720.5  234.8966
721.0  227.2490
721.5  214.4852
722.0  198.5333
722.5  182.3808
723.0  169.2256
723.5  161.6151
724.0  160.8631
724.5  166.8686
725.0  178.2829
725.5  192.8782
726.0  208.0088
726.5  221.1558
727.0  230.5450
727.5  235.6935
728.0  237.5785
728.5  238.1649
729.0  239.3603
729.5  241.8912
730.0  244.7576
730.5  245.6264
731.0  241.9628
731.5  232.2910
732.0  216.9720
732.5  198.2089
733.0  179.3673
733.5  163.9510
734.0  154.6454
734.5  152.7340
735.0  157.9870
735.5  168.9120
736.0  183.1756
736.5  198.0805
737.0  211.1027
737.5  220.5018
738.0  225.8680
738.5  228.2933
739.0  229.8918
739.5  232.7219
740.0  237.6107
740.5  243.5669
741.0  248.1747
741.5  248.7720
742.0  243.7662
742.5  233.4316
743.0  219.8833
743.5  206.3329
744.0  196.0029
744.5  191.1306
745.0  192.3791
745.5  198.7555
746.0  207.9478
746.5  216.9086
747.0  222.5628
747.5  222.5829
748.0  216.1409
748.5  204.4088
749.0  190.4819
749.5  178.5199
750.0  172.2801
750.5  173.6557
751.0  181.9625
751.5  194.3650
752.0  207.2003
752.5  217.5017
753.0  224.0274
753.5  227.4540
754.0  229.8121
754.5  233.4999
755.0  240.2792
755.5  250.5664
756.0  263.1753
756.5  275.5194
757.0  284.2070
757.5  285.9318
758.0  278.5105
758.5  261.8098
759.0  238.2027
759.5  212.2174
760.0  189.2927
760.5  173.9855
761.0  168.3700
761.5  171.3970
762.0  179.5317
762.5  188.3232
763.0  194.1375
763.5  195.3398
764.0  192.6016
764.5  188.4022
765.0  186.0253
765.5  188.3936
766.0  197.0407
766.5  211.4525
767.0  228.9638
767.5  245.3222
768.0  255.8770
768.5  257.1048
769.0  247.9629
769.5  230.5102
770.0  209.4332
770.5  190.5260
771.0  178.6558
771.5  176.0532
772.0  181.6711
772.5  191.8442
773.0  201.8447
773.5  207.5900
774.0  206.8532
774.5  199.6998
775.0  188.2204
775.5  175.8021
776.0  166.1700
776.5  162.3670
777.0  165.8239
777.5  175.7655
778.0  189.2674
778.5  202.1551
779.0  210.5597
779.5  212.5358
780.0  208.9976
780.5  203.4677
781.0  200.6623
781.5  204.4978
782.0  216.4180
782.5  234.7907
783.0  255.5699
783.5  273.7920
784.0  285.1728
784.5  287.2087
785.0  279.5616
785.5  263.8443
786.0  243.0603
786.5  220.8916
787.0  200.9082
787.5  185.7293
788.0  176.3047
788.5  171.6566
789.0  169.3931
789.5  166.9455
790.0  163.0091
790.5  158.4396
791.0  156.0705
791.5  159.4588
792.0  171.1355
792.5  191.2210
793.0  217.0829
793.5  244.1520
794.0  267.4294
794.5  282.9675
795.0  288.7815
795.5  285.0373
796.0  273.6920
796.5  257.8707
797.0  241.1701
797.5  226.9156
798.0  217.3639
798.5  213.0007
799.0  212.3005
799.5  212.2837
800.0  209.8350
800.5  203.2465
801.0  193.2112
801.5  182.7059
802.0  175.7451
802.5  175.5734
803.0  183.1705
803.5  196.7804
804.0  212.6191
804.5  226.3127
805.0  234.3569
805.5  235.0459
806.0  228.7060
806.5  217.3819
807.0  204.2329
807.5  192.8105
808.0  186.2529
808.5  186.4245
809.0  193.2003
809.5  204.2877
810.0  215.9051
810.5  224.2257
811.0  226.9907
811.5  224.4990
812.0  219.4408
812.5  215.6162
813.0  216.1433
813.5  222.0235
814.0  231.7221
814.5  241.8650
815.0  248.5940
815.5  248.9067
816.0  241.4916
816.5  226.9415
817.0  207.5104
817.5  186.6387
818.0  168.3423
818.5  156.4148
819.0  153.4279
819.5  159.7716
820.0  173.2430
820.5  189.6274
821.0  204.2274
821.5  213.6935
822.0  217.2558
822.5  216.7401
823.0  215.3921
823.5  216.1530
824.0  220.2729
824.5  226.8969
825.0  233.6674
825.5  237.8617
826.0  237.4371
826.5  231.5885
827.0  220.8021
827.5  206.6320
828.0  191.4303
828.5  178.0676
829.0  169.4717
829.5  167.8297
830.0  173.6101
830.5  184.9452
831.0  197.9655
831.5  208.1991
832.0  212.4485
832.5  210.1684
833.0  203.6036
833.5  196.6318
834.0  192.9623
834.5  194.6301
835.0  201.4572
835.5  211.5380
836.0  222.2731
836.5  231.3393
837.0  237.2230
837.5  239.3187
838.0  237.8286
838.5  233.6935
839.0  228.5695
839.5  224.6287
840.0  223.9418
840.5  227.5094
841.0  234.4471
841.5  241.9750
842.0  246.4668
842.5  245.1154
843.0  237.3015
843.5  224.8892
844.0  211.3090
844.5  199.9936
845.0  193.0383
845.5  190.7144
846.0  191.8858
846.5  194.8815
847.0  198.2617
847.5  201.1596
848.0  203.2321
848.5  204.4905
849.0  205.2584
849.5  206.2812
850.0  208.7443
850.5  213.9034
851.0  222.3055
851.5  233.0219
852.0  243.5146
852.5  250.4667
853.0  251.2633
853.5  245.3077
854.0  234.3820
854.5  221.8253
855.0  211.0148
855.5  204.0167
856.0  201.0810
856.5  201.0603
857.0  202.3027
857.5  203.4282
858.0  203.6594
858.5  202.7531
859.0  200.8131
859.5  198.2297
860.0  195.7576
860.5  194.4969
861.0  195.5184
861.5  199.1580
862.0  204.3978
862.5  208.8954
863.0  209.9020
863.5  205.7093
864.0  196.8039
864.5  185.9720
865.0  177.1780
865.5  173.7974
866.0  177.1889
866.5  186.3453
867.0  198.6514
867.5  211.1487
868.0  221.5637
868.5  228.7043
869.0  232.3012
869.5  232.6628
870.0  230.4773
870.5  226.8172
871.0  223.1099
871.5  220.7812
872.0  220.5573
872.5  221.8119
873.0  222.5229
873.5  220.1310
874.0  213.0028
874.5  201.7040
875.0  189.2425
875.5  179.9631
876.0  177.5912
876.5  183.5005
877.0  196.1728
877.5  212.0541
878.0  227.1702
878.5  238.5515
879.0  244.8444
879.5  246.1014
880.0  243.1815
880.5  237.2515
881.0  229.5974
881.5  221.5927
882.0  214.5117
882.5  209.0621
883.0  204.8810
883.5  200.4619
884.0  193.8181
884.5  183.7185
885.0  170.8618
885.5  158.2233
886.0  150.1627
886.5  150.5897
887.0  161.1202
887.5  180.2550
888.0  204.0150
888.5  227.5907
889.0  247.0441
889.5  260.2643
890.0  266.9773
890.5  268.1590
891.0  265.3795
891.5  260.3939
892.0  254.9318
892.5  250.4457
893.0  247.6923
893.5  246.3260
894.0  244.8687
894.5  241.3016
895.0  234.1468
895.5  223.5244
896.0  211.5428
896.5  201.6342
897.0  197.0201
897.5  199.0719
898.0  206.5051
898.5  215.8937
899.0  223.1928
899.5  225.3922
900.0  221.4777
900.5  212.4103
901.0  200.4108
901.5  188.0891
902.0  177.8130
902.5  171.3697
903.0  169.7400
903.5  172.8595
904.0  179.4715
904.5  187.3322
905.0  193.9171
905.5  197.4626
906.0  197.8768
906.5  196.9867
907.0  197.8334
907.5  203.2149
908.0  214.1563
908.5  229.1416
909.0  244.5668
909.5  256.1681
910.0  260.6397
910.5  256.6582
911.0  244.9959
911.5  227.9489
912.0  208.5576
912.5  189.9659
913.0  174.9585
913.5  165.5261
914.0  162.4031
914.5  164.7685
915.0  170.4216
915.5  176.5775
916.0  181.0597
916.5  183.3466
917.0  184.8842
917.5  188.3688
918.0  196.2412
918.5  209.1454
919.0  225.2303
919.5  240.7357
920.0  251.5356
920.5  254.7818
921.0  249.8392
921.5  238.2268
922.0  222.8524
922.5  207.0705
923.0  193.9569
923.5  185.8529
924.0  184.0204
924.5  188.3224
925.0  197.0818
925.5  207.3996
926.0  216.0494
926.5  220.7012
927.0  220.9297
927.5  218.4441
928.0  216.3062
928.5  217.4290
929.0  223.1058
929.5  232.3688
930.0  242.5136
930.5  250.4326
931.0  253.9653
931.5  252.5887
932.0  247.2707
932.5  239.8063
933.0  232.1310
933.5  225.9056
934.0  222.3267
934.5  221.9345
935.0  224.3193
935.5  227.9213
936.0  230.2616
936.5  228.7578
937.0  221.8714
937.5  210.0085
938.0  195.6044
938.5  182.1992
939.0  172.8988
939.5  169.0307
940.0  169.7538
940.5  172.8051
941.0  175.8735
941.5  177.7695
942.0  178.8036
942.5  180.3487
943.0  184.0290
943.5  191.0631
944.0  202.0051
944.5  216.7441
945.0  234.4606
945.5  253.4409
946.0  270.9850
946.5  283.7734
947.0  288.8152
947.5  284.6561
948.0  272.2087
948.5  254.6362
949.0  236.1745
949.5  220.4008
950.0  208.8520
950.5  200.7467
951.0  193.8945
951.5  186.1644
952.0  176.6390
952.5  165.9262
953.0  155.6929
953.5  147.9026
954.0  144.2378
954.5  145.8606
955.0  153.3109
955.5  166.2759
956.0  183.2437
956.5  201.3899
957.0  217.0892
957.5  227.0872
958.0  229.8716
958.5  226.5060
959.0  220.3514
959.5  215.6446
960.0  215.5716
960.5  220.8526
961.0  229.6069
961.5  238.4978
962.0  244.3962
962.5  245.6104
963.0  242.1597
963.5  235.2360
964.0  226.4189
964.5  217.1685
965.0  208.7152
965.5  202.0665
966.0  197.7932
966.5  195.5912
967.0  194.0162
967.5  190.8496
968.0  184.1720
968.5  173.6741
969.0  161.4306
969.5  151.5253
970.0  148.4955
970.5  155.2904
971.0  171.8382
971.5  195.0414
972.0  220.1613
972.5  242.7298
973.0  259.9462
973.5  271.0135
974.0  276.5882
974.5  277.9502
975.0  276.4300
975.5  273.2130
976.0  269.2534
976.5  264.9994
977.0  259.9777
977.5  252.6429
978.0  240.8949
978.5  223.2456
979.0  200.0890
979.5  174.3085
980.0  150.7020
980.5  134.3174
981.0  128.4579
981.5  133.4105
982.0  146.5906
982.5  163.9468
983.0  181.7476
983.5  197.7746
984.0  211.4767
984.5  223.3356
985.0  234.0727
985.5  244.2165
986.0  254.0900
986.5  263.8812
987.0  273.4420
987.5  281.8452
988.0  287.1368
988.5  286.7574
989.0  278.6806
989.5  262.7429
990.0  241.3505
990.5  218.9763
991.0  200.5055
991.5  189.2162
992.0  185.4945
992.5  186.9994
993.0  190.0952
993.5  191.6334
994.0  190.0909
994.5  185.6372
995.0  179.4140
995.5  172.6987
996.0  166.4905
996.5  161.5889
997.0  158.8034
997.5  158.8814
998.0  162.0866
998.5  167.7833
999.0  174.5022
999.5  180.6558
1000.0  185.5509
