0.0  0.421127  1.234143  1.655270
0.5  0.437351  1.218222  1.655574
1.0  0.447397  1.207526  1.654922
1.5  0.448014  1.207046  1.655060
2.0  0.438595  1.216390  1.654985
2.5  0.421785  1.233688  1.655473
3.0  0.402543  1.253294  1.655836
3.5  0.385941  1.270023  1.655964
4.0  0.374919  1.281171  1.656090
4.5  0.369314  1.286612  1.655926
5.0  0.366573  1.289203  1.655776
5.5  0.363437  1.292469  1.655907
6.0  0.357498  1.297991  1.655489
6.5  0.347961  1.308262  1.656223
7.0  0.335628  1.320094  1.655722
7.5  0.322432  1.334378  1.656810
8.0  0.310867  1.345364  1.656231
8.5  0.303458  1.353852  1.657309
9.0  0.302278  1.354263  1.656541
9.5  0.308469  1.348624  1.657093
10.0  0.321743  1.334726  1.656470
10.5  0.340050  1.316647  1.656697
11.0  0.359684  1.296665  1.656348
11.5  0.376147  1.279809  1.655956
12.0  0.385674  1.270652  1.656326
12.5  0.386810  1.269121  1.655930
13.0  0.381101  1.275438  1.656540
13.5  0.372315  1.284212  1.656527
14.0  0.364498  1.292619  1.657118
14.5  0.360074  1.297158  1.657232
15.0  0.359080  1.297912  1.656992
15.5  0.359821  1.296783  1.656605
16.0  0.360212  1.296019  1.656231
16.5  0.358880  1.297859  1.656739
17.0  0.355576  1.301096  1.656672
17.5  0.350999  1.306213  1.657211
18.0  0.346380  1.310515  1.656895
18.5  0.343124  1.314133  1.657257
19.0  0.342584  1.314851  1.657435
19.5  0.345902  1.311370  1.657271
20.0  0.353756  1.303868  1.657624
20.5  0.365958  1.290856  1.656815
21.0  0.381036  1.276262  1.657298
21.5  0.396194  1.259813  1.656007
22.0  0.407995  1.248758  1.656752
22.5  0.413700  1.241972  1.655672
23.0  0.412619  1.244146  1.656765
23.5  0.406532  1.249646  1.656178
24.0  0.398718  1.257979  1.656698
24.5  0.392143  1.263973  1.656117
25.0  0.388019  1.268250  1.656270
25.5  0.385660  1.270538  1.656199
26.0  0.383503  1.272648  1.656151
26.5  0.380385  1.275932  1.656317
27.0  0.376255  1.280072  1.656327
27.5  0.372091  1.284270  1.656361
28.0  0.369361  1.287322  1.656683
28.5  0.369455  1.287289  1.656744
29.0  0.373360  1.283875  1.657235
29.5  0.381601  1.275466  1.657067
30.0  0.394291  1.263168  1.657458
30.5  0.411055  1.245690  1.656744
31.0  0.430744  1.226884  1.657628
31.5  0.451102  1.205435  1.656538
32.0  0.468812  1.188279  1.657091
32.5  0.480299  1.176036  1.656335
33.0  0.483145  1.174063  1.657208
33.5  0.477338  1.179658  1.656996
34.0  0.465383  1.191690  1.657073
34.5  0.450944  1.206533  1.657477
35.0  0.436783  1.220742  1.657525
35.5  0.423364  1.234383  1.657748
36.0  0.409021  1.247810  1.656831
36.5  0.391366  1.265839  1.657205
37.0  0.368886  1.288165  1.657051
37.5  0.341796  1.315535  1.657331
38.0  0.311966  1.344999  1.656965
38.5  0.282254  1.375050  1.657304
39.0  0.255757  1.401621  1.657377
39.5  0.235288  1.422383  1.657671
40.0  0.223145  1.434817  1.657962
40.5  0.220995  1.436642  1.657638
41.0  0.229645  1.428046  1.657690
41.5  0.248575  1.408874  1.657449
42.0  0.275495  1.382138  1.657633
42.5  0.306405  1.350813  1.657218
43.0  0.336581  1.320232  1.656813
43.5  0.362272  1.294958  1.657230
44.0  0.382221  1.274701  1.656922
44.5  0.397914  1.259872  1.657786
45.0  0.412168  1.244622  1.656790
45.5  0.426884  1.231216  1.658100
46.0  0.441475  1.215350  1.656825
46.5  0.452970  1.204609  1.657579
47.0  0.457580  1.199128  1.656708
47.5  0.452565  1.204092  1.656656
48.0  0.437379  1.218891  1.656271
48.5  0.413740  1.243409  1.657149
49.0  0.384922  1.272338  1.657261
49.5  0.354825  1.302247  1.657073
50.0  0.327211  1.330021  1.657232
50.5  0.305273  1.352101  1.657374
51.0  0.291416  1.366375  1.657792
51.5  0.286993  1.370507  1.657499
52.0  0.291877  1.365383  1.657260
52.5  0.304115  1.353139  1.657254
53.0  0.320135  1.336524  1.656659
53.5  0.335870  1.320808  1.656678
54.0  0.348517  1.307701  1.656218
54.5  0.357974  1.299341  1.657316
55.0  0.366863  1.290146  1.657009
55.5  0.378826  1.278725  1.657551
56.0  0.396052  1.260694  1.656746
56.5  0.417589  1.239675  1.657264
57.0  0.439512  1.217175  1.656687
57.5  0.456652  1.199845  1.656496
58.0  0.464706  1.191821  1.656527
58.5  0.461618  1.194848  1.656466
59.0  0.447842  1.209249  1.657091
59.5  0.425764  1.230505  1.656269
60.0  0.398832  1.258581  1.657413
60.5  0.370803  1.285767  1.656570
61.0  0.345275  1.312353  1.657628
61.5  0.325356  1.331440  1.656796
62.0  0.313241  1.344355  1.657596
62.5  0.309609  1.347404  1.657013
63.0  0.313136  1.344087  1.657223
63.5  0.320672  1.335980  1.656651
64.0  0.328424  1.327978  1.656402
64.5  0.333823  1.322908  1.656731
65.0  0.336990  1.320074  1.657064
65.5  0.340689  1.316671  1.657359
66.0  0.348532  1.308712  1.657243
66.5  0.362484  1.294891  1.657375
67.0  0.381333  1.276050  1.657383
67.5  0.401086  1.255798  1.656883
68.0  0.416879  1.240266  1.657144
68.5  0.425092  1.231310  1.656402
69.0  0.424541  1.232845  1.657385
69.5  0.416435  1.240218  1.656654
70.0  0.403511  1.254414  1.657925
70.5  0.388953  1.268010  1.656963
71.0  0.375626  1.282765  1.658391
71.5  0.365746  1.292098  1.657844
72.0  0.360824  1.297709  1.658533
72.5  0.361541  1.296585  1.658126
73.0  0.367390  1.290179  1.657569
73.5  0.376328  1.280975  1.657303
74.0  0.385002  1.271804  1.656806
74.5  0.389941  1.266855  1.656796
75.0  0.389344  1.267277  1.656621
75.5  0.384407  1.272542  1.656948
76.0  0.379043  1.278145  1.657188
76.5  0.377851  1.279674  1.657525
77.0  0.383465  1.273796  1.657261
77.5  0.395024  1.261991  1.657015
78.0  0.408656  1.248484  1.657140
78.5  0.419508  1.237168  1.656676
79.0  0.423929  1.233298  1.657226
79.5  0.420700  1.236170  1.656870
80.0  0.411011  1.246691  1.657703
80.5  0.397586  1.259781  1.657368
81.0  0.383608  1.274807  1.658415
81.5  0.371924  1.285838  1.657762
82.0  0.364680  1.293892  1.658572
82.5  0.363217  1.295727  1.658943
83.0  0.367883  1.290850  1.658733
83.5  0.377667  1.281242  1.658909
84.0  0.389888  1.268338  1.658226
84.5  0.400532  1.257827  1.658359
85.0  0.405563  1.252052  1.657615
85.5  0.402803  1.255678  1.658481
86.0  0.393276  1.264817  1.658094
86.5  0.380923  1.278220  1.659143
87.0  0.370583  1.288140  1.658724
87.5  0.365412  1.293775  1.659187
88.0  0.365358  1.293209  1.658567
88.5  0.367557  1.290719  1.658276
89.0  0.368138  1.289998  1.658136
89.5  0.364192  1.294120  1.658312
90.0  0.354869  1.303636  1.658505
90.5  0.341343  1.317746  1.659088
91.0  0.326022  1.332889  1.658910
91.5  0.311598  1.347927  1.659526
92.0  0.300394  1.359346  1.659740
92.5  0.294122  1.366160  1.660282
93.0  0.293884  1.365780  1.659665
93.5  0.300052  1.360113  1.660165
94.0  0.311901  1.347524  1.659425
94.5  0.327241  1.332993  1.660234
95.0  0.342595  1.315938  1.658533
95.5  0.354271  1.305087  1.659358
96.0  0.360007  1.299079  1.659086
96.5  0.360190  1.299271  1.659462
97.0  0.357706  1.301563  1.659270
97.5  0.356310  1.303476  1.659786
98.0  0.358481  1.301360  1.659842
98.5  0.364149  1.295370  1.659519
99.0  0.370998  1.288677  1.659675
99.5  0.375973  1.283360  1.659332
100.0  0.376928  1.282528  1.659456
100.5  0.373531  1.285817  1.659348
101.0  0.367172  1.292534  1.659706
101.5  0.360198  1.299441  1.659639
102.0  0.354992  1.304767  1.659759
102.5  0.353321  1.307325  1.660646
103.0  0.356097  1.304155  1.660252
103.5  0.363402  1.296776  1.660177
104.0  0.374501  1.285304  1.659804
104.5  0.387745  1.272477  1.660223
105.0  0.400549  1.259135  1.659684
105.5  0.409854  1.250570  1.660424
106.0  0.413239  1.247152  1.660391
106.5  0.410259  1.249973  1.660231
107.0  0.403092  1.257643  1.660735
107.5  0.395788  1.264839  1.660627
108.0  0.392264  1.269426  1.661690
108.5  0.394182  1.266075  1.660257
109.0  0.400029  1.261151  1.661180
109.5  0.405921  1.254921  1.660842
110.0  0.407546  1.253426  1.660972
110.5  0.402091  1.258808  1.660899
111.0  0.389249  1.272168  1.661417
111.5  0.371121  1.291766  1.662887
112.0  0.351336  1.311863  1.663199
112.5  0.333946  1.328737  1.662684
113.0  0.322511  1.340965  1.663476
113.5  0.319532  1.344266  1.663798
114.0  0.326165  1.336474  1.662640
114.5  0.342012  1.320795  1.662807
115.0  0.364969  1.299062  1.664031
115.5  0.391343  1.271316  1.662659
116.0  0.416563  1.245800  1.662363
116.5  0.436529  1.225136  1.661665
117.0  0.449112  1.214009  1.663121
117.5  0.454898  1.207788  1.662686
118.0  0.456553  1.206583  1.663137
118.5  0.457027  1.206084  1.663111
119.0  0.457648  1.205758  1.663407
119.5  0.457323  1.205252  1.662575
120.0  0.453234  1.210128  1.663363
120.5  0.442466  1.220565  1.663032
121.0  0.423522  1.239298  1.662820
121.5  0.397008  1.267419  1.664426
122.0  0.365371  1.299249  1.664620
122.5  0.332073  1.332247  1.664320
123.0  0.300683  1.363545  1.664228
123.5  0.274260  1.391421  1.665681
124.0  0.255076  1.409405  1.664481
124.5  0.244551  1.419655  1.664207
125.0  0.243132  1.422213  1.665346
125.5  0.250109  1.414950  1.665058
126.0  0.263582  1.400398  1.663981
126.5  0.280957  1.383189  1.664146
127.0  0.299982  1.364424  1.664407
127.5  0.319861  1.343981  1.663842
128.0  0.341593  1.322637  1.664230
128.5  0.367080  1.297790  1.664869
129.0  0.397379  1.266796  1.664175
129.5  0.431221  1.233007  1.664228
130.0  0.464808  1.198278  1.663086
130.5  0.493018  1.169960  1.662978
131.0  0.511245  1.151033  1.662279
131.5  0.516874  1.146015  1.662889
132.0  0.509792  1.153059  1.662851
132.5  0.491981  1.171890  1.663871
133.0  0.466619  1.197201  1.663821
133.5  0.437200  1.227919  1.665119
134.0  0.406969  1.258208  1.665177
134.5  0.378700  1.287319  1.666019
135.0  0.354601  1.311904  1.666505
135.5  0.336069  1.330897  1.666967
136.0  0.323333  1.342395  1.665728
136.5  0.315272  1.349876  1.665148
137.0  0.309881  1.355929  1.665810
137.5  0.305413  1.360381  1.665793
138.0  0.301629  1.363931  1.665560
138.5  0.300233  1.365449  1.665682
139.0  0.303951  1.362169  1.666120
139.5  0.314705  1.351078  1.665783
140.0  0.332036  1.333331  1.665367
140.5  0.352840  1.312657  1.665497
141.0  0.372521  1.292300  1.664821
141.5  0.386791  1.278466  1.665257
142.0  0.393088  1.272111  1.665199
142.5  0.391048  1.274148  1.665196
143.0  0.382089  1.284479  1.666569
143.5  0.368556  1.297587  1.666143
144.0  0.352906  1.314128  1.667034
144.5  0.337265  1.328926  1.666191
145.0  0.323363  1.342976  1.666339
145.5  0.312581  1.353214  1.665795
146.0  0.305833  1.361197  1.667030
146.5  0.303214  1.364004  1.667218
147.0  0.303760  1.363544  1.667304
147.5  0.305779  1.361117  1.666896
148.0  0.307859  1.359006  1.666865
148.5  0.310018  1.356510  1.666528
149.0  0.314092  1.352323  1.666415
149.5  0.322864  1.343700  1.666564
150.0  0.338350  1.328158  1.666508
150.5  0.360341  1.307048  1.667389
151.0  0.386181  1.280685  1.666867
151.5  0.411839  1.255352  1.667192
152.0  0.433531  1.234271  1.667802
152.5  0.448955  1.218614  1.667569
153.0  0.457630  1.210367  1.667997
153.5  0.460396  1.206522  1.666918
154.0  0.458553  1.209418  1.667971
154.5  0.453154  1.214937  1.668091
155.0  0.444781  1.223065  1.667846
155.5  0.433819  1.234253  1.668072
156.0  0.420884  1.247935  1.668819
156.5  0.406966  1.261333  1.668300
157.0  0.393088  1.274286  1.667374
157.5  0.379762  1.287951  1.667713
158.0  0.366840  1.301034  1.667874
158.5  0.354085  1.314396  1.668481
159.0  0.342122  1.325217  1.667339
159.5  0.332902  1.334946  1.667847
160.0  0.329055  1.339124  1.668179
160.5  0.332408  1.336044  1.668452
161.0  0.342697  1.325527  1.668224
161.5  0.357432  1.309692  1.667125
162.0  0.373014  1.295044  1.668058
162.5  0.386332  1.282900  1.669232
163.0  0.395918  1.273312  1.669230
163.5  0.402126  1.266682  1.668808
164.0  0.406449  1.262266  1.668715
164.5  0.410461  1.258226  1.668687
165.0  0.414952  1.253661  1.668613
165.5  0.419642  1.249583  1.669226
166.0  0.423525  1.244179  1.667704
166.5  0.425529  1.242720  1.668249
167.0  0.425016  1.242512  1.667528
167.5  0.421807  1.245425  1.667232
168.0  0.415853  1.250712  1.666564
168.5  0.407029  1.260896  1.667925
169.0  0.395417  1.271925  1.667343
169.5  0.381920  1.285729  1.667649
170.0  0.368527  1.300268  1.668795
170.5  0.357710  1.311067  1.668776
171.0  0.351123  1.317181  1.668304
171.5  0.348532  1.319221  1.667754
172.0  0.347809  1.320962  1.668772
172.5  0.346063  1.323162  1.669225
173.0  0.341188  1.327881  1.669069
173.5  0.332904  1.336636  1.669540
174.0  0.322813  1.345780  1.668593
174.5  0.313568  1.356195  1.669763
175.0  0.307680  1.362168  1.669848
175.5  0.306548  1.362449  1.668997
176.0  0.310132  1.358782  1.668914
176.5  0.317312  1.352684  1.669996
177.0  0.326633  1.341221  1.667853
177.5  0.336917  1.331163  1.668080
178.0  0.347428  1.321218  1.668645
178.5  0.357633  1.310675  1.668308
179.0  0.367008  1.301487  1.668494
179.5  0.375199  1.292800  1.667998
180.0  0.382444  1.286151  1.668594
180.5  0.389691  1.277665  1.667356
181.0  0.398024  1.269548  1.667573
181.5  0.407638  1.259010  1.666648
182.0  0.417168  1.250432  1.667600
182.5  0.424008  1.243074  1.667083
183.0  0.425521  1.241372  1.666893
183.5  0.420414  1.246368  1.666782
184.0  0.409472  1.257501  1.666973
184.5  0.395302  1.271207  1.666510
185.0  0.381269  1.285555  1.666824
185.5  0.370185  1.295656  1.665841
186.0  0.363350  1.303051  1.666401
186.5  0.360344  1.305808  1.666152
187.0  0.359612  1.305935  1.665547
187.5  0.359440  1.305645  1.665085
188.0  0.358775  1.307539  1.666314
188.5  0.357458  1.307656  1.665115
189.0  0.355933  1.309747  1.665680
189.5  0.354824  1.310790  1.665614
190.0  0.354797  1.311626  1.666423
190.5  0.356680  1.307994  1.664674
191.0  0.361437  1.303772  1.665209
191.5  0.369652  1.295427  1.665079
192.0  0.380734  1.284835  1.665570
192.5  0.392493  1.273088  1.665581
193.0  0.401583  1.262079  1.663662
193.5  0.404725  1.259443  1.664168
194.0  0.400037  1.264604  1.664640
194.5  0.387780  1.276217  1.663996
195.0  0.370187  1.292989  1.663176
195.5  0.350526  1.314319  1.664845
196.0  0.331871  1.333252  1.665123
196.5  0.316160  1.348597  1.664757
197.0  0.303920  1.360447  1.664367
197.5  0.294722  1.370531  1.665253
198.0  0.288002  1.377403  1.665406
198.5  0.283701  1.381529  1.665230
199.0  0.282353  1.383045  1.665398
199.5  0.284714  1.381409  1.666122
200.0  0.291354  1.374025  1.665379
200.5  0.302605  1.363725  1.666330
201.0  0.318768  1.349345  1.668114
201.5  0.340145  1.327645  1.667790
202.0  0.366562  1.301179  1.667741
202.5  0.396645  1.271716  1.668360
203.0  0.427484  1.239640  1.667124
203.5  0.455167  1.212895  1.668063
204.0  0.476009  1.191493  1.667502
204.5  0.487827  1.180252  1.668079
205.0  0.490601  1.177262  1.667863
205.5  0.486232  1.181516  1.667748
206.0  0.477546  1.190831  1.668377
206.5  0.467038  1.201127  1.668165
207.0  0.455922  1.211794  1.667716
207.5  0.443920  1.224648  1.668568
208.0  0.429866  1.239598  1.669464
208.5  0.412728  1.254543  1.667271
209.0  0.392456  1.275436  1.667892
209.5  0.370185  1.298872  1.669057
210.0  0.347853  1.319794  1.667648
210.5  0.327683  1.340273  1.667957
211.0  0.311912  1.357309  1.669221
211.5  0.302746  1.366515  1.669261
212.0  0.302113  1.366265  1.668379
212.5  0.310972  1.358656  1.669628
213.0  0.328470  1.340854  1.669324
213.5  0.351653  1.316916  1.668570
214.0  0.376162  1.291940  1.668102
214.5  0.397672  1.271251  1.668923
215.0  0.413336  1.254507  1.667843
215.5  0.422525  1.245269  1.667794
216.0  0.426570  1.242136  1.668706
216.5  0.427724  1.240621  1.668345
217.0  0.427873  1.240876  1.668749
217.5  0.427595  1.240478  1.668073
218.0  0.426014  1.242723  1.668737
218.5  0.421452  1.246849  1.668301
219.0  0.412461  1.255678  1.668139
219.5  0.398606  1.269446  1.668053
220.0  0.380588  1.287941  1.668530
220.5  0.359836  1.307726  1.667561
221.0  0.338069  1.329918  1.667987
221.5  0.317243  1.350775  1.668018
222.0  0.299723  1.368634  1.668356
222.5  0.288161  1.380207  1.668368
223.0  0.284743  1.383130  1.667873
223.5  0.290116  1.377776  1.667892
224.0  0.302777  1.365694  1.668471
224.5  0.319467  1.347886  1.667353
225.0  0.336438  1.330527  1.666966
225.5  0.350878  1.315672  1.666549
226.0  0.361748  1.305867  1.667615
226.5  0.369700  1.297085  1.666785
227.0  0.376195  1.290739  1.666934
227.5  0.382358  1.283835  1.666192
228.0  0.388162  1.278842  1.667004
228.5  0.392378  1.273972  1.666350
229.0  0.393278  1.273599  1.666878
229.5  0.389632  1.276568  1.666200
230.0  0.381360  1.285573  1.666933
230.5  0.369467  1.297957  1.667424
231.0  0.355463  1.311904  1.667367
231.5  0.340839  1.326770  1.667609
232.0  0.327048  1.340234  1.667282
232.5  0.315831  1.351721  1.667552
233.0  0.309327  1.357323  1.666650
233.5  0.309530  1.357732  1.667262
234.0  0.317344  1.349913  1.667256
234.5  0.331928  1.334584  1.666512
235.0  0.350870  1.315451  1.666321
235.5  0.371149  1.296161  1.667310
236.0  0.390318  1.277595  1.667913
236.5  0.407259  1.260640  1.667899
237.0  0.422156  1.246696  1.668852
237.5  0.435747  1.232226  1.667973
238.0  0.448316  1.220869  1.669184
238.5  0.458997  1.209716  1.668713
239.0  0.465835  1.203520  1.669355
239.5  0.466580  1.202919  1.669500
240.0  0.459773  1.210204  1.669977
240.5  0.445421  1.224085  1.669507
241.0  0.424914  1.244395  1.669309
241.5  0.400339  1.270167  1.670506
242.0  0.373797  1.295839  1.669637
242.5  0.347181  1.324026  1.671207
243.0  0.322360  1.347878  1.670237
243.5  0.301323  1.369633  1.670956
244.0  0.285895  1.384919  1.670814
244.5  0.277135  1.394661  1.671796
245.0  0.274890  1.395384  1.670274
245.5  0.277899  1.392572  1.670471
246.0  0.284446  1.385733  1.670180
246.5  0.293213  1.377468  1.670681
247.0  0.303853  1.367088  1.670941
247.5  0.316961  1.353924  1.670885
248.0  0.333431  1.336932  1.670362
248.5  0.353528  1.317186  1.670714
249.0  0.376242  1.293727  1.669969
249.5  0.399331  1.270920  1.670250
250.0  0.420069  1.250460  1.670529
250.5  0.436258  1.235686  1.671943
251.0  0.446852  1.224880  1.671732
251.5  0.451900  1.221165  1.673065
252.0  0.451990  1.220315  1.672305
252.5  0.447790  1.224288  1.672078
253.0  0.440019  1.232486  1.672505
253.5  0.429720  1.243588  1.673308
254.0  0.418344  1.253848  1.672192
254.5  0.407375  1.265649  1.673024
255.0  0.397735  1.274057  1.671792
255.5  0.389440  1.283268  1.672708
256.0  0.381792  1.292137  1.673928
256.5  0.373980  1.299421  1.673401
257.0  0.365729  1.307516  1.673245
257.5  0.357616  1.316647  1.674263
258.0  0.350885  1.323393  1.674278
258.5  0.346816  1.326041  1.672857
259.0  0.345984  1.327640  1.673624
259.5  0.347835  1.326036  1.673871
260.0  0.350905  1.322013  1.672918
260.5  0.353598  1.319248  1.672846
261.0  0.355047  1.317807  1.672854
261.5  0.355517  1.317325  1.672842
262.0  0.356104  1.316783  1.672887
262.5  0.358060  1.314747  1.672808
263.0  0.362291  1.312653  1.674943
263.5  0.369304  1.312299  1.681603
264.0  0.379406  1.310553  1.689959
264.5  0.392688  1.308835  1.701523
265.0  0.408648  1.308320  1.716968
265.5  0.425802  1.307919  1.733720
266.0  0.441729  1.308983  1.750712
266.5  0.453699  1.312900  1.766599
267.0  0.459562  1.321331  1.780893
267.5  0.458445  1.334119  1.792564
268.0  0.450906  1.349802  1.800707
268.5  0.438494  1.367088  1.805581
269.0  0.422947  1.382609  1.805556
269.5  0.405425  1.398354  1.803780
270.0  0.386216  1.415444  1.801659
270.5  0.365074  1.432527  1.797600
271.0  0.341978  1.450346  1.792324
271.5  0.317771  1.471843  1.789615
272.0  0.294224  1.494101  1.788326
272.5  0.273490  1.515601  1.789091
273.0  0.257397  1.535442  1.792839
273.5  0.247120  1.553136  1.800256
274.0  0.243373  1.569654  1.813027
274.5  0.246724  1.582697  1.829421
275.0  0.257528  1.591207  1.848735
275.5  0.275420  1.596799  1.872219
276.0  0.298851  1.598919  1.897770
276.5  0.325185  1.596589  1.921774
277.0  0.351435  1.592607  1.944043
277.5  0.375202  1.586366  1.961569
278.0  0.395280  1.577984  1.973264
278.5  0.411619  1.566011  1.977630
279.0  0.424711  1.548999  1.973710
279.5  0.434748  1.528736  1.963484
280.0  0.441038  1.505640  1.946678
280.5  0.442063  1.483606  1.925669
281.0  0.436228  1.466505  1.902733
281.5  0.422882  1.458512  1.881394
282.0  0.403027  1.457838  1.860865
282.5  0.379229  1.465234  1.844463
283.0  0.354834  1.476200  1.831034
283.5  0.333008  1.487815  1.820823
284.0  0.316180  1.499117  1.815297
284.5  0.306034  1.507527  1.813561
285.0  0.303674  1.511129  1.814804
285.5  0.309511  1.509022  1.818534
286.0  0.322881  1.499452  1.822332
286.5  0.341834  1.485834  1.827669
287.0  0.363500  1.467038  1.830538
287.5  0.384963  1.447877  1.832840
288.0  0.404181  1.428177  1.832359
288.5  0.420432  1.407311  1.827743
289.0  0.434049  1.385750  1.819799
289.5  0.445619  1.363070  1.808688
290.0  0.455091  1.338303  1.793394
290.5  0.461324  1.314636  1.775960
291.0  0.462391  1.294319  1.756710
291.5  0.456522  1.281951  1.738474
292.0  0.443163  1.279214  1.722377
292.5  0.423505  1.285177  1.708681
293.0  0.400160  1.298215  1.698375
293.5  0.376219  1.313109  1.689328
294.0  0.354293  1.329660  1.683953
294.5  0.336104  1.346773  1.682877
295.0  0.322646  1.359477  1.682123
295.5  0.314481  1.367510  1.681991
296.0  0.311724  1.370334  1.682058
296.5  0.313765  1.369125  1.682890
297.0  0.319170  1.364141  1.683310
297.5  0.326110  1.355520  1.681630
298.0  0.333204  1.347078  1.680282
298.5  0.340257  1.337448  1.677706
299.0  0.348402  1.326391  1.674793
299.5  0.359450  1.312883  1.672333
300.0  0.374728  1.295543  1.670271
300.5  0.393964  1.276117  1.670081
301.0  0.414875  1.256959  1.671833
301.5  0.433744  1.242814  1.676558
302.0  0.446745  1.235606  1.682351
302.5  0.451333  1.240467  1.691800
303.0  0.446970  1.256496  1.703466
303.5  0.434912  1.280278  1.715190
304.0  0.417374  1.309152  1.726525
304.5  0.396720  1.340199  1.736918
305.0  0.375172  1.370781  1.745954
305.5  0.354937  1.398369  1.753306
306.0  0.338237  1.419400  1.757637
306.5  0.326871  1.431692  1.758564
307.0  0.321478  1.437948  1.759426
307.5  0.321148  1.436960  1.758108
308.0  0.323845  1.431190  1.755035
308.5  0.327515  1.426827  1.754342
309.0  0.331247  1.424297  1.755545
309.5  0.335782  1.420737  1.756519
310.0  0.343036  1.418111  1.761147
310.5  0.354869  1.414032  1.768902
311.0  0.371751  1.406679  1.778430
311.5  0.392091  1.397641  1.789732
312.0  0.412633  1.392645  1.805278
312.5  0.429680  1.393464  1.823144
313.0  0.440422  1.398772  1.839195
313.5  0.443647  1.411805  1.855453
314.0  0.439582  1.431710  1.871292
314.5  0.429242  1.452931  1.882173
315.0  0.413913  1.474899  1.888813
315.5  0.395147  1.495558  1.890705
316.0  0.375027  1.511054  1.886081
316.5  0.356154  1.520308  1.876462
317.0  0.341006  1.523360  1.864366
317.5  0.330991  1.519466  1.850457
318.0  0.325888  1.510409  1.836298
318.5  0.324174  1.498304  1.822477
319.0  0.324093  1.487592  1.811685
319.5  0.324828  1.478789  1.803616
320.0  0.327033  1.471697  1.798731
320.5  0.332422  1.464145  1.796567
321.0  0.342586  1.453946  1.796531
321.5  0.357747  1.441315  1.799062
322.0  0.376186  1.425127  1.801313
322.5  0.394706  1.408963  1.803669
323.0  0.409852  1.395864  1.805716
323.5  0.419145  1.386703  1.805847
324.0  0.421629  1.380487  1.802116
324.5  0.417588  1.377897  1.795485
325.0  0.407848  1.377919  1.785767
325.5  0.393308  1.380075  1.773383
326.0  0.375030  1.383869  1.758899
326.5  0.354613  1.389436  1.744049
327.0  0.334277  1.394566  1.728843
327.5  0.316360  1.398803  1.715163
328.0  0.302481  1.401562  1.704043
328.5  0.293015  1.403773  1.696789
329.0  0.287277  1.405522  1.692798
329.5  0.284310  1.408523  1.692833
330.0  0.283764  1.409493  1.693258
330.5  0.286285  1.409916  1.696201
331.0  0.293170  1.405925  1.699095
331.5  0.305444  1.396510  1.701954
332.0  0.322923  1.380456  1.703379
332.5  0.343873  1.359725  1.703598
333.0  0.365542  1.336340  1.701882
333.5  0.385245  1.314880  1.700125
334.0  0.401328  1.295804  1.697131
334.5  0.413449  1.280107  1.693555
335.0  0.422135  1.268682  1.690817
335.5  0.428085  1.262099  1.690184
336.0  0.431789  1.258411  1.690200
336.5  0.433674  1.260698  1.694372
337.0  0.434444  1.269668  1.704111
337.5  0.435119  1.280235  1.715354
338.0  0.436581  1.293333  1.729914
338.5  0.438976  1.307516  1.746492
339.0  0.441484  1.321863  1.763347
339.5  0.442721  1.337079  1.779800
340.0  0.441536  1.353346  1.794882
340.5  0.437717  1.369654  1.807371
341.0  0.432163  1.385372  1.817536
341.5  0.426379  1.397064  1.823442
342.0  0.421530  1.405322  1.826852
342.5  0.417622  1.410643  1.828265
343.0  0.413330  1.414053  1.827383
343.5  0.406657  1.420012  1.826669
344.0  0.396045  1.429885  1.825930
344.5  0.381254  1.445487  1.826741
345.0  0.363509  1.466384  1.829893
345.5  0.344936  1.491979  1.836916
346.0  0.327755  1.520516  1.848271
346.5  0.313769  1.548990  1.862758
347.0  0.304316  1.576371  1.880687
347.5  0.300408  1.600599  1.901007
348.0  0.302661  1.620462  1.923123
348.5  0.310944  1.630616  1.941560
349.0  0.324055  1.635504  1.959558
349.5  0.339822  1.633690  1.973511
350.0  0.355738  1.624373  1.980111
350.5  0.369857  1.610502  1.980359
351.0  0.381475  1.592082  1.973557
351.5  0.391224  1.569062  1.960286
352.0  0.400455  1.542238  1.942693
352.5  0.410187  1.512774  1.922962
353.0  0.420186  1.483597  1.903783
353.5  0.428732  1.456384  1.885115
354.0  0.433259  1.434408  1.867667
354.5  0.431487  1.424473  1.855960
355.0  0.422375  1.424591  1.846966
355.5  0.406407  1.434259  1.840666
356.0  0.385227  1.454515  1.839742
356.5  0.361043  1.479368  1.840411
357.0  0.336232  1.506098  1.842330
357.5  0.313237  1.531917  1.845154
358.0  0.294487  1.553184  1.847671
358.5  0.282033  1.565480  1.847513
359.0  0.276950  1.566906  1.843856
359.5  0.278893  1.557446  1.836339
360.0  0.286202  1.538845  1.825047
360.5  0.296621  1.515236  1.811857
361.0  0.308304  1.486374  1.794678
361.5  0.320604  1.453404  1.774007
362.0  0.334205  1.420528  1.754734
362.5  0.350495  1.387300  1.737795
363.0  0.370433  1.352351  1.722785
363.5  0.393542  1.317026  1.710568
364.0  0.417616  1.286309  1.703925
364.5  0.439339  1.260310  1.699649
365.0  0.455431  1.244009  1.699440
365.5  0.463653  1.238347  1.702001
366.0  0.463215  1.242929  1.706144
366.5  0.454586  1.257106  1.711692
367.0  0.439124  1.277724  1.716848
367.5  0.418867  1.302348  1.721215
368.0  0.396477  1.326556  1.723033
368.5  0.375024  1.349581  1.724605
369.0  0.357361  1.365979  1.723340
369.5  0.345262  1.375353  1.720615
370.0  0.338832  1.378699  1.717530
370.5  0.336638  1.376330  1.712968
371.0  0.336566  1.374606  1.711171
371.5  0.336965  1.375866  1.712831
372.0  0.337487  1.380636  1.718123
372.5  0.339174  1.389712  1.728886
373.0  0.343725  1.401815  1.745540
373.5  0.352296  1.414042  1.766338
374.0  0.364508  1.425892  1.790400
374.5  0.378247  1.437973  1.816220
375.0  0.390385  1.451744  1.842129
375.5  0.397976  1.466109  1.864085
376.0  0.399251  1.482946  1.882196
376.5  0.393956  1.502277  1.896233
377.0  0.383077  1.520686  1.903763
377.5  0.368341  1.538992  1.907333
378.0  0.351840  1.553566  1.905406
378.5  0.335848  1.566478  1.902326
379.0  0.322572  1.574363  1.896935
379.5  0.313684  1.576836  1.890520
380.0  0.309786  1.576834  1.886620
380.5  0.310199  1.574273  1.884472
381.0  0.313345  1.570485  1.883831
381.5  0.317627  1.571516  1.889143
382.0  0.322364  1.577241  1.899606
382.5  0.328302  1.584489  1.912791
383.0  0.337390  1.594028  1.931418
383.5  0.351827  1.604344  1.956171
384.0  0.372779  1.610847  1.983627
384.5  0.399400  1.612283  2.011682
385.0  0.428721  1.611373  2.040093
385.5  0.456503  1.610577  2.067080
386.0  0.478582  1.609394  2.087976
386.5  0.492014  1.610268  2.102281
387.0  0.495572  1.612223  2.107795
387.5  0.489615  1.613646  2.103261
388.0  0.475655  1.614073  2.089728
388.5  0.455958  1.613803  2.069762
389.0  0.433219  1.610910  2.044129
389.5  0.410153  1.604710  2.014863
390.0  0.388944  1.598584  1.987527
390.5  0.370749  1.590937  1.961686
391.0  0.355599  1.583677  1.939276
391.5  0.342846  1.578653  1.921499
392.0  0.331944  1.578189  1.910133
392.5  0.323155  1.578334  1.901490
393.0  0.317816  1.580640  1.898456
393.5  0.317988  1.583285  1.901273
394.0  0.325574  1.581425  1.906999
394.5  0.341240  1.574198  1.915439
395.0  0.363681  1.564290  1.927970
395.5  0.389675  1.551777  1.941452
396.0  0.414978  1.538598  1.953576
396.5  0.435587  1.529500  1.965086
397.0  0.448757  1.525501  1.974258
397.5  0.453403  1.522764  1.976166
398.0  0.449924  1.523241  1.973165
398.5  0.439799  1.523365  1.963164
399.0  0.425176  1.518932  1.944108
399.5  0.408459  1.510725  1.919184
400.0  0.391766  1.498157  1.889923
400.5  0.376279  1.481392  1.857671
401.0  0.361823  1.465764  1.827586
401.5  0.347039  1.452164  1.799203
402.0  0.330239  1.445481  1.775720
402.5  0.310567  1.447174  1.757741
403.0  0.288913  1.455386  1.744299
403.5  0.268122  1.468146  1.736268
404.0  0.252346  1.479026  1.731372
404.5  0.245731  1.483706  1.729436
405.0  0.250892  1.478478  1.729371
405.5  0.267842  1.462178  1.730020
406.0  0.293865  1.435339  1.729203
406.5  0.324398  1.402991  1.727389
407.0  0.354438  1.369084  1.723522
407.5  0.379802  1.339936  1.719738
408.0  0.397829  1.317154  1.714984
408.5  0.407565  1.300524  1.708088
409.0  0.409662  1.292728  1.702389
409.5  0.406170  1.288418  1.694588
410.0  0.400098  1.288014  1.688112
410.5  0.394577  1.289734  1.684311
411.0  0.391724  1.290027  1.681751
411.5  0.391720  1.290627  1.682347
412.0  0.392684  1.293637  1.686321
412.5  0.391573  1.302108  1.693681
413.0  0.385731  1.311890  1.697621
413.5  0.374343  1.332422  1.706765
414.0  0.359120  1.358515  1.717635
414.5  0.343898  1.382464  1.726362
415.0  0.333263  1.400362  1.733625
415.5  0.330772  1.409345  1.740117
416.0  0.337571  1.407462  1.745033
416.5  0.352059  1.395075  1.747134
417.0  0.370691  1.377104  1.747795
417.5  0.389348  1.359654  1.749002
418.0  0.404540  1.345296  1.749836
418.5  0.413999  1.335829  1.749828
419.0  0.416737  1.333256  1.749993
419.5  0.412947  1.341224  1.754171
420.0  0.403976  1.358096  1.762073
420.5  0.392255  1.381484  1.773739
421.0  0.380855  1.411690  1.792545
421.5  0.372553  1.442906  1.815460
422.0  0.368723  1.475222  1.843946
422.5  0.368726  1.508487  1.877214
423.0  0.370263  1.542694  1.912957
423.5  0.370620  1.577853  1.948473
424.0  0.368174  1.612248  1.980422
424.5  0.363358  1.642704  2.006062
425.0  0.358575  1.665791  2.024366
425.5  0.357047  1.677093  2.034140
426.0  0.361182  1.674552  2.035733
426.5  0.371306  1.658485  2.029791
427.0  0.385442  1.633800  2.019242
427.5  0.400159  1.602239  2.002398
428.0  0.411920  1.575538  1.987458
428.5  0.418143  1.555563  1.973706
429.0  0.417585  1.546138  1.963723
429.5  0.410215  1.545280  1.955495
430.0  0.396958  1.554194  1.951152
430.5  0.379615  1.572117  1.951732
431.0  0.360811  1.596907  1.957718
431.5  0.343675  1.623246  1.966922
432.0  0.331058  1.650112  1.981170
432.5  0.324561  1.675514  2.000075
433.0  0.323946  1.697647  2.021594
433.5  0.327393  1.714598  2.041991
434.0  0.332576  1.731259  2.063835
434.5  0.338038  1.743006  2.081044
435.0  0.344085  1.747161  2.091246
435.5  0.352667  1.740894  2.093561
436.0  0.366204  1.721202  2.087405
436.5  0.385934  1.686531  2.072465
437.0  0.410735  1.636964  2.047699
437.5  0.437121  1.579588  2.016709
438.0  0.460422  1.521716  1.982138
438.5  0.476400  1.471358  1.947757
439.0  0.482440  1.433083  1.915524
439.5  0.477894  1.409404  1.887298
440.0  0.463760  1.397239  1.860999
440.5  0.442194  1.401601  1.843795
441.0  0.416157  1.416660  1.832818
441.5  0.389129  1.435453  1.824582
442.0  0.364640  1.453396  1.818037
442.5  0.345475  1.471290  1.816765
443.0  0.332829  1.484296  1.817125
443.5  0.325926  1.491010  1.816937
444.0  0.322480  1.494456  1.816936
444.5  0.319906  1.496873  1.816780
445.0  0.316750  1.496683  1.813433
445.5  0.313570  1.493521  1.807091
446.0  0.312748  1.485864  1.798611
446.5  0.317210  1.469145  1.786355
447.0  0.328671  1.441816  1.770488
447.5  0.346405  1.406620  1.753025
448.0  0.367270  1.367776  1.735046
448.5  0.386965  1.331536  1.718502
449.0  0.401682  1.301828  1.703510
449.5  0.409258  1.283451  1.692709
450.0  0.409408  1.275784  1.685192
450.5  0.403273  1.278594  1.681867
451.0  0.392806  1.289310  1.682116
451.5  0.380324  1.306066  1.686390
452.0  0.368220  1.323984  1.692203
452.5  0.358589  1.340980  1.699569
453.0  0.352687  1.353948  1.706635
453.5  0.350416  1.361315  1.711731
454.0  0.350212  1.364823  1.715036
454.5  0.349622  1.368521  1.718143
455.0  0.346444  1.373932  1.720376
455.5  0.339984  1.378817  1.718801
456.0  0.331749  1.385995  1.717744
456.5  0.325098  1.392243  1.717341
457.0  0.323811  1.393584  1.717395
457.5  0.330209  1.388968  1.719177
458.0  0.343839  1.379951  1.723790
458.5  0.361503  1.371784  1.733287
459.0  0.378569  1.368205  1.746773
459.5  0.390734  1.375377  1.766111
460.0  0.395293  1.393040  1.788333
460.5  0.391505  1.420416  1.811921
461.0  0.380304  1.456474  1.836778
461.5  0.363816  1.495991  1.859806
462.0  0.344969  1.533999  1.878968
462.5  0.327118  1.564616  1.891734
463.0  0.313466  1.586528  1.899994
463.5  0.306256  1.597944  1.904201
464.0  0.306029  1.596006  1.902035
464.5  0.311395  1.585358  1.896753
465.0  0.319607  1.569751  1.889358
465.5  0.327836  1.553263  1.881100
466.0  0.334615  1.540665  1.875280
466.5  0.340763  1.530294  1.871057
467.0  0.349186  1.519984  1.869170
467.5  0.363471  1.507042  1.870513
468.0  0.385877  1.489414  1.875292
468.5  0.415859  1.467329  1.883188
469.0  0.449981  1.443975  1.893956
469.5  0.483197  1.425497  1.908694
470.0  0.510611  1.414097  1.924708
470.5  0.528723  1.413054  1.941778
471.0  0.535799  1.422609  1.958408
471.5  0.531628  1.442512  1.974140
472.0  0.517199  1.468894  1.986093
472.5  0.494506  1.496901  1.991407
473.0  0.466331  1.524366  1.990697
473.5  0.435774  1.549107  1.984880
474.0  0.405482  1.566084  1.971566
474.5  0.376919  1.576890  1.953809
475.0  0.350114  1.582864  1.932978
475.5  0.324162  1.586766  1.910928
476.0  0.298331  1.589799  1.888130
476.5  0.273228  1.596733  1.869961
477.0  0.251383  1.603492  1.854875
477.5  0.236754  1.603513  1.840267
478.0  0.233205  1.598680  1.831885
478.5  0.242682  1.586834  1.829516
479.0  0.264158  1.563044  1.827203
479.5  0.294020  1.532026  1.826046
480.0  0.327589  1.499686  1.827275
480.5  0.360754  1.467555  1.828309
481.0  0.390792  1.435669  1.826462
481.5  0.416247  1.406944  1.823191
482.0  0.436390  1.382656  1.819046
482.5  0.450868  1.358037  1.808905
483.0  0.459723  1.336269  1.795992
483.5  0.463481  1.317855  1.781336
484.0  0.462980  1.300903  1.763883
484.5  0.458850  1.287674  1.746524
485.0  0.450996  1.279630  1.730627
485.5  0.438529  1.278095  1.716624
486.0  0.420356  1.287363  1.707718
486.5  0.396232  1.305551  1.701783
487.0  0.367713  1.332659  1.700372
487.5  0.338409  1.365169  1.703578
488.0  0.313174  1.396683  1.709857
488.5  0.296440  1.418554  1.714993
489.0  0.290456  1.430579  1.721035
489.5  0.294485  1.434562  1.729047
490.0  0.305463  1.428134  1.733597
490.5  0.319655  1.415527  1.735182
491.0  0.334217  1.402175  1.736392
491.5  0.347780  1.387852  1.735631
492.0  0.360055  1.373899  1.733954
492.5  0.371103  1.360238  1.731341
493.0  0.380947  1.349051  1.729998
493.5  0.389656  1.340742  1.730399
494.0  0.397534  1.335734  1.733268
494.5  0.404983  1.335556  1.740539
495.0  0.411986  1.339904  1.751890
495.5  0.417587  1.347239  1.764826
496.0  0.419875  1.362700  1.782575
496.5  0.416710  1.389601  1.806311
497.0  0.406915  1.420215  1.827130
497.5  0.391328  1.455711  1.847039
498.0  0.373059  1.492156  1.865216
498.5  0.356584  1.522458  1.879042
499.0  0.345950  1.542181  1.888131
499.5  0.342972  1.548809  1.891781
500.0  0.346500  1.545913  1.892414
500.5  0.353237  1.536436  1.889674
501.0  0.359553  1.525516  1.885069
501.5  0.363094  1.515932  1.879026
502.0  0.363312  1.510898  1.874210
502.5  0.360914  1.511134  1.872047
503.0  0.356995  1.516444  1.873440
503.5  0.352543  1.524084  1.876627
504.0  0.348456  1.536560  1.885015
504.5  0.345701  1.549815  1.895516
505.0  0.345166  1.563405  1.908572
505.5  0.347127  1.574687  1.921814
506.0  0.350724  1.584810  1.935534
506.5  0.353941  1.594895  1.948837
507.0  0.354332  1.602993  1.957325
507.5  0.350238  1.609436  1.959674
508.0  0.341920  1.615534  1.957453
508.5  0.331888  1.618618  1.950506
509.0  0.324074  1.610974  1.935048
509.5  0.322063  1.595305  1.917368
510.0  0.327323  1.568907  1.896231
510.5  0.338529  1.535142  1.873670
511.0  0.352424  1.500837  1.853262
511.5  0.365614  1.468696  1.834311
512.0  0.376024  1.443612  1.819636
512.5  0.383220  1.426993  1.810213
513.0  0.387727  1.415990  1.803716
513.5  0.390160  1.407661  1.797821
514.0  0.390881  1.405490  1.796370
514.5  0.390228  1.405814  1.796042
515.0  0.388881  1.407150  1.796031
515.5  0.387808  1.407147  1.794956
516.0  0.387750  1.404566  1.792316
516.5  0.388587  1.399600  1.788186
517.0  0.389149  1.391448  1.780597
517.5  0.387767  1.383074  1.770841
518.0  0.383353  1.375270  1.758623
518.5  0.376458  1.368159  1.744617
519.0  0.369599  1.361583  1.731182
519.5  0.366448  1.352235  1.718683
520.0  0.370132  1.336568  1.706700
520.5  0.381551  1.317438  1.698988
521.0  0.398797  1.296659  1.695456
521.5  0.418091  1.276904  1.694994
522.0  0.435552  1.263311  1.698863
522.5  0.448613  1.258392  1.707005
523.0  0.456318  1.260459  1.716777
523.5  0.458714  1.267261  1.725975
524.0  0.456121  1.281740  1.737861
524.5  0.448902  1.300347  1.749248
525.0  0.437737  1.320139  1.757876
525.5  0.423909  1.339499  1.763407
526.0  0.409141  1.358564  1.767705
526.5  0.394947  1.374783  1.769730
527.0  0.381900  1.387470  1.769370
527.5  0.369385  1.400505  1.769890
528.0  0.356126  1.413046  1.769172
528.5  0.341288  1.428221  1.769508
529.0  0.325554  1.447526  1.773080
529.5  0.311452  1.470207  1.781658
530.0  0.302514  1.491887  1.794400
530.5  0.301575  1.510601  1.812175
531.0  0.309176  1.525416  1.834593
531.5  0.323158  1.538146  1.861304
532.0  0.339736  1.549887  1.889623
532.5  0.355284  1.561242  1.916526
533.0  0.367610  1.573727  1.941337
533.5  0.376090  1.584223  1.960313
534.0  0.380968  1.593158  1.974126
534.5  0.382625  1.597190  1.979815
535.0  0.381355  1.597501  1.978856
535.5  0.377601  1.595987  1.973588
536.0  0.372167  1.591021  1.963189
536.5  0.366055  1.583866  1.949921
537.0  0.359941  1.577257  1.937198
537.5  0.353715  1.570714  1.924429
538.0  0.346513  1.568165  1.914678
538.5  0.337415  1.571916  1.909332
539.0  0.326500  1.580838  1.907337
539.5  0.315654  1.594057  1.909711
540.0  0.308500  1.608888  1.917389
540.5  0.309176  1.617962  1.927139
541.0  0.320426  1.621007  1.941433
541.5  0.342052  1.615012  1.957064
542.0  0.370736  1.601108  1.971844
542.5  0.401373  1.585788  1.987161
543.0  0.429001  1.570012  1.999013
543.5  0.450160  1.555124  2.005284
544.0  0.463150  1.539877  2.003027
544.5  0.467565  1.525873  1.993438
545.0  0.463818  1.512916  1.976734
545.5  0.453021  1.500343  1.953363
546.0  0.437049  1.488916  1.925965
546.5  0.418370  1.477460  1.895830
547.0  0.399405  1.466723  1.866128
547.5  0.381664  1.456602  1.838266
548.0  0.365151  1.448116  1.813267
548.5  0.348505  1.445381  1.793886
549.0  0.329943  1.448705  1.778648
549.5  0.308633  1.460579  1.769212
550.0  0.285819  1.478506  1.764325
550.5  0.265025  1.496356  1.761381
551.0  0.251042  1.510570  1.761612
551.5  0.248054  1.513444  1.761499
552.0  0.257904  1.503509  1.761414
552.5  0.279455  1.482476  1.761931
553.0  0.309297  1.450281  1.759578
553.5  0.343117  1.412051  1.755168
554.0  0.376815  1.372770  1.749585
554.5  0.406983  1.334677  1.741660
555.0  0.431020  1.299612  1.730632
555.5  0.447314  1.272923  1.720237
556.0  0.455560  1.252553  1.708112
556.5  0.456909  1.238743  1.695651
557.0  0.453594  1.232722  1.686316
557.5  0.447993  1.231271  1.679264
558.0  0.441505  1.233463  1.674968
558.5  0.433831  1.240487  1.674318
559.0  0.423089  1.252982  1.676071
559.5  0.406821  1.273623  1.680444
560.0  0.383483  1.303980  1.687464
560.5  0.353754  1.340297  1.694051
561.0  0.320962  1.379893  1.700855
561.5  0.290262  1.418280  1.708542
562.0  0.266898  1.446022  1.712920
562.5  0.254451  1.462112  1.716563
563.0  0.254039  1.464504  1.718542
563.5  0.264681  1.454393  1.719074
564.0  0.284197  1.434757  1.718954
564.5  0.309851  1.408534  1.718385
565.0  0.338580  1.380745  1.719325
565.5  0.367201  1.355298  1.722499
566.0  0.392963  1.334799  1.727762
566.5  0.414313  1.322800  1.737114
567.0  0.431354  1.292244  1.723598
567.5  0.445552  1.295684  1.741235
568.0  0.458732  1.264433  1.723165
568.5  0.471830  1.270677  1.742508
569.0  0.484057  1.238087  1.722145
569.5  0.492952  1.246984  1.739935
570.0  0.495364  1.229218  1.724582
570.5  0.488950  1.247509  1.736459
571.0  0.473463  1.256880  1.730343
571.5  0.451136  1.280369  1.731505
572.0  0.425848  1.308926  1.734774
572.5  0.401493  1.328274  1.729766
573.0  0.380567  1.357369  1.737936
573.5  0.363830  1.364373  1.728204
574.0  0.351029  1.386272  1.737300
574.5  0.341816  1.386492  1.728308
575.0  0.336035  1.399655  1.735689
575.5  0.333332  1.398315  1.731646
576.0  0.332799  1.400640  1.733438
576.5  0.333199  1.400209  1.733408
577.0  0.333709  1.397294  1.731003
577.5  0.334552  1.403006  1.737558
578.0  0.336962  1.392030  1.728993
578.5  0.342377  1.394675  1.737051
579.0  0.351317  1.373742  1.725059
579.5  0.362635  1.372483  1.735118
580.0  0.373608  1.353932  1.727540
580.5  0.380946  1.351533  1.732479
581.0  0.382266  1.347821  1.730087
581.5  0.377314  1.348671  1.725984
582.0  0.368214  1.367328  1.735542
582.5  0.358486  1.362025  1.720511
583.0  0.351323  1.386853  1.738176
583.5  0.348200  1.370413  1.718613
584.0  0.348683  1.391017  1.739700
584.5  0.351361  1.369343  1.720703
585.0  0.354943  1.381043  1.735986
585.5  0.358665  1.366030  1.724695
586.0  0.361945  1.373383  1.735328
586.5  0.363979  1.365043  1.729022
587.0  0.363861  1.367063  1.730925
587.5  0.361195  1.368925  1.730121
588.0  0.356637  1.375630  1.732266
588.5  0.351833  1.382085  1.733918
589.0  0.348668  1.384339  1.733008
589.5  0.348241  1.382096  1.730337
590.0  0.350182  1.383297  1.733479
590.5  0.352755  1.376416  1.729171
591.0  0.353769  1.383476  1.737245
591.5  0.351860  1.373438  1.725298
592.0  0.347473  1.390937  1.738410
592.5  0.342881  1.379897  1.722777
593.0  0.341093  1.402273  1.743365
593.5  0.344210  1.380703  1.724913
594.0  0.352298  1.387462  1.739759
594.5  0.363528  1.361143  1.724671
595.0  0.375366  1.357869  1.733235
595.5  0.385803  1.345146  1.730949
596.0  0.393799  1.335303  1.729103
596.5  0.398945  1.337998  1.736943
597.0  0.401006  1.324805  1.725811
597.5  0.399892  1.338684  1.738576
598.0  0.396021  1.328997  1.725018
598.5  0.390599  1.347546  1.738145
599.0  0.385384  1.341836  1.727220
599.5  0.381958  1.354323  1.736281
600.0  0.380876  1.348514  1.729390
600.5  0.381242  1.350580  1.731822
601.0  0.381027  1.348641  1.729667
601.5  0.378100  1.351052  1.729152
602.0  0.371514  1.360494  1.732007
602.5  0.362381  1.365829  1.728210
603.0  0.353731  1.378015  1.731746
603.5  0.349234  1.378641  1.727874
604.0  0.351429  1.378111  1.729540
604.5  0.360545  1.369158  1.729704
605.0  0.374629  1.351122  1.725751
605.5  0.390709  1.344259  1.734968
606.0  0.406016  1.316101  1.722117
606.5  0.418494  1.319419  1.737913
607.0  0.426669  1.291152  1.717821
607.5  0.429468  1.309741  1.739208
608.0  0.426391  1.292315  1.718705
608.5  0.417907  1.320029  1.737935
609.0  0.405607  1.316792  1.722398
609.5  0.391798  1.343631  1.735429
610.0  0.378635  1.348192  1.726827
610.5  0.367221  1.363433  1.730654
611.0  0.357180  1.371918  1.729099
611.5  0.346983  1.381971  1.728953
612.0  0.334958  1.395900  1.730858
612.5  0.320571  1.408332  1.728903
613.0  0.305309  1.425300  1.730609
613.5  0.292566  1.438610  1.731176
614.0  0.286395  1.443284  1.729679
614.5  0.289723  1.443259  1.732982
615.0  0.303093  1.423997  1.727090
615.5  0.324667  1.411043  1.735711
616.0  0.351273  1.372486  1.723759
616.5  0.379578  1.356348  1.735926
617.0  0.406693  1.315354  1.722047
617.5  0.430239  1.304880  1.735119
618.0  0.448375  1.272967  1.721342
618.5  0.460083  1.272821  1.732904
619.0  0.465525  1.260357  1.725882
619.5  0.466044  1.262174  1.728218
620.0  0.463594  1.267731  1.731325
620.5  0.459789  1.265170  1.724959
621.0  0.455040  1.280144  1.735185
621.5  0.448259  1.273991  1.722250
622.0  0.437354  1.299589  1.736942
622.5  0.420407  1.301376  1.721783
623.0  0.397036  1.338113  1.735149
623.5  0.369244  1.355293  1.724537
624.0  0.341182  1.393374  1.734556
624.5  0.317720  1.410852  1.728573
625.0  0.302582  1.428812  1.731393
625.5  0.297121  1.432317  1.729438
626.0  0.300429  1.429262  1.729691
626.5  0.310405  1.419792  1.730197
627.0  0.324812  1.405508  1.730320
627.5  0.341661  1.388705  1.730365
628.0  0.359087  1.373736  1.732824
628.5  0.375287  1.354258  1.729546
629.0  0.388820  1.346956  1.735776
629.5  0.399049  1.326703  1.725752
630.0  0.406273  1.331299  1.737572
630.5  0.411291  1.310643  1.721934
631.0  0.414607  1.323382  1.737989
631.5  0.415727  1.305456  1.721183
632.0  0.413011  1.325851  1.738863
632.5  0.404286  1.319552  1.723837
633.0  0.388024  1.346487  1.734511
633.5  0.364563  1.362226  1.726788
634.0  0.336653  1.394346  1.730999
634.5  0.308847  1.421873  1.730720
635.0  0.285856  1.442070  1.727926
635.5  0.270761  1.461613  1.732374
636.0  0.264183  1.462536  1.726719
636.5  0.264851  1.467236  1.732086
637.0  0.270930  1.456218  1.727148
637.5  0.281025  1.448146  1.729172
638.0  0.294290  1.434215  1.728506
638.5  0.309972  1.416860  1.726831
639.0  0.327113  1.402999  1.730111
639.5  0.344750  1.381509  1.726259
640.0  0.362350  1.367893  1.730242
640.5  0.379977  1.344947  1.724924
641.0  0.397918  1.331015  1.728933
641.5  0.415940  1.310637  1.726577
642.0  0.432670  1.292353  1.725022
642.5  0.445556  1.282853  1.728409
643.0  0.451599  1.270094  1.721693
643.5  0.448615  1.284933  1.733548
644.0  0.436481  1.282992  1.719473
644.5  0.417608  1.316845  1.734453
645.0  0.396182  1.323068  1.719250
645.5  0.376407  1.357668  1.734075
646.0  0.360742  1.361909  1.722651
646.5  0.349291  1.382799  1.732090
647.0  0.340682  1.384282  1.724964
647.5  0.333641  1.394910  1.728551
648.0  0.328004  1.401194  1.729198
648.5  0.324589  1.403842  1.728430
649.0  0.324360  1.404330  1.728690
649.5  0.327756  1.398549  1.726305
650.0  0.334669  1.393478  1.728147
650.5  0.344872  1.384922  1.729794
651.0  0.358334  1.367647  1.725981
651.5  0.375067  1.355259  1.730326
652.0  0.394560  1.329334  1.723894
652.5  0.415251  1.317715  1.732966
653.0  0.434467  1.287204  1.721671
653.5  0.449072  1.282218  1.731289
654.0  0.456644  1.265996  1.722639
654.5  0.456656  1.275009  1.731665
655.0  0.450947  1.274102  1.725050
655.5  0.442981  1.284279  1.727260
656.0  0.436082  1.293178  1.729260
656.5  0.431669  1.292933  1.724602
657.0  0.428670  1.303280  1.731950
657.5  0.424547  1.298213  1.722761
658.0  0.417106  1.316909  1.734015
658.5  0.405773  1.317117  1.722889
659.0  0.391646  1.341702  1.733348
659.5  0.376654  1.350013  1.726667
660.0  0.362689  1.371343  1.734033
660.5  0.351264  1.377090  1.728354
661.0  0.343585  1.387666  1.731251
661.5  0.340611  1.390198  1.730809
662.0  0.342781  1.388871  1.731652
662.5  0.349497  1.382176  1.731673
663.0  0.358751  1.372256  1.731007
663.5  0.367303  1.362692  1.729995
664.0  0.371567  1.360667  1.732234
664.5  0.369004  1.358622  1.727626
665.0  0.359422  1.374879  1.734301
665.5  0.345426  1.379991  1.725416
666.0  0.331494  1.405587  1.737081
666.5  0.321932  1.401572  1.723505
667.0  0.318819  1.417254  1.736073
667.5  0.321262  1.402177  1.723438
668.0  0.326405  1.408391  1.734796
668.5  0.331364  1.396014  1.727378
669.0  0.334690  1.396877  1.731567
669.5  0.336608  1.393896  1.730504
670.0  0.338316  1.390771  1.729087
670.5  0.341162  1.393372  1.734535
671.0  0.346241  1.382134  1.728375
671.5  0.354386  1.378964  1.733350
672.0  0.366168  1.360992  1.727160
672.5  0.381631  1.351011  1.732642
673.0  0.399842  1.330296  1.730138
673.5  0.418583  1.313523  1.732106
674.0  0.434577  1.295895  1.730472
674.5  0.444382  1.285753  1.730136
675.0  0.445745  1.285785  1.731530
675.5  0.438818  1.289417  1.728235
676.0  0.426474  1.303449  1.729923
676.5  0.413222  1.317015  1.730238
677.0  0.403047  1.325149  1.728195
677.5  0.397376  1.334116  1.731492
678.0  0.394541  1.329489  1.724031
678.5  0.391075  1.342883  1.733957
679.0  0.383894  1.337365  1.721260
679.5  0.371883  1.363027  1.734911
680.0  0.356097  1.365600  1.721697
680.5  0.338921  1.396061  1.734982
681.0  0.323038  1.401170  1.724208
681.5  0.310788  1.421753  1.732541
682.0  0.303954  1.422875  1.726829
682.5  0.303625  1.425775  1.729401
683.0  0.309898  1.418723  1.728621
683.5  0.321491  1.405250  1.726741
684.0  0.335588  1.392947  1.728536
684.5  0.348243  1.378201  1.726444
685.0  0.355474  1.373047  1.728521
685.5  0.354790  1.372640  1.727429
686.0  0.346505  1.379057  1.725563
686.5  0.334043  1.395148  1.729191
687.0  0.322717  1.402385  1.725101
687.5  0.317382  1.414410  1.731793
688.0  0.320215  1.404577  1.724792
688.5  0.330005  1.401038  1.731044
689.0  0.343327  1.381259  1.724586
689.5  0.356614  1.372117  1.728731
690.0  0.367703  1.361699  1.729402
690.5  0.376136  1.348184  1.724320
691.0  0.382535  1.348676  1.731212
691.5  0.387852  1.333954  1.721806
692.0  0.392982  1.342969  1.735951
692.5  0.398696  1.322346  1.721042
693.0  0.405556  1.329037  1.734592
693.5  0.413608  1.308920  1.722528
694.0  0.421959  1.312320  1.734279
694.5  0.428572  1.296950  1.725522
695.0  0.430589  1.300711  1.731300
695.5  0.425300  1.302548  1.727848
696.0  0.411468  1.318445  1.729913
696.5  0.390427  1.339994  1.730421
697.0  0.366185  1.364258  1.730443
697.5  0.344150  1.385890  1.730040
698.0  0.328935  1.401383  1.730318
698.5  0.322483  1.406530  1.729013
699.0  0.323740  1.409630  1.733370
699.5  0.330004  1.395706  1.725710
700.0  0.338862  1.395454  1.734316
700.5  0.349323  1.375262  1.724584
701.0  0.361661  1.375219  1.736880
701.5  0.376493  1.346791  1.723285
702.0  0.393995  1.340723  1.734718
702.5  0.413716  1.310652  1.724368
703.0  0.434829  1.297306  1.732135
703.5  0.456342  1.271735  1.728077
704.0  0.476995  1.251785  1.728780
704.5  0.494948  1.236816  1.731764
705.0  0.507607  1.216894  1.724501
705.5  0.511946  1.222026  1.733972
706.0  0.505414  1.219550  1.724965
706.5  0.487177  1.248748  1.735926
707.0  0.459059  1.266119  1.725179
707.5  0.425451  1.309240  1.734692
708.0  0.391860  1.336838  1.728698
708.5  0.362657  1.370829  1.733485
709.0  0.339372  1.390642  1.730014
709.5  0.320734  1.410517  1.731252
710.0  0.304412  1.428044  1.732456
710.5  0.289115  1.441912  1.731027
711.0  0.275578  1.457686  1.733263
711.5  0.265973  1.466864  1.732837
712.0  0.262541  1.470660  1.733202
712.5  0.266538  1.468600  1.735137
713.0  0.278028  1.451037  1.729065
713.5  0.296270  1.441554  1.737824
714.0  0.320076  1.405235  1.725310
714.5  0.347775  1.391512  1.739287
715.0  0.376898  1.346217  1.723114
715.5  0.403992  1.335763  1.739756
716.0  0.424997  1.299838  1.724835
716.5  0.436284  1.303128  1.739413
717.0  0.436088  1.292204  1.728292
717.5  0.425601  1.310341  1.735942
718.0  0.408914  1.325689  1.734603
718.5  0.391405  1.343002  1.734407
719.0  0.377181  1.359338  1.736519
719.5  0.367155  1.364394  1.731549
720.0  0.359111  1.378462  1.737573
720.5  0.349770  1.381954  1.731723
721.0  0.337312  1.398324  1.735636
721.5  0.322603  1.410331  1.732934
722.0  0.308553  1.425414  1.733967
722.5  0.298472  1.437801  1.736273
723.0  0.294691  1.437446  1.732137
723.5  0.298175  1.439683  1.737857
724.0  0.308882  1.423226  1.732107
724.5  0.326194  1.411247  1.737441
725.0  0.348934  1.381987  1.730921
725.5  0.375017  1.360811  1.735828
726.0  0.401181  1.333649  1.734830
726.5  0.423293  1.307704  1.730997
727.0  0.437426  1.300009  1.737434
727.5  0.441401  1.284369  1.725770
728.0  0.436029  1.305001  1.741030
728.5  0.425101  1.300473  1.725574
729.0  0.413684  1.330510  1.744193
729.5  0.405387  1.320047  1.725434
730.0  0.400314  1.341430  1.741744
730.5  0.395219  1.333104  1.728322
731.0  0.385866  1.352982  1.738847
731.5  0.369930  1.361271  1.731201
732.0  0.348499  1.387178  1.735677
732.5  0.325471  1.409671  1.735141
733.0  0.305636  1.431062  1.736698
733.5  0.292841  1.445380  1.738222
734.0  0.289129  1.448334  1.737463
734.5  0.294822  1.442907  1.737729
735.0  0.308980  1.430041  1.739021
735.5  0.329664  1.405093  1.734757
736.0  0.353942  1.385362  1.739304
736.5  0.377941  1.352013  1.729954
737.0  0.397367  1.344388  1.741755
737.5  0.408642  1.317719  1.726361
738.0  0.410370  1.332022  1.742392
738.5  0.404335  1.320672  1.725007
739.0  0.395162  1.346839  1.742001
739.5  0.388313  1.338525  1.726839
740.0  0.387246  1.350887  1.738133
740.5  0.391484  1.338473  1.729957
741.0  0.396992  1.335205  1.732197
741.5  0.398670  1.336900  1.735570
742.0  0.393257  1.335215  1.728472
742.5  0.380847  1.359948  1.740796
743.0  0.364419  1.363430  1.727849
743.5  0.348143  1.393394  1.741537
744.0  0.335708  1.394395  1.730103
744.5  0.329475  1.414030  1.743505
745.0  0.330436  1.403336  1.733772
745.5  0.338487  1.400959  1.739446
746.0  0.352563  1.381908  1.734471
746.5  0.370557  1.367093  1.737650
747.0  0.389333  1.348721  1.738054
747.5  0.405212  1.327869  1.733081
748.0  0.415061  1.321532  1.736592
748.5  0.417664  1.317971  1.735635
749.0  0.414648  1.324805  1.739453
749.5  0.410108  1.324897  1.735004
750.0  0.408698  1.326048  1.734746
750.5  0.413019  1.327441  1.740460
751.0  0.421946  1.310197  1.732143
751.5  0.431154  1.311578  1.742731
752.0  0.435564  1.291542  1.727106
752.5  0.432057  1.315495  1.747552
753.0  0.420801  1.305579  1.726379
753.5  0.404722  1.340318  1.745040
754.0  0.387873  1.339756  1.727629
754.5  0.373880  1.372086  1.745966
755.0  0.365150  1.368266  1.733416
755.5  0.362816  1.378956  1.741772
756.0  0.366934  1.371342  1.738276
756.5  0.376536  1.362553  1.739090
757.0  0.389505  1.350626  1.740130
757.5  0.402572  1.334940  1.737512
758.0  0.411834  1.329873  1.741707
758.5  0.413909  1.325231  1.739140
759.0  0.407437  1.331779  1.739216
759.5  0.394144  1.345668  1.739812
760.0  0.378556  1.359282  1.737838
760.5  0.366036  1.376903  1.742939
761.0  0.359985  1.375232  1.735217
761.5  0.359956  1.384284  1.744239
762.0  0.362081  1.368779  1.730860
762.5  0.361522  1.381822  1.743345
763.0  0.355231  1.375201  1.730432
763.5  0.343266  1.400499  1.743765
764.0  0.328230  1.405347  1.733576
764.5  0.313641  1.424222  1.737863
765.0  0.302465  1.434888  1.737353
765.5  0.296454  1.435847  1.732302
766.0  0.296210  1.445882  1.742092
766.5  0.301469  1.426830  1.728299
767.0  0.311209  1.432742  1.743951
767.5  0.323552  1.403878  1.727430
768.0  0.335758  1.409050  1.744808
768.5  0.344677  1.384954  1.729632
769.0  0.347775  1.393075  1.740850
769.5  0.344453  1.387195  1.731648
770.0  0.336926  1.402650  1.739576
770.5  0.329798  1.405802  1.735600
771.0  0.328077  1.409490  1.737567
771.5  0.334497  1.402666  1.737163
772.0  0.347875  1.389189  1.737065
772.5  0.363753  1.372821  1.736574
773.0  0.376940  1.359874  1.736813
773.5  0.384195  1.350095  1.734290
774.0  0.385419  1.354292  1.739711
774.5  0.383004  1.348978  1.731982
775.0  0.380220  1.362289  1.742509
775.5  0.379796  1.348337  1.728133
776.0  0.383278  1.361720  1.744997
776.5  0.391051  1.334514  1.725566
777.0  0.402552  1.341820  1.744372
777.5  0.416348  1.310501  1.726849
778.0  0.430091  1.311612  1.741703
778.5  0.440643  1.287931  1.728573
779.0  0.444670  1.290304  1.734974
779.5  0.439777  1.294499  1.734277
780.0  0.425790  1.306206  1.731996
780.5  0.405427  1.332778  1.738205
781.0  0.383591  1.347229  1.730820
781.5  0.365233  1.374872  1.740105
782.0  0.352875  1.378398  1.731273
782.5  0.345463  1.393766  1.739229
783.0  0.339467  1.393873  1.733340
783.5  0.331469  1.405189  1.736658
784.0  0.320445  1.415517  1.735962
784.5  0.308354  1.427086  1.735439
785.0  0.299013  1.439951  1.738964
785.5  0.296288  1.436063  1.732351
786.0  0.302677  1.437194  1.739871
786.5  0.318797  1.413796  1.732594
787.0  0.343550  1.396199  1.739750
787.5  0.374528  1.357499  1.732026
788.0  0.408321  1.328979  1.737300
788.5  0.440773  1.295954  1.736726
789.0  0.467405  1.265606  1.733011
789.5  0.484267  1.254987  1.739254
790.0  0.489150  1.238752  1.727902
790.5  0.482696  1.260902  1.743599
791.0  0.468603  1.297182  1.765785
791.5  0.452279  1.337138  1.789417
792.0  0.438253  1.375697  1.813950
792.5  0.427750  1.411931  1.839680
793.0  0.418147  1.445703  1.863849
793.5  0.404847  1.477373  1.882220
794.0  0.384355  1.511765  1.896119
794.5  0.356548  1.551018  1.907566
795.0  0.324947  1.590535  1.915482
795.5  0.295211  1.623006  1.918217
796.0  0.273012  1.644657  1.917669
796.5  0.262392  1.655382  1.917774
797.0  0.265054  1.654350  1.919404
797.5  0.280401  1.642360  1.922762
798.0  0.305898  1.624354  1.930252
798.5  0.337490  1.606844  1.944334
799.0  0.370096  1.594523  1.964619
799.5  0.398367  1.594001  1.992368
800.0  0.417868  1.609155  2.027023
800.5  0.426500  1.639580  2.066080
801.0  0.425571  1.680553  2.106124
801.5  0.419644  1.724396  2.144040
802.0  0.414645  1.761965  2.176611
802.5  0.414838  1.785292  2.200130
803.0  0.420385  1.794026  2.214410
803.5  0.427219  1.790976  2.218195
804.0  0.429450  1.781297  2.210746
804.5  0.422695  1.771943  2.194638
805.0  0.406290  1.768943  2.175233
805.5  0.383356  1.770445  2.153801
806.0  0.359178  1.772793  2.131971
806.5  0.339130  1.772755  2.111884
807.0  0.327154  1.769619  2.096773
807.5  0.325165  1.761541  2.086706
808.0  0.333114  1.747304  2.080418
808.5  0.349290  1.730209  2.079499
809.0  0.370583  1.713569  2.084152
809.5  0.392777  1.698642  2.091419
810.0  0.411109  1.690356  2.101465
810.5  0.421341  1.691558  2.112900
811.0  0.421234  1.702933  2.124167
811.5  0.411840  1.719230  2.131070
812.0  0.397615  1.734885  2.132500
812.5  0.384663  1.743182  2.127845
813.0  0.377562  1.738203  2.115765
813.5  0.376614  1.716667  2.093281
814.0  0.377496  1.686512  2.064008
814.5  0.373718  1.656085  2.029803
815.0  0.360252  1.632904  1.993156
815.5  0.336056  1.621842  1.957897
816.0  0.304331  1.622500  1.926831
816.5  0.270919  1.628332  1.899250
817.0  0.242122  1.636684  1.878806
817.5  0.223023  1.644422  1.867445
818.0  0.216690  1.643859  1.860549
818.5  0.224039  1.632331  1.856371
819.0  0.243981  1.613541  1.857521
819.5  0.273584  1.585843  1.859427
820.0  0.308347  1.550803  1.859150
820.5  0.342806  1.515398  1.858204
821.0  0.371699  1.483708  1.855407
821.5  0.391605  1.457171  1.848776
822.0  0.402447  1.436616  1.839062
822.5  0.407849  1.417741  1.825590
823.0  0.413536  1.397318  1.810854
823.5  0.424125  1.372044  1.796169
824.0  0.440137  1.342963  1.783100
824.5  0.457330  1.313801  1.771131
825.0  0.468934  1.295873  1.764808
825.5  0.469236  1.297093  1.766330
826.0  0.456213  1.318956  1.775169
826.5  0.431969  1.357618  1.789587
827.0  0.401363  1.407727  1.809091
827.5  0.370065  1.461533  1.831598
828.0  0.343045  1.512705  1.855750
828.5  0.323838  1.557831  1.881669
829.0  0.314342  1.588891  1.903233
829.5  0.314784  1.604605  1.919390
830.0  0.323675  1.609774  1.933449
830.5  0.337882  1.604946  1.942828
831.0  0.353100  1.594554  1.947653
831.5  0.364983  1.586103  1.951086
832.0  0.370834  1.581120  1.951954
832.5  0.371192  1.579729  1.950920
833.0  0.370203  1.581821  1.952025
833.5  0.373917  1.581978  1.955895
834.0  0.386900  1.576191  1.963091
834.5  0.409132  1.566313  1.975445
835.0  0.435397  1.557676  1.993073
835.5  0.457705  1.557609  2.015314
836.0  0.469113  1.573515  2.042628
836.5  0.466539  1.607908  2.074447
837.0  0.451332  1.655587  2.106919
837.5  0.427973  1.709054  2.137027
838.0  0.402123  1.761796  2.163919
838.5  0.379006  1.806069  2.185075
839.0  0.362471  1.835265  2.197737
839.5  0.354578  1.846389  2.200967
840.0  0.355432  1.840652  2.196084
840.5  0.363146  1.822242  2.185387
841.0  0.374048  1.795777  2.169825
841.5  0.383375  1.767882  2.151257
842.0  0.386611  1.744703  2.131314
842.5  0.381277  1.731337  2.112614
843.0  0.368463  1.728859  2.097322
843.5  0.353017  1.734547  2.087564
844.0  0.341656  1.740028  2.081684
844.5  0.339584  1.740129  2.079714
845.0  0.347566  1.734254  2.081820
845.5  0.361460  1.725972  2.087432
846.0  0.374561  1.722029  2.096590
846.5  0.381081  1.724319  2.105401
847.0  0.378612  1.733552  2.112164
847.5  0.368534  1.747141  2.115675
848.0  0.354789  1.758628  2.113417
848.5  0.342105  1.763073  2.105178
849.0  0.334549  1.753943  2.088492
849.5  0.334702  1.729730  2.064433
850.0  0.343332  1.691742  2.035073
850.5  0.359338  1.642027  2.001365
851.0  0.379853  1.586967  1.966820
851.5  0.400583  1.534415  1.934998
852.0  0.416557  1.491895  1.908452
852.5  0.423425  1.463702  1.887127
853.0  0.419084  1.453525  1.872608
853.5  0.404989  1.463261  1.868250
854.0  0.386167  1.482007  1.868174
854.5  0.369318  1.498917  1.868235
855.0  0.359616  1.511498  1.871113
855.5  0.358045  1.516922  1.874967
856.0  0.361100  1.516802  1.877901
856.5  0.363038  1.514633  1.877671
857.0  0.359115  1.514123  1.873238
857.5  0.347812  1.518832  1.866644
858.0  0.331152  1.524340  1.855492
858.5  0.313516  1.528590  1.842106
859.0  0.299961  1.529428  1.829389
859.5  0.294809  1.521794  1.816603
860.0  0.300775  1.505576  1.806351
860.5  0.318540  1.483247  1.801787
861.0  0.346595  1.456505  1.803100
861.5  0.381301  1.429509  1.810811
862.0  0.417257  1.409637  1.826894
862.5  0.448161  1.402086  1.850247
863.0  0.468267  1.408326  1.876593
863.5  0.474213  1.430966  1.905179
864.0  0.466498  1.469127  1.935625
864.5  0.449595  1.514571  1.964166
865.0  0.430049  1.556505  1.986555
865.5  0.413205  1.591045  2.004250
866.0  0.400451  1.617205  2.017656
866.5  0.388863  1.636616  2.025479
867.0  0.373452  1.654831  2.028284
867.5  0.350397  1.678200  2.028598
868.0  0.319237  1.709401  2.028638
868.5  0.283116  1.747273  2.030389
869.0  0.247513  1.786484  2.033997
869.5  0.218468  1.821326  2.039795
870.0  0.201101  1.853160  2.054262
870.5  0.198696  1.876414  2.075110
871.0  0.212267  1.887532  2.099799
871.5  0.240422  1.889448  2.129871
872.0  0.279457  1.885742  2.165198
872.5  0.323736  1.876380  2.200116
873.0  0.366596  1.865258  2.231854
873.5  0.401863  1.859640  2.261503
874.0  0.425791  1.856702  2.282493
874.5  0.438639  1.854426  2.293065
875.0  0.444770  1.848913  2.293683
875.5  0.450564  1.834301  2.284864
876.0  0.460823  1.806409  2.267232
876.5  0.475753  1.766855  2.242608
877.0  0.490587  1.722996  2.213583
877.5  0.498128  1.687252  2.185380
878.0  0.492458  1.667299  2.159757
878.5  0.471602  1.665356  2.136958
879.0  0.438071  1.681906  2.119978
879.5  0.397671  1.710963  2.108634
880.0  0.357620  1.746309  2.103929
880.5  0.324799  1.779627  2.104426
881.0  0.304500  1.802713  2.107213
881.5  0.299634  1.811426  2.111060
882.0  0.310300  1.808109  2.118409
882.5  0.333669  1.793730  2.127399
883.0  0.364290  1.767485  2.131775
883.5  0.395051  1.736874  2.131925
884.0  0.418901  1.706945  2.125846
884.5  0.431123  1.681391  2.112513
885.0  0.431316  1.661487  2.092803
885.5  0.423838  1.642556  2.066393
886.0  0.415842  1.615065  2.030907
886.5  0.413490  1.577472  1.990962
887.0  0.418468  1.533309  1.951777
887.5  0.427107  1.486527  1.913633
888.0  0.432612  1.446741  1.879353
888.5  0.428765  1.423168  1.851934
889.0  0.412796  1.420121  1.832917
889.5  0.386193  1.434629  1.820823
890.0  0.353737  1.461274  1.815011
890.5  0.321733  1.492415  1.814148
891.0  0.296314  1.519568  1.815882
891.5  0.282193  1.537651  1.819844
892.0  0.281887  1.540572  1.822459
892.5  0.295319  1.526922  1.822241
893.0  0.319741  1.501301  1.821043
893.5  0.350067  1.467290  1.817357
894.0  0.379794  1.430198  1.809993
894.5  0.402630  1.394060  1.796690
895.0  0.414575  1.368622  1.783197
895.5  0.415656  1.354441  1.770097
896.0  0.410126  1.344368  1.754495
896.5  0.404442  1.333513  1.737955
897.0  0.403720  1.323358  1.727079
897.5  0.408776  1.312448  1.721224
898.0  0.415705  1.303002  1.718706
898.5  0.418205  1.306349  1.724554
899.0  0.410973  1.329158  1.740131
899.5  0.392108  1.365716  1.757824
900.0  0.363606  1.416820  1.780426
900.5  0.330307  1.474716  1.805023
901.0  0.298218  1.531138  1.829356
901.5  0.272949  1.578723  1.851672
902.0  0.258602  1.611685  1.870288
902.5  0.257129  1.625511  1.882641
903.0  0.268083  1.622096  1.890179
903.5  0.288706  1.605876  1.894582
904.0  0.314402  1.583429  1.897831
904.5  0.339696  1.558806  1.898503
905.0  0.359738  1.537307  1.897045
905.5  0.372085  1.527133  1.899219
906.0  0.377998  1.526025  1.904023
906.5  0.382197  1.530628  1.912825
907.0  0.390580  1.536750  1.927330
907.5  0.406785  1.540144  1.946929
908.0  0.429703  1.541552  1.971255
908.5  0.453656  1.548736  2.002393
909.0  0.471142  1.568695  2.039837
909.5  0.476272  1.602389  2.078661
910.0  0.466973  1.648643  2.115617
910.5  0.445198  1.704108  2.149305
911.0  0.415675  1.758082  2.173757
911.5  0.384165  1.805143  2.189308
912.0  0.355928  1.839072  2.195000
912.5  0.334707  1.853105  2.187812
913.0  0.322199  1.849923  2.172122
913.5  0.317933  1.833952  2.151884
914.0  0.319467  1.805401  2.124868
914.5  0.322935  1.771231  2.094166
915.0  0.324030  1.747359  2.071389
915.5  0.319471  1.731415  2.050886
916.0  0.308665  1.722086  2.030751
916.5  0.294802  1.725016  2.019818
917.0  0.284327  1.732278  2.016604
917.5  0.284347  1.732492  2.016839
918.0  0.298963  1.722346  2.021309
918.5  0.326715  1.705137  2.031852
919.0  0.360929  1.684433  2.045363
919.5  0.392757  1.667510  2.060267
920.0  0.414930  1.662312  2.077242
920.5  0.424172  1.668793  2.092965
921.0  0.421512  1.682871  2.104383
921.5  0.411044  1.698210  2.109254
922.0  0.398115  1.707939  2.106055
922.5  0.387705  1.707275  2.094980
923.0  0.383290  1.690838  2.074128
923.5  0.386224  1.658682  2.044905
924.0  0.395548  1.612985  2.008534
924.5  0.408188  1.561485  1.969673
925.0  0.419553  1.511444  1.930997
925.5  0.424647  1.471774  1.896421
926.0  0.419688  1.444430  1.864117
926.5  0.403930  1.435259  1.839189
927.0  0.380851  1.440981  1.821832
927.5  0.357612  1.451904  1.809516
928.0  0.342343  1.459194  1.801537
928.5  0.340295  1.457920  1.798215
929.0  0.351153  1.446533  1.797686
929.5  0.369309  1.426346  1.795655
930.0  0.386869  1.407495  1.794364
930.5  0.397373  1.396921  1.794294
931.0  0.398148  1.393815  1.791963
931.5  0.390581  1.397805  1.788386
932.0  0.378859  1.403448  1.782307
932.5  0.368188  1.406526  1.774714
933.0  0.363202  1.401528  1.764730
933.5  0.366863  1.385094  1.751956
934.0  0.379866  1.358378  1.738244
934.5  0.400482  1.323519  1.724001
935.0  0.424811  1.287639  1.712450
935.5  0.447487  1.255781  1.703267
936.0  0.462884  1.234935  1.697819
936.5  0.466787  1.231402  1.698188
937.0  0.458122  1.245432  1.703554
937.5  0.439939  1.270771  1.710710
938.0  0.418663  1.300601  1.719264
938.5  0.401383  1.328903  1.730286
939.0  0.392347  1.350308  1.742656
939.5  0.390787  1.361737  1.752525
940.0  0.391539  1.368563  1.760103
940.5  0.388000  1.381234  1.769234
941.0  0.375470  1.399888  1.775359
941.5  0.353086  1.422997  1.776083
942.0  0.323821  1.453578  1.777399
942.5  0.293154  1.486325  1.779478
943.0  0.267286  1.509531  1.776817
943.5  0.251545  1.525190  1.776735
944.0  0.249228  1.529998  1.779225
944.5  0.260934  1.523761  1.784695
945.0  0.284421  1.509674  1.794095
945.5  0.314997  1.494104  1.809100
946.0  0.346496  1.486249  1.832745
946.5  0.372835  1.490011  1.862846
947.0  0.389919  1.508349  1.898268
947.5  0.397306  1.540001  1.937307
948.0  0.398669  1.578529  1.977198
948.5  0.400212  1.613503  2.013715
949.0  0.407298  1.636092  2.043390
949.5  0.421038  1.643321  2.064359
950.0  0.437124  1.638158  2.075283
950.5  0.447817  1.632137  2.079954
951.0  0.445772  1.630829  2.076601
951.5  0.427344  1.638129  2.065472
952.0  0.393825  1.656863  2.050688
952.5  0.350628  1.687523  2.038151
953.0  0.305384  1.720151  2.025534
953.5  0.265911  1.749057  2.014968
954.0  0.238602  1.771870  2.010472
954.5  0.227324  1.782363  2.009687
955.0  0.232828  1.778638  2.011466
955.5  0.252652  1.767447  2.020100
956.0  0.281580  1.754214  2.035795
956.5  0.312742  1.741549  2.054290
957.0  0.339369  1.737543  2.076912
957.5  0.357007  1.744707  2.101714
958.0  0.365485  1.757147  2.122632
958.5  0.369505  1.768722  2.138227
959.0  0.376812  1.772055  2.148867
959.5  0.394153  1.754596  2.148749
960.0  0.423093  1.714892  2.137985
960.5  0.458451  1.658610  2.117061
961.0  0.490523  1.597020  2.087543
961.5  0.509565  1.542032  2.051596
962.0  0.509755  1.505384  2.015138
962.5  0.490780  1.487075  1.977855
963.0  0.457089  1.487815  1.944904
963.5  0.415909  1.501291  1.917200
964.0  0.375134  1.518862  1.893996
964.5  0.341631  1.534428  1.876059
965.0  0.320089  1.544858  1.864947
965.5  0.312327  1.546999  1.859326
966.0  0.317048  1.538390  1.855438
966.5  0.330085  1.523676  1.853760
967.0  0.345292  1.508515  1.853807
967.5  0.356182  1.496358  1.852540
968.0  0.358201  1.491038  1.849239
968.5  0.351018  1.495460  1.846477
969.0  0.339534  1.501477  1.841011
969.5  0.332315  1.499272  1.831587
970.0  0.337388  1.480165  1.817553
970.5  0.357512  1.443855  1.801367
971.0  0.388093  1.393473  1.781566
971.5  0.419282  1.342544  1.761826
972.0  0.440751  1.304225  1.744976
972.5  0.446047  1.282957  1.729004
973.0  0.434383  1.282315  1.716699
973.5  0.409840  1.301185  1.711025
974.0  0.379241  1.332885  1.712125
974.5  0.349946  1.362933  1.712880
975.0  0.328199  1.390271  1.718470
975.5  0.318101  1.411930  1.730031
976.0  0.321094  1.418648  1.739742
976.5  0.335786  1.410528  1.746314
977.0  0.358148  1.398654  1.756803
977.5  0.382183  1.387358  1.769541
978.0  0.401297  1.372049  1.773346
978.5  0.410418  1.362706  1.773124
979.0  0.408379  1.368222  1.776601
979.5  0.399312  1.378283  1.777595
980.0  0.391559  1.385633  1.777192
980.5  0.393719  1.382299  1.776017
981.0  0.409719  1.366251  1.775970
981.5  0.436165  1.342497  1.778661
982.0  0.463907  1.321542  1.785449
982.5  0.482654  1.313783  1.796437
983.0  0.485489  1.327384  1.812873
983.5  0.470943  1.361981  1.832924
984.0  0.442406  1.414133  1.856539
984.5  0.406100  1.476594  1.882693
985.0  0.368911  1.540630  1.909542
985.5  0.336785  1.594560  1.931344
986.0  0.313775  1.636523  1.950297
986.5  0.301595  1.663071  1.964666
987.0  0.299500  1.672102  1.971602
987.5  0.304457  1.664718  1.969175
988.0  0.311735  1.653008  1.964743
988.5  0.316129  1.642152  1.958281
989.0  0.313880  1.633122  1.947001
989.5  0.304835  1.630481  1.935316
990.0  0.293615  1.634573  1.928188
990.5  0.288386  1.632811  1.921197
991.0  0.296963  1.620734  1.917697
991.5  0.322194  1.596068  1.918262
992.0  0.359729  1.561099  1.920829
992.5  0.399871  1.526851  1.926722
993.0  0.432182  1.503389  1.935570
993.5  0.449783  1.498205  1.947988
994.0  0.451178  1.488310  1.939488
994.5  0.439512  1.505923  1.945436
995.0  0.420500  1.521347  1.941848
995.5  0.400284  1.538531  1.938815
996.0  0.383881  1.566291  1.950172
996.5  0.374309  1.559753  1.934062
997.0  0.372232  1.581463  1.953695
997.5  0.375957  1.548966  1.924923
998.0  0.381744  1.572198  1.953942
998.5  0.384516  1.537634  1.922149
999.0  0.379177  1.570651  1.949828
999.5  0.362560  1.563096  1.925656
1000.0  0.335510  1.609509  1.945019
