0.0  0.280681  1.591151  1.871832
0.5  0.271588  1.600212  1.871800
1.0  0.270865  1.600777  1.871642
1.5  0.275985  1.595521  1.871506
2.0  0.285143  1.586479  1.871622
2.5  0.297602  1.574121  1.871723
3.0  0.312963  1.558654  1.871617
3.5  0.330150  1.541312  1.871462
4.0  0.347035  1.524354  1.871389
4.5  0.361199  1.510207  1.871406
5.0  0.371560  1.499898  1.871458
5.5  0.379800  1.492007  1.871807
6.0  0.390215  1.482058  1.872273
6.5  0.407421  1.464722  1.872143
7.0  0.433078  1.438747  1.871824
7.5  0.464088  1.407538  1.871626
8.0  0.493978  1.377360  1.871337
8.5  0.516586  1.354318  1.870905
9.0  0.529300  1.341833  1.871132
9.5  0.533557  1.338257  1.871815
10.0  0.532755  1.339305  1.872060
10.5  0.529538  1.342167  1.871705
11.0  0.524500  1.347212  1.871712
11.5  0.516795  1.354897  1.871692
12.0  0.505680  1.365966  1.871646
12.5  0.491624  1.379989  1.871614
13.0  0.476230  1.395830  1.872061
13.5  0.461197  1.411071  1.872269
14.0  0.447121  1.424591  1.871712
14.5  0.433021  1.438669  1.871690
15.0  0.417071  1.454945  1.872015
15.5  0.398320  1.473433  1.871753
16.0  0.378400  1.493502  1.871902
16.5  0.361848  1.510608  1.872456
17.0  0.354295  1.518213  1.872508
17.5  0.359382  1.513102  1.872484
18.0  0.376637  1.495706  1.872343
18.5  0.402134  1.469898  1.872031
19.0  0.431439  1.440204  1.871643
19.5  0.462317  1.409451  1.871768
20.0  0.494991  1.376910  1.871901
20.5  0.530085  1.341753  1.871838
21.0  0.566351  1.305438  1.871789
21.5  0.600202  1.271449  1.871652
22.0  0.627285  1.244045  1.871330
22.5  0.644704  1.226676  1.871381
23.0  0.652277  1.219219  1.871496
23.5  0.652123  1.219791  1.871914
24.0  0.647069  1.224797  1.871865
24.5  0.638934  1.232797  1.871731
25.0  0.627690  1.244161  1.871851
25.5  0.612003  1.259810  1.871813
26.0  0.590850  1.280728  1.871579
26.5  0.565218  1.306491  1.871709
27.0  0.538508  1.333844  1.872352
27.5  0.514962  1.357514  1.872477
28.0  0.496945  1.375363  1.872308
28.5  0.483260  1.389205  1.872465
29.0  0.470243  1.401843  1.872085
29.5  0.455034  1.416749  1.871783
30.0  0.438341  1.434161  1.872502
30.5  0.424229  1.448655  1.872883
31.0  0.417071  1.455957  1.873029
31.5  0.418188  1.454737  1.872925
32.0  0.424840  1.447940  1.872781
32.5  0.432128  1.440439  1.872567
33.0  0.436079  1.436362  1.872441
33.5  0.435687  1.436872  1.872559
34.0  0.432845  1.440246  1.873091
34.5  0.430657  1.442617  1.873274
35.0  0.431413  1.441585  1.872999
35.5  0.435432  1.437794  1.873226
36.0  0.441335  1.432279  1.873614
36.5  0.447503  1.426043  1.873547
37.0  0.453683  1.419262  1.872945
37.5  0.461445  1.411799  1.873244
38.0  0.472805  1.401278  1.874083
38.5  0.487789  1.385537  1.873326
39.0  0.503046  1.369300  1.872346
39.5  0.513172  1.359736  1.872908
40.0  0.514187  1.359307  1.873494
40.5  0.506455  1.367279  1.873734
41.0  0.494500  1.379304  1.873804
41.5  0.483723  1.390328  1.874051
42.0  0.476610  1.398162  1.874772
42.5  0.471379  1.402909  1.874288
43.0  0.463809  1.409373  1.873182
43.5  0.450529  1.422924  1.873453
44.0  0.431307  1.442889  1.874196
44.5  0.409112  1.465057  1.874169
45.0  0.388377  1.485681  1.874058
45.5  0.372805  1.501972  1.874777
46.0  0.363984  1.510822  1.874806
46.5  0.361443  1.513539  1.874982
47.0  0.363910  1.511104  1.875014
47.5  0.370827  1.504207  1.875034
48.0  0.382877  1.492282  1.875159
48.5  0.400869  1.474030  1.874899
49.0  0.423654  1.451309  1.874963
49.5  0.446987  1.427119  1.874106
50.0  0.464873  1.408842  1.873715
50.5  0.472949  1.401596  1.874545
51.0  0.471350  1.403018  1.874368
51.5  0.464583  1.409754  1.874337
52.0  0.458245  1.416399  1.874643
52.5  0.455141  1.420036  1.875178
53.0  0.453788  1.420656  1.874445
53.5  0.450185  1.423825  1.874010
54.0  0.441123  1.433266  1.874389
54.5  0.426512  1.447989  1.874502
55.0  0.409395  1.465421  1.874816
55.5  0.394147  1.481191  1.875337
56.0  0.384236  1.491366  1.875602
56.5  0.380870  1.494313  1.875183
57.0  0.383109  1.492208  1.875316
57.5  0.389215  1.486379  1.875594
58.0  0.398256  1.476698  1.874954
58.5  0.410745  1.463883  1.874628
59.0  0.427647  1.447486  1.875133
59.5  0.448394  1.426597  1.874991
60.0  0.469708  1.403957  1.873665
60.5  0.486712  1.386647  1.873359
61.0  0.495926  1.378186  1.874112
61.5  0.497779  1.376745  1.874524
62.0  0.496385  1.378221  1.874606
62.5  0.496500  1.377849  1.874349
63.0  0.500054  1.374755  1.874809
63.5  0.504981  1.369229  1.874210
64.0  0.507063  1.366482  1.873545
64.5  0.503106  1.370537  1.873643
65.0  0.493066  1.381137  1.874203
65.5  0.479958  1.394045  1.874004
66.0  0.468012  1.406058  1.874070
66.5  0.460474  1.414133  1.874607
67.0  0.458319  1.416433  1.874752
67.5  0.460476  1.413811  1.874287
68.0  0.465277  1.408949  1.874225
68.5  0.472082  1.402382  1.874463
69.0  0.481804  1.392470  1.874274
69.5  0.495699  1.378649  1.874348
70.0  0.513217  1.360963  1.874180
70.5  0.530885  1.343019  1.873905
71.0  0.543716  1.330167  1.873883
71.5  0.548543  1.325293  1.873836
72.0  0.546702  1.327191  1.873893
72.5  0.543681  1.330810  1.874490
73.0  0.545718  1.329063  1.874781
73.5  0.555885  1.318663  1.874548
74.0  0.572507  1.301748  1.874254
74.5  0.590780  1.283103  1.873883
75.0  0.605973  1.267882  1.873855
75.5  0.615794  1.258198  1.873992
76.0  0.620656  1.253479  1.874135
76.5  0.622211  1.252035  1.874247
77.0  0.621490  1.252926  1.874416
77.5  0.617884  1.256548  1.874433
78.0  0.609559  1.265008  1.874566
78.5  0.594926  1.279207  1.874133
79.0  0.574133  1.300417  1.874551
79.5  0.549315  1.325463  1.874777
80.0  0.523142  1.351506  1.874648
80.5  0.496615  1.377850  1.874466
81.0  0.468001  1.406240  1.874241
81.5  0.434225  1.439734  1.873959
82.0  0.393963  1.480012  1.873975
82.5  0.350027  1.524727  1.874754
83.0  0.308978  1.566724  1.875703
83.5  0.278053  1.598299  1.876351
84.0  0.261608  1.614396  1.876004
84.5  0.259564  1.616277  1.875841
85.0  0.268594  1.607331  1.875925
85.5  0.284766  1.590862  1.875627
86.0  0.305616  1.570166  1.875781
86.5  0.330514  1.545358  1.875872
87.0  0.359563  1.516302  1.875864
87.5  0.392116  1.483991  1.876107
88.0  0.426034  1.449456  1.875490
88.5  0.458161  1.417073  1.875234
89.0  0.485739  1.389693  1.875433
89.5  0.507747  1.368094  1.875842
90.0  0.525039  1.350662  1.875701
90.5  0.538876  1.336790  1.875666
91.0  0.548807  1.326851  1.875657
91.5  0.551771  1.323451  1.875222
92.0  0.543625  1.331296  1.874921
92.5  0.522301  1.352565  1.874866
93.0  0.490168  1.385227  1.875395
93.5  0.453574  1.422734  1.876308
94.0  0.419757  1.456380  1.876137
94.5  0.393371  1.482416  1.875787
95.0  0.375054  1.500842  1.875896
95.5  0.362647  1.513515  1.876161
96.0  0.353695  1.522862  1.876557
96.5  0.347263  1.529179  1.876442
97.0  0.344066  1.532378  1.876444
97.5  0.345275  1.531009  1.876284
98.0  0.351098  1.525782  1.876880
98.5  0.360183  1.516573  1.876756
99.0  0.370259  1.506170  1.876429
99.5  0.379610  1.496894  1.876503
100.0  0.388330  1.488308  1.876638
100.5  0.398277  1.479403  1.877681
101.0  0.411481  1.466236  1.877717
101.5  0.428099  1.448638  1.876737
102.0  0.445748  1.430898  1.876647
102.5  0.461084  1.415708  1.876792
103.0  0.472531  1.403722  1.876253
103.5  0.481828  1.394183  1.876010
104.0  0.492920  1.384069  1.876990
104.5  0.508966  1.368256  1.877222
105.0  0.529825  1.347053  1.876878
105.5  0.551910  1.324901  1.876811
106.0  0.570289  1.306327  1.876616
106.5  0.581313  1.295232  1.876545
107.0  0.584028  1.293033  1.877060
107.5  0.579821  1.296722  1.876543
108.0  0.570931  1.304875  1.875806
108.5  0.558947  1.317448  1.876396
109.0  0.544225  1.333710  1.877935
109.5  0.526478  1.351895  1.878372
110.0  0.506061  1.371601  1.877662
110.5  0.484897  1.393429  1.878327
111.0  0.466083  1.412776  1.878859
111.5  0.452111  1.426288  1.878398
112.0  0.442963  1.435137  1.878100
112.5  0.435838  1.442476  1.878314
113.0  0.427188  1.452085  1.879273
113.5  0.415782  1.463143  1.878925
114.0  0.404352  1.474897  1.879249
114.5  0.398374  1.481579  1.879953
115.0  0.402743  1.476893  1.879636
115.5  0.418777  1.460324  1.879101
116.0  0.443601  1.434912  1.878513
116.5  0.471991  1.407323  1.879314
117.0  0.499072  1.380673  1.879745
117.5  0.522051  1.357439  1.879490
118.0  0.540239  1.337922  1.878161
118.5  0.553872  1.323812  1.877684
119.0  0.562823  1.315007  1.877830
119.5  0.566157  1.311694  1.877851
120.0  0.562853  1.314650  1.877503
120.5  0.553188  1.324913  1.878101
121.0  0.539703  1.339563  1.879266
121.5  0.526675  1.352019  1.878694
122.0  0.518040  1.359719  1.877759
122.5  0.515024  1.362914  1.877938
123.0  0.515393  1.362547  1.877940
123.5  0.515137  1.362063  1.877200
124.0  0.511471  1.365438  1.876909
124.5  0.504803  1.373591  1.878393
125.0  0.498181  1.380151  1.878332
125.5  0.494774  1.383086  1.877860
126.0  0.495441  1.382419  1.877859
126.5  0.498207  1.379593  1.877800
127.0  0.499755  1.377068  1.876823
127.5  0.497571  1.378777  1.876348
128.0  0.491187  1.386189  1.877376
128.5  0.481893  1.395237  1.877131
129.0  0.471427  1.405515  1.876942
129.5  0.460667  1.416295  1.876961
130.0  0.449245  1.427489  1.876734
130.5  0.436333  1.439479  1.875812
131.0  0.422057  1.453935  1.875992
131.5  0.408411  1.468047  1.876458
132.0  0.398698  1.477752  1.876450
132.5  0.395544  1.480608  1.876152
133.0  0.398875  1.477405  1.876280
133.5  0.405606  1.471125  1.876731
134.0  0.411562  1.464762  1.876324
134.5  0.414218  1.462014  1.876231
135.0  0.414112  1.462898  1.877010
135.5  0.413871  1.463390  1.877262
136.0  0.415833  1.465684  1.881517
136.5  0.420229  1.460986  1.881215
137.0  0.425244  1.456490  1.881734
137.5  0.428596  1.452718  1.881315
138.0  0.429251  1.452313  1.881564
138.5  0.428050  1.454390  1.882440
139.0  0.427020  1.455202  1.882222
139.5  0.427974  1.455512  1.883486
140.0  0.431384  1.452161  1.883545
140.5  0.436217  1.446596  1.882814
141.0  0.440850  1.442299  1.883150
141.5  0.444447  1.439665  1.884112
142.0  0.447741  1.435719  1.883460
142.5  0.452432  1.430963  1.883395
143.0  0.459430  1.425738  1.885168
143.5  0.467380  1.417256  1.884636
144.0  0.472927  1.411764  1.884691
144.5  0.472824  1.412324  1.885148
145.0  0.466247  1.419380  1.885627
145.5  0.455326  1.429377  1.884703
146.0  0.443407  1.442604  1.886011
146.5  0.432514  1.454891  1.887405
147.0  0.422112  1.465339  1.887451
147.5  0.410032  1.476604  1.886636
148.0  0.394638  1.490941  1.885579
148.5  0.376537  1.509006  1.885543
149.0  0.358734  1.528098  1.886832
149.5  0.345337  1.542156  1.887493
150.0  0.339703  1.547572  1.887276
150.5  0.343113  1.543513  1.886626
151.0  0.354632  1.531254  1.885886
151.5  0.372161  1.513742  1.885903
152.0  0.393916  1.492874  1.886790
152.5  0.419240  1.467469  1.886709
153.0  0.448037  1.437891  1.885928
153.5  0.479263  1.406481  1.885744
154.0  0.509985  1.376669  1.886654
154.5  0.536286  1.350742  1.887028
155.0  0.555658  1.329599  1.885257
155.5  0.568880  1.315383  1.884263
156.0  0.579563  1.307628  1.887191
156.5  0.591454  1.296331  1.887785
157.0  0.605612  1.280142  1.885754
157.5  0.619647  1.267899  1.887546
158.0  0.629413  1.257749  1.887162
158.5  0.631681  1.255453  1.887134
159.0  0.625883  1.261758  1.887641
159.5  0.614042  1.272274  1.886316
160.0  0.599308  1.287525  1.886834
160.5  0.584185  1.305896  1.890081
161.0  0.569507  1.320417  1.889924
161.5  0.554688  1.331916  1.886604
162.0  0.539013  1.348328  1.887341
162.5  0.523015  1.367611  1.890626
163.0  0.508754  1.380452  1.889206
163.5  0.498431  1.388262  1.886694
164.0  0.492211  1.395610  1.887821
164.5  0.487179  1.402163  1.889342
165.0  0.478807  1.409503  1.888310
165.5  0.464189  1.422382  1.886572
166.0  0.444546  1.442466  1.887012
166.5  0.424862  1.464068  1.888930
167.0  0.410857  1.478806  1.889663
167.5  0.405646  1.482914  1.888560
168.0  0.408509  1.479758  1.888268
168.5  0.416289  1.471126  1.887414
169.0  0.425929  1.461317  1.887246
169.5  0.436205  1.450892  1.887097
170.0  0.447700  1.439786  1.887486
170.5  0.461462  1.426974  1.888436
171.0  0.477445  1.410822  1.888267
171.5  0.493826  1.393937  1.887763
172.0  0.507699  1.380670  1.888368
172.5  0.516770  1.372426  1.889197
173.0  0.520917  1.368525  1.889442
173.5  0.522209  1.366297  1.888506
174.0  0.522957  1.365784  1.888740
174.5  0.523045  1.365606  1.888650
175.0  0.518897  1.369764  1.888662
175.5  0.505434  1.382675  1.888109
176.0  0.479834  1.409557  1.889391
176.5  0.444179  1.446009  1.890188
177.0  0.404842  1.484689  1.889532
177.5  0.369121  1.519874  1.888996
178.0  0.341726  1.547848  1.889574
178.5  0.323520  1.566112  1.889632
179.0  0.312881  1.576268  1.889149
179.5  0.308108  1.580846  1.888954
180.0  0.308947  1.580569  1.889516
180.5  0.316425  1.573492  1.889918
181.0  0.331458  1.558012  1.889470
181.5  0.353386  1.535754  1.889140
182.0  0.379495  1.509777  1.889271
182.5  0.405940  1.482992  1.888932
183.0  0.429659  1.458684  1.888343
183.5  0.450039  1.438410  1.888449
184.0  0.468941  1.419852  1.888792
184.5  0.488649  1.400803  1.889452
185.0  0.509047  1.379052  1.888099
185.5  0.526423  1.361715  1.888138
186.0  0.535340  1.353410  1.888751
186.5  0.532448  1.354934  1.887382
187.0  0.519261  1.367102  1.886363
187.5  0.501603  1.384274  1.885877
188.0  0.486081  1.400534  1.886614
188.5  0.476295  1.411022  1.887317
189.0  0.471473  1.416660  1.888132
189.5  0.468108  1.418762  1.886870
190.0  0.462932  1.424189  1.887121
190.5  0.454974  1.433123  1.888098
191.0  0.445643  1.442752  1.888394
191.5  0.437257  1.450868  1.888125
192.0  0.431308  1.457283  1.888592
192.5  0.427612  1.460385  1.887997
193.0  0.424877  1.462688  1.887565
193.5  0.422266  1.465686  1.887952
194.0  0.420738  1.467612  1.888350
194.5  0.422811  1.465039  1.887850
195.0  0.430409  1.457745  1.888155
195.5  0.442224  1.444720  1.886944
196.0  0.453004  1.433695  1.886699
196.5  0.456095  1.430434  1.886528
197.0  0.447845  1.438605  1.886450
197.5  0.430630  1.455806  1.886436
198.0  0.412026  1.475631  1.887657
198.5  0.400533  1.488657  1.889190
199.0  0.400864  1.487048  1.887912
199.5  0.412014  1.474263  1.886278
200.0  0.428946  1.458476  1.887422
200.5  0.446099  1.442152  1.888251
201.0  0.460112  1.427367  1.887479
201.5  0.470386  1.416642  1.887028
202.0  0.477886  1.410183  1.888069
202.5  0.483507  1.406350  1.889857
203.0  0.487253  1.402861  1.890114
203.5  0.488711  1.402578  1.891289
204.0  0.488337  1.403795  1.892132
204.5  0.488373  1.404342  1.892715
205.0  0.492184  1.400123  1.892308
205.5  0.501971  1.389943  1.891914
206.0  0.516337  1.375414  1.891751
206.5  0.529960  1.363283  1.893243
207.0  0.536305  1.356362  1.892667
207.5  0.531894  1.358211  1.890105
208.0  0.519107  1.370933  1.890039
208.5  0.505339  1.387733  1.893072
209.0  0.498956  1.395024  1.893981
209.5  0.504777  1.386534  1.891311
210.0  0.522043  1.367723  1.889766
210.5  0.545781  1.345100  1.890881
211.0  0.570011  1.322316  1.892326
211.5  0.590423  1.301523  1.891947
212.0  0.605147  1.284987  1.890135
212.5  0.613861  1.276087  1.889948
213.0  0.616423  1.275237  1.891660
213.5  0.612193  1.279464  1.891657
214.0  0.600541  1.291222  1.891763
214.5  0.582121  1.311522  1.893642
215.0  0.559781  1.334524  1.894305
215.5  0.537963  1.356522  1.894485
216.0  0.520434  1.374628  1.895061
216.5  0.507723  1.387434  1.895157
217.0  0.496347  1.398952  1.895299
217.5  0.480885  1.413594  1.894480
218.0  0.457785  1.436128  1.893913
218.5  0.428272  1.466734  1.895005
219.0  0.398262  1.498123  1.896385
219.5  0.375277  1.520279  1.895556
220.0  0.364461  1.530925  1.895386
220.5  0.366319  1.529471  1.895790
221.0  0.377338  1.518427  1.895766
221.5  0.392546  1.501010  1.893556
222.0  0.407975  1.485661  1.893636
222.5  0.421608  1.471822  1.893430
223.0  0.432771  1.462185  1.894956
223.5  0.440947  1.454386  1.895334
224.0  0.445164  1.448462  1.893626
224.5  0.444488  1.448870  1.893358
225.0  0.439237  1.456079  1.895316
225.5  0.431804  1.464183  1.895988
226.0  0.425988  1.469231  1.895219
226.5  0.424764  1.469796  1.894560
227.0  0.427873  1.466910  1.894782
227.5  0.431224  1.463811  1.895036
228.0  0.428998  1.464559  1.893556
228.5  0.417280  1.475924  1.893204
229.0  0.396782  1.497613  1.894395
229.5  0.372725  1.522083  1.894807
230.0  0.351986  1.542079  1.894065
230.5  0.339421  1.555610  1.895031
231.0  0.335763  1.559612  1.895375
231.5  0.338186  1.557203  1.895388
232.0  0.342672  1.551557  1.894228
232.5  0.346345  1.548193  1.894538
233.0  0.348406  1.548427  1.896832
233.5  0.349597  1.545721  1.895318
234.0  0.351090  1.543767  1.894858
234.5  0.353820  1.541501  1.895322
235.0  0.358712  1.537900  1.896613
235.5  0.367414  1.528727  1.896141
236.0  0.382542  1.513135  1.895678
236.5  0.406685  1.489624  1.896309
237.0  0.440402  1.456236  1.896638
237.5  0.480618  1.415553  1.896170
238.0  0.520921  1.374091  1.895013
238.5  0.554091  1.341061  1.895152
239.0  0.575470  1.320869  1.896339
239.5  0.585100  1.310659  1.895758
240.0  0.587236  1.307956  1.895192
240.5  0.587564  1.308690  1.896254
241.0  0.589887  1.306907  1.896793
241.5  0.594328  1.302462  1.896789
242.0  0.597933  1.296425  1.894358
242.5  0.596880  1.297414  1.894294
243.0  0.588618  1.306346  1.894965
243.5  0.572728  1.324164  1.896893
244.0  0.550398  1.346329  1.896727
244.5  0.523366  1.374364  1.897730
245.0  0.493306  1.406722  1.900028
245.5  0.462087  1.438496  1.900583
246.0  0.432512  1.468725  1.901237
246.5  0.408572  1.493588  1.902159
247.0  0.394402  1.509207  1.903609
247.5  0.392203  1.509946  1.902149
248.0  0.400467  1.499675  1.900142
248.5  0.414099  1.486275  1.900374
249.0  0.426788  1.474231  1.901019
249.5  0.434327  1.465071  1.899398
250.0  0.436780  1.461857  1.898636
250.5  0.438076  1.461253  1.899329
251.0  0.443329  1.457475  1.900804
251.5  0.455641  1.445076  1.900716
252.0  0.474445  1.427339  1.901785
252.5  0.496215  1.407148  1.903363
253.0  0.516678  1.385904  1.902582
253.5  0.532867  1.369941  1.902809
254.0  0.543815  1.362265  1.906079
254.5  0.549914  1.358409  1.908322
255.0  0.551845  1.356492  1.908336
255.5  0.550053  1.356758  1.906812
256.0  0.545161  1.361817  1.906979
256.5  0.538818  1.372252  1.911069
257.0  0.533947  1.377470  1.911417
257.5  0.533644  1.372810  1.906454
258.0  0.539043  1.366016  1.905059
258.5  0.547665  1.359259  1.906924
259.0  0.553774  1.350574  1.904348
259.5  0.551008  1.350112  1.901120
260.0  0.535826  1.365641  1.901467
260.5  0.509603  1.388961  1.898564
261.0  0.478025  1.418316  1.896340
261.5  0.448181  1.449889  1.898070
262.0  0.425260  1.474585  1.899845
262.5  0.410873  1.484767  1.895640
263.0  0.403724  1.490166  1.893890
263.5  0.401656  1.494385  1.896041
264.0  0.403380  1.493350  1.896730
264.5  0.408833  1.486372  1.895206
265.0  0.418306  1.477702  1.896009
265.5  0.431314  1.464720  1.896034
266.0  0.446252  1.448888  1.895140
266.5  0.461184  1.433286  1.894470
267.0  0.475209  1.419998  1.895207
267.5  0.489193  1.407191  1.896385
268.0  0.504994  1.391327  1.896321
268.5  0.523401  1.372104  1.895505
269.0  0.542337  1.350428  1.892765
269.5  0.556923  1.334886  1.891808
270.0  0.561733  1.331815  1.893548
270.5  0.553835  1.339027  1.892862
271.0  0.534522  1.357697  1.892218
271.5  0.508556  1.385200  1.893756
272.0  0.481467  1.413982  1.895449
272.5  0.456748  1.438366  1.895114
273.0  0.434766  1.459467  1.894233
273.5  0.413818  1.482500  1.896317
274.0  0.392270  1.504135  1.896405
274.5  0.370180  1.525588  1.895767
275.0  0.349460  1.544696  1.894156
275.5  0.332735  1.561649  1.894383
276.0  0.321848  1.574447  1.896295
276.5  0.317087  1.578202  1.895289
277.0  0.317620  1.574709  1.892329
277.5  0.322718  1.569341  1.892060
278.0  0.332615  1.562593  1.895208
278.5  0.348016  1.548692  1.896708
279.0  0.368425  1.527062  1.895487
279.5  0.390686  1.503448  1.894133
280.0  0.409309  1.487288  1.896597
280.5  0.418859  1.478862  1.897721
281.0  0.417007  1.481581  1.898588
281.5  0.406200  1.492605  1.898805
282.0  0.392715  1.506862  1.899577
282.5  0.383571  1.516347  1.899918
283.0  0.383166  1.519807  1.902973
283.5  0.391607  1.512496  1.904103
284.0  0.405474  1.495933  1.901407
284.5  0.420123  1.480015  1.900138
285.0  0.431931  1.469383  1.901313
285.5  0.439330  1.463120  1.902450
286.0  0.442566  1.458876  1.901442
286.5  0.442822  1.456946  1.899768
287.0  0.441562  1.458751  1.900313
287.5  0.440491  1.460267  1.900758
288.0  0.441880  1.459317  1.901197
288.5  0.448447  1.451343  1.899790
289.0  0.462244  1.436354  1.898598
289.5  0.482923  1.415457  1.898380
290.0  0.506731  1.392034  1.898766
290.5  0.527478  1.371064  1.898543
291.0  0.539384  1.358125  1.897510
291.5  0.540243  1.357662  1.897905
292.0  0.532908  1.366283  1.899191
292.5  0.524093  1.375498  1.899590
293.0  0.521127  1.379055  1.900181
293.5  0.528559  1.371991  1.900550
294.0  0.546507  1.353467  1.899974
294.5  0.571364  1.328175  1.899539
295.0  0.597978  1.302616  1.900594
295.5  0.621768  1.279429  1.901197
296.0  0.639781  1.260032  1.899813
296.5  0.650653  1.249676  1.900330
297.0  0.654098  1.247924  1.902022
297.5  0.650567  1.250569  1.901135
298.0  0.641336  1.259617  1.900953
298.5  0.628674  1.273884  1.902558
299.0  0.615455  1.287485  1.902940
299.5  0.603862  1.297863  1.901725
300.0  0.593727  1.308038  1.901764
300.5  0.581770  1.321356  1.903126
301.0  0.562805  1.337882  1.900687
301.5  0.532647  1.366428  1.899075
302.0  0.491094  1.408844  1.899938
302.5  0.443072  1.457865  1.900937
303.0  0.397012  1.502240  1.899252
303.5  0.361301  1.538470  1.899771
304.0  0.340845  1.560423  1.901268
304.5  0.335655  1.564863  1.900518
305.0  0.341937  1.557352  1.899290
305.5  0.354557  1.546371  1.900928
306.0  0.369241  1.534325  1.903566
306.5  0.383529  1.519843  1.903372
307.0  0.396524  1.507870  1.904394
307.5  0.408162  1.500584  1.908746
308.0  0.418722  1.492613  1.911334
308.5  0.428849  1.482904  1.911753
309.0  0.439767  1.475406  1.915172
309.5  0.452996  1.466068  1.919064
310.0  0.469239  1.448422  1.917661
310.5  0.486946  1.427650  1.914596
311.0  0.501804  1.412083  1.913887
311.5  0.508097  1.406612  1.914708
312.0  0.501542  1.411330  1.912872
312.5  0.481983  1.426717  1.908700
313.0  0.454151  1.454467  1.908617
313.5  0.425842  1.482186  1.908027
314.0  0.404448  1.501649  1.906098
314.5  0.393845  1.510526  1.904371
315.0  0.393331  1.511870  1.905200
315.5  0.398910  1.506281  1.905191
316.0  0.405760  1.498613  1.904373
316.5  0.410318  1.493158  1.903476
317.0  0.411098  1.492694  1.903792
317.5  0.408343  1.494737  1.903079
318.0  0.403251  1.499778  1.903029
318.5  0.397493  1.505138  1.902631
319.0  0.393274  1.508067  1.901341
319.5  0.393537  1.507929  1.901466
320.0  0.401507  1.499002  1.900508
320.5  0.419152  1.479665  1.898816
321.0  0.445233  1.453814  1.899046
321.5  0.474499  1.424995  1.899494
322.0  0.499232  1.400028  1.899261
322.5  0.512723  1.386739  1.899463
323.0  0.512665  1.388459  1.901124
323.5  0.502324  1.400506  1.902831
324.0  0.488710  1.415106  1.903816
324.5  0.478891  1.425931  1.904822
325.0  0.476687  1.429419  1.906106
325.5  0.481543  1.425222  1.906765
326.0  0.489769  1.415379  1.905148
326.5  0.496886  1.407722  1.904608
327.0  0.499512  1.406326  1.905838
327.5  0.495980  1.410086  1.906065
328.0  0.485909  1.419413  1.905322
328.5  0.469541  1.434417  1.903959
329.0  0.447569  1.457166  1.904734
329.5  0.421648  1.485138  1.906786
330.0  0.395056  1.511746  1.906802
330.5  0.372505  1.536038  1.908543
331.0  0.358528  1.550871  1.909399
331.5  0.355044  1.553273  1.908317
332.0  0.359828  1.547778  1.907606
332.5  0.367389  1.542667  1.910055
333.0  0.372085  1.537228  1.909314
333.5  0.371542  1.534939  1.906481
334.0  0.368073  1.537752  1.905825
334.5  0.367199  1.539908  1.907107
335.0  0.374317  1.532076  1.906393
335.5  0.391730  1.512533  1.904263
336.0  0.417765  1.484687  1.902452
336.5  0.448117  1.451671  1.899788
337.0  0.478133  1.421706  1.899839
337.5  0.504494  1.396256  1.900750
338.0  0.525570  1.373380  1.898949
338.5  0.540753  1.357825  1.898578
339.0  0.549666  1.349634  1.899300
339.5  0.552021  1.348561  1.900581
340.0  0.548310  1.351710  1.900020
340.5  0.540718  1.359454  1.900173
341.0  0.533182  1.368232  1.901414
341.5  0.529937  1.371270  1.901207
342.0  0.533114  1.368920  1.902034
342.5  0.541072  1.361155  1.902227
343.0  0.549034  1.351453  1.900488
343.5  0.551951  1.348777  1.900729
344.0  0.547724  1.354544  1.902268
344.5  0.538534  1.363379  1.901914
345.0  0.529387  1.371390  1.900777
345.5  0.524972  1.376056  1.901028
346.0  0.527063  1.375671  1.902734
346.5  0.534077  1.369053  1.903130
347.0  0.542713  1.359172  1.901885
347.5  0.550230  1.352073  1.902304
348.0  0.555796  1.348848  1.904644
348.5  0.560284  1.344471  1.904755
349.0  0.564973  1.338211  1.903184
349.5  0.570186  1.333012  1.903198
350.0  0.574816  1.328691  1.903507
350.5  0.577056  1.324310  1.901365
351.0  0.575802  1.324566  1.900368
351.5  0.571614  1.329905  1.901519
352.0  0.566290  1.334339  1.900629
352.5  0.561174  1.337911  1.899084
353.0  0.555515  1.344053  1.899569
353.5  0.546433  1.353311  1.899744
354.0  0.530823  1.367315  1.898138
354.5  0.507859  1.390858  1.898717
355.0  0.480020  1.419771  1.899791
355.5  0.451675  1.447741  1.899416
356.0  0.426237  1.473034  1.899271
356.5  0.404064  1.495012  1.899077
357.0  0.382651  1.517744  1.900396
357.5  0.358833  1.539912  1.898745
358.0  0.331313  1.567145  1.898458
358.5  0.301893  1.597306  1.899199
359.0  0.274827  1.623794  1.898621
359.5  0.254924  1.644379  1.899303
360.0  0.245577  1.653852  1.899428
360.5  0.247781  1.650551  1.898332
361.0  0.260547  1.638731  1.899278
361.5  0.282185  1.617876  1.900061
362.0  0.311329  1.586940  1.898269
362.5  0.346770  1.550820  1.897590
363.0  0.386280  1.512589  1.898869
363.5  0.425736  1.473306  1.899041
364.0  0.459880  1.437930  1.897810
364.5  0.484678  1.414186  1.898864
365.0  0.499587  1.400345  1.899933
365.5  0.507766  1.391590  1.899356
366.0  0.513742  1.385604  1.899346
366.5  0.520167  1.380013  1.900180
367.0  0.526028  1.373622  1.899651
367.5  0.527525  1.371638  1.899163
368.0  0.520757  1.378907  1.899664
368.5  0.504289  1.397028  1.901317
369.0  0.480084  1.420025  1.900109
369.5  0.452554  1.446768  1.899322
370.0  0.426513  1.472193  1.898706
370.5  0.405282  1.494168  1.899449
371.0  0.389925  1.508569  1.898494
371.5  0.379918  1.518825  1.898743
372.0  0.374594  1.524923  1.899517
372.5  0.374192  1.524835  1.899027
373.0  0.379580  1.518947  1.898527
373.5  0.390880  1.509461  1.900341
374.0  0.406301  1.494427  1.900728
374.5  0.422482  1.475968  1.898450
375.0  0.436408  1.463093  1.899501
375.5  0.447420  1.454289  1.901708
376.0  0.457561  1.442776  1.900338
376.5  0.469815  1.430537  1.900352
377.0  0.485542  1.416161  1.901703
377.5  0.503132  1.397145  1.900276
378.0  0.518838  1.380634  1.899471
378.5  0.529079  1.372368  1.901447
379.0  0.532546  1.368600  1.901146
379.5  0.530839  1.368334  1.899173
380.0  0.527444  1.372950  1.900394
380.5  0.525787  1.376103  1.901890
381.0  0.527515  1.373377  1.900893
381.5  0.531960  1.365307  1.897268
382.0  0.536993  1.361562  1.898555
382.5  0.540597  1.359590  1.900187
383.0  0.541960  1.355974  1.897933
383.5  0.541215  1.355313  1.896528
384.0  0.538150  1.359094  1.897245
384.5  0.531205  1.367483  1.898688
385.0  0.517998  1.380263  1.898261
385.5  0.497326  1.400245  1.897571
386.0  0.471084  1.426027  1.897111
386.5  0.444347  1.453676  1.898023
387.0  0.423173  1.476306  1.899479
387.5  0.411539  1.487087  1.898626
388.0  0.409552  1.489697  1.899249
388.5  0.414087  1.485577  1.899664
389.0  0.421201  1.479064  1.900265
389.5  0.428567  1.470674  1.899241
390.0  0.436452  1.462559  1.899011
390.5  0.446938  1.454885  1.901823
391.0  0.462118  1.440581  1.902699
391.5  0.482472  1.417988  1.900459
392.0  0.506407  1.394671  1.901077
392.5  0.531128  1.372271  1.903398
393.0  0.554083  1.348191  1.902274
393.5  0.573799  1.327283  1.901083
394.0  0.589442  1.311450  1.900892
394.5  0.599605  1.302369  1.901974
395.0  0.601710  1.300839  1.902549
395.5  0.592973  1.309073  1.902047
396.0  0.572528  1.331076  1.903604
396.5  0.543055  1.361900  1.904955
397.0  0.510417  1.394151  1.904569
397.5  0.481186  1.424162  1.905349
398.0  0.459601  1.446634  1.906235
398.5  0.445943  1.460116  1.906059
399.0  0.437285  1.468899  1.906184
399.5  0.429915  1.476461  1.906375
400.0  0.421760  1.484135  1.905895
400.5  0.413448  1.491739  1.905187
401.0  0.407646  1.496731  1.904377
401.5  0.407331  1.496298  1.903629
402.0  0.414098  1.487231  1.901329
402.5  0.427491  1.471872  1.899363
403.0  0.445569  1.452850  1.898419
403.5  0.466055  1.432559  1.898613
404.0  0.486986  1.413259  1.900244
404.5  0.506335  1.392867  1.899202
405.0  0.521184  1.377984  1.899168
405.5  0.527671  1.373044  1.900715
406.0  0.522384  1.378424  1.900807
406.5  0.504512  1.398644  1.903156
407.0  0.477169  1.427333  1.904502
407.5  0.446656  1.457147  1.903803
408.0  0.419834  1.482770  1.902604
408.5  0.401119  1.502528  1.903648
409.0  0.390907  1.513094  1.904000
409.5  0.386216  1.517832  1.904048
410.0  0.382930  1.521795  1.904726
410.5  0.378135  1.528156  1.906291
411.0  0.371296  1.536002  1.907298
411.5  0.363896  1.545132  1.909028
412.0  0.358057  1.553832  1.911890
412.5  0.355208  1.559831  1.915039
413.0  0.355668  1.561771  1.917439
413.5  0.359305  1.560669  1.919974
414.0  0.366464  1.556774  1.923238
414.5  0.378022  1.547019  1.925041
415.0  0.394243  1.529376  1.923619
415.5  0.413346  1.509743  1.923089
416.0  0.431348  1.492936  1.924284
416.5  0.443798  1.479694  1.923492
417.0  0.448381  1.471624  1.920005
417.5  0.446510  1.470607  1.917118
418.0  0.442660  1.473317  1.915976
418.5  0.441834  1.471313  1.913147
419.0  0.446816  1.463325  1.910141
419.5  0.456893  1.451016  1.907909
420.0  0.468648  1.437741  1.906390
420.5  0.478068  1.427079  1.905147
421.0  0.482549  1.421832  1.904381
421.5  0.481725  1.421779  1.903504
422.0  0.476886  1.427784  1.904669
422.5  0.469610  1.434717  1.904327
423.0  0.460693  1.442887  1.903580
423.5  0.450158  1.452027  1.902185
424.0  0.438288  1.465530  1.903818
424.5  0.426660  1.477604  1.904263
425.0  0.417986  1.482056  1.900042
425.5  0.414592  1.481791  1.896383
426.0  0.416730  1.479454  1.896184
426.5  0.422320  1.475181  1.897501
427.0  0.428614  1.468008  1.896622
427.5  0.434559  1.462030  1.896588
428.0  0.442036  1.457792  1.899828
428.5  0.454980  1.446917  1.901897
429.0  0.476952  1.427297  1.904249
429.5  0.508797  1.399892  1.908690
430.0  0.547799  1.362667  1.910465
430.5  0.588689  1.320451  1.909140
431.0  0.625742  1.283341  1.909083
431.5  0.654708  1.257471  1.912179
432.0  0.673703  1.240129  1.913832
432.5  0.682845  1.228992  1.911837
433.0  0.683152  1.225310  1.908462
433.5  0.675535  1.232838  1.908373
434.0  0.660606  1.250469  1.911075
434.5  0.639313  1.271929  1.911242
435.0  0.613615  1.294395  1.908010
435.5  0.586216  1.320491  1.906706
436.0  0.559197  1.352489  1.911686
436.5  0.532630  1.382570  1.915200
437.0  0.504586  1.411080  1.915666
437.5  0.472937  1.445679  1.918616
438.0  0.437742  1.483383  1.921126
438.5  0.402402  1.523157  1.925558
439.0  0.372620  1.556898  1.929518
439.5  0.353763  1.577111  1.930873
440.0  0.348255  1.583473  1.931728
440.5  0.354555  1.577281  1.931835
441.0  0.368124  1.562939  1.931063
441.5  0.383636  1.546882  1.930518
442.0  0.397113  1.531614  1.928728
442.5  0.407005  1.518507  1.925512
443.0  0.413939  1.508162  1.922101
443.5  0.419625  1.500223  1.919847
444.0  0.425734  1.492134  1.917868
444.5  0.433465  1.481044  1.914509
445.0  0.443830  1.467425  1.911255
445.5  0.457992  1.450576  1.908568
446.0  0.476832  1.430623  1.907455
446.5  0.499716  1.406841  1.906557
447.0  0.523519  1.382607  1.906126
447.5  0.543138  1.362416  1.905554
448.0  0.553658  1.351405  1.905063
448.5  0.552897  1.353155  1.906052
449.0  0.542587  1.364257  1.906844
449.5  0.527356  1.378597  1.905953
450.0  0.512139  1.391937  1.904076
450.5  0.499640  1.401560  1.901200
451.0  0.489295  1.410719  1.900015
451.5  0.478128  1.419728  1.897856
452.0  0.462728  1.431512  1.894240
452.5  0.441114  1.451981  1.893095
453.0  0.413586  1.481512  1.895099
453.5  0.382421  1.514529  1.896950
454.0  0.350916  1.544915  1.895831
454.5  0.322477  1.576403  1.898880
455.0  0.300249  1.601789  1.902038
455.5  0.287197  1.618252  1.905449
456.0  0.286023  1.622370  1.908393
456.5  0.298343  1.612053  1.910395
457.0  0.323326  1.587436  1.910761
457.5  0.356906  1.552742  1.909648
458.0  0.392682  1.517439  1.910122
458.5  0.424438  1.485714  1.910152
459.0  0.448839  1.459594  1.908433
459.5  0.466532  1.440336  1.906868
460.0  0.480933  1.425118  1.906051
460.5  0.495539  1.409947  1.905486
461.0  0.511528  1.394449  1.905977
461.5  0.527038  1.379242  1.906281
462.0  0.538322  1.369454  1.907776
462.5  0.541785  1.367581  1.909366
463.0  0.535652  1.376738  1.912390
463.5  0.520483  1.395185  1.915667
464.0  0.498589  1.420033  1.918622
464.5  0.472993  1.450005  1.922997
465.0  0.446680  1.478089  1.924769
465.5  0.422516  1.503393  1.925909
466.0  0.403519  1.525259  1.928778
466.5  0.392743  1.537256  1.929998
467.0  0.392230  1.536619  1.928849
467.5  0.401477  1.525602  1.927079
468.0  0.416704  1.507861  1.924565
468.5  0.431993  1.489171  1.921164
469.0  0.442023  1.474746  1.916768
469.5  0.444739  1.469421  1.914159
470.0  0.442175  1.469280  1.911455
470.5  0.438894  1.468682  1.907576
471.0  0.439154  1.464506  1.903661
471.5  0.444645  1.456427  1.901072
472.0  0.454078  1.446991  1.901069
472.5  0.464519  1.435187  1.899706
473.0  0.473323  1.423445  1.896768
473.5  0.479406  1.416919  1.896325
474.0  0.483318  1.415520  1.898838
474.5  0.486377  1.413406  1.899783
475.0  0.489684  1.409521  1.899205
475.5  0.493758  1.403986  1.897744
476.0  0.499000  1.398814  1.897814
476.5  0.506460  1.393204  1.899664
477.0  0.517920  1.380199  1.898119
477.5  0.534774  1.361350  1.896124
478.0  0.556250  1.341621  1.897870
478.5  0.578471  1.318518  1.896988
479.0  0.595517  1.298801  1.894318
479.5  0.602202  1.292524  1.894726
480.0  0.596847  1.299544  1.896391
480.5  0.582200  1.316833  1.899033
481.0  0.563884  1.334346  1.898230
481.5  0.547439  1.350816  1.898254
482.0  0.535824  1.366060  1.901884
482.5  0.528767  1.375791  1.904558
483.0  0.523952  1.379042  1.902993
483.5  0.518959  1.382940  1.901899
484.0  0.512635  1.390942  1.903577
484.5  0.505254  1.399320  1.904574
485.0  0.497731  1.404532  1.902263
485.5  0.490687  1.410647  1.901333
486.0  0.484195  1.418487  1.902681
486.5  0.478393  1.424953  1.903346
487.0  0.474378  1.427428  1.901806
487.5  0.474315  1.427740  1.902054
488.0  0.480167  1.424704  1.904872
488.5  0.491638  1.415940  1.907578
489.0  0.504913  1.402337  1.907250
489.5  0.513569  1.394909  1.908478
490.0  0.511472  1.400259  1.911731
490.5  0.495967  1.419143  1.915110
491.0  0.469312  1.448338  1.917651
491.5  0.437505  1.482828  1.920332
492.0  0.407331  1.515354  1.922685
492.5  0.383533  1.541501  1.925034
493.0  0.367641  1.557536  1.925177
493.5  0.358732  1.565310  1.924041
494.0  0.355116  1.567827  1.922943
494.5  0.355663  1.565817  1.921480
495.0  0.360058  1.558245  1.918303
495.5  0.368200  1.547000  1.915200
496.0  0.379514  1.532344  1.911858
496.5  0.392896  1.516158  1.909054
497.0  0.407417  1.498136  1.905552
497.5  0.423160  1.479915  1.903075
498.0  0.441250  1.460942  1.902191
498.5  0.462625  1.438273  1.900897
499.0  0.486273  1.414053  1.900326
499.5  0.508366  1.390541  1.898907
500.0  0.523348  1.375011  1.898359
500.5  0.526577  1.373028  1.899605
501.0  0.516879  1.382039  1.898918
501.5  0.497286  1.403135  1.900421
502.0  0.473448  1.426293  1.899741
502.5  0.450738  1.447517  1.898255
503.0  0.431886  1.465703  1.897590
503.5  0.416473  1.480931  1.897405
504.0  0.402268  1.495100  1.897368
504.5  0.387250  1.510984  1.898234
505.0  0.370971  1.529190  1.900161
505.5  0.354593  1.547682  1.902275
506.0  0.339923  1.564801  1.904724
506.5  0.328318  1.578341  1.906659
507.0  0.320294  1.590404  1.910698
507.5  0.316059  1.597262  1.913321
508.0  0.316384  1.598071  1.914454
508.5  0.322825  1.591028  1.913853
509.0  0.336816  1.575909  1.912725
509.5  0.358134  1.553700  1.911834
510.0  0.384070  1.526269  1.910338
510.5  0.410293  1.497104  1.907397
511.0  0.433151  1.473899  1.907050
511.5  0.451903  1.453754  1.905657
512.0  0.469201  1.435549  1.904750
512.5  0.489295  1.415780  1.905075
513.0  0.515039  1.390384  1.905423
513.5  0.545702  1.359166  1.904868
514.0  0.577029  1.327092  1.904121
514.5  0.603381  1.301411  1.904792
515.0  0.620421  1.283872  1.904293
515.5  0.626739  1.276144  1.902883
516.0  0.623688  1.280921  1.904609
516.5  0.613953  1.291173  1.905127
517.0  0.599957  1.303400  1.903357
517.5  0.583154  1.321361  1.904515
518.0  0.564449  1.341554  1.906003
518.5  0.545070  1.360299  1.905369
519.0  0.526829  1.382551  1.909380
519.5  0.511231  1.398445  1.909675
520.0  0.498053  1.410395  1.908448
520.5  0.484775  1.422753  1.907527
521.0  0.467810  1.440176  1.907985
521.5  0.445147  1.462460  1.907607
522.0  0.418703  1.487589  1.906291
522.5  0.394574  1.510246  1.904821
523.0  0.380605  1.525310  1.905915
523.5  0.382475  1.525476  1.907952
524.0  0.400703  1.503901  1.904605
524.5  0.430415  1.471549  1.901963
525.0  0.463877  1.440711  1.904588
525.5  0.494050  1.411541  1.905591
526.0  0.517063  1.386326  1.903389
526.5  0.532573  1.369682  1.902255
527.0  0.542404  1.363359  1.905762
527.5  0.548721  1.359781  1.908501
528.0  0.552973  1.351868  1.904841
528.5  0.556001  1.349647  1.905648
529.0  0.558708  1.350967  1.909675
529.5  0.562249  1.346954  1.909203
530.0  0.567189  1.337971  1.905159
530.5  0.572208  1.332187  1.904395
531.0  0.573622  1.331716  1.905338
531.5  0.566611  1.335794  1.902405
532.0  0.547829  1.351303  1.899132
532.5  0.517934  1.382953  1.900887
533.0  0.482328  1.419779  1.902107
533.5  0.449287  1.451396  1.900683
534.0  0.426239  1.474563  1.900802
534.5  0.416242  1.486541  1.902783
535.0  0.416749  1.486670  1.903419
535.5  0.421336  1.481766  1.903101
536.0  0.423138  1.479357  1.902495
536.5  0.417917  1.484305  1.902222
537.0  0.405224  1.496657  1.901880
537.5  0.387579  1.513863  1.901441
538.0  0.368691  1.532553  1.901245
538.5  0.352042  1.550366  1.902408
539.0  0.340478  1.563291  1.903768
539.5  0.336491  1.567078  1.903569
540.0  0.342242  1.561092  1.903334
540.5  0.358750  1.545484  1.904234
541.0  0.384665  1.521016  1.905681
541.5  0.415772  1.489518  1.905290
542.0  0.446047  1.458690  1.904737
542.5  0.470045  1.435760  1.905805
543.0  0.485391  1.421400  1.906790
543.5  0.493886  1.413622  1.907508
544.0  0.500422  1.407171  1.907594
544.5  0.510102  1.398732  1.908833
545.0  0.525106  1.384010  1.909116
545.5  0.543198  1.363686  1.906883
546.0  0.558749  1.346692  1.905440
546.5  0.565578  1.340145  1.905724
547.0  0.559784  1.345281  1.905065
547.5  0.541025  1.362226  1.903250
548.0  0.511942  1.391440  1.903382
548.5  0.476590  1.428115  1.904705
549.0  0.439140  1.465189  1.904329
549.5  0.403471  1.500242  1.903713
550.0  0.373330  1.530839  1.904169
550.5  0.352126  1.551782  1.903908
551.0  0.341906  1.561389  1.903296
551.5  0.342043  1.559907  1.901950
552.0  0.348816  1.552502  1.901318
552.5  0.356667  1.544726  1.901393
553.0  0.360760  1.541464  1.902224
553.5  0.359519  1.542031  1.901549
554.0  0.355641  1.545975  1.901616
554.5  0.354811  1.547469  1.902280
555.0  0.362572  1.539638  1.902210
555.5  0.381027  1.520472  1.901499
556.0  0.407314  1.495388  1.902702
556.5  0.434828  1.468896  1.903724
557.0  0.456383  1.447529  1.903912
557.5  0.467353  1.438010  1.905363
558.0  0.467094  1.439301  1.906395
558.5  0.458270  1.447848  1.906118
559.0  0.445008  1.460978  1.905986
559.5  0.431284  1.475282  1.906566
560.0  0.420342  1.487063  1.907405
560.5  0.414907  1.492123  1.907029
561.0  0.417247  1.490034  1.907281
561.5  0.428492  1.479404  1.907896
562.0  0.447532  1.457586  1.905118
562.5  0.470607  1.434706  1.905313
563.0  0.492370  1.412625  1.904995
563.5  0.508194  1.397356  1.905550
564.0  0.516522  1.390321  1.906843
564.5  0.519833  1.387540  1.907373
565.0  0.523445  1.383431  1.906876
565.5  0.532590  1.373594  1.906184
566.0  0.549322  1.356821  1.906143
566.5  0.571142  1.335511  1.906653
567.0  0.592231  1.313568  1.905799
567.5  0.606467  1.301130  1.907597
568.0  0.610325  1.296634  1.906959
568.5  0.603988  1.303297  1.907285
569.0  0.590383  1.317787  1.908170
569.5  0.573205  1.333753  1.906958
570.0  0.555422  1.350459  1.905881
570.5  0.539092  1.368725  1.907818
571.0  0.526065  1.382848  1.908913
571.5  0.518371  1.390572  1.908943
572.0  0.517540  1.391245  1.908785
572.5  0.523234  1.384784  1.908019
573.0  0.532449  1.374529  1.906979
573.5  0.540265  1.367489  1.907754
574.0  0.541996  1.365418  1.907414
574.5  0.535528  1.370061  1.905589
575.0  0.522408  1.383420  1.905828
575.5  0.506952  1.402585  1.909537
576.0  0.493836  1.414992  1.908829
576.5  0.485590  1.420553  1.906143
577.0  0.481528  1.423895  1.905424
577.5  0.478721  1.427145  1.905866
578.0  0.474215  1.429516  1.903731
578.5  0.466950  1.436903  1.903853
579.0  0.458153  1.446953  1.905106
579.5  0.450152  1.453795  1.903947
580.0  0.444691  1.458703  1.903395
580.5  0.442051  1.462820  1.904871
581.0  0.441528  1.462506  1.904034
581.5  0.442642  1.459342  1.901985
582.0  0.445820  1.457720  1.903541
582.5  0.451821  1.454311  1.906132
583.0  0.460391  1.444849  1.905240
583.5  0.469380  1.433850  1.903229
584.0  0.475262  1.429561  1.904823
584.5  0.474862  1.429066  1.903929
585.0  0.467155  1.434515  1.901669
585.5  0.453879  1.448879  1.902759
586.0  0.438510  1.465553  1.904063
586.5  0.424164  1.480417  1.904580
587.0  0.411791  1.492957  1.904748
587.5  0.399809  1.505287  1.905097
588.0  0.385439  1.520392  1.905831
588.5  0.366850  1.539042  1.905892
589.0  0.344766  1.562472  1.907238
589.5  0.322533  1.583237  1.905769
590.0  0.304690  1.600294  1.904984
590.5  0.295002  1.611069  1.906071
591.0  0.295202  1.610868  1.906070
591.5  0.305086  1.599951  1.905037
592.0  0.323500  1.579784  1.903284
592.5  0.349120  1.553370  1.902489
593.0  0.380309  1.523046  1.903355
593.5  0.414464  1.489319  1.903782
594.0  0.447867  1.455086  1.902953
594.5  0.476706  1.426222  1.902928
595.0  0.498785  1.405917  1.904702
595.5  0.514700  1.390849  1.905549
596.0  0.527471  1.378507  1.905977
596.5  0.540618  1.365898  1.906515
597.0  0.555790  1.351210  1.907000
597.5  0.571431  1.334756  1.906187
598.0  0.583348  1.322003  1.905351
598.5  0.586848  1.318899  1.905747
599.0  0.579163  1.329841  1.909004
599.5  0.560829  1.347128  1.907957
600.0  0.535359  1.370970  1.906328
600.5  0.507528  1.399622  1.907150
601.0  0.481314  1.425919  1.907233
601.5  0.458663  1.446556  1.905219
602.0  0.439644  1.464044  1.903688
602.5  0.423501  1.480265  1.903766
603.0  0.409526  1.491935  1.901461
603.5  0.397071  1.501957  1.899028
604.0  0.385037  1.513769  1.898805
604.5  0.371831  1.527242  1.899073
605.0  0.356358  1.544127  1.900485
605.5  0.339564  1.561413  1.900976
606.0  0.325237  1.574774  1.900011
606.5  0.319092  1.580487  1.899579
607.0  0.326234  1.573489  1.899723
607.5  0.348385  1.552042  1.900427
608.0  0.382579  1.517007  1.899586
608.5  0.422212  1.476201  1.898413
609.0  0.459854  1.438648  1.898502
609.5  0.490243  1.409466  1.899709
610.0  0.511952  1.388810  1.900763
610.5  0.527079  1.374250  1.901329
611.0  0.539396  1.363785  1.903180
611.5  0.552088  1.352782  1.904870
612.0  0.566342  1.340930  1.907272
612.5  0.581359  1.326968  1.908327
613.0  0.595321  1.311741  1.907062
613.5  0.606239  1.302930  1.909169
614.0  0.612046  1.297924  1.909969
614.5  0.610302  1.299087  1.909388
615.0  0.598497  1.311715  1.910212
615.5  0.575391  1.333452  1.908843
616.0  0.542731  1.365690  1.908421
616.5  0.505969  1.401994  1.907963
617.0  0.472958  1.434566  1.907524
617.5  0.450910  1.456118  1.907028
618.0  0.443235  1.462428  1.905662
618.5  0.448169  1.456915  1.905084
619.0  0.460057  1.444218  1.904275
619.5  0.472428  1.431205  1.903634
620.0  0.481042  1.423134  1.904176
620.5  0.485324  1.419161  1.904485
621.0  0.487723  1.416704  1.904426
621.5  0.491647  1.414571  1.906218
622.0  0.499324  1.407212  1.906537
622.5  0.510801  1.395422  1.906223
623.0  0.524468  1.383387  1.907856
623.5  0.538369  1.371733  1.910102
624.0  0.551060  1.359767  1.910827
624.5  0.561409  1.348235  1.909645
625.0  0.567866  1.343620  1.911486
625.5  0.568324  1.344328  1.912652
626.0  0.561165  1.351470  1.912635
626.5  0.546846  1.364577  1.911423
627.0  0.528696  1.381299  1.909994
627.5  0.511914  1.397265  1.909179
628.0  0.501039  1.406750  1.907790
628.5  0.497388  1.409616  1.907005
629.0  0.498178  1.406732  1.904911
629.5  0.497983  1.402765  1.900748
630.0  0.491637  1.407850  1.899487
630.5  0.476857  1.423449  1.900307
631.0  0.455160  1.445211  1.900371
631.5  0.430763  1.467362  1.898125
632.0  0.408243  1.488882  1.897126
632.5  0.390377  1.504346  1.894723
633.0  0.377371  1.518511  1.895882
633.5  0.367715  1.529869  1.897584
634.0  0.359758  1.537353  1.897112
634.5  0.352680  1.543517  1.896196
635.0  0.346262  1.549968  1.896230
635.5  0.340073  1.557664  1.897737
636.0  0.333194  1.563161  1.896356
636.5  0.325059  1.571782  1.896840
637.0  0.316809  1.581733  1.898542
637.5  0.311871  1.587563  1.899434
638.0  0.314814  1.586267  1.901080
638.5  0.328811  1.574457  1.903267
639.0  0.353237  1.549629  1.902866
639.5  0.383103  1.519862  1.902966
640.0  0.410896  1.493802  1.904697
640.5  0.429822  1.475395  1.905218
641.0  0.436605  1.465640  1.902246
641.5  0.432382  1.469644  1.902026
642.0  0.421470  1.479644  1.901115
642.5  0.408918  1.491591  1.900509
643.0  0.398300  1.500318  1.898618
643.5  0.390915  1.506641  1.897556
644.0  0.386528  1.511683  1.898211
644.5  0.384702  1.513649  1.898351
645.0  0.385527  1.512221  1.897748
645.5  0.389260  1.508789  1.898049
646.0  0.395509  1.503980  1.899488
646.5  0.403060  1.496839  1.899899
647.0  0.410829  1.488381  1.899210
647.5  0.419333  1.479848  1.899181
648.0  0.431367  1.469440  1.900808
648.5  0.450939  1.450594  1.901533
649.0  0.480737  1.421814  1.902551
649.5  0.519696  1.381569  1.901265
650.0  0.562443  1.337459  1.899903
650.5  0.601215  1.298517  1.899733
651.0  0.629157  1.270477  1.899633
651.5  0.643040  1.255222  1.898261
652.0  0.643976  1.253998  1.897974
652.5  0.636019  1.260774  1.896792
653.0  0.623720  1.273138  1.896858
653.5  0.610117  1.287165  1.897282
654.0  0.596132  1.301012  1.897143
654.5  0.581370  1.316020  1.897390
655.0  0.565357  1.331177  1.896534
655.5  0.548167  1.347801  1.895968
656.0  0.530113  1.366861  1.896974
656.5  0.511099  1.385293  1.896392
657.0  0.490569  1.405060  1.895628
657.5  0.468445  1.426123  1.894568
658.0  0.446485  1.449196  1.895681
658.5  0.428809  1.468119  1.896928
659.0  0.420676  1.476427  1.897103
659.5  0.425746  1.471219  1.896964
660.0  0.443444  1.452561  1.896005
660.5  0.468389  1.428428  1.896817
661.0  0.492566  1.403318  1.895884
661.5  0.509017  1.387181  1.896197
662.0  0.514801  1.383124  1.897924
662.5  0.511622  1.385366  1.896988
663.0  0.504096  1.393074  1.897170
663.5  0.496981  1.401899  1.898880
664.0  0.493052  1.406389  1.899441
664.5  0.492634  1.406851  1.899485
665.0  0.494579  1.404505  1.899084
665.5  0.497586  1.400871  1.898457
666.0  0.500792  1.397720  1.898512
666.5  0.503395  1.394502  1.897897
667.0  0.504019  1.392171  1.896190
667.5  0.500757  1.394840  1.895597
668.0  0.492229  1.403879  1.896108
668.5  0.479026  1.417248  1.896274
669.0  0.464324  1.431377  1.895701
669.5  0.452743  1.441753  1.894496
670.0  0.447753  1.447212  1.894965
670.5  0.449232  1.446382  1.895613
671.0  0.453055  1.440660  1.893715
671.5  0.453311  1.439932  1.893243
672.0  0.445777  1.447964  1.893742
672.5  0.430394  1.463242  1.893636
673.0  0.411235  1.482696  1.893931
673.5  0.394215  1.501469  1.895685
674.0  0.384145  1.512371  1.896516
674.5  0.382920  1.514196  1.897116
675.0  0.389659  1.507370  1.897029
675.5  0.402201  1.495488  1.897689
676.0  0.418630  1.479143  1.897774
676.5  0.437770  1.460558  1.898328
677.0  0.458631  1.440315  1.898946
677.5  0.479652  1.418803  1.898455
678.0  0.498672  1.399796  1.898468
678.5  0.513905  1.385003  1.898908
679.0  0.525244  1.373354  1.898598
679.5  0.534751  1.363349  1.898100
680.0  0.545521  1.351720  1.897241
680.5  0.559272  1.336781  1.896052
681.0  0.574218  1.319923  1.894141
681.5  0.584969  1.308680  1.893648
682.0  0.584899  1.309292  1.894191
682.5  0.569609  1.323630  1.893239
683.0  0.539279  1.353074  1.892353
683.5  0.498544  1.393991  1.892534
684.0  0.454183  1.438981  1.893165
684.5  0.412219  1.480174  1.892393
685.0  0.376109  1.515478  1.891587
685.5  0.346756  1.544641  1.891397
686.0  0.323754  1.568276  1.892030
686.5  0.306610  1.585644  1.892254
687.0  0.295053  1.596347  1.891401
687.5  0.288498  1.602765  1.891263
688.0  0.285494  1.606659  1.892153
688.5  0.283990  1.608046  1.892036
689.0  0.282547  1.609968  1.892515
689.5  0.281773  1.611837  1.893610
690.0  0.284797  1.610292  1.895088
690.5  0.295974  1.599220  1.895193
691.0  0.318180  1.578122  1.896301
691.5  0.350321  1.545811  1.896132
692.0  0.386945  1.508742  1.895687
692.5  0.420545  1.476325  1.896870
693.0  0.445194  1.450723  1.895917
693.5  0.459199  1.436861  1.896060
694.0  0.465249  1.432942  1.898191
694.5  0.468292  1.429821  1.898112
695.0  0.472715  1.425594  1.898309
695.5  0.480560  1.418895  1.899454
696.0  0.491477  1.405447  1.896924
696.5  0.503888  1.393349  1.897237
697.0  0.516161  1.381755  1.897916
697.5  0.526985  1.370851  1.897835
698.0  0.535014  1.362071  1.897085
698.5  0.538516  1.358898  1.897414
699.0  0.535688  1.361528  1.897215
699.5  0.525766  1.371140  1.896906
700.0  0.510301  1.386794  1.897095
700.5  0.493627  1.404026  1.897653
701.0  0.481786  1.415454  1.897240
701.5  0.480018  1.418577  1.898595
702.0  0.490126  1.409640  1.899766
702.5  0.509445  1.387282  1.896727
703.0  0.532301  1.363515  1.895816
703.5  0.553076  1.344757  1.897833
704.0  0.568886  1.329181  1.898067
704.5  0.580247  1.316501  1.896749
705.0  0.589682  1.308474  1.898156
705.5  0.599531  1.300993  1.900524
706.0  0.610537  1.288793  1.899330
706.5  0.621858  1.277056  1.898914
707.0  0.632038  1.267593  1.899631
707.5  0.639881  1.259412  1.899293
708.0  0.644539  1.254544  1.899082
708.5  0.644962  1.254320  1.899281
709.0  0.639433  1.258403  1.897835
709.5  0.625834  1.270678  1.896513
710.0  0.602742  1.293714  1.896457
710.5  0.570804  1.325991  1.896795
711.0  0.533500  1.364108  1.897608
711.5  0.496486  1.401112  1.897598
712.0  0.465454  1.431766  1.897220
712.5  0.443523  1.455220  1.898743
713.0  0.429843  1.469622  1.899465
713.5  0.420504  1.477877  1.898381
714.0  0.411225  1.486233  1.897458
714.5  0.399961  1.498506  1.898467
715.0  0.387700  1.511963  1.899663
715.5  0.377185  1.521446  1.898630
716.0  0.370782  1.527653  1.898435
716.5  0.369101  1.530340  1.899441
717.0  0.371113  1.526905  1.898018
717.5  0.375260  1.523430  1.898690
718.0  0.380432  1.519426  1.899859
718.5  0.386078  1.512754  1.898832
719.0  0.391598  1.506354  1.897951
719.5  0.395767  1.502445  1.898212
720.0  0.396877  1.500773  1.897649
720.5  0.393694  1.504294  1.897988
721.0  0.386717  1.510781  1.897498
721.5  0.378798  1.519659  1.898457
722.0  0.374382  1.524848  1.899229
722.5  0.377367  1.520397  1.897764
723.0  0.388721  1.509747  1.898467
723.5  0.405513  1.494114  1.899627
724.0  0.422324  1.477070  1.899395
724.5  0.434269  1.463699  1.897968
725.0  0.439604  1.460274  1.899877
725.5  0.440226  1.460061  1.900287
726.0  0.439920  1.459316  1.899236
726.5  0.441789  1.457710  1.899499
727.0  0.446628  1.453892  1.900521
727.5  0.453048  1.445843  1.898890
728.0  0.458824  1.439683  1.898507
728.5  0.462260  1.436197  1.898457
729.0  0.462713  1.434945  1.897657
729.5  0.460294  1.432818  1.893112
730.0  0.455359  1.438780  1.894139
730.5  0.448399  1.445459  1.893857
731.0  0.440468  1.454079  1.894546
731.5  0.433782  1.461227  1.895009
732.0  0.431768  1.462671  1.894440
732.5  0.438066  1.455637  1.893703
733.0  0.454634  1.439115  1.893749
733.5  0.480028  1.414680  1.894707
734.0  0.509152  1.384269  1.893421
734.5  0.535088  1.358766  1.893854
735.0  0.552074  1.341392  1.893466
735.5  0.557827  1.336766  1.894593
736.0  0.553822  1.341382  1.895204
736.5  0.543567  1.352269  1.895835
737.0  0.530250  1.365855  1.896105
737.5  0.515311  1.381314  1.896626
738.0  0.498568  1.397876  1.896443
738.5  0.479349  1.416531  1.895880
739.0  0.457534  1.439301  1.896835
739.5  0.433788  1.462364  1.896153
740.0  0.409115  1.486588  1.895703
740.5  0.384333  1.510623  1.894956
741.0  0.360063  1.535010  1.895073
741.5  0.337333  1.557667  1.895000
742.0  0.318372  1.575560  1.893932
742.5  0.306877  1.587852  1.894730
743.0  0.307137  1.589138  1.896275
743.5  0.322108  1.573387  1.895496
744.0  0.351439  1.543759  1.895198
744.5  0.390832  1.505029  1.895861
745.0  0.433500  1.463306  1.896807
745.5  0.472966  1.421473  1.894439
746.0  0.505482  1.389870  1.895351
746.5  0.530620  1.364290  1.894910
747.0  0.549968  1.345835  1.895804
747.5  0.565141  1.329448  1.894588
748.0  0.576537  1.319491  1.896028
748.5  0.583442  1.314529  1.897971
749.0  0.584971  1.310646  1.895617
749.5  0.580915  1.313965  1.894880
750.0  0.571881  1.325970  1.897851
750.5  0.558855  1.339213  1.898068
751.0  0.542710  1.353577  1.896286
751.5  0.524182  1.372253  1.896435
752.0  0.504392  1.393339  1.897731
752.5  0.485520  1.411193  1.896713
753.0  0.470973  1.425713  1.896686
753.5  0.464491  1.433095  1.897586
754.0  0.468340  1.430534  1.898874
754.5  0.481620  1.415875  1.897495
755.0  0.500025  1.396327  1.896352
755.5  0.517609  1.379684  1.897293
756.0  0.529653  1.367596  1.897249
756.5  0.534806  1.363972  1.898777
757.0  0.535173  1.361843  1.897016
757.5  0.534476  1.364992  1.899468
758.0  0.535664  1.362703  1.898366
758.5  0.539509  1.359549  1.899059
759.0  0.544821  1.353103  1.897924
759.5  0.549665  1.349126  1.898792
760.0  0.552512  1.345546  1.898058
760.5  0.552552  1.346487  1.899039
761.0  0.549306  1.350719  1.900025
761.5  0.542168  1.356506  1.898675
762.0  0.530504  1.369973  1.900477
762.5  0.514427  1.385452  1.899880
763.0  0.495728  1.404470  1.900198
763.5  0.478089  1.421657  1.899746
764.0  0.465923  1.434302  1.900225
764.5  0.462073  1.438036  1.900109
765.0  0.465695  1.433720  1.899415
765.5  0.471965  1.426813  1.898778
766.0  0.474192  1.424292  1.898484
766.5  0.467173  1.432175  1.899349
767.0  0.449661  1.451406  1.901067
767.5  0.424511  1.475974  1.900485
768.0  0.396724  1.504393  1.901117
768.5  0.370914  1.529668  1.900582
769.0  0.349766  1.552464  1.902230
769.5  0.334075  1.566448  1.900523
770.0  0.323736  1.577595  1.901331
770.5  0.318571  1.581917  1.900488
771.0  0.318361  1.582417  1.900779
771.5  0.322281  1.580065  1.902345
772.0  0.328490  1.573147  1.901637
772.5  0.334551  1.567676  1.902227
773.0  0.338708  1.562091  1.900799
773.5  0.341337  1.560987  1.902324
774.0  0.345436  1.556035  1.901471
774.5  0.355309  1.546997  1.902306
775.0  0.373778  1.528565  1.902342
775.5  0.399611  1.502857  1.902468
776.0  0.427224  1.473292  1.900516
776.5  0.449200  1.450019  1.899220
777.0  0.460062  1.442058  1.902120
777.5  0.458764  1.443970  1.902734
778.0  0.448518  1.452259  1.900777
778.5  0.434523  1.467098  1.901620
779.0  0.421395  1.481372  1.902767
779.5  0.411850  1.490677  1.902527
780.0  0.406925  1.495040  1.901966
780.5  0.406916  1.496675  1.903592
781.0  0.411952  1.490916  1.902869
781.5  0.421749  1.481029  1.902778
782.0  0.434929  1.466949  1.901878
782.5  0.448765  1.452753  1.901517
783.0  0.459956  1.441725  1.901681
783.5  0.466351  1.435556  1.901908
784.0  0.468703  1.434212  1.902914
784.5  0.471136  1.430138  1.901274
785.0  0.479449  1.423888  1.903337
785.5  0.497746  1.405830  1.903576
786.0  0.525460  1.380922  1.906382
786.5  0.557009  1.346095  1.903104
787.0  0.584549  1.317730  1.902279
787.5  0.601949  1.300723  1.902672
788.0  0.607325  1.296504  1.903829
788.5  0.602837  1.301141  1.903977
789.0  0.592520  1.312160  1.904680
789.5  0.579965  1.325622  1.905588
790.0  0.567254  1.337344  1.904598
790.5  0.555294  1.348811  1.904105
791.0  0.544690  1.359494  1.904184
791.5  0.536118  1.368882  1.905001
792.0  0.529858  1.372833  1.902691
792.5  0.524908  1.377711  1.902619
793.0  0.518581  1.385972  1.904553
793.5  0.507221  1.396904  1.904125
794.0  0.488021  1.414213  1.902235
794.5  0.461099  1.443530  1.904630
795.0  0.430504  1.475830  1.906334
795.5  0.403082  1.503855  1.906937
796.0  0.385368  1.518275  1.903644
796.5  0.380237  1.525485  1.905721
797.0  0.385634  1.519483  1.905117
797.5  0.396311  1.508210  1.904521
798.0  0.407187  1.493351  1.900538
798.5  0.415874  1.485870  1.901744
799.0  0.422918  1.481462  1.904380
799.5  0.430238  1.476203  1.906441
800.0  0.439375  1.466032  1.905407
800.5  0.450791  1.453605  1.904396
801.0  0.464315  1.443202  1.907516
801.5  0.479883  1.424883  1.904766
802.0  0.497707  1.406052  1.903759
802.5  0.517603  1.387308  1.904911
803.0  0.538015  1.368364  1.906379
803.5  0.555584  1.348535  1.904119
804.0  0.565855  1.337769  1.903624
804.5  0.565085  1.338913  1.903998
805.0  0.552401  1.353108  1.905510
805.5  0.531077  1.373750  1.904827
806.0  0.507804  1.398008  1.905812
806.5  0.489841  1.418585  1.908427
807.0  0.481508  1.427298  1.908806
807.5  0.482319  1.424591  1.906910
808.0  0.488061  1.418112  1.906173
808.5  0.493844  1.411509  1.905353
809.0  0.496766  1.411279  1.908044
809.5  0.496548  1.408235  1.904783
810.0  0.494378  1.411893  1.906271
810.5  0.491403  1.413935  1.905338
811.0  0.488094  1.418140  1.906234
811.5  0.484620  1.421127  1.905747
812.0  0.481468  1.423526  1.904994
812.5  0.479509  1.425597  1.905107
813.0  0.479311  1.425498  1.904810
813.5  0.480202  1.424330  1.904532
814.0  0.479857  1.423043  1.902900
814.5  0.474955  1.428887  1.903842
815.0  0.462857  1.439878  1.902735
815.5  0.443587  1.459304  1.902891
816.0  0.420888  1.482135  1.903023
816.5  0.401248  1.503666  1.904914
817.0  0.390869  1.514295  1.905165
817.5  0.392238  1.512389  1.904628
818.0  0.402699  1.501241  1.903940
818.5  0.416168  1.487795  1.903964
819.0  0.426666  1.477056  1.903723
819.5  0.431053  1.472556  1.903609
820.0  0.429412  1.472714  1.902126
820.5  0.423564  1.479667  1.903231
821.0  0.415378  1.488840  1.904218
821.5  0.406080  1.499635  1.905715
822.0  0.396586  1.507079  1.903666
822.5  0.388021  1.516938  1.904958
823.0  0.381642  1.523461  1.905103
823.5  0.378097  1.525593  1.903690
824.0  0.376537  1.528649  1.905186
824.5  0.374360  1.530260  1.904621
825.0  0.368050  1.536354  1.904404
825.5  0.355005  1.547157  1.902162
826.0  0.335619  1.570272  1.905891
826.5  0.314334  1.590799  1.905133
827.0  0.298531  1.607596  1.906126
827.5  0.295258  1.610645  1.905903
828.0  0.307573  1.598112  1.905686
828.5  0.333046  1.572914  1.905960
829.0  0.365546  1.539001  1.904547
829.5  0.398835  1.506173  1.905007
830.0  0.429201  1.475073  1.904275
830.5  0.455649  1.449093  1.904742
831.0  0.478376  1.426200  1.904576
831.5  0.497371  1.410644  1.908015
832.0  0.512250  1.396066  1.908316
832.5  0.523021  1.384888  1.907909
833.0  0.530724  1.376530  1.907254
833.5  0.537177  1.370110  1.907287
834.0  0.543920  1.363372  1.907292
834.5  0.551089  1.355209  1.906298
835.0  0.556979  1.349061  1.906040
835.5  0.558712  1.347651  1.906363
836.0  0.553883  1.351095  1.904978
836.5  0.542473  1.364131  1.906604
837.0  0.527911  1.378798  1.906709
837.5  0.516227  1.390687  1.906914
838.0  0.513257  1.391566  1.904823
838.5  0.521452  1.385913  1.907365
839.0  0.538602  1.367522  1.906124
839.5  0.559477  1.347100  1.906577
840.0  0.579008  1.328019  1.907027
840.5  0.594467  1.314045  1.908512
841.0  0.605324  1.303287  1.908610
841.5  0.611650  1.296427  1.908077
842.0  0.612930  1.296066  1.908996
842.5  0.608257  1.300264  1.908522
843.0  0.597436  1.310937  1.908372
843.5  0.581761  1.325904  1.907664
844.0  0.563727  1.343753  1.907480
844.5  0.545850  1.361987  1.907837
845.0  0.529373  1.378596  1.907969
845.5  0.513643  1.396316  1.909959
846.0  0.496547  1.414357  1.910905
846.5  0.475916  1.432267  1.908183
847.0  0.451316  1.457094  1.908410
847.5  0.425234  1.484863  1.910097
848.0  0.402620  1.506988  1.909609
848.5  0.388588  1.521122  1.909710
849.0  0.385495  1.527944  1.913439
849.5  0.391544  1.519346  1.910890
850.0  0.402092  1.506727  1.908820
850.5  0.412655  1.497935  1.910590
851.0  0.421170  1.492107  1.913277
851.5  0.427971  1.482321  1.910292
852.0  0.434024  1.476190  1.910213
852.5  0.439335  1.472969  1.912305
853.0  0.442855  1.468838  1.911694
853.5  0.443640  1.468556  1.912197
854.0  0.442016  1.470271  1.912287
854.5  0.439713  1.471693  1.911407
855.0  0.438931  1.472242  1.911173
855.5  0.441046  1.471741  1.912787
856.0  0.445802  1.465591  1.911393
856.5  0.451482  1.458789  1.910271
857.0  0.456048  1.456042  1.912090
857.5  0.458698  1.453561  1.912259
858.0  0.460865  1.449651  1.910516
858.5  0.465667  1.443885  1.909552
859.0  0.475688  1.435753  1.911442
859.5  0.490424  1.421752  1.912176
860.0  0.505524  1.405773  1.911297
860.5  0.514867  1.395629  1.910497
861.0  0.514133  1.395035  1.909168
861.5  0.503144  1.407575  1.910719
862.0  0.485311  1.426277  1.911588
862.5  0.464934  1.446321  1.911256
863.0  0.444711  1.464777  1.909488
863.5  0.425202  1.485029  1.910231
864.0  0.406117  1.504578  1.910695
864.5  0.387911  1.521906  1.909817
865.0  0.372302  1.538320  1.910622
865.5  0.361500  1.548404  1.909904
866.0  0.356862  1.554560  1.911421
866.5  0.357961  1.552065  1.910025
867.0  0.362695  1.547437  1.910131
867.5  0.368505  1.540751  1.909256
868.0  0.374156  1.533916  1.908072
868.5  0.381010  1.527133  1.908143
869.0  0.392638  1.516288  1.908926
869.5  0.412488  1.496890  1.909378
870.0  0.440899  1.467617  1.908516
870.5  0.473768  1.433497  1.907265
871.0  0.504228  1.402968  1.907196
871.5  0.526239  1.380782  1.907020
872.0  0.537364  1.368804  1.906167
872.5  0.538847  1.366907  1.905754
873.0  0.533452  1.372235  1.905688
873.5  0.523204  1.382104  1.905308
874.0  0.508742  1.393857  1.902598
874.5  0.490264  1.412001  1.902265
875.0  0.468771  1.433088  1.901859
875.5  0.446381  1.455862  1.902244
876.0  0.425525  1.477468  1.902993
876.5  0.407685  1.494691  1.902375
877.0  0.392594  1.509492  1.902085
877.5  0.378464  1.525213  1.903677
878.0  0.363301  1.539753  1.903054
878.5  0.346731  1.555902  1.902634
879.0  0.331256  1.571915  1.903171
879.5  0.321790  1.584798  1.906588
880.0  0.323254  1.584378  1.907632
880.5  0.337566  1.568364  1.905929
881.0  0.362314  1.541222  1.903536
881.5  0.392341  1.511454  1.903795
882.0  0.423044  1.483344  1.906387
882.5  0.452726  1.454295  1.907021
883.0  0.482316  1.422412  1.904728
883.5  0.513166  1.391213  1.904379
884.0  0.545087  1.359739  1.904826
884.5  0.576190  1.327652  1.903842
885.0  0.604262  1.298802  1.903065
885.5  0.628240  1.277661  1.905901
886.0  0.648558  1.258957  1.907515
886.5  0.666265  1.240036  1.906301
887.0  0.681685  1.224105  1.905790
887.5  0.693551  1.212739  1.906290
888.0  0.699212  1.205914  1.905126
888.5  0.695874  1.209347  1.905221
889.0  0.682293  1.223359  1.905652
889.5  0.659848  1.245322  1.905170
890.0  0.632092  1.272372  1.904464
890.5  0.602772  1.301320  1.904092
891.0  0.573624  1.330565  1.904189
891.5  0.543725  1.358738  1.902463
892.0  0.511099  1.392731  1.903830
892.5  0.475318  1.427274  1.902592
893.0  0.438919  1.462961  1.901881
893.5  0.406500  1.495947  1.902447
894.0  0.382269  1.521121  1.903390
894.5  0.368022  1.534977  1.902999
895.0  0.362881  1.538899  1.901780
895.5  0.364625  1.537258  1.901883
896.0  0.371305  1.531233  1.902538
896.5  0.382001  1.519846  1.901847
897.0  0.396452  1.505744  1.902196
897.5  0.414135  1.488722  1.902857
898.0  0.433586  1.469466  1.903053
898.5  0.452469  1.450600  1.903069
899.0  0.468431  1.434857  1.903288
899.5  0.480266  1.422710  1.902976
900.0  0.488569  1.415710  1.904279
900.5  0.495231  1.409806  1.905038
901.0  0.501831  1.402707  1.904537
901.5  0.508011  1.395890  1.903901
902.0  0.511200  1.392283  1.903482
902.5  0.508126  1.396669  1.904794
903.0  0.497090  1.408396  1.905486
903.5  0.479286  1.425099  1.904386
904.0  0.458228  1.445544  1.903772
904.5  0.437838  1.466697  1.904535
905.0  0.420668  1.484064  1.904732
905.5  0.407362  1.497453  1.904815
906.0  0.397355  1.507813  1.905169
906.5  0.389920  1.516485  1.906405
907.0  0.384690  1.519526  1.904216
907.5  0.381450  1.522281  1.903731
908.0  0.379605  1.526577  1.906181
908.5  0.377926  1.528085  1.906011
909.0  0.374980  1.528781  1.903760
909.5  0.370109  1.533906  1.904016
910.0  0.364423  1.540590  1.905013
910.5  0.360940  1.545127  1.906067
911.0  0.363386  1.541635  1.905021
911.5  0.374074  1.530286  1.904360
912.0  0.392202  1.511565  1.903767
912.5  0.413942  1.488543  1.902485
913.0  0.434390  1.466727  1.901117
913.5  0.450048  1.452284  1.902332
914.0  0.460159  1.443126  1.903286
914.5  0.466207  1.435676  1.901883
915.0  0.470290  1.431245  1.901535
915.5  0.473696  1.428740  1.902436
916.0  0.476513  1.426035  1.902548
916.5  0.478154  1.423380  1.901534
917.0  0.478060  1.424934  1.902995
917.5  0.475954  1.426951  1.902905
918.0  0.471586  1.430880  1.902466
918.5  0.464370  1.437215  1.901585
919.0  0.453391  1.447144  1.900535
919.5  0.438009  1.464462  1.902470
920.0  0.418851  1.483100  1.901951
920.5  0.398564  1.504941  1.903505
921.0  0.381583  1.522621  1.904204
921.5  0.372635  1.531785  1.904420
922.0  0.374613  1.528637  1.903250
922.5  0.387167  1.514531  1.901698
923.0  0.407078  1.496318  1.903396
923.5  0.430175  1.473995  1.904170
924.0  0.453429  1.448425  1.901855
924.5  0.475829  1.425471  1.901300
925.0  0.497748  1.405741  1.903488
925.5  0.519611  1.385343  1.904954
926.0  0.541001  1.363401  1.904402
926.5  0.560726  1.342379  1.903104
927.0  0.577488  1.325507  1.902995
927.5  0.590431  1.314922  1.905353
928.0  0.599069  1.306099  1.905169
928.5  0.602763  1.300210  1.902972
929.0  0.600245  1.301751  1.901996
929.5  0.589733  1.312030  1.901763
930.0  0.569790  1.332981  1.902771
930.5  0.540610  1.361709  1.902319
931.0  0.504957  1.397017  1.901974
931.5  0.467943  1.433084  1.901027
932.0  0.435382  1.467493  1.902875
932.5  0.411537  1.491858  1.903395
933.0  0.397724  1.505048  1.902772
933.5  0.392759  1.508426  1.901185
934.0  0.394784  1.508018  1.902802
934.5  0.402950  1.500139  1.903089
935.0  0.417673  1.484255  1.901928
935.5  0.439507  1.462354  1.901861
936.0  0.467759  1.433983  1.901743
936.5  0.499999  1.402610  1.902609
937.0  0.532780  1.369948  1.902728
937.5  0.562891  1.339146  1.902038
938.0  0.588232  1.313448  1.901680
938.5  0.607817  1.293961  1.901778
939.0  0.621143  1.281912  1.903055
939.5  0.627516  1.274062  1.901578
940.0  0.625908  1.275142  1.901050
940.5  0.615548  1.285578  1.901126
941.0  0.596936  1.304632  1.901568
941.5  0.572540  1.328793  1.901333
942.0  0.546439  1.355799  1.902238
942.5  0.522719  1.379097  1.901816
943.0  0.503477  1.397597  1.901074
943.5  0.487859  1.414469  1.902327
944.0  0.472921  1.429017  1.901938
944.5  0.455738  1.444637  1.900375
945.0  0.435210  1.464325  1.899535
945.5  0.412449  1.490012  1.902460
946.0  0.389792  1.510874  1.900666
946.5  0.369448  1.531127  1.900575
947.0  0.352753  1.548626  1.901379
947.5  0.340327  1.561291  1.901618
948.0  0.332644  1.567877  1.900521
948.5  0.330369  1.570596  1.900965
949.0  0.334103  1.567927  1.902030
949.5  0.343746  1.557034  1.900779
950.0  0.357976  1.542112  1.900087
950.5  0.374341  1.525821  1.900162
951.0  0.390134  1.510390  1.900524
951.5  0.403733  1.495979  1.899713
952.0  0.415671  1.483953  1.899624
952.5  0.428561  1.472645  1.901206
953.0  0.445592  1.455594  1.901185
953.5  0.468322  1.431361  1.899683
954.0  0.495254  1.405290  1.900544
954.5  0.522221  1.378540  1.900762
955.0  0.544282  1.356867  1.901149
955.5  0.557702  1.341182  1.898884
956.0  0.560846  1.340676  1.901522
956.5  0.553819  1.346956  1.900774
957.0  0.537610  1.363275  1.900885
957.5  0.513554  1.387578  1.901132
958.0  0.483344  1.418445  1.901788
958.5  0.449281  1.452729  1.902010
959.0  0.414230  1.486698  1.900928
959.5  0.381079  1.521781  1.902859
960.0  0.351895  1.549999  1.901894
960.5  0.327283  1.574104  1.901388
961.0  0.306403  1.593049  1.899452
961.5  0.287856  1.614477  1.902333
962.0  0.271172  1.631257  1.902429
962.5  0.258109  1.644442  1.902551
963.0  0.252781  1.649240  1.902021
963.5  0.260092  1.642095  1.902187
964.0  0.283144  1.618463  1.901607
964.5  0.321247  1.581246  1.902493
965.0  0.369901  1.534011  1.903912
965.5  0.422644  1.479217  1.901861
966.0  0.473342  1.426430  1.899772
966.5  0.517551  1.385560  1.903110
967.0  0.552686  1.349432  1.902118
967.5  0.577677  1.324855  1.902532
968.0  0.592768  1.306987  1.899755
968.5  0.599567  1.302075  1.901642
969.0  0.600934  1.301472  1.902407
969.5  0.600345  1.302425  1.902770
970.0  0.600742  1.300543  1.901284
970.5  0.603306  1.298581  1.901887
971.0  0.606715  1.295086  1.901802
971.5  0.607378  1.291303  1.898682
972.0  0.600783  1.299127  1.899910
972.5  0.583634  1.317675  1.901310
973.0  0.555876  1.344398  1.900274
973.5  0.521407  1.376387  1.897794
974.0  0.486751  1.414747  1.901498
974.5  0.458183  1.445520  1.903703
975.0  0.439056  1.461138  1.900194
975.5  0.429001  1.467239  1.896240
976.0  0.425200  1.474402  1.899602
976.5  0.424407  1.477899  1.902305
977.0  0.424267  1.476532  1.900800
977.5  0.423605  1.475526  1.899131
978.0  0.422236  1.476675  1.898911
978.5  0.420920  1.479272  1.900192
979.0  0.421467  1.479883  1.901349
979.5  0.426592  1.472250  1.898842
980.0  0.439210  1.460804  1.900013
980.5  0.461236  1.439770  1.901006
981.0  0.492367  1.408311  1.900679
981.5  0.529406  1.370069  1.899475
982.0  0.566612  1.333829  1.900442
982.5  0.597233  1.302940  1.900172
983.0  0.615825  1.282153  1.897978
983.5  0.620452  1.279730  1.900182
984.0  0.613473  1.286820  1.900293
984.5  0.600195  1.300764  1.900958
985.0  0.585936  1.312817  1.898753
985.5  0.573391  1.327350  1.900741
986.0  0.561972  1.337432  1.899404
986.5  0.549219  1.350063  1.899282
987.0  0.532789  1.365965  1.898754
987.5  0.511595  1.388467  1.900061
988.0  0.485864  1.413916  1.899780
988.5  0.456833  1.441646  1.898479
989.0  0.426676  1.472188  1.898864
989.5  0.398590  1.502077  1.900667
990.0  0.376545  1.524105  1.900650
990.5  0.364413  1.534931  1.899344
991.0  0.364643  1.535476  1.900119
991.5  0.377027  1.524762  1.901789
992.0  0.398176  1.501267  1.899443
992.5  0.422117  1.476712  1.898828
993.0  0.442058  1.456643  1.898701
993.5  0.452851  1.447820  1.900671
994.0  0.453141  1.446280  1.899422
994.5  0.445972  1.452841  1.898813
995.0  0.437192  1.461671  1.898863
995.5  0.432338  1.465718  1.898057
996.0  0.433871  1.465544  1.899415
996.5  0.440421  1.459343  1.899764
997.0  0.448134  1.451290  1.899424
997.5  0.452768  1.444207  1.896975
998.0  0.451191  1.448358  1.899549
998.5  0.441962  1.458533  1.900495
999.0  0.425457  1.474038  1.899495
999.5  0.403922  1.494917  1.898839
1000.0  0.381339  1.520115  1.901453
