0.0  284.8879
0.5  294.4294
1.0  305.0282
1.5  316.9943
2.0  330.5385
2.5  345.2105
3.0  359.7370
3.5  372.3106
4.0  381.1391
4.5  384.9827
5.0  383.4656
5.5  377.0768
6.0  366.9085
6.5  354.2816
7.0  340.4561
7.5  326.5275
8.0  313.4276
8.5  301.8373
9.0  291.9710
9.5  283.4642
10.0  275.6424
10.5  268.1352
11.0  261.4234
11.5  256.8753
12.0  256.1791
12.5  260.4994
13.0  269.8366
13.5  282.9043
14.0  297.5260
14.5  311.3187
15.0  322.3723
15.5  329.7047
16.0  333.3863
16.5  334.3301
17.0  333.8531
17.5  333.2101
18.0  333.2922
18.5  334.5232
19.0  336.8269
19.5  339.5873
20.0  341.7312
20.5  342.1140
21.0  340.1398
21.5  336.2440
22.0  331.8612
22.5  328.8298
23.0  328.5589
23.5  331.4100
24.0  336.5849
24.5  342.5110
25.0  347.4907
25.5  350.3219
26.0  350.6760
26.5  349.1392
27.0  346.9311
27.5  345.4127
28.0  345.5836
28.5  347.7711
29.0  351.5741
29.5  355.9655
30.0  359.4587
30.5  360.3998
31.0  357.4884
31.5  350.4148
32.0  340.2502
32.5  329.2491
33.0  320.0572
33.5  314.6918
34.0  313.7905
34.5  316.4569
35.0  320.7234
35.5  324.3856
36.0  325.8621
36.5  324.7633
37.0  321.9720
37.5  319.2013
38.0  318.2078
38.5  320.0202
39.0  324.5479
39.5  330.6920
40.0  336.7626
40.5  340.9261
41.0  341.5981
41.5  337.8613
42.0  329.9034
42.5  319.2410
43.0  308.4634
43.5  300.4637
44.0  297.4460
44.5  300.1426
45.0  307.5785
45.5  317.4670
46.0  327.0663
46.5  334.1662
47.0  337.8327
47.5  338.6233
48.0  338.1830
48.5  338.4020
49.0  340.5487
49.5  344.7934
50.0  350.2620
50.5  355.4280
51.0  358.5526
51.5  358.0673
52.0  352.9648
52.5  343.2054
53.0  329.9524
53.5  315.4077
54.0  302.1994
54.5  292.5410
55.0  287.5106
55.5  286.7385
56.0  288.6058
56.5  290.8658
57.0  291.4610
57.5  289.2483
58.0  284.3673
58.5  278.1155
59.0  272.4040
59.5  269.0677
60.0  269.3363
60.5  273.5996
61.0  281.3985
61.5  291.5450
62.0  302.3987
62.5  312.3570
63.0  320.4457
63.5  326.7124
64.0  332.1545
64.5  338.1814
65.0  345.8787
65.5  355.4329
66.0  365.9609
66.5  375.7821
67.0  383.0037
67.5  386.1979
68.0  384.9305
68.5  379.9367
69.0  372.8477
69.5  365.5696
70.0  359.6002
70.5  355.6032
71.0  353.3706
71.5  352.0644
72.0  350.5550
72.5  347.7838
73.0  343.1538
73.5  336.8730
74.0  330.0562
74.5  324.4301
75.0  321.6939
75.5  322.7997
76.0  327.4759
76.5  334.1987
77.0  340.6225
77.5  344.3132
78.0  343.5326
78.5  337.8060
79.0  328.0564
79.5  316.2365
80.0  304.6076
80.5  294.9953
81.0  288.3447
81.5  284.6764
82.0  283.3147
82.5  283.2178
83.0  283.3667
83.5  283.2179
84.0  283.1074
84.5  284.3658
85.0  288.9638
85.5  298.7535
86.0  314.6137
86.5  335.8722
87.0  360.2521
87.5  384.3694
88.0  404.6090
88.5  418.0817
89.0  423.3382
89.5  420.5856
90.0  411.3442
90.5  397.7332
91.0  381.7620
91.5  364.9367
92.0  348.2143
92.5  332.1046
93.0  316.7525
93.5  302.0488
94.0  287.9003
94.5  274.6266
95.0  263.2321
95.5  255.2973
96.0  252.4630
96.5  255.7451
97.0  265.0238
97.5  278.9480
98.0  295.2905
98.5  311.6043
99.0  325.9144
99.5  337.1690
100.0  345.2589
100.5  350.6201
101.0  353.6728
101.5  354.4674
102.0  352.7447
102.5  348.2657
103.0  341.0571
103.5  331.3697
104.0  319.4939
104.5  305.7353
105.0  290.6579
105.5  275.3843
106.0  261.6278
106.5  251.3165
107.0  245.9702
107.5  246.1648
108.0  251.3665
108.5  260.2174
109.0  271.1304
109.5  282.9143
110.0  295.1372
110.5  308.0524
111.0  322.1319
111.5  337.4945
112.0  353.5990
112.5  369.3913
113.0  383.7320
113.5  395.7363
114.0  404.8067
114.5  410.4824
115.0  412.3973
115.5  410.4801
116.0  405.2279
116.5  397.7577
117.0  389.4810
117.5  381.5272
118.0  374.2351
118.5  367.0141
119.0  358.6873
119.5  348.1774
120.0  335.2287
120.5  320.8154
121.0  307.0045
121.5  296.2791
122.0  290.6236
122.5  290.8276
123.0  296.3352
123.5  305.6045
124.0  316.6504
124.5  327.4714
125.0  336.3177
125.5  341.9342
126.0  343.8507
126.5  342.5902
127.0  339.5773
127.5  336.6433
128.0  335.2681
128.5  335.8909
129.0  337.6385
129.5  338.6409
130.0  336.8282
130.5  330.8689
131.0  320.8280
131.5  308.2309
132.0  295.5011
132.5  285.0681
133.0  278.6288
133.5  276.8948
134.0  279.7862
134.5  286.7486
135.0  296.9273
135.5  309.2142
136.0  322.3592
136.5  335.2506
137.0  347.2480
137.5  358.3309
138.0  368.9068
138.5  379.3362
139.0  389.4209
139.5  398.1508
140.0  403.8923
140.5  404.9751
141.0  400.4123
141.5  390.3895
142.0  376.2392
142.5  359.8804
143.0  343.0278
143.5  326.6359
144.0  310.8695
144.5  295.4974
145.0  280.3352
145.5  265.4484
146.0  251.1278
146.5  237.8435
147.0  226.3077
147.5  217.5699
148.0  212.9563
148.5  213.7452
149.0  220.6566
149.5  233.3971
150.0  250.5234
150.5  269.7596
151.0  288.6871
151.5  305.5232
152.0  319.6234
152.5  331.4432
153.0  341.9729
153.5  351.9757
154.0  361.4935
154.5  369.8814
155.0  376.2330
155.5  379.8204
156.0  380.2834
156.5  377.6015
157.0  372.0573
157.5  364.3086
158.0  355.4948
158.5  347.1925
159.0  341.1060
159.5  338.5499
160.0  339.9358
160.5  344.5235
161.0  350.6084
161.5  356.1212
162.0  359.4094
162.5  359.8430
163.0  357.9423
163.5  354.9649
164.0  352.2021
164.5  350.3968
165.0  349.5594
165.5  349.1456
166.0  348.3600
166.5  346.4111
167.0  342.7172
167.5  337.1301
168.0  330.1519
168.5  323.0077
169.0  317.4377
169.5  315.2003
170.0  317.4426
170.5  324.1902
171.0  334.1875
171.5  345.1879
172.0  354.6066
172.5  360.2965
173.0  361.1415
173.5  357.2355
174.0  349.6127
174.5  339.7316
175.0  329.0137
175.5  318.6080
176.0  309.3242
176.5  301.5930
177.0  295.4287
177.5  290.5050
178.0  286.4283
178.5  283.1225
179.0  281.0962
179.5  281.3889
180.0  285.1642
180.5  293.1257
181.0  305.0461
181.5  319.6631
182.0  335.0214
182.5  349.1196
183.0  360.5643
183.5  368.9156
184.0  374.5559
184.5  378.1707
185.0  380.1723
185.5  380.4207
186.0  378.3525
186.5  373.3197
187.0  364.8556
187.5  352.7683
188.0  337.1764
188.5  318.6273
189.0  298.2751
189.5  277.9414
190.0  259.8788
190.5  246.2178
191.0  238.2951
191.5  236.1879
192.0  238.7247
192.5  244.0142
193.0  250.2637
193.5  256.4937
194.0  262.8070
194.5  270.0991
195.0  279.4007
195.5  291.2452
196.0  305.4025
196.5  321.0231
197.0  336.9500
197.5  351.9322
198.0  364.6929
198.5  374.0133
199.0  378.9778
199.5  379.3412
200.0  375.7980
200.5  369.9195
201.0  363.6808
201.5  358.7354
202.0  355.7778
202.5  354.3327
203.0  353.1011
203.5  350.6935
204.0  346.3682
204.5  340.4008
205.0  333.9273
205.5  328.4099
206.0  325.0731
206.5  324.6084
207.0  327.1793
207.5  332.5274
208.0  339.9960
208.5  348.4918
209.0  356.5600
209.5  362.6911
210.0  365.7853
210.5  365.5509
211.0  362.6069
211.5  358.1971
212.0  353.6183
212.5  349.6235
213.0  346.0939
213.5  342.1479
214.0  336.6344
214.5  328.7581
215.0  318.5246
215.5  306.8021
216.0  295.0267
216.5  284.7746
217.0  277.4367
217.5  274.0521
218.0  275.1892
218.5  280.7935
219.0  290.0885
219.5  301.6996
220.0  314.0593
220.5  325.9466
221.0  336.8922
221.5  347.2257
222.0  357.7146
222.5  368.9558
223.0  380.8157
223.5  392.2146
224.0  401.3868
224.5  406.5109
225.0  406.4127
225.5  401.0012
226.0  391.2305
226.5  378.6391
227.0  364.7550
227.5  350.6845
228.0  336.9997
228.5  323.8057
229.0  310.8365
229.5  297.5762
230.0  283.5092
230.5  268.5256
231.0  253.3314
231.5  239.6095
232.0  229.7428
232.5  226.1094
233.0  230.1915
233.5  241.8727
234.0  259.2620
234.5  279.1638
235.0  298.0384
235.5  313.0824
236.0  323.0021
236.5  328.1788
237.0  330.1963
237.5  331.0013
238.0  332.1059
238.5  334.1156
239.0  336.6313
239.5  338.4279
240.0  337.8386
240.5  333.3080
241.0  324.0254
241.5  310.4439
242.0  294.4472
242.5  279.0172
243.0  267.4437
243.5  262.3277
244.0  264.7539
244.5  273.9733
245.0  287.7300
245.5  303.1016
246.0  317.5129
246.5  329.5234
247.0  339.0933
247.5  347.2786
248.0  355.5665
248.5  365.1801
249.0  376.5903
249.5  389.2977
250.0  401.8716
250.5  412.2472
251.0  418.2721
251.5  418.3910
252.0  412.2433
252.5  400.9262
253.0  386.7733
253.5  372.6794
254.0  361.1922
254.5  353.7101
255.0  350.1060
255.5  348.9280
256.0  348.0895
256.5  345.7586
257.0  341.0704
257.5  334.3666
258.0  326.8936
258.5  320.1632
259.0  315.3024
259.5  312.6386
260.0  311.5927
260.5  310.8550
261.0  308.7975
261.5  304.0501
262.0  296.0922
262.5  285.6530
263.0  274.7343
263.5  266.1750
264.0  262.8377
264.5  266.6563
265.0  277.8870
265.5  294.8695
266.0  314.4400
266.5  332.8872
267.0  347.1266
267.5  355.6564
268.0  358.9196
268.5  358.9357
269.0  358.3959
269.5  359.6237
270.0  363.7864
270.5  370.5604
271.0  378.2765
271.5  384.4636
272.0  386.6385
272.5  383.1358
273.0  373.7418
273.5  359.9226
274.0  344.5172
274.5  330.9102
275.0  321.8972
275.5  318.6403
276.0  320.1574
276.5  323.6218
277.0  325.4126
277.5  322.5167
278.0  313.7044
278.5  299.9786
279.0  284.1274
279.5  269.6251
280.0  259.3958
280.5  254.9264
281.0  255.9684
281.5  260.8031
282.0  266.8980
282.5  271.7346
283.0  273.6035
283.5  272.1793
284.0  268.7114
284.5  265.7142
285.0  266.1591
285.5  272.3696
286.0  285.0230
286.5  302.7084
287.0  322.2970
287.5  340.0144
288.0  352.7706
288.5  359.1848
289.0  359.8954
289.5  357.0952
290.0  353.5870
290.5  351.8030
291.0  353.1343
291.5  357.6913
292.0  364.4422
292.5  371.6185
293.0  377.2708
293.5  379.8619
294.0  378.7649
294.5  374.5181
295.0  368.6985
295.5  363.3661
296.0  360.2122
296.5  359.7478
297.0  360.9437
297.5  361.5768
298.0  359.1935
298.5  352.2556
299.0  340.9003
299.5  326.9348
300.0  313.0957
300.5  302.0021
301.0  295.3227
301.5  293.4546
302.0  295.6772
302.5  300.5721
303.0  306.5099
303.5  312.1026
304.0  316.5764
304.5  320.0152
305.0  323.3888
305.5  328.2680
306.0  336.1924
306.5  347.8332
307.0  362.2932
307.5  376.9600
308.0  388.1479
308.5  392.3789
309.0  387.7734
309.5  374.8870
310.0  356.5651
310.5  336.8780
311.0  319.6726
311.5  307.4034
312.0  300.6529
312.5  298.3420
313.0  298.3678
313.5  298.3760
314.0  296.4784
314.5  291.8191
315.0  284.9157
315.5  277.6784
316.0  272.9983
316.5  273.8841
317.0  282.3286
317.5  298.3210
318.0  319.4972
318.5  341.7154
319.0  360.4145
319.5  372.1993
320.0  375.9472
320.5  372.9494
321.0  366.0897
321.5  358.5273
322.0  352.5155
322.5  348.7868
323.0  346.5735
323.5  344.0781
324.0  339.1498
324.5  329.9939
325.0  315.8068
325.5  297.2402
326.0  276.5517
326.5  257.2791
327.0  243.3659
327.5  237.9079
328.0  241.9799
328.5  254.1175
329.0  270.8017
329.5  287.8036
330.0  301.7809
330.5  311.3846
331.0  317.4068
331.5  322.0177
332.0  327.5742
332.5  335.5836
333.0  346.1815
333.5  358.1588
334.0  369.3693
334.5  377.3291
335.0  379.8735
335.5  375.7773
336.0  365.2253
336.5  349.9704
337.0  333.0169
337.5  317.7871
338.0  306.9951
338.5  301.6999
339.0  301.0422
339.5  302.8587
340.0  304.8923
340.5  305.9618
341.0  306.4753
341.5  308.0587
342.0  312.5808
342.5  321.1654
343.0  333.6772
343.5  348.7891
344.0  364.4092
344.5  378.1941
345.0  388.0046
345.5  392.3041
346.0  390.5120
346.5  383.2460
347.0  372.3022
347.5  360.2260
348.0  349.4841
348.5  341.5098
349.0  336.0884
349.5  331.4837
350.0  325.3467
350.5  316.0113
351.0  303.5359
351.5  289.9431
352.0  278.5076
352.5  272.4477
353.0  273.6898
353.5  282.2721
354.0  296.5214
354.5  313.7200
355.0  330.8768
355.5  345.3712
356.0  355.4307
356.5  360.4675
357.0  361.2330
357.5  359.6668
358.0  358.3225
358.5  359.4232
359.0  363.8614
359.5  370.6263
360.0  377.0354
360.5  379.7635
361.0  376.2453
361.5  365.8122
362.0  350.0314
362.5  332.0893
363.0  315.5334
363.5  303.0010
364.0  295.5005
364.5  292.4249
365.0  292.0808
365.5  292.3791
366.0  291.4524
366.5  288.1373
367.0  282.3247
367.5  275.1204
368.0  268.6789
368.5  265.5948
369.0  267.9310
369.5  276.2463
370.0  289.1230
370.5  303.5250
371.0  315.8974
371.5  323.5258
372.0  325.5462
372.5  323.1627
373.0  318.9966
373.5  315.8999
374.0  315.8138
374.5  319.1680
375.0  324.9565
375.5  331.2694
376.0  335.9538
376.5  337.2022
377.0  334.0269
377.5  326.6275
378.0  316.5705
378.5  306.5959
379.0  299.8985
379.5  298.9799
380.0  304.5225
380.5  314.8999
381.0  326.6998
381.5  336.0892
382.0  340.3936
382.5  339.1641
383.0  334.2728
383.5  329.0332
384.0  326.7858
384.5  329.6111
385.0  337.6958
385.5  349.4754
386.0  362.2920
386.5  373.2008
387.0  379.6873
387.5  380.2431
388.0  374.8005
388.5  364.9418
389.0  353.6796
389.5  344.6359
390.0  340.7272
390.5  342.8602
391.0  349.3414
391.5  356.4287
392.0  359.8393
392.5  356.5165
393.0  345.8506
393.5  329.8535
394.0  312.2695
394.5  297.0795
395.0  287.0933
395.5  283.2020
396.0  284.4490
396.5  288.6700
397.0  293.3167
397.5  296.1958
398.0  296.0486
398.5  292.9626
399.0  288.5382
399.5  285.6271
400.0  287.4996
400.5  296.5653
401.0  313.1493
401.5  334.9854
402.0  357.8106
402.5  376.8645
403.0  388.6235
403.5  392.0154
404.0  388.6415
404.5  381.9790
405.0  375.9614
405.5  373.5520
406.0  375.8467
406.5  381.9192
407.0  389.2855
407.5  394.7038
408.0  395.0606
408.5  388.1966
409.0  373.5791
409.5  352.6763
410.0  328.8206
410.5  306.3938
411.0  289.4407
411.5  280.2024
412.0  278.2607
412.5  280.7654
413.0  283.6718
413.5  283.4227
414.0  278.3446
414.5  269.2143
415.0  258.8331
415.5  250.8603
416.0  248.4314
416.5  253.1007
417.0  264.4212
417.5  280.1733
418.0  297.0397
418.5  311.4769
419.0  320.5939
419.5  322.9152
420.0  318.8902
420.5  310.9388
421.0  302.8239
421.5  298.3641
422.0  299.9036
422.5  307.2548
423.0  317.7165
423.5  327.2304
424.0  332.1417
424.5  330.7503
425.0  324.0000
425.5  315.0964
426.0  308.3179
426.5  307.5625
427.0  315.1621
427.5  331.2700
428.0  353.8715
428.5  379.3019
429.0  403.0961
429.5  420.9962
430.0  429.9497
430.5  428.8952
431.0  419.0772
431.5  403.6536
432.0  386.5803
432.5  371.1361
433.0  358.7458
433.5  348.6890
434.0  338.8267
434.5  326.9358
435.0  311.9647
435.5  294.6389
436.0  277.2362
436.5  262.7619
437.0  253.9632
437.5  252.5547
438.0  258.8211
438.5  271.5966
439.0  288.5580
439.5  306.7630
440.0  323.3444
440.5  336.2269
441.0  344.6737
441.5  349.4410
442.0  352.3832
442.5  355.5603
443.0  360.1889
443.5  365.9519
444.0  371.0591
444.5  373.0682
445.0  370.0687
445.5  361.6493
446.0  349.1988
446.5  335.4462
447.0  323.5114
447.5  315.9134
448.0  313.8916
448.5  317.1706
449.0  324.1245
449.5  332.2447
450.0  338.8176
450.5  341.6985
451.0  340.0110
451.5  334.5406
452.0  327.5958
452.5  322.2497
453.0  321.1559
453.5  325.4190
454.0  334.0714
454.5  344.4389
455.0  353.2267
455.5  357.8060
456.0  357.1208
456.5  351.8675
457.0  343.9780
457.5  335.7507
458.0  329.0482
458.5  324.8049
459.0  322.8612
459.5  322.0437
460.0  320.4492
460.5  315.9448
461.0  306.8610
461.5  292.7340
462.0  274.8269
462.5  256.1092
463.0  240.5074
463.5  231.5767
464.0  231.1271
464.5  238.4881
465.0  250.8230
465.5  264.3569
466.0  275.9163
466.5  284.0597
467.0  289.3412
467.5  293.7153
468.0  299.4887
468.5  308.3419
469.0  320.7597
469.5  335.9122
470.0  351.8672
470.5  366.0159
471.0  375.6621
471.5  378.7475
472.0  374.6013
472.5  364.4772
473.0  351.5501
473.5  340.1375
474.0  334.2422
474.5  335.9696
475.0  344.6033
475.5  356.8818
476.0  368.3924
476.5  375.4032
477.0  376.2623
477.5  371.7740
478.0  364.5251
478.5  357.6267
479.0  353.5101
479.5  353.2128
480.0  356.2388
480.5  360.8411
481.0  364.5425
481.5  364.7942
482.0  359.7276
482.5  348.8897
483.0  333.7211
483.5  317.4401
484.0  304.1177
484.5  297.1259
485.0  297.6223
485.5  303.9031
486.0  312.0730
486.5  317.7623
487.0  318.0475
487.5  312.6644
488.0  304.0083
488.5  296.0308
489.0  292.6313
489.5  296.2709
490.0  307.2848
490.5  323.9557
491.0  343.1140
491.5  360.9809
492.0  374.0683
492.5  380.0448
493.0  378.4586
493.5  371.0893
494.0  361.6215
494.5  354.4718
495.0  353.0256
495.5  358.0320
496.0  367.0393
496.5  375.2924
497.0  377.7202
497.5  371.0598
498.0  355.1498
498.5  332.9117
499.0  309.1783
499.5  288.9903
500.0  276.0724
500.5  271.9501
501.0  275.8083
501.5  284.9378
502.0  295.5476
502.5  303.7622
503.0  306.6650
503.5  303.2082
504.0  294.7160
504.5  284.6513
505.0  277.4673
505.5  276.7922
506.0  283.7031
506.5  296.0123
507.0  309.0622
507.5  317.7010
508.0  318.4631
508.5  310.9205
509.0  297.6772
509.5  283.1906
510.0  272.1025
510.5  267.8102
511.0  271.6971
511.5  283.0443
512.0  299.4268
512.5  317.3950
513.0  333.3126
513.5  344.2656
514.0  348.8956
514.5  347.9105
515.0  343.9660
515.5  340.7441
516.0  341.4152
516.5  347.1164
517.0  356.2543
517.5  365.1088
518.0  369.5141
518.5  366.7865
519.0  356.9518
519.5  342.7429
520.0  328.4935
520.5  318.5481
521.0  315.8870
521.5  321.3917
522.0  333.8032
522.5  350.2007
523.0  366.7894
523.5  379.8406
524.0  386.6495
524.5  386.3296
525.0  380.1732
525.5  371.2970
526.0  363.4771
526.5  359.4928
527.0  359.7087
527.5  361.6937
528.0  361.2075
528.5  354.1517
529.0  338.5467
529.5  315.6026
530.0  289.4344
530.5  265.6377
531.0  249.4109
531.5  243.9911
532.0  249.8837
532.5  264.9602
533.0  285.2117
533.5  305.8706
534.0  322.6636
534.5  333.0000
535.0  336.8464
535.5  336.9344
536.0  337.9597
536.5  344.7464
537.0  359.9629
537.5  382.4758
538.0  407.3242
538.5  427.4730
539.0  436.5308
539.5  431.1652
540.0  412.2247
540.5  384.2692
541.0  353.8852
541.5  327.5461
542.0  309.7916
542.5  302.2204
543.0  303.4116
543.5  309.6005
544.0  315.8362
544.5  317.3737
545.0  311.0832
545.5  296.6060
546.0  276.8503
546.5  257.3884
547.0  244.6032
547.5  243.1038
548.0  253.5869
548.5  272.3421
549.0  292.7673
549.5  308.1238
550.0  314.1506
550.5  310.4074
551.0  299.9868
551.5  287.9934
552.0  279.5824
552.5  278.3210
553.0  285.3139
553.5  299.1477
554.0  316.4658
554.5  332.9209
555.0  344.3075
555.5  347.7188
556.0  342.5275
556.5  330.8672
557.0  317.2324
557.5  307.0160
558.0  304.3561
558.5  310.2630
559.0  322.1044
559.5  334.8525
560.0  343.4709
560.5  345.1887
561.0  340.5930
561.5  333.1916
562.0  327.8446
562.5  328.8615
563.0  338.5132
563.5  356.3763
564.0  379.5277
564.5  403.3567
565.0  422.6946
565.5  433.0227
566.0  431.5823
566.5  418.2038
567.0  395.5928
567.5  368.7750
568.0  343.5900
568.5  324.6049
569.0  313.3490
569.5  307.8452
570.0  303.8001
570.5  296.8539
571.0  284.7192
571.5  268.2060
572.0  250.8252
572.5  237.3559
573.0  232.1106
573.5  237.5657
574.0  253.7192
574.5  278.2010
575.0  306.9542
575.5  335.2413
576.0  358.7659
576.5  374.7312
577.0  382.6348
577.5  384.5206
578.0  384.3812
578.5  386.6241
579.0  394.0216
579.5  406.1002
580.0  418.9505
580.5  426.7410
581.0  424.2167
581.5  408.9272
582.0  382.1942
582.5  348.5849
583.0  314.3392
583.5  285.4936
584.0  266.3441
584.5  258.5972
585.0  261.2602
585.5  271.1516
586.0  283.8504
586.5  294.9058
587.0  301.1030
587.5  301.5200
588.0  298.0064
588.5  294.7059
589.0  296.4912
589.5  306.7462
590.0  325.5158
590.5  349.0991
591.0  371.4314
591.5  386.5329
592.0  390.7346
592.5  383.6857
593.0  367.9518
593.5  347.7032
594.0  327.2194
594.5  309.7492
595.0  296.9309
595.5  288.7170
596.0  283.6719
596.5  279.5406
597.0  274.0240
597.5  265.6584
598.0  254.5899
598.5  242.9029
599.0  234.1656
599.5  232.1119
600.0  238.8996
600.5  253.8418
601.0  273.4340
601.5  292.7807
602.0  307.6543
602.5  316.0853
603.0  318.7815
603.5  318.4121
604.0  318.3215
604.5  321.3179
605.0  328.9241
605.5  341.1457
606.0  356.6272
606.5  373.0483
607.0  387.6913
607.5  398.1464
608.0  403.0648
608.5  402.7421
609.0  399.2034
609.5  395.5196
610.0  394.4194
610.5  396.7684
611.0  400.8000
611.5  402.7036
612.0  398.3702
612.5  385.3579
613.0  364.0385
613.5  337.4534
614.0  310.1450
614.5  286.6576
615.0  270.3445
615.5  262.7715
616.0  263.6631
616.5  271.1981
617.0  282.5163
617.5  294.3964
618.0  304.0902
618.5  310.1890
619.0  313.2266
619.5  315.6107
620.0  320.6213
620.5  330.6865
621.0  345.7406
621.5  362.6895
622.0  376.4866
622.5  382.3310
623.0  377.7945
623.5  363.7955
624.0  344.0949
624.5  323.7845
625.0  307.5933
625.5  298.6735
626.0  298.1000
626.5  304.9493
627.0  316.7144
627.5  329.9025
628.0  340.7984
628.5  346.4070
629.0  345.4603
629.5  339.1524
630.0  331.1081
630.5  326.2143
631.0  328.5047
631.5  339.0315
632.0  354.9863
632.5  370.7496
633.0  380.3600
633.5  380.0398
634.0  369.5221
634.5  351.7713
635.0  331.5540
635.5  313.6949
636.0  301.7095
636.5  297.1011
637.0  299.2668
637.5  305.8152
638.0  313.1638
638.5  317.3827
639.0  315.2713
639.5  305.5203
640.0  289.5688
640.5  271.5924
641.0  257.2135
641.5  251.1698
642.0  255.0224
642.5  266.2907
643.0  279.6743
643.5  289.6868
644.0  293.1776
644.5  290.4717
645.0  284.8314
645.5  280.8369
646.0  282.5973
646.5  292.4785
647.0  310.5846
647.5  334.8699
648.0  361.6411
648.5  386.2940
649.0  404.2405
649.5  412.0056
650.0  408.3378
650.5  394.9516
651.0  376.3639
651.5  358.4688
652.0  346.1477
652.5  341.0295
653.0  340.7612
653.5  340.3633
654.0  334.9098
654.5  321.9870
655.0  302.7100
655.5  281.0791
656.0  262.3197
656.5  251.1131
657.0  250.3615
657.5  260.6752
658.0  280.4400
658.5  306.2511
659.0  333.5952
659.5  357.7665
660.0  374.9911
660.5  383.5774
661.0  384.6795
661.5  382.1273
662.0  380.9758
662.5  385.0991
663.0  394.9677
663.5  406.9870
664.0  414.9796
664.5  413.0402
665.0  398.1813
665.5  371.4852
666.0  337.4877
666.5  302.4236
667.0  272.2795
667.5  251.3580
668.0  241.5878
668.5  242.4642
669.0  251.4159
669.5  264.4888
670.0  277.3293
670.5  286.4207
671.0  290.3446
671.5  290.6084
672.0  291.4509
672.5  298.2756
673.0  315.0665
673.5  341.9893
674.0  374.6305
674.5  405.5007
675.0  427.0357
675.5  434.4736
676.0  427.2678
676.5  408.6966
677.0  384.2460
677.5  359.6780
678.0  339.4987
678.5  326.1120
679.0  319.6077
679.5  318.0224
680.0  317.9738
680.5  315.6361
681.0  307.9836
681.5  294.0641
682.0  275.8464
682.5  258.0780
683.0  246.8112
683.5  246.9130
684.0  259.6740
684.5  281.8952
685.0  307.1032
685.5  328.2536
686.0  340.4437
686.5  342.3560
687.0  336.0645
687.5  325.6845
688.0  315.6858
688.5  309.5238
689.0  308.8580
689.5  313.3263
690.0  320.7531
690.5  327.7298
691.0  330.5697
691.5  326.5674
692.0  315.2926
692.5  299.3836
693.0  284.2131
693.5  276.1149
694.0  279.6589
694.5  295.3104
695.0  318.9099
695.5  343.4185
696.0  361.9628
696.5  370.5117
697.0  368.9719
697.5  360.5422
698.0  350.0045
698.5  341.8740
699.0  339.0710
699.5  342.3361
700.0  350.2714
700.5  359.8001
701.0  366.9251
701.5  367.7684
702.0  359.8376
702.5  343.2538
703.0  321.4085
703.5  300.4155
704.0  287.0886
704.5  286.0406
705.0  297.3475
705.5  316.2276
706.0  335.0654
706.5  346.6706
707.0  347.0521
707.5  336.5305
708.0  319.0756
708.5  300.5400
709.0  286.6773
709.5  281.5975
710.0  286.9349
710.5  301.6889
711.0  322.5919
711.5  344.8915
712.0  363.4979
712.5  374.4047
713.0  376.1040
713.5  370.4544
714.0  362.3492
714.5  357.8610
715.0  361.3926
715.5  373.2612
716.0  389.2158
716.5  402.2970
717.0  405.9778
717.5  396.8695
718.0  375.8140
718.5  347.2431
719.0  317.4546
719.5  292.6458
720.0  277.3334
720.5  273.4447
721.0  280.1012
721.5  293.9966
722.0  310.2631
722.5  323.7317
723.0  330.4311
723.5  329.0041
724.0  321.5052
724.5  312.9731
725.0  309.5035
725.5  315.3740
726.0  330.6379
726.5  350.6731
727.0  368.0924
727.5  375.9381
728.0  370.4216
728.5  352.0184
729.0  324.8302
729.5  294.9046
730.0  268.3530
730.5  249.8461
731.0  241.7176
731.5  243.6814
732.0  253.1007
732.5  265.7524
733.0  277.0164
733.5  283.3196
734.0  283.4827
734.5  279.4340
735.0  275.7316
735.5  277.7038
736.0  288.8010
736.5  308.5176
737.0  332.2202
737.5  353.1412
738.0  365.4121
738.5  366.4619
739.0  357.7193
739.5  343.6516
740.0  329.9142
740.5  321.4847
741.0  321.3468
741.5  329.8990
742.0  345.0220
742.5  362.6754
743.0  377.9190
743.5  386.2515
744.0  385.0600
744.5  374.7828
745.0  359.2294
745.5  344.5578
746.0  336.9025
746.5  339.5021
747.0  350.8490
747.5  365.1115
748.0  374.7633
748.5  373.9682
749.0  360.9320
749.5  338.2814
750.0  311.7043
750.5  287.7734
751.0  271.8926
751.5  266.9377
752.0  272.7511
752.5  286.3931
753.0  302.9756
753.5  316.9260
754.0  323.5293
754.5  320.4891
755.0  309.0565
755.5  294.1211
756.0  282.8013
756.5  281.6817
757.0  293.7754
757.5  316.8440
758.0  344.1925
758.5  367.5999
759.0  380.7618
759.5  381.5155
760.0  372.0791
760.5  357.6590
761.0  344.3518
761.5  337.2042
762.0  338.9284
762.5  349.3963
763.0  365.8263
763.5  383.5227
764.0  397.0545
764.5  401.7442
765.0  395.2242
765.5  378.6112
766.0  356.6895
766.5  336.6092
767.0  325.1961
767.5  325.9037
768.0  337.0377
768.5  352.4219
769.0  364.2369
769.5  366.4335
770.0  356.9677
770.5  338.0525
771.0  314.7735
771.5  293.0091
772.0  277.5336
772.5  270.7936
773.0  272.4649
773.5  279.6961
774.0  287.9028
774.5  292.0000
775.0  287.9263
775.5  274.1814
776.0  252.8895
776.5  229.7712
777.0  212.5831
777.5  208.2419
778.0  219.7806
778.5  244.7869
779.0  276.3693
779.5  306.1975
780.0  327.9203
780.5  339.2417
781.0  341.9776
781.5  340.5555
782.0  339.9546
782.5  343.9527
783.0  354.1002
783.5  369.4466
784.0  386.8621
784.5  401.8076
785.0  409.4739
785.5  406.1962
786.0  390.9018
786.5  366.1111
787.0  337.8518
787.5  314.0272
788.0  301.4735
788.5  302.9180
789.0  315.5432
789.5  332.1855
790.0  344.6175
790.5  347.1139
791.0  338.5325
791.5  322.2337
792.0  304.3219
792.5  291.2541
793.0  287.7703
793.5  295.6783
794.0  313.5881
794.5  337.4184
795.0  361.4381
795.5  379.6587
796.0  387.4214
796.5  382.9233
797.0  368.2071
797.5  348.9787
798.0  332.8165
798.5  326.0890
799.0  330.9138
799.5  343.9173
800.0  357.7113
800.5  364.3281
801.0  358.7067
801.5  340.5464
802.0  314.0183
802.5  285.9195
803.0  263.2940
803.5  251.4010
804.0  252.5130
804.5  265.6367
805.0  287.0116
805.5  311.1687
806.0  332.3631
806.5  346.1953
807.0  351.1172
807.5  349.3020
808.0  346.2267
808.5  348.6142
809.0  361.2436
809.5  384.1562
810.0  411.9983
810.5  436.1092
811.0  448.2321
811.5  443.8129
812.0  423.3970
812.5  391.9110
813.0  356.5968
813.5  324.6369
814.0  301.2614
814.5  288.7118
815.0  286.0829
815.5  289.8725
816.0  295.0336
816.5  296.3743
817.0  290.1492
817.5  275.5623
818.0  255.6617
818.5  236.9562
819.0  227.3306
819.5  232.6895
820.0  253.8414
820.5  285.5003
821.0  318.2383
821.5  342.3886
822.0  351.7699
822.5  345.5075
823.0  327.5632
823.5  304.7150
824.0  284.0964
824.5  271.1714
825.0  268.5649
825.5  275.7809
826.0  289.6390
826.5  305.2271
827.0  317.2280
827.5  321.4771
828.0  316.4984
828.5  304.5256
829.0  291.3428
829.5  284.4632
830.0  289.9481
830.5  309.2687
831.0  338.0963
831.5  367.9900
832.0  390.1131
832.5  398.8787
833.0  393.7488
833.5  378.7486
834.0  360.4343
834.5  345.4496
835.0  338.5603
835.5  341.5820
836.0  353.2116
836.5  369.5601
837.0  385.1661
837.5  394.3335
838.0  392.6714
838.5  378.6123
839.0  354.4626
839.5  326.3390
840.0  302.4689
840.5  290.0473
841.0  291.9506
841.5  305.2067
842.0  322.3493
842.5  334.9655
843.0  337.3909
843.5  328.6942
844.0  312.3996
844.5  294.6144
845.0  281.6759
845.5  278.2070
846.0  286.0115
846.5  303.8427
847.0  327.8768
847.5  352.6906
848.0  372.5836
848.5  383.0896
849.0  382.4254
849.5  372.4315
850.0  358.4162
850.5  347.4768
851.0  345.5654
851.5  354.5586
852.0  371.0688
852.5  387.9199
853.0  397.5188
853.5  395.1822
854.0  380.7657
854.5  358.1928
855.0  333.5849
855.5  313.0432
856.0  300.8892
856.5  298.7152
857.0  305.2385
857.5  316.7865
858.0  328.2408
858.5  334.3262
859.0  331.1213
859.5  317.5238
860.0  296.1760
860.5  273.2031
861.0  256.3408
861.5  251.8052
862.0  261.3009
862.5  280.9580
863.0  303.0367
863.5  319.4711
864.0  325.2261
864.5  319.8510
865.0  306.9218
865.5  292.1398
866.0  281.1544
866.5  277.8849
867.0  283.6545
867.5  297.0887
868.0  314.5812
868.5  331.1595
869.0  341.6625
869.5  342.1512
870.0  331.3354
870.5  311.5511
871.0  288.6513
871.5  270.3437
872.0  263.2410
872.5  269.9046
873.0  287.6056
873.5  309.6995
874.0  328.8391
874.5  340.1467
875.0  342.7730
875.5  339.4895
876.0  335.0005
876.5  333.9739
877.0  339.5272
877.5  352.4568
878.0  371.1660
878.5  392.1013
879.0  410.5413
879.5  421.6541
880.0  421.7582
880.5  409.6055
881.0  387.2930
881.5  360.2240
882.0  335.6472
882.5  319.9287
883.0  315.6953
883.5  320.5242
884.0  328.1666
884.5  331.6622
885.0  326.5103
885.5  312.2831
886.0  292.2658
886.5  271.7928
887.0  256.2775
887.5  249.6661
888.0  253.5973
888.5  267.2264
889.0  287.5607
889.5  310.1821
890.0  330.2947
890.5  344.0060
891.0  349.6195
891.5  348.5112
892.0  345.0332
892.5  345.0420
893.0  353.2804
893.5  370.7633
894.0  393.7681
894.5  415.2863
895.0  428.1935
895.5  428.2913
896.0  415.6752
896.5  394.1285
897.0  369.3016
897.5  346.7164
898.0  330.3044
898.5  321.6981
899.0  320.1681
899.5  323.0097
900.0  326.2671
900.5  325.7701
901.0  318.4347
901.5  303.5950
902.0  283.8831
902.5  265.0159
903.0  254.0604
903.5  256.4865
904.0  273.3265
904.5  300.1774
905.0  328.8915
905.5  351.0644
906.0  361.3161
906.5  358.7703
907.0  346.4696
907.5  329.5405
908.0  313.1788
908.5  301.1730
909.0  295.1914
909.5  294.7177
910.0  297.4306
910.5  299.8910
911.0  298.5083
911.5  290.7468
912.0  276.3681
912.5  258.2352
913.0  242.0453
913.5  234.5851
914.0  240.8747
914.5  261.5347
915.0  292.0281
915.5  324.4629
916.0  350.9877
916.5  366.8509
917.0  371.6664
917.5  368.7083
918.0  363.0429
918.5  359.5246
919.0  361.3367
919.5  369.2950
920.0  381.8218
920.5  395.4118
921.0  405.4681
921.5  407.4530
922.0  398.2610
922.5  377.5452
923.0  348.4922
923.5  317.4337
924.0  291.9637
924.5  278.0064
925.0  277.1865
925.5  286.0759
926.0  297.9226
926.5  305.8953
927.0  306.0069
927.5  298.3510
928.0  286.4802
928.5  275.6715
929.0  271.0133
929.5  275.9355
930.0  291.4007
930.5  315.7184
931.0  344.8906
931.5  373.4264
932.0  395.5754
932.5  406.8350
933.0  405.4050
933.5  393.0717
934.0  374.9514
934.5  357.7953
935.0  347.2505
935.5  345.2983
936.0  349.3538
936.5  353.6895
937.0  352.3839
937.5  342.0902
938.0  323.2713
938.5  299.6674
939.0  276.6792
939.5  259.5738
940.0  252.1180
940.5  255.8305
941.0  269.7912
941.5  290.9023
942.0  314.5659
942.5  335.7698
943.0  350.4792
943.5  357.0208
944.0  356.9301
944.5  354.6707
945.0  355.9302
945.5  364.9242
946.0  381.9875
946.5  402.9452
947.0  420.8389
947.5  429.0633
948.0  424.1218
948.5  406.6822
949.0  380.8135
949.5  352.1908
950.0  326.2271
950.5  306.7391
951.0  295.3109
951.5  291.2408
952.0  291.9037
952.5  293.4428
953.0  291.7725
953.5  283.8312
954.0  268.8421
954.5  249.1078
955.0  229.7554
955.5  217.0840
956.0  215.8843
956.5  226.9817
957.0  246.5416
957.5  267.7707
958.0  284.0813
958.5  291.8905
959.0  291.6902
959.5  287.2519
960.0  283.7670
960.5  285.9029
961.0  296.4124
961.5  315.4996
962.0  340.8650
962.5  368.2739
963.0  392.5187
963.5  408.6715
964.0  413.4594
964.5  406.4500
965.0  390.5778
965.5  371.5256
966.0  355.7972
966.5  348.0305
967.0  348.8435
967.5  354.5569
968.0  359.1198
968.5  357.1453
969.0  346.3442
969.5  328.2524
970.0  307.2930
970.5  288.9708
971.0  278.0662
971.5  277.3537
972.0  287.0041
972.5  304.6176
973.0  325.7884
973.5  345.1105
974.0  357.5131
974.5  359.7155
975.0  351.4528
975.5  335.9965
976.0  319.4938
976.5  308.9448
977.0  309.3258
977.5  321.1593
978.0  340.0060
978.5  358.3827
979.0  369.0762
979.5  368.0158
980.0  355.4052
980.5  335.0370
981.0  312.5780
981.5  293.7235
982.0  282.7649
982.5  281.7294
983.0  290.0686
983.5  304.8696
984.0  321.5929
984.5  335.2889
985.0  342.0860
985.5  340.5685
986.0  332.5505
986.5  322.7836
987.0  317.3808
987.5  321.2974
988.0  335.9289
988.5  358.1989
989.0  381.8338
989.5  400.1493
990.0  408.7384
990.5  406.7329
991.0  396.3934
991.5  381.6844
992.0  366.6960
992.5  354.4655
993.0  346.3516
993.5  341.8919
994.0  339.0528
994.5  334.8336
995.0  326.1885
995.5  311.1282
996.0  289.7254
996.5  264.6560
997.0  240.8983
997.5  224.3794
998.0  219.7964
998.5  228.4960
999.0  247.6526
999.5  271.4390
1000.0  293.6226
