0.0  1.34044892
0.5  1.32381133
1.0  1.30266271
1.5  1.28339838
2.0  1.26771025
2.5  1.25912693
3.0  1.25585706
3.5  1.25577182
4.0  1.25454573
4.5  1.24827692
5.0  1.23488203
5.5  1.21525399
6.0  1.19307541
6.5  1.17336594
7.0  1.16063373
7.5  1.15882094
8.0  1.16667547
8.5  1.18462129
9.0  1.20558140
9.5  1.22909804
10.0  1.24919984
10.5  1.26800629
11.0  1.28232372
11.5  1.29739413
12.0  1.31315630
12.5  1.33368491
13.0  1.35853997
13.5  1.38637699
14.0  1.41443376
14.5  1.43765383
15.0  1.45348446
15.5  1.45821386
16.0  1.45317151
16.5  1.44019962
17.0  1.42343761
17.5  1.40667196
18.0  1.39063652
18.5  1.37581835
19.0  1.35958419
19.5  1.34071619
20.0  1.31692237
20.5  1.28861619
21.0  1.25938114
21.5  1.23105395
22.0  1.21119147
22.5  1.19947196
23.0  1.20230074
23.5  1.21510020
24.0  1.23989964
24.5  1.26803097
25.0  1.29744832
25.5  1.32171049
26.0  1.34059231
26.5  1.35402404
27.0  1.36470239
27.5  1.37588005
28.0  1.38930747
28.5  1.40543528
29.0  1.42001728
29.5  1.42812355
30.0  1.42490757
30.5  1.40774520
31.0  1.37801084
31.5  1.33779134
32.0  1.29556554
32.5  1.25522792
33.0  1.22575187
33.5  1.20593148
34.0  1.20018022
34.5  1.20269529
35.0  1.21196371
35.5  1.21949274
36.0  1.22469476
36.5  1.22693347
37.0  1.22725141
37.5  1.23048733
38.0  1.23845218
38.5  1.25833063
39.0  1.28724582
39.5  1.32350037
40.0  1.35847315
40.5  1.38824341
41.0  1.40624035
41.5  1.41084299
42.0  1.40222764
42.5  1.38621360
43.0  1.36956211
43.5  1.35671213
44.0  1.34963274
44.5  1.34852455
45.0  1.35038973
45.5  1.35146978
46.0  1.34485276
46.5  1.32957827
47.0  1.30287315
47.5  1.27235654
48.0  1.23932714
48.5  1.21437160
49.0  1.19812740
49.5  1.19657579
50.0  1.20620821
50.5  1.22452157
51.0  1.24401129
51.5  1.26048794
52.0  1.27260649
52.5  1.27890007
53.0  1.28427417
53.5  1.28971120
54.0  1.29967116
54.5  1.31378641
55.0  1.33121341
55.5  1.34696737
56.0  1.35595232
56.5  1.35528646
57.0  1.34313953
57.5  1.32204963
58.0  1.29416195
58.5  1.26881988
59.0  1.24812146
59.5  1.23901523
60.0  1.23780527
60.5  1.24435041
61.0  1.25195619
61.5  1.25775668
62.0  1.25942932
62.5  1.25749890
63.0  1.25742960
63.5  1.26021162
64.0  1.27187532
64.5  1.29058713
65.0  1.31959807
65.5  1.35206600
66.0  1.38505612
66.5  1.41095927
67.0  1.42658238
67.5  1.43019178
68.0  1.42368713
68.5  1.41122965
69.0  1.39794923
69.5  1.38795572
70.0  1.38454839
70.5  1.38460201
71.0  1.38550678
71.5  1.37909575
72.0  1.36486169
72.5  1.34032749
73.0  1.31232806
73.5  1.28244083
74.0  1.25930453
74.5  1.24620488
75.0  1.24587217
75.5  1.25746092
76.0  1.27547685
76.5  1.29718295
77.0  1.31407234
77.5  1.32530371
78.0  1.32700502
78.5  1.32406036
79.0  1.31880027
79.5  1.31905849
80.0  1.32763786
80.5  1.34596914
81.0  1.37036382
81.5  1.39417263
82.0  1.40846593
82.5  1.40704727
83.0  1.38846505
83.5  1.35712371
84.0  1.31953165
84.5  1.28331840
85.0  1.25403653
85.5  1.23807008
86.0  1.23219211
86.5  1.23535492
87.0  1.23873327
87.5  1.24010429
88.0  1.23248853
88.5  1.21820299
89.0  1.19676964
89.5  1.17548830
90.0  1.15941719
90.5  1.15585501
91.0  1.16759058
91.5  1.19220961
92.0  1.22466285
92.5  1.25762686
93.0  1.28588676
93.5  1.30517365
94.0  1.31633533
94.5  1.32412137
95.0  1.33310583
95.5  1.34780190
96.0  1.36868506
96.5  1.39421630
97.0  1.41979050
97.5  1.43983922
98.0  1.44996023
98.5  1.44603455
99.0  1.42973816
99.5  1.40294275
100.0  1.37354482
100.5  1.34508783
101.0  1.32502545
101.5  1.31324822
102.0  1.30885362
102.5  1.30514911
103.0  1.29657011
103.5  1.27960718
104.0  1.25394937
104.5  1.22460591
105.0  1.19715502
105.5  1.17915024
106.0  1.17374176
106.5  1.18207474
107.0  1.20104194
107.5  1.22493398
108.0  1.24852564
108.5  1.26567923
109.0  1.27478649
109.5  1.27595554
110.0  1.27374343
110.5  1.27369435
111.0  1.28263782
111.5  1.30352585
112.0  1.33513922
112.5  1.37265716
113.0  1.40706127
113.5  1.43120995
114.0  1.43795189
114.5  1.42906715
115.0  1.40776103
115.5  1.38353368
116.0  1.36247318
116.5  1.34983876
117.0  1.34683488
117.5  1.35104308
118.0  1.35664044
118.5  1.35810428
119.0  1.35206419
119.5  1.33532593
120.0  1.30987017
120.5  1.28170834
121.0  1.25750050
121.5  1.24445304
122.0  1.24515424
122.5  1.26066710
123.0  1.28691268
123.5  1.31579660
124.0  1.33900553
124.5  1.35120758
125.0  1.35324167
125.5  1.34806833
126.0  1.34173851
126.5  1.33907176
127.0  1.34341383
127.5  1.35399769
128.0  1.36743420
128.5  1.37838986
129.0  1.38158516
129.5  1.37331670
130.0  1.35326637
130.5  1.32434581
131.0  1.29254623
131.5  1.26434293
132.0  1.24500180
132.5  1.23730786
133.0  1.24162365
133.5  1.25190453
134.0  1.26099937
134.5  1.26103142
135.0  1.25122294
135.5  1.23415070
136.0  1.21500136
136.5  1.20104931
137.0  1.19773661
137.5  1.20670092
138.0  1.22539472
138.5  1.24938151
139.0  1.27217346
139.5  1.28719422
140.0  1.29139665
140.5  1.28518801
141.0  1.27165212
141.5  1.25599175
142.0  1.24473210
142.5  1.24411457
143.0  1.25602123
143.5  1.27937879
144.0  1.30761622
144.5  1.33170409
145.0  1.34439742
145.5  1.34607211
146.0  1.33749887
146.5  1.32663605
147.0  1.31855711
147.5  1.31975474
148.0  1.33214192
148.5  1.35333370
149.0  1.37797465
149.5  1.39924810
150.0  1.41235930
150.5  1.41311284
151.0  1.40142432
151.5  1.38144840
152.0  1.35814159
152.5  1.34002852
153.0  1.33154018
153.5  1.33445159
154.0  1.34597335
154.5  1.35876887
155.0  1.36378446
155.5  1.35402761
156.0  1.33120140
156.5  1.29768392
157.0  1.26338798
157.5  1.23682777
158.0  1.22565523
158.5  1.22838014
159.0  1.24384925
159.5  1.26468310
160.0  1.28369549
160.5  1.29477581
161.0  1.29404223
161.5  1.28369077
162.0  1.26786926
162.5  1.25302576
163.0  1.24748352
163.5  1.25708231
164.0  1.28341515
164.5  1.32020012
165.0  1.36018238
165.5  1.39006157
166.0  1.40552553
166.5  1.40234352
167.0  1.38712928
167.5  1.36701964
168.0  1.35106743
168.5  1.34522645
169.0  1.34975775
169.5  1.36264713
170.0  1.37570717
170.5  1.38567850
171.0  1.38320417
171.5  1.37073919
172.0  1.34513943
172.5  1.31382419
173.0  1.28410050
173.5  1.26322785
174.0  1.25489964
174.5  1.26224962
175.0  1.27987702
175.5  1.30000746
176.0  1.31366591
176.5  1.31541112
177.0  1.30510921
177.5  1.29038388
178.0  1.27487215
178.5  1.26915710
179.0  1.27597021
179.5  1.29441182
180.0  1.31655480
180.5  1.34037128
181.0  1.35687968
181.5  1.36000655
182.0  1.34821723
182.5  1.32520245
183.0  1.29796880
183.5  1.27146844
184.0  1.25489861
184.5  1.25146438
185.0  1.26354127
185.5  1.28360401
186.0  1.30230969
186.5  1.31136791
187.0  1.30635234
187.5  1.28640087
188.0  1.25955195
188.5  1.23570268
189.0  1.22179347
189.5  1.22100405
190.0  1.23253214
190.5  1.25325077
191.0  1.27620713
191.5  1.29478783
192.0  1.30584593
192.5  1.31014423
193.0  1.30855908
193.5  1.30621125
194.0  1.31120044
194.5  1.32896846
195.0  1.36026835
195.5  1.40426839
196.0  1.45379704
196.5  1.49871784
197.0  1.52920189
197.5  1.54173590
198.0  1.53721197
198.5  1.52330057
199.0  1.50894880
199.5  1.49943378
200.0  1.49996231
200.5  1.51021902
201.0  1.52361219
201.5  1.53424510
202.0  1.53714425
202.5  1.52670171
203.0  1.50286252
203.5  1.46787083
204.0  1.42731890
204.5  1.38854076
205.0  1.35842260
205.5  1.33885456
206.0  1.33163126
206.5  1.33142419
207.0  1.33013401
207.5  1.32420027
208.0  1.31318509
208.5  1.29786321
209.0  1.28630551
209.5  1.28503445
210.0  1.29719454
210.5  1.32231197
211.0  1.35528657
211.5  1.38916549
212.0  1.41583259
212.5  1.42950546
213.0  1.42574802
213.5  1.40580114
214.0  1.37647830
214.5  1.34334726
215.0  1.31387107
215.5  1.29619472
216.0  1.29322159
216.5  1.30174565
217.0  1.31547129
217.5  1.32829333
218.0  1.33341409
218.5  1.32901196
219.0  1.32057324
219.5  1.31504246
220.0  1.31861299
220.5  1.33385232
221.0  1.36011811
221.5  1.39332937
222.0  1.42581244
222.5  1.45027325
223.0  1.46270627
223.5  1.46073252
224.0  1.44603012
224.5  1.42435553
225.0  1.40397812
225.5  1.39301569
226.0  1.39701870
226.5  1.41795013
227.0  1.45073673
227.5  1.48767189
228.0  1.52054641
228.5  1.54443421
229.0  1.55677570
229.5  1.56102068
230.0  1.56385861
230.5  1.56815080
231.0  1.57723735
231.5  1.58871263
232.0  1.59710101
232.5  1.59489209
233.0  1.57855509
233.5  1.54811507
234.0  1.50286541
234.5  1.44722746
235.0  1.39090057
235.5  1.34222910
236.0  1.30970348
236.5  1.29708593
237.0  1.30121987
237.5  1.31761444
238.0  1.33754291
238.5  1.35122730
239.0  1.35310132
239.5  1.34450009
240.0  1.32861979
240.5  1.31397569
241.0  1.30448472
241.5  1.30751596
242.0  1.32283209
242.5  1.33854263
243.0  1.36638166
243.5  1.37035691
244.0  1.39121866
244.5  1.37089459
245.0  1.37828118
245.5  1.34451549
246.0  1.35454716
246.5  1.33828426
247.0  1.36581941
247.5  1.38232886
248.0  1.42022140
248.5  1.44742639
249.0  1.46808282
249.5  1.47953808
250.0  1.47183148
250.5  1.46502169
251.0  1.45337341
251.5  1.45313034
252.0  1.45923217
252.5  1.46902139
253.0  1.48756891
253.5  1.49127276
254.0  1.49783895
254.5  1.47842893
255.0  1.45613813
255.5  1.41952893
256.0  1.37868762
256.5  1.35043094
257.0  1.31772087
257.5  1.32298003
258.0  1.30895289
258.5  1.33430542
259.0  1.32800853
259.5  1.34302168
260.0  1.32582785
260.5  1.32007865
261.0  1.30413146
261.5  1.29668683
262.0  1.30453560
262.5  1.31963804
263.0  1.34874305
263.5  1.37405346
264.0  1.40010276
264.5  1.41488180
265.0  1.41465956
265.5  1.40648105
266.0  1.38187467
266.5  1.36744907
267.0  1.34418595
267.5  1.34656944
268.0  1.34544160
268.5  1.36734233
269.0  1.37912053
269.5  1.39504386
270.0  1.39463660
270.5  1.38111521
271.0  1.36501107
271.5  1.33566202
272.0  1.32708055
272.5  1.31185108
273.0  1.32502928
273.5  1.32816190
274.0  1.34995712
274.5  1.35326688
275.0  1.35808065
275.5  1.34495942
276.0  1.32627581
276.5  1.30284902
277.0  1.28205287
277.5  1.27092151
278.0  1.27593337
278.5  1.29430640
279.0  1.33050171
279.5  1.36296194
280.0  1.40359917
280.5  1.42330455
281.0  1.44474978
281.5  1.44598139
282.0  1.45291180
282.5  1.45633636
283.0  1.46698367
283.5  1.48503877
284.0  1.49537340
284.5  1.51243907
285.0  1.50636081
285.5  1.49862989
286.0  1.46315971
286.5  1.42546190
287.0  1.37215415
287.5  1.32406679
288.0  1.27868664
288.5  1.24722825
289.0  1.22901915
289.5  1.22203480
290.0  1.22071658
290.5  1.22223171
291.0  1.21975139
291.5  1.22101296
292.0  1.21839187
292.5  1.23069385
293.0  1.24772710
293.5  1.28670490
294.0  1.32644166
294.5  1.37978416
295.0  1.42453419
295.5  1.46470811
296.0  1.48928533
296.5  1.50016325
297.0  1.49959157
297.5  1.49021651
298.0  1.48206301
298.5  1.47489638
299.0  1.47725003
299.5  1.48360266
300.0  1.49203638
300.5  1.49566556
301.0  1.48660499
301.5  1.46748384
302.0  1.43731922
302.5  1.40553447
303.0  1.37825597
303.5  1.35831785
304.0  1.35613143
304.5  1.35874973
305.0  1.37500371
305.5  1.38235194
306.0  1.39027426
306.5  1.38305909
307.0  1.37200285
307.5  1.35188554
308.0  1.32903286
308.5  1.31154420
309.0  1.30485733
309.5  1.31194288
310.0  1.32924108
310.5  1.34870533
311.0  1.37116238
311.5  1.38099717
312.0  1.38353048
312.5  1.36811864
313.0  1.35269382
313.5  1.33913272
314.0  1.33250692
314.5  1.33855167
315.0  1.34593515
315.5  1.36671648
316.0  1.37520471
316.5  1.38525104
317.0  1.37267028
317.5  1.35900224
318.0  1.33023809
318.5  1.30621444
319.0  1.28125161
319.5  1.27041111
320.0  1.27177789
320.5  1.28621186
321.0  1.30769338
321.5  1.32955680
322.0  1.34512149
322.5  1.35475116
323.0  1.35240079
323.5  1.35488607
324.0  1.34960360
324.5  1.36556333
325.0  1.37207410
325.5  1.40160760
326.0  1.41158926
326.5  1.43324855
327.0  1.42902078
327.5  1.42661779
328.0  1.40501141
328.5  1.38148229
329.0  1.35867566
329.5  1.33820401
330.0  1.33457999
330.5  1.33516919
331.0  1.35236897
331.5  1.36833778
332.0  1.38603567
332.5  1.39662922
333.0  1.39925553
333.5  1.39927348
334.0  1.39670928
334.5  1.39930503
335.0  1.41426112
335.5  1.42944464
336.0  1.45866345
336.5  1.46851513
337.0  1.48833081
337.5  1.47422948
338.0  1.46650778
338.5  1.42839200
339.0  1.39589987
339.5  1.35360495
340.0  1.32115088
340.5  1.30262499
341.0  1.28725244
341.5  1.29436837
342.0  1.29114807
342.5  1.30570261
343.0  1.30041115
343.5  1.30505398
344.0  1.29815378
344.5  1.30369623
345.0  1.31358535
345.5  1.33367253
346.0  1.36529206
346.5  1.39511105
347.0  1.42770374
347.5  1.44505599
348.0  1.45493186
348.5  1.45039497
349.0  1.43322860
349.5  1.41843235
350.0  1.39157586
350.5  1.39190035
351.0  1.37903366
351.5  1.40407604
352.0  1.40377880
352.5  1.43435245
353.0  1.43115528
353.5  1.43984475
354.0  1.42322126
354.5  1.41467140
355.0  1.40245184
355.5  1.39499045
356.0  1.40300083
356.5  1.41218727
357.0  1.43062790
357.5  1.43996414
358.0  1.44386100
358.5  1.43570448
359.0  1.40984802
359.5  1.38262843
360.0  1.33938254
360.5  1.31153793
361.0  1.27845547
361.5  1.26813599
362.0  1.26656738
362.5  1.26745836
363.0  1.28451186
363.5  1.28014670
364.0  1.30069493
364.5  1.28054001
365.0  1.29799595
365.5  1.28570972
366.0  1.31460305
366.5  1.32640236
367.0  1.36615293
367.5  1.39626843
368.0  1.42924960
368.5  1.45066066
369.0  1.45947933
369.5  1.45772183
370.0  1.44228170
370.5  1.42394626
371.0  1.40316151
371.5  1.38328984
372.0  1.37246416
372.5  1.35631151
373.0  1.35378227
373.5  1.32780691
374.0  1.32072604
374.5  1.27884036
375.0  1.27024681
375.5  1.22937729
376.0  1.23860045
376.5  1.22825859
377.0  1.26740243
377.5  1.29181315
378.0  1.34116505
378.5  1.38270956
379.0  1.41722258
379.5  1.44872408
380.0  1.45692284
380.5  1.47677126
381.0  1.47306549
381.5  1.49000170
382.0  1.49494382
382.5  1.51593388
383.0  1.52889867
383.5  1.54059117
384.0  1.54092285
384.5  1.52310477
385.0  1.49784328
385.5  1.45965034
386.0  1.42228651
386.5  1.39312435
387.0  1.36734584
387.5  1.36602467
388.0  1.34957589
388.5  1.36471537
389.0  1.34047612
389.5  1.34437791
390.0  1.30285005
390.5  1.29121135
391.0  1.25098960
391.5  1.23533743
392.0  1.22354351
392.5  1.22738958
393.0  1.25686504
393.5  1.28325321
394.0  1.33321052
394.5  1.36126807
395.0  1.39966731
395.5  1.41156919
396.0  1.42782655
396.5  1.43416124
397.0  1.44389124
397.5  1.46139578
398.0  1.47327756
398.5  1.49942704
399.0  1.50069132
399.5  1.51329437
400.0  1.48652743
400.5  1.47183609
401.0  1.41985248
401.5  1.38520426
402.0  1.33536757
402.5  1.30145238
403.0  1.27876245
403.5  1.25702774
404.0  1.26566040
404.5  1.25589439
405.0  1.27591519
405.5  1.25934570
406.0  1.27814087
406.5  1.26984446
407.0  1.29093041
407.5  1.30216986
408.0  1.34170998
408.5  1.37742048
409.0  1.41842101
409.5  1.45393252
410.0  1.47834951
410.5  1.48840741
411.0  1.48531369
411.5  1.46508310
412.0  1.44596949
412.5  1.41311754
413.0  1.40643463
413.5  1.37795110
414.0  1.38691700
414.5  1.36767006
415.0  1.37856989
415.5  1.35856319
416.0  1.34788657
416.5  1.32498319
417.0  1.29827469
417.5  1.29183971
418.0  1.27565268
418.5  1.29806405
419.0  1.30306908
419.5  1.34079383
420.0  1.35413810
420.5  1.38080786
421.0  1.38394767
421.5  1.38910239
422.0  1.38081912
422.5  1.37243118
423.0  1.36681241
423.5  1.36239614
424.0  1.36734167
424.5  1.37070047
425.0  1.37859141
425.5  1.38031711
426.0  1.36977199
426.5  1.35908962
427.0  1.33309315
427.5  1.32907750
428.0  1.30794538
428.5  1.32873455
429.0  1.33268785
429.5  1.37800502
430.0  1.39371874
430.5  1.43349513
431.0  1.44291148
431.5  1.45835380
432.0  1.45469768
432.5  1.45153406
433.0  1.44846652
433.5  1.44637378
434.0  1.45577183
434.5  1.46760163
435.0  1.48615071
435.5  1.50037314
436.0  1.50434507
436.5  1.50213876
437.0  1.48319814
437.5  1.46437283
438.0  1.43807512
438.5  1.41754121
439.0  1.40621628
439.5  1.39435010
440.0  1.39905450
440.5  1.38458771
441.0  1.38795102
441.5  1.35740266
442.0  1.34319080
442.5  1.29905972
443.0  1.27616086
443.5  1.24580208
444.0  1.23198034
444.5  1.22850444
445.0  1.23425608
445.5  1.25669230
446.0  1.27316628
446.5  1.29599492
447.0  1.30427706
447.5  1.31384569
448.0  1.31886615
448.5  1.32719456
449.0  1.34449206
449.5  1.36655584
450.0  1.40322736
450.5  1.43153219
451.0  1.46439864
451.5  1.47938944
452.0  1.48784439
452.5  1.48028318
453.0  1.46249494
453.5  1.44066191
454.0  1.41291140
454.5  1.39924025
455.0  1.37552308
455.5  1.37476431
456.0  1.35705764
456.5  1.35404003
457.0  1.33378739
457.5  1.31903265
458.0  1.29095139
458.5  1.27417274
459.0  1.26480235
459.5  1.26647558
460.0  1.28068535
460.5  1.30735313
461.0  1.33855594
461.5  1.36771926
462.0  1.38546726
462.5  1.40208955
463.0  1.40221536
463.5  1.40546684
464.0  1.40130011
464.5  1.40614412
465.0  1.41469320
465.5  1.43047412
466.0  1.45142622
466.5  1.46292449
467.0  1.47459900
467.5  1.46659657
468.0  1.45464060
468.5  1.42536431
469.0  1.39959469
469.5  1.37562874
470.0  1.36209739
470.5  1.35558800
471.0  1.35670327
471.5  1.36153469
472.0  1.36222861
472.5  1.35540319
473.0  1.34394412
473.5  1.32350083
474.0  1.30421434
474.5  1.28479172
475.0  1.28162462
475.5  1.28447355
476.0  1.30285994
476.5  1.32430863
477.0  1.35126013
477.5  1.37313444
478.0  1.38692482
478.5  1.39603973
479.0  1.39949886
479.5  1.40469783
480.0  1.41435556
480.5  1.43250307
481.0  1.45840143
481.5  1.48635344
482.0  1.51244565
482.5  1.52568295
483.0  1.53187419
483.5  1.52365292
484.0  1.50587574
484.5  1.48110921
485.0  1.45670568
485.5  1.43949326
486.0  1.42558340
486.5  1.42253616
487.0  1.41493526
487.5  1.41096357
488.0  1.39394941
488.5  1.37248971
489.0  1.34223346
489.5  1.31431622
490.0  1.29238301
490.5  1.28093157
491.0  1.28487975
491.5  1.30060798
492.0  1.32235047
492.5  1.34564951
493.0  1.36334039
493.5  1.37446439
494.0  1.36966407
494.5  1.36069328
495.0  1.34821674
495.5  1.33923958
496.0  1.33699692
496.5  1.33623130
497.0  1.35112312
497.5  1.35596456
498.0  1.36918830
498.5  1.36013039
499.0  1.35592675
499.5  1.33071137
500.0  1.31425170
500.5  1.29554273
501.0  1.29310881
501.5  1.29900519
502.0  1.31842609
502.5  1.34377536
503.0  1.36873466
503.5  1.38738940
504.0  1.39734732
504.5  1.39624715
505.0  1.39453760
505.5  1.38334086
506.0  1.38433084
506.5  1.37872711
507.0  1.39644822
507.5  1.40152776
508.0  1.42329754
508.5  1.42418575
509.0  1.42938622
509.5  1.41407041
510.0  1.39809756
510.5  1.38347151
511.0  1.36857625
511.5  1.37400149
512.0  1.37571313
512.5  1.40309005
513.0  1.41818786
513.5  1.44281506
514.0  1.44765408
514.5  1.45059354
515.0  1.44019843
515.5  1.42362491
516.0  1.40524961
516.5  1.39177914
517.0  1.38513515
517.5  1.38999262
518.0  1.39029288
518.5  1.40223210
519.0  1.39047748
519.5  1.39012154
520.0  1.36261606
520.5  1.34599086
521.0  1.32208410
521.5  1.31380821
522.0  1.31859511
522.5  1.32593904
523.0  1.35759142
523.5  1.36950465
524.0  1.40137532
524.5  1.39766791
525.0  1.40898220
525.5  1.38960568
526.0  1.38500712
526.5  1.36747877
527.0  1.37016244
527.5  1.37554674
528.0  1.39271677
528.5  1.41238151
529.0  1.42776418
529.5  1.43153493
530.0  1.42170150
530.5  1.39938056
531.0  1.38074759
531.5  1.35291242
532.0  1.35307760
532.5  1.34753588
533.0  1.38270620
533.5  1.39145253
534.0  1.43403340
534.5  1.43572675
535.0  1.45677286
535.5  1.43722373
536.0  1.42885295
536.5  1.40293322
537.0  1.38808981
537.5  1.38184944
538.0  1.38027676
538.5  1.39872206
539.0  1.40927683
539.5  1.42661629
540.0  1.41998617
540.5  1.40904555
541.0  1.38068879
541.5  1.34993357
542.0  1.32370115
542.5  1.30453597
543.0  1.30694429
543.5  1.31235796
544.0  1.32912591
544.5  1.34312773
545.0  1.34967706
545.5  1.35445245
546.0  1.33097132
546.5  1.32380654
547.0  1.28663417
547.5  1.29249273
548.0  1.27325386
548.5  1.30356101
549.0  1.31548515
549.5  1.35739167
550.0  1.37928662
550.5  1.40058357
551.0  1.40833747
551.5  1.39874867
552.0  1.39323977
552.5  1.37805629
553.0  1.37906544
553.5  1.38008408
554.0  1.39685933
554.5  1.41190309
555.0  1.42073838
555.5  1.42721338
556.0  1.41032415
556.5  1.39726147
557.0  1.35479494
557.5  1.34055774
558.0  1.30342515
558.5  1.30866921
559.0  1.29535023
559.5  1.32512124
560.0  1.33399569
560.5  1.35567471
561.0  1.36369867
561.5  1.36300076
562.0  1.37045044
562.5  1.35952730
563.0  1.38297509
563.5  1.38534855
564.0  1.42773721
564.5  1.44959813
565.0  1.49439169
565.5  1.51108198
566.0  1.52905595
566.5  1.52388710
567.0  1.50896740
567.5  1.48572114
568.0  1.45954561
568.5  1.44146128
569.0  1.43302332
569.5  1.42874292
570.0  1.44015815
570.5  1.43314529
571.0  1.43959052
571.5  1.40337001
572.0  1.39024139
572.5  1.33800056
573.0  1.32039725
573.5  1.28606539
574.0  1.28263460
574.5  1.28615379
575.0  1.29361757
575.5  1.31753771
576.0  1.31974651
576.5  1.34018153
577.0  1.32383230
577.5  1.32628923
578.0  1.30861246
578.5  1.31633399
579.0  1.32165928
579.5  1.34709943
580.0  1.37982320
580.5  1.42019184
581.0  1.45801750
581.5  1.47297795
582.0  1.47627334
582.5  1.45924555
583.0  1.43649522
583.5  1.40972032
584.0  1.38831391
584.5  1.38906319
585.0  1.38425948
585.5  1.40609782
586.0  1.40291268
586.5  1.42445832
587.0  1.39980366
587.5  1.39944352
588.0  1.35821009
588.5  1.34580678
589.0  1.31166117
589.5  1.30939993
590.0  1.30798228
590.5  1.32995254
591.0  1.35489769
591.5  1.37677893
592.0  1.39033993
592.5  1.38837182
593.0  1.37852924
593.5  1.36508633
594.0  1.34923313
594.5  1.34816711
595.0  1.34705198
595.5  1.37082276
596.0  1.38328737
596.5  1.40883518
597.0  1.41138809
597.5  1.41392135
598.0  1.40016245
598.5  1.37717745
599.0  1.36173034
599.5  1.33294757
600.0  1.33864290
600.5  1.32710170
601.0  1.35501765
601.5  1.35547845
602.0  1.37636797
602.5  1.36788900
603.0  1.35997977
603.5  1.33753200
604.0  1.31732134
604.5  1.30633224
605.0  1.30445993
605.5  1.31969626
606.0  1.34531959
606.5  1.37541554
607.0  1.40533222
607.5  1.42246873
608.0  1.43906619
608.5  1.42955832
609.0  1.42890432
609.5  1.40628020
610.0  1.41289227
610.5  1.40615402
611.0  1.43216774
611.5  1.44583670
612.0  1.47532908
612.5  1.48540173
613.0  1.48422601
613.5  1.47379967
614.0  1.44662519
614.5  1.42881177
615.0  1.39993978
615.5  1.39773415
616.0  1.39276361
616.5  1.40865059
617.0  1.41782797
617.5  1.42867889
618.0  1.42739632
618.5  1.41642805
619.0  1.39511244
619.5  1.36960502
620.0  1.34650857
620.5  1.33568021
621.0  1.33443615
621.5  1.35683377
622.0  1.37599876
622.5  1.41081070
623.0  1.42201417
623.5  1.43276794
624.0  1.42005477
624.5  1.40418264
625.0  1.38443123
625.5  1.36449935
626.0  1.36461907
626.5  1.36381403
627.0  1.38216945
627.5  1.38603974
628.0  1.39732486
628.5  1.38719607
629.0  1.37167126
629.5  1.33838081
630.0  1.30408344
630.5  1.27079072
631.0  1.24652589
631.5  1.23957226
632.0  1.25088631
632.5  1.27218009
633.0  1.30028286
633.5  1.32238205
634.0  1.34383863
634.5  1.34504272
635.0  1.35320652
635.5  1.35517145
636.0  1.37485421
636.5  1.39297636
637.0  1.42899841
637.5  1.46155495
638.0  1.49479266
638.5  1.51328741
639.0  1.51716471
639.5  1.50499089
640.0  1.47665091
640.5  1.44463447
641.0  1.40911863
641.5  1.38661000
642.0  1.37110304
642.5  1.37118323
643.0  1.37764437
643.5  1.38308160
644.0  1.38068928
644.5  1.36787483
645.0  1.34866341
645.5  1.32658607
646.0  1.30882406
646.5  1.30573747
647.0  1.31020987
647.5  1.33270706
648.0  1.35449568
648.5  1.37987188
649.0  1.39269946
649.5  1.40058141
650.0  1.39260587
650.5  1.37642320
651.0  1.35944960
651.5  1.34609080
652.0  1.34291078
652.5  1.35292739
653.0  1.37374922
653.5  1.39978583
654.0  1.41707010
654.5  1.42617054
655.0  1.42021123
655.5  1.40529153
656.0  1.38429466
656.5  1.36829139
657.0  1.36429355
657.5  1.36837183
658.0  1.38722553
658.5  1.40829791
659.0  1.43223129
659.5  1.44280496
660.0  1.44931867
660.5  1.43946798
661.0  1.42606899
661.5  1.40956707
662.0  1.39889878
662.5  1.40168940
663.0  1.41763302
663.5  1.44484684
664.0  1.47560357
664.5  1.50010526
665.0  1.51203608
665.5  1.50024659
666.0  1.48514861
666.5  1.45241442
667.0  1.43264225
667.5  1.40539410
668.0  1.40504589
668.5  1.39930296
669.0  1.40694976
669.5  1.40531420
670.0  1.40230139
670.5  1.38818290
671.0  1.36368243
671.5  1.33651521
672.0  1.30735805
672.5  1.28977172
673.0  1.28270360
673.5  1.29233948
674.0  1.31510802
674.5  1.34114799
675.0  1.36862533
675.5  1.38305686
676.0  1.38669080
676.5  1.38219236
677.0  1.36845907
677.5  1.36568533
678.0  1.35569484
678.5  1.37203506
679.0  1.37653295
679.5  1.39847189
680.0  1.40038542
680.5  1.40706290
681.0  1.39304673
681.5  1.37414182
682.0  1.34969835
682.5  1.31928594
683.0  1.30430081
683.5  1.29441225
684.0  1.31071818
684.5  1.32920003
685.0  1.36415342
685.5  1.38789767
686.0  1.40563951
686.5  1.40945882
687.0  1.40126922
687.5  1.39230274
688.0  1.38131481
688.5  1.38759548
689.0  1.39062353
689.5  1.41129784
690.0  1.43156872
690.5  1.44699364
691.0  1.45389805
691.5  1.44612288
692.0  1.44059752
692.5  1.41033699
693.0  1.40293846
693.5  1.38096999
694.0  1.39354116
694.5  1.39243751
695.0  1.42394599
695.5  1.43868121
696.0  1.46005666
696.5  1.45927573
697.0  1.45231324
697.5  1.43543334
698.0  1.41550144
698.5  1.40385842
699.0  1.39732087
699.5  1.39767329
700.0  1.40785695
700.5  1.41113586
701.0  1.41738331
701.5  1.40338947
702.0  1.39087826
702.5  1.35489909
703.0  1.32927591
703.5  1.30390337
704.0  1.28483968
704.5  1.29150963
705.0  1.29672915
705.5  1.33584051
706.0  1.35097052
706.5  1.39402446
707.0  1.39764232
707.5  1.41858398
708.0  1.41449615
708.5  1.42342531
709.0  1.43133291
709.5  1.44925554
710.0  1.47727175
710.5  1.50158272
711.0  1.53125276
711.5  1.54512386
712.0  1.55123171
712.5  1.53990743
713.0  1.51220465
713.5  1.48336298
714.0  1.44352307
714.5  1.42350612
715.0  1.38812242
715.5  1.38805931
716.0  1.36541815
716.5  1.37315994
717.0  1.34711112
717.5  1.34345853
718.0  1.31120873
718.5  1.29719575
719.0  1.28166272
719.5  1.27959570
720.0  1.29980198
720.5  1.31745421
721.0  1.36114066
721.5  1.38298541
722.0  1.42095767
722.5  1.42585441
723.0  1.43931759
723.5  1.42753111
724.0  1.42043567
724.5  1.40695650
725.0  1.40491091
725.5  1.41157919
726.0  1.41699718
726.5  1.42894729
727.0  1.43702469
727.5  1.42967638
728.0  1.41572288
728.5  1.37893042
729.0  1.35968492
729.5  1.31868567
730.0  1.31485173
730.5  1.29103768
731.0  1.31043199
731.5  1.30839943
732.0  1.32589861
732.5  1.32821031
733.0  1.32683088
733.5  1.32876579
734.0  1.31143814
734.5  1.31711387
735.0  1.30731956
735.5  1.33323405
736.0  1.35115121
736.5  1.39841156
737.0  1.43300832
737.5  1.47124695
738.0  1.49339117
738.5  1.49973832
739.0  1.49702841
739.5  1.47938801
740.0  1.47245604
740.5  1.46079381
741.0  1.46735823
741.5  1.46907160
742.0  1.48059070
742.5  1.48276854
743.0  1.47133220
743.5  1.45957228
744.0  1.42196504
744.5  1.40014300
745.0  1.35158045
745.5  1.34498203
746.0  1.31501412
746.5  1.33304724
747.0  1.33455628
747.5  1.37025628
748.0  1.38428455
748.5  1.41188411
749.0  1.42012240
749.5  1.42640102
750.0  1.43184404
750.5  1.44034950
751.0  1.45439748
751.5  1.47376835
752.0  1.49219211
752.5  1.51421682
753.0  1.51535292
753.5  1.51785591
754.0  1.48863246
754.5  1.47049914
755.0  1.42352865
755.5  1.39238812
756.0  1.35712211
756.5  1.33321509
757.0  1.33001265
757.5  1.31660278
758.0  1.33118563
758.5  1.31516014
759.0  1.32989134
759.5  1.31010309
760.0  1.31756206
760.5  1.31084894
761.0  1.33451519
761.5  1.35747803
762.0  1.39286206
762.5  1.43318717
763.0  1.46711164
763.5  1.49262747
764.0  1.50212621
764.5  1.49595469
765.0  1.47804414
765.5  1.44870996
766.0  1.42770736
766.5  1.39543742
767.0  1.38885259
767.5  1.37267244
768.0  1.38615413
768.5  1.36928645
769.0  1.38066386
769.5  1.35110707
770.0  1.34928523
770.5  1.32208320
771.0  1.32422763
771.5  1.32173253
772.0  1.34289672
772.5  1.36960412
773.0  1.39582786
773.5  1.42664967
774.0  1.43632872
774.5  1.44607592
775.0  1.43284144
775.5  1.42278593
776.0  1.40324766
776.5  1.39121998
777.0  1.38852545
777.5  1.39275421
778.0  1.40905836
778.5  1.42393473
779.0  1.43662383
779.5  1.43866253
780.0  1.42309474
780.5  1.40734122
781.0  1.37127432
781.5  1.35793984
782.0  1.33360131
782.5  1.34061194
783.0  1.33255974
783.5  1.34844639
784.0  1.35257020
784.5  1.34873214
785.0  1.34251891
785.5  1.32217082
786.0  1.30806267
786.5  1.27882529
787.0  1.27961870
787.5  1.27974960
788.0  1.30998173
788.5  1.34138380
789.0  1.38844701
789.5  1.43215002
790.0  1.47050174
790.5  1.49686800
791.0  1.51199422
791.5  1.52317598
792.0  1.53499529
792.5  1.54823398
793.0  1.56805611
793.5  1.58194022
794.0  1.60213212
794.5  1.59838887
795.0  1.59583851
795.5  1.55975660
796.0  1.53086295
796.5  1.47369754
797.0  1.43313896
797.5  1.38410667
798.0  1.36187622
798.5  1.34368848
799.0  1.33807272
799.5  1.33463118
800.0  1.32862211
800.5  1.32521680
801.0  1.30928105
801.5  1.29652716
802.0  1.28386638
802.5  1.28600791
803.0  1.30164424
803.5  1.32715527
804.0  1.36110045
804.5  1.39212793
805.0  1.42270462
805.5  1.44374164
806.0  1.44915886
806.5  1.45042265
807.0  1.43706957
807.5  1.43337431
808.0  1.42499744
808.5  1.43241909
809.0  1.43745878
809.5  1.44930043
810.0  1.45740761
810.5  1.45566170
811.0  1.44197903
811.5  1.41192639
812.0  1.38152044
812.5  1.34831542
813.0  1.32910295
813.5  1.31735673
814.0  1.31969341
814.5  1.32824816
815.0  1.34173322
815.5  1.35221707
816.0  1.35567363
816.5  1.35023860
817.0  1.33920903
817.5  1.32533531
818.0  1.31787446
818.5  1.31496504
819.0  1.32717330
819.5  1.34541035
820.0  1.37383053
820.5  1.39941872
821.0  1.42270390
821.5  1.43283968
822.0  1.43656325
822.5  1.43523094
823.0  1.43184499
823.5  1.43341081
824.0  1.44102910
824.5  1.45626012
825.0  1.47213361
825.5  1.48114537
826.0  1.48146970
826.5  1.46971424
827.0  1.45118868
827.5  1.42065411
828.0  1.39075194
828.5  1.36119992
829.0  1.34112502
829.5  1.32974004
830.0  1.32755254
830.5  1.32904928
831.0  1.33131040
831.5  1.33246878
832.0  1.32971646
832.5  1.32168835
833.0  1.31612433
833.5  1.31693659
834.0  1.32888681
834.5  1.34707217
835.0  1.37084659
835.5  1.39765229
836.0  1.41983763
836.5  1.43907006
837.0  1.44005614
837.5  1.43788965
838.0  1.42242824
838.5  1.41499879
839.0  1.40270516
839.5  1.40478821
840.0  1.40896620
840.5  1.42397585
841.0  1.43827684
841.5  1.44940599
842.0  1.45564355
842.5  1.45266450
843.0  1.44813750
843.5  1.44558410
844.0  1.45078859
844.5  1.46705014
845.0  1.48632197
845.5  1.51190401
846.0  1.52671241
846.5  1.54031615
847.0  1.53459192
847.5  1.52052112
848.0  1.48720147
848.5  1.45285443
849.0  1.41777251
849.5  1.38781369
850.0  1.36839899
850.5  1.35295384
851.0  1.35477777
851.5  1.34586392
852.0  1.34973456
852.5  1.33106646
853.0  1.32073731
853.5  1.29812576
854.0  1.29532611
854.5  1.29676282
855.0  1.31539642
855.5  1.34268865
856.0  1.37388149
856.5  1.40395400
857.0  1.42427974
857.5  1.43144844
858.0  1.42988382
858.5  1.41184557
859.0  1.39667941
859.5  1.37409174
860.0  1.36916406
860.5  1.36610962
861.0  1.37404986
861.5  1.38759753
862.0  1.39498100
862.5  1.40791001
863.0  1.39341848
863.5  1.39202186
864.0  1.36212256
864.5  1.35854305
865.0  1.34361464
865.5  1.35604735
866.0  1.36409058
866.5  1.38870044
867.0  1.40808404
867.5  1.42099119
868.0  1.42655019
868.5  1.42097099
869.0  1.40912328
869.5  1.39164525
870.0  1.37859596
870.5  1.37359312
871.0  1.37055511
871.5  1.38324918
872.0  1.38728651
872.5  1.40751743
873.0  1.40135935
873.5  1.41304781
874.0  1.39744961
874.5  1.40332336
875.0  1.39328434
875.5  1.40929610
876.0  1.42507690
876.5  1.45049888
877.0  1.47708631
877.5  1.48985255
878.0  1.50488067
878.5  1.48762851
879.0  1.48025586
879.5  1.44565222
880.0  1.42543206
880.5  1.39282644
881.0  1.38305485
881.5  1.37343188
882.0  1.37334956
882.5  1.37615199
883.0  1.37829313
883.5  1.37409915
884.0  1.36568875
884.5  1.35137055
885.0  1.34479146
885.5  1.33468586
886.0  1.34866694
886.5  1.34920749
887.0  1.38008409
887.5  1.39340532
888.0  1.41809076
888.5  1.42496459
889.0  1.42619086
889.5  1.42997310
890.0  1.41419373
890.5  1.42483988
891.0  1.41293130
891.5  1.43909681
892.0  1.44056230
892.5  1.47425976
893.0  1.48489598
893.5  1.50542804
894.0  1.50280521
894.5  1.49578296
895.0  1.48023698
895.5  1.46723082
896.0  1.45933485
896.5  1.45766070
897.0  1.45927083
897.5  1.46602277
898.0  1.46667019
898.5  1.46919423
899.0  1.44395229
899.5  1.42441996
900.0  1.37314419
900.5  1.35165322
901.0  1.30030180
901.5  1.29623790
902.0  1.26664184
902.5  1.28519099
903.0  1.28220649
903.5  1.30938141
904.0  1.31668457
904.5  1.33038760
905.0  1.33878582
905.5  1.34332559
906.0  1.35966475
906.5  1.37252729
907.0  1.40798916
907.5  1.43601572
908.0  1.47069834
908.5  1.49091821
909.0  1.50215615
909.5  1.50224043
910.0  1.48486868
910.5  1.46691016
911.0  1.43294947
911.5  1.41024949
912.0  1.38704784
912.5  1.37211676
913.0  1.36682102
913.5  1.34880232
914.0  1.34795762
914.5  1.31118101
915.0  1.30135493
915.5  1.25336736
916.0  1.24757120
916.5  1.22266488
917.0  1.24004276
917.5  1.25716353
918.0  1.29601701
918.5  1.33850580
919.0  1.37680586
919.5  1.41438474
920.0  1.43203048
920.5  1.45220142
921.0  1.45523122
921.5  1.46469571
922.0  1.47409684
922.5  1.48925800
923.0  1.51458093
923.5  1.52982081
924.0  1.55656127
924.5  1.55131013
925.0  1.55315784
925.5  1.51498599
926.0  1.49639924
926.5  1.45348973
927.0  1.43987471
927.5  1.41971143
928.0  1.42234779
928.5  1.43185266
929.0  1.43549793
929.5  1.44699312
930.0  1.42996211
930.5  1.42668928
931.0  1.39072645
931.5  1.37453758
932.0  1.33925888
932.5  1.33366504
933.0  1.32556628
933.5  1.34058993
934.0  1.35623449
934.5  1.37463054
935.0  1.38661817
935.5  1.38849226
936.0  1.37958002
936.5  1.36814819
937.0  1.35174319
937.5  1.35690447
938.0  1.35630524
938.5  1.38793809
939.0  1.40278609
939.5  1.43975699
940.0  1.45353943
940.5  1.47012119
941.0  1.46976875
941.5  1.45600656
942.0  1.44957103
942.5  1.42808599
943.0  1.43344179
943.5  1.42067697
944.0  1.43985075
944.5  1.43933402
945.0  1.45638328
945.5  1.44731927
946.0  1.43552880
946.5  1.40923129
947.0  1.38385968
947.5  1.36178361
948.0  1.34899593
948.5  1.34945118
949.0  1.36467171
949.5  1.38332249
950.0  1.40834347
950.5  1.41522078
951.0  1.42677922
951.5  1.40749092
952.0  1.39823766
952.5  1.36146419
953.0  1.35591987
953.5  1.33071610
954.0  1.34243677
954.5  1.33892275
955.0  1.36161551
955.5  1.36727765
956.0  1.37595294
956.5  1.36871699
957.0  1.35489211
957.5  1.34704181
958.0  1.33688446
958.5  1.34517934
959.0  1.35682989
959.5  1.38603833
960.0  1.41556007
960.5  1.44337039
961.0  1.45920152
961.5  1.46219500
962.0  1.45630605
962.5  1.43932225
963.0  1.41929874
963.5  1.40132563
964.0  1.38748675
964.5  1.38966519
965.0  1.38473977
965.5  1.39481320
966.0  1.38132507
966.5  1.37738878
967.0  1.34885706
967.5  1.32591629
968.0  1.29982074
968.5  1.28553027
969.0  1.28959503
969.5  1.30237941
970.0  1.33594986
970.5  1.36621766
971.0  1.40461147
971.5  1.42506545
972.0  1.44363408
972.5  1.44445660
973.0  1.44412017
973.5  1.44023971
974.0  1.44268298
974.5  1.45443290
975.0  1.47702095
975.5  1.50421412
976.0  1.53118600
976.5  1.54916700
977.0  1.55840357
977.5  1.54821382
978.0  1.53748693
978.5  1.51709687
979.0  1.50881598
979.5  1.49977682
980.0  1.50698651
980.5  1.50912280
981.0  1.51471102
981.5  1.50580548
982.0  1.48638405
982.5  1.45086851
983.0  1.40722949
983.5  1.35824412
984.0  1.30995236
984.5  1.27614154
985.0  1.24966175
985.5  1.24159786
986.0  1.24345537
986.5  1.24977725
987.0  1.25543274
987.5  1.25615455
988.0  1.25752289
988.5  1.25903784
989.0  1.26652874
989.5  1.28895534
990.0  1.32233105
990.5  1.36943899
991.0  1.41566675
991.5  1.46414836
992.0  1.49787336
992.5  1.51965486
993.0  1.52440402
993.5  1.51667191
994.0  1.50191199
994.5  1.48436399
995.0  1.47151411
995.5  1.46331017
996.0  1.46194759
996.5  1.45973112
997.0  1.45316971
997.5  1.43682948
998.0  1.40971089
998.5  1.37467822
999.0  1.33853725
999.5  1.31064756
1000.0  1.29726359
