0.0  1.26533292
0.5  1.25984284
1.0  1.24655653
1.5  1.22978262
2.0  1.21504256
2.5  1.20779661
3.0  1.21161612
3.5  1.22687979
4.0  1.25020434
4.5  1.27509097
5.0  1.29473439
5.5  1.30427089
6.0  1.30310261
6.5  1.29503361
7.0  1.28660713
7.5  1.28371176
8.0  1.29025612
8.5  1.30612618
9.0  1.32770677
9.5  1.34945196
10.0  1.36580585
10.5  1.37258229
11.0  1.36831185
11.5  1.35458158
12.0  1.33579198
12.5  1.31759510
13.0  1.30495431
13.5  1.30078023
14.0  1.30488454
14.5  1.31317634
15.0  1.31884655
15.5  1.31520600
16.0  1.29803516
16.5  1.26807177
17.0  1.23037191
17.5  1.19322623
18.0  1.16372001
18.5  1.14645912
19.0  1.14216235
19.5  1.14757723
20.0  1.15768650
20.5  1.16722248
21.0  1.17225945
21.5  1.17159820
22.0  1.16712548
22.5  1.16310482
23.0  1.16475747
23.5  1.17725385
24.0  1.20339809
24.5  1.24260976
25.0  1.28941622
25.5  1.33587354
26.0  1.37405589
26.5  1.39878205
27.0  1.40953204
27.5  1.40998142
28.0  1.40705534
28.5  1.40657078
29.0  1.41147574
29.5  1.42096812
30.0  1.43169329
30.5  1.43855326
31.0  1.43643511
31.5  1.42250149
32.0  1.39662084
32.5  1.36154554
33.0  1.32233719
33.5  1.28569344
34.0  1.25680896
34.5  1.23913024
35.0  1.23257392
35.5  1.23349452
36.0  1.23596180
36.5  1.23270419
37.0  1.22097196
37.5  1.20182387
38.0  1.17994536
38.5  1.16246283
39.0  1.15523789
39.5  1.16098568
40.0  1.17797359
40.5  1.20202755
41.0  1.22751346
41.5  1.24864687
42.0  1.26160520
42.5  1.26536036
43.0  1.26187477
43.5  1.25529651
44.0  1.25103189
44.5  1.25356974
45.0  1.26545205
45.5  1.28561327
46.0  1.30960557
46.5  1.33084675
47.0  1.34300223
47.5  1.34310431
48.0  1.33245898
48.5  1.31670657
49.0  1.30254135
49.5  1.29528087
50.0  1.29753429
50.5  1.30765145
51.0  1.32161148
51.5  1.33354377
52.0  1.33872108
52.5  1.33421118
53.0  1.31957263
53.5  1.29702625
54.0  1.27171333
54.5  1.24903718
55.0  1.23344570
55.5  1.22768865
56.0  1.23054289
56.5  1.23718189
57.0  1.24160826
57.5  1.23924013
58.0  1.22872449
58.5  1.21289740
59.0  1.19858013
59.5  1.19266404
60.0  1.19897062
60.5  1.21843387
61.0  1.24896727
61.5  1.28506945
62.0  1.31962844
62.5  1.34675849
63.0  1.36321537
63.5  1.36869545
64.0  1.36541717
64.5  1.35774004
65.0  1.35153008
65.5  1.35055880
66.0  1.35674051
66.5  1.36807417
67.0  1.37928102
67.5  1.38259679
68.0  1.37205192
68.5  1.34575789
69.0  1.30731322
69.5  1.26448525
70.0  1.22531901
70.5  1.19691127
71.0  1.18359683
71.5  1.18371836
72.0  1.19360647
72.5  1.20504862
73.0  1.21323230
73.5  1.21502417
74.0  1.20922322
74.5  1.19790566
75.0  1.18547135
75.5  1.17826705
76.0  1.18061221
76.5  1.19535470
77.0  1.22160354
77.5  1.25412579
78.0  1.28643565
78.5  1.31254257
79.0  1.32846402
79.5  1.33439782
80.0  1.33357143
80.5  1.33215132
81.0  1.33448547
81.5  1.34278246
82.0  1.35599740
82.5  1.37019353
83.0  1.38142461
83.5  1.38445535
84.0  1.37737053
84.5  1.36152428
85.0  1.33924971
85.5  1.31505520
86.0  1.29402519
86.5  1.28068356
87.0  1.27673804
87.5  1.28171908
88.0  1.29137539
88.5  1.30094563
89.0  1.30560926
89.5  1.30354488
90.0  1.29558214
90.5  1.28536228
91.0  1.27738629
91.5  1.27465800
92.0  1.27704549
92.5  1.28312057
93.0  1.28912325
93.5  1.29106933
94.0  1.28465801
94.5  1.26893918
95.0  1.24487404
95.5  1.21645929
96.0  1.18816983
96.5  1.16510652
97.0  1.15088716
97.5  1.14684345
98.0  1.15252665
98.5  1.16425945
99.0  1.17775422
99.5  1.18959948
100.0  1.19923021
100.5  1.20887952
101.0  1.22188311
101.5  1.24050717
102.0  1.26656081
102.5  1.29889224
103.0  1.33310472
103.5  1.36461547
104.0  1.38883329
104.5  1.40368916
105.0  1.40661423
105.5  1.39930754
106.0  1.38645292
106.5  1.37203212
107.0  1.36060613
107.5  1.35431916
108.0  1.35309871
108.5  1.35435034
109.0  1.35310181
109.5  1.34489748
110.0  1.32737343
110.5  1.30168595
111.0  1.27243519
111.5  1.24589861
112.0  1.22788040
112.5  1.21986263
113.0  1.22200521
113.5  1.23057947
114.0  1.24214466
114.5  1.25129133
115.0  1.25476083
115.5  1.25052114
116.0  1.24181944
116.5  1.23272221
117.0  1.22709035
117.5  1.22917074
118.0  1.24154685
118.5  1.26469334
119.0  1.29415521
119.5  1.32325335
120.0  1.34565291
120.5  1.35735327
121.0  1.35797261
121.5  1.34999301
122.0  1.33896028
122.5  1.32983325
123.0  1.32604513
123.5  1.32860248
124.0  1.33422654
124.5  1.33917862
125.0  1.33919193
125.5  1.33044209
126.0  1.31305200
126.5  1.28933140
127.0  1.26243569
127.5  1.23863203
128.0  1.22132453
128.5  1.21341205
129.0  1.21531166
129.5  1.22353186
130.0  1.23154934
130.5  1.23487386
131.0  1.23028811
131.5  1.21998595
132.0  1.20733148
132.5  1.19897042
133.0  1.19963112
133.5  1.21163347
134.0  1.23348381
134.5  1.26074412
135.0  1.28838865
135.5  1.31063356
136.0  1.32507909
136.5  1.33070776
137.0  1.32921827
137.5  1.32426738
138.0  1.32071346
138.5  1.32392926
139.0  1.33640865
139.5  1.35605354
140.0  1.37906212
140.5  1.39831594
141.0  1.40743755
141.5  1.40288527
142.0  1.38630821
142.5  1.36244711
143.0  1.33838393
143.5  1.31972499
144.0  1.31018435
144.5  1.30856903
145.0  1.31239079
145.5  1.31624359
146.0  1.31564082
146.5  1.30649806
147.0  1.28932452
147.5  1.26603842
148.0  1.24032358
148.5  1.21840123
149.0  1.20457700
149.5  1.20237138
150.0  1.21141484
150.5  1.22745376
151.0  1.24231799
151.5  1.25041194
152.0  1.24891445
152.5  1.23835649
153.0  1.22318423
153.5  1.21062902
154.0  1.20658196
154.5  1.21386410
155.0  1.23081810
155.5  1.25407032
156.0  1.27804014
156.5  1.29827244
157.0  1.31071774
157.5  1.31475496
158.0  1.31230270
158.5  1.30781749
159.0  1.30688285
159.5  1.31442026
160.0  1.33388655
160.5  1.36274516
161.0  1.39616543
161.5  1.42708740
162.0  1.44740662
162.5  1.45516690
163.0  1.45019197
163.5  1.43645026
164.0  1.42047022
164.5  1.40794009
165.0  1.40124887
165.5  1.40111446
166.0  1.40221058
166.5  1.40088970
167.0  1.39253529
167.5  1.37244242
168.0  1.34102611
168.5  1.30066110
169.0  1.25568922
169.5  1.21310175
170.0  1.17706128
170.5  1.15376373
171.0  1.14363787
171.5  1.14539877
172.0  1.15328082
172.5  1.16303394
173.0  1.17306185
173.5  1.17755229
174.0  1.18816123
174.5  1.20016069
175.0  1.22775400
175.5  1.26243594
176.0  1.30873557
176.5  1.35382204
177.0  1.39610237
177.5  1.42880667
178.0  1.44921517
178.5  1.45648469
179.0  1.44805581
179.5  1.43432797
180.0  1.41426109
180.5  1.39929543
181.0  1.38485572
181.5  1.37530296
182.0  1.36382207
182.5  1.34841227
183.0  1.32447340
183.5  1.29100060
184.0  1.25230955
184.5  1.21496089
185.0  1.18590496
185.5  1.17057782
186.0  1.16650435
186.5  1.17907219
187.0  1.19684379
187.5  1.22140224
188.0  1.23907985
188.5  1.25541318
189.0  1.26014577
189.5  1.26118258
190.0  1.26315838
190.5  1.26626705
191.0  1.28136297
191.5  1.30208093
192.0  1.33625348
192.5  1.36808928
193.0  1.40025333
193.5  1.41883965
194.0  1.42634322
194.5  1.42109142
195.0  1.40854538
195.5  1.39475798
196.0  1.38204146
196.5  1.37882027
197.0  1.38000325
197.5  1.38303073
198.0  1.38144101
198.5  1.37483008
199.0  1.36127028
199.5  1.34059306
200.0  1.31394750
200.5  1.28791846
201.0  1.26551424
201.5  1.25511132
202.0  1.25132424
202.5  1.26217195
203.0  1.27309535
203.5  1.28701312
204.0  1.28862740
204.5  1.28688970
205.0  1.27550805
205.5  1.26476237
206.0  1.25466455
206.5  1.25063519
207.0  1.25484904
207.5  1.26196532
208.0  1.27126592
208.5  1.27372280
209.0  1.27246321
209.5  1.26135975
210.0  1.24509263
210.5  1.22610322
211.0  1.21133880
211.5  1.20512897
212.0  1.21057084
212.5  1.22897918
213.0  1.25852355
213.5  1.29408326
214.0  1.32815972
214.5  1.35528970
215.0  1.37346429
215.5  1.38489668
216.0  1.39326994
216.5  1.40148647
217.0  1.41147764
217.5  1.42633969
218.0  1.44173407
218.5  1.45418998
219.0  1.45858435
219.5  1.45279544
220.0  1.43695124
220.5  1.41161697
221.0  1.37939484
221.5  1.34586955
222.0  1.31590536
222.5  1.29284446
223.0  1.27956766
223.5  1.27289084
224.0  1.26862549
224.5  1.26128059
225.0  1.24819666
225.5  1.23087967
226.0  1.21287861
226.5  1.19686189
227.0  1.18856084
227.5  1.19121460
228.0  1.20373115
228.5  1.22281977
229.0  1.24230167
229.5  1.26173955
230.0  1.27243431
230.5  1.27499957
231.0  1.27033092
231.5  1.26452411
232.0  1.26206616
232.5  1.26518464
233.0  1.27552735
233.5  1.29316526
234.0  1.31544952
234.5  1.33628424
235.0  1.35120187
235.5  1.35568595
236.0  1.35090070
236.5  1.34038057
237.0  1.32953192
237.5  1.32298123
238.0  1.32495515
238.5  1.33296410
239.0  1.34463850
239.5  1.35531560
240.0  1.36163135
240.5  1.35994953
241.0  1.34884937
241.5  1.33044598
242.0  1.30857459
242.5  1.28967728
243.0  1.27627306
243.5  1.26898262
244.0  1.26877189
244.5  1.27406957
245.0  1.27799021
245.5  1.27635047
246.0  1.26750295
246.5  1.25521734
247.0  1.24209823
247.5  1.23354693
248.0  1.23275223
248.5  1.24227347
249.0  1.26312505
249.5  1.28909919
250.0  1.31552550
250.5  1.33782527
251.0  1.35418943
251.5  1.36539294
252.0  1.37046432
252.5  1.37233469
253.0  1.37664819
253.5  1.38486015
254.0  1.39793727
254.5  1.41348338
255.0  1.42760304
255.5  1.43320605
256.0  1.42679590
256.5  1.40753171
257.0  1.37850885
257.5  1.34503677
258.0  1.31326870
258.5  1.28856494
259.0  1.27243205
259.5  1.26444081
260.0  1.25949675
260.5  1.25367654
261.0  1.24554664
261.5  1.23146222
262.0  1.21143705
262.5  1.18916833
263.0  1.17071825
263.5  1.16134562
264.0  1.16364875
264.5  1.17750093
265.0  1.20087104
265.5  1.22983117
266.0  1.25783340
266.5  1.27924332
267.0  1.29306871
267.5  1.29918663
268.0  1.30310586
268.5  1.31002515
269.0  1.32530456
269.5  1.34697772
270.0  1.37338154
270.5  1.39915917
271.0  1.41974482
271.5  1.43086418
272.0  1.42968512
272.5  1.41731220
273.0  1.39792044
273.5  1.37621885
274.0  1.35610958
274.5  1.34315469
275.0  1.34070894
275.5  1.34593877
276.0  1.35241688
276.5  1.35658045
277.0  1.35453840
277.5  1.34358182
278.0  1.32501651
278.5  1.30637099
279.0  1.29157082
279.5  1.28363034
280.0  1.28390117
280.5  1.29076804
281.0  1.29864900
281.5  1.30330375
282.0  1.29985475
282.5  1.28661539
283.0  1.26518078
283.5  1.23888328
284.0  1.21123919
284.5  1.18945210
285.0  1.17750860
285.5  1.17787757
286.0  1.18726285
286.5  1.20256472
287.0  1.21749704
287.5  1.23170394
288.0  1.24122059
288.5  1.24775805
289.0  1.25813065
289.5  1.27214240
290.0  1.29708863
290.5  1.32338101
291.0  1.36123677
291.5  1.39385153
292.0  1.42510305
292.5  1.44166833
293.0  1.45081082
293.5  1.44881566
294.0  1.43758415
294.5  1.42540396
295.0  1.40981687
295.5  1.40278211
296.0  1.39582475
296.5  1.39415152
297.0  1.39001277
297.5  1.38264328
298.0  1.36710110
298.5  1.34511470
299.0  1.31886529
299.5  1.29536461
300.0  1.27557486
300.5  1.26695030
301.0  1.26293699
301.5  1.27058643
302.0  1.27448456
302.5  1.28099128
303.0  1.28024708
303.5  1.27584837
304.0  1.26753215
304.5  1.25564075
305.0  1.25281824
305.5  1.25055973
306.0  1.26282889
306.5  1.27547788
307.0  1.30208455
307.5  1.32144812
308.0  1.34400517
308.5  1.35293909
309.0  1.35832643
309.5  1.35659113
310.0  1.35634462
310.5  1.35787852
311.0  1.36321837
311.5  1.37302020
312.0  1.38417060
312.5  1.39133596
313.0  1.39152585
313.5  1.37992615
314.0  1.36333384
314.5  1.33530917
315.0  1.30890477
315.5  1.27832329
316.0  1.25883919
316.5  1.24367083
317.0  1.23659862
317.5  1.23457726
318.0  1.23053905
318.5  1.22999808
319.0  1.21785545
319.5  1.21151256
320.0  1.19748060
320.5  1.19641132
321.0  1.19749844
321.5  1.21223660
322.0  1.23315512
322.5  1.26027687
323.0  1.28759027
323.5  1.30861294
324.0  1.32482059
324.5  1.33283875
325.0  1.33574319
325.5  1.33744741
326.0  1.33984763
326.5  1.34841336
327.0  1.36176505
327.5  1.38256212
328.0  1.40444170
328.5  1.42188853
329.0  1.43435919
329.5  1.43190305
330.0  1.42596363
330.5  1.40424487
331.0  1.38866972
331.5  1.36744452
332.0  1.35890161
332.5  1.34753915
333.0  1.34357331
333.5  1.33729291
334.0  1.32938885
334.5  1.31533151
335.0  1.29530779
335.5  1.27539889
336.0  1.25325951
336.5  1.23700504
337.0  1.22543560
337.5  1.22356707
338.0  1.22933457
338.5  1.23879799
339.0  1.25114034
339.5  1.25866492
340.0  1.26494749
340.5  1.26524298
341.0  1.26519974
341.5  1.26656385
342.0  1.26980231
342.5  1.28188231
343.0  1.29374052
343.5  1.31376196
344.0  1.32426674
344.5  1.33929259
345.0  1.33948552
345.5  1.33903380
346.0  1.33007495
346.5  1.32228577
347.0  1.31578883
347.5  1.31358544
348.0  1.31997658
348.5  1.32828757
349.0  1.34365264
349.5  1.35589347
350.0  1.36789179
350.5  1.37447428
351.0  1.37880314
351.5  1.37907618
352.0  1.37944122
352.5  1.38315016
353.0  1.39186475
353.5  1.39993039
354.0  1.41099852
354.5  1.41503876
355.0  1.41802583
355.5  1.40801999
356.0  1.39379520
356.5  1.37007673
357.0  1.34575542
357.5  1.31925325
358.0  1.29244078
358.5  1.26812032
359.0  1.24757181
359.5  1.22677588
360.0  1.20618688
360.5  1.18547204
361.0  1.16672278
361.5  1.15131005
362.0  1.14147850
362.5  1.14278017
363.0  1.15677318
363.5  1.18139835
364.0  1.21346711
364.5  1.25052152
365.0  1.28767422
365.5  1.32011873
366.0  1.34588073
366.5  1.36520629
367.0  1.37913621
367.5  1.38998638
368.0  1.39878661
368.5  1.40854416
369.0  1.41813175
369.5  1.42721669
370.0  1.43102814
370.5  1.42590147
371.0  1.40967686
371.5  1.38370098
372.0  1.34904170
372.5  1.31136634
373.0  1.27399235
373.5  1.24242360
374.0  1.22016122
374.5  1.20488876
375.0  1.19678773
375.5  1.19371954
376.0  1.19012072
376.5  1.18464817
377.0  1.17871619
377.5  1.17449954
378.0  1.17301473
378.5  1.17747472
379.0  1.19083712
379.5  1.21216405
380.0  1.24136060
380.5  1.27420613
381.0  1.30745792
381.5  1.33840539
382.0  1.36407772
382.5  1.38527918
383.0  1.40212189
383.5  1.41726313
384.0  1.43076521
384.5  1.44339982
385.0  1.45470200
385.5  1.46245827
386.0  1.46338372
386.5  1.45622108
387.0  1.43992623
387.5  1.41446575
388.0  1.38304191
388.5  1.34933553
389.0  1.31865320
389.5  1.29095589
390.0  1.26897921
390.5  1.25261444
391.0  1.24096431
391.5  1.23224714
392.0  1.22304914
392.5  1.21499730
393.0  1.20868502
393.5  1.20509119
394.0  1.20697961
394.5  1.21662462
395.0  1.23288567
395.5  1.25347533
396.0  1.27431287
396.5  1.29157652
397.0  1.30486669
397.5  1.31141461
398.0  1.30869083
398.5  1.30177592
399.0  1.29268820
399.5  1.28480465
400.0  1.27941906
400.5  1.27905659
401.0  1.28475680
401.5  1.29314001
402.0  1.30096995
402.5  1.30920815
403.0  1.31612389
403.5  1.32079973
404.0  1.32419101
404.5  1.32981172
405.0  1.33928748
405.5  1.35181069
406.0  1.36784434
406.5  1.38385857
407.0  1.39716624
407.5  1.40465105
408.0  1.40458767
408.5  1.39885506
409.0  1.38913179
409.5  1.37431094
410.0  1.35822410
410.5  1.34444819
411.0  1.33273969
411.5  1.32228923
412.0  1.31058818
412.5  1.29968212
413.0  1.28419331
413.5  1.26854722
414.0  1.25169423
414.5  1.23530374
415.0  1.22188649
415.5  1.21437731
416.0  1.21192707
416.5  1.21209349
417.0  1.21613565
417.5  1.22148674
418.0  1.22456055
418.5  1.22692345
419.0  1.22748554
419.5  1.22937021
420.0  1.23485408
420.5  1.24490121
421.0  1.26084964
421.5  1.28268783
422.0  1.30962749
422.5  1.33967104
423.0  1.36660158
423.5  1.38935882
424.0  1.40532970
424.5  1.41485988
425.0  1.41702259
425.5  1.41432697
426.0  1.40896339
426.5  1.40091273
427.0  1.39209408
427.5  1.38003543
428.0  1.36541053
428.5  1.34706682
429.0  1.32466895
429.5  1.29870748
430.0  1.27157666
430.5  1.24564662
431.0  1.22267435
431.5  1.20517429
432.0  1.19403625
432.5  1.18803346
433.0  1.18874888
433.5  1.19449098
434.0  1.20450278
434.5  1.21820630
435.0  1.23440948
435.5  1.25439058
436.0  1.27623477
436.5  1.30049217
437.0  1.32783794
437.5  1.35524418
438.0  1.38148951
438.5  1.40538153
439.0  1.42389587
439.5  1.43673796
440.0  1.44404833
440.5  1.44691885
441.0  1.44675918
441.5  1.44239588
442.0  1.43369430
442.5  1.42414546
443.0  1.41296213
443.5  1.39805800
444.0  1.37775776
444.5  1.35501255
445.0  1.33009717
445.5  1.30467677
446.0  1.27804168
446.5  1.25306718
447.0  1.23276873
447.5  1.21917463
448.0  1.21128161
448.5  1.20646658
449.0  1.20540294
449.5  1.20906966
450.0  1.21355535
450.5  1.21914809
451.0  1.22481117
451.5  1.23298762
452.0  1.24314678
452.5  1.25570444
453.0  1.26843172
453.5  1.28085303
454.0  1.29382970
454.5  1.30538799
455.0  1.31735756
455.5  1.32586769
456.0  1.33127644
456.5  1.33473050
457.0  1.33986504
457.5  1.34155361
458.0  1.33935063
458.5  1.33851700
459.0  1.33917302
459.5  1.33945539
460.0  1.33824276
460.5  1.33666539
461.0  1.33637262
461.5  1.33654909
462.0  1.33842518
462.5  1.34002535
463.0  1.34250586
463.5  1.34453426
464.0  1.34575296
464.5  1.34651205
465.0  1.34304937
465.5  1.34001328
466.0  1.33496155
466.5  1.33209810
467.0  1.32751761
467.5  1.32462997
468.0  1.32129175
468.5  1.31972666
469.0  1.31579956
469.5  1.31077764
470.0  1.30318638
470.5  1.29397274
471.0  1.28478329
471.5  1.27133150
472.0  1.26116666
472.5  1.25243215
473.0  1.24526799
473.5  1.24270903
474.0  1.24044017
474.5  1.24218052
475.0  1.24485122
475.5  1.25061751
476.0  1.25910939
476.5  1.26924219
477.0  1.28215066
477.5  1.29606938
478.0  1.31415097
478.5  1.33172526
479.0  1.35073701
479.5  1.36665790
480.0  1.38200178
480.5  1.39231065
481.0  1.39757967
481.5  1.39692523
482.0  1.39287140
482.5  1.38709450
483.0  1.37769515
483.5  1.36723077
484.0  1.35616628
484.5  1.34532457
485.0  1.33465309
485.5  1.32257663
486.0  1.31179313
486.5  1.30199010
487.0  1.29400000
487.5  1.28794069
488.0  1.28300353
488.5  1.28321108
489.0  1.28580513
489.5  1.29335767
490.0  1.29884335
490.5  1.30748149
491.0  1.31563580
491.5  1.32178240
492.0  1.32201504
492.5  1.31998788
493.0  1.31708319
493.5  1.31381721
494.0  1.31079823
494.5  1.30715963
495.0  1.30466392
495.5  1.30402445
496.0  1.30663883
496.5  1.31054294
497.0  1.31351987
497.5  1.31604692
498.0  1.31867048
498.5  1.32259790
499.0  1.32375801
499.5  1.32478075
500.0  1.32658108
500.5  1.33071387
501.0  1.33450052
501.5  1.33416567
502.0  1.33555015
502.5  1.33605077
503.0  1.33723399
503.5  1.33423233
504.0  1.33143408
504.5  1.32517215
505.0  1.31711428
505.5  1.30651419
506.0  1.29596230
506.5  1.28587392
507.0  1.27535271
507.5  1.26774564
508.0  1.25935651
508.5  1.25340487
509.0  1.24600712
509.5  1.23983940
510.0  1.23360757
510.5  1.22799555
511.0  1.22431566
511.5  1.22267358
512.0  1.22184459
512.5  1.22454555
513.0  1.23103501
513.5  1.24314322
514.0  1.26008526
514.5  1.28172879
515.0  1.30355103
515.5  1.32836094
516.0  1.35439533
516.5  1.37956003
517.0  1.40282369
517.5  1.42476787
518.0  1.44394972
518.5  1.45833764
519.0  1.46817793
519.5  1.47029954
520.0  1.46991714
520.5  1.46096116
521.0  1.44740169
521.5  1.42614990
522.0  1.40297330
522.5  1.37520029
523.0  1.34484468
523.5  1.31451256
524.0  1.28587907
524.5  1.25764436
525.0  1.23285559
525.5  1.21162036
526.0  1.19571441
526.5  1.18542986
527.0  1.18215981
527.5  1.18465817
528.0  1.19455269
528.5  1.20912802
529.0  1.22538930
529.5  1.24157880
530.0  1.25740168
530.5  1.27226236
531.0  1.28494900
531.5  1.29502686
532.0  1.30380554
532.5  1.31311852
533.0  1.32213624
533.5  1.32921156
534.0  1.33507576
534.5  1.34115888
535.0  1.34633658
535.5  1.34827162
536.0  1.34766103
536.5  1.34494422
537.0  1.34233117
537.5  1.34196596
538.0  1.34444052
538.5  1.34940482
539.0  1.35652362
539.5  1.36371839
540.0  1.36810719
540.5  1.36966860
541.0  1.36815692
541.5  1.36228608
542.0  1.35405016
542.5  1.34469103
543.0  1.33506462
543.5  1.32484920
544.0  1.31596663
544.5  1.30756839
545.0  1.30020970
545.5  1.29060355
546.0  1.27724110
546.5  1.26097591
547.0  1.24482152
547.5  1.22824357
548.0  1.21159627
548.5  1.20137810
549.0  1.19699116
549.5  1.20096521
550.0  1.20687586
550.5  1.21510828
551.0  1.22493957
551.5  1.23788733
552.0  1.24941158
552.5  1.26258166
553.0  1.27954492
553.5  1.29825046
554.0  1.32125930
554.5  1.34836798
555.0  1.37634259
555.5  1.40613523
556.0  1.43438361
556.5  1.45760516
557.0  1.47072898
557.5  1.47405766
558.0  1.46877131
558.5  1.45655569
559.0  1.43910215
559.5  1.41734897
560.0  1.39329784
560.5  1.36662035
561.0  1.33801113
561.5  1.30492647
562.0  1.27066617
562.5  1.23664792
563.0  1.20447033
563.5  1.17380195
564.0  1.14904781
564.5  1.13082767
565.0  1.11990510
565.5  1.11960667
566.0  1.12727179
566.5  1.14432216
567.0  1.16787587
567.5  1.19685808
568.0  1.22664885
568.5  1.25876878
569.0  1.29344578
569.5  1.33151668
570.0  1.37073197
570.5  1.40904680
571.0  1.44513011
571.5  1.47617113
572.0  1.50037341
572.5  1.51698797
573.0  1.52465126
573.5  1.52454603
574.0  1.51771296
574.5  1.50527781
575.0  1.48728203
575.5  1.46559754
576.0  1.43918200
576.5  1.41049663
577.0  1.38105483
577.5  1.34816598
578.0  1.31144653
578.5  1.27077973
579.0  1.23580071
579.5  1.20658502
580.0  1.18574047
580.5  1.17129091
581.0  1.16492153
581.5  1.16529395
582.0  1.17090694
582.5  1.17834822
583.0  1.18737194
583.5  1.19982775
584.0  1.21101797
584.5  1.22606626
585.0  1.24234414
585.5  1.26162615
586.0  1.28166239
586.5  1.30370645
587.0  1.32567985
587.5  1.34388032
588.0  1.35788457
588.5  1.36635372
589.0  1.36660398
589.5  1.36364301
590.0  1.36011054
590.5  1.35962054
591.0  1.35947619
591.5  1.36345012
592.0  1.36703317
592.5  1.37018268
593.0  1.36973595
593.5  1.36643709
594.0  1.36085140
594.5  1.35183828
595.0  1.34035944
595.5  1.32772102
596.0  1.31775528
596.5  1.31244624
597.0  1.30770964
597.5  1.30180675
598.0  1.29650753
598.5  1.29071171
599.0  1.28421684
599.5  1.27276225
600.0  1.26269628
600.5  1.25667319
601.0  1.25478158
601.5  1.25765614
602.0  1.26601030
602.5  1.27521512
603.0  1.28526480
603.5  1.29137186
604.0  1.29792188
604.5  1.30068290
605.0  1.30468961
605.5  1.30685913
606.0  1.31053505
606.5  1.31715561
607.0  1.32508688
607.5  1.33583501
608.0  1.34520327
608.5  1.35585981
609.0  1.36002669
609.5  1.36129552
610.0  1.35865397
610.5  1.35507603
611.0  1.35172294
611.5  1.35288141
612.0  1.35978346
612.5  1.36708519
613.0  1.37420548
613.5  1.37887923
614.0  1.37956697
614.5  1.37522548
615.0  1.36302982
615.5  1.34977805
616.0  1.33498431
616.5  1.31796120
617.0  1.30238520
617.5  1.29312221
618.0  1.28575772
618.5  1.27681434
619.0  1.27327253
619.5  1.26658619
620.0  1.26106919
620.5  1.25478761
621.0  1.25231199
621.5  1.25119931
622.0  1.25852130
622.5  1.27053354
623.0  1.28673496
623.5  1.30435985
624.0  1.32040790
624.5  1.33419474
625.0  1.34448176
625.5  1.35064121
626.0  1.35268095
626.5  1.35438297
627.0  1.35514371
627.5  1.35808353
628.0  1.36349317
628.5  1.36637305
629.0  1.37004138
629.5  1.37263136
630.0  1.37233486
630.5  1.36890386
631.0  1.36449213
631.5  1.36231893
632.0  1.36071607
632.5  1.36446494
633.0  1.36739214
633.5  1.37256100
634.0  1.37379520
634.5  1.36979096
635.0  1.35739375
635.5  1.34035286
636.0  1.32027294
636.5  1.29774423
637.0  1.27634765
637.5  1.25693062
638.0  1.24357497
638.5  1.23433557
639.0  1.22929752
639.5  1.22539222
640.0  1.22104591
640.5  1.21753870
641.0  1.21355187
641.5  1.21076350
642.0  1.21305491
642.5  1.21910991
643.0  1.23481956
643.5  1.25471871
644.0  1.27848533
644.5  1.30005454
645.0  1.31931645
645.5  1.32924037
646.0  1.33584972
646.5  1.33813927
647.0  1.33818073
647.5  1.33732610
648.0  1.33657311
648.5  1.34194437
649.0  1.34749218
649.5  1.35576445
650.0  1.36195385
650.5  1.36672742
651.0  1.36398188
651.5  1.36007789
652.0  1.35126206
652.5  1.34377084
653.0  1.34098146
653.5  1.34286263
654.0  1.35056050
654.5  1.35923813
655.0  1.36776237
655.5  1.37219213
656.0  1.36957331
656.5  1.36223672
657.0  1.34960497
657.5  1.33800429
658.0  1.32559231
658.5  1.31805223
659.0  1.31312304
659.5  1.31664161
660.0  1.32028193
660.5  1.32212860
661.0  1.32230593
661.5  1.31249606
662.0  1.30064529
662.5  1.28443374
663.0  1.27272379
663.5  1.26180721
664.0  1.26168227
664.5  1.26750316
665.0  1.28014655
665.5  1.29508166
666.0  1.30891073
666.5  1.32123912
667.0  1.32723682
667.5  1.33168577
668.0  1.33624639
668.5  1.34246828
669.0  1.34871587
669.5  1.35930434
670.0  1.37571488
670.5  1.39185288
671.0  1.40456495
671.5  1.41469434
672.0  1.41541249
672.5  1.41087997
673.0  1.39546393
673.5  1.38051123
674.0  1.36251674
674.5  1.35188539
675.0  1.33874229
675.5  1.33106150
676.0  1.32156456
676.5  1.31172772
677.0  1.29687144
677.5  1.27917741
678.0  1.26295603
678.5  1.24505020
679.0  1.23092754
679.5  1.22402875
680.0  1.22375588
680.5  1.22899992
681.0  1.23798937
681.5  1.24779791
682.0  1.25779967
682.5  1.26556924
683.0  1.27147983
683.5  1.27764554
684.0  1.28852834
684.5  1.30541296
685.0  1.32868935
685.5  1.35791200
686.0  1.38847700
686.5  1.41546487
687.0  1.43514833
687.5  1.44687509
688.0  1.45089065
688.5  1.44709857
689.0  1.43737836
689.5  1.42690031
690.0  1.41810058
690.5  1.40883206
691.0  1.40116623
691.5  1.39124503
692.0  1.37743515
692.5  1.35512782
693.0  1.32534177
693.5  1.28777685
694.0  1.24655893
694.5  1.20849249
695.0  1.17927065
695.5  1.16079042
696.0  1.15368464
696.5  1.15522031
697.0  1.16220432
697.5  1.17144600
698.0  1.18087585
698.5  1.18982824
699.0  1.19459255
699.5  1.20555249
700.0  1.21783836
700.5  1.23858393
701.0  1.26348101
701.5  1.29322285
702.0  1.32623446
702.5  1.35467046
703.0  1.38129949
703.5  1.39756881
704.0  1.41098109
704.5  1.41668922
705.0  1.42667796
705.5  1.43516339
706.0  1.45121778
706.5  1.47047306
707.0  1.48971074
707.5  1.50385267
708.0  1.50954262
708.5  1.50220787
709.0  1.48714162
709.5  1.46108300
710.0  1.43239924
710.5  1.39948851
711.0  1.37335243
711.5  1.34834386
712.0  1.33036920
712.5  1.31323144
713.0  1.29518604
713.5  1.27463032
714.0  1.24803276
714.5  1.22312247
715.0  1.19502509
715.5  1.17662864
716.0  1.16528436
716.5  1.16981018
717.0  1.18459942
717.5  1.20749531
718.0  1.23242659
718.5  1.25648608
719.0  1.27913401
719.5  1.29508013
720.0  1.30701778
720.5  1.31679558
721.0  1.32889435
721.5  1.34221909
722.0  1.35634648
722.5  1.37519771
723.0  1.39286774
723.5  1.40562490
724.0  1.41009348
724.5  1.40666084
725.0  1.39623663
725.5  1.37951039
726.0  1.36635007
726.5  1.35464301
727.0  1.35034870
727.5  1.34842023
728.0  1.35219993
728.5  1.34869946
729.0  1.34215032
729.5  1.32795565
730.0  1.30868908
730.5  1.28546856
731.0  1.26508353
731.5  1.25014828
732.0  1.23947005
732.5  1.23730091
733.0  1.24144690
733.5  1.24918118
734.0  1.25713304
734.5  1.26165862
735.0  1.25719834
735.5  1.25229304
736.0  1.25026270
736.5  1.25219663
737.0  1.26222014
737.5  1.28199199
738.0  1.30697760
738.5  1.33430702
739.0  1.35626889
739.5  1.37368039
740.0  1.38013603
740.5  1.37933869
741.0  1.37130957
741.5  1.36370696
742.0  1.35920703
742.5  1.35903819
743.0  1.36602473
743.5  1.37482003
744.0  1.38502274
744.5  1.39052388
745.0  1.38987227
745.5  1.37991919
746.0  1.36437918
746.5  1.34611424
747.0  1.33016062
747.5  1.32060876
748.0  1.31698428
748.5  1.31690675
749.0  1.31913217
749.5  1.31811518
750.0  1.31205549
750.5  1.29656709
751.0  1.27738973
751.5  1.25283479
752.0  1.23094057
752.5  1.21333645
753.0  1.20432782
753.5  1.20504024
754.0  1.21246409
754.5  1.22596136
755.0  1.23916735
755.5  1.25067968
756.0  1.25781961
756.5  1.26547141
757.0  1.27195521
757.5  1.28600043
758.0  1.30692140
758.5  1.33581747
759.0  1.36771586
759.5  1.40070640
760.0  1.42998625
760.5  1.44974541
761.0  1.45972420
761.5  1.46106571
762.0  1.45615762
762.5  1.44843089
763.0  1.44160678
763.5  1.43827093
764.0  1.43751469
764.5  1.43608668
765.0  1.43191191
765.5  1.42163350
766.0  1.40324905
766.5  1.37432611
767.0  1.34131675
767.5  1.30722564
768.0  1.27783682
768.5  1.25600931
769.0  1.24419749
769.5  1.23984891
770.0  1.23939473
770.5  1.23985890
771.0  1.23830388
771.5  1.23400943
772.0  1.22606902
772.5  1.21877846
773.0  1.21468055
773.5  1.21731452
774.0  1.22767470
774.5  1.24531277
775.0  1.26772158
775.5  1.29133393
776.0  1.30966026
776.5  1.32247620
777.0  1.33007939
777.5  1.32948386
778.0  1.32754939
778.5  1.32843292
779.0  1.33435592
779.5  1.34320787
780.0  1.35391251
780.5  1.36254719
781.0  1.36627287
781.5  1.36459143
782.0  1.35510507
782.5  1.34146262
783.0  1.32554603
783.5  1.31272462
784.0  1.30569005
784.5  1.30348805
785.0  1.30824797
785.5  1.31434470
786.0  1.31901319
786.5  1.31865517
787.0  1.31354852
787.5  1.30204247
788.0  1.28763473
788.5  1.27973450
789.0  1.27842765
789.5  1.28732770
790.0  1.30392024
790.5  1.32534318
791.0  1.34582938
791.5  1.36365449
792.0  1.37274005
792.5  1.37384301
793.0  1.36782135
793.5  1.35790291
794.0  1.34888990
794.5  1.34343889
795.0  1.34361683
795.5  1.34785995
796.0  1.35479272
796.5  1.35740510
797.0  1.35371729
797.5  1.34270819
798.0  1.32637463
798.5  1.30368084
799.0  1.28430998
799.5  1.27466837
800.0  1.27537574
800.5  1.28294771
801.0  1.29988710
801.5  1.32109342
802.0  1.33833581
802.5  1.34754869
803.0  1.35138731
803.5  1.35046556
804.0  1.34475856
804.5  1.34046962
805.0  1.33977141
805.5  1.34522515
806.0  1.35376194
806.5  1.36251119
807.0  1.36561802
807.5  1.36149385
808.0  1.34678073
808.5  1.32456320
809.0  1.29774559
809.5  1.27326739
810.0  1.25434729
810.5  1.24615841
811.0  1.24850099
811.5  1.25555429
812.0  1.26463788
812.5  1.27448317
813.0  1.27852965
813.5  1.27832980
814.0  1.27362547
814.5  1.26941167
815.0  1.26906992
815.5  1.27677155
816.0  1.29051055
816.5  1.31265747
817.0  1.33945479
817.5  1.36669600
818.0  1.38979674
818.5  1.40351685
819.0  1.41404192
819.5  1.41850204
820.0  1.42411414
820.5  1.42996791
821.0  1.43926372
821.5  1.45087526
822.0  1.46165625
822.5  1.46775298
823.0  1.46262104
823.5  1.44550394
824.0  1.41953393
824.5  1.38314615
825.0  1.34255964
825.5  1.30144612
826.0  1.26550227
826.5  1.23474825
827.0  1.20948692
827.5  1.18988038
828.0  1.17178430
828.5  1.15272583
829.0  1.13291285
829.5  1.11780158
830.0  1.10718853
830.5  1.10934718
831.0  1.12353542
831.5  1.15151678
832.0  1.18818902
832.5  1.23187451
833.0  1.27442764
833.5  1.30956198
834.0  1.33757225
834.5  1.36017367
835.0  1.37434002
835.5  1.38311846
836.0  1.39433413
836.5  1.40725010
837.0  1.42075525
837.5  1.43410029
838.0  1.44469968
838.5  1.44772080
839.0  1.43925633
839.5  1.42058736
840.0  1.39665395
840.5  1.37085429
841.0  1.34944890
841.5  1.33587783
842.0  1.33213651
842.5  1.33446989
843.0  1.34007826
843.5  1.34268979
844.0  1.34376621
844.5  1.33699228
845.0  1.32479275
845.5  1.30866091
846.0  1.29411860
846.5  1.28554422
847.0  1.28226740
847.5  1.28983770
848.0  1.30152408
848.5  1.31547680
849.0  1.32519438
849.5  1.33064050
850.0  1.32871815
850.5  1.32015648
851.0  1.30979924
851.5  1.30376450
852.0  1.30326907
852.5  1.30903160
853.0  1.31890409
853.5  1.33124451
854.0  1.34022780
854.5  1.34607330
855.0  1.34427987
855.5  1.33698005
856.0  1.32767117
856.5  1.31898568
857.0  1.31451358
857.5  1.31404974
858.0  1.32283044
858.5  1.33339437
859.0  1.34580748
859.5  1.35193873
860.0  1.35268291
860.5  1.34478828
861.0  1.33506871
861.5  1.32243640
862.0  1.31100832
862.5  1.30585555
863.0  1.30508005
863.5  1.30655286
864.0  1.30667469
864.5  1.30135044
865.0  1.29075501
865.5  1.27510381
866.0  1.25592905
866.5  1.23641716
867.0  1.22199755
867.5  1.21564213
868.0  1.21985938
868.5  1.23170910
869.0  1.25168970
869.5  1.27689845
870.0  1.29823152
870.5  1.31373754
871.0  1.32164167
871.5  1.32985698
872.0  1.33777839
872.5  1.35024238
873.0  1.36795928
873.5  1.39241525
874.0  1.42024170
874.5  1.44364200
875.0  1.46013631
875.5  1.46641541
876.0  1.46276467
876.5  1.44908905
877.0  1.42787749
877.5  1.40374205
878.0  1.38092870
878.5  1.36299997
879.0  1.35022900
879.5  1.33798187
880.0  1.32702757
880.5  1.31028289
881.0  1.28746211
881.5  1.25688511
882.0  1.22732803
882.5  1.19998508
883.0  1.18125277
883.5  1.17300027
884.0  1.17739767
884.5  1.18814781
885.0  1.20167675
885.5  1.21571553
886.0  1.22681166
886.5  1.23252394
887.0  1.23525198
887.5  1.23916659
888.0  1.24554223
888.5  1.25788990
889.0  1.27659822
889.5  1.30298096
890.0  1.33404201
890.5  1.36357389
891.0  1.38533354
891.5  1.39727101
892.0  1.40145849
892.5  1.39914174
893.0  1.39460959
893.5  1.39553749
894.0  1.40124304
894.5  1.41537268
895.0  1.43113408
895.5  1.44677451
896.0  1.45657271
896.5  1.45793939
897.0  1.45074623
897.5  1.43620782
898.0  1.41530409
898.5  1.39194459
899.0  1.37127298
899.5  1.35475296
900.0  1.34481375
900.5  1.33779125
901.0  1.32967713
901.5  1.31834125
902.0  1.29736457
902.5  1.27116784
903.0  1.24424521
903.5  1.21964909
904.0  1.20350840
904.5  1.19850097
905.0  1.20376192
905.5  1.21788797
906.0  1.23651672
906.5  1.25636558
907.0  1.27275904
907.5  1.28359783
908.0  1.29174517
908.5  1.29999881
909.0  1.30745268
909.5  1.31860293
910.0  1.33390203
910.5  1.35306145
911.0  1.36975281
911.5  1.38453996
912.0  1.38919386
912.5  1.38275279
913.0  1.36477250
913.5  1.34190686
914.0  1.32010579
914.5  1.30384102
915.0  1.29375269
915.5  1.29298652
916.0  1.29881610
916.5  1.30640716
917.0  1.31101570
917.5  1.30959466
918.0  1.30213316
918.5  1.29011459
919.0  1.27755972
919.5  1.26637900
920.0  1.26335225
920.5  1.26946993
921.0  1.28318231
921.5  1.29980983
922.0  1.31732991
922.5  1.33077399
923.0  1.33576413
923.5  1.33221547
924.0  1.32582260
924.5  1.31920269
925.0  1.31510633
925.5  1.31943723
926.0  1.33227308
926.5  1.34994108
927.0  1.36601973
927.5  1.37827469
928.0  1.38526745
928.5  1.38440672
929.0  1.37666376
929.5  1.36463786
930.0  1.35280439
930.5  1.34515943
931.0  1.34216614
931.5  1.34546136
932.0  1.35342889
932.5  1.36202728
933.0  1.36732453
933.5  1.36720888
934.0  1.36268738
934.5  1.35424122
935.0  1.34707259
935.5  1.34275997
936.0  1.34242264
936.5  1.34492378
937.0  1.34877999
937.5  1.35024597
938.0  1.34229346
938.5  1.32910233
939.0  1.30819312
939.5  1.28417238
940.0  1.25697119
940.5  1.23425317
941.0  1.21788522
941.5  1.20981181
942.0  1.20661892
942.5  1.20904508
943.0  1.21447175
943.5  1.21645209
944.0  1.21791327
944.5  1.21929745
945.0  1.22706022
945.5  1.24187135
946.0  1.26418421
946.5  1.29527209
947.0  1.33231223
947.5  1.37221087
948.0  1.40866801
948.5  1.43658176
949.0  1.45586881
949.5  1.46508068
950.0  1.46898015
950.5  1.46779826
951.0  1.46673849
951.5  1.46535490
952.0  1.46635505
952.5  1.46726659
953.0  1.46309025
953.5  1.45157947
954.0  1.42961529
954.5  1.40252429
955.0  1.36657867
955.5  1.33212957
956.0  1.29923209
956.5  1.27597505
957.0  1.25896957
957.5  1.24898455
958.0  1.24206032
958.5  1.23323333
959.0  1.22214210
959.5  1.20948663
960.0  1.19313843
960.5  1.17967240
961.0  1.17077665
961.5  1.17415735
962.0  1.18685913
962.5  1.21470278
963.0  1.24630927
963.5  1.27866522
964.0  1.30334444
964.5  1.32225653
965.0  1.32884734
965.5  1.33036903
966.0  1.33108400
966.5  1.33296875
967.0  1.34132205
967.5  1.35576811
968.0  1.37713734
968.5  1.39440397
969.0  1.40962098
969.5  1.41507714
970.0  1.41245353
970.5  1.39998565
971.0  1.38137157
971.5  1.36501557
972.0  1.35045572
972.5  1.34063456
973.0  1.34320217
973.5  1.34682025
974.0  1.35274611
974.5  1.35119852
975.0  1.34493394
975.5  1.32915508
976.0  1.30950398
976.5  1.28802383
977.0  1.27026424
977.5  1.26379879
978.0  1.26218017
978.5  1.27102947
979.0  1.27955255
979.5  1.29436636
980.0  1.30302184
980.5  1.31077773
981.0  1.31288413
981.5  1.31670962
982.0  1.32106579
982.5  1.33056429
983.0  1.34833950
983.5  1.37077083
984.0  1.39528219
984.5  1.41460868
985.0  1.42654359
985.5  1.42839461
986.0  1.41772557
986.5  1.40197843
987.0  1.38284666
987.5  1.36799745
988.0  1.35654203
988.5  1.35114856
989.0  1.34974332
989.5  1.34586041
990.0  1.34227745
990.5  1.32758201
991.0  1.31363442
991.5  1.28992276
992.0  1.27357576
992.5  1.25926537
993.0  1.25596283
993.5  1.25811421
994.0  1.27434093
994.5  1.29299543
995.0  1.30821034
995.5  1.31718954
996.0  1.31481856
996.5  1.30513508
997.0  1.29101608
997.5  1.27882308
998.0  1.27316974
998.5  1.27369613
999.0  1.28580806
999.5  1.30171172
1000.0  1.31750874
