0.0  1.25094220
0.5  1.26393928
1.0  1.28039123
1.5  1.29938711
2.0  1.31793378
2.5  1.33344232
3.0  1.34390098
3.5  1.34971756
4.0  1.35259600
4.5  1.35363304
5.0  1.35232964
5.5  1.34597147
6.0  1.33312501
6.5  1.31381439
7.0  1.29207302
7.5  1.27251701
8.0  1.25899869
8.5  1.25074674
9.0  1.24628547
9.5  1.24283788
10.0  1.23970478
10.5  1.23848167
11.0  1.24118844
11.5  1.24833873
12.0  1.25838419
12.5  1.26825179
13.0  1.27575968
13.5  1.28019480
14.0  1.28402509
14.5  1.28949319
15.0  1.29887962
15.5  1.31088256
16.0  1.32236489
16.5  1.32931698
17.0  1.33075664
17.5  1.32907111
18.0  1.32876662
18.5  1.33365261
19.0  1.34257039
19.5  1.35370129
20.0  1.36385366
20.5  1.37165123
21.0  1.37682260
21.5  1.37988254
22.0  1.37956129
22.5  1.37420156
23.0  1.36194167
23.5  1.34183807
24.0  1.31533440
24.5  1.28682812
25.0  1.26130896
25.5  1.24241064
26.0  1.23026390
26.5  1.22235031
27.0  1.21415066
27.5  1.20455790
28.0  1.19488421
28.5  1.18998032
29.0  1.19165142
29.5  1.20154209
30.0  1.21821898
30.5  1.23914132
31.0  1.26276175
31.5  1.28792987
32.0  1.31265670
32.5  1.33404243
33.0  1.34852881
33.5  1.35325326
34.0  1.34736743
34.5  1.33372508
35.0  1.31754663
35.5  1.30415843
36.0  1.29668444
36.5  1.29506333
37.0  1.29490530
37.5  1.29090394
38.0  1.27979243
38.5  1.26303431
39.0  1.24585301
39.5  1.23242154
40.0  1.22645004
40.5  1.22708100
41.0  1.23416426
41.5  1.24660853
42.0  1.26306189
42.5  1.28117374
43.0  1.29754691
43.5  1.30850692
44.0  1.31197055
44.5  1.30669220
45.0  1.29707368
45.5  1.28954832
46.0  1.28812909
46.5  1.29640149
47.0  1.31273312
47.5  1.32988584
48.0  1.34095675
48.5  1.34121101
49.0  1.33064395
49.5  1.31371588
50.0  1.29606686
50.5  1.28205486
51.0  1.27210361
51.5  1.26590037
52.0  1.26312912
52.5  1.26420193
53.0  1.26648047
53.5  1.26820712
54.0  1.26487316
54.5  1.25607077
55.0  1.24253171
55.5  1.22870862
56.0  1.21995538
56.5  1.22117041
57.0  1.23599744
57.5  1.26180182
58.0  1.29103873
58.5  1.31543888
59.0  1.33022692
59.5  1.33565953
60.0  1.33545691
60.5  1.33392536
61.0  1.33374816
61.5  1.33583907
62.0  1.34077400
62.5  1.34868355
63.0  1.35752944
63.5  1.36530513
64.0  1.36937125
64.5  1.36535814
65.0  1.35149272
65.5  1.32926134
66.0  1.30269179
66.5  1.27852190
67.0  1.26435319
67.5  1.26291443
68.0  1.27366584
68.5  1.28946313
69.0  1.30152308
69.5  1.30390737
70.0  1.29629683
70.5  1.28282949
71.0  1.26902312
71.5  1.25922659
72.0  1.25626651
72.5  1.26096873
73.0  1.27275811
73.5  1.28948744
74.0  1.30786080
74.5  1.32366031
75.0  1.33226330
75.5  1.33156032
76.0  1.32115654
76.5  1.30612411
77.0  1.29319259
77.5  1.28800142
78.0  1.29343787
78.5  1.30794645
79.0  1.32310999
79.5  1.33097057
80.0  1.32622881
80.5  1.30913359
81.0  1.28484900
81.5  1.25983063
82.0  1.23908681
82.5  1.22505413
83.0  1.21810609
83.5  1.21799959
84.0  1.22339791
84.5  1.23125650
85.0  1.23765834
85.5  1.23899735
86.0  1.23340828
86.5  1.22263203
87.0  1.21117160
87.5  1.20575271
88.0  1.21161249
88.5  1.23100467
89.0  1.25974259
89.5  1.28895857
90.0  1.30909019
90.5  1.31647076
91.0  1.31317187
91.5  1.30497159
92.0  1.29922674
92.5  1.30076064
93.0  1.31124198
93.5  1.32779142
94.0  1.34756930
94.5  1.36788493
95.0  1.38365424
95.5  1.38997656
96.0  1.38481400
96.5  1.36771212
97.0  1.34060161
97.5  1.30991269
98.0  1.28416410
98.5  1.26892837
99.0  1.26660273
99.5  1.27292161
100.0  1.27896999
100.5  1.27491152
101.0  1.25705481
101.5  1.22855959
102.0  1.19810226
102.5  1.17587589
103.0  1.16837585
103.5  1.17841485
104.0  1.20375877
104.5  1.24024105
105.0  1.28161466
105.5  1.32109315
106.0  1.35225474
106.5  1.37125901
107.0  1.37700586
107.5  1.37223593
108.0  1.36285165
108.5  1.35663684
109.0  1.35940807
109.5  1.37196091
110.0  1.38905866
110.5  1.39920707
111.0  1.39219006
111.5  1.36478038
112.0  1.32084537
112.5  1.27128838
113.0  1.22646999
113.5  1.19566753
114.0  1.18089702
114.5  1.18224157
115.0  1.19633983
115.5  1.21678429
116.0  1.23757679
116.5  1.25299745
117.0  1.26058300
117.5  1.25834404
118.0  1.25050138
118.5  1.24429569
119.0  1.24789871
119.5  1.26736238
120.0  1.30208576
120.5  1.34548465
121.0  1.38621565
121.5  1.41171678
122.0  1.41607650
122.5  1.40320338
123.0  1.38173454
123.5  1.36029425
124.0  1.34683061
124.5  1.34336298
125.0  1.34825483
125.5  1.35618097
126.0  1.36291879
126.5  1.36224266
127.0  1.34910765
127.5  1.32136772
128.0  1.28090170
128.5  1.23233448
129.0  1.18499076
129.5  1.14990072
130.0  1.13378883
130.5  1.13916775
131.0  1.15849184
131.5  1.18032692
132.0  1.19336843
132.5  1.19293756
133.0  1.18156187
133.5  1.17064200
134.0  1.17100378
134.5  1.18765638
135.0  1.22095259
135.5  1.26657985
136.0  1.31656805
136.5  1.36221951
137.0  1.39516586
137.5  1.41032366
138.0  1.40531499
138.5  1.38354182
139.0  1.35086168
139.5  1.31743159
140.0  1.29432156
140.5  1.28819921
141.0  1.29784493
141.5  1.31579463
142.0  1.32905334
142.5  1.32539892
143.0  1.30084870
143.5  1.26302788
144.0  1.22596925
144.5  1.20152601
145.0  1.19865279
145.5  1.21916710
146.0  1.25718328
146.5  1.30326458
147.0  1.34847099
147.5  1.38436162
148.0  1.40301603
148.5  1.40419006
149.0  1.39090438
149.5  1.37012501
150.0  1.35196414
150.5  1.34812149
151.0  1.36335388
151.5  1.39515532
152.0  1.43256149
152.5  1.46028888
153.0  1.46424323
153.5  1.44007267
154.0  1.39527857
154.5  1.34430790
155.0  1.30148908
155.5  1.27570385
156.0  1.27019905
156.5  1.28059564
157.0  1.29861906
157.5  1.31541261
158.0  1.32267934
158.5  1.31567682
159.0  1.29295920
159.5  1.25809056
160.0  1.22076161
160.5  1.19097767
161.0  1.17928269
161.5  1.19234629
162.0  1.22831263
162.5  1.27506589
163.0  1.31703067
163.5  1.34073871
164.0  1.34058045
164.5  1.32203924
165.0  1.29889578
165.5  1.28391621
166.0  1.28462720
166.5  1.30091994
167.0  1.32851880
167.5  1.35818355
168.0  1.38014771
168.5  1.38773171
169.0  1.37730331
169.5  1.34762601
170.0  1.30443902
170.5  1.25886533
171.0  1.22215869
171.5  1.20578527
172.0  1.21617261
172.5  1.25079869
173.0  1.29652640
173.5  1.33724249
174.0  1.35791495
174.5  1.35364779
175.0  1.33195505
175.5  1.30765683
176.0  1.29352825
176.5  1.29785030
177.0  1.32098727
177.5  1.35642113
178.0  1.39337382
178.5  1.42217202
179.0  1.43408265
179.5  1.42428126
180.0  1.39375802
180.5  1.34865626
181.0  1.29862147
181.5  1.25596594
182.0  1.23240322
182.5  1.23393420
183.0  1.25663034
183.5  1.28730218
184.0  1.30820472
184.5  1.30579639
185.0  1.27715456
185.5  1.23102242
186.0  1.18417002
186.5  1.15258403
187.0  1.14597389
187.5  1.16637440
188.0  1.20617522
188.5  1.25525635
189.0  1.30316360
189.5  1.34024665
190.0  1.36068597
190.5  1.36253969
191.0  1.35177488
191.5  1.33721069
192.0  1.33021497
192.5  1.34083443
193.0  1.37307735
193.5  1.42154922
194.0  1.47194837
194.5  1.50546054
195.0  1.50785042
195.5  1.47608441
196.0  1.42010528
196.5  1.35662392
197.0  1.30337996
197.5  1.27044661
198.0  1.26083869
198.5  1.27097550
199.0  1.29041047
199.5  1.30912947
200.0  1.31798396
200.5  1.31163353
201.0  1.28834109
201.5  1.25435808
202.0  1.22012737
202.5  1.19677852
203.0  1.19487762
203.5  1.22052059
204.0  1.26926332
204.5  1.32553191
205.0  1.37210238
205.5  1.39587672
206.0  1.39278163
206.5  1.37172568
207.0  1.34815226
207.5  1.33513697
208.0  1.34153137
208.5  1.36546534
209.0  1.39980427
209.5  1.43511032
210.0  1.46093540
210.5  1.46775935
211.0  1.45181801
211.5  1.41303217
212.0  1.35787544
212.5  1.29750785
213.0  1.24345108
213.5  1.20753857
214.0  1.20269099
214.5  1.20758503
215.0  1.22693771
215.5  1.23266292
216.0  1.22758109
216.5  1.19859861
217.0  1.16659148
217.5  1.14030339
218.0  1.13634945
218.5  1.15991809
219.0  1.20675662
219.5  1.26733490
220.0  1.33424196
220.5  1.38975880
221.0  1.42967344
221.5  1.44434747
222.0  1.44479832
222.5  1.42127608
223.0  1.39809881
223.5  1.38063611
224.0  1.38342118
224.5  1.40145685
225.0  1.43535461
225.5  1.47074609
226.0  1.48192093
226.5  1.46612365
227.0  1.41821697
227.5  1.35741179
228.0  1.29190144
228.5  1.24798870
229.0  1.22596900
229.5  1.22910013
230.0  1.24769506
230.5  1.27261261
231.0  1.29273445
231.5  1.29963584
232.0  1.28891451
232.5  1.26386750
233.0  1.22898496
233.5  1.19988373
234.0  1.18142319
234.5  1.19388314
235.0  1.22799022
235.5  1.28810672
236.0  1.34657658
236.5  1.39414533
237.0  1.40965105
237.5  1.39886814
238.0  1.37091916
238.5  1.34109096
239.0  1.32896956
239.5  1.33537127
240.0  1.36307573
240.5  1.39805628
241.0  1.43441713
241.5  1.45653920
242.0  1.45820991
242.5  1.43687444
243.0  1.39454321
243.5  1.34148434
244.0  1.28977545
244.5  1.25162931
245.0  1.24098471
245.5  1.25457514
246.0  1.29261100
246.5  1.32732303
247.0  1.35443706
247.5  1.34911714
248.0  1.32765083
248.5  1.29052005
249.0  1.26664081
249.5  1.26001529
250.0  1.27947711
250.5  1.31957362
251.0  1.36776474
251.5  1.41440365
252.0  1.44351376
252.5  1.45305517
253.0  1.43572102
253.5  1.39960631
254.0  1.35164128
254.5  1.30501414
255.0  1.27465126
255.5  1.26639784
256.0  1.28639068
256.5  1.32091498
257.0  1.35523727
257.5  1.37132417
258.0  1.35789903
258.5  1.32461421
259.0  1.27450037
259.5  1.24030499
260.0  1.21893674
260.5  1.23220115
261.0  1.25651345
261.5  1.29845595
262.0  1.33173851
262.5  1.35708734
263.0  1.35939057
263.5  1.34094887
264.0  1.30580790
264.5  1.26181184
265.0  1.22461590
265.5  1.20461078
266.0  1.21042715
266.5  1.24210212
267.0  1.28956528
267.5  1.33879681
268.0  1.36493486
268.5  1.36633735
269.0  1.33906128
269.5  1.30411818
270.0  1.27365514
270.5  1.26173188
271.0  1.27473421
271.5  1.30240728
272.0  1.34577594
272.5  1.37618821
273.0  1.40304510
273.5  1.40080208
274.0  1.38578678
274.5  1.34741777
275.0  1.30833521
275.5  1.27099296
276.0  1.25536833
276.5  1.26605128
277.0  1.30167687
277.5  1.35201434
278.0  1.39966248
278.5  1.42573641
279.0  1.42187205
279.5  1.38859977
280.0  1.34880388
280.5  1.30978953
281.0  1.29659192
281.5  1.29937329
282.0  1.32648034
282.5  1.35738372
283.0  1.38781898
283.5  1.40464456
284.0  1.40025831
284.5  1.38115453
285.0  1.34179232
285.5  1.30579677
286.0  1.26681718
286.5  1.25597846
287.0  1.26124196
287.5  1.29664014
288.0  1.33743321
288.5  1.37677138
289.0  1.39220466
289.5  1.37912963
290.0  1.34113718
290.5  1.29444309
291.0  1.25790794
291.5  1.24537713
292.0  1.25470673
292.5  1.28799281
293.0  1.32241546
293.5  1.36269235
294.0  1.38184048
294.5  1.38947371
295.0  1.37065119
295.5  1.34441722
296.0  1.31146179
296.5  1.28621443
297.0  1.28124524
297.5  1.29448560
298.0  1.33754097
298.5  1.37883697
299.0  1.42123807
299.5  1.42649580
300.0  1.40936202
300.5  1.35864756
301.0  1.30770392
301.5  1.26359199
302.0  1.24656146
302.5  1.25432607
303.0  1.28244219
303.5  1.31884732
304.0  1.35065900
304.5  1.36636948
305.0  1.36541110
305.5  1.33995483
306.0  1.30871159
306.5  1.26527590
307.0  1.24287719
307.5  1.22986906
308.0  1.25392080
308.5  1.28851903
309.0  1.34089350
309.5  1.37919644
310.0  1.39435151
310.5  1.38191031
311.0  1.34367043
311.5  1.30826736
312.0  1.27634923
312.5  1.27797205
313.0  1.29238870
313.5  1.32747181
314.0  1.35921305
314.5  1.38605758
315.0  1.39196754
315.5  1.37588601
316.0  1.33943619
316.5  1.28917547
317.0  1.23663759
317.5  1.19597753
318.0  1.17364015
318.5  1.18267358
319.0  1.20520830
319.5  1.24746703
320.0  1.27160563
320.5  1.28774752
321.0  1.26896082
321.5  1.24802713
322.0  1.22299527
322.5  1.22450029
323.0  1.25052457
323.5  1.30144302
324.0  1.37117627
324.5  1.43722014
325.0  1.49665864
325.5  1.52617057
326.0  1.53617606
326.5  1.51468949
327.0  1.48050617
327.5  1.43761084
328.0  1.40141369
328.5  1.38176162
329.0  1.38052003
329.5  1.39657300
330.0  1.41373905
330.5  1.41551444
331.0  1.39335898
331.5  1.33842765
332.0  1.27611257
332.5  1.20838939
333.0  1.17587535
333.5  1.16372697
334.0  1.19450675
334.5  1.23406843
335.0  1.28776078
335.5  1.32546684
336.0  1.34903852
336.5  1.35006953
337.0  1.33028321
337.5  1.30301432
338.0  1.27204262
338.5  1.26251697
339.0  1.27153331
339.5  1.31219114
340.0  1.36838101
340.5  1.43016556
341.0  1.47347518
341.5  1.48354208
342.0  1.45973918
342.5  1.41212942
343.0  1.36227703
343.5  1.32999440
344.0  1.31927798
344.5  1.33657601
345.0  1.35841990
345.5  1.38940659
346.0  1.39495126
346.5  1.39162284
347.0  1.35121281
347.5  1.30304255
348.0  1.23506769
348.5  1.17950165
349.0  1.13656300
349.5  1.12511260
350.0  1.14735936
350.5  1.19294408
351.0  1.25267003
351.5  1.29740494
352.0  1.32359137
352.5  1.31869463
353.0  1.30409989
353.5  1.28960026
354.0  1.29317995
354.5  1.32096060
355.0  1.36764377
355.5  1.42472874
356.0  1.47327612
356.5  1.50474459
357.0  1.50965303
357.5  1.48493319
358.0  1.44164147
358.5  1.37861183
359.0  1.32579614
359.5  1.27603904
360.0  1.26093701
360.5  1.25814914
361.0  1.28564724
361.5  1.30756045
362.0  1.32258007
362.5  1.30863614
363.0  1.27455133
363.5  1.23087217
364.0  1.19382463
364.5  1.18191712
365.0  1.19563512
365.5  1.23601990
366.0  1.28691435
366.5  1.33444092
367.0  1.36925626
367.5  1.38008901
368.0  1.37307438
368.5  1.34463892
369.0  1.31388373
369.5  1.28688424
370.0  1.27707489
370.5  1.29353480
371.0  1.32979538
371.5  1.38635059
372.0  1.43101730
372.5  1.46567933
373.0  1.45693957
373.5  1.42915902
374.0  1.37666135
374.5  1.33683139
375.0  1.31172805
375.5  1.31539779
376.0  1.33846099
376.5  1.37019467
377.0  1.39834884
377.5  1.40970286
378.0  1.40092462
378.5  1.37276917
379.0  1.32921137
379.5  1.28440756
380.0  1.24487995
380.5  1.23250648
381.0  1.24290313
381.5  1.28628943
382.0  1.34455367
382.5  1.40495854
383.0  1.44592814
383.5  1.45262090
384.0  1.43566434
384.5  1.39608431
385.0  1.36657680
385.5  1.34512850
386.0  1.35525566
386.5  1.37465165
387.0  1.40614308
387.5  1.42530720
388.0  1.43189303
388.5  1.41548058
389.0  1.37634087
389.5  1.32195030
390.0  1.26238186
390.5  1.21010255
391.0  1.17757052
391.5  1.17069304
392.0  1.19350100
392.5  1.23127036
393.0  1.27658287
393.5  1.30271620
394.0  1.30826584
394.5  1.28752060
395.0  1.25999676
395.5  1.24084861
396.0  1.24149788
396.5  1.27166547
397.0  1.31678691
397.5  1.37604253
398.0  1.42248987
398.5  1.45905811
399.0  1.46593690
399.5  1.45430864
400.0  1.42004524
400.5  1.38009217
401.0  1.34029286
401.5  1.31542489
402.0  1.30827570
402.5  1.31973870
403.0  1.34169204
403.5  1.35902937
404.0  1.35525281
404.5  1.32697525
405.0  1.27351014
405.5  1.21820448
406.0  1.17119488
406.5  1.15769267
407.0  1.16983661
407.5  1.21079277
408.0  1.26098162
408.5  1.31096733
409.0  1.34955736
409.5  1.37235604
410.0  1.37818147
410.5  1.37176012
411.0  1.36103282
411.5  1.35600526
412.0  1.36656527
412.5  1.39615692
413.0  1.43912413
413.5  1.48542662
414.0  1.52056574
414.5  1.52959109
415.0  1.50648902
415.5  1.45472728
416.0  1.39302641
416.5  1.34240913
417.0  1.31548834
417.5  1.31494777
418.0  1.33364645
418.5  1.36123020
419.0  1.38593631
419.5  1.39772599
420.0  1.38982156
420.5  1.36452938
421.0  1.32929346
421.5  1.29139709
422.0  1.26318603
422.5  1.25414209
423.0  1.26908182
423.5  1.30744773
424.0  1.35941503
424.5  1.41045541
425.0  1.44590865
425.5  1.45773611
426.0  1.44702680
426.5  1.42609351
427.0  1.41324371
427.5  1.41607924
428.0  1.43811169
428.5  1.47189712
429.0  1.50582472
429.5  1.53012008
430.0  1.53530279
430.5  1.51553901
431.0  1.47457728
431.5  1.41952767
432.0  1.35679611
432.5  1.29917735
433.0  1.25646242
433.5  1.23488987
434.0  1.23464549
434.5  1.24855422
435.0  1.26506097
435.5  1.27345893
436.0  1.26912505
436.5  1.25438084
437.0  1.23873259
437.5  1.23511495
438.0  1.25397803
438.5  1.29315577
439.0  1.34383689
439.5  1.39474252
440.0  1.43646220
440.5  1.45880194
441.0  1.46099622
441.5  1.44654557
442.0  1.42009504
442.5  1.39037949
443.0  1.36698920
443.5  1.35468360
444.0  1.35808462
444.5  1.37389524
445.0  1.39174986
445.5  1.40230638
446.0  1.39640440
446.5  1.36983983
447.0  1.33050886
447.5  1.29266293
448.0  1.26893117
448.5  1.26848133
449.0  1.28926649
449.5  1.32328562
450.0  1.35986825
450.5  1.38792165
451.0  1.40007957
451.5  1.39682143
452.0  1.38192505
452.5  1.35909589
453.0  1.34037563
453.5  1.33323136
454.0  1.34221679
454.5  1.36790617
455.0  1.40430861
455.5  1.44261041
456.0  1.47016917
456.5  1.47641920
457.0  1.45966080
457.5  1.42777636
458.0  1.39493636
458.5  1.37320892
459.0  1.37022115
459.5  1.38601554
460.0  1.40997121
460.5  1.43003530
461.0  1.43945238
461.5  1.43165720
462.0  1.40622049
462.5  1.36604249
463.0  1.32251816
463.5  1.28322735
464.0  1.25519605
464.5  1.24708142
465.0  1.25683897
465.5  1.28122993
466.0  1.31242743
466.5  1.33818701
467.0  1.34863168
467.5  1.34338146
468.0  1.32954810
468.5  1.31788899
469.0  1.32134879
469.5  1.34238861
470.0  1.37776840
470.5  1.42077845
471.0  1.45865647
471.5  1.48038807
472.0  1.48287891
472.5  1.46730845
473.0  1.43815197
473.5  1.40386227
474.0  1.37174892
474.5  1.35197648
475.0  1.34793608
475.5  1.35732765
476.0  1.37714501
476.5  1.39873168
477.0  1.41169047
477.5  1.40728060
478.0  1.38775429
478.5  1.36144633
479.0  1.33872938
479.5  1.33071464
480.0  1.34222424
480.5  1.36984911
481.0  1.40452371
481.5  1.43507487
482.0  1.45460442
482.5  1.45813993
483.0  1.44405631
483.5  1.42100829
484.0  1.39407121
484.5  1.37084869
485.0  1.35837207
485.5  1.35793866
486.0  1.37120192
486.5  1.39470279
487.0  1.41564366
487.5  1.42577045
488.0  1.41984595
488.5  1.39535965
489.0  1.35883269
489.5  1.32279418
490.0  1.29803927
490.5  1.28969921
491.0  1.29721850
491.5  1.31213082
492.0  1.32494922
492.5  1.33042502
493.0  1.32258936
493.5  1.30389886
494.0  1.27882635
494.5  1.25381614
495.0  1.23462394
495.5  1.22948287
496.0  1.24277523
496.5  1.27192337
497.0  1.31224632
497.5  1.35677967
498.0  1.38599688
498.5  1.40450540
499.0  1.40384119
499.5  1.39039768
500.0  1.37614428
500.5  1.37097043
501.0  1.38033614
501.5  1.40359433
502.0  1.42847633
502.5  1.45488327
503.0  1.46550102
503.5  1.46856079
504.0  1.44615139
504.5  1.42423500
505.0  1.39009661
505.5  1.36348931
506.0  1.33928480
506.5  1.32714603
507.0  1.33011486
507.5  1.33915952
508.0  1.36365810
508.5  1.36982876
509.0  1.37843829
509.5  1.36178704
510.0  1.35291488
510.5  1.33669790
511.0  1.34052631
511.5  1.35560888
512.0  1.38697610
512.5  1.42287753
513.0  1.45595432
513.5  1.47780897
514.0  1.48784349
514.5  1.48108366
515.0  1.47017474
515.5  1.44901419
516.0  1.43914041
516.5  1.42073564
517.0  1.41925622
517.5  1.41103086
518.0  1.41571984
518.5  1.41082485
519.0  1.40174488
519.5  1.37807400
520.0  1.34274046
520.5  1.30984949
521.0  1.27721226
521.5  1.26738539
522.0  1.26314510
522.5  1.28577772
523.0  1.30511338
523.5  1.33208822
524.0  1.34498542
524.5  1.35271905
525.0  1.34953060
525.5  1.34296730
526.0  1.33746195
526.5  1.33567894
527.0  1.34295185
527.5  1.36099183
528.0  1.38240953
528.5  1.41473541
529.0  1.43289568
529.5  1.45683214
530.0  1.45569103
530.5  1.45625987
531.0  1.43727839
531.5  1.42931398
532.0  1.42529564
532.5  1.43672041
533.0  1.45482682
533.5  1.47071560
534.0  1.48337344
534.5  1.47453072
535.0  1.45952244
535.5  1.42305675
536.0  1.38471252
536.5  1.33872796
537.0  1.30045122
537.5  1.26761201
538.0  1.24742453
538.5  1.23960908
539.0  1.24130237
539.5  1.24873412
540.0  1.25733365
540.5  1.26058240
541.0  1.26355889
541.5  1.26001044
542.0  1.27117370
542.5  1.28572908
543.0  1.32626324
543.5  1.36300624
544.0  1.41213162
544.5  1.44626309
545.0  1.47838634
545.5  1.49112749
546.0  1.49180447
546.5  1.48427132
547.0  1.46847362
547.5  1.45516275
548.0  1.43891190
548.5  1.43308386
549.0  1.42534836
549.5  1.42188646
550.0  1.41541126
550.5  1.40329192
551.0  1.38439626
551.5  1.35845524
552.0  1.33140414
552.5  1.31219746
553.0  1.30498311
553.5  1.31756449
554.0  1.33436482
554.5  1.36006850
555.0  1.37308239
555.5  1.38983226
556.0  1.38899179
556.5  1.39176348
557.0  1.38109403
557.5  1.37749242
558.0  1.37575950
558.5  1.38374699
559.0  1.39777605
559.5  1.41550744
560.0  1.44318379
560.5  1.46656641
561.0  1.48727882
561.5  1.49480950
562.0  1.49259964
562.5  1.48158223
563.0  1.47109888
563.5  1.46573273
564.0  1.46446559
564.5  1.46665034
565.0  1.46618994
565.5  1.45723672
566.0  1.44076266
566.5  1.40975516
567.0  1.37945885
567.5  1.33771555
568.0  1.30825287
568.5  1.27631274
569.0  1.26157203
569.5  1.25273257
570.0  1.26111422
570.5  1.27399048
571.0  1.29501245
571.5  1.31399922
572.0  1.33004523
572.5  1.34256353
573.0  1.35066172
573.5  1.36109780
574.0  1.37570948
574.5  1.39651253
575.0  1.41898474
575.5  1.43800502
576.0  1.45019022
576.5  1.44826848
577.0  1.44037285
577.5  1.42409076
578.0  1.40618942
578.5  1.38555899
579.0  1.36309949
579.5  1.34746003
580.0  1.33470596
580.5  1.33580705
581.0  1.33604781
581.5  1.35218622
582.0  1.36281291
582.5  1.37266330
583.0  1.37250705
583.5  1.37070520
584.0  1.36600762
584.5  1.37010248
585.0  1.38237909
585.5  1.39579948
586.0  1.40821990
586.5  1.42038637
587.0  1.43015839
587.5  1.43568337
588.0  1.43470269
588.5  1.43934827
589.0  1.43421631
589.5  1.43064127
590.0  1.41973036
590.5  1.41068600
591.0  1.40281320
591.5  1.39789246
592.0  1.39805614
592.5  1.39274561
593.0  1.39070239
593.5  1.37658697
594.0  1.36671578
594.5  1.34958033
595.0  1.34153756
595.5  1.33438778
596.0  1.33507980
596.5  1.33549428
597.0  1.33680063
597.5  1.34029526
598.0  1.34518226
598.5  1.35165720
599.0  1.36541774
599.5  1.37757777
600.0  1.39813892
600.5  1.41406158
601.0  1.43636001
601.5  1.45055459
602.0  1.47603551
602.5  1.48868066
603.0  1.50195413
603.5  1.50472658
604.0  1.49729392
604.5  1.48305253
605.0  1.46012733
605.5  1.44930166
606.0  1.43608145
606.5  1.43098648
607.0  1.41909162
607.5  1.41026759
608.0  1.39646263
608.5  1.38476196
609.0  1.37112236
609.5  1.35755169
610.0  1.34790629
610.5  1.33759082
611.0  1.32855473
611.5  1.32813161
612.0  1.32520056
612.5  1.34027924
613.0  1.35330086
613.5  1.38374893
614.0  1.40063508
614.5  1.42360337
615.0  1.43019431
615.5  1.44521540
616.0  1.45711988
616.5  1.46759461
617.0  1.48150917
617.5  1.48741756
618.0  1.49547199
618.5  1.49092121
619.0  1.48727030
619.5  1.47313617
620.0  1.46089506
620.5  1.44048936
621.0  1.41433038
621.5  1.38052283
622.0  1.34335564
622.5  1.31193156
623.0  1.28448118
623.5  1.26705959
624.0  1.25803583
624.5  1.25150277
625.0  1.25457439
625.5  1.25122761
626.0  1.26211354
626.5  1.26686314
627.0  1.29347864
627.5  1.31085997
628.0  1.34503672
628.5  1.36823038
629.0  1.39948872
629.5  1.42852988
630.0  1.45905363
630.5  1.48750688
631.0  1.51000447
631.5  1.52946121
632.0  1.53046641
632.5  1.52685782
633.0  1.51380417
633.5  1.50229310
634.0  1.49222575
634.5  1.47851169
635.0  1.46624574
635.5  1.45054295
636.0  1.43214999
636.5  1.41057649
637.0  1.38942506
637.5  1.37682996
638.0  1.35975786
638.5  1.35255332
639.0  1.33371987
639.5  1.33411759
640.0  1.32386520
640.5  1.33425130
641.0  1.33678373
641.5  1.35311211
642.0  1.36421938
642.5  1.37543925
643.0  1.38464240
643.5  1.39182867
644.0  1.41061512
644.5  1.43127834
645.0  1.45834649
645.5  1.48193977
646.0  1.50134715
646.5  1.51607057
647.0  1.52120447
647.5  1.52629043
648.0  1.52268211
648.5  1.51918769
649.0  1.50484045
649.5  1.48914120
650.0  1.46996893
650.5  1.44449310
651.0  1.42606520
651.5  1.39387227
652.0  1.37778043
652.5  1.34311623
653.0  1.32555727
653.5  1.28971254
654.0  1.27701306
654.5  1.27442903
655.0  1.28657229
655.5  1.30747414
656.0  1.33411340
656.5  1.36277890
657.0  1.38823883
657.5  1.41074052
658.0  1.43105917
658.5  1.45183784
659.0  1.46960828
659.5  1.48548786
660.0  1.50224280
660.5  1.52093949
661.0  1.53676488
661.5  1.55160213
662.0  1.56504387
662.5  1.57143658
663.0  1.56689645
663.5  1.55236878
664.0  1.53032748
664.5  1.49976710
665.0  1.47208805
665.5  1.45274538
666.0  1.43869993
666.5  1.42835533
667.0  1.41788511
667.5  1.40722190
668.0  1.39435462
668.5  1.38023958
669.0  1.36784134
669.5  1.35549357
670.0  1.34134107
670.5  1.32807322
671.0  1.32012140
671.5  1.31918685
672.0  1.32304638
672.5  1.33086536
673.0  1.34250364
673.5  1.34948175
674.0  1.34995328
674.5  1.34539014
675.0  1.34190177
675.5  1.34143271
676.0  1.34663566
676.5  1.35763683
677.0  1.37462120
677.5  1.39419062
678.0  1.41015293
678.5  1.42055764
679.0  1.42980645
679.5  1.43685141
680.0  1.43771964
680.5  1.43068081
681.0  1.42612913
681.5  1.42059360
682.0  1.41220713
682.5  1.40394426
683.0  1.40134614
683.5  1.40089909
684.0  1.39723929
684.5  1.38713450
685.0  1.37738530
685.5  1.37186864
686.0  1.37339477
686.5  1.38815354
687.0  1.41016819
687.5  1.43387855
688.0  1.45704240
688.5  1.47740909
689.0  1.48992578
689.5  1.49688576
690.0  1.49735993
690.5  1.49763290
691.0  1.49461855
691.5  1.48927934
692.0  1.48623792
692.5  1.48515803
693.0  1.48486233
693.5  1.48345383
694.0  1.47942223
694.5  1.47251161
695.0  1.45675154
695.5  1.43879084
696.0  1.42594812
696.5  1.41799995
697.0  1.41741926
697.5  1.42140300
698.0  1.42396140
698.5  1.42435208
699.0  1.41805805
699.5  1.40265405
700.0  1.38858707
700.5  1.38241907
701.0  1.38398542
701.5  1.37577586
702.0  1.37849652
702.5  1.37579422
703.0  1.39665337
703.5  1.40318940
704.0  1.41809117
704.5  1.41955784
705.0  1.42165947
705.5  1.41640284
706.0  1.40474802
706.5  1.40063413
707.0  1.39696637
707.5  1.40785245
708.0  1.41119730
708.5  1.41854274
709.0  1.41924686
709.5  1.41276045
710.0  1.40432321
710.5  1.38849997
711.0  1.38120073
711.5  1.37325342
712.0  1.36945202
712.5  1.37211103
713.0  1.37950411
713.5  1.39657653
714.0  1.40733082
714.5  1.42752341
715.0  1.42649222
715.5  1.43492608
716.0  1.42259758
716.5  1.42530969
717.0  1.41742397
717.5  1.42931334
718.0  1.43866550
718.5  1.45326444
719.0  1.46264649
719.5  1.46289927
720.0  1.45496123
720.5  1.43948081
721.0  1.42211302
721.5  1.40362757
722.0  1.38690719
722.5  1.37859418
723.0  1.37031380
723.5  1.37187262
724.0  1.37013640
724.5  1.37467268
725.0  1.36872344
725.5  1.36070497
726.0  1.34112713
726.5  1.31989492
727.0  1.30413109
727.5  1.29154546
728.0  1.30361077
728.5  1.31874068
729.0  1.35399295
729.5  1.37503181
730.0  1.40352792
730.5  1.41347263
731.0  1.42200295
731.5  1.42434622
732.0  1.42994622
732.5  1.43443490
733.0  1.44371112
733.5  1.46145674
734.0  1.48206179
734.5  1.50316495
735.0  1.52170479
735.5  1.52712797
736.0  1.52531858
736.5  1.50023686
737.0  1.47043270
737.5  1.43424917
738.0  1.41189207
738.5  1.39662329
739.0  1.39652348
739.5  1.40375624
740.0  1.40972959
740.5  1.41785196
741.0  1.41041789
741.5  1.40403475
742.0  1.38272784
742.5  1.37357427
743.0  1.35885880
743.5  1.36017509
744.0  1.36691433
744.5  1.38343819
745.0  1.40374549
745.5  1.42273187
746.0  1.43627525
746.5  1.43833381
747.0  1.42958802
747.5  1.41542938
748.0  1.39731792
748.5  1.39481576
749.0  1.39314290
749.5  1.41294786
750.0  1.43010549
750.5  1.45281541
751.0  1.45860936
751.5  1.45811603
752.0  1.44599594
752.5  1.42767834
753.0  1.40998917
753.5  1.38977966
754.0  1.38014554
754.5  1.37019361
755.0  1.37627737
755.5  1.37508317
756.0  1.37462267
756.5  1.36346918
757.0  1.34956128
757.5  1.32330109
758.0  1.29292452
758.5  1.26873235
759.0  1.26022489
759.5  1.27060107
760.0  1.30050205
760.5  1.33500416
761.0  1.37477536
761.5  1.39682289
762.0  1.42041453
762.5  1.42676483
763.0  1.43540093
763.5  1.42935667
764.0  1.43332260
764.5  1.43556523
765.0  1.45139785
765.5  1.46942922
766.0  1.48933236
766.5  1.50837601
767.0  1.50894426
767.5  1.49762768
768.0  1.46901243
768.5  1.43500726
769.0  1.39392978
769.5  1.36442856
770.0  1.35319027
770.5  1.35806514
771.0  1.37112557
771.5  1.38055249
772.0  1.38284796
772.5  1.37596253
773.0  1.35982356
773.5  1.34049332
774.0  1.31655656
774.5  1.30355748
775.0  1.29437536
775.5  1.30600342
776.0  1.32424872
776.5  1.36305283
777.0  1.39703614
777.5  1.43228463
778.0  1.44916539
778.5  1.45690662
779.0  1.45600982
779.5  1.44842365
780.0  1.45336394
780.5  1.46678515
781.0  1.49031885
781.5  1.51349036
782.0  1.52731317
782.5  1.52799114
783.0  1.51003027
783.5  1.48065427
784.0  1.43441048
784.5  1.38946676
785.0  1.34960244
785.5  1.31934670
786.0  1.30552060
786.5  1.30089204
787.0  1.31485920
787.5  1.32423677
788.0  1.33977800
788.5  1.33811198
789.0  1.33986507
789.5  1.33114057
790.0  1.34012313
790.5  1.35797688
791.0  1.39403185
791.5  1.43988369
792.0  1.49200166
792.5  1.53862655
793.0  1.56187201
793.5  1.56570167
794.0  1.55843527
794.5  1.54345993
795.0  1.52056585
795.5  1.49240168
796.0  1.47566463
796.5  1.46582077
797.0  1.46953795
797.5  1.46722628
798.0  1.45814606
798.5  1.43760377
799.0  1.40172044
799.5  1.36068442
800.0  1.30933748
800.5  1.27442098
801.0  1.24993361
801.5  1.25760755
802.0  1.26922285
802.5  1.29982451
803.0  1.32235355
803.5  1.34348120
804.0  1.34703197
804.5  1.34354030
805.0  1.33594217
805.5  1.32937819
806.0  1.32951635
806.5  1.34309005
807.0  1.36904313
807.5  1.40576996
808.0  1.43678506
808.5  1.47059966
809.0  1.48286978
809.5  1.48049112
810.0  1.45357715
810.5  1.42444635
811.0  1.39450559
811.5  1.37874785
812.0  1.37843735
812.5  1.38678921
813.0  1.40104076
813.5  1.40105486
814.0  1.40285858
814.5  1.38031823
815.0  1.36023962
815.5  1.33233771
816.0  1.31424289
816.5  1.29673116
817.0  1.30363837
817.5  1.32608192
818.0  1.36171329
818.5  1.40406064
819.0  1.44225740
819.5  1.46857290
820.0  1.48156777
820.5  1.47607502
821.0  1.47083090
821.5  1.45998517
822.0  1.46432172
822.5  1.46913127
823.0  1.49055616
823.5  1.50397934
824.0  1.51139694
824.5  1.49931001
825.0  1.47565157
825.5  1.44792366
826.0  1.40955983
826.5  1.37979842
827.0  1.35053773
827.5  1.34119797
828.0  1.33667986
828.5  1.35378250
829.0  1.36543949
829.5  1.37728815
830.0  1.37898872
830.5  1.36963091
831.0  1.35321616
831.5  1.33585919
832.0  1.32815322
832.5  1.33591104
833.0  1.35072343
833.5  1.38601979
834.0  1.41297482
834.5  1.44116275
835.0  1.44509732
835.5  1.44673740
836.0  1.43468573
836.5  1.42531685
837.0  1.41417834
837.5  1.41210607
838.0  1.41923765
838.5  1.43193990
839.0  1.45549735
839.5  1.46554071
840.0  1.47367127
840.5  1.45684137
841.0  1.43231437
841.5  1.38830627
842.0  1.35158807
842.5  1.31904832
843.0  1.30739250
843.5  1.31328563
844.0  1.33276121
844.5  1.35515945
845.0  1.37376006
845.5  1.37765768
846.0  1.37685152
846.5  1.36101824
847.0  1.35738223
847.5  1.34859629
848.0  1.36204087
848.5  1.37413361
849.0  1.41124367
849.5  1.44169395
850.0  1.47684936
850.5  1.49145538
851.0  1.48723369
851.5  1.46672596
852.0  1.43279671
852.5  1.40324609
853.0  1.37368277
853.5  1.36269279
854.0  1.36068855
854.5  1.37458852
855.0  1.38060115
855.5  1.37949632
856.0  1.36537636
856.5  1.33834308
857.0  1.30855299
857.5  1.27514089
858.0  1.24884427
858.5  1.24290821
859.0  1.24809464
859.5  1.27164108
860.0  1.29371361
860.5  1.32802063
861.0  1.34193874
861.5  1.35721677
862.0  1.34678623
862.5  1.34469050
863.0  1.33776624
863.5  1.35231942
864.0  1.38218603
864.5  1.42700051
865.0  1.48087144
865.5  1.52575958
866.0  1.56029231
866.5  1.56824859
867.0  1.56041751
867.5  1.53494726
868.0  1.50496130
868.5  1.47928678
869.0  1.45757360
869.5  1.45042944
870.0  1.44666154
870.5  1.44766243
871.0  1.44408111
871.5  1.42490170
872.0  1.39381556
872.5  1.34492191
873.0  1.30451813
873.5  1.26469197
874.0  1.25751375
874.5  1.26122972
875.0  1.29768060
875.5  1.33384640
876.0  1.37603064
876.5  1.40350074
877.0  1.41632783
877.5  1.41510983
878.0  1.40069967
878.5  1.38935405
879.0  1.38156500
879.5  1.38900335
880.0  1.40560634
880.5  1.43023544
881.0  1.45631813
881.5  1.47582095
882.0  1.47774768
882.5  1.45423967
883.0  1.41895064
883.5  1.37761726
884.0  1.33933498
884.5  1.31973836
885.0  1.31965486
885.5  1.34315920
886.0  1.36350815
886.5  1.38994950
887.0  1.38880213
887.5  1.38301719
888.0  1.35054357
888.5  1.32069330
889.0  1.28687624
889.5  1.27223747
890.0  1.27062644
890.5  1.28769854
891.0  1.32369546
891.5  1.36482107
892.0  1.40404157
892.5  1.42504599
893.0  1.42886076
893.5  1.41627049
894.0  1.39675800
894.5  1.38516077
895.0  1.38563818
895.5  1.40130351
896.0  1.42707441
896.5  1.45784574
897.0  1.47474986
897.5  1.47341187
898.0  1.45372935
898.5  1.41380030
899.0  1.37175912
899.5  1.32273898
900.0  1.29758617
900.5  1.27722194
901.0  1.27805363
901.5  1.29420443
902.0  1.31666391
902.5  1.33478425
903.0  1.34231258
903.5  1.33536801
904.0  1.31918807
904.5  1.30529339
905.0  1.30279600
905.5  1.31534770
906.0  1.34538601
906.5  1.38513897
907.0  1.42435546
907.5  1.44738686
908.0  1.45262088
908.5  1.43794678
909.0  1.40559314
909.5  1.36774485
910.0  1.33420154
910.5  1.31536581
911.0  1.31608336
911.5  1.33327654
912.0  1.36013045
912.5  1.38782939
913.0  1.40627009
913.5  1.40889764
914.0  1.39037596
914.5  1.36328404
915.0  1.33556365
915.5  1.31896916
916.0  1.32174401
916.5  1.34444787
917.0  1.37945165
917.5  1.41834496
918.0  1.44732416
918.5  1.45960393
919.0  1.45417739
919.5  1.43719343
920.0  1.41557678
920.5  1.39936941
921.0  1.39896018
921.5  1.41638317
922.0  1.44650355
922.5  1.48458685
923.0  1.51867349
923.5  1.53595782
924.0  1.53021980
924.5  1.50168923
925.0  1.46108403
925.5  1.41864585
926.0  1.38548616
926.5  1.37129437
927.0  1.37720210
927.5  1.39459918
928.0  1.41284875
928.5  1.42115281
929.0  1.41342464
929.5  1.38589004
930.0  1.34688891
930.5  1.30811617
931.0  1.27580540
931.5  1.25775062
932.0  1.26063077
932.5  1.28215283
933.0  1.31420899
933.5  1.34380778
934.0  1.36243266
934.5  1.36405318
935.0  1.34846548
935.5  1.32175128
936.0  1.29990577
936.5  1.29344365
937.0  1.30837745
937.5  1.34625394
938.0  1.39271123
938.5  1.43767607
939.0  1.47132377
939.5  1.48160701
940.0  1.46674285
940.5  1.43964580
941.0  1.40650181
941.5  1.37518898
942.0  1.35789300
942.5  1.35956933
943.0  1.37614890
943.5  1.40010965
944.0  1.42424579
944.5  1.43593697
945.0  1.42973601
945.5  1.40156197
946.0  1.36414997
946.5  1.32747062
947.0  1.30394043
947.5  1.30126892
948.0  1.32452410
948.5  1.36240434
949.0  1.40182879
949.5  1.43109338
950.0  1.44703748
950.5  1.44420703
951.0  1.42779041
951.5  1.40712400
952.0  1.39394029
952.5  1.39510927
953.0  1.41116568
953.5  1.44233936
954.0  1.48201908
954.5  1.51773761
955.0  1.53430790
955.5  1.53291604
956.0  1.51238757
956.5  1.47645243
957.0  1.43726261
957.5  1.40604725
958.0  1.38958740
958.5  1.39112977
959.0  1.40213422
959.5  1.41480129
960.0  1.41818179
960.5  1.40582119
961.0  1.37839948
961.5  1.34172585
962.0  1.30542141
962.5  1.28088473
963.0  1.26890704
963.5  1.27861589
964.0  1.30093561
964.5  1.33194962
965.0  1.36141094
965.5  1.38111935
966.0  1.39358639
966.5  1.38847664
967.0  1.38064988
967.5  1.37427840
968.0  1.38340166
968.5  1.40789570
969.0  1.44278531
969.5  1.48742420
970.0  1.52293766
970.5  1.55062353
971.0  1.54595678
971.5  1.52990256
972.0  1.48884391
972.5  1.45110699
973.0  1.40972121
973.5  1.38786881
974.0  1.37301508
974.5  1.37137785
975.0  1.37166709
975.5  1.37128404
976.0  1.36224090
976.5  1.33557441
977.0  1.30122517
977.5  1.26683824
978.0  1.23923808
978.5  1.23378250
979.0  1.25116562
979.5  1.29053590
980.0  1.33240847
980.5  1.37994410
981.0  1.41226299
981.5  1.42930329
982.0  1.42667852
982.5  1.40882506
983.0  1.39319512
983.5  1.37698246
984.0  1.38654580
984.5  1.39704494
985.0  1.42721592
985.5  1.44709962
986.0  1.46694240
986.5  1.46252360
987.0  1.44440679
987.5  1.40936793
988.0  1.36825652
988.5  1.33416227
989.0  1.31297817
989.5  1.31029995
990.0  1.32460996
990.5  1.34751970
991.0  1.37137354
991.5  1.37720748
992.0  1.37167665
992.5  1.34397503
993.0  1.31676403
993.5  1.28419697
994.0  1.27051819
994.5  1.27100191
995.0  1.29015268
995.5  1.32413990
996.0  1.36124727
996.5  1.39933920
997.0  1.41884213
997.5  1.43358057
998.0  1.43035676
998.5  1.43123619
999.0  1.42582331
999.5  1.43646342
1000.0  1.45594996
