0.0  0.423551  1.213768  1.637319
0.5  0.440204  1.196914  1.637118
1.0  0.446048  1.191049  1.637097
1.5  0.440379  1.196939  1.637317
2.0  0.426851  1.211117  1.637968
2.5  0.412195  1.226267  1.638462
3.0  0.403630  1.235164  1.638794
3.5  0.406036  1.232733  1.638769
4.0  0.420083  1.218525  1.638608
4.5  0.442083  1.196200  1.638283
5.0  0.465523  1.172312  1.637835
5.5  0.483466  1.154063  1.637529
6.0  0.490822  1.146518  1.637340
6.5  0.485722  1.151899  1.637622
7.0  0.469770  1.167983  1.637753
7.5  0.447317  1.190882  1.638199
8.0  0.424092  1.214355  1.638446
8.5  0.405498  1.233349  1.638846
9.0  0.394961  1.243697  1.638658
9.5  0.392755  1.245777  1.638532
10.0  0.395787  1.242392  1.638179
10.5  0.398621  1.239275  1.637895
11.0  0.395506  1.241963  1.637469
11.5  0.382716  1.254822  1.637538
12.0  0.360229  1.277732  1.637961
12.5  0.332017  1.306285  1.638302
13.0  0.304747  1.333820  1.638567
13.5  0.285359  1.353702  1.639061
14.0  0.278483  1.360820  1.639302
14.5  0.284777  1.354197  1.638973
15.0  0.300835  1.337625  1.638460
15.5  0.320611  1.317638  1.638249
16.0  0.337648  1.300279  1.637927
16.5  0.347191  1.290568  1.637759
17.0  0.347487  1.290401  1.637889
17.5  0.340043  1.298177  1.638220
18.0  0.328930  1.309622  1.638553
18.5  0.319438  1.319244  1.638682
19.0  0.316375  1.322620  1.638995
19.5  0.322412  1.316589  1.639001
20.0  0.336937  1.301796  1.638733
20.5  0.355926  1.282012  1.637938
21.0  0.373079  1.264837  1.637916
21.5  0.381982  1.255640  1.637621
22.0  0.378529  1.258984  1.637514
22.5  0.362649  1.274949  1.637598
23.0  0.338561  1.299596  1.638157
23.5  0.313392  1.325266  1.638657
24.0  0.294646  1.344334  1.638980
24.5  0.287519  1.351639  1.639158
25.0  0.293158  1.345764  1.638922
25.5  0.308541  1.329947  1.638489
26.0  0.327907  1.310294  1.638201
26.5  0.344985  1.292843  1.637828
27.0  0.355116  1.282705  1.637821
27.5  0.356552  1.281334  1.637886
28.0  0.350717  1.287519  1.638236
28.5  0.341539  1.297013  1.638552
29.0  0.334141  1.304699  1.638840
29.5  0.333203  1.305796  1.638999
30.0  0.341337  1.297838  1.639175
30.5  0.357961  1.281057  1.639018
31.0  0.379161  1.259337  1.638498
31.5  0.398807  1.239320  1.638127
32.0  0.410680  1.227253  1.637933
32.5  0.410839  1.227297  1.638136
33.0  0.399241  1.238801  1.638041
33.5  0.379897  1.258821  1.638719
34.0  0.359433  1.279818  1.639251
34.5  0.344606  1.294924  1.639530
35.0  0.339804  1.299799  1.639603
35.5  0.345544  1.293761  1.639304
36.0  0.358537  1.280470  1.639007
36.5  0.373164  1.265506  1.638670
37.0  0.383617  1.254672  1.638289
37.5  0.385849  1.252494  1.638343
38.0  0.378725  1.260110  1.638835
38.5  0.364185  1.275225  1.639410
39.0  0.346563  1.292965  1.639527
39.5  0.331277  1.308670  1.639947
40.0  0.323203  1.317088  1.640291
40.5  0.325057  1.314972  1.640028
41.0  0.336306  1.303265  1.639571
41.5  0.353112  1.286482  1.639594
42.0  0.369532  1.269784  1.639316
42.5  0.379691  1.259264  1.638955
43.0  0.380083  1.258830  1.638913
43.5  0.371053  1.268187  1.639240
44.0  0.356780  1.283034  1.639814
44.5  0.343719  1.296258  1.639976
45.0  0.338092  1.301971  1.640063
45.5  0.343477  1.296506  1.639983
46.0  0.359474  1.280473  1.639947
46.5  0.381988  1.257149  1.639138
47.0  0.404878  1.233871  1.638750
47.5  0.422206  1.216034  1.638240
48.0  0.430175  1.208028  1.638204
48.5  0.428188  1.209907  1.638095
49.0  0.418850  1.219464  1.638313
49.5  0.407083  1.231627  1.638710
50.0  0.398628  1.240515  1.639143
50.5  0.398242  1.241028  1.639270
51.0  0.408023  1.231401  1.639424
51.5  0.426395  1.212891  1.639286
52.0  0.448275  1.190624  1.638899
52.5  0.466596  1.171563  1.638159
53.0  0.474782  1.163266  1.638048
53.5  0.469247  1.168951  1.638198
54.0  0.450905  1.187791  1.638696
54.5  0.425016  1.214206  1.639222
55.0  0.399345  1.240062  1.639406
55.5  0.381305  1.258380  1.639685
56.0  0.375211  1.264537  1.639748
56.5  0.380782  1.258739  1.639520
57.0  0.393459  1.245546  1.639005
57.5  0.406304  1.232342  1.638646
58.0  0.412564  1.225802  1.638366
58.5  0.407906  1.230660  1.638566
59.0  0.391641  1.246880  1.638521
59.5  0.366771  1.272051  1.638822
60.0  0.339016  1.300192  1.639208
60.5  0.315126  1.324619  1.639745
61.0  0.300852  1.338809  1.639661
61.5  0.299048  1.340575  1.639623
62.0  0.308548  1.330643  1.639191
62.5  0.324365  1.314429  1.638794
63.0  0.339349  1.298966  1.638315
63.5  0.346786  1.291371  1.638157
64.0  0.342959  1.295164  1.638123
64.5  0.328627  1.309870  1.638497
65.0  0.308816  1.330185  1.639001
65.5  0.290964  1.348582  1.639546
66.0  0.282109  1.357564  1.639673
66.5  0.286225  1.353543  1.639767
67.0  0.302776  1.336756  1.639532
67.5  0.327034  1.312152  1.639186
68.0  0.351897  1.286582  1.638479
68.5  0.370365  1.267639  1.638005
69.0  0.377732  1.260042  1.637774
69.5  0.372831  1.265121  1.637952
70.0  0.358184  1.280187  1.638371
70.5  0.339154  1.299398  1.638552
71.0  0.322342  1.316774  1.639116
71.5  0.313526  1.325749  1.639275
72.0  0.315648  1.323496  1.639144
72.5  0.327523  1.311385  1.638908
73.0  0.343966  1.294489  1.638455
73.5  0.357505  1.280561  1.638065
74.0  0.361165  1.276791  1.637956
74.5  0.351220  1.286781  1.638001
75.0  0.328807  1.309521  1.638328
75.5  0.299740  1.339335  1.639075
76.0  0.272567  1.367307  1.639874
76.5  0.255566  1.384379  1.639945
77.0  0.253823  1.386065  1.639889
77.5  0.267533  1.372100  1.639634
78.0  0.292154  1.347192  1.639346
78.5  0.320247  1.318649  1.638896
79.0  0.344136  1.294248  1.638384
79.5  0.358362  1.280198  1.638561
80.0  0.361182  1.277635  1.638817
80.5  0.354873  1.284818  1.639691
81.0  0.344943  1.294878  1.639822
81.5  0.338464  1.301687  1.640152
82.0  0.341884  1.298641  1.640525
82.5  0.358799  1.282099  1.640898
83.0  0.388447  1.251931  1.640378
83.5  0.425631  1.213881  1.639512
84.0  0.462330  1.176715  1.639045
84.5  0.490468  1.149042  1.639510
85.0  0.504729  1.134945  1.639674
85.5  0.504306  1.135160  1.639466
86.0  0.492931  1.146509  1.639440
86.5  0.477230  1.163522  1.640752
87.0  0.464064  1.177844  1.641908
87.5  0.457895  1.183690  1.641586
88.0  0.459219  1.181073  1.640292
88.5  0.464614  1.175556  1.640170
89.0  0.468291  1.171950  1.640241
89.5  0.464372  1.175784  1.640156
90.0  0.448991  1.190723  1.639714
90.5  0.421564  1.218037  1.639601
91.0  0.385020  1.254857  1.639877
91.5  0.345069  1.295568  1.640637
92.0  0.308714  1.332342  1.641056
92.5  0.282269  1.358554  1.640824
93.0  0.269338  1.371359  1.640698
93.5  0.269444  1.370966  1.640409
94.0  0.278049  1.362209  1.640259
94.5  0.288221  1.351532  1.639752
95.0  0.293392  1.345812  1.639203
95.5  0.290098  1.348953  1.639052
96.0  0.279510  1.360397  1.639906
96.5  0.267123  1.373178  1.640300
97.0  0.260715  1.380443  1.641158
97.5  0.267352  1.374318  1.641670
98.0  0.290612  1.350696  1.641308
98.5  0.329135  1.311409  1.640543
99.0  0.377018  1.263145  1.640163
99.5  0.425809  1.214191  1.640001
100.0  0.467178  1.172828  1.640005
100.5  0.495272  1.144206  1.639478
101.0  0.508087  1.131603  1.639689
101.5  0.507639  1.132473  1.640112
102.0  0.499091  1.141598  1.640689
102.5  0.489054  1.152008  1.641062
103.0  0.483413  1.157825  1.641238
103.5  0.485184  1.155978  1.641163
104.0  0.493166  1.147624  1.640790
104.5  0.502101  1.138698  1.640799
105.0  0.504527  1.135494  1.640020
105.5  0.493678  1.146805  1.640483
106.0  0.466275  1.173973  1.640248
106.5  0.424032  1.216560  1.640592
107.0  0.373329  1.267668  1.640997
107.5  0.323156  1.318593  1.641749
108.0  0.282120  1.359661  1.641781
108.5  0.255652  1.385991  1.641643
109.0  0.244473  1.396972  1.641445
109.5  0.244862  1.396135  1.640997
110.0  0.250468  1.390122  1.640590
110.5  0.254828  1.385551  1.640379
111.0  0.253602  1.386865  1.640467
111.5  0.245862  1.395403  1.641265
112.0  0.234215  1.407340  1.641554
112.5  0.223886  1.417859  1.641745
113.0  0.221015  1.420981  1.641996
113.5  0.230530  1.411704  1.642233
114.0  0.254160  1.387435  1.641595
114.5  0.289331  1.351985  1.641316
115.0  0.329564  1.311038  1.640602
115.5  0.366465  1.273921  1.640386
116.0  0.392576  1.247441  1.640017
116.5  0.403944  1.235978  1.639922
117.0  0.401348  1.238954  1.640302
117.5  0.389765  1.251219  1.640984
118.0  0.376307  1.265333  1.641639
118.5  0.367474  1.273881  1.641355
119.0  0.366787  1.274566  1.641353
119.5  0.373700  1.267295  1.640995
120.0  0.384139  1.256691  1.640831
120.5  0.392320  1.248135  1.640456
121.0  0.393016  1.247194  1.640210
121.5  0.383423  1.256717  1.640139
122.0  0.364110  1.276272  1.640382
122.5  0.338916  1.302007  1.640923
123.0  0.313931  1.327381  1.641312
123.5  0.295803  1.345518  1.641321
124.0  0.289690  1.352001  1.641691
124.5  0.297397  1.343852  1.641249
125.0  0.316411  1.324282  1.640693
125.5  0.340432  1.299594  1.640026
126.0  0.361464  1.278184  1.639648
126.5  0.372721  1.266698  1.639418
127.0  0.371180  1.268437  1.639616
127.5  0.358716  1.281308  1.640024
128.0  0.341367  1.299071  1.640437
128.5  0.327010  1.313901  1.640911
129.0  0.322378  1.318802  1.641180
129.5  0.330570  1.310726  1.641295
130.0  0.350034  1.290404  1.640438
130.5  0.375364  1.264377  1.639741
131.0  0.399440  1.239899  1.639338
131.5  0.415975  1.224120  1.640095
132.0  0.421517  1.218509  1.640025
132.5  0.416354  1.223189  1.639543
133.0  0.404246  1.235400  1.639646
133.5  0.391205  1.249769  1.640974
134.0  0.383647  1.258063  1.641710
134.5  0.386316  1.255007  1.641323
135.0  0.400550  1.240327  1.640877
135.5  0.423528  1.217311  1.640840
136.0  0.449000  1.191797  1.640797
136.5  0.469423  1.170684  1.640107
137.0  0.478732  1.160360  1.639092
137.5  0.474621  1.164658  1.639280
138.0  0.459388  1.181017  1.640405
138.5  0.439024  1.201918  1.640942
139.0  0.420923  1.219863  1.640787
139.5  0.411093  1.229587  1.640680
140.0  0.411960  1.228562  1.640522
140.5  0.421608  1.219212  1.640820
141.0  0.434677  1.205684  1.640362
141.5  0.444475  1.195122  1.639597
142.0  0.445387  1.193611  1.638998
142.5  0.434720  1.204532  1.639252
143.0  0.413467  1.226385  1.639852
143.5  0.385902  1.254308  1.640210
144.0  0.358246  1.281954  1.640200
144.5  0.336742  1.303487  1.640229
145.0  0.325623  1.315127  1.640750
145.5  0.325545  1.315350  1.640895
146.0  0.333124  1.307222  1.640346
146.5  0.341957  1.297333  1.639290
147.0  0.344917  1.294256  1.639172
147.5  0.336922  1.302673  1.639595
148.0  0.317067  1.322725  1.639792
148.5  0.289239  1.350876  1.640116
149.0  0.260952  1.379707  1.640659
149.5  0.240772  1.400626  1.641398
150.0  0.235284  1.406558  1.641842
150.5  0.246754  1.394594  1.641348
151.0  0.272396  1.368300  1.640696
151.5  0.305491  1.334662  1.640153
152.0  0.337832  1.302071  1.639903
152.5  0.362471  1.276924  1.639396
153.0  0.375813  1.263213  1.639026
153.5  0.378451  1.260665  1.639116
154.0  0.374679  1.265136  1.639815
154.5  0.370907  1.269618  1.640525
155.0  0.373405  1.267102  1.640507
155.5  0.386006  1.254271  1.640277
156.0  0.408459  1.231410  1.639869
156.5  0.436154  1.203958  1.640111
157.0  0.461480  1.178135  1.639615
157.5  0.476435  1.163140  1.639574
158.0  0.475492  1.163753  1.639245
158.5  0.457632  1.181633  1.639265
159.0  0.426767  1.213103  1.639870
159.5  0.390427  1.250328  1.640755
160.0  0.357178  1.283796  1.640974
160.5  0.333715  1.307300  1.641015
161.0  0.322697  1.317960  1.640657
161.5  0.322134  1.318020  1.640155
162.0  0.326494  1.313067  1.639561
162.5  0.328987  1.310556  1.639543
163.0  0.324101  1.315310  1.639411
163.5  0.309493  1.329881  1.639374
164.0  0.286734  1.352675  1.639409
164.5  0.260807  1.379794  1.640601
165.0  0.238551  1.402249  1.640800
165.5  0.226470  1.414749  1.641219
166.0  0.228475  1.412767  1.641242
166.5  0.244326  1.396501  1.640827
167.0  0.269479  1.370598  1.640077
167.5  0.296563  1.343370  1.639933
168.0  0.318038  1.321767  1.639805
168.5  0.328976  1.310701  1.639677
169.0  0.328853  1.310934  1.639786
169.5  0.321666  1.318380  1.640045
170.0  0.314350  1.326412  1.640762
170.5  0.314096  1.327164  1.641260
171.0  0.325578  1.316024  1.641602
171.5  0.349153  1.292125  1.641279
172.0  0.380711  1.260213  1.640924
172.5  0.413162  1.227478  1.640640
173.0  0.438892  1.201129  1.640022
173.5  0.452238  1.187706  1.639944
174.0  0.451166  1.189136  1.640303
174.5  0.437784  1.202960  1.640745
175.0  0.417665  1.223790  1.641455
175.5  0.398198  1.243353  1.641550
176.0  0.386311  1.255531  1.641842
176.5  0.386126  1.255628  1.641754
177.0  0.397315  1.244119  1.641434
177.5  0.414936  1.225775  1.640711
178.0  0.431054  1.209563  1.640616
178.5  0.437658  1.202265  1.639923
179.0  0.429726  1.209965  1.639691
179.5  0.407226  1.232961  1.640187
180.0  0.375297  1.265159  1.640456
180.5  0.342566  1.297987  1.640553
181.0  0.318225  1.323055  1.641279
181.5  0.308928  1.332773  1.641702
182.0  0.316653  1.324629  1.641281
182.5  0.338289  1.302227  1.640516
183.0  0.367027  1.272644  1.639672
183.5  0.394859  1.244841  1.639700
184.0  0.415192  1.224547  1.639738
184.5  0.424718  1.214640  1.639358
185.0  0.424118  1.214855  1.638973
185.5  0.417573  1.222349  1.639922
186.0  0.411295  1.229606  1.640901
186.5  0.411391  1.229103  1.640495
187.0  0.421587  1.218592  1.640179
187.5  0.441532  1.199003  1.640536
188.0  0.466499  1.173461  1.639960
188.5  0.488799  1.150285  1.639084
189.0  0.500511  1.138360  1.638871
189.5  0.496407  1.143091  1.639498
190.0  0.475905  1.163588  1.639492
190.5  0.443291  1.196270  1.639561
191.0  0.406202  1.233870  1.640071
191.5  0.372936  1.268063  1.640998
192.0  0.349634  1.291631  1.641265
192.5  0.338364  1.302185  1.640549
193.0  0.336816  1.302977  1.639792
193.5  0.339610  1.300386  1.639995
194.0  0.340569  1.299519  1.640088
194.5  0.335015  1.304230  1.639245
195.0  0.321333  1.317761  1.639094
195.5  0.301436  1.338457  1.639893
196.0  0.280171  1.360131  1.640302
196.5  0.263860  1.376487  1.640347
197.0  0.258278  1.382438  1.640717
197.5  0.266570  1.374291  1.640860
198.0  0.287779  1.352580  1.640359
198.5  0.316725  1.322872  1.639597
199.0  0.345519  1.293982  1.639502
199.5  0.366249  1.272812  1.639062
200.0  0.373780  1.265399  1.639179
200.5  0.367533  1.271902  1.639435
201.0  0.351575  1.288358  1.639933
201.5  0.333012  1.307081  1.640093
202.0  0.319313  1.321203  1.640516
202.5  0.315575  1.324911  1.640485
203.0  0.322765  1.317750  1.640515
203.5  0.337606  1.302436  1.640042
204.0  0.354036  1.285198  1.639235
204.5  0.365555  1.273637  1.639192
205.0  0.367497  1.271934  1.639431
205.5  0.358511  1.281393  1.639905
206.0  0.340919  1.299291  1.640210
206.5  0.320018  1.320749  1.640767
207.0  0.302538  1.338868  1.641406
207.5  0.294570  1.347434  1.642004
208.0  0.299458  1.342525  1.641983
208.5  0.316379  1.324845  1.641224
209.0  0.340335  1.300318  1.640653
209.5  0.363777  1.276414  1.640191
210.0  0.379323  1.260654  1.639978
210.5  0.382466  1.257576  1.640043
211.0  0.373186  1.266972  1.640158
211.5  0.355878  1.284968  1.640847
212.0  0.337675  1.303571  1.641247
212.5  0.325787  1.315655  1.641442
213.0  0.324858  1.316435  1.641293
213.5  0.335329  1.306152  1.641482
214.0  0.353433  1.287714  1.641146
214.5  0.372738  1.267558  1.640296
215.0  0.386557  1.253151  1.639708
215.5  0.390251  1.249916  1.640167
216.0  0.382680  1.257730  1.640409
216.5  0.366478  1.274239  1.640718
217.0  0.347217  1.293922  1.641139
217.5  0.331699  1.309936  1.641636
218.0  0.325802  1.316006  1.641808
218.5  0.332410  1.309017  1.641427
219.0  0.350182  1.291037  1.641219
219.5  0.373773  1.267188  1.640961
220.0  0.395612  1.245052  1.640663
220.5  0.408609  1.231650  1.640259
221.0  0.408731  1.231410  1.640141
221.5  0.396429  1.244001  1.640431
222.0  0.376449  1.264539  1.640988
222.5  0.356100  1.285485  1.641586
223.0  0.342635  1.299218  1.641854
223.5  0.340669  1.301220  1.641889
224.0  0.350601  1.291027  1.641627
224.5  0.368630  1.272847  1.641477
225.0  0.388287  1.253166  1.641453
225.5  0.402801  1.238172  1.640973
226.0  0.407370  1.233299  1.640669
226.5  0.400620  1.240337  1.640956
227.0  0.384921  1.256816  1.641737
227.5  0.365627  1.276967  1.642594
228.0  0.349460  1.293682  1.643142
228.5  0.342413  1.300540  1.642953
229.0  0.347687  1.294977  1.642663
229.5  0.364390  1.277939  1.642329
230.0  0.387652  1.254842  1.642494
230.5  0.410285  1.231341  1.641626
231.0  0.425410  1.215298  1.640708
231.5  0.428984  1.211983  1.640968
232.0  0.421228  1.220460  1.641688
232.5  0.406474  1.235465  1.641939
233.0  0.391560  1.250144  1.641703
233.5  0.383361  1.258580  1.641941
234.0  0.386346  1.256118  1.642464
234.5  0.401029  1.241203  1.642232
235.0  0.423853  1.218052  1.641905
235.5  0.448500  1.192574  1.641074
236.0  0.468043  1.173121  1.641165
236.5  0.477154  1.164478  1.641632
237.0  0.473654  1.168901  1.642556
237.5  0.459060  1.183465  1.642526
238.0  0.438050  1.204462  1.642511
238.5  0.416989  1.226451  1.643440
239.0  0.401835  1.242595  1.644430
239.5  0.395971  1.248455  1.644426
240.0  0.398805  1.244424  1.643228
240.5  0.405835  1.237208  1.643042
241.0  0.410339  1.232997  1.643336
241.5  0.406024  1.237012  1.643037
242.0  0.389511  1.252525  1.642036
242.5  0.361644  1.280563  1.642206
243.0  0.327215  1.315789  1.643004
243.5  0.293304  1.349996  1.643300
244.0  0.266877  1.376280  1.643157
244.5  0.252512  1.389881  1.642393
245.0  0.251033  1.391306  1.642339
245.5  0.259499  1.382661  1.642160
246.0  0.272473  1.369416  1.641889
246.5  0.284010  1.357912  1.641922
247.0  0.289642  1.352125  1.641767
247.5  0.287731  1.354149  1.641879
248.0  0.279906  1.362750  1.642656
248.5  0.270516  1.372815  1.643331
249.0  0.265203  1.377959  1.643163
249.5  0.268900  1.374254  1.643154
250.0  0.283804  1.359526  1.643329
250.5  0.308160  1.334741  1.642901
251.0  0.336540  1.305708  1.642248
251.5  0.361695  1.279893  1.641587
252.0  0.377228  1.264313  1.641541
252.5  0.379953  1.261062  1.641015
253.0  0.370972  1.270680  1.641652
253.5  0.355154  1.286824  1.641978
254.0  0.339304  1.303135  1.642438
254.5  0.329739  1.312526  1.642264
255.0  0.330142  1.312307  1.642449
255.5  0.340433  1.302820  1.643252
256.0  0.357002  1.285574  1.642576
256.5  0.374148  1.267374  1.641522
257.0  0.386093  1.256287  1.642380
257.5  0.388865  1.254139  1.643005
258.0  0.381512  1.261147  1.642659
258.5  0.366393  1.276834  1.643227
259.0  0.348560  1.296266  1.644826
259.5  0.334314  1.310763  1.645077
260.0  0.329198  1.315737  1.644935
260.5  0.335939  1.309563  1.645502
261.0  0.353156  1.292137  1.645293
261.5  0.375564  1.269178  1.644742
262.0  0.395800  1.248452  1.644251
262.5  0.407162  1.237212  1.644375
263.0  0.406088  1.238109  1.644196
263.5  0.393349  1.250959  1.644308
264.0  0.373610  1.270409  1.644019
264.5  0.353607  1.291203  1.644810
265.0  0.339710  1.305011  1.644721
265.5  0.335752  1.308916  1.644667
266.0  0.341890  1.304334  1.646224
266.5  0.354843  1.291698  1.646542
267.0  0.369308  1.276743  1.646051
267.5  0.379933  1.265591  1.645524
268.0  0.383136  1.263339  1.646474
268.5  0.378242  1.268519  1.646761
269.0  0.367723  1.279624  1.647346
269.5  0.356521  1.291476  1.647998
270.0  0.350587  1.298228  1.648815
270.5  0.354856  1.293918  1.648774
271.0  0.371254  1.277026  1.648280
271.5  0.397535  1.250124  1.647658
272.0  0.427683  1.220068  1.647751
272.5  0.453903  1.193535  1.647438
273.0  0.469422  1.176473  1.645895
273.5  0.470898  1.174932  1.645830
274.0  0.459467  1.186804  1.646271
274.5  0.440145  1.206258  1.646403
275.0  0.419894  1.226495  1.646389
275.5  0.405128  1.242354  1.647482
276.0  0.399532  1.248133  1.647665
276.5  0.402955  1.244563  1.647518
277.0  0.411700  1.235594  1.647294
277.5  0.420025  1.227249  1.647274
278.0  0.422217  1.225461  1.647678
278.5  0.414504  1.233411  1.647916
279.0  0.396260  1.252280  1.648541
279.5  0.370264  1.278635  1.648899
280.0  0.342022  1.307444  1.649466
280.5  0.318260  1.331602  1.649862
281.0  0.304851  1.344749  1.649600
281.5  0.304736  1.344682  1.649418
282.0  0.316661  1.332939  1.649600
282.5  0.335449  1.313840  1.649289
283.0  0.353894  1.293804  1.647698
283.5  0.365509  1.282504  1.648014
284.0  0.366934  1.281714  1.648648
284.5  0.359033  1.288842  1.647875
285.0  0.346359  1.301716  1.648075
285.5  0.335321  1.313640  1.648961
286.0  0.331775  1.317651  1.649426
286.5  0.338935  1.309590  1.648525
287.0  0.356290  1.292307  1.648597
287.5  0.379876  1.268639  1.648515
288.0  0.403699  1.243974  1.647674
288.5  0.421735  1.225512  1.647246
289.0  0.429782  1.218439  1.648221
289.5  0.426670  1.221405  1.648075
290.0  0.414570  1.233249  1.647818
290.5  0.398363  1.250877  1.649240
291.0  0.384179  1.265636  1.649815
291.5  0.377317  1.273061  1.650378
292.0  0.380154  1.269787  1.649941
292.5  0.390905  1.258409  1.649314
293.0  0.403998  1.244428  1.648426
293.5  0.412126  1.235615  1.647740
294.0  0.409116  1.238165  1.647280
294.5  0.392337  1.255282  1.647620
295.0  0.363662  1.284753  1.648415
295.5  0.328704  1.320003  1.648707
296.0  0.294776  1.353943  1.648720
296.5  0.268390  1.380892  1.649282
297.0  0.253181  1.396502  1.649683
297.5  0.248958  1.400011  1.648968
298.0  0.252104  1.396674  1.648778
298.5  0.257115  1.391901  1.649015
299.0  0.258635  1.389762  1.648397
299.5  0.253335  1.395062  1.648398
300.0  0.241082  1.408967  1.650049
300.5  0.225156  1.425722  1.650879
301.0  0.211437  1.438574  1.650011
301.5  0.206652  1.444085  1.650737
302.0  0.216037  1.435044  1.651081
302.5  0.241137  1.408758  1.649896
303.0  0.278754  1.369922  1.648675
303.5  0.321732  1.326923  1.648654
304.0  0.361431  1.286773  1.648204
304.5  0.390813  1.255455  1.646268
305.0  0.406787  1.239649  1.646436
305.5  0.410919  1.236537  1.647456
306.0  0.408399  1.238733  1.647132
306.5  0.405832  1.240805  1.646637
307.0  0.408724  1.238936  1.647660
307.5  0.419554  1.227973  1.647527
308.0  0.437027  1.210001  1.647028
308.5  0.456681  1.190448  1.647129
309.0  0.472506  1.174302  1.646808
309.5  0.478977  1.167450  1.646427
310.0  0.472855  1.174332  1.647187
310.5  0.454308  1.194101  1.648409
311.0  0.427086  1.221530  1.648617
311.5  0.397674  1.252000  1.649675
312.0  0.373448  1.277523  1.650970
312.5  0.360222  1.290484  1.650706
313.0  0.359999  1.289676  1.649675
313.5  0.369984  1.279537  1.649521
314.0  0.383551  1.265342  1.648893
314.5  0.392890  1.255065  1.647955
315.0  0.392163  1.255668  1.647831
315.5  0.379785  1.268404  1.648189
316.0  0.358966  1.289123  1.648088
316.5  0.336464  1.312138  1.648602
317.0  0.320134  1.328071  1.648205
317.5  0.316203  1.331587  1.647790
318.0  0.327200  1.321037  1.648237
318.5  0.351215  1.296700  1.647915
319.0  0.382631  1.264932  1.647563
319.5  0.413984  1.233623  1.647607
320.0  0.438237  1.209316  1.647553
320.5  0.450800  1.195982  1.646783
321.0  0.450795  1.196510  1.647304
321.5  0.441296  1.207131  1.648427
322.0  0.428440  1.220241  1.648681
322.5  0.419405  1.229568  1.648973
323.0  0.419709  1.229215  1.648925
323.5  0.430747  1.218225  1.648972
324.0  0.448803  1.198845  1.647649
324.5  0.466256  1.181344  1.647600
325.0  0.474572  1.172624  1.647196
325.5  0.467715  1.179268  1.646983
326.0  0.444465  1.202850  1.647315
326.5  0.408800  1.238814  1.647614
327.0  0.368407  1.279382  1.647789
327.5  0.332042  1.315961  1.648003
328.0  0.306713  1.341878  1.648591
328.5  0.295629  1.352910  1.648539
329.0  0.297543  1.351527  1.649070
329.5  0.307562  1.341692  1.649254
330.0  0.319026  1.330108  1.649134
330.5  0.325749  1.322873  1.648622
331.0  0.323939  1.325278  1.649216
331.5  0.313371  1.337294  1.650665
332.0  0.297585  1.353854  1.651438
332.5  0.282975  1.369248  1.652223
333.0  0.276801  1.376057  1.652858
333.5  0.284484  1.368057  1.652541
334.0  0.307112  1.344901  1.652012
334.5  0.340407  1.311162  1.651569
335.0  0.375911  1.275356  1.651266
335.5  0.404012  1.246090  1.650102
336.0  0.417462  1.231830  1.649293
336.5  0.413816  1.235057  1.648874
337.0  0.395946  1.252842  1.648788
337.5  0.370677  1.278684  1.649361
338.0  0.346234  1.303418  1.649652
338.5  0.329476  1.319685  1.649160
339.0  0.323816  1.325064  1.648880
339.5  0.328453  1.320501  1.648954
340.0  0.339034  1.309496  1.648530
340.5  0.349391  1.298769  1.648160
341.0  0.353704  1.294167  1.647871
341.5  0.348421  1.299540  1.647961
342.0  0.333493  1.315210  1.648702
342.5  0.312648  1.336885  1.649533
343.0  0.292547  1.357446  1.649993
343.5  0.280790  1.368920  1.649711
344.0  0.283157  1.367061  1.650218
344.5  0.301056  1.349794  1.650850
345.0  0.330493  1.319608  1.650101
345.5  0.363316  1.285477  1.648793
346.0  0.390323  1.258299  1.648623
346.5  0.404738  1.244553  1.649291
347.0  0.404496  1.245153  1.649650
347.5  0.392541  1.258648  1.651189
348.0  0.375269  1.279244  1.654513
348.5  0.359941  1.298152  1.658093
349.0  0.352047  1.309870  1.661916
349.5  0.353506  1.312665  1.666171
350.0  0.362236  1.308378  1.670614
350.5  0.373099  1.302227  1.675326
351.0  0.379793  1.298381  1.678174
351.5  0.376997  1.304237  1.681234
352.0  0.362143  1.321257  1.683400
352.5  0.336406  1.348460  1.684866
353.0  0.304714  1.378888  1.683603
353.5  0.274664  1.407473  1.682137
354.0  0.254393  1.427164  1.681558
354.5  0.249831  1.430884  1.680715
355.0  0.262319  1.415821  1.678140
355.5  0.287826  1.388880  1.676705
356.0  0.318382  1.359137  1.677519
356.5  0.345210  1.333628  1.678838
357.0  0.362062  1.319013  1.681075
357.5  0.367310  1.316222  1.683531
358.0  0.364091  1.322888  1.686979
358.5  0.358724  1.330805  1.689528
359.0  0.358171  1.332762  1.690933
359.5  0.367502  1.323533  1.691035
360.0  0.388176  1.301209  1.689385
360.5  0.417638  1.267726  1.685363
361.0  0.450243  1.229568  1.679811
361.5  0.479090  1.196405  1.675495
362.0  0.498108  1.171538  1.669645
362.5  0.503810  1.160501  1.664311
363.0  0.496307  1.163123  1.659430
363.5  0.479383  1.176964  1.656347
364.0  0.459510  1.194739  1.654248
364.5  0.443823  1.209167  1.652990
365.0  0.437509  1.214822  1.652331
365.5  0.441581  1.211250  1.652832
366.0  0.452256  1.201546  1.653803
366.5  0.462478  1.190768  1.653246
367.0  0.464972  1.188836  1.653807
367.5  0.455321  1.199385  1.654706
368.0  0.433693  1.221183  1.654876
368.5  0.404629  1.249784  1.654414
369.0  0.375246  1.280140  1.655387
369.5  0.352669  1.302975  1.655644
370.0  0.341649  1.312668  1.654317
370.5  0.343120  1.310415  1.653535
371.0  0.354087  1.300021  1.654108
371.5  0.368782  1.286182  1.654963
372.0  0.380624  1.275940  1.656564
372.5  0.384315  1.276378  1.660693
373.0  0.377478  1.287916  1.665393
373.5  0.361445  1.309013  1.670458
374.0  0.341014  1.334673  1.675687
374.5  0.323108  1.358791  1.681898
375.0  0.314484  1.372178  1.686662
375.5  0.319088  1.371352  1.690440
376.0  0.336104  1.356623  1.692727
376.5  0.359822  1.334295  1.694118
377.0  0.381671  1.312186  1.693857
377.5  0.393552  1.298988  1.692540
378.0  0.390927  1.301093  1.692021
378.5  0.374317  1.316643  1.690960
379.0  0.348804  1.341830  1.690634
379.5  0.321987  1.367990  1.689977
380.0  0.301279  1.389669  1.690949
380.5  0.291509  1.400703  1.692211
381.0  0.293534  1.400380  1.693914
381.5  0.304232  1.392219  1.696450
382.0  0.317743  1.380482  1.698226
382.5  0.327488  1.372755  1.700244
383.0  0.328296  1.371874  1.700170
383.5  0.318078  1.382361  1.700439
384.0  0.298660  1.399649  1.698309
384.5  0.275540  1.419843  1.695383
385.0  0.256500  1.434842  1.691342
385.5  0.249180  1.437015  1.686195
386.0  0.258254  1.422374  1.680628
386.5  0.283308  1.392468  1.675777
387.0  0.318614  1.353318  1.671932
387.5  0.355157  1.313192  1.668349
388.0  0.384059  1.282693  1.666752
388.5  0.399790  1.266961  1.666752
389.0  0.401797  1.266797  1.668594
389.5  0.394117  1.275665  1.669782
390.0  0.383431  1.287783  1.671214
390.5  0.376465  1.296452  1.672917
391.0  0.377667  1.296041  1.673707
391.5  0.387850  1.285124  1.672974
392.0  0.404111  1.267414  1.671526
392.5  0.420904  1.249334  1.670238
393.0  0.431858  1.237166  1.669024
393.5  0.431760  1.235894  1.667654
394.0  0.418206  1.249112  1.667318
394.5  0.392547  1.276313  1.668860
395.0  0.359860  1.312496  1.672357
395.5  0.327752  1.349120  1.676872
396.0  0.304041  1.378016  1.682057
396.5  0.293900  1.394236  1.688136
397.0  0.297664  1.396856  1.694520
397.5  0.310567  1.390115  1.700682
398.0  0.324806  1.382626  1.707433
398.5  0.332976  1.380421  1.713397
399.0  0.331176  1.386959  1.718134
399.5  0.320379  1.401739  1.722118
400.0  0.305736  1.419795  1.725531
400.5  0.294378  1.432758  1.727136
401.0  0.292755  1.434202  1.726957
401.5  0.304452  1.420415  1.724867
402.0  0.329111  1.394667  1.723778
402.5  0.362644  1.360207  1.722851
403.0  0.398536  1.323027  1.721563
403.5  0.429756  1.292094  1.721850
404.0  0.450700  1.272845  1.723546
404.5  0.458732  1.268377  1.727110
405.0  0.454970  1.277125  1.732095
405.5  0.444084  1.293910  1.737994
406.0  0.432946  1.310453  1.743399
406.5  0.428229  1.320064  1.748293
407.0  0.433657  1.318499  1.752156
407.5  0.448119  1.305546  1.753665
408.0  0.465797  1.286878  1.752674
408.5  0.478488  1.270634  1.749123
409.0  0.479039  1.264622  1.743661
409.5  0.464212  1.272083  1.736295
410.0  0.435800  1.292712  1.728512
410.5  0.399779  1.320475  1.720254
411.0  0.364126  1.348802  1.712928
411.5  0.336238  1.370449  1.706687
412.0  0.320795  1.381814  1.702610
412.5  0.318649  1.380560  1.699209
413.0  0.326931  1.370173  1.697103
413.5  0.340233  1.357467  1.697700
414.0  0.352418  1.346353  1.698770
414.5  0.358524  1.340896  1.699420
415.0  0.356292  1.343743  1.700035
415.5  0.346977  1.354450  1.701427
416.0  0.335200  1.365077  1.700277
416.5  0.327656  1.370652  1.698308
417.0  0.330774  1.364936  1.695711
417.5  0.347970  1.344738  1.692708
418.0  0.377708  1.311304  1.689012
418.5  0.413566  1.273139  1.686705
419.0  0.446537  1.239932  1.686469
419.5  0.468508  1.220023  1.688531
420.0  0.475211  1.218693  1.693904
420.5  0.467378  1.234523  1.701901
421.0  0.449898  1.262320  1.712218
421.5  0.429619  1.294497  1.724116
422.0  0.412795  1.323083  1.735878
422.5  0.403066  1.344035  1.747101
423.0  0.400529  1.357001  1.757530
423.5  0.402033  1.364160  1.766194
424.0  0.402468  1.369460  1.771929
424.5  0.396551  1.379303  1.775854
425.0  0.380601  1.397674  1.778276
425.5  0.353880  1.425920  1.779800
426.0  0.319185  1.461105  1.780290
426.5  0.282500  1.497696  1.780196
427.0  0.251536  1.528609  1.780145
427.5  0.233318  1.548508  1.781826
428.0  0.231479  1.554896  1.786375
428.5  0.244490  1.548879  1.793369
429.0  0.265922  1.536219  1.802142
429.5  0.286906  1.526010  1.812916
430.0  0.299640  1.525603  1.825243
430.5  0.300274  1.537463  1.837738
431.0  0.289956  1.557444  1.847400
431.5  0.273884  1.579186  1.853070
432.0  0.259054  1.595063  1.854118
432.5  0.251719  1.599102  1.850820
433.0  0.255395  1.586656  1.842051
433.5  0.269970  1.558538  1.828508
434.0  0.291987  1.519872  1.811859
434.5  0.315871  1.479592  1.795463
435.0  0.335641  1.445222  1.780863
435.5  0.346636  1.422818  1.769453
436.0  0.346875  1.413997  1.760873
436.5  0.337805  1.418854  1.756659
437.0  0.324191  1.432029  1.756220
437.5  0.312981  1.444831  1.757813
438.0  0.311139  1.448288  1.759427
438.5  0.322991  1.437871  1.760862
439.0  0.348212  1.413059  1.761271
439.5  0.381636  1.377798  1.759434
440.0  0.415237  1.340294  1.755531
440.5  0.441367  1.308064  1.749432
441.0  0.455616  1.286318  1.741934
441.5  0.458036  1.292833  1.750869
442.0  0.452462  1.291060  1.743522
442.5  0.444545  1.305994  1.750538
443.0  0.439456  1.307383  1.746839
443.5  0.440115  1.308891  1.749007
444.0  0.446407  1.303585  1.749993
444.5  0.455459  1.288868  1.744328
445.0  0.462729  1.289719  1.752449
445.5  0.463482  1.277145  1.740627
446.0  0.454247  1.299075  1.753322
446.5  0.433947  1.304802  1.738749
447.0  0.404483  1.350412  1.754895
447.5  0.370610  1.370135  1.740745
448.0  0.338897  1.415310  1.754207
448.5  0.315798  1.427948  1.743746
449.0  0.305296  1.446248  1.751544
449.5  0.307160  1.438773  1.745932
450.0  0.316916  1.432552  1.749468
450.5  0.327816  1.420393  1.748210
451.0  0.333905  1.413891  1.747796
451.5  0.332582  1.414511  1.747093
452.0  0.325471  1.423132  1.748602
452.5  0.317402  1.430106  1.747508
453.0  0.314220  1.437455  1.751674
453.5  0.320444  1.424330  1.744774
454.0  0.337668  1.416106  1.753774
454.5  0.364092  1.378084  1.742176
455.0  0.395176  1.358990  1.754165
455.5  0.425019  1.314951  1.739970
456.0  0.447988  1.305824  1.753812
456.5  0.460172  1.281475  1.741647
457.0  0.460388  1.289337  1.749725
457.5  0.450589  1.293651  1.744240
458.0  0.435518  1.311275  1.746793
458.5  0.421476  1.329655  1.751131
459.0  0.414271  1.328748  1.743019
459.5  0.416894  1.335076  1.751970
460.0  0.427965  1.312762  1.740727
460.5  0.441966  1.310890  1.752857
461.0  0.451427  1.290745  1.742172
461.5  0.450062  1.300379  1.750441
462.0  0.435320  1.308042  1.743362
462.5  0.409240  1.338999  1.748239
463.0  0.377475  1.370882  1.748357
463.5  0.347136  1.402585  1.749721
464.0  0.324430  1.424731  1.749161
464.5  0.312871  1.435893  1.748764
465.0  0.312533  1.434546  1.747079
465.5  0.320396  1.431352  1.751748
466.0  0.331517  1.413042  1.744559
466.5  0.340612  1.412410  1.753022
467.0  0.343597  1.397893  1.741489
467.5  0.338776  1.416147  1.754924
468.0  0.327433  1.414658  1.742091
468.5  0.313635  1.440842  1.754477
469.0  0.303083  1.444023  1.747106
469.5  0.301108  1.450906  1.752014
470.0  0.310355  1.442640  1.752995
470.5  0.329247  1.417945  1.747192
471.0  0.352202  1.404976  1.757178
471.5  0.371770  1.372561  1.744332
472.0  0.381682  1.377597  1.759279
472.5  0.379311  1.364810  1.744121
473.0  0.366462  1.392027  1.758489
473.5  0.348366  1.398615  1.746981
474.0  0.331546  1.425618  1.757165
474.5  0.321508  1.429302  1.750810
475.0  0.321036  1.435099  1.756135
475.5  0.329559  1.424843  1.754402
476.0  0.343597  1.409874  1.753471
476.5  0.358015  1.394684  1.752699
477.0  0.367630  1.385224  1.752854
477.5  0.368732  1.384094  1.752826
478.0  0.360198  1.393379  1.753577
478.5  0.343994  1.405281  1.749276
479.0  0.324857  1.432190  1.757047
479.5  0.309027  1.437554  1.746582
480.0  0.302155  1.456013  1.758168
480.5  0.307003  1.435769  1.742773
481.0  0.322011  1.437575  1.759586
481.5  0.341640  1.400102  1.741742
482.0  0.358532  1.396424  1.754956
482.5  0.366464  1.376928  1.743392
483.0  0.362651  1.388894  1.751544
483.5  0.348471  1.400533  1.749004
484.0  0.328558  1.416364  1.744922
484.5  0.308888  1.444462  1.753350
485.0  0.294699  1.448217  1.742916
485.5  0.288946  1.465868  1.754814
486.0  0.291665  1.450998  1.742664
486.5  0.300309  1.453733  1.754042
487.0  0.310797  1.433727  1.744524
487.5  0.318922  1.431611  1.750532
488.0  0.321700  1.425416  1.747117
488.5  0.318404  1.431025  1.749429
489.0  0.311036  1.438524  1.749560
489.5  0.304073  1.447698  1.751771
490.0  0.303314  1.446682  1.749996
490.5  0.313906  1.439267  1.753173
491.0  0.338115  1.409741  1.747856
491.5  0.373891  1.382351  1.756242
492.0  0.415163  1.328843  1.744006
492.5  0.453967  1.303789  1.757756
493.0  0.483410  1.259615  1.743025
493.5  0.500025  1.258425  1.758450
494.0  0.504514  1.239881  1.744395
494.5  0.500835  1.255068  1.755903
495.0  0.494273  1.254959  1.749232
495.5  0.489379  1.264168  1.753547
496.0  0.488479  1.265151  1.753630
496.5  0.491113  1.258225  1.749338
497.0  0.494416  1.262466  1.756883
497.5  0.494195  1.254189  1.748384
498.0  0.486321  1.272222  1.758543
498.5  0.468095  1.278705  1.746801
499.0  0.439310  1.318474  1.757784
499.5  0.402766  1.348674  1.751440
500.0  0.364021  1.393902  1.757924
500.5  0.330148  1.422969  1.753117
501.0  0.307588  1.447158  1.754746
501.5  0.299737  1.456179  1.755916
502.0  0.305425  1.448450  1.753875
502.5  0.319273  1.436547  1.755820
503.0  0.333966  1.417745  1.751711
503.5  0.343324  1.410484  1.753808
504.0  0.344636  1.409243  1.753879
504.5  0.339285  1.411707  1.750992
505.0  0.331671  1.425096  1.756767
505.5  0.327158  1.420375  1.747533
506.0  0.329946  1.431369  1.761315
506.5  0.341613  1.403152  1.744765
507.0  0.360657  1.401284  1.761941
507.5  0.383028  1.360765  1.743793
508.0  0.403364  1.357197  1.760561
508.5  0.416515  1.330227  1.746742
509.0  0.418994  1.337273  1.756267
509.5  0.410051  1.339675  1.749726
510.0  0.392159  1.361321  1.753481
510.5  0.370649  1.385447  1.756096
511.0  0.352315  1.400538  1.752853
511.5  0.343138  1.413428  1.756566
512.0  0.345855  1.405580  1.751435
512.5  0.358585  1.398538  1.757123
513.0  0.375422  1.379568  1.754989
513.5  0.388888  1.364803  1.753691
514.0  0.393025  1.361251  1.754276
514.5  0.385621  1.366150  1.751771
515.0  0.368696  1.386534  1.755230
515.5  0.347365  1.403893  1.751258
516.0  0.327782  1.426392  1.754174
516.5  0.315052  1.438778  1.753830
517.0  0.311749  1.439710  1.751460
517.5  0.317367  1.439626  1.756993
518.0  0.328700  1.418693  1.747393
518.5  0.340935  1.417596  1.758531
519.0  0.349093  1.393409  1.742502
519.5  0.349498  1.409604  1.759101
520.0  0.340950  1.401905  1.742855
520.5  0.325341  1.432101  1.757442
521.0  0.307406  1.439677  1.747083
521.5  0.293402  1.461850  1.755252
522.0  0.288861  1.463753  1.752614
522.5  0.296206  1.454458  1.750665
523.0  0.313428  1.442130  1.755558
523.5  0.334731  1.414846  1.749577
524.0  0.352988  1.403726  1.756714
524.5  0.362745  1.385926  1.748671
525.0  0.362295  1.392894  1.755189
525.5  0.354001  1.398229  1.752230
526.0  0.343010  1.411676  1.754687
526.5  0.335129  1.420252  1.755381
527.0  0.334734  1.418246  1.752980
527.5  0.343384  1.412114  1.755498
528.0  0.359435  1.393158  1.752592
528.5  0.378607  1.376491  1.755098
529.0  0.395249  1.358198  1.753448
529.5  0.403906  1.347427  1.751334
530.0  0.400848  1.354076  1.754923
530.5  0.385274  1.362268  1.747542
531.0  0.359898  1.400076  1.759974
531.5  0.330602  1.417594  1.748196
532.0  0.304901  1.456295  1.761196
532.5  0.289434  1.456000  1.745434
533.0  0.287322  1.473133  1.760455
533.5  0.296765  1.451432  1.748197
534.0  0.311814  1.444993  1.756807
534.5  0.325077  1.423690  1.748767
535.0  0.330974  1.421866  1.752840
535.5  0.327944  1.424892  1.752836
536.0  0.318764  1.433344  1.752108
536.5  0.309162  1.446132  1.755294
537.0  0.305537  1.446162  1.751699
537.5  0.312712  1.441842  1.754555
538.0  0.332417  1.420920  1.753337
538.5  0.362832  1.390360  1.753192
539.0  0.399172  1.355252  1.754424
539.5  0.435007  1.315579  1.750586
540.0  0.463939  1.291836  1.755775
540.5  0.481230  1.269539  1.750769
541.0  0.485096  1.269001  1.754097
541.5  0.477364  1.274922  1.752286
542.0  0.463160  1.289918  1.753078
542.5  0.449405  1.308374  1.757780
543.0  0.442302  1.307927  1.750228
543.5  0.444686  1.314502  1.759188
544.0  0.454591  1.293123  1.747714
544.5  0.465983  1.294826  1.760809
545.0  0.471442  1.275139  1.746581
545.5  0.465432  1.294740  1.760172
546.0  0.446567  1.303312  1.749879
546.5  0.418001  1.340837  1.758838
547.0  0.386072  1.367583  1.753655
547.5  0.357990  1.399545  1.757535
548.0  0.339512  1.417465  1.756977
548.5  0.333348  1.423118  1.756466
549.0  0.338663  1.419483  1.758146
549.5  0.351641  1.405248  1.756889
550.0  0.366803  1.391129  1.757932
550.5  0.378645  1.378497  1.757142
551.0  0.383199  1.372121  1.755320
551.5  0.379249  1.379826  1.759075
552.0  0.368916  1.386877  1.755792
552.5  0.357307  1.404882  1.762189
553.0  0.350972  1.401367  1.752339
553.5  0.355353  1.405480  1.760833
554.0  0.372132  1.381011  1.753143
554.5  0.397875  1.361930  1.759805
555.0  0.424954  1.328008  1.752963
555.5  0.444482  1.308081  1.752563
556.0  0.449801  1.304944  1.754745
556.5  0.438857  1.313057  1.751914
557.0  0.414585  1.345637  1.760222
557.5  0.383458  1.363811  1.747268
558.0  0.353051  1.406348  1.759398
558.5  0.329585  1.419115  1.748701
559.0  0.316224  1.444050  1.760274
559.5  0.312495  1.436996  1.749491
560.0  0.314844  1.442037  1.756881
560.5  0.317989  1.433763  1.751751
561.0  0.316654  1.437681  1.754335
561.5  0.307252  1.445955  1.753207
562.0  0.289194  1.464581  1.753775
562.5  0.265504  1.488312  1.753816
563.0  0.242362  1.512904  1.755266
563.5  0.227367  1.526067  1.753434
564.0  0.226775  1.530768  1.757543
564.5  0.242765  1.509478  1.752243
565.0  0.272152  1.486137  1.758289
565.5  0.307451  1.441065  1.748515
566.0  0.339854  1.416701  1.756555
566.5  0.362604  1.387721  1.750324
567.0  0.373179  1.382757  1.755936
567.5  0.373570  1.380251  1.753822
568.0  0.368881  1.382538  1.751419
568.5  0.365067  1.392495  1.757561
569.0  0.366720  1.381221  1.747941
569.5  0.375565  1.384126  1.759691
570.0  0.390016  1.357354  1.747370
570.5  0.405784  1.353138  1.758922
571.0  0.417257  1.330769  1.748026
571.5  0.419213  1.336434  1.755647
572.0  0.408496  1.343273  1.751769
572.5  0.385259  1.368721  1.753980
573.0  0.353445  1.400691  1.754136
573.5  0.320129  1.433826  1.753955
574.0  0.293555  1.461602  1.755157
574.5  0.280276  1.475060  1.755335
575.0  0.282529  1.472962  1.755492
575.5  0.297255  1.460853  1.758108
576.0  0.317449  1.434162  1.751611
576.5  0.335251  1.424064  1.759315
577.0  0.345161  1.407401  1.752562
577.5  0.345947  1.413005  1.758951
578.0  0.340627  1.409541  1.750169
578.5  0.334893  1.422112  1.757005
579.0  0.334782  1.419491  1.754273
579.5  0.344484  1.409092  1.753576
580.0  0.364924  1.391243  1.756167
580.5  0.393445  1.357377  1.750822
581.0  0.424549  1.333401  1.757951
581.5  0.451388  1.296784  1.748172
582.0  0.467583  1.290414  1.757997
582.5  0.468966  1.277475  1.746442
583.0  0.454900  1.302833  1.757733
583.5  0.428815  1.322046  1.750860
584.0  0.397592  1.359364  1.756956
584.5  0.369584  1.381986  1.751570
585.0  0.351662  1.403481  1.755144
585.5  0.346474  1.409391  1.755865
586.0  0.351379  1.403428  1.754807
586.5  0.359822  1.393820  1.753642
587.0  0.364490  1.389836  1.754326
587.5  0.360607  1.392786  1.753393
588.0  0.347818  1.408375  1.756194
588.5  0.330091  1.420147  1.750238
589.0  0.314007  1.443998  1.758005
589.5  0.306336  1.441496  1.747832
590.0  0.311785  1.447982  1.759767
590.5  0.331568  1.417839  1.749407
591.0  0.363113  1.396090  1.759202
591.5  0.400815  1.347822  1.748637
592.0  0.437561  1.317680  1.755241
592.5  0.466569  1.285344  1.751914
593.0  0.483171  1.266836  1.750007
593.5  0.486162  1.268429  1.754591
594.0  0.478342  1.270693  1.749035
594.5  0.465836  1.293248  1.759084
595.0  0.456028  1.291671  1.747699
595.5  0.454581  1.303693  1.758273
596.0  0.462789  1.287211  1.750000
596.5  0.476756  1.279554  1.756311
597.0  0.489024  1.260466  1.749490
597.5  0.491859  1.262301  1.754160
598.0  0.480501  1.272680  1.753180
598.5  0.454882  1.297941  1.752823
599.0  0.419361  1.334218  1.753579
599.5  0.380927  1.375782  1.756709
600.0  0.346784  1.409190  1.755973
600.5  0.322194  1.436218  1.758411
601.0  0.309164  1.443431  1.752595
601.5  0.306221  1.454685  1.760906
602.0  0.309164  1.440995  1.750159
602.5  0.312499  1.448472  1.760972
603.0  0.311136  1.437427  1.748562
603.5  0.302003  1.459352  1.761355
604.0  0.285244  1.464118  1.749363
604.5  0.264590  1.494170  1.758760
605.0  0.246537  1.507754  1.754291
605.5  0.238190  1.518742  1.756932
606.0  0.244324  1.513449  1.757772
606.5  0.264972  1.488687  1.753659
607.0  0.294974  1.466786  1.761759
607.5  0.325947  1.426624  1.752571
608.0  0.349737  1.410821  1.760558
608.5  0.361566  1.390749  1.752315
609.0  0.361482  1.399267  1.760749
609.5  0.353762  1.401178  1.754940
610.0  0.344868  1.413073  1.757941
610.5  0.340936  1.414955  1.755891
611.0  0.345705  1.410165  1.755871
611.5  0.359449  1.398110  1.757559
612.0  0.379053  1.376515  1.755568
612.5  0.399040  1.355009  1.754048
613.0  0.413147  1.342817  1.755964
613.5  0.416066  1.336110  1.752177
614.0  0.405007  1.353317  1.758324
614.5  0.380796  1.368276  1.749072
615.0  0.348127  1.412447  1.760574
615.5  0.314572  1.432728  1.747300
616.0  0.288251  1.473556  1.761808
616.5  0.274792  1.474393  1.749185
617.0  0.274960  1.485107  1.760067
617.5  0.284355  1.467335  1.751690
618.0  0.295508  1.458448  1.753956
618.5  0.301320  1.454012  1.755331
619.0  0.298066  1.452467  1.750533
619.5  0.286676  1.471268  1.757944
620.0  0.272026  1.477234  1.749259
620.5  0.260847  1.498355  1.759202
621.0  0.259241  1.491913  1.751154
621.5  0.270661  1.486279  1.756940
622.0  0.294934  1.458188  1.753122
622.5  0.328466  1.427526  1.755992
623.0  0.365373  1.389101  1.754474
623.5  0.399123  1.354095  1.753218
624.0  0.424237  1.329458  1.753695
624.5  0.437729  1.318277  1.756006
625.0  0.440020  1.313108  1.753129
625.5  0.435010  1.323751  1.758760
626.0  0.428984  1.320604  1.749588
626.5  0.428345  1.332349  1.760693
627.0  0.436835  1.312817  1.749652
627.5  0.453580  1.309120  1.762700
628.0  0.473160  1.274644  1.747803
628.5  0.487888  1.272124  1.760012
629.0  0.491132  1.261167  1.752299
629.5  0.480029  1.279026  1.759055
630.0  0.456470  1.299024  1.755494
630.5  0.426195  1.327643  1.753838
631.0  0.396655  1.364418  1.761072
631.5  0.374517  1.380131  1.754648
632.0  0.363673  1.397537  1.761210
632.5  0.364272  1.386775  1.751047
633.0  0.372968  1.389682  1.762649
633.5  0.384135  1.369643  1.753779
634.0  0.391635  1.366863  1.758497
634.5  0.390623  1.361201  1.751824
635.0  0.379045  1.378037  1.757082
635.5  0.358499  1.398950  1.757449
636.0  0.334172  1.422599  1.756771
636.5  0.313551  1.445009  1.758560
637.0  0.303961  1.452301  1.756263
637.5  0.309647  1.447889  1.757536
638.0  0.329728  1.425891  1.755619
638.5  0.358282  1.397183  1.755465
639.0  0.386672  1.371455  1.758127
639.5  0.407005  1.342551  1.749556
640.0  0.415004  1.344834  1.759838
640.5  0.411169  1.334761  1.745930
641.0  0.400022  1.361973  1.761994
641.5  0.388067  1.357922  1.745989
642.0  0.381358  1.380792  1.762150
642.5  0.383517  1.364321  1.747838
643.0  0.394741  1.364216  1.758957
643.5  0.411975  1.339022  1.750998
644.0  0.430015  1.323872  1.753887
644.5  0.443119  1.310003  1.753122
645.0  0.446671  1.303405  1.750076
645.5  0.438547  1.317737  1.756284
646.0  0.419928  1.331465  1.751393
646.5  0.395282  1.361689  1.756970
647.0  0.371253  1.380143  1.751396
647.5  0.354472  1.402410  1.756883
648.0  0.348924  1.406865  1.755789
648.5  0.354114  1.400601  1.754714
649.0  0.365165  1.391019  1.756184
649.5  0.374969  1.378662  1.753631
650.0  0.377307  1.377597  1.754904
650.5  0.369390  1.385063  1.754453
651.0  0.352734  1.399807  1.752541
651.5  0.332263  1.425334  1.757597
652.0  0.314263  1.436751  1.751014
652.5  0.304058  1.457527  1.761585
653.0  0.304224  1.444555  1.748779
653.5  0.313835  1.446930  1.760765
654.0  0.328847  1.417201  1.746049
654.5  0.343376  1.414418  1.757794
655.0  0.351422  1.396164  1.747586
655.5  0.348581  1.405614  1.754195
656.0  0.333395  1.418535  1.751930
656.5  0.308048  1.443601  1.751648
657.0  0.278136  1.477893  1.756029
657.5  0.251267  1.498893  1.750160
658.0  0.234601  1.524414  1.759015
658.5  0.232116  1.518799  1.750915
659.0  0.242901  1.514881  1.757782
659.5  0.261550  1.490850  1.752400
660.0  0.280608  1.474641  1.755249
660.5  0.293839  1.459317  1.753156
661.0  0.298694  1.454208  1.752902
661.5  0.297007  1.458993  1.756000
662.0  0.293881  1.460236  1.754117
662.5  0.295488  1.460291  1.755779
663.0  0.306686  1.450198  1.756883
663.5  0.329272  1.424328  1.753601
664.0  0.361349  1.395154  1.756504
664.5  0.397853  1.352118  1.749972
665.0  0.431971  1.327847  1.759818
665.5  0.456962  1.289258  1.746220
666.0  0.467925  1.291688  1.759614
666.5  0.463163  1.283614  1.746777
667.0  0.444853  1.315569  1.760421
667.5  0.418734  1.328827  1.747561
668.0  0.392572  1.366249  1.758821
668.5  0.373585  1.379197  1.752782
669.0  0.365680  1.388354  1.754034
669.5  0.367858  1.385829  1.753687
670.0  0.374759  1.379012  1.753771
670.5  0.379187  1.378326  1.757512
671.0  0.375324  1.374400  1.749724
671.5  0.361103  1.394590  1.755693
672.0  0.338853  1.416235  1.755088
672.5  0.314260  1.442674  1.756933
673.0  0.294286  1.460933  1.755218
673.5  0.284890  1.472452  1.757342
674.0  0.289262  1.470780  1.760042
674.5  0.307031  1.449120  1.756151
675.0  0.334554  1.422170  1.756724
675.5  0.366078  1.390497  1.756575
676.0  0.395371  1.358105  1.753476
676.5  0.417386  1.341219  1.758605
677.0  0.429619  1.319368  1.748987
677.5  0.432845  1.329599  1.762444
678.0  0.430940  1.320699  1.751639
678.5  0.429577  1.336264  1.765841
679.0  0.433977  1.318001  1.751977
679.5  0.446492  1.318238  1.764730
680.0  0.465251  1.289591  1.754842
680.5  0.484715  1.274530  1.759246
681.0  0.498000  1.259960  1.757960
681.5  0.499760  1.260576  1.760336
682.0  0.488290  1.274907  1.763197
682.5  0.466027  1.290314  1.756342
683.0  0.438511  1.326172  1.764684
683.5  0.412402  1.347726  1.760128
684.0  0.393339  1.372100  1.765439
684.5  0.384320  1.375570  1.759890
685.0  0.385008  1.377949  1.762957
685.5  0.392055  1.369525  1.761580
686.0  0.400240  1.362624  1.762864
686.5  0.404027  1.360285  1.764312
687.0  0.399174  1.361332  1.760506
687.5  0.384054  1.380167  1.764220
688.0  0.360392  1.400505  1.760897
688.5  0.333080  1.431311  1.764391
689.0  0.308825  1.454338  1.763163
689.5  0.293786  1.466859  1.760645
690.0  0.291043  1.473970  1.765014
690.5  0.299157  1.459126  1.758283
691.0  0.312727  1.452933  1.765660
691.5  0.324761  1.428544  1.753305
692.0  0.329648  1.435831  1.765479
692.5  0.325314  1.428688  1.754002
693.0  0.313750  1.451979  1.765729
693.5  0.299957  1.457248  1.757205
694.0  0.289958  1.473394  1.763351
694.5  0.288672  1.470361  1.759033
695.0  0.298357  1.462064  1.760422
695.5  0.318016  1.442528  1.760545
696.0  0.343816  1.414009  1.757825
696.5  0.370257  1.389031  1.759288
697.0  0.391684  1.366172  1.757856
697.5  0.403771  1.352911  1.756683
698.0  0.404703  1.353929  1.758632
698.5  0.395815  1.359781  1.755597
699.0  0.381413  1.376985  1.758398
699.5  0.367524  1.389079  1.756603
700.0  0.359734  1.399621  1.759355
700.5  0.360820  1.396976  1.757797
701.0  0.369406  1.386110  1.755517
701.5  0.380461  1.379487  1.759949
702.0  0.387527  1.365229  1.752756
702.5  0.385523  1.376192  1.761715
703.0  0.372803  1.376962  1.749766
703.5  0.351669  1.406966  1.758635
704.0  0.327364  1.422554  1.749919
704.5  0.306133  1.453356  1.759489
705.0  0.293107  1.461093  1.754200
705.5  0.290725  1.465575  1.756300
706.0  0.298122  1.458921  1.757043
706.5  0.311581  1.442535  1.754116
707.0  0.325787  1.430892  1.756679
707.5  0.335444  1.417692  1.753136
708.0  0.336827  1.420546  1.757372
708.5  0.328948  1.425937  1.754885
709.0  0.314072  1.442145  1.756217
709.5  0.297315  1.459967  1.757282
710.0  0.285167  1.471187  1.756354
710.5  0.283155  1.476595  1.759750
711.0  0.293480  1.462628  1.756108
711.5  0.313842  1.443691  1.757533
712.0  0.338201  1.417219  1.755420
712.5  0.359227  1.396253  1.755480
713.0  0.371220  1.386233  1.757453
713.5  0.372177  1.381628  1.753804
714.0  0.364269  1.397699  1.761969
714.5  0.352790  1.400552  1.753342
715.0  0.344145  1.419211  1.763356
715.5  0.343654  1.410585  1.754238
716.0  0.353858  1.409860  1.763717
716.5  0.373805  1.379380  1.753186
717.0  0.399439  1.361095  1.760534
717.5  0.424844  1.328331  1.753175
718.0  0.443947  1.314368  1.758315
718.5  0.452200  1.301787  1.753987
719.0  0.447910  1.305873  1.753783
719.5  0.432913  1.322417  1.755330
720.0  0.412258  1.343390  1.755648
720.5  0.392733  1.364339  1.757073
721.0  0.380453  1.375283  1.755736
721.5  0.378431  1.376376  1.754807
722.0  0.385346  1.370455  1.755800
722.5  0.396255  1.356365  1.752621
723.0  0.404911  1.352059  1.756970
723.5  0.406475  1.345757  1.752233
724.0  0.399381  1.355757  1.755138
724.5  0.385725  1.366214  1.751939
725.0  0.370307  1.386124  1.756432
725.5  0.358871  1.398173  1.757044
726.0  0.356188  1.395848  1.752037
726.5  0.364581  1.393449  1.758030
727.0  0.383254  1.367232  1.750486
727.5  0.408562  1.352523  1.761086
728.0  0.435081  1.314507  1.749588
728.5  0.457103  1.301796  1.758899
729.0  0.470208  1.281614  1.751822
729.5  0.472515  1.285496  1.758012
730.0  0.465311  1.288950  1.754261
730.5  0.452711  1.302717  1.755428
731.0  0.440218  1.317009  1.757227
731.5  0.432453  1.323897  1.756350
732.0  0.431007  1.325784  1.756791
732.5  0.433548  1.322017  1.755565
733.0  0.434788  1.321767  1.756555
733.5  0.428883  1.328261  1.757144
734.0  0.412023  1.341659  1.753682
734.5  0.384065  1.373964  1.758029
735.0  0.348668  1.406368  1.755036
735.5  0.312118  1.447563  1.759681
736.0  0.281385  1.472919  1.754304
736.5  0.262091  1.494534  1.756625
737.0  0.256945  1.500128  1.757073
737.5  0.265071  1.491189  1.756259
738.0  0.282360  1.476247  1.758607
738.5  0.302704  1.449425  1.752130
739.0  0.319743  1.440233  1.759976
739.5  0.328678  1.422732  1.751411
740.0  0.327727  1.433944  1.761671
740.5  0.318800  1.432365  1.751165
741.0  0.307032  1.453917  1.760949
741.5  0.299025  1.455201  1.754226
742.0  0.300212  1.460276  1.760489
742.5  0.312438  1.443878  1.756316
743.0  0.332996  1.424888  1.757884
743.5  0.355745  1.401217  1.756962
744.0  0.373735  1.382940  1.756676
744.5  0.381986  1.374767  1.756753
745.0  0.379200  1.377420  1.756619
745.5  0.367914  1.387837  1.755751
746.0  0.353318  1.405684  1.759002
746.5  0.341349  1.411843  1.753192
747.0  0.336738  1.424032  1.760771
747.5  0.341560  1.411290  1.752850
748.0  0.354642  1.405690  1.760332
748.5  0.371949  1.379866  1.751815
749.0  0.387767  1.366934  1.754702
749.5  0.396340  1.357764  1.754104
750.0  0.393554  1.359355  1.752909
750.5  0.378298  1.378785  1.757083
751.0  0.353116  1.394307  1.747423
751.5  0.323800  1.436749  1.760549
752.0  0.297720  1.452932  1.750653
752.5  0.281236  1.477936  1.759172
753.0  0.277201  1.473758  1.750959
753.5  0.283843  1.474670  1.758513
754.0  0.295714  1.458884  1.754598
754.5  0.306249  1.447667  1.753916
755.0  0.310613  1.445202  1.755814
755.5  0.307537  1.447177  1.754714
756.0  0.299579  1.457708  1.757287
756.5  0.291967  1.464728  1.756695
757.0  0.290654  1.465813  1.756467
757.5  0.300271  1.457745  1.758016
758.0  0.322586  1.432594  1.755180
758.5  0.355844  1.403670  1.759514
759.0  0.395129  1.358828  1.753957
759.5  0.433592  1.325535  1.759128
760.0  0.464196  1.289902  1.754098
760.5  0.481574  1.274682  1.756256
761.0  0.483590  1.273196  1.756786
761.5  0.472144  1.282566  1.754710
762.0  0.452777  1.306421  1.759198
762.5  0.432863  1.319034  1.751897
763.0  0.418796  1.344717  1.763513
763.5  0.413352  1.338011  1.751363
764.0  0.414605  1.348363  1.762968
764.5  0.417066  1.332654  1.749719
765.0  0.414432  1.347880  1.762313
765.5  0.402483  1.349297  1.751780
766.0  0.380838  1.380047  1.760885
766.5  0.353054  1.401496  1.754550
767.0  0.325327  1.433579  1.758906
767.5  0.304429  1.451944  1.756374
768.0  0.295606  1.462532  1.758137
768.5  0.301022  1.456974  1.757996
769.0  0.319179  1.437461  1.756639
769.5  0.345385  1.408959  1.754344
770.0  0.373099  1.382220  1.755320
770.5  0.395731  1.356643  1.752373
771.0  0.408465  1.348032  1.756497
771.5  0.409698  1.338036  1.747734
772.0  0.401679  1.355732  1.757410
772.5  0.389951  1.357782  1.747734
773.0  0.381467  1.378389  1.759856
773.5  0.381808  1.365510  1.747318
774.0  0.392705  1.362610  1.755315
774.5  0.411165  1.339768  1.750933
775.0  0.430753  1.321274  1.752027
775.5  0.444370  1.308853  1.753223
776.0  0.447109  1.299131  1.746241
776.5  0.437963  1.318984  1.756947
777.0  0.419924  1.326442  1.746366
777.5  0.398738  1.359778  1.758516
778.0  0.380919  1.364948  1.745867
778.5  0.371689  1.384084  1.755772
779.0  0.373451  1.376044  1.749496
779.5  0.385173  1.367444  1.752618
780.0  0.402803  1.347589  1.750392
780.5  0.420524  1.330900  1.751424
781.0  0.432457  1.317844  1.750301
781.5  0.434371  1.315097  1.749468
782.0  0.425028  1.324116  1.749144
782.5  0.406769  1.346499  1.753269
783.0  0.384980  1.362831  1.747811
783.5  0.366300  1.388855  1.755155
784.0  0.356001  1.390246  1.746247
784.5  0.355626  1.402011  1.757637
785.0  0.362174  1.383539  1.745713
785.5  0.369349  1.385986  1.755334
786.0  0.370266  1.375402  1.745668
786.5  0.360265  1.391753  1.752018
787.0  0.338615  1.412085  1.750701
787.5  0.308642  1.439322  1.747964
788.0  0.276477  1.479013  1.755490
788.5  0.248997  1.497156  1.746153
789.0  0.231654  1.525580  1.757234
789.5  0.226835  1.517205  1.744040
790.0  0.233247  1.525666  1.758914
790.5  0.246471  1.499020  1.745492
791.0  0.260466  1.495967  1.756432
791.5  0.269544  1.478209  1.747753
792.0  0.270244  1.484624  1.754869
792.5  0.262626  1.489305  1.751931
793.0  0.250570  1.501828  1.752398
793.5  0.240804  1.510937  1.751741
794.0  0.240651  1.511836  1.752487
794.5  0.255137  1.497579  1.752716
795.0  0.284684  1.468898  1.753582
795.5  0.324622  1.423898  1.748520
796.0  0.366876  1.387043  1.753919
796.5  0.402999  1.342006  1.745005
797.0  0.427095  1.329520  1.756615
797.5  0.437472  1.304166  1.741638
798.0  0.436665  1.320977  1.757642
798.5  0.430105  1.314930  1.745035
799.0  0.424049  1.332523  1.756572
799.5  0.423451  1.322394  1.745845
800.0  0.430368  1.320390  1.750758
800.5  0.443363  1.308304  1.751667
801.0  0.458027  1.288369  1.746396
801.5  0.468414  1.286320  1.754734
802.0  0.468922  1.273406  1.742328
802.5  0.456118  1.298466  1.754584
803.0  0.430027  1.313746  1.743773
803.5  0.394511  1.361491  1.756002
804.0  0.356407  1.390768  1.747175
804.5  0.323426  1.429276  1.752702
805.0  0.301399  1.448482  1.749881
805.5  0.292038  1.460576  1.752614
806.0  0.292404  1.459568  1.751972
806.5  0.296452  1.454697  1.751149
807.0  0.297853  1.452472  1.750325
807.5  0.292726  1.460239  1.752965
808.0  0.281127  1.466670  1.747797
808.5  0.266936  1.488976  1.755912
809.0  0.256397  1.490343  1.746740
809.5  0.255941  1.502687  1.758628
810.0  0.269994  1.475667  1.745661
810.5  0.299439  1.457540  1.756979
811.0  0.341187  1.406135  1.747322
811.5  0.388954  1.365289  1.754243
812.0  0.434971  1.315301  1.750271
812.5  0.472078  1.277524  1.749602
813.0  0.495646  1.257556  1.753202
813.5  0.504822  1.241824  1.746646
814.0  0.502722  1.255599  1.758320
814.5  0.495325  1.251288  1.746613
815.0  0.489179  1.270325  1.759504
815.5  0.488641  1.259139  1.747780
816.0  0.493892  1.265159  1.759052
816.5  0.500818  1.247566  1.748384
817.0  0.502883  1.252140  1.755023
817.5  0.494064  1.255491  1.749555
818.0  0.471417  1.282236  1.753653
818.5  0.436301  1.316612  1.752913
819.0  0.393984  1.358153  1.752136
819.5  0.352006  1.401728  1.753734
820.0  0.317905  1.432975  1.750881
820.5  0.297024  1.457847  1.754871
821.0  0.291020  1.462626  1.753646
821.5  0.297540  1.453118  1.750658
822.0  0.311111  1.442184  1.753296
822.5  0.324943  1.420621  1.745563
823.0  0.333072  1.423802  1.756874
823.5  0.332249  1.409589  1.741838
824.0  0.323033  1.434061  1.757094
824.5  0.309710  1.429973  1.739683
825.0  0.298852  1.459347  1.758199
825.5  0.296792  1.447161  1.743953
826.0  0.306933  1.446377  1.753311
826.5  0.328146  1.418253  1.746400
827.0  0.355120  1.392908  1.748028
827.5  0.380526  1.371699  1.752225
828.0  0.397890  1.345639  1.743529
828.5  0.403893  1.347188  1.751082
829.0  0.399306  1.342905  1.742210
829.5  0.388451  1.364715  1.753166
830.0  0.377584  1.370458  1.748042
830.5  0.372756  1.379725  1.752481
831.0  0.377787  1.372653  1.750441
831.5  0.392963  1.356978  1.749940
832.0  0.414833  1.335960  1.750793
832.5  0.437210  1.312316  1.749526
833.0  0.453027  1.297442  1.750470
833.5  0.456524  1.293713  1.750237
834.0  0.445120  1.300636  1.745755
834.5  0.420431  1.332616  1.753047
835.0  0.387976  1.356015  1.743991
835.5  0.355431  1.402721  1.758152
836.0  0.329835  1.412074  1.741909
836.5  0.314837  1.443147  1.757984
837.0  0.309308  1.432368  1.741675
837.5  0.308061  1.448726  1.756787
838.0  0.304297  1.439116  1.743414
838.5  0.292539  1.459827  1.752365
839.0  0.270805  1.477858  1.748663
839.5  0.241360  1.507804  1.749164
840.0  0.210022  1.542917  1.752939
840.5  0.184424  1.562698  1.747122
841.0  0.171741  1.584517  1.756258
841.5  0.176511  1.571431  1.747942
842.0  0.199191  1.556225  1.755416
842.5  0.235895  1.512607  1.748502
843.0  0.279461  1.473760  1.753221
843.5  0.321501  1.429651  1.751152
844.0  0.354833  1.395399  1.750232
844.5  0.375592  1.377086  1.752679
845.0  0.384374  1.366407  1.750781
845.5  0.385932  1.368667  1.754599
846.0  0.387282  1.364614  1.751896
846.5  0.394725  1.360008  1.754732
847.0  0.410996  1.343177  1.754172
847.5  0.433953  1.315202  1.749155
848.0  0.457494  1.298179  1.755673
848.5  0.474165  1.271383  1.745548
849.0  0.478126  1.280073  1.758200
849.5  0.467206  1.276094  1.743300
850.0  0.443486  1.314831  1.758317
850.5  0.412523  1.331607  1.744131
851.0  0.381640  1.376758  1.758398
851.5  0.357811  1.390564  1.748374
852.0  0.345693  1.408775  1.754468
852.5  0.346342  1.404114  1.750456
853.0  0.357005  1.393924  1.750929
853.5  0.372068  1.380710  1.752778
854.0  0.384887  1.362070  1.746957
854.5  0.389960  1.359918  1.749878
855.0  0.384841  1.363020  1.747862
855.5  0.371199  1.379641  1.750839
856.0  0.354504  1.396973  1.751477
856.5  0.342164  1.407792  1.749956
857.0  0.340572  1.411367  1.751939
857.5  0.352290  1.396867  1.749156
858.0  0.374830  1.378430  1.753259
858.5  0.401674  1.347831  1.749504
859.0  0.424964  1.323397  1.748361
859.5  0.438460  1.313943  1.752403
860.0  0.439521  1.307880  1.747401
860.5  0.429602  1.327102  1.756704
861.0  0.413429  1.331417  1.744846
861.5  0.397320  1.362163  1.759483
862.0  0.387156  1.357391  1.744548
862.5  0.386552  1.373988  1.760540
863.0  0.395699  1.351207  1.746905
863.5  0.411278  1.346391  1.757669
864.0  0.427481  1.320617  1.748098
864.5  0.437857  1.316490  1.754348
865.0  0.437447  1.314702  1.752149
865.5  0.424597  1.328092  1.752689
866.0  0.401863  1.351686  1.753549
866.5  0.375515  1.377202  1.752717
867.0  0.353486  1.401856  1.755341
867.5  0.342327  1.412496  1.754823
868.0  0.344470  1.410531  1.755002
868.5  0.357206  1.397959  1.755165
869.0  0.373942  1.378690  1.752632
869.5  0.387025  1.369531  1.756557
870.0  0.390669  1.358851  1.749520
870.5  0.382804  1.373748  1.756552
871.0  0.365420  1.383231  1.748652
871.5  0.343616  1.412854  1.756470
872.0  0.323844  1.423629  1.747473
872.5  0.311870  1.443059  1.754929
873.0  0.310971  1.440420  1.751391
873.5  0.320882  1.430421  1.751303
874.0  0.337834  1.415411  1.753245
874.5  0.355700  1.391445  1.747145
875.0  0.367915  1.387491  1.755406
875.5  0.369618  1.374398  1.744016
876.0  0.359380  1.397411  1.756791
876.5  0.339979  1.404838  1.744817
877.0  0.317745  1.438248  1.755993
877.5  0.300437  1.446451  1.746888
878.0  0.294251  1.459968  1.754219
878.5  0.301270  1.449280  1.750550
879.0  0.318651  1.432709  1.751360
879.5  0.339977  1.410737  1.750715
880.0  0.357987  1.391572  1.749559
880.5  0.367315  1.383725  1.751040
881.0  0.366140  1.384946  1.751086
881.5  0.356423  1.392542  1.748965
882.0  0.342954  1.410420  1.753374
882.5  0.331665  1.415299  1.746964
883.0  0.327717  1.426399  1.754115
883.5  0.333831  1.415234  1.749065
884.0  0.349364  1.404648  1.754013
884.5  0.370410  1.379761  1.750171
885.0  0.390936  1.358386  1.749322
885.5  0.404615  1.348378  1.752993
886.0  0.406843  1.339793  1.746636
886.5  0.396352  1.359830  1.756181
887.0  0.375900  1.368728  1.744627
887.5  0.351586  1.405957  1.757543
888.0  0.330732  1.416576  1.747308
888.5  0.318960  1.438296  1.757255
889.0  0.317782  1.431565  1.749346
889.5  0.323990  1.431198  1.755188
890.0  0.331208  1.420478  1.751685
890.5  0.332745  1.419384  1.752129
891.0  0.324343  1.428514  1.752858
891.5  0.305715  1.447115  1.752830
892.0  0.280574  1.474029  1.754604
892.5  0.255436  1.498968  1.754404
893.0  0.237680  1.516424  1.754104
893.5  0.233421  1.525108  1.758528
894.0  0.245719  1.508595  1.754314
894.5  0.273630  1.485668  1.759299
895.0  0.312408  1.439292  1.751700
895.5  0.354816  1.404033  1.758849
896.0  0.393175  1.360572  1.753747
896.5  0.421560  1.338141  1.759700
897.0  0.437517  1.316889  1.754407
897.5  0.442773  1.312251  1.755025
898.0  0.442515  1.316012  1.758527
898.5  0.443258  1.311973  1.755231
899.0  0.449990  1.312516  1.762506
899.5  0.463863  1.288415  1.752278
900.0  0.481623  1.282390  1.764012
900.5  0.497068  1.255984  1.753052
901.0  0.503701  1.256145  1.759846
901.5  0.497267  1.255491  1.752758
902.0  0.477210  1.283919  1.761128
902.5  0.446766  1.311096  1.757862
903.0  0.411933  1.346003  1.757937
903.5  0.379743  1.376978  1.756721
904.0  0.356299  1.401852  1.758151
904.5  0.345095  1.413847  1.758942
905.0  0.346088  1.412300  1.758388
905.5  0.355843  1.399148  1.754991
906.0  0.368711  1.389709  1.758420
906.5  0.378703  1.374236  1.752939
907.0  0.381479  1.378290  1.759769
907.5  0.375915  1.374791  1.750706
908.0  0.364705  1.393318  1.758023
908.5  0.353603  1.396981  1.750584
909.0  0.349282  1.411777  1.761059
909.5  0.356464  1.402476  1.758940
910.0  0.375613  1.383816  1.759429
910.5  0.402431  1.357419  1.759851
911.0  0.429457  1.323254  1.752711
911.5  0.448924  1.315467  1.764391
912.0  0.455488  1.300668  1.756156
912.5  0.447817  1.318902  1.766718
913.0  0.428715  1.325594  1.754309
913.5  0.404045  1.360396  1.764441
914.0  0.380877  1.378794  1.759671
914.5  0.365379  1.401023  1.766402
915.0  0.360978  1.400893  1.761872
915.5  0.367333  1.394712  1.762044
916.0  0.380464  1.381326  1.761789
916.5  0.394029  1.368420  1.762449
917.0  0.401358  1.360015  1.761372
917.5  0.397645  1.364177  1.761822
918.0  0.381678  1.378119  1.759797
918.5  0.356508  1.407477  1.763985
919.0  0.328637  1.429525  1.758162
919.5  0.305725  1.460494  1.766219
920.0  0.293547  1.464069  1.757615
920.5  0.293579  1.472953  1.766533
921.0  0.302457  1.453799  1.756256
921.5  0.313552  1.451411  1.764963
922.0  0.319770  1.439377  1.759147
922.5  0.316201  1.444584  1.760785
923.0  0.301653  1.458758  1.760412
923.5  0.278823  1.478697  1.757520
924.0  0.253338  1.509736  1.763074
924.5  0.232083  1.524373  1.756456
925.0  0.221213  1.543589  1.764802
925.5  0.224350  1.531515  1.755865
926.0  0.241473  1.522713  1.764186
926.5  0.268889  1.488387  1.757276
927.0  0.300352  1.461029  1.761382
927.5  0.328994  1.428804  1.757797
928.0  0.349499  1.409751  1.759250
928.5  0.359866  1.400031  1.759897
929.0  0.362113  1.397273  1.759386
929.5  0.361517  1.397825  1.759342
930.0  0.364411  1.397519  1.761931
930.5  0.375341  1.382935  1.758276
931.0  0.394910  1.367130  1.762039
931.5  0.419432  1.335552  1.754984
932.0  0.442515  1.321356  1.763871
932.5  0.457633  1.296272  1.753906
933.0  0.460448  1.300899  1.761347
933.5  0.450058  1.303773  1.753831
934.0  0.429036  1.331603  1.760639
934.5  0.402500  1.357025  1.759526
935.0  0.376601  1.379825  1.756426
935.5  0.356767  1.403455  1.760222
936.0  0.346133  1.407782  1.753915
936.5  0.344600  1.418093  1.762692
937.0  0.348878  1.404391  1.753269
937.5  0.353574  1.407001  1.760574
938.0  0.353028  1.398706  1.751735
938.5  0.343364  1.415941  1.759305
939.0  0.324102  1.433082  1.757184
939.5  0.298748  1.460777  1.759525
940.0  0.273911  1.484235  1.758145
940.5  0.257009  1.500827  1.757836
941.0  0.253360  1.505194  1.758554
941.5  0.263989  1.497328  1.761317
942.0  0.285303  1.472639  1.757941
942.5  0.310740  1.449105  1.759845
943.0  0.333474  1.419609  1.753083
943.5  0.348841  1.414084  1.762925
944.0  0.355650  1.397536  1.753186
944.5  0.356192  1.406925  1.763117
945.0  0.355238  1.398709  1.753947
945.5  0.358428  1.406245  1.764672
946.0  0.370447  1.387980  1.758427
946.5  0.393447  1.366424  1.759871
947.0  0.426144  1.332987  1.759131
947.5  0.463931  1.294460  1.758392
948.0  0.500039  1.264322  1.764360
948.5  0.527436  1.225966  1.753402
949.0  0.540948  1.221123  1.762071
949.5  0.538942  1.214913  1.753854
950.0  0.523993  1.240922  1.764915
950.5  0.502100  1.253279  1.755379
951.0  0.480476  1.283126  1.763602
951.5  0.464695  1.294325  1.759020
952.0  0.456493  1.305530  1.762024
952.5  0.453343  1.307347  1.760690
953.0  0.449947  1.310835  1.760782
953.5  0.440754  1.319358  1.760112
954.0  0.422265  1.337158  1.759423
954.5  0.394276  1.365614  1.759890
955.0  0.359905  1.400756  1.760661
955.5  0.324641  1.433162  1.757804
956.0  0.294812  1.468084  1.762896
956.5  0.275831  1.478112  1.753943
957.0  0.270665  1.493216  1.763881
957.5  0.278928  1.472143  1.751071
958.0  0.296937  1.466132  1.763069
958.5  0.318776  1.431672  1.750448
959.0  0.338094  1.422521  1.760615
959.5  0.350130  1.401876  1.752006
960.0  0.353348  1.401454  1.754802
960.5  0.350066  1.407892  1.757958
961.0  0.345641  1.408153  1.753794
961.5  0.346270  1.414814  1.761084
962.0  0.356195  1.393573  1.749768
962.5  0.375643  1.384066  1.759710
963.0  0.400596  1.350674  1.751270
963.5  0.424449  1.334069  1.758518
964.0  0.440631  1.311532  1.752163
964.5  0.444893  1.310032  1.754926
965.0  0.436483  1.319089  1.755572
965.5  0.418059  1.340855  1.758914
966.0  0.394666  1.363892  1.758558
966.5  0.372174  1.385887  1.758062
967.0  0.355556  1.400618  1.756173
967.5  0.347417  1.414288  1.761706
968.0  0.347186  1.407799  1.754985
968.5  0.351243  1.411693  1.762936
969.0  0.354045  1.396431  1.750476
969.5  0.349957  1.412287  1.762245
970.0  0.335288  1.416379  1.751667
970.5  0.309907  1.452340  1.762248
971.0  0.277802  1.475440  1.753242
971.5  0.246095  1.512063  1.758158
972.0  0.222610  1.534081  1.756691
972.5  0.212841  1.543103  1.755943
973.0  0.217774  1.541946  1.759720
973.5  0.233671  1.518824  1.752495
974.0  0.253852  1.506607  1.760460
974.5  0.271466  1.479706  1.751173
975.0  0.281901  1.477444  1.759345
975.5  0.284034  1.468855  1.752889
976.0  0.280190  1.478048  1.758238
976.5  0.275099  1.480247  1.755346
977.0  0.274266  1.481877  1.756142
977.5  0.282173  1.473617  1.755789
978.0  0.300774  1.455031  1.755804
978.5  0.328719  1.427225  1.755944
979.0  0.361596  1.395646  1.757242
979.5  0.393172  1.361013  1.754185
980.0  0.417294  1.341258  1.758552
980.5  0.429922  1.320396  1.750318
981.0  0.430637  1.330427  1.761063
981.5  0.423021  1.326613  1.749633
982.0  0.413504  1.349425  1.762929
982.5  0.408838  1.340517  1.749355
983.0  0.413188  1.346867  1.760055
983.5  0.426261  1.325341  1.751602
984.0  0.443477  1.313025  1.756502
984.5  0.458013  1.297264  1.755278
985.0  0.463582  1.289047  1.752629
985.5  0.456674  1.299300  1.755975
986.0  0.437572  1.311445  1.749017
986.5  0.410102  1.348505  1.758607
987.0  0.380456  1.369078  1.749534
987.5  0.355443  1.401838  1.757281
988.0  0.340572  1.410822  1.751394
988.5  0.338423  1.417684  1.756107
989.0  0.347809  1.405086  1.752895
989.5  0.364079  1.389724  1.753803
990.0  0.380550  1.373660  1.754210
990.5  0.390694  1.361844  1.752539
991.0  0.390440  1.361739  1.752179
991.5  0.379813  1.373882  1.753695
992.0  0.363243  1.388204  1.751447
992.5  0.348107  1.409946  1.758053
993.0  0.341808  1.409182  1.750990
993.5  0.348563  1.412583  1.761145
994.0  0.367469  1.379693  1.747163
994.5  0.392861  1.366514  1.759375
995.0  0.416654  1.331878  1.748532
995.5  0.431386  1.329705  1.761091
996.0  0.432615  1.316999  1.749614
996.5  0.420010  1.335426  1.755435
997.0  0.397168  1.356582  1.753750
997.5  0.370485  1.383523  1.754008
998.0  0.347403  1.409198  1.756601
998.5  0.334389  1.417076  1.751464
999.0  0.335073  1.425363  1.760435
999.5  0.349112  1.402309  1.751421
1000.0  0.372220  1.386554  1.758774
