0.0  282.3674
0.5  293.4693
1.0  297.3656
1.5  293.5859
2.0  284.5674
2.5  274.7966
3.0  269.0868
3.5  270.6910
4.0  280.0551
4.5  294.7222
5.0  310.3487
5.5  322.3109
6.0  327.2148
6.5  323.8150
7.0  313.1800
7.5  298.2116
8.0  282.7277
8.5  270.3318
9.0  263.3075
9.5  261.8365
10.0  263.8581
10.5  265.7470
11.0  263.6706
11.5  255.1441
12.0  240.1527
12.5  221.3446
13.0  203.1648
13.5  190.2392
14.0  185.6551
14.5  189.8511
15.0  200.5565
15.5  213.7406
16.0  225.0990
16.5  231.4606
17.0  231.6581
17.5  226.6951
18.0  219.2869
18.5  212.9588
19.0  210.9169
19.5  214.9413
20.0  224.6246
20.5  237.2840
21.0  248.7195
21.5  254.6544
22.0  252.3528
22.5  241.7662
23.0  225.7070
23.5  208.9277
24.0  196.4309
24.5  191.6795
25.0  195.4384
25.5  205.6943
26.0  218.6047
26.5  229.9900
27.0  236.7439
27.5  237.7016
28.0  233.8117
28.5  227.6926
29.0  222.7608
29.5  222.1353
30.0  227.5578
30.5  238.6406
31.0  252.7742
31.5  265.8716
32.0  273.7870
32.5  273.8926
33.0  266.1606
33.5  253.2650
34.0  239.6220
34.5  229.7373
35.0  226.5361
35.5  230.3625
36.0  239.0247
36.5  248.7758
37.0  255.7445
37.5  257.2330
38.0  252.4834
38.5  242.7903
39.0  231.0417
39.5  220.8515
40.0  215.4688
40.5  216.7045
41.0  224.2041
41.5  235.4078
42.0  246.3549
42.5  253.1275
43.0  253.3887
43.5  247.3685
44.0  237.8534
44.5  229.1458
45.0  225.3950
45.5  228.9848
46.0  239.6496
46.5  254.6588
47.0  269.9189
47.5  281.4706
48.0  286.7835
48.5  285.4588
49.0  279.2331
49.5  271.3888
50.0  265.7521
50.5  265.4948
51.0  272.0156
51.5  284.2636
52.0  298.8499
52.5  311.0640
53.0  316.5216
53.5  312.8316
54.0  300.6034
54.5  283.3438
55.0  266.2299
55.5  254.2034
56.0  250.1409
56.5  253.8544
57.0  262.3060
57.5  270.8693
58.0  275.0427
58.5  271.9371
59.0  261.0938
59.5  244.5139
60.0  226.0103
60.5  210.0841
61.0  200.5681
61.5  199.3652
62.0  205.6986
62.5  216.2435
63.0  226.2325
63.5  231.1904
64.0  228.6392
64.5  219.0846
65.0  205.8773
65.5  193.9762
66.0  188.0729
66.5  190.8164
67.0  201.8506
67.5  218.0229
68.0  234.5977
68.5  246.9103
69.0  251.8215
69.5  248.5542
70.0  238.7895
70.5  226.1029
71.0  214.8944
71.5  209.0173
72.0  210.4317
72.5  218.3488
73.0  229.3106
73.5  238.3365
74.0  240.7765
74.5  234.1468
75.0  219.2049
75.5  199.8269
76.0  181.7113
76.5  170.3773
77.0  169.2157
77.5  178.3556
78.0  194.7695
78.5  213.4979
79.0  229.4242
79.5  238.9082
80.0  240.7877
80.5  236.5823
81.0  229.9621
81.5  225.6429
82.0  227.9226
82.5  239.1997
83.0  258.9650
83.5  283.7541
84.0  308.2202
84.5  326.9788
85.0  336.4861
85.5  336.2042
86.0  328.6210
86.5  318.1535
87.0  309.3757
87.5  305.2636
88.0  306.1459
88.5  309.7426
89.0  312.1941
89.5  309.5815
90.0  299.3271
90.5  281.0426
91.0  256.6803
91.5  230.0463
92.0  205.8093
92.5  188.1797
93.0  179.5588
93.5  179.6290
94.0  185.3662
94.5  192.1472
95.0  195.5946
95.5  193.3987
96.0  186.3398
96.5  178.0817
97.0  173.8099
97.5  178.2346
98.0  193.7416
98.5  219.4231
99.0  251.3454
99.5  283.8728
100.0  311.4517
100.5  330.1813
101.0  338.7244
101.5  338.4260
102.0  332.7270
102.5  326.0358
103.0  322.2755
103.5  323.4563
104.0  328.7773
104.5  334.7341
105.0  336.3511
105.5  329.1190
106.0  310.8497
106.5  282.6878
107.0  248.8860
107.5  215.4372
108.0  188.0799
108.5  170.4344
109.0  162.9820
109.5  163.2413
110.0  166.9786
110.5  169.8854
111.0  169.0683
111.5  163.9080
112.0  156.1430
112.5  149.2570
113.0  147.3430
113.5  153.6863
114.0  169.4402
114.5  192.8872
115.0  219.7094
115.5  244.3099
116.0  261.7176
116.5  269.2958
117.0  267.5655
117.5  259.8434
118.0  250.8710
118.5  244.9825
119.0  244.5249
119.5  249.1335
120.0  256.0929
120.5  261.5469
121.0  262.0104
121.5  255.6151
122.0  242.7401
122.5  225.9441
123.0  209.2876
123.5  197.2021
124.0  193.1267
124.5  198.2649
125.0  210.9404
125.5  226.9546
126.0  240.9759
126.5  248.4804
127.0  247.4531
127.5  239.1443
128.0  227.5778
128.5  218.0065
129.0  214.9186
129.5  220.3797
130.0  233.3562
130.5  250.2428
131.0  266.2932
131.5  277.3165
132.0  281.0112
132.5  277.5690
133.0  269.4971
133.5  260.8035
134.0  255.7643
134.5  257.5438
135.0  267.0335
135.5  282.3523
136.0  299.3335
136.5  312.9484
137.0  319.1547
137.5  316.4142
138.0  306.2586
138.5  292.6827
139.0  280.6154
139.5  274.0617
140.0  274.6399
140.5  281.0717
141.0  289.7847
141.5  296.3166
142.0  296.9245
142.5  289.8135
143.0  275.6446
143.5  257.2682
144.0  238.8308
144.5  224.4949
145.0  217.0821
145.5  217.0299
146.0  222.0830
146.5  227.9713
147.0  229.9444
147.5  224.6150
148.0  211.3781
148.5  192.8263
149.0  173.9682
149.5  160.5147
150.0  156.8562
150.5  164.5029
151.0  181.5972
151.5  203.6607
152.0  225.2210
152.5  241.6476
153.0  250.5419
153.5  252.3004
154.0  249.7863
154.5  247.2711
155.0  248.9369
155.5  257.3374
156.0  272.3060
156.5  290.7691
157.0  307.6534
157.5  317.6230
158.0  316.9946
158.5  305.0880
159.0  284.5114
159.5  260.2844
160.0  238.1185
160.5  222.4766
161.0  215.1313
161.5  214.7562
162.0  217.6629
162.5  219.3250
163.0  216.0673
163.5  206.3284
164.0  191.1560
164.5  173.8712
165.0  159.0342
165.5  150.9803
166.0  152.3165
166.5  162.8843
167.0  179.6530
167.5  197.7089
168.0  212.0255
168.5  219.3172
169.0  219.2350
169.5  214.4437
170.0  209.5666
170.5  209.3975
171.0  217.0521
171.5  232.7689
172.0  253.8075
172.5  275.4411
173.0  292.5949
173.5  301.4922
174.0  300.7775
174.5  291.8561
175.0  278.4435
175.5  265.4653
176.0  257.5406
176.5  257.4174
177.0  264.8767
177.5  276.6238
178.0  287.3692
178.5  291.7718
179.0  286.4839
179.5  271.4842
180.0  250.1981
180.5  228.3771
181.0  212.1498
181.5  205.9523
182.0  211.1017
182.5  225.5258
183.0  244.6849
183.5  263.2395
184.0  276.7944
184.5  283.1451
185.0  282.7451
185.5  278.3822
186.0  274.1967
186.5  274.2610
187.0  281.0578
187.5  294.3549
188.0  310.9994
188.5  325.8662
189.0  333.6740
189.5  330.9383
190.0  317.2699
190.5  295.5276
191.0  270.8010
191.5  248.6238
192.0  233.0892
192.5  225.5758
193.0  224.5437
193.5  226.4065
194.0  227.0458
194.5  223.3436
195.0  214.2220
195.5  200.9572
196.0  186.7810
196.5  175.9066
197.0  172.1854
197.5  177.7133
198.0  191.8524
198.5  211.1500
199.0  230.3462
199.5  244.1663
200.0  249.1867
200.5  245.0221
201.0  234.3833
201.5  222.0080
202.0  212.8756
202.5  210.3831
203.0  215.1763
203.5  225.0704
204.0  236.0242
204.5  243.7031
205.0  244.9980
205.5  239.0076
206.0  227.2796
206.5  213.3453
207.0  201.6920
207.5  196.3803
208.0  199.6388
208.5  210.9193
209.0  226.8898
209.5  242.5178
210.0  252.8821
210.5  254.9776
211.0  248.7907
211.5  237.2523
212.0  225.1169
212.5  217.1915
213.0  216.5719
213.5  223.5528
214.0  235.6218
214.5  248.4919
215.0  257.7047
215.5  260.1673
216.0  255.1197
216.5  244.3190
217.0  231.4779
217.5  221.1328
218.0  217.2013
218.5  221.6066
219.0  233.4547
219.5  249.1822
220.0  263.7411
220.5  272.4060
221.0  272.4871
221.5  264.2863
222.0  250.9661
222.5  237.4002
223.0  228.4235
223.5  227.1125
224.0  233.7337
224.5  245.7533
225.0  258.8583
225.5  268.5338
226.0  271.5798
226.5  267.0797
227.0  256.6140
227.5  243.7511
228.0  232.9733
228.5  228.2755
229.0  231.7912
229.5  242.9269
230.0  258.4348
230.5  273.5232
231.0  283.6067
231.5  285.9896
232.0  280.8185
232.5  270.9826
233.0  261.0400
233.5  255.5739
234.0  257.5640
234.5  267.3524
235.0  282.5688
235.5  298.9999
236.0  312.0288
236.5  318.1027
237.0  315.7696
237.5  306.0403
238.0  292.0331
238.5  277.9928
239.0  267.8897
239.5  263.9804
240.0  265.8698
240.5  270.5565
241.0  273.5591
241.5  270.6829
242.0  259.6741
242.5  241.0959
243.0  218.1434
243.5  195.5359
244.0  177.9178
244.5  168.3412
245.0  167.3552
245.5  172.9993
246.0  181.6483
246.5  189.3401
247.0  193.0946
247.5  191.8205
248.0  186.6043
248.5  180.3440
249.0  176.8022
249.5  179.2667
250.0  189.2025
250.5  205.4397
251.0  224.3601
251.5  241.1298
252.0  251.4852
252.5  253.3017
253.0  247.3146
253.5  236.7693
254.0  226.2024
254.5  219.8257
255.0  220.0947
255.5  226.9550
256.0  238.0015
256.5  249.4323
257.0  257.3952
257.5  259.2435
258.0  254.3413
258.5  244.2621
259.0  232.3732
259.5  222.8761
260.0  219.4655
260.5  223.9595
261.0  235.4375
261.5  250.3761
262.0  263.8665
262.5  271.4416
263.0  270.7251
263.5  262.2328
264.0  249.0732
264.5  235.7378
265.0  226.4731
265.5  223.8345
266.0  227.9266
266.5  236.5622
267.0  246.2053
267.5  253.2884
268.0  255.4238
268.5  252.1617
269.0  245.1485
269.5  237.6809
270.0  233.7245
270.5  236.5707
271.0  247.5024
271.5  265.0233
272.0  285.1222
272.5  302.6021
273.0  312.9483
273.5  313.9317
274.0  306.3114
274.5  293.4301
275.0  279.9295
275.5  270.0852
276.0  266.3548
276.5  268.6367
277.0  274.4666
277.5  280.0164
278.0  281.4778
278.5  276.3363
279.0  264.1736
279.5  246.8427
280.0  228.0146
280.5  212.1731
281.0  203.2338
281.5  203.1574
282.0  211.1072
282.5  223.6325
283.0  235.9293
283.5  243.6730
284.0  244.6229
284.5  239.3552
285.0  230.9062
285.5  223.5471
286.0  221.1836
286.5  225.9569
287.0  237.5268
287.5  253.2505
288.0  269.1330
288.5  281.1565
289.0  286.5210
289.5  284.4470
290.0  276.3799
290.5  265.5756
291.0  256.1194
291.5  251.5448
292.0  253.4362
292.5  260.6032
293.0  269.3317
293.5  274.7504
294.0  272.7437
294.5  261.5582
295.0  242.4414
295.5  219.1358
296.0  196.5174
296.5  178.9264
297.0  168.7874
297.5  165.9717
298.0  168.0696
298.5  171.4099
299.0  172.4236
299.5  168.8903
300.0  160.7217
300.5  150.1042
301.0  140.9579
301.5  137.7682
302.0  144.0248
302.5  160.7583
303.0  185.8359
303.5  214.4878
304.0  240.9540
304.5  260.5422
305.0  271.1916
305.5  273.9457
306.0  272.2657
306.5  270.5545
307.0  272.4828
307.5  279.7024
308.0  291.3513
308.5  304.4542
309.0  315.0043
309.5  319.3180
310.0  315.2368
310.5  302.8718
311.0  284.7242
311.5  265.1162
312.0  248.9652
312.5  240.1479
313.0  239.9992
313.5  246.6559
314.0  255.7006
314.5  261.9266
315.0  261.4419
315.5  253.1897
316.0  239.3104
316.5  224.3091
317.0  213.4227
317.5  210.8019
318.0  218.1333
318.5  234.1431
319.0  255.0876
319.5  275.9893
320.0  292.1578
320.5  300.5335
321.0  300.5297
321.5  294.1976
322.0  285.6264
322.5  279.6034
323.0  279.8062
323.5  287.1648
324.0  299.2023
324.5  310.8375
325.0  316.3812
325.5  311.8101
326.0  296.3102
326.5  272.5331
327.0  245.6046
327.5  221.3616
328.0  204.4753
328.5  197.0863
329.0  198.3622
329.5  205.0411
330.0  212.6840
330.5  217.1660
331.0  215.9591
331.5  208.9142
332.0  198.3899
332.5  188.6498
333.0  184.5342
333.5  189.6559
334.0  204.7410
334.5  226.9382
335.0  250.6070
335.5  269.3413
336.0  278.3083
336.5  275.8775
337.0  263.9642
337.5  247.1179
338.0  230.8226
338.5  219.6504
339.0  215.8773
339.5  218.9688
340.0  226.0226
340.5  232.9275
341.0  235.8028
341.5  232.2808
342.0  222.3285
342.5  208.4319
343.0  195.0313
343.5  187.1934
344.0  188.7711
344.5  200.7041
345.0  220.3285
345.5  242.2107
346.0  260.2155
346.5  269.8252
347.0  269.6643
347.5  261.6938
348.0  250.1791
348.5  239.9606
349.0  234.6977
349.5  235.6708
350.0  241.4908
350.5  248.7329
351.0  253.1956
351.5  251.3316
352.0  241.4287
352.5  224.2708
353.0  203.1427
353.5  183.1094
354.0  169.5956
354.5  166.5540
355.0  174.8796
355.5  191.8838
356.0  212.2546
356.5  230.1400
357.0  241.3745
357.5  244.8730
358.0  242.7272
358.5  239.1492
359.0  238.7808
359.5  245.0012
360.0  258.7837
360.5  278.4251
361.0  300.1621
361.5  319.3932
362.0  332.0719
362.5  335.8734
363.0  330.8714
363.5  319.5889
364.0  306.3397
364.5  295.8820
365.0  291.6727
365.5  294.3876
366.0  301.5042
366.5  308.3190
367.0  309.9811
367.5  303.5473
368.0  289.1285
368.5  269.7530
369.0  250.1643
369.5  235.1126
370.0  227.7659
370.5  228.7467
371.0  236.0578
371.5  245.8544
372.0  253.7492
372.5  256.2101
373.0  251.6519
373.5  240.9632
374.0  227.3428
374.5  215.4051
375.0  209.6561
375.5  212.7255
376.0  224.0693
376.5  239.8816
377.0  254.4471
377.5  262.3680
378.0  260.6182
378.5  249.5447
379.0  232.5362
379.5  214.6580
380.0  200.8530
380.5  194.3392
381.0  195.6891
381.5  202.8210
382.0  211.8289
382.5  218.3256
383.0  218.8639
383.5  212.0522
384.0  199.1066
384.5  183.6935
385.0  170.9997
385.5  166.1201
386.0  172.1695
386.5  188.8723
387.0  212.4096
387.5  236.7713
388.0  256.0393
388.5  266.5267
389.0  267.8646
389.5  262.7446
390.0  255.6208
390.5  250.9767
391.0  251.7777
391.5  258.5669
392.0  269.4076
392.5  280.6029
393.0  287.9055
393.5  287.8401
394.0  278.8043
394.5  261.6983
395.0  239.9068
395.5  218.5014
396.0  202.6941
396.5  195.9333
397.0  198.4424
397.5  207.0449
398.0  216.5375
398.5  221.9842
399.0  220.7837
399.5  213.5862
400.0  203.8241
400.5  196.2519
401.0  195.1698
401.5  202.9682
402.0  219.4075
402.5  241.7624
403.0  265.6909
403.5  286.5041
404.0  300.4669
404.5  305.8215
405.0  303.3131
405.5  296.0562
406.0  288.6308
406.5  285.4861
407.0  289.1048
407.5  298.7460
408.0  310.5310
408.5  318.9922
409.0  319.3595
409.5  309.4749
410.0  290.5334
410.5  266.5190
411.0  242.7505
411.5  224.1586
412.0  213.8636
412.5  212.4327
413.0  217.9538
413.5  226.8218
414.0  234.9452
414.5  239.0159
415.0  237.5277
415.5  231.3179
416.0  223.4667
416.5  218.4374
417.0  220.5162
417.5  231.9802
418.0  251.8057
418.5  275.7108
419.0  297.6912
419.5  312.3389
420.0  316.8074
420.5  311.5853
421.0  299.9319
421.5  286.4127
422.0  275.1968
422.5  268.7107
423.0  267.0191
423.5  268.0222
424.0  268.3122
424.5  264.3670
425.0  253.7341
425.5  235.9198
426.0  212.7901
426.5  188.3332
427.0  167.6906
427.5  155.5452
428.0  154.3195
428.5  162.9932
429.0  177.2815
429.5  191.2705
430.0  199.7598
430.5  200.1828
431.0  193.3043
431.5  182.5890
432.0  172.7030
432.5  167.8125
433.0  170.2632
433.5  179.9799
434.0  194.6579
434.5  210.5806
435.0  223.7606
435.5  231.0904
436.0  231.2502
436.5  225.2034
437.0  216.1276
437.5  208.6543
438.0  207.4261
438.5  215.3274
439.0  232.1413
439.5  254.4238
440.0  276.8248
440.5  294.2450
441.0  303.7440
441.5  305.3571
442.0  301.6414
442.5  296.3632
443.0  292.9707
443.5  293.4103
444.0  297.6049
444.5  303.6396
445.0  308.4861
445.5  308.9879
446.0  302.8315
446.5  289.2977
447.0  269.6554
447.5  247.0733
448.0  225.9313
448.5  210.5319
449.0  203.5304
449.5  204.7732
450.0  211.2771
450.5  218.5443
451.0  222.6035
451.5  221.7213
452.0  216.9804
452.5  211.6015
453.0  209.4797
453.5  213.6294
454.0  225.1117
454.5  242.7277
455.0  263.4504
455.5  283.3458
456.0  298.6588
456.5  306.7814
457.0  306.9254
457.5  300.3929
458.0  290.3454
458.5  280.9838
459.0  276.1807
459.5  277.9295
460.0  285.3099
460.5  294.6442
461.0  300.9516
461.5  300.0413
462.0  290.2131
462.5  272.8269
463.0  251.6499
463.5  231.4241
464.0  216.2867
464.5  208.5806
465.0  208.3555
465.5  213.5972
466.0  221.0113
466.5  227.0746
467.0  229.0646
467.5  225.8508
468.0  218.2890
468.5  209.0898
469.0  202.0554
469.5  200.7384
470.0  206.9033
470.5  219.4979
471.0  234.8017
471.5  247.8468
472.0  254.4544
472.5  252.8740
473.0  244.3083
473.5  232.2440
474.0  221.0309
474.5  214.3383
475.0  214.0241
475.5  219.7063
476.0  229.0648
476.5  238.6768
477.0  245.0870
477.5  245.8211
478.0  240.1318
478.5  229.3296
479.0  216.5716
479.5  206.0182
480.0  201.4368
480.5  204.6690
481.0  214.6741
481.5  227.7597
482.0  239.0214
482.5  244.3094
483.0  241.7671
483.5  232.3139
484.0  219.0388
484.5  205.9254
485.0  196.4660
485.5  192.6304
486.0  194.4437
486.5  200.2061
487.0  207.1983
487.5  212.6143
488.0  214.4668
488.5  212.2695
489.0  207.3574
489.5  202.7153
490.0  202.2093
490.5  209.2704
491.0  225.4100
491.5  249.2607
492.0  276.7753
492.5  302.6444
493.0  322.2736
493.5  333.3501
494.0  336.3428
494.5  333.8902
495.0  329.5157
495.5  326.2529
496.0  325.6526
496.5  327.4084
497.0  329.6108
497.5  329.4635
498.0  324.2138
498.5  312.0636
499.0  292.8734
499.5  268.5108
500.0  242.6808
500.5  220.0987
501.0  205.0585
501.5  199.8248
502.0  203.6167
502.5  212.8484
503.0  222.6438
503.5  228.8828
504.0  229.7573
504.5  226.1897
505.0  221.1142
505.5  218.1053
506.0  219.9639
506.5  227.7419
507.0  240.4378
507.5  255.3519
508.0  268.9091
508.5  277.6768
509.0  279.3292
509.5  273.3674
510.0  261.4396
510.5  247.0994
511.0  234.8768
511.5  228.7585
512.0  230.5700
512.5  239.0566
513.0  250.2811
513.5  259.2585
514.0  262.0170
514.5  257.0806
515.0  245.7975
515.5  231.5767
516.0  218.5214
516.5  210.0348
517.0  207.8329
517.5  211.5779
518.0  219.1334
518.5  227.2898
519.0  232.7287
519.5  232.9986
520.0  227.2998
520.5  216.8939
521.0  204.9375
521.5  195.6012
522.0  192.5740
522.5  197.4710
523.0  208.9521
523.5  223.1542
524.0  235.3256
524.5  241.8303
525.0  241.5301
525.5  236.0005
526.0  228.6735
526.5  223.4192
527.0  223.1557
527.5  228.9228
528.0  239.6232
528.5  252.4048
529.0  263.4996
529.5  269.2707
530.0  267.2318
530.5  256.8491
531.0  239.9323
531.5  220.4011
532.0  203.2673
532.5  192.9558
533.0  191.5479
533.5  197.8436
534.0  207.8762
534.5  216.7180
535.0  220.6494
535.5  218.6295
536.0  212.5094
536.5  206.1080
537.0  203.6913
537.5  208.4748
538.0  221.6113
538.5  241.8882
539.0  266.1144
539.5  290.0047
540.0  309.2926
540.5  320.8198
541.0  323.3976
541.5  318.2429
542.0  308.7733
542.5  299.6034
543.0  294.8677
543.5  296.4570
544.0  303.0606
544.5  310.6553
545.0  314.2946
545.5  310.2878
546.0  297.7111
546.5  278.6673
547.0  257.3816
547.5  238.6601
548.0  226.3412
548.5  222.2322
549.0  225.7754
549.5  234.4272
550.0  244.5356
550.5  252.4301
551.0  255.4659
551.5  252.8324
552.0  245.9438
552.5  238.2047
553.0  233.9814
553.5  236.9019
554.0  248.0880
554.5  265.2502
555.0  283.3030
555.5  296.3216
556.0  299.8674
556.5  292.5716
557.0  276.3900
557.5  255.6385
558.0  235.3670
558.5  219.7236
559.0  210.8162
559.5  208.3303
560.0  209.8958
560.5  211.9926
561.0  211.1027
561.5  204.8344
562.0  192.7962
562.5  177.0027
563.0  161.5748
563.5  151.5779
564.0  151.1836
564.5  161.8433
565.0  181.4344
565.5  204.9671
566.0  226.5695
566.5  241.7357
567.0  248.7858
567.5  249.0470
568.0  245.9205
568.5  243.3778
569.0  244.4801
569.5  250.3767
570.0  260.0104
570.5  270.5230
571.0  278.1712
571.5  279.4755
572.0  272.3305
572.5  256.8390
573.0  235.6300
573.5  213.4195
574.0  195.7034
574.5  186.8505
575.0  188.3529
575.5  198.1697
576.0  211.6330
576.5  223.5007
577.0  230.1075
577.5  230.6312
578.0  227.0849
578.5  223.2622
579.0  223.1882
579.5  229.6559
580.0  243.2825
580.5  262.2969
581.0  283.0330
581.5  300.9254
582.0  311.7220
582.5  312.6443
583.0  303.2667
583.5  285.8766
584.0  265.0615
584.5  246.3892
585.0  234.4415
585.5  230.9830
586.0  234.2529
586.5  239.8811
587.0  242.9933
587.5  240.4046
588.0  231.8789
588.5  220.0605
589.0  209.3379
589.5  204.2242
590.0  207.8563
590.5  221.0454
591.0  242.0750
591.5  267.2103
592.0  291.7077
592.5  311.0463
593.0  322.1139
593.5  324.1080
594.0  318.8948
594.5  310.5574
595.0  304.0190
595.5  303.0539
596.0  308.5260
596.5  317.8376
597.0  326.0159
597.5  327.9060
598.0  320.3338
598.5  303.2547
599.0  279.5742
599.5  253.9512
600.0  231.1891
600.5  214.7957
601.0  206.1095
601.5  204.1471
602.0  206.1096
602.5  208.3330
603.0  207.4237
603.5  201.3355
604.0  190.1628
604.5  176.3932
605.0  164.3579
605.5  158.7933
606.0  162.8824
606.5  176.6481
607.0  196.6492
607.5  217.2980
608.0  233.1580
608.5  241.0441
609.0  240.9879
609.5  235.8413
610.0  229.9122
610.5  227.2908
611.0  230.4702
611.5  239.6327
612.0  252.7021
612.5  266.0265
613.0  275.4315
613.5  277.3776
614.0  270.0049
614.5  253.8640
615.0  232.0846
615.5  209.7148
616.0  192.1677
616.5  183.1947
617.0  183.3068
617.5  189.5699
618.0  197.0053
618.5  200.8798
619.0  198.7106
619.5  191.1177
620.0  181.3504
620.5  173.8980
621.0  172.8274
621.5  180.4404
622.0  196.6229
622.5  218.9775
623.0  243.5821
623.5  266.0822
624.0  282.8249
624.5  291.8195
625.0  293.3469
625.5  290.0065
626.0  285.9890
626.5  285.5630
627.0  291.2236
627.5  302.3865
628.0  315.4397
628.5  325.2586
629.0  327.4211
629.5  320.0196
630.0  304.3130
630.5  284.1298
631.0  264.4363
631.5  249.6783
632.0  242.4486
632.5  242.8482
633.0  248.6450
633.5  256.0902
634.0  261.0899
634.5  260.4155
635.0  252.6967
635.5  238.9996
636.0  222.7814
636.5  209.0338
637.0  202.6410
637.5  206.4311
638.0  219.8188
638.5  238.8544
639.0  257.7815
639.5  271.3365
640.0  276.6695
640.5  274.1125
641.0  266.6811
641.5  258.7112
642.0  254.2389
642.5  255.6779
643.0  263.1608
643.5  274.6502
644.0  286.6767
644.5  295.4127
645.0  297.7808
645.5  292.3649
646.0  279.9520
646.5  263.5210
647.0  247.5021
647.5  236.3149
648.0  232.6157
648.5  236.0757
649.0  243.4436
649.5  249.9793
650.0  251.5382
650.5  246.2601
651.0  235.1557
651.5  221.5088
652.0  209.5089
652.5  202.7052
653.0  202.8158
653.5  209.2234
654.0  219.2316
654.5  228.9175
655.0  234.2811
655.5  232.3873
656.0  222.2631
656.5  205.3651
657.0  185.4242
657.5  167.5115
658.0  156.4007
658.5  154.7438
659.0  161.9338
659.5  174.3665
660.0  187.0722
660.5  195.8926
661.0  199.1296
661.5  198.0046
662.0  195.9209
662.5  196.9923
663.0  204.4571
663.5  219.5149
664.0  240.8997
664.5  265.2356
665.0  287.9807
665.5  304.6413
666.0  311.9501
666.5  308.7751
667.0  296.5684
667.5  279.1557
668.0  261.7148
668.5  249.0566
669.0  243.7866
669.5  245.2387
670.0  249.8393
670.5  252.7910
671.0  250.2158
671.5  240.7351
672.0  225.9020
672.5  209.5064
673.0  196.1904
673.5  189.9263
674.0  192.8411
674.5  204.6872
675.0  223.0360
675.5  244.0523
676.0  263.5807
676.5  278.2574
677.0  286.4128
677.5  288.5635
678.0  287.2930
678.5  286.3845
679.0  289.3178
679.5  297.6615
680.0  310.1672
680.5  323.1436
681.0  331.9997
681.5  333.1731
682.0  325.5266
682.5  310.6849
683.0  292.3409
683.5  274.9344
684.0  262.2260
684.5  256.2136
685.0  256.6720
685.5  261.3702
686.0  266.8266
686.5  269.3513
687.0  266.1158
687.5  256.0357
688.0  240.2611
688.5  222.0535
689.0  205.8836
689.5  195.8575
690.0  194.0288
690.5  199.4381
691.0  208.4847
691.5  216.5070
692.0  219.7651
692.5  216.8763
693.0  209.1666
693.5  199.9712
694.0  193.3053
694.5  192.4483
695.0  198.9050
695.5  212.0107
696.0  229.2107
696.5  246.8381
697.0  261.1229
697.5  269.1808
698.0  269.8019
698.5  263.8769
699.0  254.2750
699.5  245.0163
700.0  239.8224
700.5  240.5469
701.0  246.2709
701.5  253.6410
702.0  258.3512
702.5  257.0153
703.0  248.5356
703.5  234.4460
704.0  218.2427
704.5  204.0887
705.0  195.4049
705.5  193.8167
706.0  198.7479
706.5  207.7207
707.0  217.1914
707.5  223.6291
708.0  224.5511
708.5  219.2990
709.0  209.3816
709.5  198.2102
710.0  190.1117
710.5  188.7697
711.0  195.6535
711.5  209.2283
712.0  225.4676
712.5  239.4846
713.0  247.4797
713.5  248.1178
714.0  242.8462
714.5  235.1934
715.0  229.4300
715.5  229.1025
716.0  235.9050
716.5  249.2036
717.0  266.2923
717.5  283.2293
718.0  295.9649
718.5  301.4666
719.0  298.6068
719.5  288.6085
720.0  274.8389
720.5  261.8222
721.0  253.6353
721.5  252.2871
722.0  256.8972
722.5  264.1702
723.0  269.9408
723.5  270.9836
724.0  266.2541
724.5  257.1500
725.0  246.8716
725.5  239.2471
726.0  237.4587
726.5  243.0542
727.0  255.5024
727.5  272.3749
728.0  290.0538
728.5  304.7355
729.0  313.4722
729.5  315.0103
730.0  310.2071
730.5  301.8076
731.0  293.4786
731.5  288.3017
732.0  287.3380
732.5  289.0318
733.0  289.8590
733.5  285.9221
734.0  274.6820
734.5  256.0431
735.0  232.4456
735.5  208.0787
736.0  187.5902
736.5  174.7273
737.0  171.2965
737.5  176.7138
738.0  188.2400
738.5  201.8029
739.0  213.1622
739.5  219.1189
740.0  218.4847
740.5  212.5334
741.0  204.6883
741.5  199.3498
742.0  200.1416
742.5  208.2921
743.0  221.9971
743.5  237.1634
744.0  249.1570
744.5  254.6572
745.0  252.7998
745.5  245.2761
746.0  235.5451
746.5  227.5657
747.0  224.4922
747.5  227.7067
748.0  236.4279
748.5  247.9659
749.0  258.5115
749.5  264.2269
750.0  262.3696
750.5  252.1984
751.0  235.4105
751.5  215.8667
752.0  198.4801
752.5  187.4905
753.0  184.8005
753.5  189.2285
754.0  197.1426
754.5  204.1662
755.0  207.0750
755.5  205.0246
756.0  199.7194
756.5  194.6448
757.0  193.7692
757.5  200.1809
758.0  215.0575
758.5  237.2292
759.0  263.4194
759.5  289.0616
760.0  309.4637
760.5  321.0490
761.0  322.3933
761.5  314.7628
762.0  301.8514
762.5  288.5751
763.0  279.1975
763.5  275.5683
764.0  276.4031
764.5  278.0439
765.0  276.2881
765.5  268.3221
766.0  253.8919
766.5  235.3692
767.0  216.8843
767.5  202.9528
768.0  197.0705
768.5  200.6815
769.0  212.7859
769.5  230.2568
770.0  248.7329
770.5  263.8204
771.0  272.3097
771.5  273.1320
772.0  267.7857
772.5  259.9675
773.0  254.3112
773.5  254.5384
774.0  261.8036
774.5  274.1103
775.0  287.1687
775.5  296.2466
776.0  298.0729
776.5  291.9754
777.0  279.9492
777.5  265.8254
778.0  253.9457
778.5  247.7925
779.0  248.9675
779.5  256.7822
780.0  268.5354
780.5  280.3496
781.0  288.3045
781.5  289.5805
782.0  283.3523
782.5  271.1796
783.0  256.6532
783.5  244.2002
784.0  237.3339
784.5  237.0843
785.0  241.4496
785.5  246.2324
786.0  246.8441
786.5  240.1769
787.0  225.7435
787.5  205.7616
788.0  184.3182
788.5  165.9983
789.0  154.4357
789.5  151.2231
790.0  155.4982
790.5  164.3140
791.0  173.6440
791.5  179.6960
792.0  180.1630
792.5  175.0840
793.0  167.0468
793.5  160.5359
794.0  160.4338
794.5  170.0912
795.0  189.7895
795.5  216.4147
796.0  244.5839
796.5  268.6662
797.0  284.7300
797.5  291.6483
798.0  291.1103
798.5  286.7364
799.0  282.6994
799.5  282.3008
800.0  286.9122
800.5  295.5754
801.0  305.3514
801.5  312.2757
802.0  312.6146
802.5  304.0784
803.0  286.6848
803.5  263.0075
804.0  237.6043
804.5  215.6171
805.0  200.9327
805.5  194.6918
806.0  194.9361
806.5  197.6345
807.0  198.5689
807.5  195.1506
808.0  187.4179
808.5  177.9573
809.0  170.9316
809.5  170.6275
810.0  179.9957
810.5  199.6259
811.0  227.4580
811.5  259.3029
812.0  289.9804
812.5  314.7185
813.0  330.4307
813.5  336.5480
814.0  335.1477
814.5  330.2165
815.0  326.1194
815.5  325.7607
816.0  329.2616
816.5  333.8785
817.0  335.2555
817.5  329.3760
818.0  314.2783
818.5  290.8672
819.0  262.6559
819.5  234.6704
820.0  211.9369
820.5  198.0158
821.0  194.0132
821.5  198.3601
822.0  207.4076
822.5  216.6284
823.0  222.0480
823.5  221.4992
824.0  215.3551
824.5  206.4735
825.0  199.2348
825.5  197.8613
826.0  204.6222
826.5  218.7641
827.0  236.7469
827.5  253.6841
828.0  265.2600
828.5  269.2623
829.0  266.2039
829.5  258.9672
830.0  251.7229
830.5  248.5039
831.0  251.8583
831.5  261.9751
832.0  276.5555
832.5  291.4734
833.0  302.0183
833.5  304.3492
834.0  296.7464
834.5  280.2870
835.0  258.6507
835.5  236.9542
836.0  219.8901
836.5  209.8912
837.0  206.2051
837.5  205.3741
838.0  202.8649
838.5  195.0260
839.0  180.5369
839.5  160.9065
840.0  140.0149
840.5  122.9497
841.0  114.4938
841.5  117.6742
842.0  132.7939
842.5  157.2633
843.0  186.3073
843.5  214.3338
844.0  236.5554
844.5  250.3948
845.0  256.2493
845.5  257.2878
846.0  258.1879
846.5  263.1498
847.0  273.9971
847.5  289.3021
848.0  304.9959
848.5  316.1100
849.0  318.7510
849.5  311.4707
850.0  295.6574
850.5  275.0156
851.0  254.4268
851.5  238.5406
852.0  230.4621
852.5  230.8949
853.0  238.0033
853.5  248.0453
854.0  256.5912
854.5  259.9733
855.0  256.5610
855.5  247.4658
856.0  236.3357
856.5  228.1096
857.0  227.0477
857.5  234.8598
858.0  249.8864
858.5  267.7824
859.0  283.3091
859.5  292.3066
860.0  293.0139
860.5  286.4011
861.0  275.6194
861.5  264.8797
862.0  258.1043
862.5  257.7012
863.0  263.7991
863.5  274.1851
864.0  284.9874
864.5  291.9049
865.0  291.6313
865.5  283.0644
866.0  267.9087
866.5  250.3434
867.0  235.6570
867.5  228.2178
868.0  229.6467
868.5  238.1371
869.0  249.2949
869.5  258.0169
870.0  260.4459
870.5  255.2027
871.0  243.6135
871.5  229.0774
872.0  215.8963
872.5  207.9134
873.0  207.3138
873.5  213.9213
874.0  225.2228
874.5  237.1332
875.0  245.2770
875.5  246.4118
876.0  239.5867
876.5  226.6525
877.0  211.8300
877.5  200.2913
878.0  196.1675
878.5  200.8469
879.0  212.4343
879.5  226.6514
880.0  238.6583
880.5  244.8768
881.0  244.0933
881.5  237.6154
882.0  228.6358
882.5  221.1102
883.0  218.4778
883.5  222.5540
884.0  232.9095
884.5  246.9401
885.0  260.6238
885.5  269.7435
886.0  271.2285
886.5  264.2345
887.0  250.5997
887.5  234.3906
888.0  220.4878
888.5  212.6397
889.0  211.8546
889.5  215.9936
890.0  220.8050
890.5  221.8299
891.0  216.2290
891.5  203.8100
892.0  187.0495
892.5  170.2905
893.0  158.4531
893.5  155.6139
894.0  163.8127
894.5  182.4203
895.0  208.2720
895.5  236.5438
896.0  262.1169
896.5  281.0398
897.0  291.6780
897.5  295.1823
898.0  295.0101
898.5  295.5054
899.0  299.9936
899.5  309.2420
900.0  321.0819
900.5  331.3786
901.0  335.8004
901.5  331.5111
902.0  318.1397
902.5  297.8438
903.0  274.6223
903.5  253.1620
904.0  237.5325
904.5  230.0632
905.0  230.7257
905.5  237.2284
906.0  245.8074
906.5  252.4685
907.0  254.3192
907.5  250.6101
908.0  243.1366
908.5  235.7352
909.0  232.8547
909.5  237.6427
910.0  250.4089
910.5  268.2875
911.0  286.3049
911.5  299.2824
912.0  303.6587
912.5  298.5446
913.0  285.8101
913.5  269.3633
914.0  253.9181
914.5  243.5863
915.0  240.6522
915.5  244.8885
916.0  253.6423
916.5  262.6859
917.0  267.5717
917.5  265.0966
918.0  254.4520
918.5  237.6718
919.0  219.0912
919.5  203.8164
920.0  195.6977
920.5  195.7196
921.0  201.6383
921.5  209.0349
922.0  213.1801
922.5  210.8007
923.0  201.1023
923.5  185.8818
924.0  168.8921
924.5  154.7222
925.0  147.4755
925.5  149.5668
926.0  160.9819
926.5  179.2596
927.0  200.2349
927.5  219.3290
928.0  232.9995
928.5  239.9105
929.0  241.4086
929.5  241.0113
930.0  242.9410
930.5  250.2276
931.0  263.2731
931.5  279.6213
932.0  295.0101
932.5  305.0888
933.0  306.9652
933.5  300.0389
934.0  286.0239
934.5  268.3335
935.0  251.0674
935.5  237.8445
936.0  230.7551
936.5  229.7331
937.0  232.5853
937.5  235.7158
938.0  235.3522
938.5  228.9092
939.0  216.0681
939.5  199.1656
940.0  182.6071
940.5  171.3391
941.0  168.9064
941.5  175.9930
942.0  190.2018
942.5  207.1600
943.0  222.3159
943.5  232.5608
944.0  237.1000
944.5  237.4611
945.0  236.8255
945.5  238.9519
946.0  246.9646
946.5  262.2979
947.0  284.0960
947.5  309.2876
948.0  333.3590
948.5  351.6242
949.0  360.6322
949.5  359.2944
950.0  349.3288
950.5  334.7333
951.0  320.3173
951.5  309.7966
952.0  304.3287
952.5  302.2287
953.0  299.9643
953.5  293.8360
954.0  281.5099
954.5  262.8507
955.0  239.9364
955.5  216.4276
956.0  196.5411
956.5  183.8872
957.0  180.4432
957.5  185.9519
958.0  197.9582
958.5  212.5176
959.0  225.3960
959.5  233.4198
960.0  235.5653
960.5  233.3774
961.0  230.4275
961.5  230.8468
962.0  237.4630
962.5  250.4289
963.0  267.0640
963.5  282.9660
964.0  293.7537
964.5  296.5956
965.0  290.9888
965.5  278.7058
966.0  263.1108
966.5  248.1162
967.0  237.0371
967.5  231.6116
968.0  231.4571
968.5  234.1617
969.0  236.0301
969.5  233.3050
970.0  223.5252
970.5  206.6049
971.0  185.2013
971.5  164.0636
972.0  148.4064
972.5  141.8938
973.0  145.1830
973.5  155.7805
974.0  169.2349
974.5  180.9776
975.0  187.9340
975.5  189.3560
976.0  186.7935
976.5  183.3996
977.0  182.8439
977.5  188.1150
978.0  200.5158
978.5  219.1461
979.0  241.0643
979.5  262.1144
980.0  278.1961
980.5  286.6148
981.0  287.0911
981.5  282.0140
982.0  275.6694
982.5  272.5588
983.0  275.4584
983.5  284.1737
984.0  295.6514
984.5  305.3423
985.0  309.0547
985.5  304.4497
986.0  291.7145
986.5  273.4011
987.0  253.6371
987.5  236.9621
988.0  227.0483
988.5  225.6153
989.0  231.8727
989.5  242.7193
990.0  253.6997
990.5  260.4630
991.0  260.2931
991.5  253.2086
992.0  242.1620
992.5  232.0710
993.0  227.8718
993.5  232.3751
994.0  244.9796
994.5  261.9077
995.0  277.7696
995.5  287.5908
996.0  288.4098
996.5  280.0064
997.0  264.7789
997.5  246.9901
998.0  231.6020
998.5  222.9257
999.0  223.3817
999.5  232.7415
1000.0  248.1468
