0.0  0.369376  1.215945  1.585321
0.5  0.367285  1.218387  1.585672
1.0  0.364994  1.220544  1.585538
1.5  0.361678  1.223818  1.585496
2.0  0.356500  1.228854  1.585354
2.5  0.348940  1.236514  1.585454
3.0  0.339261  1.246297  1.585558
3.5  0.328854  1.256747  1.585601
4.0  0.320161  1.265694  1.585854
4.5  0.315968  1.270041  1.586009
5.0  0.318237  1.267857  1.586094
5.5  0.327056  1.258702  1.585758
6.0  0.340391  1.245239  1.585630
6.5  0.354921  1.230698  1.585619
7.0  0.367549  1.217942  1.585491
7.5  0.376721  1.208701  1.585422
8.0  0.382841  1.202957  1.585797
8.5  0.387672  1.198418  1.586090
9.0  0.393187  1.192770  1.585956
9.5  0.400573  1.185284  1.585857
10.0  0.409817  1.176249  1.586066
10.5  0.419861  1.166022  1.585883
11.0  0.429056  1.156638  1.585694
11.5  0.435608  1.150001  1.585609
12.0  0.437924  1.148027  1.585950
12.5  0.434898  1.150689  1.585587
13.0  0.426233  1.159415  1.585648
13.5  0.412751  1.172993  1.585744
14.0  0.396534  1.189667  1.586201
14.5  0.380621  1.205563  1.586184
15.0  0.368127  1.218260  1.586387
15.5  0.361017  1.225341  1.586358
16.0  0.359118  1.227132  1.586250
16.5  0.360049  1.225819  1.585868
17.0  0.360278  1.225347  1.585625
17.5  0.356792  1.228925  1.585717
18.0  0.348509  1.237213  1.585722
18.5  0.336676  1.249226  1.585901
19.0  0.324204  1.261969  1.586173
19.5  0.314411  1.271900  1.586311
20.0  0.309858  1.276564  1.586422
20.5  0.311698  1.274706  1.586405
21.0  0.319589  1.266752  1.586341
21.5  0.331940  1.254202  1.586142
22.0  0.346311  1.240123  1.586434
22.5  0.359880  1.226338  1.586218
23.0  0.369999  1.215892  1.585891
23.5  0.374836  1.211316  1.586153
24.0  0.373987  1.212265  1.586251
24.5  0.368786  1.217934  1.586720
25.0  0.362046  1.224566  1.586612
25.5  0.357069  1.230092  1.587161
26.0  0.356221  1.230915  1.587136
26.5  0.359744  1.227602  1.587345
27.0  0.365530  1.221440  1.586970
27.5  0.370098  1.216588  1.586686
28.0  0.370251  1.216373  1.586624
28.5  0.364516  1.222517  1.587033
29.0  0.353642  1.233497  1.587139
29.5  0.340079  1.246984  1.587063
30.0  0.326906  1.260413  1.587319
30.5  0.316828  1.270791  1.587619
31.0  0.311603  1.275856  1.587459
31.5  0.311903  1.275390  1.587293
32.0  0.317415  1.269945  1.587360
32.5  0.327025  1.260281  1.587306
33.0  0.339053  1.248032  1.587085
33.5  0.351597  1.235005  1.586602
34.0  0.363017  1.223714  1.586731
34.5  0.372471  1.214387  1.586859
35.0  0.380280  1.206299  1.586579
35.5  0.387829  1.198578  1.586408
36.0  0.396866  1.190710  1.587577
36.5  0.408405  1.178891  1.587296
37.0  0.421806  1.164933  1.586739
37.5  0.434662  1.152213  1.586875
38.0  0.443662  1.143602  1.587264
38.5  0.445999  1.140551  1.586550
39.0  0.440516  1.146123  1.586639
39.5  0.428022  1.158597  1.586619
40.0  0.410748  1.175882  1.586630
40.5  0.391399  1.195274  1.586673
41.0  0.372333  1.214496  1.586829
41.5  0.355154  1.231607  1.586762
42.0  0.340651  1.246337  1.586988
42.5  0.328909  1.258034  1.586943
43.0  0.319447  1.267306  1.586753
43.5  0.311383  1.275237  1.586620
44.0  0.303708  1.282875  1.586583
44.5  0.295705  1.290865  1.586570
45.0  0.287451  1.299517  1.586969
45.5  0.280164  1.306764  1.586928
46.0  0.276071  1.311199  1.587270
46.5  0.277651  1.309705  1.587356
47.0  0.286448  1.300775  1.587223
47.5  0.302079  1.284990  1.587069
48.0  0.322107  1.264757  1.586864
48.5  0.342964  1.243681  1.586644
49.0  0.361431  1.224834  1.586265
49.5  0.375830  1.210872  1.586702
50.0  0.386298  1.200365  1.586664
50.5  0.394170  1.192590  1.586760
51.0  0.400965  1.185840  1.586805
51.5  0.407601  1.179615  1.587216
52.0  0.414124  1.172620  1.586744
52.5  0.419885  1.166465  1.586350
53.0  0.423896  1.162817  1.586714
53.5  0.425144  1.161922  1.587066
54.0  0.422794  1.164968  1.587762
54.5  0.416345  1.171431  1.587776
55.0  0.405799  1.181759  1.587558
55.5  0.391857  1.195890  1.587747
56.0  0.376016  1.212337  1.588353
56.5  0.360371  1.228138  1.588509
57.0  0.347026  1.240955  1.587981
57.5  0.337273  1.251469  1.588742
58.0  0.331013  1.257534  1.588546
58.5  0.326856  1.261165  1.588021
59.0  0.322979  1.264955  1.587934
59.5  0.318280  1.269984  1.588264
60.0  0.313133  1.275154  1.588287
60.5  0.309310  1.279038  1.588349
61.0  0.309162  1.279824  1.588986
61.5  0.314569  1.274291  1.588859
62.0  0.326207  1.263031  1.589238
62.5  0.343375  1.245155  1.588530
63.0  0.364266  1.224280  1.588545
63.5  0.386451  1.202399  1.588849
64.0  0.407365  1.181681  1.589046
64.5  0.424730  1.163924  1.588654
65.0  0.436899  1.152433  1.589331
65.5  0.443154  1.146596  1.589750
66.0  0.443882  1.146259  1.590140
66.5  0.440503  1.149509  1.590012
67.0  0.435029  1.155131  1.590159
67.5  0.429235  1.161657  1.590892
68.0  0.423777  1.167052  1.590829
68.5  0.417733  1.172566  1.590299
69.0  0.408979  1.181554  1.590533
69.5  0.395306  1.195596  1.590902
70.0  0.375688  1.215392  1.591080
70.5  0.351002  1.239535  1.590537
71.0  0.323840  1.267788  1.591629
71.5  0.297615  1.293977  1.591592
72.0  0.275485  1.315922  1.591407
72.5  0.259607  1.331998  1.591605
73.0  0.250881  1.341171  1.592052
73.5  0.249085  1.343098  1.592184
74.0  0.253179  1.338524  1.591703
74.5  0.261653  1.330116  1.591769
75.0  0.272888  1.319433  1.592321
75.5  0.285527  1.306921  1.592447
76.0  0.298840  1.292909  1.591749
76.5  0.312973  1.279280  1.592253
77.0  0.328911  1.263047  1.591958
77.5  0.347988  1.244133  1.592121
78.0  0.371018  1.220780  1.591798
78.5  0.397401  1.194552  1.591953
79.0  0.424768  1.167248  1.592017
79.5  0.449506  1.142313  1.591819
80.0  0.467987  1.123937  1.591924
80.5  0.477863  1.114719  1.592582
81.0  0.478735  1.113277  1.592011
81.5  0.471938  1.120350  1.592288
82.0  0.459711  1.133552  1.593263
82.5  0.444284  1.149449  1.593733
83.0  0.427301  1.165660  1.592960
83.5  0.409677  1.183288  1.592965
84.0  0.391729  1.201130  1.592859
84.5  0.373386  1.219005  1.592391
85.0  0.354401  1.238661  1.593062
85.5  0.334566  1.258225  1.592791
86.0  0.313984  1.278395  1.592379
86.5  0.293377  1.299375  1.592751
87.0  0.274301  1.318896  1.593197
87.5  0.259082  1.333449  1.592531
88.0  0.250277  1.342510  1.592787
88.5  0.249739  1.343327  1.593066
89.0  0.257698  1.335158  1.592856
89.5  0.272431  1.319887  1.592318
90.0  0.290859  1.301998  1.592857
90.5  0.309812  1.282898  1.592709
91.0  0.327233  1.264821  1.592054
91.5  0.342652  1.249646  1.592298
92.0  0.356762  1.235661  1.592423
92.5  0.370531  1.221854  1.592385
93.0  0.384421  1.208312  1.592733
93.5  0.398113  1.194768  1.592881
94.0  0.410688  1.182028  1.592717
94.5  0.420991  1.171239  1.592230
95.0  0.427928  1.164221  1.592149
95.5  0.430639  1.161478  1.592117
96.0  0.428597  1.163281  1.591878
96.5  0.421744  1.170215  1.591959
97.0  0.410708  1.181083  1.591792
97.5  0.396968  1.194385  1.591353
98.0  0.382786  1.210058  1.592844
98.5  0.370697  1.222260  1.592957
99.0  0.362617  1.229981  1.592598
99.5  0.358985  1.233540  1.592525
100.0  0.358527  1.234418  1.592946
100.5  0.358936  1.234102  1.593039
101.0  0.358150  1.233469  1.591619
101.5  0.355473  1.236939  1.592412
102.0  0.351862  1.241066  1.592928
102.5  0.349271  1.243197  1.592469
103.0  0.349551  1.243002  1.592553
103.5  0.353569  1.238891  1.592460
104.0  0.360955  1.231677  1.592633
104.5  0.370403  1.221777  1.592180
105.0  0.380197  1.211227  1.591424
105.5  0.388676  1.202752  1.591428
106.0  0.394497  1.196597  1.591094
106.5  0.396760  1.194965  1.591726
107.0  0.395090  1.196538  1.591628
107.5  0.389738  1.202056  1.591794
108.0  0.381642  1.210207  1.591848
108.5  0.372294  1.220752  1.593046
109.0  0.363273  1.230553  1.593826
109.5  0.355519  1.239554  1.595073
110.0  0.348752  1.248712  1.597464
110.5  0.341503  1.259327  1.600830
111.0  0.331939  1.271789  1.603728
111.5  0.319101  1.287583  1.606684
112.0  0.303776  1.305502  1.609278
112.5  0.288448  1.323147  1.611595
113.0  0.276333  1.336947  1.613281
113.5  0.270105  1.343547  1.613652
114.0  0.271023  1.342447  1.613470
114.5  0.278806  1.334975  1.613781
115.0  0.292106  1.321573  1.613679
115.5  0.309166  1.303754  1.612919
116.0  0.328316  1.284307  1.612623
116.5  0.348211  1.265546  1.613756
117.0  0.367871  1.246454  1.614325
117.5  0.386688  1.229114  1.615802
118.0  0.404460  1.214277  1.618737
118.5  0.421416  1.201099  1.622515
119.0  0.438054  1.189060  1.627114
119.5  0.454676  1.177605  1.632281
120.0  0.470716  1.167985  1.638701
120.5  0.484295  1.160710  1.645005
121.0  0.492465  1.158368  1.650833
121.5  0.492266  1.164193  1.656459
122.0  0.482094  1.179497  1.661591
122.5  0.462586  1.202176  1.664761
123.0  0.436469  1.230245  1.666714
123.5  0.407503  1.259589  1.667093
124.0  0.379142  1.286415  1.665557
124.5  0.353621  1.307708  1.661329
125.0  0.331780  1.324868  1.656647
125.5  0.313443  1.339047  1.652490
126.0  0.297995  1.348782  1.646777
126.5  0.284851  1.356240  1.641091
127.0  0.273744  1.363121  1.636865
127.5  0.264855  1.369528  1.634383
128.0  0.258867  1.374299  1.633166
128.5  0.256934  1.374865  1.631798
129.0  0.260533  1.371081  1.631613
129.5  0.271059  1.362060  1.633119
130.0  0.289147  1.344023  1.633170
130.5  0.313931  1.318726  1.632657
131.0  0.342691  1.288354  1.631045
131.5  0.371339  1.258364  1.629703
132.0  0.395693  1.230882  1.626574
132.5  0.412944  1.209351  1.622295
133.0  0.422502  1.195369  1.617871
133.5  0.425767  1.186786  1.612553
134.0  0.425043  1.182676  1.607719
134.5  0.422309  1.181605  1.603914
135.0  0.418480  1.182999  1.601479
135.5  0.413379  1.187202  1.600581
136.0  0.406191  1.195226  1.601417
136.5  0.396003  1.207607  1.603610
137.0  0.382202  1.225305  1.607506
137.5  0.364685  1.247157  1.611842
138.0  0.343979  1.272711  1.616689
138.5  0.321324  1.300050  1.621374
139.0  0.298712  1.326299  1.625011
139.5  0.278767  1.349803  1.628570
140.0  0.264314  1.366583  1.630897
140.5  0.257590  1.374115  1.631705
141.0  0.259366  1.372760  1.632126
141.5  0.268477  1.364302  1.632779
142.0  0.282229  1.350220  1.632449
142.5  0.297624  1.334722  1.632345
143.0  0.312755  1.321356  1.634110
143.5  0.327527  1.308775  1.636301
144.0  0.343272  1.297055  1.640327
144.5  0.361576  1.284983  1.646560
145.0  0.383093  1.270387  1.653479
145.5  0.407010  1.254899  1.661909
146.0  0.431319  1.240237  1.671557
146.5  0.453541  1.227631  1.681172
147.0  0.471423  1.219370  1.690794
147.5  0.483362  1.216139  1.699501
148.0  0.488522  1.218838  1.707360
148.5  0.486821  1.225678  1.712498
149.0  0.478887  1.237189  1.716076
149.5  0.466046  1.251432  1.717477
150.0  0.450206  1.266004  1.716210
150.5  0.433508  1.279885  1.713393
151.0  0.417666  1.291431  1.709097
151.5  0.403249  1.299937  1.703187
152.0  0.389377  1.319625  1.709002
152.5  0.374233  1.330066  1.704299
153.0  0.356285  1.350223  1.706508
153.5  0.335516  1.369159  1.704676
154.0  0.313864  1.391768  1.705632
154.5  0.294526  1.411090  1.705616
155.0  0.280556  1.422875  1.703431
155.5  0.273600  1.431657  1.705257
156.0  0.273448  1.430000  1.703448
156.5  0.278468  1.424330  1.702798
157.0  0.286494  1.419851  1.706345
157.5  0.295611  1.404329  1.699939
158.0  0.304557  1.403416  1.707973
158.5  0.312763  1.385563  1.698326
159.0  0.320213  1.390631  1.710844
159.5  0.327321  1.371191  1.698513
160.0  0.334854  1.376650  1.711504
160.5  0.343796  1.358415  1.702210
161.0  0.354996  1.354757  1.709753
161.5  0.368551  1.339879  1.708431
162.0  0.383217  1.326055  1.709272
162.5  0.396341  1.316410  1.712751
163.0  0.404672  1.303520  1.708192
163.5  0.405822  1.308112  1.713934
164.0  0.399582  1.307865  1.707446
164.5  0.388242  1.328147  1.716389
165.0  0.375640  1.335842  1.711482
165.5  0.365465  1.349053  1.714518
166.0  0.359798  1.354550  1.714349
166.5  0.358610  1.355838  1.714448
167.0  0.360281  1.355889  1.716170
167.5  0.362644  1.352516  1.715160
168.0  0.363937  1.352769  1.716706
168.5  0.363296  1.353068  1.716364
169.0  0.360811  1.355023  1.715834
169.5  0.357311  1.361060  1.718371
170.0  0.354118  1.357666  1.711784
170.5  0.352826  1.365959  1.718785
171.0  0.355057  1.353879  1.708935
171.5  0.362008  1.358125  1.720133
172.0  0.373810  1.333150  1.706960
172.5  0.388952  1.331352  1.720304
173.0  0.404306  1.303766  1.708072
173.5  0.416045  1.303478  1.719523
174.0  0.421188  1.287863  1.709051
174.5  0.418945  1.297862  1.716807
175.0  0.411019  1.301671  1.712690
175.5  0.400657  1.314556  1.715213
176.0  0.391035  1.324786  1.715820
176.5  0.383901  1.331825  1.715726
177.0  0.379148  1.337450  1.716598
177.5  0.375314  1.339178  1.714491
178.0  0.370524  1.345721  1.716245
178.5  0.363328  1.352295  1.715624
179.0  0.353127  1.363020  1.716148
179.5  0.340212  1.376858  1.717070
180.0  0.325605  1.394835  1.720440
180.5  0.310880  1.413512  1.724392
181.0  0.298016  1.430570  1.728587
181.5  0.289173  1.442353  1.731526
182.0  0.286200  1.447867  1.734067
182.5  0.289884  1.444390  1.734274
183.0  0.299275  1.431813  1.731088
183.5  0.311632  1.413909  1.725541
184.0  0.323348  1.395692  1.719040
184.5  0.331524  1.378769  1.710293
185.0  0.335333  1.366815  1.702148
185.5  0.336317  1.356047  1.692364
186.0  0.337435  1.346759  1.684194
186.5  0.341464  1.339445  1.680909
187.0  0.349666  1.328495  1.678161
187.5  0.361380  1.313870  1.675250
188.0  0.374520  1.301045  1.675566
188.5  0.386522  1.292303  1.678825
189.0  0.395191  1.286311  1.681502
189.5  0.399189  1.283649  1.682837
190.0  0.398144  1.289498  1.687641
190.5  0.392574  1.298103  1.690678
191.0  0.383793  1.305189  1.688982
191.5  0.373813  1.314624  1.688437
192.0  0.365123  1.321389  1.686512
192.5  0.360124  1.323146  1.683269
193.0  0.360234  1.320689  1.680923
193.5  0.365063  1.315170  1.680233
194.0  0.372280  1.308260  1.680540
194.5  0.378540  1.305717  1.684257
195.0  0.381107  1.307417  1.688524
195.5  0.379244  1.315230  1.694474
196.0  0.374504  1.328335  1.702839
196.5  0.369775  1.342772  1.712548
197.0  0.367729  1.354787  1.722517
197.5  0.369608  1.363687  1.733295
198.0  0.374930  1.367456  1.742386
198.5  0.382039  1.367319  1.749358
199.0  0.389005  1.368050  1.757055
199.5  0.394350  1.368615  1.762965
200.0  0.397351  1.368390  1.765741
200.5  0.397968  1.367912  1.765880
201.0  0.396602  1.369442  1.766044
201.5  0.393904  1.372871  1.766776
202.0  0.390714  1.373478  1.764192
202.5  0.388001  1.375084  1.763086
203.0  0.386604  1.377671  1.764275
203.5  0.386685  1.378877  1.765562
204.0  0.387212  1.380264  1.767477
204.5  0.385983  1.385251  1.771234
205.0  0.380507  1.396204  1.776711
205.5  0.369402  1.413719  1.783121
206.0  0.353449  1.434988  1.788437
206.5  0.335543  1.456556  1.792099
207.0  0.319483  1.475272  1.794756
207.5  0.308326  1.486110  1.794436
208.0  0.303228  1.485021  1.788248
208.5  0.303317  1.477679  1.780995
209.0  0.306470  1.465740  1.772210
209.5  0.310412  1.451348  1.761760
210.0  0.313589  1.436001  1.749590
210.5  0.315539  1.425137  1.740676
211.0  0.316797  1.416519  1.733316
211.5  0.318549  1.407677  1.726226
212.0  0.322264  1.400413  1.722678
212.5  0.329433  1.393940  1.723373
213.0  0.341316  1.382978  1.724293
213.5  0.358543  1.366396  1.724939
214.0  0.380513  1.347113  1.727626
214.5  0.404920  1.325335  1.730254
215.0  0.427938  1.301364  1.729301
215.5  0.445343  1.282728  1.728071
216.0  0.454159  1.273883  1.728041
216.5  0.453895  1.272987  1.726882
217.0  0.446591  1.275534  1.722125
217.5  0.435611  1.283638  1.719249
218.0  0.423948  1.294691  1.718638
218.5  0.413001  1.304550  1.717550
219.0  0.402367  1.314756  1.717122
219.5  0.390510  1.331041  1.721550
220.0  0.375764  1.351403  1.727166
220.5  0.357153  1.377453  1.734606
221.0  0.334785  1.409805  1.744590
221.5  0.309845  1.445982  1.755828
222.0  0.284365  1.482803  1.767168
222.5  0.260915  1.516082  1.776996
223.0  0.242283  1.543053  1.785336
223.5  0.231070  1.563097  1.794167
224.0  0.229081  1.569909  1.798990
224.5  0.236592  1.563688  1.800280
225.0  0.251891  1.550211  1.802103
225.5  0.271602  1.530263  1.801866
226.0  0.291927  1.508694  1.800621
226.5  0.310279  1.489132  1.799411
227.0  0.326353  1.472584  1.798938
227.5  0.341927  1.458036  1.799963
228.0  0.359538  1.443083  1.802620
228.5  0.380849  1.426362  1.807210
229.0  0.405638  1.407616  1.813254
229.5  0.431809  1.387455  1.819264
230.0  0.456197  1.369715  1.825912
230.5  0.475611  1.357769  1.833381
231.0  0.487644  1.350559  1.838204
231.5  0.491080  1.351126  1.842206
232.0  0.485947  1.356270  1.842216
232.5  0.473387  1.365061  1.838447
233.0  0.455453  1.386865  1.842319
233.5  0.434854  1.400900  1.835754
234.0  0.414521  1.430708  1.845230
234.5  0.396911  1.435693  1.832604
235.0  0.383145  1.460344  1.843490
235.5  0.372465  1.464186  1.836650
236.0  0.362521  1.480186  1.842707
236.5  0.350624  1.484073  1.834697
237.0  0.335370  1.504156  1.839526
237.5  0.317668  1.522370  1.840038
238.0  0.300519  1.537056  1.837575
238.5  0.287691  1.549869  1.837560
239.0  0.282087  1.558128  1.840215
239.5  0.284690  1.554213  1.838902
240.0  0.294465  1.545335  1.839800
240.5  0.309026  1.528062  1.837088
241.0  0.325536  1.518343  1.843879
241.5  0.341451  1.494411  1.835863
242.0  0.354924  1.488336  1.843260
242.5  0.364933  1.473288  1.838222
243.0  0.371285  1.473315  1.844600
243.5  0.374577  1.467484  1.842061
244.0  0.376101  1.465253  1.841354
244.5  0.377528  1.467004  1.844531
245.0  0.380247  1.460421  1.840668
245.5  0.384516  1.464611  1.849127
246.0  0.388938  1.450094  1.839032
246.5  0.390811  1.460823  1.851634
247.0  0.387432  1.453792  1.841224
247.5  0.377687  1.474523  1.852210
248.0  0.362932  1.479819  1.842751
248.5  0.346572  1.506783  1.853355
249.0  0.332600  1.514801  1.847400
249.5  0.323982  1.526734  1.850715
250.0  0.321760  1.526598  1.848358
250.5  0.325156  1.524624  1.849780
251.0  0.332353  1.517123  1.849476
251.5  0.341405  1.507357  1.848762
252.0  0.350842  1.497693  1.848535
252.5  0.359868  1.489665  1.849533
253.0  0.368276  1.476321  1.844597
253.5  0.376272  1.472975  1.849247
254.0  0.384363  1.458339  1.842702
254.5  0.393295  1.458990  1.852286
255.0  0.403853  1.435104  1.838957
255.5  0.416381  1.433253  1.849633
256.0  0.430109  1.409903  1.840012
256.5  0.442786  1.404858  1.847644
257.0  0.451109  1.388106  1.839215
257.5  0.452030  1.391791  1.843821
258.0  0.444255  1.399900  1.844155
258.5  0.428986  1.411609  1.840594
259.0  0.409382  1.437908  1.847290
259.5  0.389080  1.448520  1.837600
260.0  0.370670  1.475325  1.845995
260.5  0.354961  1.482394  1.837355
261.0  0.341248  1.506337  1.847585
261.5  0.328207  1.511716  1.839924
262.0  0.314827  1.527042  1.841869
262.5  0.300947  1.539600  1.840548
263.0  0.287329  1.556473  1.843802
263.5  0.275382  1.567906  1.843288
264.0  0.266788  1.575507  1.842294
264.5  0.263178  1.579598  1.842777
265.0  0.265906  1.580952  1.846858
265.5  0.275766  1.565711  1.841478
266.0  0.292570  1.556561  1.849132
266.5  0.314681  1.524751  1.839431
267.0  0.338929  1.510525  1.849454
267.5  0.361314  1.477722  1.839037
268.0  0.378415  1.469524  1.847939
268.5  0.388792  1.453240  1.842032
269.0  0.393497  1.452831  1.846328
269.5  0.395290  1.452468  1.847758
270.0  0.397013  1.446929  1.843942
270.5  0.400082  1.451733  1.851815
271.0  0.403909  1.440047  1.843956
271.5  0.406376  1.448360  1.854736
272.0  0.404948  1.437298  1.842246
272.5  0.397757  1.457060  1.854817
273.0  0.384247  1.463311  1.847558
273.5  0.365274  1.489764  1.855038
274.0  0.342829  1.505130  1.847959
274.5  0.319613  1.531889  1.851503
275.0  0.298642  1.553759  1.852401
275.5  0.282891  1.571774  1.854665
276.0  0.274837  1.578567  1.853404
276.5  0.275817  1.575337  1.851154
277.0  0.285371  1.565470  1.850841
277.5  0.301075  1.553994  1.855070
278.0  0.319293  1.530437  1.849730
278.5  0.336700  1.519367  1.856067
279.0  0.351794  1.491515  1.843309
279.5  0.365412  1.491065  1.856477
280.0  0.379909  1.465149  1.845058
280.5  0.397516  1.460702  1.858218
281.0  0.418882  1.424075  1.842958
281.5  0.442577  1.412259  1.854836
282.0  0.465659  1.380286  1.845946
282.5  0.484813  1.365455  1.850268
283.0  0.497414  1.351000  1.848414
283.5  0.502115  1.344052  1.846167
284.0  0.498881  1.352101  1.850982
284.5  0.488667  1.355010  1.843677
285.0  0.472993  1.377652  1.850644
285.5  0.453632  1.388238  1.841870
286.0  0.432417  1.416747  1.849164
286.5  0.411020  1.432098  1.843118
287.0  0.390550  1.455141  1.845691
287.5  0.371080  1.472429  1.843509
288.0  0.351533  1.492617  1.844150
288.5  0.330303  1.512824  1.843127
289.0  0.306505  1.534587  1.841092
289.5  0.281128  1.559158  1.840286
290.0  0.257244  1.586151  1.843396
290.5  0.238978  1.600833  1.839811
291.0  0.229796  1.617122  1.846919
291.5  0.231073  1.605115  1.836188
292.0  0.241656  1.605898  1.847554
292.5  0.258518  1.576552  1.835071
293.0  0.277978  1.567558  1.845536
293.5  0.296889  1.539344  1.836233
294.0  0.313354  1.532180  1.845534
294.5  0.326871  1.516077  1.842948
295.0  0.338045  1.504378  1.842424
295.5  0.348121  1.499198  1.847319
296.0  0.358528  1.481109  1.839637
296.5  0.370512  1.479532  1.850045
297.0  0.384737  1.455784  1.840521
297.5  0.400791  1.450423  1.851215
298.0  0.416789  1.425601  1.842390
298.5  0.429504  1.421465  1.850969
299.0  0.435360  1.409905  1.845265
299.5  0.432027  1.416511  1.848538
300.0  0.419747  1.427667  1.847415
300.5  0.401525  1.447404  1.848929
301.0  0.381949  1.468896  1.850845
301.5  0.365303  1.483823  1.849125
302.0  0.354007  1.493824  1.847831
302.5  0.348130  1.503232  1.851362
303.0  0.345991  1.501547  1.847538
303.5  0.345332  1.506545  1.851877
304.0  0.344406  1.499578  1.843984
304.5  0.342572  1.512776  1.855348
305.0  0.340314  1.501272  1.841586
305.5  0.338846  1.515825  1.854671
306.0  0.339560  1.501452  1.841012
306.5  0.343581  1.509958  1.853539
307.0  0.351506  1.490102  1.841608
307.5  0.363253  1.487259  1.850512
308.0  0.377874  1.467104  1.844978
308.5  0.393398  1.452987  1.846385
309.0  0.407000  1.438784  1.845785
309.5  0.415777  1.426394  1.842171
310.0  0.417948  1.430975  1.848923
310.5  0.413805  1.428604  1.842409
311.0  0.405689  1.441631  1.847319
311.5  0.396854  1.446536  1.843390
312.0  0.389856  1.456436  1.846292
312.5  0.385389  1.459550  1.844939
313.0  0.382166  1.460444  1.842610
313.5  0.377762  1.465137  1.842899
314.0  0.369838  1.471427  1.841265
314.5  0.357137  1.484937  1.842074
315.0  0.339921  1.502992  1.842913
315.5  0.319848  1.517712  1.837560
316.0  0.299488  1.546039  1.845527
316.5  0.281720  1.555736  1.837456
317.0  0.269205  1.579880  1.849084
317.5  0.263943  1.571070  1.835013
318.0  0.266869  1.581044  1.847913
318.5  0.277436  1.559549  1.836985
319.0  0.293405  1.553590  1.846995
319.5  0.311209  1.531462  1.842671
320.0  0.327091  1.516459  1.843550
320.5  0.338645  1.505270  1.843915
321.0  0.345921  1.494494  1.840415
321.5  0.351320  1.498842  1.850163
322.0  0.358254  1.484714  1.842968
322.5  0.369318  1.480360  1.849678
323.0  0.385006  1.456025  1.841032
323.5  0.403549  1.446345  1.849894
324.0  0.421776  1.424253  1.846028
324.5  0.436381  1.411097  1.847478
325.0  0.444973  1.401999  1.846972
325.5  0.446585  1.400124  1.846708
326.0  0.441650  1.406348  1.847997
326.5  0.431645  1.417677  1.849322
327.0  0.418650  1.434061  1.852711
327.5  0.404944  1.448142  1.853086
328.0  0.392655  1.457233  1.849888
328.5  0.383321  1.461884  1.845204
329.0  0.377368  1.463187  1.840556
329.5  0.373748  1.458458  1.832206
330.0  0.370145  1.450322  1.820468
330.5  0.363992  1.443505  1.807498
331.0  0.353900  1.441443  1.795343
331.5  0.340665  1.443976  1.784641
332.0  0.327139  1.445270  1.772409
332.5  0.316970  1.444908  1.761878
333.0  0.312945  1.441593  1.754538
333.5  0.315881  1.433391  1.749272
334.0  0.324531  1.422934  1.747465
334.5  0.336364  1.410052  1.746416
335.0  0.348650  1.397818  1.746468
335.5  0.359322  1.389026  1.748348
336.0  0.367353  1.383584  1.750937
336.5  0.372694  1.380176  1.752870
337.0  0.375962  1.376934  1.752896
337.5  0.378121  1.372641  1.750762
338.0  0.380245  1.368322  1.748567
338.5  0.383329  1.363954  1.747283
339.0  0.387991  1.356620  1.744611
339.5  0.394008  1.346198  1.740206
340.0  0.399959  1.335708  1.735667
340.5  0.403395  1.332967  1.736362
341.0  0.401767  1.339776  1.741543
341.5  0.393743  1.354156  1.747899
342.0  0.380102  1.372703  1.752805
342.5  0.363580  1.379954  1.743534
343.0  0.347695  1.405759  1.753454
343.5  0.335282  1.409839  1.745121
344.0  0.327535  1.424609  1.752144
344.5  0.323965  1.421687  1.745652
345.0  0.323064  1.427346  1.750410
345.5  0.323187  1.424793  1.747981
346.0  0.323205  1.424993  1.748199
346.5  0.322743  1.427811  1.750554
347.0  0.322072  1.425455  1.747526
347.5  0.321848  1.428203  1.750051
348.0  0.322902  1.426452  1.749354
348.5  0.326142  1.425897  1.752039
349.0  0.332466  1.417841  1.750307
349.5  0.342484  1.407496  1.749981
350.0  0.355999  1.397126  1.753125
350.5  0.371534  1.379007  1.750541
351.0  0.386434  1.365118  1.751552
351.5  0.397772  1.352230  1.750003
352.0  0.403682  1.349832  1.753515
352.5  0.404244  1.347167  1.751412
353.0  0.401290  1.348358  1.749648
353.5  0.397248  1.355886  1.753134
354.0  0.393788  1.355603  1.749391
354.5  0.391085  1.362247  1.753332
355.0  0.388015  1.357333  1.745348
355.5  0.382979  1.372109  1.755088
356.0  0.374813  1.371773  1.746586
356.5  0.363331  1.390222  1.753553
357.0  0.349378  1.396689  1.746067
357.5  0.334496  1.418314  1.752810
358.0  0.320452  1.428164  1.748615
358.5  0.308852  1.442975  1.751827
359.0  0.300964  1.449464  1.750428
359.5  0.297658  1.453235  1.750893
360.0  0.299297  1.453129  1.752426
360.5  0.305491  1.444664  1.750155
361.0  0.314930  1.434175  1.749105
361.5  0.325652  1.422548  1.748200
362.0  0.335871  1.411516  1.747386
362.5  0.344962  1.404176  1.749138
363.0  0.353881  1.391486  1.745368
363.5  0.364599  1.384967  1.749566
364.0  0.378820  1.365662  1.744482
364.5  0.396776  1.353842  1.750618
365.0  0.416818  1.330098  1.746917
365.5  0.435950  1.310992  1.746942
366.0  0.450929  1.297321  1.748250
366.5  0.459323  1.284818  1.744141
367.0  0.460121  1.289893  1.750014
367.5  0.453771  1.289337  1.743108
368.0  0.441789  1.309901  1.751690
368.5  0.426196  1.315895  1.742091
369.0  0.409013  1.340843  1.749856
369.5  0.391950  1.352431  1.744381
370.0  0.376242  1.372819  1.749061
370.5  0.362488  1.383413  1.745901
371.0  0.350451  1.396450  1.746902
371.5  0.339022  1.409036  1.748057
372.0  0.326637  1.418738  1.745375
372.5  0.312229  1.435110  1.747340
373.0  0.296230  1.451668  1.747897
373.5  0.280923  1.467266  1.748189
374.0  0.269752  1.478878  1.748629
374.5  0.265869  1.481466  1.747335
375.0  0.270762  1.480196  1.750957
375.5  0.283668  1.464303  1.747971
376.0  0.302001  1.449431  1.751433
376.5  0.322405  1.425901  1.748306
377.0  0.341870  1.407685  1.749555
377.5  0.358468  1.391435  1.749903
378.0  0.371561  1.376705  1.748265
378.5  0.381567  1.369957  1.751524
379.0  0.389510  1.356350  1.745860
379.5  0.396550  1.358322  1.754872
380.0  0.403635  1.342362  1.745997
380.5  0.411242  1.342310  1.753551
381.0  0.419119  1.325359  1.744478
381.5  0.426067  1.324990  1.751056
382.0  0.429994  1.315977  1.745971
382.5  0.428514  1.322430  1.750943
383.0  0.420015  1.327701  1.747715
383.5  0.404683  1.345591  1.750274
384.0  0.384772  1.364847  1.749619
384.5  0.363852  1.386316  1.750168
385.0  0.345410  1.404464  1.749874
385.5  0.331593  1.418804  1.750397
386.0  0.322720  1.425730  1.748451
386.5  0.317650  1.432270  1.749919
387.0  0.314644  1.431349  1.745993
387.5  0.312249  1.438603  1.750852
388.0  0.309842  1.434852  1.744695
388.5  0.307757  1.443275  1.751032
389.0  0.307058  1.436209  1.743267
389.5  0.309136  1.442541  1.751678
390.0  0.315290  1.430299  1.745589
390.5  0.326384  1.419753  1.746136
391.0  0.342570  1.405699  1.748270
391.5  0.363037  1.383330  1.746367
392.0  0.385846  1.363383  1.749229
392.5  0.408105  1.333051  1.741157
393.0  0.426657  1.324425  1.751083
393.5  0.439142  1.304535  1.743677
394.0  0.444878  1.305127  1.750005
394.5  0.444986  1.311485  1.756471
395.0  0.441612  1.320090  1.761703
395.5  0.436721  1.326632  1.763352
396.0  0.431155  1.332417  1.763572
396.5  0.424446  1.339805  1.764250
397.0  0.415317  1.348830  1.764147
397.5  0.402502  1.361064  1.763566
398.0  0.385447  1.381662  1.767108
398.5  0.364646  1.407112  1.771757
399.0  0.341591  1.434156  1.775748
399.5  0.318433  1.464408  1.782841
400.0  0.297513  1.496457  1.793970
400.5  0.280936  1.524044  1.804980
401.0  0.270253  1.543496  1.813749
401.5  0.266222  1.555136  1.821358
402.0  0.268616  1.559373  1.827989
402.5  0.276116  1.557045  1.833161
403.0  0.286538  1.548654  1.835192
403.5  0.297529  1.536259  1.833788
404.0  0.307553  1.522129  1.829681
404.5  0.316591  1.508343  1.824934
405.0  0.326017  1.493196  1.819213
405.5  0.337631  1.473158  1.810789
406.0  0.352415  1.449557  1.801972
406.5  0.369767  1.423486  1.793254
407.0  0.387587  1.399538  1.787125
407.5  0.403081  1.379134  1.782215
408.0  0.413767  1.364366  1.778133
408.5  0.418235  1.357753  1.775988
409.0  0.416433  1.359600  1.776033
409.5  0.409516  1.366971  1.776486
410.0  0.399399  1.377208  1.776607
410.5  0.388228  1.390141  1.778369
411.0  0.377914  1.401168  1.779082
411.5  0.369801  1.406698  1.776500
412.0  0.364454  1.407651  1.772105
412.5  0.361515  1.406789  1.768303
413.0  0.359736  1.402479  1.762215
413.5  0.357379  1.394407  1.751786
414.0  0.353057  1.387208  1.740265
414.5  0.346684  1.384319  1.731004
415.0  0.339929  1.382150  1.722079
415.5  0.335702  1.376616  1.712318
416.0  0.336848  1.368000  1.704847
416.5  0.344761  1.356024  1.700785
417.0  0.358707  1.340164  1.698871
417.5  0.376146  1.323546  1.699693
418.0  0.393754  1.309576  1.703330
418.5  0.408562  1.300127  1.708689
419.0  0.418747  1.295290  1.714037
419.5  0.423877  1.294000  1.717877
420.0  0.424710  1.297532  1.722242
420.5  0.422702  1.304421  1.727123
421.0  0.419453  1.309676  1.729129
421.5  0.416226  1.311277  1.727502
422.0  0.413625  1.314648  1.728273
422.5  0.411410  1.317815  1.729225
423.0  0.408424  1.320145  1.728568
423.5  0.402740  1.327457  1.730198
424.0  0.392204  1.341895  1.734099
424.5  0.375382  1.364045  1.739426
425.0  0.352556  1.394285  1.746840
425.5  0.326128  1.431426  1.757554
426.0  0.300021  1.470674  1.770695
426.5  0.278273  1.504363  1.782636
427.0  0.263575  1.530429  1.794005
427.5  0.256513  1.547507  1.804020
428.0  0.255784  1.555233  1.811017
428.5  0.259105  1.555869  1.814974
429.0  0.264270  1.553632  1.817902
429.5  0.269904  1.547093  1.816998
430.0  0.275754  1.536939  1.812693
430.5  0.282550  1.524236  1.806787
431.0  0.291609  1.509066  1.800674
431.5  0.304320  1.489241  1.793561
432.0  0.321676  1.464038  1.785714
432.5  0.343879  1.436216  1.780095
433.0  0.370048  1.407399  1.777447
433.5  0.398062  1.378635  1.776697
434.0  0.424718  1.351398  1.776116
434.5  0.446403  1.332479  1.778882
435.0  0.460245  1.322016  1.782261
435.5  0.465255  1.322216  1.787471
436.0  0.462755  1.329315  1.792069
436.5  0.455719  1.339266  1.794985
437.0  0.447343  1.351743  1.799086
437.5  0.439638  1.360810  1.800448
438.0  0.432804  1.364393  1.797197
438.5  0.425554  1.364634  1.790188
439.0  0.416061  1.367292  1.783354
439.5  0.402944  1.370501  1.773445
440.0  0.385900  1.373229  1.759129
440.5  0.365864  1.377875  1.743739
441.0  0.344769  1.386338  1.731107
441.5  0.325086  1.395540  1.720627
442.0  0.309301  1.400202  1.709503
442.5  0.299438  1.401257  1.700695
443.0  0.296674  1.399321  1.695995
443.5  0.301003  1.394776  1.695779
444.0  0.311018  1.385425  1.696443
444.5  0.324014  1.372521  1.696535
445.0  0.336670  1.361141  1.697811
445.5  0.346240  1.354708  1.700948
446.0  0.351720  1.351472  1.703192
446.5  0.354243  1.348945  1.703188
447.0  0.356360  1.344731  1.701092
447.5  0.360579  1.337533  1.698111
448.0  0.367997  1.327407  1.695404
448.5  0.377784  1.315727  1.693511
449.0  0.387620  1.304009  1.691629
449.5  0.394711  1.296958  1.691669
450.0  0.396806  1.297985  1.694792
450.5  0.392832  1.308297  1.701129
451.0  0.383052  1.328133  1.711185
451.5  0.368857  1.354491  1.723348
452.0  0.352353  1.385053  1.737406
452.5  0.335900  1.416134  1.752034
453.0  0.321696  1.444611  1.766307
453.5  0.311404  1.466617  1.778021
454.0  0.305775  1.480877  1.786652
454.5  0.304338  1.489193  1.793531
455.0  0.305418  1.492061  1.797480
455.5  0.306763  1.491057  1.797821
456.0  0.306724  1.489163  1.795887
456.5  0.305377  1.489048  1.794425
457.0  0.304811  1.485887  1.790698
457.5  0.308222  1.477847  1.786069
458.0  0.318298  1.465879  1.784177
458.5  0.335817  1.447798  1.783615
459.0  0.359217  1.423767  1.782984
459.5  0.385233  1.399379  1.784612
460.0  0.410103  1.379956  1.790059
460.5  0.430719  1.365449  1.796168
461.0  0.445302  1.357577  1.802879
461.5  0.453526  1.358784  1.812310
462.0  0.456218  1.366727  1.822945
462.5  0.454848  1.375896  1.830744
463.0  0.451001  1.385581  1.836582
463.5  0.445970  1.394902  1.840873
464.0  0.440465  1.400094  1.840559
464.5  0.434377  1.401157  1.835534
465.0  0.426640  1.402823  1.829463
465.5  0.415395  1.405586  1.820981
466.0  0.398731  1.408445  1.807176
466.5  0.375869  1.415991  1.791861
467.0  0.348194  1.431824  1.780018
467.5  0.319342  1.449229  1.768571
468.0  0.294087  1.462302  1.756389
468.5  0.276538  1.471570  1.748108
469.0  0.268650  1.475074  1.743723
469.5  0.269776  1.470964  1.740741
470.0  0.277356  1.460738  1.738093
470.5  0.288170  1.451435  1.739606
471.0  0.299530  1.440816  1.740346
471.5  0.309966  1.429269  1.739235
472.0  0.319341  1.417913  1.737254
472.5  0.328530  1.406183  1.734713
473.0  0.338867  1.389177  1.728044
473.5  0.351572  1.369411  1.720983
474.0  0.367297  1.347379  1.714676
474.5  0.385822  1.323124  1.708945
475.0  0.405859  1.296136  1.701994
475.5  0.425007  1.272614  1.697621
476.0  0.440040  1.258325  1.698365
476.5  0.447754  1.255681  1.703435
477.0  0.446217  1.265155  1.711372
477.5  0.435827  1.286184  1.722011
478.0  0.419418  1.318905  1.738323
478.5  0.401171  1.354883  1.756054
479.0  0.384868  1.384873  1.769741
479.5  0.372450  1.411345  1.783795
480.0  0.363610  1.434677  1.798287
480.5  0.356459  1.451024  1.807483
481.0  0.348721  1.463674  1.812395
481.5  0.338825  1.478294  1.817119
482.0  0.326500  1.493557  1.820057
482.5  0.312821  1.505148  1.817969
483.0  0.299849  1.518297  1.818146
483.5  0.290076  1.528432  1.818508
484.0  0.285842  1.531162  1.817004
484.5  0.288830  1.528530  1.817360
485.0  0.299631  1.523648  1.823279
485.5  0.317390  1.512735  1.830125
486.0  0.339635  1.496881  1.836516
486.5  0.362587  1.487370  1.849957
487.0  0.382152  1.483367  1.865518
487.5  0.395388  1.484472  1.879860
488.0  0.401691  1.492236  1.893928
488.5  0.402931  1.507400  1.910330
489.0  0.402350  1.521615  1.923965
489.5  0.402840  1.528268  1.931108
490.0  0.405555  1.528725  1.934280
490.5  0.409561  1.525241  1.934801
491.0  0.412482  1.517107  1.929588
491.5  0.411647  1.506745  1.918392
492.0  0.405133  1.501625  1.906758
492.5  0.392355  1.501872  1.894228
493.0  0.374178  1.505258  1.879436
493.5  0.352643  1.512661  1.865304
494.0  0.330506  1.522784  1.853290
494.5  0.310691  1.533254  1.843945
495.0  0.295770  1.542227  1.837997
495.5  0.287449  1.546573  1.834022
496.0  0.286112  1.545949  1.832061
496.5  0.290559  1.540649  1.831208
497.0  0.298249  1.533391  1.831640
497.5  0.306230  1.523313  1.829543
498.0  0.312489  1.514833  1.827321
498.5  0.316983  1.504951  1.821934
499.0  0.321675  1.491341  1.813015
499.5  0.329415  1.473618  1.803033
500.0  0.342342  1.449390  1.791732
500.5  0.360678  1.418151  1.778829
501.0  0.382549  1.384220  1.766768
501.5  0.404731  1.354445  1.759176
502.0  0.423823  1.331314  1.755138
502.5  0.437243  1.316270  1.753513
503.0  0.443751  1.314647  1.758398
503.5  0.443470  1.324899  1.768369
504.0  0.437570  1.341010  1.778580
504.5  0.427828  1.363815  1.791643
505.0  0.416209  1.390833  1.807042
505.5  0.404539  1.415869  1.820408
506.0  0.394182  1.438520  1.832702
506.5  0.385661  1.457973  1.843634
507.0  0.378352  1.472933  1.851285
507.5  0.370591  1.484711  1.855303
508.0  0.360471  1.497670  1.858142
508.5  0.347079  1.513132  1.860211
509.0  0.331456  1.528099  1.859555
509.5  0.316547  1.541557  1.858104
510.0  0.306033  1.554376  1.860409
510.5  0.302696  1.563462  1.866158
511.0  0.307255  1.563530  1.870785
511.5  0.318237  1.560696  1.878933
512.0  0.332788  1.557403  1.890191
512.5  0.347850  1.554327  1.902178
513.0  0.361134  1.556190  1.917324
513.5  0.371562  1.564692  1.936255
514.0  0.379202  1.575928  1.955129
514.5  0.384852  1.585892  1.970744
515.0  0.389546  1.595057  1.984603
515.5  0.394143  1.602801  1.996944
516.0  0.399080  1.606345  2.005424
516.5  0.404218  1.603789  2.008006
517.0  0.408678  1.596993  2.005671
517.5  0.410770  1.589635  2.000404
518.0  0.408307  1.583882  1.992189
518.5  0.399478  1.582630  1.982108
519.0  0.383990  1.587077  1.971067
519.5  0.363745  1.598659  1.962404
520.0  0.342459  1.612709  1.955167
520.5  0.324249  1.625092  1.949340
521.0  0.311972  1.634146  1.946118
521.5  0.306220  1.639877  1.946097
522.0  0.305447  1.640947  1.946394
522.5  0.306993  1.638867  1.945860
523.0  0.308394  1.638218  1.946612
523.5  0.308355  1.637804  1.946159
524.0  0.307121  1.631719  1.938840
524.5  0.306253  1.624821  1.931073
525.0  0.308005  1.614371  1.922376
525.5  0.314563  1.592851  1.907414
526.0  0.327381  1.562613  1.889994
526.5  0.346761  1.529716  1.876477
527.0  0.371664  1.492118  1.863782
527.5  0.399683  1.453256  1.852938
528.0  0.427232  1.421277  1.848509
528.5  0.450162  1.398420  1.848582
529.0  0.464880  1.385707  1.850588
529.5  0.469648  1.388018  1.857666
530.0  0.465343  1.405964  1.871307
530.5  0.455089  1.430672  1.885761
531.0  0.442832  1.454685  1.897517
531.5  0.431608  1.477752  1.909360
532.0  0.422411  1.498927  1.921337
532.5  0.414157  1.514111  1.928268
533.0  0.404564  1.527322  1.931887
533.5  0.391367  1.545169  1.936537
534.0  0.373318  1.564483  1.937800
534.5  0.350663  1.586355  1.937018
535.0  0.325088  1.612256  1.937344
535.5  0.299253  1.639993  1.939246
536.0  0.276135  1.665802  1.941936
536.5  0.258377  1.687875  1.946253
537.0  0.247799  1.707277  1.955076
537.5  0.245052  1.721544  1.966596
538.0  0.249423  1.729831  1.979253
538.5  0.258852  1.734826  1.993678
539.0  0.270413  1.741067  2.011480
539.5  0.281342  1.746237  2.027580
540.0  0.290251  1.750417  2.040668
540.5  0.297821  1.753919  2.051740
541.0  0.306424  1.754985  2.061409
541.5  0.318783  1.746854  2.065637
542.0  0.336424  1.727932  2.064356
542.5  0.358783  1.701706  2.060488
543.0  0.383341  1.672417  2.055758
543.5  0.406577  1.641645  2.048222
544.0  0.425155  1.614420  2.039575
544.5  0.436860  1.596995  2.033856
545.0  0.441040  1.589512  2.030551
545.5  0.438559  1.588407  2.026967
546.0  0.431400  1.593322  2.024722
546.5  0.422063  1.604540  2.026604
547.0  0.412947  1.617145  2.030091
547.5  0.405792  1.625771  2.031562
548.0  0.401252  1.629306  2.030558
548.5  0.398628  1.630740  2.029368
549.0  0.395942  1.629854  2.025796
549.5  0.390577  1.626606  2.017183
550.0  0.380466  1.626586  2.007052
550.5  0.365354  1.629492  1.994847
551.0  0.347391  1.662663  2.010053
551.5  0.330552  1.665717  1.996269
552.0  0.319124  1.689902  2.009026
552.5  0.316023  1.682647  1.998670
553.0  0.321804  1.684358  2.006162
553.5  0.334723  1.670393  2.005117
554.0  0.351628  1.653442  2.005070
554.5  0.369120  1.637491  2.006611
555.0  0.384510  1.616897  2.001408
555.5  0.396313  1.612600  2.008913
556.0  0.404266  1.600649  2.004915
556.5  0.409011  1.601970  2.010981
557.0  0.411596  1.594309  2.005905
557.5  0.413018  1.596410  2.009428
558.0  0.413891  1.595822  2.009714
558.5  0.414219  1.593950  2.008169
559.0  0.413235  1.595676  2.008910
559.5  0.409406  1.598187  2.007593
560.0  0.400851  1.608312  2.009163
560.5  0.386244  1.623436  2.009679
561.0  0.365836  1.641621  2.007458
561.5  0.341924  1.671966  2.013891
562.0  0.318293  1.688914  2.007207
562.5  0.298840  1.717561  2.016401
563.0  0.286118  1.718589  2.004707
563.5  0.280577  1.739558  2.020135
564.0  0.280792  1.726703  2.007494
564.5  0.284407  1.734658  2.019065
565.0  0.289244  1.719546  2.008790
565.5  0.294108  1.722941  2.017049
566.0  0.299084  1.712887  2.011970
566.5  0.305323  1.711633  2.016956
567.0  0.314464  1.697707  2.012171
567.5  0.327904  1.683040  2.010943
568.0  0.346176  1.669271  2.015448
568.5  0.368613  1.643653  2.012266
569.0  0.393313  1.618935  2.012248
569.5  0.417361  1.591635  2.008996
570.0  0.437293  1.571627  2.008921
570.5  0.449902  1.561472  2.011374
571.0  0.453288  1.554464  2.007752
571.5  0.447743  1.562115  2.009859
572.0  0.435866  1.568775  2.004641
572.5  0.421641  1.588192  2.009833
573.0  0.408836  1.600743  2.009578
573.5  0.399534  1.611326  2.010860
574.0  0.393524  1.617223  2.010748
574.5  0.388727  1.616060  2.004787
575.0  0.382308  1.631694  2.014001
575.5  0.371885  1.634361  2.006247
576.0  0.356414  1.657546  2.013960
576.5  0.336541  1.666809  2.003350
577.0  0.314469  1.698352  2.012821
577.5  0.293404  1.713091  2.006494
578.0  0.276747  1.734407  2.011154
578.5  0.267256  1.741286  2.008542
579.0  0.266369  1.743633  2.010003
579.5  0.273829  1.738124  2.011953
580.0  0.287672  1.721382  2.009053
580.5  0.304645  1.707688  2.012333
581.0  0.321124  1.689816  2.010939
581.5  0.334352  1.678725  2.013077
582.0  0.343514  1.668301  2.011815
582.5  0.349985  1.662075  2.012060
583.0  0.356514  1.661572  2.018086
583.5  0.365716  1.648475  2.014190
584.0  0.378702  1.637766  2.016468
584.5  0.394531  1.622522  2.017053
585.0  0.410617  1.608856  2.019473
585.5  0.423721  1.596350  2.020072
586.0  0.430997  1.584625  2.015621
586.5  0.430721  1.593156  2.023877
587.0  0.422641  1.592598  2.015239
587.5  0.407952  1.618135  2.026088
588.0  0.389015  1.627825  2.016841
588.5  0.368845  1.659625  2.028469
589.0  0.350464  1.666904  2.017368
589.5  0.336224  1.691646  2.027870
590.0  0.327224  1.693581  2.020805
590.5  0.323023  1.701742  2.024765
591.0  0.321842  1.698287  2.020129
591.5  0.321386  1.701198  2.022585
592.0  0.320051  1.701866  2.021916
592.5  0.317917  1.703778  2.021695
593.0  0.316910  1.703720  2.020630
593.5  0.319927  1.699621  2.019548
594.0  0.329391  1.689190  2.018582
594.5  0.346037  1.678207  2.024244
595.0  0.368516  1.647211  2.015727
595.5  0.393883  1.627443  2.021326
596.0  0.418554  1.594606  2.013160
596.5  0.439256  1.583663  2.022919
597.0  0.453677  1.559055  2.012731
597.5  0.460733  1.559821  2.020554
598.0  0.460553  1.552080  2.012634
598.5  0.454253  1.563086  2.017340
599.0  0.443569  1.576602  2.020170
599.5  0.430408  1.581648  2.012056
600.0  0.416366  1.600327  2.016694
600.5  0.402255  1.606378  2.008633
601.0  0.387813  1.632769  2.020582
601.5  0.371840  1.636137  2.007977
602.0  0.352908  1.662036  2.014944
602.5  0.330465  1.679309  2.009774
603.0  0.305721  1.709384  2.015105
603.5  0.281695  1.730593  2.012288
604.0  0.262265  1.751007  2.013271
604.5  0.250708  1.763636  2.014343
605.0  0.248545  1.766200  2.014745
605.5  0.255227  1.759403  2.014630
606.0  0.268678  1.748573  2.017250
606.5  0.286251  1.726054  2.012306
607.0  0.305619  1.713752  2.019371
607.5  0.325278  1.687507  2.012785
608.0  0.344647  1.676303  2.020950
608.5  0.363841  1.649119  2.012960
609.0  0.383270  1.638454  2.021723
609.5  0.403228  1.614169  2.017397
610.0  0.423576  1.598295  2.021871
610.5  0.443556  1.580016  2.023572
611.0  0.461708  1.558433  2.020141
611.5  0.475896  1.550399  2.026295
612.0  0.483614  1.534556  2.018170
612.5  0.482701  1.548786  2.031487
613.0  0.472307  1.548026  2.020332
613.5  0.453603  1.579419  2.033022
614.0  0.429652  1.594574  2.024226
614.5  0.404362  1.628727  2.033088
615.0  0.381031  1.644234  2.025265
615.5  0.361285  1.668164  2.029449
616.0  0.344881  1.684174  2.029054
616.5  0.330347  1.699802  2.030149
617.0  0.316001  1.712602  2.028603
617.5  0.300855  1.726451  2.027306
618.0  0.285123  1.743094  2.028218
618.5  0.270279  1.759228  2.029507
619.0  0.258677  1.763673  2.022350
619.5  0.252894  1.775532  2.028426
620.0  0.254956  1.765856  2.020812
620.5  0.265676  1.765948  2.031624
621.0  0.284306  1.731990  2.016295
621.5  0.308522  1.719565  2.028087
622.0  0.334784  1.681468  2.016252
622.5  0.359069  1.664850  2.023919
623.0  0.377960  1.638171  2.016131
623.5  0.389775  1.628963  2.018738
624.0  0.395162  1.626104  2.021267
624.5  0.396731  1.620382  2.017113
625.0  0.397761  1.625381  2.023142
625.5  0.400655  1.613860  2.014514
626.0  0.405905  1.619873  2.025778
626.5  0.412018  1.605650  2.017668
627.0  0.416257  1.608359  2.024616
627.5  0.415746  1.604250  2.019997
628.0  0.408470  1.613023  2.021493
628.5  0.393915  1.624177  2.018092
629.0  0.373286  1.645719  2.019005
629.5  0.349307  1.669227  2.018533
630.0  0.325620  1.694169  2.019788
630.5  0.305914  1.710178  2.016092
631.0  0.292996  1.726645  2.019641
631.5  0.288078  1.727451  2.015529
632.0  0.290469  1.734925  2.025394
632.5  0.297801  1.715592  2.013394
633.0  0.306804  1.714769  2.021573
633.5  0.314511  1.698057  2.012568
634.0  0.319501  1.705404  2.024905
634.5  0.322551  1.697373  2.019924
635.0  0.326263  1.694356  2.020619
635.5  0.333781  1.689081  2.022862
636.0  0.347258  1.672495  2.019752
636.5  0.366844  1.664927  2.031772
637.0  0.390619  1.629616  2.020235
637.5  0.415291  1.616330  2.031620
638.0  0.437238  1.581039  2.018277
638.5  0.453433  1.580177  2.033610
639.0  0.462070  1.562934  2.025004
639.5  0.462856  1.569376  2.032232
640.0  0.456982  1.567069  2.024051
640.5  0.446784  1.583200  2.029984
641.0  0.435109  1.595969  2.031078
641.5  0.424513  1.606608  2.031121
642.0  0.416473  1.611664  2.028138
642.5  0.410884  1.617129  2.028013
643.0  0.406042  1.623267  2.029309
643.5  0.399306  1.632697  2.032003
644.0  0.388313  1.634710  2.023023
644.5  0.372268  1.657609  2.029877
645.0  0.352635  1.669518  2.022153
645.5  0.332753  1.702075  2.034828
646.0  0.316546  1.701291  2.017837
646.5  0.307003  1.726214  2.033217
647.0  0.305179  1.715099  2.020278
647.5  0.310078  1.723619  2.033697
648.0  0.319261  1.700863  2.020124
648.5  0.329762  1.695193  2.024955
649.0  0.338930  1.684790  2.023720
649.5  0.345018  1.676954  2.021972
650.0  0.347479  1.678608  2.026087
650.5  0.346969  1.669924  2.016893
651.0  0.345055  1.681376  2.026432
651.5  0.343668  1.672730  2.016397
652.0  0.344409  1.680439  2.024849
652.5  0.347897  1.668511  2.016408
653.0  0.353351  1.668131  2.021482
653.5  0.358647  1.659332  2.017979
654.0  0.360995  1.656967  2.017962
654.5  0.358120  1.659572  2.017692
655.0  0.349458  1.670981  2.020439
655.5  0.336707  1.682287  2.018994
656.0  0.323335  1.698400  2.021735
656.5  0.313243  1.702291  2.015534
657.0  0.309280  1.716920  2.026200
657.5  0.312321  1.703373  2.015693
658.0  0.321239  1.705915  2.027154
658.5  0.333584  1.679163  2.012747
659.0  0.346557  1.679453  2.026010
659.5  0.357883  1.660858  2.018740
660.0  0.366397  1.659284  2.025680
660.5  0.372274  1.649708  2.021982
661.0  0.376876  1.642089  2.018965
661.5  0.382237  1.645599  2.027836
662.0  0.390304  1.630760  2.021064
662.5  0.402151  1.630482  2.032633
663.0  0.417403  1.601377  2.018780
663.5  0.434070  1.596366  2.030436
664.0  0.448905  1.574038  2.022943
664.5  0.458308  1.575467  2.033775
665.0  0.459580  1.566985  2.026565
665.5  0.452036  1.577951  2.029987
666.0  0.437396  1.591872  2.029269
666.5  0.419148  1.611558  2.030706
667.0  0.401145  1.630805  2.031950
667.5  0.386144  1.646489  2.032633
668.0  0.374958  1.656125  2.031083
668.5  0.366495  1.667195  2.033690
669.0  0.358485  1.671216  2.029701
669.5  0.348475  1.687727  2.036202
670.0  0.334724  1.688350  2.023074
670.5  0.316815  1.719887  2.036703
671.0  0.295889  1.724208  2.020097
671.5  0.274465  1.761713  2.036178
672.0  0.255855  1.762818  2.018674
672.5  0.243282  1.790050  2.033332
673.0  0.238947  1.781880  2.020827
673.5  0.243337  1.785914  2.029250
674.0  0.254981  1.768037  2.023018
674.5  0.270818  1.753712  2.024531
675.0  0.287174  1.740731  2.027904
675.5  0.301104  1.719685  2.020789
676.0  0.311551  1.717323  2.028874
676.5  0.319717  1.701011  2.020728
677.0  0.328374  1.699572  2.027945
677.5  0.340466  1.681281  2.021748
678.0  0.357703  1.668217  2.025920
678.5  0.379792  1.644367  2.024159
679.0  0.404545  1.618564  2.023109
679.5  0.428617  1.595162  2.023778
680.0  0.448475  1.573736  2.022211
680.5  0.461274  1.562276  2.023550
681.0  0.465490  1.559023  2.024513
681.5  0.461242  1.556115  2.017358
682.0  0.450262  1.575792  2.026054
682.5  0.435440  1.582878  2.018318
683.0  0.420016  1.612675  2.032691
683.5  0.406596  1.608817  2.015413
684.0  0.396317  1.635043  2.031361
684.5  0.388471  1.631440  2.019910
685.0  0.380819  1.649237  2.030056
685.5  0.370618  1.652203  2.022822
686.0  0.356016  1.670673  2.026689
686.5  0.337199  1.691849  2.029048
687.0  0.316661  1.707592  2.024253
687.5  0.298397  1.737757  2.036154
688.0  0.286407  1.740193  2.026601
688.5  0.283277  1.752875  2.036152
689.0  0.289431  1.738314  2.027745
689.5  0.303253  1.736382  2.039635
690.0  0.321822  1.710565  2.032387
690.5  0.341846  1.692590  2.034435
691.0  0.360496  1.673201  2.033697
691.5  0.375992  1.659703  2.035695
692.0  0.387873  1.650691  2.038565
692.5  0.396941  1.641040  2.037981
693.0  0.404827  1.634157  2.038983
693.5  0.413280  1.627769  2.041049
694.0  0.423372  1.612508  2.035880
694.5  0.434850  1.608086  2.042936
695.0  0.445916  1.587649  2.033565
695.5  0.453588  1.591939  2.045527
696.0  0.454679  1.575494  2.030173
696.5  0.447080  1.598624  2.045704
697.0  0.430794  1.598981  2.029775
697.5  0.408130  1.636962  2.045092
698.0  0.382924  1.646246  2.029169
698.5  0.359150  1.680718  2.039869
699.0  0.339620  1.691573  2.031193
699.5  0.325304  1.711280  2.036584
700.0  0.315444  1.719042  2.034486
700.5  0.308214  1.721848  2.030061
701.0  0.301589  1.732654  2.034243
701.5  0.294136  1.734587  2.028722
702.0  0.285554  1.748556  2.034110
702.5  0.276888  1.750734  2.027622
703.0  0.270306  1.760517  2.030824
703.5  0.268473  1.761666  2.030139
704.0  0.273657  1.753383  2.027039
704.5  0.286860  1.742719  2.029579
705.0  0.307255  1.718628  2.025883
705.5  0.332158  1.695944  2.028102
706.0  0.357612  1.670993  2.028605
706.5  0.379527  1.644874  2.024400
707.0  0.394998  1.635172  2.030170
707.5  0.403260  1.617380  2.020640
708.0  0.405772  1.630384  2.036156
708.5  0.405374  1.614695  2.020069
709.0  0.404945  1.628879  2.033824
709.5  0.406211  1.614180  2.020391
710.0  0.409203  1.624385  2.033588
710.5  0.412439  1.610907  2.023346
711.0  0.413611  1.611624  2.025234
711.5  0.410441  1.618021  2.028462
712.0  0.401478  1.623371  2.024849
712.5  0.386664  1.644070  2.030734
713.0  0.367572  1.656328  2.023900
713.5  0.347156  1.687332  2.034488
714.0  0.329027  1.697154  2.026181
714.5  0.316399  1.713777  2.030176
715.0  0.311083  1.714889  2.025972
715.5  0.312893  1.714797  2.027690
716.0  0.319713  1.709923  2.029636
716.5  0.328274  1.700085  2.028358
717.0  0.335403  1.693900  2.029303
717.5  0.339307  1.691021  2.030329
718.0  0.340281  1.691192  2.031473
718.5  0.340476  1.693154  2.033630
719.0  0.342806  1.684260  2.027066
719.5  0.349550  1.686856  2.036405
720.0  0.361309  1.663514  2.024823
720.5  0.376746  1.664351  2.041097
721.0  0.393049  1.630742  2.023792
721.5  0.406813  1.633314  2.040126
722.0  0.414990  1.605468  2.020457
722.5  0.415703  1.620337  2.036039
723.0  0.408787  1.616080  2.024867
723.5  0.395937  1.637330  2.033267
724.0  0.380324  1.643529  2.023853
724.5  0.365683  1.662405  2.028088
725.0  0.355105  1.673925  2.029030
725.5  0.349978  1.673866  2.023844
726.0  0.349517  1.676683  2.026201
726.5  0.351086  1.672507  2.023593
727.0  0.351242  1.675608  2.026850
727.5  0.347177  1.674027  2.021204
728.0  0.337996  1.684458  2.022454
728.5  0.325278  1.699828  2.025106
729.0  0.312596  1.707145  2.019741
729.5  0.304179  1.718486  2.022665
730.0  0.303334  1.717049  2.020383
730.5  0.311316  1.711915  2.023231
731.0  0.327048  1.692745  2.019794
731.5  0.347619  1.670635  2.018254
732.0  0.369218  1.654443  2.023661
732.5  0.388158  1.625769  2.013927
733.0  0.401747  1.623792  2.025539
733.5  0.408911  1.602365  2.011277
734.0  0.410415  1.615519  2.025935
734.5  0.408564  1.602770  2.011334
735.0  0.406341  1.618376  2.024717
735.5  0.406208  1.608190  2.014398
736.0  0.409004  1.612800  2.021804
736.5  0.413423  1.606999  2.020422
737.0  0.416343  1.604308  2.020651
737.5  0.413972  1.610477  2.024449
738.0  0.403415  1.617090  2.020505
738.5  0.384044  1.641514  2.025558
739.0  0.358041  1.664256  2.022297
739.5  0.329829  1.698302  2.028132
740.0  0.304619  1.723386  2.028004
740.5  0.286731  1.740084  2.026815
741.0  0.278407  1.752909  2.031316
741.5  0.279470  1.750518  2.029987
742.0  0.287774  1.745189  2.032962
742.5  0.300119  1.730415  2.030534
743.0  0.313279  1.719836  2.033115
743.5  0.324931  1.710396  2.035326
744.0  0.334333  1.695549  2.029883
744.5  0.342579  1.692986  2.035565
745.0  0.352216  1.674818  2.027034
745.5  0.366220  1.675487  2.041707
746.0  0.386569  1.639889  2.026458
746.5  0.413003  1.628171  2.041175
747.0  0.442544  1.582985  2.025529
747.5  0.470093  1.572075  2.042168
748.0  0.489969  1.539951  2.029920
748.5  0.497819  1.539804  2.037622
749.0  0.492129  1.541185  2.033314
749.5  0.474689  1.563216  2.037904
750.0  0.449819  1.587336  2.037155
750.5  0.422759  1.613370  2.036129
751.0  0.397931  1.638908  2.036840
751.5  0.377781  1.657474  2.035255
752.0  0.362476  1.673626  2.036101
752.5  0.350371  1.685961  2.036333
753.0  0.338889  1.693373  2.032262
753.5  0.325521  1.709323  2.034844
754.0  0.308767  1.718005  2.026772
754.5  0.288846  1.746451  2.035297
755.0  0.267980  1.759551  2.027531
755.5  0.250017  1.782808  2.032825
756.0  0.239341  1.786764  2.026105
756.5  0.239350  1.788926  2.028276
757.0  0.251083  1.779479  2.030562
757.5  0.272601  1.749228  2.021829
758.0  0.299466  1.731637  2.031103
758.5  0.326195  1.690992  2.017186
759.0  0.348139  1.685076  2.033215
759.5  0.363010  1.652952  2.015962
760.0  0.371393  1.659799  2.031192
760.5  0.376075  1.643465  2.019541
761.0  0.380565  1.648182  2.028747
761.5  0.387514  1.636385  2.023898
762.0  0.397698  1.627621  2.025319
762.5  0.409831  1.618515  2.028346
763.0  0.421092  1.603981  2.025073
763.5  0.428039  1.600065  2.028104
764.0  0.427624  1.596203  2.023827
764.5  0.418128  1.607872  2.026000
765.0  0.399839  1.628266  2.028105
765.5  0.375277  1.650184  2.025461
766.0  0.348725  1.680943  2.029668
766.5  0.325081  1.700398  2.025479
767.0  0.308321  1.723213  2.031534
767.5  0.300164  1.726304  2.026468
768.0  0.299529  1.728228  2.027757
768.5  0.303077  1.728196  2.031273
769.0  0.306695  1.720163  2.026858
769.5  0.307347  1.727891  2.035239
770.0  0.304481  1.719035  2.023516
770.5  0.300322  1.741813  2.042134
771.0  0.298903  1.725635  2.024538
771.5  0.304319  1.738330  2.042649
772.0  0.319019  1.708346  2.027366
772.5  0.342884  1.700830  2.043714
773.0  0.373300  1.656118  2.029418
773.5  0.406019  1.633627  2.039646
774.0  0.436330  1.597786  2.034116
774.5  0.460203  1.579842  2.040045
775.0  0.475185  1.562661  2.037845
775.5  0.480949  1.557728  2.038677
776.0  0.479323  1.561793  2.041116
776.5  0.473663  1.564469  2.038133
777.0  0.467632  1.568896  2.036528
777.5  0.463749  1.575071  2.038820
778.0  0.462290  1.571877  2.034167
778.5  0.461019  1.577139  2.038158
779.0  0.455969  1.571922  2.027891
779.5  0.443022  1.596884  2.039906
780.0  0.419754  1.606556  2.026310
780.5  0.386743  1.647522  2.034265
781.0  0.347754  1.677286  2.025040
781.5  0.308652  1.722893  2.031545
782.0  0.275492  1.753635  2.029127
782.5  0.252627  1.770755  2.023382
783.0  0.241569  1.790333  2.031902
783.5  0.240916  1.779340  2.020256
784.0  0.247174  1.788256  2.035431
784.5  0.256021  1.761598  2.017619
785.0  0.263621  1.768906  2.032528
785.5  0.267724  1.752541  2.020264
786.0  0.268332  1.761370  2.029702
786.5  0.267757  1.756514  2.024271
787.0  0.269881  1.758206  2.028087
787.5  0.278727  1.750486  2.029214
788.0  0.296776  1.729752  2.026528
788.5  0.323707  1.706342  2.030049
789.0  0.356125  1.675824  2.031949
789.5  0.388460  1.642463  2.030923
790.0  0.414763  1.620810  2.035573
790.5  0.430733  1.600803  2.031536
791.0  0.435167  1.606152  2.041320
791.5  0.430245  1.601886  2.032132
792.0  0.420542  1.617598  2.038139
792.5  0.411231  1.624079  2.035311
793.0  0.406255  1.632220  2.038475
793.5  0.407151  1.634278  2.041429
794.0  0.412852  1.619654  2.032506
794.5  0.420338  1.626178  2.046516
795.0  0.425785  1.605946  2.031731
795.5  0.425844  1.623302  2.049146
796.0  0.418783  1.611165  2.029948
796.5  0.405239  1.646143  2.051382
797.0  0.388288  1.642692  2.030980
797.5  0.372664  1.674289  2.046954
798.0  0.363200  1.672601  2.035801
798.5  0.363015  1.684169  2.047183
799.0  0.372189  1.663833  2.036022
799.5  0.387522  1.653111  2.040633
800.0  0.403538  1.638683  2.042221
800.5  0.414400  1.626471  2.040871
801.0  0.415994  1.620174  2.036168
801.5  0.407369  1.629924  2.037294
802.0  0.390948  1.647381  2.038329
802.5  0.371455  1.666917  2.038372
803.0  0.354065  1.676870  2.030935
803.5  0.342551  1.698021  2.040572
804.0  0.338142  1.690543  2.028686
804.5  0.339361  1.699353  2.038715
805.0  0.342731  1.683385  2.026115
805.5  0.343979  1.694040  2.038018
806.0  0.339388  1.686378  2.025766
806.5  0.327003  1.700575  2.027579
807.0  0.307439  1.723419  2.030858
807.5  0.283997  1.740046  2.024043
808.0  0.261895  1.774219  2.036114
808.5  0.246686  1.774000  2.020686
809.0  0.242368  1.796980  2.039349
809.5  0.249928  1.770570  2.020498
810.0  0.266937  1.770289  2.037227
810.5  0.288441  1.735097  2.023538
811.0  0.308801  1.725273  2.034074
811.5  0.323775  1.706491  2.030265
812.0  0.331977  1.697692  2.029669
812.5  0.335130  1.695276  2.030406
813.0  0.337078  1.693210  2.030288
813.5  0.342062  1.694590  2.036652
814.0  0.353016  1.679781  2.032798
814.5  0.370525  1.660551  2.031077
815.0  0.392697  1.646018  2.038715
815.5  0.415813  1.618921  2.034734
816.0  0.435439  1.602015  2.037454
816.5  0.447672  1.583264  2.030936
817.0  0.450268  1.590843  2.041111
817.5  0.443375  1.592873  2.036248
818.0  0.429611  1.605846  2.035457
818.5  0.413286  1.627035  2.040321
819.0  0.398932  1.635214  2.034146
819.5  0.389658  1.655453  2.045111
820.0  0.385996  1.643270  2.029265
820.5  0.385772  1.664897  2.050669
821.0  0.385066  1.644391  2.029457
821.5  0.379909  1.668878  2.048787
822.0  0.368053  1.663832  2.031885
822.5  0.350085  1.700228  2.050314
823.0  0.329416  1.707495  2.036911
823.5  0.311120  1.736105  2.047225
824.0  0.300135  1.743740  2.043876
824.5  0.299574  1.746678  2.046252
825.0  0.309768  1.735508  2.045276
825.5  0.328312  1.717396  2.045708
826.0  0.350951  1.695091  2.046042
826.5  0.372906  1.670864  2.043770
827.0  0.390248  1.651650  2.041898
827.5  0.401004  1.647554  2.048557
828.0  0.405686  1.636001  2.041688
828.5  0.407036  1.642890  2.049926
829.0  0.408909  1.627917  2.036826
829.5  0.414628  1.634380  2.049008
830.0  0.425442  1.608395  2.033838
830.5  0.439758  1.606096  2.045854
831.0  0.453478  1.579285  2.032763
831.5  0.461350  1.577582  2.038932
832.0  0.458815  1.577055  2.035869
832.5  0.443702  1.589421  2.033123
833.0  0.417132  1.622155  2.039287
833.5  0.383272  1.644540  2.027812
834.0  0.348033  1.695557  2.043590
834.5  0.317218  1.707722  2.024940
835.0  0.294835  1.746424  2.041258
835.5  0.282150  1.746205  2.028355
836.0  0.277714  1.762518  2.040232
836.5  0.278186  1.752049  2.030235
837.0  0.279621  1.759118  2.038739
837.5  0.278834  1.758698  2.037532
838.0  0.274546  1.760369  2.034916
838.5  0.267982  1.768242  2.036224
839.0  0.262648  1.774579  2.037228
839.5  0.263175  1.770960  2.034135
840.0  0.273530  1.761933  2.035462
840.5  0.295271  1.737426  2.032697
841.0  0.326623  1.716075  2.042698
841.5  0.362810  1.667333  2.030143
842.0  0.397523  1.641955  2.039478
842.5  0.424962  1.624435  2.049398
843.0  0.441655  1.614340  2.055994
843.5  0.447382  1.616367  2.063749
844.0  0.444914  1.623890  2.068804
844.5  0.438717  1.625413  2.064130
845.0  0.433188  1.621523  2.054712
845.5  0.431105  1.612523  2.043628
846.0  0.432804  1.597803  2.030606
846.5  0.436259  1.578906  2.015166
847.0  0.437900  1.560364  1.998264
847.5  0.433853  1.545439  1.979292
848.0  0.421295  1.544690  1.965985
848.5  0.399601  1.557589  1.957189
849.0  0.370948  1.577863  1.948811
849.5  0.340035  1.602267  1.942301
850.0  0.312784  1.626526  1.939310
850.5  0.294365  1.644841  1.939206
851.0  0.287310  1.652346  1.939655
851.5  0.290577  1.648696  1.939273
852.0  0.300029  1.638008  1.938037
852.5  0.310122  1.625370  1.935492
853.0  0.316076  1.617204  1.933280
853.5  0.315656  1.611921  1.927576
854.0  0.309862  1.609338  1.919200
854.5  0.302368  1.610039  1.912407
855.0  0.297986  1.605574  1.903560
855.5  0.300842  1.590648  1.891490
856.0  0.312924  1.568311  1.881234
856.5  0.333455  1.541750  1.875205
857.0  0.359151  1.512151  1.871302
857.5  0.385149  1.483533  1.868681
858.0  0.406314  1.460240  1.866553
858.5  0.418611  1.455857  1.874468
859.0  0.420286  1.464041  1.884327
859.5  0.412491  1.481004  1.893495
860.0  0.399042  1.504605  1.903647
860.5  0.385166  1.530456  1.915622
861.0  0.375587  1.552304  1.927890
861.5  0.372702  1.563189  1.935891
862.0  0.375672  1.561196  1.936868
862.5  0.380846  1.559196  1.940042
863.0  0.383355  1.560305  1.943660
863.5  0.379173  1.565845  1.945018
864.0  0.366816  1.576209  1.943025
864.5  0.348009  1.595725  1.943734
865.0  0.327108  1.619680  1.946787
865.5  0.309567  1.643476  1.953043
866.0  0.300102  1.658648  1.958750
866.5  0.301216  1.663173  1.964389
867.0  0.312554  1.660346  1.972899
867.5  0.331164  1.647721  1.978885
868.0  0.352460  1.632771  1.985231
868.5  0.371557  1.618212  1.989769
869.0  0.384670  1.603236  1.987906
869.5  0.390241  1.593117  1.983358
870.0  0.389439  1.587319  1.976758
870.5  0.385717  1.581062  1.966779
871.0  0.383428  1.572280  1.955708
871.5  0.385937  1.557027  1.942964
872.0  0.394073  1.535357  1.929430
872.5  0.405635  1.513309  1.918945
873.0  0.416197  1.492248  1.908445
873.5  0.420857  1.479418  1.900274
874.0  0.416190  1.479022  1.895212
874.5  0.401646  1.493570  1.895216
875.0  0.379866  1.515560  1.895427
875.5  0.355833  1.540058  1.895890
876.0  0.335213  1.562705  1.897918
876.5  0.322542  1.576819  1.899362
877.0  0.319876  1.577390  1.897266
877.5  0.326329  1.567297  1.893626
878.0  0.338521  1.549833  1.888353
878.5  0.351708  1.532714  1.884422
879.0  0.361267  1.515834  1.877101
879.5  0.364181  1.503079  1.867261
880.0  0.360182  1.498844  1.859026
880.5  0.352082  1.500161  1.852243
881.0  0.344971  1.503586  1.848557
881.5  0.344315  1.498379  1.842694
882.0  0.353640  1.484991  1.838631
882.5  0.372847  1.466961  1.839809
883.0  0.398015  1.446923  1.844939
883.5  0.422772  1.427332  1.850103
884.0  0.440601  1.413891  1.854493
884.5  0.447101  1.419130  1.866232
885.0  0.441353  1.438067  1.879421
885.5  0.426007  1.461116  1.887123
886.0  0.406154  1.485715  1.891868
886.5  0.387486  1.509432  1.896918
887.0  0.374424  1.527136  1.901560
887.5  0.368823  1.534738  1.903561
888.0  0.369595  1.531466  1.901061
888.5  0.373223  1.528629  1.901851
889.0  0.374921  1.528711  1.903632
889.5  0.370135  1.532693  1.902829
890.0  0.356077  1.546271  1.902347
890.5  0.332937  1.572972  1.905908
891.0  0.304326  1.608505  1.912831
891.5  0.276515  1.640572  1.917087
892.0  0.256458  1.665680  1.922138
892.5  0.249236  1.679414  1.928650
893.0  0.256067  1.676556  1.932623
893.5  0.273858  1.659272  1.933130
894.0  0.296503  1.634379  1.930882
894.5  0.317280  1.610808  1.928087
895.0  0.331260  1.593109  1.924369
895.5  0.336828  1.580181  1.917009
896.0  0.335855  1.573934  1.909789
896.5  0.332648  1.570904  1.903552
897.0  0.332173  1.565319  1.897492
897.5  0.338222  1.552740  1.890963
898.0  0.352128  1.532513  1.884641
898.5  0.372335  1.510274  1.882609
899.0  0.394839  1.486939  1.881778
899.5  0.414284  1.467814  1.882098
900.0  0.425439  1.456980  1.882419
900.5  0.424760  1.458053  1.882813
901.0  0.411701  1.472424  1.884125
901.5  0.389282  1.495730  1.885012
902.0  0.363467  1.521859  1.885326
902.5  0.341282  1.540293  1.881575
903.0  0.328264  1.558265  1.886529
903.5  0.326371  1.558303  1.884674
904.0  0.333395  1.555025  1.888420
904.5  0.344173  1.537247  1.881420
905.0  0.352953  1.532179  1.885133
905.5  0.355811  1.527533  1.883344
906.0  0.352096  1.536678  1.888774
906.5  0.344475  1.542059  1.886533
907.0  0.337722  1.545258  1.882981
907.5  0.336867  1.548593  1.885460
908.0  0.345405  1.537823  1.883228
908.5  0.364159  1.522470  1.886629
909.0  0.391031  1.491153  1.882184
909.5  0.421567  1.464955  1.886522
910.0  0.450087  1.429512  1.879599
910.5  0.471108  1.409654  1.880762
911.0  0.480808  1.399196  1.880004
911.5  0.478199  1.405924  1.884124
912.0  0.465576  1.414283  1.879859
912.5  0.447835  1.430501  1.878337
913.0  0.430663  1.449742  1.880405
913.5  0.418203  1.462344  1.880546
914.0  0.411298  1.466156  1.877454
914.5  0.407206  1.470197  1.877403
915.0  0.400946  1.472709  1.873655
915.5  0.387591  1.491429  1.879021
916.0  0.364445  1.508856  1.873300
916.5  0.332218  1.548062  1.880280
917.0  0.294880  1.580956  1.875836
917.5  0.258382  1.621098  1.879479
918.0  0.228829  1.647245  1.876074
918.5  0.210755  1.666829  1.877584
919.0  0.206022  1.674241  1.880262
919.5  0.213572  1.663352  1.876924
920.0  0.229987  1.651975  1.881962
920.5  0.250602  1.627283  1.877885
921.0  0.270915  1.613230  1.884145
921.5  0.287974  1.588435  1.876409
922.0  0.301389  1.580104  1.881493
922.5  0.313524  1.566164  1.879688
923.0  0.328557  1.556332  1.884889
923.5  0.350551  1.532195  1.882747
924.0  0.381288  1.499899  1.881187
924.5  0.418916  1.462890  1.881806
925.0  0.458178  1.426324  1.884502
925.5  0.492131  1.390853  1.882984
926.0  0.514574  1.367778  1.882352
926.5  0.522115  1.358507  1.880622
927.0  0.515127  1.371301  1.886429
927.5  0.497350  1.382541  1.879891
928.0  0.474439  1.411391  1.885831
928.5  0.452057  1.429899  1.881956
929.0  0.434155  1.453626  1.887781
929.5  0.421968  1.455716  1.877683
930.0  0.413927  1.471590  1.885516
930.5  0.406419  1.476566  1.882985
931.0  0.395114  1.489059  1.884173
931.5  0.376560  1.502874  1.879434
932.0  0.349681  1.531097  1.880778
932.5  0.316737  1.564831  1.881568
933.0  0.283235  1.596442  1.879676
933.5  0.256483  1.623304  1.879788
934.0  0.243056  1.634670  1.877727
934.5  0.246152  1.634600  1.880752
935.0  0.264148  1.612873  1.877020
935.5  0.291119  1.583366  1.874485
936.0  0.319092  1.556743  1.875835
936.5  0.340943  1.531805  1.872748
937.0  0.352717  1.520078  1.872795
937.5  0.354552  1.517439  1.871991
938.0  0.350114  1.523221  1.873334
938.5  0.344918  1.527600  1.872518
939.0  0.344265  1.526434  1.870699
939.5  0.351457  1.523305  1.874762
940.0  0.366784  1.503265  1.870050
940.5  0.387467  1.487840  1.875307
941.0  0.408424  1.459390  1.867815
941.5  0.423627  1.451925  1.875552
942.0  0.427754  1.441296  1.869050
942.5  0.417854  1.455083  1.872937
943.0  0.394607  1.476758  1.871365
943.5  0.362639  1.511545  1.874184
944.0  0.329435  1.545024  1.874459
944.5  0.302921  1.569223  1.872145
945.0  0.288564  1.585850  1.874414
945.5  0.287338  1.586159  1.873497
946.0  0.295618  1.579085  1.874703
946.5  0.307023  1.565555  1.872578
947.0  0.315249  1.557111  1.872360
947.5  0.316544  1.558691  1.875235
948.0  0.310896  1.562844  1.873740
948.5  0.301688  1.573621  1.875309
949.0  0.294209  1.582098  1.876308
949.5  0.293703  1.584923  1.878626
950.0  0.303625  1.576021  1.879646
950.5  0.324587  1.550544  1.875131
951.0  0.354172  1.526562  1.880734
951.5  0.387550  1.489586  1.877136
952.0  0.418684  1.464795  1.883479
952.5  0.441885  1.431425  1.873310
953.0  0.453420  1.431250  1.884670
953.5  0.452750  1.423018  1.875768
954.0  0.442875  1.440382  1.883256
954.5  0.429352  1.448444  1.877796
955.0  0.418125  1.463581  1.881706
955.5  0.412978  1.465348  1.878326
956.0  0.413896  1.463670  1.877566
956.5  0.417203  1.461043  1.878246
957.0  0.417414  1.458092  1.875506
957.5  0.409825  1.465794  1.875619
958.0  0.392597  1.483975  1.876572
958.5  0.367551  1.513475  1.881026
959.0  0.339544  1.540131  1.879675
959.5  0.314849  1.562520  1.877369
960.0  0.299217  1.582233  1.881451
960.5  0.296252  1.581915  1.878167
961.0  0.306490  1.574709  1.881199
961.5  0.327346  1.548770  1.876116
962.0  0.353826  1.524240  1.878065
962.5  0.379793  1.495450  1.875243
963.0  0.399573  1.477062  1.876635
963.5  0.409570  1.465286  1.874857
964.0  0.409470  1.460203  1.869674
964.5  0.402465  1.475679  1.878144
965.0  0.394106  1.478125  1.872231
965.5  0.389956  1.487850  1.877806
966.0  0.393000  1.474442  1.867443
966.5  0.402125  1.476576  1.878701
967.0  0.412525  1.457310  1.869835
967.5  0.417826  1.456616  1.874442
968.0  0.412824  1.457869  1.870693
968.5  0.395545  1.477962  1.873507
969.0  0.367902  1.504476  1.872379
969.5  0.334922  1.534863  1.869785
970.0  0.303055  1.570569  1.873624
970.5  0.278245  1.593919  1.872163
971.0  0.264363  1.607833  1.872195
971.5  0.262363  1.609389  1.871752
972.0  0.270273  1.603164  1.873437
972.5  0.283921  1.590582  1.874503
973.0  0.298196  1.572546  1.870742
973.5  0.308614  1.565645  1.874259
974.0  0.312868  1.562221  1.875089
974.5  0.311884  1.562800  1.874684
975.0  0.309815  1.564639  1.874454
975.5  0.312608  1.561106  1.873713
976.0  0.325428  1.555978  1.881406
976.5  0.350049  1.521539  1.871588
977.0  0.383584  1.498653  1.882237
977.5  0.419325  1.452419  1.871744
978.0  0.449303  1.433588  1.882891
978.5  0.467255  1.403594  1.870849
979.0  0.470680  1.410183  1.880863
979.5  0.461314  1.412510  1.873824
980.0  0.444131  1.436995  1.881126
980.5  0.425456  1.453613  1.879069
981.0  0.410922  1.468101  1.879023
981.5  0.403862  1.474955  1.878817
982.0  0.404494  1.473588  1.878083
982.5  0.409991  1.469999  1.879990
983.0  0.415328  1.460052  1.875379
983.5  0.414718  1.460041  1.874758
984.0  0.403383  1.473635  1.877018
984.5  0.379326  1.497256  1.876582
985.0  0.344579  1.533290  1.877869
985.5  0.305256  1.568445  1.873701
986.0  0.269940  1.610040  1.879979
986.5  0.246688  1.626142  1.872830
987.0  0.239861  1.639041  1.878902
987.5  0.248393  1.625419  1.873812
988.0  0.266472  1.609491  1.875963
988.5  0.286237  1.590238  1.876475
989.0  0.301043  1.570333  1.871376
989.5  0.307770  1.570640  1.878410
990.0  0.307436  1.559869  1.867304
990.5  0.304233  1.576821  1.881054
991.0  0.303659  1.566155  1.869814
991.5  0.310511  1.571746  1.882257
992.0  0.327346  1.543643  1.870989
992.5  0.353729  1.525644  1.879373
993.0  0.386315  1.487039  1.873354
993.5  0.419645  1.454008  1.873652
994.0  0.447455  1.424512  1.871967
994.5  0.464294  1.409111  1.873405
995.0  0.467145  1.408505  1.875650
995.5  0.456600  1.413321  1.869921
996.0  0.436993  1.433018  1.870010
996.5  0.415083  1.458979  1.874061
997.0  0.397502  1.473577  1.871079
997.5  0.388014  1.484608  1.872622
998.0  0.385985  1.482927  1.868912
998.5  0.386952  1.489075  1.876027
999.0  0.384948  1.484094  1.869042
999.5  0.375343  1.495564  1.870907
1000.0  0.356819  1.516199  1.873018
