0.0  290.4089
0.5  290.2649
1.0  286.7869
1.5  278.4812
2.0  265.4704
2.5  249.7976
3.0  234.9447
3.5  224.5822
4.0  221.0550
4.5  224.3994
5.0  232.4551
5.5  241.9779
6.0  250.0911
6.5  255.3332
7.0  257.9428
7.5  259.4757
8.0  262.0824
8.5  267.7565
9.0  277.7316
9.5  292.0968
10.0  309.6584
10.5  328.0834
11.0  344.3605
11.5  355.5617
12.0  359.7703
12.5  356.8756
13.0  348.8222
13.5  339.0009
14.0  330.8606
14.5  326.3490
15.0  325.0392
15.5  324.4543
16.0  321.3596
16.5  313.2483
17.0  299.2881
17.5  280.4644
18.0  259.1087
18.5  238.1637
19.0  220.4607
19.5  208.1369
20.0  202.2329
20.5  202.5032
21.0  207.4958
21.5  214.9553
22.0  222.5381
22.5  228.6901
23.0  233.3685
23.5  238.1993
24.0  245.8056
24.5  258.4637
25.0  276.7338
25.5  298.8615
26.0  321.3212
26.5  340.1628
27.0  352.3969
27.5  356.7902
28.0  353.9180
28.5  345.7021
29.0  334.7535
29.5  323.7324
30.0  314.8061
30.5  309.2327
31.0  307.1192
31.5  307.4354
32.0  308.3522
32.5  307.8974
33.0  304.7704
33.5  299.0019
34.0  292.0757
34.5  286.2961
35.0  283.5885
35.5  284.3634
36.0  287.1563
36.5  289.3092
37.0  288.2837
37.5  282.8346
38.0  273.4790
38.5  262.2010
39.0  251.7147
39.5  244.6719
40.0  243.0468
40.5  247.7538
41.0  258.4762
41.5  273.6973
42.0  290.9626
42.5  307.4055
43.0  320.4964
43.5  328.8419
44.0  332.7216
44.5  334.0066
45.0  335.2988
45.5  338.5560
46.0  343.8950
46.5  349.3066
47.0  351.5060
47.5  347.4381
48.0  335.5997
48.5  316.5807
49.0  292.7623
49.5  267.5173
50.0  244.3254
50.5  226.0630
51.0  214.5403
51.5  210.2673
52.0  212.4404
52.5  219.1773
53.0  228.0327
53.5  236.7549
54.0  244.1008
54.5  250.3765
55.0  257.3383
55.5  267.3070
56.0  281.8040
56.5  300.4295
57.0  320.6905
57.5  338.9312
58.0  351.8233
58.5  357.5892
59.0  356.4194
59.5  350.0849
60.0  341.1119
60.5  331.9332
61.0  324.2596
61.5  318.7392
62.0  314.8758
62.5  311.1865
63.0  305.5998
63.5  296.0909
64.0  281.4703
64.5  262.1062
65.0  240.2421
65.5  219.5953
66.0  204.1919
66.5  196.8558
67.0  198.1123
67.5  206.1401
68.0  217.7949
68.5  230.0822
69.0  241.2723
69.5  251.2076
70.0  260.8764
70.5  271.6489
71.0  284.5655
71.5  299.8831
72.0  316.9079
72.5  334.0588
73.0  349.1174
73.5  359.6580
74.0  363.6487
74.5  360.1414
75.0  349.8450
75.5  335.2651
76.0  320.1396
76.5  308.1895
77.0  301.6560
77.5  300.3918
78.0  302.0730
78.5  303.4478
79.0  301.9174
79.5  296.6243
80.0  288.6243
80.5  280.2669
81.0  274.2188
81.5  272.5608
82.0  276.2024
82.5  284.6627
83.0  296.1678
83.5  308.0085
84.0  317.1231
84.5  320.8665
85.0  317.8444
85.5  308.5639
86.0  295.5457
86.5  282.6255
87.0  273.5144
87.5  270.1940
88.0  271.9973
88.5  275.9540
89.0  278.2389
89.5  275.9237
90.0  268.1567
90.5  256.3517
91.0  243.5231
91.5  233.2120
92.0  228.4366
92.5  230.9308
93.0  240.7652
93.5  256.3468
94.0  274.7671
94.5  292.4605
95.0  306.1034
95.5  313.5948
96.0  314.8358
96.5  311.9328
97.0  308.5357
97.5  308.3721
98.0  313.5514
98.5  323.5108
99.0  335.2216
99.5  344.5414
100.0  347.9468
100.5  343.7829
101.0  332.6012
101.5  316.6894
102.0  299.1841
102.5  283.1498
103.0  270.8534
103.5  263.3219
104.0  260.2003
104.5  259.9125
105.0  260.1250
105.5  258.4831
106.0  253.5041
106.5  245.3736
107.0  236.2717
107.5  229.8766
108.0  230.0040
108.5  238.8719
109.0  255.8777
109.5  277.6242
110.0  299.2040
110.5  316.0149
111.0  325.1855
111.5  326.1034
112.0  320.1039
112.5  309.7011
113.0  297.7411
113.5  286.7005
114.0  278.2083
114.5  272.8066
115.0  269.9659
115.5  268.3804
116.0  266.5391
116.5  263.4778
117.0  259.4677
117.5  256.2749
118.0  256.6689
118.5  263.1858
119.0  276.6729
119.5  295.4580
120.0  315.7350
120.5  333.0082
121.0  343.7912
121.5  346.7064
122.0  342.6202
122.5  334.0005
123.0  323.9388
123.5  315.2271
124.0  309.6957
124.5  307.8719
125.0  308.9546
125.5  311.0869
126.0  311.9074
126.5  309.3157
127.0  302.2997
127.5  291.5545
128.0  279.5514
128.5  269.8172
129.0  265.5365
129.5  268.0687
130.0  276.2026
130.5  286.6411
131.0  295.4660
131.5  299.7573
132.0  298.5635
132.5  292.9276
133.0  285.1956
133.5  278.0547
134.0  273.6757
134.5  273.1465
135.0  276.2414
135.5  281.5071
136.0  286.6351
136.5  289.0799
137.0  286.8440
137.5  279.2644
138.0  267.5386
138.5  254.6764
139.0  244.6773
139.5  241.0738
140.0  245.4247
140.5  256.5557
141.0  271.0298
141.5  284.6227
142.0  294.0056
142.5  297.8308
143.0  296.8815
143.5  293.4595
144.0  290.4292
144.5  290.2901
145.0  294.4947
145.5  303.0920
146.0  314.7142
146.5  326.8969
147.0  336.6990
147.5  341.5250
148.0  339.9627
148.5  332.3555
149.0  320.8050
149.5  308.4429
150.0  298.1447
150.5  291.2530
151.0  287.0116
151.5  283.0765
152.0  276.8263
152.5  266.7337
153.0  253.1161
153.5  238.0337
154.0  224.5533
154.5  215.7789
155.0  213.9893
155.5  220.0641
156.0  233.2612
156.5  251.3514
157.0  271.0904
157.5  288.9687
158.0  302.1094
158.5  309.0895
159.0  310.3890
159.5  308.2023
160.0  305.5357
160.5  304.8623
161.0  306.9391
161.5  310.4259
162.0  312.5581
162.5  310.5189
163.0  302.7826
163.5  289.8055
164.0  273.8808
164.5  258.3768
165.0  246.7430
165.5  241.6055
166.0  244.1440
166.5  253.8342
167.0  268.5885
167.5  285.2850
168.0  300.6071
168.5  312.0123
169.0  318.5460
169.5  321.1632
170.0  322.3165
170.5  324.8388
171.0  330.5305
171.5  339.1351
172.0  348.2849
172.5  354.4917
173.0  354.6641
173.5  347.3779
174.0  333.3693
174.5  315.1906
175.0  296.3369
175.5  280.2359
176.0  269.3924
176.5  264.8372
177.0  265.9376
177.5  270.5936
178.0  275.8121
178.5  278.5874
179.0  276.9056
179.5  270.5683
180.0  261.4730
180.5  253.0802
181.0  249.1062
181.5  251.9102
182.0  261.3457
182.5  274.7151
183.0  287.8909
183.5  297.0083
184.0  299.8889
184.5  296.6283
185.0  289.2923
185.5  281.0437
186.0  275.1033
186.5  273.8436
187.0  278.1696
187.5  287.2643
188.0  298.7412
188.5  309.2218
189.0  315.2719
189.5  314.5072
190.0  306.5294
190.5  293.2942
191.0  278.6132
191.5  266.8273
192.0  261.1369
192.5  262.3734
193.0  268.8455
193.5  277.3132
194.0  284.5137
194.5  288.4438
195.0  288.8838
195.5  287.1360
196.0  285.2841
196.5  285.3454
197.0  288.5693
197.5  295.0038
198.0  303.3765
198.5  311.3142
199.0  315.9037
199.5  314.5323
200.0  305.8296
200.5  290.4139
201.0  271.0915
201.5  252.2578
202.0  238.5492
202.5  233.2058
203.0  236.8800
203.5  247.5031
204.0  261.2763
204.5  274.2461
205.0  283.6833
205.5  288.7330
206.0  290.2666
206.5  290.2125
207.0  290.7192
207.5  293.4127
208.0  298.8835
208.5  306.4677
209.0  314.3610
209.5  320.0822
210.0  321.2361
210.5  316.4149
211.0  305.9509
211.5  292.1636
212.0  278.8292
212.5  269.9012
213.0  267.9486
213.5  273.0765
214.0  282.9413
214.5  293.8688
215.0  302.4541
215.5  306.8273
216.0  307.0977
216.5  304.9911
217.0  303.0244
217.5  303.5905
218.0  308.2035
218.5  317.0171
219.0  328.6693
219.5  340.4904
220.0  349.0952
220.5  351.3034
221.0  345.1992
221.5  330.9877
222.0  311.2349
222.5  290.1958
223.0  272.3158
223.5  260.4954
224.0  255.0000
224.5  253.6240
225.0  252.9993
225.5  250.2723
226.0  244.2883
226.5  235.8573
227.0  227.2321
227.5  221.2103
228.0  220.2496
228.5  225.8094
229.0  237.9865
229.5  255.4500
230.0  275.6854
230.5  295.5507
231.0  312.0873
231.5  323.4143
232.0  329.4075
232.5  331.8145
233.0  333.5843
233.5  337.5321
234.0  344.8913
234.5  354.5235
235.0  363.2809
235.5  367.3554
236.0  363.8738
236.5  351.9528
237.0  332.8520
237.5  309.3786
238.0  284.9562
238.5  262.7360
239.0  244.9556
239.5  232.5956
240.0  225.3259
240.5  221.7289
241.0  219.7989
241.5  217.6697
242.0  214.4186
242.5  210.6648
243.0  208.6105
243.5  211.2956
244.0  221.2001
244.5  238.7997
245.0  261.8980
245.5  286.2209
246.0  307.0125
246.5  320.7802
247.0  326.3470
247.5  324.8825
248.0  319.1420
248.5  312.3897
249.0  307.4188
249.5  305.8856
250.0  308.0080
250.5  312.6139
251.0  317.5058
251.5  320.1046
252.0  318.2842
252.5  311.2068
253.0  299.8626
253.5  286.9891
254.0  276.2050
254.5  270.5742
255.0  271.2376
255.5  276.8698
256.0  284.3200
256.5  290.0890
257.0  291.8208
257.5  289.0952
258.0  283.3115
258.5  276.9343
259.0  272.5485
259.5  272.0696
260.0  276.2711
260.5  284.6413
261.0  295.5324
261.5  306.5560
262.0  315.1829
262.5  319.4637
263.0  318.7104
263.5  313.8915
264.0  307.4739
264.5  302.5844
265.0  301.6996
265.5  305.4479
266.0  312.2130
266.5  318.8415
267.0  322.0909
267.5  320.0216
268.0  312.6581
268.5  301.7582
269.0  289.9895
269.5  279.9696
270.0  273.5134
270.5  271.2310
271.0  272.4742
271.5  275.5756
272.0  278.3195
272.5  278.5810
273.0  275.0257
273.5  267.6904
274.0  258.2006
274.5  249.3993
275.0  244.3500
275.5  245.0253
276.0  251.3144
276.5  260.9670
277.0  270.6067
277.5  277.2886
278.0  279.7637
278.5  278.8682
279.0  277.0089
279.5  277.1395
280.0  281.7096
280.5  291.9111
281.0  307.3407
281.5  326.0591
282.0  344.9855
282.5  360.5575
283.0  369.5720
283.5  370.0557
284.0  361.9328
284.5  347.1965
285.0  329.3675
285.5  312.2831
286.0  298.6506
286.5  289.0683
287.0  282.0738
287.5  275.2046
288.0  266.4476
288.5  255.2814
289.0  242.8616
289.5  231.4344
290.0  223.4029
290.5  220.4783
291.0  223.1713
291.5  230.6742
292.0  241.0726
292.5  251.7946
293.0  260.2101
293.5  264.2919
294.0  263.2155
294.5  257.7321
295.0  250.1268
295.5  243.6308
296.0  241.3521
296.5  245.0735
297.0  254.4878
297.5  267.3366
298.0  280.4510
298.5  291.1545
299.0  298.3040
299.5  302.5290
300.0  305.7133
300.5  310.0969
301.0  317.4124
301.5  328.3171
302.0  342.1985
302.5  357.3162
303.0  371.2016
303.5  381.2273
304.0  385.2537
304.5  382.2284
305.0  372.5789
305.5  358.2194
306.0  342.0397
306.5  326.9266
307.0  314.6508
307.5  305.1703
308.0  296.7987
308.5  287.2117
309.0  274.7513
309.5  259.3263
310.0  242.5175
310.5  226.9728
311.0  215.4813
311.5  210.1323
312.0  211.7980
312.5  219.9966
313.0  233.0811
313.5  248.6612
314.0  264.1633
314.5  277.4367
315.0  287.2983
315.5  293.8774
316.0  298.5953
316.5  303.6535
317.0  311.0728
317.5  321.6225
318.0  334.1953
318.5  346.0637
319.0  353.9655
319.5  355.4512
320.0  349.7978
320.5  338.1189
321.0  322.7765
321.5  306.4836
322.0  291.4889
322.5  279.0684
323.0  269.3767
323.5  261.6071
324.0  254.3787
324.5  246.2644
325.0  236.3704
325.5  224.8476
326.0  213.1770
326.5  204.0411
327.0  200.6568
327.5  205.6535
328.0  219.9071
328.5  241.9277
329.0  268.2223
329.5  294.5112
330.0  317.1776
330.5  334.2510
331.0  345.5828
331.5  352.3396
332.0  356.1981
332.5  358.6114
333.0  360.3486
333.5  361.3459
334.0  360.8121
334.5  357.5121
335.0  350.1591
335.5  337.8637
336.0  320.5722
336.5  299.3803
337.0  276.5496
337.5  255.0613
338.0  237.7187
338.5  226.1198
339.0  220.0461
339.5  217.6777
340.0  216.5624
340.5  214.7948
341.0  211.7870
341.5  208.3374
342.0  206.1232
342.5  206.9682
343.0  212.2100
343.5  222.3346
344.0  236.8972
344.5  254.6655
345.0  273.9098
345.5  292.7714
346.0  309.6613
346.5  323.6271
347.0  334.6002
347.5  343.3923
348.0  351.3292
348.5  359.5602
349.0  368.3257
349.5  376.6250
350.0  382.5641
350.5  384.2409
351.0  380.6613
351.5  372.1785
352.0  360.2878
352.5  346.9781
353.0  334.0100
353.5  322.4185
354.0  312.3643
354.5  303.2938
355.0  294.2869
355.5  284.4535
356.0  273.2666
356.5  260.7726
357.0  247.6626
357.5  235.2105
358.0  225.0566
358.5  218.7938
359.0  217.3922
359.5  220.6763
360.0  227.2025
360.5  234.7464
361.0  241.2371
361.5  245.6492
362.0  248.3837
362.5  250.9903
363.0  255.4453
363.5  263.3530
364.0  275.3801
364.5  291.0636
365.0  308.9734
365.5  327.1187
366.0  343.4465
366.5  356.2941
367.0  364.6911
367.5  368.4732
368.0  368.2121
368.5  364.9764
369.0  359.9218
369.5  353.7682
370.0  346.3592
370.5  336.6091
371.0  323.0078
371.5  304.5134
372.0  281.3663
372.5  255.3826
373.0  229.5896
373.5  207.4081
374.0  191.7452
374.5  184.3092
375.0  185.3102
375.5  193.5564
376.0  206.8633
376.5  222.6441
377.0  238.5351
377.5  252.9122
378.0  265.1786
378.5  275.7425
379.0  285.6557
379.5  295.9832
380.0  307.1111
380.5  318.3293
381.0  327.9786
381.5  334.1671
382.0  335.7014
382.5  332.7219
383.0  326.7174
383.5  319.9554
384.0  314.6406
384.5  312.1675
385.0  312.7128
385.5  315.2407
386.0  317.8608
386.5  318.4062
387.0  315.0796
387.5  307.0069
388.0  294.5549
388.5  279.3120
389.0  263.7066
389.5  250.3346
390.0  241.1737
390.5  236.9517
391.0  236.9539
391.5  239.4197
392.0  242.3976
392.5  244.6603
393.0  246.2373
393.5  248.3385
394.0  252.7644
394.5  261.1109
395.0  274.0985
395.5  291.2410
396.0  310.9060
396.5  330.7038
397.0  348.0715
397.5  360.8936
398.0  368.0033
398.5  369.4331
399.0  366.3419
399.5  360.6195
400.0  354.2590
400.5  348.6602
401.0  344.1002
401.5  339.6194
402.0  333.4547
402.5  323.8876
403.0  310.1302
403.5  292.8212
404.0  273.9130
404.5  256.0384
405.0  241.6571
405.5  232.3169
406.0  228.2591
406.5  228.4461
407.0  230.9608
407.5  233.6423
408.0  234.7793
408.5  233.6669
409.0  230.8644
409.5  228.0570
410.0  227.5380
410.5  231.4371
411.0  240.9199
411.5  255.6432
412.0  273.7263
412.5  292.3315
413.0  308.6587
413.5  320.9222
414.0  328.8782
414.5  333.7092
415.0  337.3854
415.5  341.8078
416.0  348.0590
416.5  355.9789
417.0  364.1526
417.5  370.2807
418.0  371.8242
418.5  366.7549
419.0  354.2138
419.5  334.8845
420.0  310.9506
420.5  285.6101
421.0  262.2531
421.5  243.5286
422.0  230.6214
422.5  223.0407
423.0  219.0466
423.5  216.5390
424.0  213.9935
424.5  211.0286
425.0  208.4118
425.5  207.5980
426.0  210.0589
426.5  216.6716
427.0  227.3494
427.5  240.9914
428.0  255.7398
428.5  269.4677
429.0  280.3678
429.5  287.4782
430.0  290.9855
430.5  292.1984
431.0  293.1702
431.5  296.0414
432.0  302.2752
432.5  312.0515
433.0  324.1092
433.5  336.1807
434.0  345.8706
434.5  351.5707
435.0  352.9906
435.5  351.1129
436.0  347.6741
436.5  344.4463
437.0  342.5984
437.5  342.3236
438.0  342.8014
438.5  342.4759
439.0  339.5616
439.5  332.6382
440.0  321.1697
440.5  305.7835
441.0  288.2086
441.5  270.8561
442.0  256.1380
442.5  245.7231
443.0  240.0069
443.5  238.0552
444.0  238.1015
444.5  238.3949
445.0  237.9941
445.5  237.1397
446.0  237.0806
446.5  239.4923
447.0  245.7695
447.5  256.4551
448.0  270.9711
448.5  287.7028
449.0  304.3923
449.5  318.7297
450.0  328.9759
450.5  334.4308
451.0  335.5962
451.5  333.9652
452.0  331.4884
452.5  329.8616
453.0  329.8521
453.5  330.9097
454.0  331.2684
454.5  328.5698
455.0  320.7865
455.5  307.0528
456.0  288.0551
456.5  265.8667
457.0  243.3611
457.5  223.4623
458.0  208.4821
458.5  199.7112
459.0  197.3319
459.5  200.6407
460.0  208.4891
460.5  219.7847
461.0  233.8606
461.5  250.5637
462.0  270.0335
462.5  292.2830
463.0  316.7669
463.5  342.1125
464.0  366.1289
464.5  386.1433
465.0  399.6112
465.5  404.8127
466.0  401.3598
466.5  390.2940
467.0  373.7341
467.5  354.2265
468.0  334.0454
468.5  314.6694
469.0  296.5760
469.5  279.3876
470.0  262.3080
470.5  244.7019
471.0  226.6071
471.5  208.9644
472.0  193.4450
472.5  181.9313
473.0  175.8735
473.5  175.7880
474.0  181.0757
474.5  190.2002
475.0  201.1619
475.5  212.1297
476.0  222.0323
476.5  230.8889
477.0  239.7445
477.5  250.2260
478.0  263.8858
478.5  281.5571
479.0  302.9262
479.5  326.4461
480.0  349.6334
480.5  369.6958
481.0  384.3364
481.5  392.4814
482.0  394.6288
482.5  392.6068
483.0  388.7698
483.5  384.9563
484.0  381.6890
484.5  377.9849
485.0  371.8420
485.5  361.1619
486.0  344.7078
486.5  322.7308
487.0  297.0623
487.5  270.6837
488.0  246.9559
488.5  228.7672
489.0  217.8349
489.5  214.3281
490.0  216.8893
490.5  223.0615
491.0  230.0464
491.5  235.6236
492.0  238.9519
492.5  240.9184
493.0  243.7903
493.5  250.1982
494.0  261.8370
494.5  278.4813
495.0  297.8039
495.5  316.1002
496.0  329.5878
496.5  335.7195
497.0  333.9987
497.5  326.0546
498.0  315.0442
498.5  304.6554
499.0  298.0493
499.5  297.0219
500.0  301.5677
500.5  309.9179
501.0  319.0451
501.5  325.5361
502.0  326.6385
502.5  321.1793
503.0  310.0111
503.5  295.7333
504.0  281.7142
504.5  270.7785
505.0  264.1320
505.5  261.0078
506.0  259.1770
506.5  256.0673
507.0  249.9821
507.5  240.9144
508.0  230.6679
508.5  222.3021
509.0  219.1552
509.5  223.7893
510.0  237.1655
510.5  258.2481
511.0  284.1242
511.5  310.6208
512.0  333.3046
512.5  348.6397
513.0  354.9718
513.5  352.9789
514.0  345.3393
514.5  335.6702
515.0  327.1298
515.5  321.2743
516.0  317.6521
516.5  314.2666
517.0  308.6431
517.5  298.9998
518.0  285.0458
518.5  268.1480
519.0  250.8925
519.5  236.2692
520.0  226.7781
520.5  223.7153
521.0  226.8107
521.5  234.2997
522.0  243.4251
522.5  251.2718
523.0  255.7290
523.5  256.2711
524.0  254.2310
524.5  252.3639
525.0  253.7899
525.5  260.7136
526.0  273.4722
526.5  290.3357
527.0  308.1335
527.5  323.4135
528.0  333.6294
528.5  337.9052
529.0  337.1545
529.5  333.6092
530.0  329.9944
530.5  328.6364
531.0  330.7493
531.5  336.0675
532.0  342.9062
532.5  348.6528
533.0  350.5910
533.5  346.8475
534.0  337.1603
534.5  323.1505
535.0  307.9024
535.5  294.9178
536.0  286.8102
536.5  284.2851
537.0  285.8804
537.5  288.6072
538.0  289.1981
538.5  285.3937
539.0  276.7347
539.5  264.6144
540.0  251.6916
540.5  240.9613
541.0  234.8193
541.5  234.3748
542.0  239.1634
542.5  247.3121
543.0  256.1145
543.5  262.8867
544.0  265.8772
544.5  264.9515
545.0  261.7808
545.5  259.3860
546.0  261.1032
546.5  269.2920
547.0  284.2896
547.5  304.0984
548.0  325.0032
548.5  342.8700
549.0  354.5392
549.5  358.7253
550.0  356.1419
550.5  348.9466
551.0  339.8274
551.5  331.0832
552.0  323.9613
552.5  318.3933
553.0  313.1679
553.5  306.4744
554.0  296.6632
554.5  282.9849
555.0  266.0508
555.5  247.8215
556.0  231.0935
556.5  218.6421
557.0  212.3150
557.5  212.4037
558.0  217.5467
558.5  225.2389
559.0  232.7794
559.5  238.2787
560.0  241.3073
560.5  242.9472
561.0  245.2757
561.5  250.5252
562.0  260.2331
562.5  274.6471
563.0  292.5474
563.5  311.5283
564.0  328.6565
564.5  341.3159
565.0  347.9717
565.5  348.5930
566.0  344.5810
566.5  338.2296
567.0  331.9086
567.5  327.2444
568.0  324.5688
568.5  322.8424
569.0  320.1230
569.5  314.4353
570.0  304.6881
570.5  291.2400
571.0  275.8877
571.5  261.3168
572.0  250.2638
572.5  244.6940
573.0  245.2411
573.5  251.0507
574.0  260.0594
574.5  269.6352
575.0  277.4026
575.5  282.0023
576.0  283.5215
576.5  283.4215
577.0  283.9621
577.5  287.3090
578.0  294.6341
578.5  305.5415
579.0  318.0631
579.5  329.2757
580.0  336.3245
580.5  337.4363
581.0  332.5032
581.5  323.0372
582.0  311.5783
582.5  300.8319
583.0  292.8485
583.5  288.4839
584.0  287.2688
584.5  287.6998
585.0  287.8608
585.5  286.1846
586.0  282.0919
586.5  276.2619
587.0  270.4011
587.5  266.5815
588.0  266.3966
588.5  270.2525
589.0  277.0637
589.5  284.4953
590.0  289.7123
590.5  290.3915
591.0  285.6060
591.5  276.2266
592.0  264.6951
592.5  254.2851
593.0  248.1399
593.5  248.3993
594.0  255.6548
594.5  268.8572
595.0  285.6841
595.5  303.2586
596.0  319.0013
596.5  331.3242
597.0  339.9037
597.5  345.4271
598.0  348.9520
598.5  351.1907
599.0  352.0399
599.5  350.5287
600.0  345.1724
600.5  334.5950
601.0  318.1981
601.5  296.6264
602.0  271.8365
602.5  246.7229
603.0  224.4267
603.5  207.5602
604.0  197.5835
604.5  194.4987
605.0  196.9364
605.5  202.6202
606.0  209.1063
606.5  214.6050
607.0  218.6065
607.5  222.0421
608.0  226.8493
608.5  235.0807
609.0  247.9321
609.5  265.1233
610.0  284.8901
610.5  304.5555
611.0  321.4186
611.5  333.6011
612.0  340.5503
612.5  343.0548
613.0  342.8188
613.5  341.7838
614.0  341.4420
614.5  342.3492
615.0  343.9637
615.5  344.8473
616.0  343.1813
616.5  337.4720
617.0  327.2346
617.5  313.3888
618.0  298.1393
618.5  284.3046
619.0  274.3345
619.5  269.4493
620.0  269.2824
620.5  272.1524
621.0  275.7934
621.5  278.2206
622.0  278.4135
622.5  276.6079
623.0  274.1414
623.5  272.9391
624.0  274.8255
624.5  280.8780
625.0  291.0027
625.5  303.8422
626.0  317.0472
626.5  327.8660
627.0  333.9237
627.5  333.9691
628.0  328.3146
628.5  318.7422
629.0  307.8468
629.5  298.0646
630.0  290.8135
630.5  286.1123
631.0  282.7954
631.5  279.1650
632.0  273.7799
632.5  266.0826
633.0  256.6702
633.5  247.1485
634.0  239.6487
634.5  236.1756
635.0  237.9848
635.5  245.1590
636.0  256.4918
636.5  269.7214
637.0  282.0891
637.5  291.1168
638.0  295.3998
638.5  295.1337
639.0  292.1094
639.5  289.0825
640.0  288.7160
640.5  292.5383
641.0  300.3742
641.5  310.4804
642.0  320.2793
642.5  327.3465
643.0  330.2484
643.5  328.9471
644.0  324.6881
644.5  319.4768
645.0  315.3571
645.5  313.7209
646.0  314.8271
646.5  317.6468
647.0  320.0799
647.5  319.5276
648.0  313.7164
648.5  301.5569
649.0  283.7302
649.5  262.7012
650.0  242.0449
650.5  225.2864
651.0  214.7261
651.5  210.7583
652.0  211.9512
652.5  215.7952
653.0  219.7531
653.5  222.1786
654.0  222.7966
654.5  222.6503
655.0  223.6191
655.5  227.7190
656.0  236.4105
656.5  250.0942
657.0  267.9024
657.5  287.8365
658.0  307.2361
658.5  323.4932
659.0  334.8267
659.5  340.8555
660.0  342.7099
660.5  342.5738
661.0  342.8040
661.5  344.9886
662.0  349.3453
662.5  354.6866
663.0  358.9250
663.5  359.8791
664.0  356.0576
664.5  347.1504
665.0  334.0934
665.5  318.7419
666.0  303.3033
666.5  289.7222
667.0  279.1899
667.5  271.8983
668.0  267.1001
668.5  263.4715
669.0  259.6949
669.5  255.0883
670.0  250.0409
670.5  246.0353
671.0  245.1807
671.5  249.4012
672.0  259.6044
672.5  275.1784
673.0  294.0188
673.5  313.0638
674.0  329.1273
674.5  339.7290
675.0  343.6536
675.5  341.0965
676.0  333.4083
676.5  322.5747
677.0  310.6124
677.5  299.0523
678.0  288.6358
678.5  279.2984
679.0  270.4531
679.5  261.5000
680.0  252.3894
680.5  243.9874
681.0  238.0218
681.5  236.5452
682.0  241.1004
682.5  251.9536
683.0  267.7521
683.5  285.7680
684.0  302.6300
684.5  315.2602
685.0  321.6866
685.5  321.4873
686.0  315.7704
686.5  306.7501
687.0  297.0809
687.5  289.1398
688.0  284.4357
688.5  283.2764
689.0  284.7810
689.5  287.2492
690.0  288.8087
690.5  288.1457
691.0  285.0459
691.5  280.4969
692.0  276.2712
692.5  274.1522
693.0  275.1523
693.5  279.0708
694.0  284.5668
694.5  289.6802
695.0  292.5619
695.5  292.1233
696.0  288.3808
696.5  282.4085
697.0  275.9524
697.5  270.8545
698.0  268.4665
698.5  269.2177
699.0  272.4543
699.5  276.6139
700.0  279.7186
700.5  280.0687
701.0  276.9137
701.5  270.8254
702.0  263.5644
702.5  257.4382
703.0  254.4068
703.5  255.3347
704.0  259.7213
704.5  265.9950
705.0  272.2012
705.5  276.7789
706.0  279.1331
706.5  279.8318
707.0  280.3994
707.5  282.8066
708.0  288.8198
708.5  299.3937
709.0  314.2649
709.5  331.8649
710.0  349.6100
710.5  364.5404
711.0  374.1630
711.5  377.2327
712.0  374.1476
712.5  366.7233
713.0  357.3750
713.5  348.0532
714.0  339.4413
714.5  330.7934
715.0  320.4481
715.5  306.7228
716.0  288.7776
716.5  267.1254
717.0  243.6648
717.5  221.2839
718.0  203.1853
718.5  192.1207
719.0  189.7158
719.5  196.0451
720.0  209.5774
720.5  227.5513
721.0  246.7339
721.5  264.3713
722.0  279.0033
722.5  290.7876
723.0  301.1334
723.5  311.7716
724.0  323.7062
724.5  336.5740
725.0  348.7080
725.5  357.8117
726.0  361.8737
726.5  359.9177
727.0  352.3424
727.5  340.8111
728.0  327.7917
728.5  315.9064
729.0  307.2460
729.5  302.7910
730.0  302.0713
730.5  303.1896
731.0  303.2853
731.5  299.4012
732.0  289.5357
732.5  273.5029
733.0  253.1940
733.5  232.0386
734.0  213.8383
734.5  201.4805
735.0  196.1033
735.5  197.0216
736.0  202.3261
736.5  209.7899
737.0  217.6832
737.5  225.2426
738.0  232.7331
738.5  241.1800
739.0  251.8980
739.5  265.9477
740.0  283.6302
740.5  304.1368
741.0  325.4817
741.5  344.8245
742.0  359.1898
742.5  366.4116
743.0  365.9504
743.5  359.1772
744.0  348.9011
744.5  338.2859
745.0  329.6411
745.5  323.6528
746.0  319.3681
746.5  314.8450
747.0  308.0948
747.5  297.9003
748.0  284.2521
748.5  268.3484
749.0  252.2471
749.5  238.3140
750.0  228.6038
750.5  224.2989
751.0  225.3375
751.5  230.3687
752.0  237.1351
752.5  243.2543
753.0  247.1730
753.5  248.8933
754.0  250.0729
754.5  253.3532
755.0  261.1795
755.5  274.6815
756.0  293.1548
756.5  314.3348
757.0  335.2385
757.5  353.1316
758.0  366.2357
758.5  374.0018
759.0  376.9833
759.5  376.4459
760.0  373.8630
760.5  370.4065
761.0  366.5221
761.5  361.6839
762.0  354.4464
762.5  342.8779
763.0  325.3449
763.5  301.4204
764.0  272.5253
764.5  241.9182
765.0  213.9023
765.5  192.5231
766.0  180.3262
766.5  177.7257
767.0  183.1953
767.5  194.0827
768.0  207.6156
768.5  221.7002
769.0  235.3057
769.5  248.4363
770.0  261.8053
770.5  276.3530
771.0  292.7285
771.5  310.8437
772.0  329.6159
772.5  347.0279
773.0  360.5837
773.5  368.1059
774.0  368.6202
774.5  362.9293
775.0  353.5212
775.5  343.7362
776.0  336.5173
776.5  333.3180
777.0  333.6697
777.5  335.5458
778.0  336.2711
778.5  333.5307
779.0  326.0947
779.5  314.0816
780.0  298.7851
780.5  282.2059
781.0  266.4545
781.5  253.1685
782.0  243.0675
782.5  235.7607
783.0  229.9069
783.5  223.7566
784.0  215.9572
784.5  206.3295
785.0  196.2302
785.5  188.2322
786.0  185.1778
786.5  189.0215
787.0  200.0257
787.5  216.6782
788.0  236.3082
788.5  256.0521
789.0  273.7376
789.5  288.3857
790.0  300.2465
790.5  310.4551
791.0  320.4726
791.5  331.4827
792.0  343.8869
792.5  357.0136
793.0  369.1350
793.5  377.8480
794.0  380.7905
794.5  376.5230
795.0  365.2560
795.5  349.0555
796.0  331.3064
796.5  315.5570
797.0  304.2237
797.5  297.7536
798.0  294.6198
798.5  292.0933
799.0  287.3967
799.5  278.7525
800.0  265.9844
800.5  250.5599
801.0  235.1497
801.5  222.8782
802.0  216.4693
802.5  217.4885
803.0  225.8692
803.5  239.8778
804.0  256.5857
804.5  272.7766
805.0  286.0323
805.5  295.5951
806.0  302.5914
806.5  309.4202
807.0  318.5048
807.5  330.9795
808.0  345.9557
808.5  360.7126
809.0  371.6667
809.5  375.6297
810.0  370.8342
810.5  357.4175
811.0  337.3209
811.5  313.7354
812.0  290.2935
812.5  270.1990
813.0  255.4797
813.5  246.5369
814.0  242.1410
814.5  239.9431
815.0  237.4182
815.5  232.9619
816.0  226.7052
816.5  220.6254
817.0  217.7846
817.5  220.9659
818.0  231.3480
818.5  247.8770
819.0  267.6150
819.5  286.8289
820.0  302.2631
820.5  312.0843
821.0  316.2463
821.5  316.2944
822.0  314.7784
822.5  314.4662
823.0  317.5281
823.5  324.8522
824.0  335.6567
824.5  347.5570
825.0  357.1665
825.5  361.1420
826.0  357.3710
826.5  345.8373
827.0  328.7328
827.5  309.6667
828.0  292.2755
828.5  278.8796
829.0  269.8188
829.5  263.7039
830.0  258.3377
830.5  251.7905
831.0  243.1753
831.5  232.9213
832.0  222.5818
832.5  214.3331
833.0  210.3281
833.5  212.0446
834.0  219.7588
834.5  232.2896
835.0  247.1543
835.5  261.1911
836.0  271.5360
836.5  276.6416
837.0  276.9040
837.5  274.5484
838.0  272.7304
838.5  274.2148
839.0  280.2494
839.5  290.1560
840.0  301.7680
840.5  312.4175
841.0  319.9775
841.5  323.5549
842.0  323.6787
842.5  322.0388
843.0  320.9331
843.5  322.5801
844.0  328.4248
844.5  338.5716
845.0  351.5041
845.5  364.2529
846.0  373.0858
846.5  374.6024
847.0  366.8924
847.5  350.2878
848.0  327.3278
848.5  301.8798
849.0  277.7832
849.5  257.6368
850.0  242.2638
850.5  230.9953
851.0  222.4926
851.5  215.6381
852.0  210.1141
852.5  206.5350
853.0  206.2031
853.5  210.6493
854.0  221.1002
854.5  237.9735
855.0  260.4951
855.5  286.5588
856.0  312.9586
856.5  336.0498
857.0  352.7187
857.5  361.3386
858.0  362.2909
858.5  357.7565
859.0  350.8100
859.5  344.2124
860.0  339.4553
860.5  336.4521
861.0  333.9077
861.5  330.0789
862.0  323.5369
862.5  313.6630
863.0  300.7983
863.5  286.1093
864.0  271.2713
864.5  258.0517
865.0  247.8516
865.5  241.2929
866.0  237.9818
866.5  236.6008
867.0  235.4012
867.5  232.9869
868.0  229.0813
868.5  224.8813
869.0  222.7377
869.5  225.2325
870.0  234.0630
870.5  249.2706
871.0  269.1591
871.5  290.8766
872.0  311.3312
872.5  328.0373
873.0  339.6310
873.5  345.9915
874.0  348.0473
874.5  347.3787
875.0  345.7082
875.5  344.3559
876.0  343.7645
876.5  343.2509
877.0  341.1443
877.5  335.3721
878.0  324.3482
878.5  307.8133
879.0  287.2058
879.5  265.3132
880.0  245.3116
880.5  229.6443
881.0  219.2739
881.5  213.6169
882.0  211.0874
882.5  209.9046
883.0  208.7932
883.5  207.3650
884.0  206.1586
884.5  206.4218
885.0  209.7344
885.5  217.5402
886.0  230.6537
886.5  248.8457
887.0  270.6695
887.5  293.6812
888.0  315.0895
888.5  332.6554
889.0  345.4651
889.5  354.1818
890.0  360.5994
890.5  366.6954
891.0  373.6598
891.5  381.3767
892.0  388.5457
892.5  393.2766
893.0  393.8043
893.5  389.0236
894.0  378.7200
894.5  363.5371
895.0  344.7817
895.5  324.1439
896.0  303.3625
896.5  283.8518
897.0  266.3532
897.5  250.7460
898.0  236.1787
898.5  221.5907
899.0  206.4907
899.5  191.6390
900.0  179.2176
900.5  172.2619
901.0  173.5234
901.5  184.2931
902.0  203.7718
902.5  229.2723
903.0  257.0918
903.5  283.6002
904.0  306.1064
904.5  323.2851
905.0  335.1745
905.5  342.8760
906.0  348.0856
906.5  352.5461
907.0  357.4877
907.5  363.1650
908.0  368.6467
908.5  372.0205
909.0  371.0628
909.5  364.2092
910.0  351.4289
910.5  334.5272
911.0  316.5942
911.5  300.7649
912.0  288.8930
912.5  280.8488
913.0  274.7918
913.5  268.1982
914.0  259.0512
914.5  246.6499
915.0  231.8149
915.5  216.5836
916.0  203.6293
916.5  195.6072
917.0  194.5446
917.5  201.3366
918.0  215.4187
918.5  234.7243
919.0  256.0428
919.5  275.7990
920.0  291.0951
920.5  300.6513
921.0  305.2006
921.5  307.0545
922.0  308.9531
922.5  312.7364
923.0  318.5174
923.5  324.7491
924.0  329.0547
924.5  329.3077
925.0  324.4475
925.5  314.7850
926.0  301.8504
926.5  287.9653
927.0  275.7097
927.5  267.3730
928.0  264.4402
928.5  267.1834
929.0  274.4884
929.5  284.0584
930.0  293.0556
930.5  299.0456
931.0  300.8984
931.5  299.2115
932.0  295.9684
932.5  293.5284
933.0  293.4380
933.5  295.6912
934.0  298.8047
934.5  300.5975
935.0  299.2061
935.5  293.8513
936.0  285.1186
936.5  274.7821
937.0  265.3450
937.5  259.4571
938.0  259.3078
938.5  266.0618
939.0  279.4334
939.5  297.5480
940.0  317.2402
940.5  334.8220
941.0  347.1464
941.5  352.5806
942.0  351.4461
942.5  345.6731
943.0  337.7954
943.5  329.7867
944.0  322.3247
944.5  314.8058
945.0  305.9841
945.5  294.8081
946.0  281.0366
946.5  265.4468
947.0  249.6804
947.5  235.8743
948.0  226.2004
948.5  222.3731
949.0  225.1725
949.5  234.0792
950.0  247.1848
950.5  261.5378
951.0  273.9539
951.5  282.0810
952.0  285.2964
952.5  284.9734
953.0  283.8922
953.5  285.0019
954.0  290.1201
954.5  299.2100
955.0  310.5322
955.5  321.4777
956.0  329.5869
956.5  333.3125
957.0  332.3492
957.5  327.5870
958.0  320.8251
958.5  314.3241
959.0  310.2211
959.5  309.8552
960.0  313.1643
960.5  318.4180
961.0  322.5303
961.5  321.9934
962.0  314.1748
962.5  298.4756
963.0  276.8137
963.5  253.1373
964.0  232.0970
964.5  217.4336
965.0  210.7920
965.5  211.4455
966.0  216.9220
966.5  224.1073
967.0  230.3072
967.5  233.9464
968.0  234.8427
968.5  234.1293
969.0  233.8920
969.5  236.5439
970.0  244.0048
970.5  256.8854
971.0  274.0040
971.5  292.5367
972.0  308.8707
972.5  319.8847
973.0  324.1350
973.5  322.4140
974.0  317.4077
974.5  312.5889
975.0  310.8431
975.5  313.4508
976.0  319.8359
976.5  328.0713
977.0  335.7799
977.5  340.9846
978.0  342.6377
978.5  340.7880
979.0  336.4625
979.5  331.3281
980.0  327.1562
980.5  325.1450
981.0  325.2854
981.5  326.0689
982.0  324.8034
982.5  318.5659
983.0  305.4782
983.5  285.7629
984.0  262.0546
984.5  238.7447
985.0  220.5763
985.5  211.0735
986.0  211.4746
986.5  220.5700
987.0  235.3890
987.5  252.3166
988.0  268.1581
988.5  280.8569
989.0  289.7973
989.5  295.7437
990.0  300.4610
990.5  306.0464
991.0  314.0724
991.5  324.7879
992.0  336.7342
992.5  347.0534
993.0  352.4803
993.5  350.6511
994.0  341.1570
994.5  325.8501
995.0  308.2351
995.5  292.1974
996.0  280.6156
996.5  274.4460
997.0  272.6136
997.5  272.6529
998.0  271.7382
998.5  267.6863
999.0  259.6525
999.5  248.4195
1000.0  236.2735
