0.0  167.0753
0.5  162.6204
1.0  163.8442
1.5  169.8307
2.0  177.8156
2.5  184.3662
3.0  186.9327
3.5  184.9837
4.0  180.1759
4.5  175.5528
5.0  174.2248
5.5  178.1168
6.0  187.2276
6.5  199.5866
7.0  211.8463
7.5  220.2790
8.0  221.8621
8.5  215.1456
9.0  200.6769
9.5  180.8911
10.0  159.5098
10.5  140.5822
11.0  127.3734
11.5  121.3866
12.0  121.8963
12.5  126.3061
13.0  131.3034
13.5  134.3236
14.0  134.6145
14.5  133.4114
15.0  133.2228
15.5  136.6299
16.0  145.1393
16.5  158.5072
17.0  174.7231
17.5  190.5990
18.0  202.7334
18.5  208.5282
19.0  206.9472
19.5  198.8084
20.0  186.5558
20.5  173.5979
21.0  163.3820
21.5  158.4116
22.0  159.4636
22.5  165.3172
23.0  173.2275
23.5  180.0655
24.0  183.6490
24.5  183.6312
25.0  181.5457
25.5  180.0471
26.0  181.7384
26.5  188.0794
27.0  198.7592
27.5  211.7072
28.0  223.6999
28.5  231.3397
29.0  232.0837
29.5  224.9983
30.0  211.0192
30.5  192.6583
31.0  173.2693
31.5  156.0883
32.0  143.3164
32.5  135.5210
33.0  131.5986
33.5  129.3881
34.0  126.7418
34.5  122.5950
35.0  117.5348
35.5  113.6155
36.0  113.5329
36.5  119.5318
37.0  132.4837
37.5  151.4521
38.0  173.8672
38.5  196.2186
39.0  215.0182
39.5  227.7145
40.0  233.2781
40.5  232.3083
41.0  226.6720
41.5  218.8220
42.0  210.9960
42.5  204.5144
43.0  199.3917
43.5  194.4417
44.0  187.9181
44.5  178.4688
45.0  165.9768
45.5  151.8709
46.0  138.7518
46.5  129.5082
47.0  126.3074
47.5  129.8552
48.0  139.1785
48.5  151.9751
49.0  165.3809
49.5  176.8661
50.0  184.9438
50.5  189.4542
51.0  191.3640
51.5  192.2111
52.0  193.4316
52.5  195.7979
53.0  199.1090
53.5  202.2105
54.0  203.3762
54.5  200.9942
55.0  194.3333
55.5  184.0486
56.0  172.1469
56.5  161.3763
57.0  154.2779
57.5  152.2862
58.0  155.2244
58.5  161.3754
59.0  168.0884
59.5  172.6965
60.0  173.4134
60.5  169.8891
61.0  163.2285
61.5  155.4959
62.0  148.9310
62.5  145.1859
63.0  144.8256
63.5  147.1949
64.0  150.6635
64.5  153.2153
65.0  153.2611
65.5  150.3994
66.0  145.7756
66.5  141.8080
67.0  141.3356
67.5  146.5171
68.0  157.9255
68.5  174.1962
69.0  192.3670
69.5  208.7919
70.0  220.3023
70.5  225.1963
71.0  223.6817
71.5  217.6024
72.0  209.5830
72.5  201.9834
73.0  196.1082
73.5  191.9253
74.0  188.2753
74.5  183.4163
75.0  175.7512
75.5  164.5897
76.0  150.7186
76.5  136.5059
77.0  125.3797
77.5  120.7841
78.0  124.9768
78.5  138.1278
79.0  158.0750
79.5  180.8527
80.0  201.8292
80.5  217.0800
81.0  224.5216
81.5  224.3959
82.0  218.9143
82.5  211.2194
83.0  204.1182
83.5  199.1182
84.0  196.0830
84.5  193.5085
85.0  189.2205
85.5  181.2664
86.0  168.7831
86.5  152.5844
87.0  135.2163
87.5  120.3665
88.0  111.7645
88.5  111.9423
89.0  121.3117
89.5  137.9125
90.0  157.9507
90.5  176.9551
91.0  191.1590
91.5  198.6081
92.0  199.5835
92.5  196.1826
93.0  191.2637
93.5  187.2462
94.0  185.2718
94.5  184.9799
95.0  184.8302
95.5  182.7594
96.0  176.9845
96.5  166.7867
97.0  153.0586
97.5  138.3599
98.0  126.3450
98.5  120.6753
99.0  123.7766
99.5  135.9060
100.0  154.9036
100.5  176.7579
101.0  196.8127
101.5  211.1967
102.0  217.9668
102.5  217.5435
103.0  212.2879
103.5  205.4264
104.0  199.7990
104.5  196.9303
105.0  196.6958
105.5  197.5668
106.0  197.2600
106.5  193.5982
107.0  185.3714
107.5  172.9476
108.0  158.3797
108.5  144.8962
109.0  135.8936
109.5  133.7685
110.0  139.0195
110.5  149.9724
111.0  163.2603
111.5  174.9041
112.0  181.6076
112.5  181.7914
113.0  175.9877
113.5  166.4796
114.0  156.3738
114.5  148.5148
115.0  144.6380
115.5  144.9829
116.0  148.3819
116.5  152.7480
117.0  155.8420
117.5  156.1345
118.0  153.4777
118.5  149.3013
119.0  146.1994
119.5  147.0206
120.0  153.7889
120.5  166.8654
121.0  184.6774
121.5  204.1291
122.0  221.5440
122.5  233.7874
123.0  239.1513
123.5  237.6951
124.0  230.9771
124.5  221.3561
125.0  211.1770
125.5  202.1087
126.0  194.7700
126.5  188.6767
127.0  182.5227
127.5  174.7638
128.0  164.3615
128.5  151.4085
129.0  137.3497
129.5  124.6591
130.0  116.0702
130.5  113.6539
131.0  118.1034
131.5  128.5040
132.0  142.6663
132.5  157.8733
133.0  171.7333
133.5  182.8096
134.0  190.8301
134.5  196.4774
135.0  200.9229
135.5  205.3036
136.0  210.2793
136.5  215.7377
137.0  220.7204
137.5  223.6510
138.0  222.8758
138.5  217.3587
139.0  207.2345
139.5  193.9476
140.0  179.8759
140.5  167.5748
141.0  158.9390
141.5  154.6148
142.0  153.8914
142.5  155.0958
143.0  156.3069
143.5  156.0707
144.0  153.8272
144.5  149.9287
145.0  145.3355
145.5  141.1987
146.0  138.5001
146.5  137.7991
147.0  139.0663
147.5  141.6307
148.0  144.3332
148.5  145.9421
149.0  145.7203
149.5  143.8840
150.0  141.6933
150.5  141.0754
151.0  143.9094
151.5  151.2677
152.0  162.9424
152.5  177.4667
153.0  192.6229
153.5  206.2033
154.0  216.6850
154.5  223.5407
155.0  227.1210
155.5  228.2568
156.0  227.8230
156.5  226.4250
157.0  224.2300
157.5  220.9064
158.0  215.6878
158.5  207.6333
159.0  196.0926
159.5  181.2306
160.0  164.3545
160.5  147.8286
161.0  134.5274
161.5  126.9871
162.0  126.5657
162.5  132.9504
163.0  144.2377
163.5  157.5753
164.0  170.1017
164.5  179.7880
165.0  185.8512
165.5  188.6494
166.0  189.2198
166.5  188.7287
167.0  188.0301
167.5  187.3859
168.0  186.3456
168.5  183.8277
169.0  178.4658
169.5  169.1949
170.0  155.8865
170.5  139.7536
171.0  123.3031
171.5  109.7872
172.0  102.3044
172.5  102.8549
173.0  111.7065
173.5  127.3391
174.0  147.0041
174.5  167.6587
175.0  186.8596
175.5  203.2516
176.0  216.5335
176.5  227.0568
177.0  235.3339
177.5  241.6534
178.0  245.8618
178.5  247.3032
179.0  244.9419
179.5  237.6990
180.0  224.9505
180.5  207.0148
181.0  185.4144
181.5  162.7591
182.0  142.2361
182.5  126.8297
183.0  118.5047
183.5  117.6483
184.0  123.0131
184.5  132.2285
185.0  142.6836
185.5  152.3954
186.0  160.4936
186.5  167.1799
187.0  173.2923
187.5  179.7385
188.0  187.0127
188.5  194.8998
189.0  202.4070
189.5  207.9629
190.0  209.8743
190.5  206.9260
191.0  198.9106
191.5  186.8795
192.0  173.0018
192.5  160.0458
193.0  150.6107
193.5  146.3297
194.0  147.3190
194.5  152.1227
195.0  158.2347
195.5  163.0206
196.0  164.6535
196.5  162.6661
197.0  157.9354
197.5  152.1928
198.0  147.3231
198.5  144.7066
199.0  144.7813
199.5  146.9274
200.0  149.7200
200.5  151.4883
201.0  150.9972
201.5  148.0030
202.0  143.4845
202.5  139.4649
203.0  138.4595
203.5  142.6807
204.0  153.2264
204.5  169.5406
205.0  189.4095
205.5  209.5665
206.0  226.6975
206.5  238.4269
207.0  243.8836
207.5  243.6863
208.0  239.4654
208.5  233.1747
209.0  226.4236
209.5  219.9954
210.0  213.6755
210.5  206.4675
211.0  197.1402
211.5  184.9044
212.0  169.9491
212.5  153.6408
213.0  138.3203
213.5  126.7466
214.0  121.3204
214.5  123.2963
215.0  132.2568
215.5  146.1026
216.0  161.6447
216.5  175.6034
217.0  185.6026
217.5  190.7568
218.0  191.6772
218.5  189.9988
219.0  187.6707
219.5  186.2412
220.0  186.3185
220.5  187.3647
221.0  187.9153
221.5  186.1710
222.0  180.7392
222.5  171.2433
223.0  158.5953
223.5  144.8567
224.0  132.7248
224.5  124.7647
225.0  122.5963
225.5  126.3321
226.0  134.5417
226.5  144.8253
227.0  154.7690
227.5  162.8329
228.0  168.7673
228.5  173.4375
229.0  178.2420
229.5  184.4230
230.0  192.5023
230.5  201.9722
231.0  211.3277
231.5  218.4650
232.0  221.3524
232.5  218.7398
233.0  210.6478
233.5  198.4707
234.0  184.6649
234.5  172.1002
235.0  163.2274
235.5  159.2974
236.0  159.9273
236.5  163.2601
237.0  166.7373
237.5  168.1854
238.0  166.7123
238.5  162.9966
239.0  158.8904
239.5  156.5961
240.0  157.8037
240.5  163.0800
241.0  171.6380
241.5  181.5153
242.0  190.1145
242.5  194.9641
243.0  194.4659
243.5  188.3966
244.0  178.0145
244.5  165.7419
245.0  154.4885
245.5  146.7739
246.0  143.9077
246.5  145.5501
247.0  149.9039
247.5  154.5297
248.0  157.4444
248.5  157.9763
249.0  156.9712
249.5  156.3020
250.0  157.9824
250.5  163.2990
251.0  172.2629
251.5  183.5008
252.0  194.5844
252.5  202.7069
253.0  205.5239
253.5  201.9033
254.0  192.3513
254.5  178.9841
255.0  165.0365
255.5  154.0035
256.0  148.6135
256.5  149.9430
257.0  157.0345
257.5  167.2646
258.0  177.3959
258.5  184.8823
259.0  188.8182
259.5  190.0993
260.0  190.7849
260.5  193.0428
261.0  198.1737
261.5  206.0606
262.0  215.1466
262.5  222.8765
263.0  226.4473
263.5  223.6533
264.0  213.5927
264.5  197.0424
265.0  176.3972
265.5  155.1694
266.0  137.1273
266.5  125.2674
267.0  120.9319
267.5  123.4360
268.0  130.4392
268.5  138.9706
269.0  146.6678
269.5  152.6431
270.0  157.5897
270.5  163.1538
271.0  170.9575
271.5  181.7383
272.0  194.9100
272.5  208.6231
273.0  220.2409
273.5  227.0654
274.0  227.1026
274.5  219.6559
275.0  205.5974
275.5  187.2503
276.0  167.8853
276.5  150.9035
277.0  138.8812
277.5  132.7826
278.0  131.6990
278.5  133.3272
279.0  135.0509
279.5  135.1338
280.0  133.4291
280.5  131.2798
281.0  130.7404
281.5  133.5789
282.0  140.5239
282.5  150.9871
283.0  163.2520
283.5  174.9914
284.0  183.9389
284.5  188.5313
285.0  188.3581
285.5  184.3144
286.0  178.4191
286.5  173.3114
287.0  171.4943
287.5  174.4993
288.0  182.2667
288.5  193.0692
289.0  204.1282
289.5  212.7165
290.0  217.2317
290.5  217.6997
291.0  215.4972
291.5  212.5213
292.0  210.2826
292.5  209.3180
293.0  209.0664
293.5  208.1440
294.0  204.8698
294.5  197.8736
295.0  186.6157
295.5  171.6834
296.0  154.7909
296.5  138.4739
297.0  125.5090
297.5  118.1497
298.0  117.3738
298.5  122.4516
299.0  131.1235
299.5  140.4467
300.0  147.9852
300.5  152.7568
301.0  155.4403
301.5  157.7791
302.0  161.5759
302.5  167.8293
303.0  176.3415
303.5  185.8157
304.0  194.2832
304.5  199.6952
305.0  200.5297
305.5  196.2715
306.0  187.6430
306.5  176.5242
307.0  165.5598
307.5  157.4971
308.0  154.3720
308.5  156.7754
309.0  163.5383
309.5  172.1112
310.0  179.6128
310.5  184.1051
311.0  185.4210
311.5  185.0770
312.0  185.3528
312.5  188.1187
313.0  194.0332
313.5  202.3719
314.0  211.3484
314.5  218.6697
315.0  222.1470
315.5  220.2637
316.0  212.6000
316.5  200.0137
317.0  184.5169
317.5  168.8419
318.0  155.7432
318.5  147.1641
319.0  143.5274
319.5  143.5053
320.0  144.5316
320.5  143.9759
321.0  140.4651
321.5  134.6346
322.0  128.8610
322.5  126.1421
323.0  128.7882
323.5  137.5828
324.0  151.6415
324.5  168.7874
325.0  186.1596
325.5  200.8863
326.0  210.7232
326.5  214.5491
327.0  212.6043
327.5  206.4007
328.0  198.2902
328.5  190.7361
329.0  185.4250
329.5  182.5172
330.0  180.4342
330.5  176.4755
331.0  168.1591
331.5  154.6830
332.0  137.6876
332.5  120.8093
333.0  108.2391
333.5  103.0946
334.0  106.4218
334.5  117.1215
335.0  132.5513
335.5  149.3933
336.0  164.5015
336.5  175.5942
337.0  181.7086
337.5  183.3524
338.0  182.3200
338.5  181.1754
339.0  182.4541
339.5  187.7329
340.0  196.8804
340.5  207.8858
341.0  217.5298
341.5  222.7430
342.0  222.0334
342.5  216.2032
343.0  207.9359
343.5  200.5197
344.0  196.4624
344.5  196.6807
345.0  200.4417
345.5  205.8119
346.0  210.2948
346.5  211.4838
347.0  207.6538
347.5  198.2107
348.0  183.9070
348.5  166.7564
349.0  149.6163
349.5  135.4591
350.0  126.4568
350.5  123.1787
351.0  124.3150
351.5  127.2226
352.0  129.1880
352.5  128.8144
353.0  126.7504
353.5  125.3170
354.0  127.2757
354.5  134.4938
355.0  147.1977
355.5  163.9955
356.0  182.4036
356.5  199.5273
357.0  212.7035
357.5  220.0319
358.0  220.7500
358.5  215.3918
359.0  205.6885
359.5  194.1870
360.0  183.5984
360.5  175.9872
361.0  172.0638
361.5  170.9421
362.0  170.6198
362.5  169.0765
363.0  165.4573
363.5  160.6432
364.0  156.8312
364.5  156.3803
365.0  160.6404
365.5  169.3945
366.0  181.0422
366.5  193.2260
367.0  203.5318
367.5  210.0522
368.0  211.7454
368.5  208.5760
369.0  201.4451
369.5  191.9378
370.0  181.9230
370.5  173.0496
371.0  166.2332
371.5  161.3192
372.0  157.1527
372.5  152.1723
373.0  145.3515
373.5  137.0054
374.0  128.9300
374.5  123.6924
375.0  123.4547
375.5  129.0240
376.0  139.6092
376.5  153.2428
377.0  167.4864
377.5  180.0742
378.0  189.3589
378.5  194.5563
379.0  195.8047
379.5  194.0490
380.0  190.7633
380.5  187.5418
381.0  185.6018
381.5  185.3101
382.0  185.9332
382.5  185.8350
383.0  183.1956
383.5  177.0105
384.0  167.8471
384.5  157.8447
385.0  149.8525
385.5  146.1674
386.0  147.5919
386.5  153.2675
387.0  161.2003
387.5  169.0673
388.0  174.9309
388.5  177.6952
389.0  177.2820
389.5  174.5554
390.0  171.0465
390.5  168.5388
391.0  168.5745
391.5  171.9458
392.0  178.2954
392.5  186.0271
393.0  192.7143
393.5  196.0081
394.0  194.7173
394.5  189.4976
395.0  182.6830
395.5  177.2596
396.0  175.5355
396.5  178.2361
397.0  184.4121
397.5  192.0103
398.0  198.6780
398.5  202.4578
399.0  202.2365
399.5  197.9366
400.0  190.4681
400.5  181.4728
401.0  172.9059
401.5  166.5109
402.0  163.2689
402.5  162.9743
403.0  164.1607
403.5  164.5660
404.0  162.1057
404.5  155.9869
405.0  147.3673
405.5  139.0847
406.0  134.4820
406.5  135.9335
407.0  143.8716
407.5  156.7455
408.0  171.7500
408.5  185.8279
409.0  196.5179
409.5  202.4629
410.0  203.5673
410.5  200.8605
411.0  196.1379
411.5  191.4493
412.0  188.4967
412.5  188.0331
413.0  189.4368
413.5  190.7082
414.0  189.0726
414.5  182.1212
415.0  169.0666
415.5  151.4745
416.0  132.9749
416.5  117.9792
417.0  110.0201
417.5  110.5491
418.0  118.6873
418.5  131.8381
419.0  146.7099
419.5  160.3072
420.0  170.6424
420.5  177.0795
421.0  180.3135
421.5  182.0365
422.0  184.3662
422.5  189.1188
423.0  197.0612
423.5  207.3718
424.0  217.6017
424.5  224.3362
425.0  224.4560
425.5  216.5397
426.0  201.7329
426.5  183.5604
427.0  166.6611
427.5  155.0329
428.0  150.6448
428.5  153.0095
429.0  159.7187
429.5  167.5091
430.0  173.3560
430.5  175.2761
431.0  172.7198
431.5  166.5761
432.0  158.8633
432.5  152.1741
433.0  148.9298
433.5  150.5472
434.0  156.7545
434.5  165.3988
435.0  173.0088
435.5  176.0637
436.0  172.5129
436.5  162.8497
437.0  150.1549
437.5  139.0018
438.0  133.7089
438.5  136.7615
439.0  148.0740
439.5  165.2607
440.0  184.6128
440.5  202.2898
441.0  215.3111
441.5  222.1332
442.0  222.7950
442.5  218.7157
443.0  212.2330
443.5  205.9190
444.0  201.7476
444.5  200.3273
445.0  200.5532
445.5  199.9735
446.0  195.8564
446.5  186.5393
447.0  172.4141
447.5  156.0254
448.0  141.1986
448.5  131.6115
449.0  129.4862
449.5  134.9381
450.0  146.1306
450.5  160.0229
451.0  173.3451
451.5  183.4638
452.0  188.9359
452.5  189.6950
453.0  186.9160
453.5  182.6131
454.0  179.0074
454.5  177.7433
455.0  179.1759
455.5  182.0724
456.0  183.9995
456.5  182.3590
457.0  175.6629
457.5  164.4403
458.0  151.2960
458.5  140.0389
459.0  134.2640
459.5  136.0307
460.0  145.1907
460.5  159.5600
461.0  175.7461
461.5  190.2303
462.0  200.3058
462.5  204.6358
463.0  203.3854
463.5  198.0073
464.0  190.7632
464.5  184.0317
465.0  179.4968
465.5  177.4559
466.0  176.5930
466.5  174.4612
467.0  168.5847
467.5  157.7296
468.0  142.7345
468.5  126.4618
469.0  112.8468
469.5  105.4690
470.0  106.2893
470.5  115.0695
471.0  129.6165
471.5  146.6327
472.0  162.7730
472.5  175.5336
473.0  183.7625
473.5  187.7639
474.0  189.0717
474.5  189.9610
475.0  192.7330
475.5  198.8661
476.0  208.2950
476.5  219.1880
477.0  228.4745
477.5  233.0128
478.0  230.9119
478.5  222.3816
479.0  209.6924
479.5  196.2642
480.0  185.3327
480.5  178.8152
481.0  176.8227
481.5  177.8994
482.0  179.7496
482.5  180.0868
483.0  177.3068
483.5  170.8506
484.0  161.2820
484.5  150.1590
485.0  139.7197
485.5  132.3299
486.0  129.7078
486.5  132.1578
487.0  138.2313
487.5  145.1512
488.0  149.9486
488.5  150.8114
489.0  147.9613
489.5  143.5952
490.0  140.9198
490.5  142.7801
491.0  150.5472
491.5  163.7162
492.0  180.2515
492.5  197.3853
493.0  212.4703
493.5  223.5939
494.0  229.8601
494.5  231.4127
495.0  229.3131
495.5  225.2838
496.0  221.2383
496.5  218.5773
497.0  217.4699
497.5  216.5447
498.0  213.3283
498.5  205.3698
499.0  191.5305
499.5  172.7511
500.0  151.8641
500.5  132.5468
501.0  117.9753
501.5  109.8403
502.0  108.0999
502.5  111.4006
503.0  117.8138
503.5  125.5141
504.0  133.1928
504.5  140.2003
505.0  146.5295
505.5  152.7390
506.0  159.7854
506.5  168.6506
507.0  179.7388
507.5  192.2715
508.0  204.1038
508.5  212.2707
509.0  214.1559
509.5  208.7344
510.0  197.2120
510.5  182.6741
511.0  168.9058
511.5  158.9903
512.0  154.3657
512.5  154.6863
513.0  158.3648
513.5  163.3918
514.0  168.0340
514.5  171.2179
515.0  172.6248
515.5  172.6438
516.0  172.2791
516.5  172.9627
517.0  176.1243
517.5  182.4949
518.0  191.4107
518.5  200.5937
519.0  206.7476
519.5  206.8461
520.0  199.5186
520.5  185.8006
521.0  168.8271
521.5  152.6179
522.0  140.5840
522.5  134.4806
523.0  134.1917
523.5  138.2443
524.0  144.6324
524.5  151.5322
525.0  157.7037
525.5  162.6060
526.0  166.3735
526.5  169.7423
527.0  173.8686
527.5  179.9049
528.0  188.3418
528.5  198.4009
529.0  207.9263
529.5  214.0368
530.0  214.3469
530.5  208.1555
531.0  196.9388
531.5  183.8361
532.0  172.3754
532.5  165.1065
533.0  162.8176
533.5  164.6193
534.0  168.6714
534.5  173.0634
535.0  176.4279
535.5  178.1355
536.0  178.1893
536.5  177.0404
537.0  175.4653
537.5  174.4453
538.0  174.8862
538.5  177.1295
539.0  180.4836
539.5  183.1736
540.0  182.9491
540.5  178.1690
541.0  168.8049
541.5  156.7638
542.0  145.2831
542.5  137.6744
543.0  136.0651
543.5  140.7466
544.0  150.3510
544.5  162.6135
545.0  175.2542
545.5  186.5906
546.0  195.7393
546.5  202.5094
547.0  207.1894
547.5  210.3571
548.0  212.6783
548.5  214.5844
549.0  215.8471
549.5  215.3013
550.0  211.0474
550.5  201.2422
551.0  185.1779
551.5  164.0636
552.0  141.0038
552.5  120.0746
553.0  104.9107
553.5  97.4882
554.0  97.6651
554.5  103.5940
555.0  112.6799
555.5  122.5755
556.0  131.8262
556.5  140.0381
557.0  147.6810
557.5  155.7281
558.0  165.2715
558.5  177.1174
559.0  191.3315
559.5  206.8313
560.0  221.2976
560.5  231.6642
561.0  235.1659
561.5  230.5391
562.0  218.7692
562.5  202.9314
563.0  187.1155
563.5  174.9123
564.0  168.1772
564.5  166.6179
565.0  168.2867
565.5  170.6167
566.0  171.4728
566.5  169.8204
567.0  165.8797
567.5  160.8759
568.0  156.5931
568.5  154.8811
569.0  157.1429
569.5  163.8079
570.0  173.9213
570.5  185.1265
571.0  194.2587
571.5  198.4607
572.0  196.3742
572.5  188.8135
573.0  178.5323
573.5  169.1372
574.0  163.6459
574.5  163.3696
575.0  167.5978
575.5  174.1226
576.0  180.2407
576.5  183.7484
577.0  183.5722
577.5  179.9253
578.0  174.0887
578.5  167.9929
579.0  163.7126
579.5  162.8962
580.0  166.1662
580.5  172.6796
581.0  180.1523
581.5  185.5372
582.0  186.1968
582.5  181.0661
583.0  171.2167
583.5  159.4981
584.0  149.3984
584.5  143.6676
585.0  143.3543
585.5  147.6467
586.0  154.4692
586.5  161.4471
587.0  166.7844
587.5  169.7532
588.0  170.7314
588.5  170.9177
589.0  171.9081
589.5  175.2465
590.0  181.9548
590.5  192.0534
591.0  204.2310
591.5  215.9353
592.0  224.0493
592.5  225.9890
593.0  220.7466
593.5  209.3510
594.0  194.4869
594.5  179.4433
595.0  166.9015
595.5  158.1197
596.0  152.8216
596.5  149.7164
597.0  147.3008
597.5  144.5574
598.0  141.3010
598.5  138.1463
599.0  136.2307
599.5  136.8643
600.0  141.1792
600.5  149.7473
601.0  162.1645
601.5  176.7734
602.0  190.8028
602.5  201.0752
603.0  205.0789
603.5  201.9163
604.0  192.6413
604.5  179.8089
605.0  166.4726
605.5  155.1221
606.0  147.0277
606.5  142.1927
607.0  139.8021
607.5  138.8607
608.0  138.7140
608.5  139.2709
609.0  140.9379
609.5  144.4028
610.0  150.4130
610.5  159.5743
611.0  172.0869
611.5  187.3941
612.0  203.9132
612.5  219.1421
613.0  230.2844
613.5  235.1961
614.0  233.1891
614.5  225.2674
615.0  213.6827
615.5  201.0538
616.0  189.4834
616.5  180.0410
617.0  172.7548
617.5  167.0053
618.0  162.0727
618.5  157.5734
619.0  153.6233
619.5  150.7242
620.0  149.5166
620.5  150.5618
621.0  154.1989
621.5  160.3958
622.0  168.5387
622.5  177.2855
623.0  184.7219
623.5  188.9263
624.0  188.7417
624.5  184.3400
625.0  177.2412
625.5  169.7598
626.0  164.1581
626.5  161.9014
627.0  163.3074
627.5  167.6610
628.0  173.6684
628.5  180.0187
629.0  185.8141
629.5  190.7168
630.0  194.8163
630.5  198.3713
631.0  201.6003
631.5  204.5751
632.0  207.1290
632.5  208.7135
633.0  208.3061
633.5  204.5765
634.0  196.3893
634.5  183.4418
635.0  166.6616
635.5  148.0915
636.0  130.2873
636.5  115.5265
637.0  105.1946
637.5  99.5838
638.0  98.1224
638.5  99.8760
639.0  104.0791
639.5  110.4628
640.0  119.2424
640.5  130.8054
641.0  145.3088
641.5  162.4216
642.0  181.2911
642.5  200.6277
643.0  218.7805
643.5  233.8386
644.0  243.9073
644.5  247.6125
645.0  244.6444
645.5  236.0148
646.0  223.8206
646.5  210.5818
647.0  198.4492
647.5  188.6168
648.0  181.1413
648.5  175.1878
649.0  169.5704
649.5  163.3725
650.0  156.4039
650.5  149.3148
651.0  143.3447
651.5  139.8641
652.0  139.9334
652.5  143.9997
653.0  151.7154
653.5  161.8546
654.0  172.4199
654.5  181.0769
655.0  185.8776
655.5  185.9770
656.0  181.9594
656.5  175.5747
657.0  169.0125
657.5  164.0621
658.0  161.5202
658.5  161.0442
659.0  161.4476
659.5  161.2883
660.0  159.5155
660.5  155.9314
661.0  151.2894
661.5  147.0162
662.0  144.7247
662.5  145.7421
663.0  150.7710
663.5  159.6652
664.0  171.3088
664.5  183.7114
665.0  194.4659
665.5  201.5200
666.0  203.9425
666.5  202.2810
667.0  198.3030
667.5  194.2426
668.0  191.9083
668.5  192.0306
669.0  194.0746
669.5  196.5372
670.0  197.5823
670.5  195.7678
671.0  190.5957
671.5  182.6875
672.0  173.5585
672.5  165.1457
673.0  159.3058
673.5  157.3918
674.0  159.8985
674.5  166.1964
675.0  174.5231
675.5  182.4163
676.0  187.5457
676.5  188.5941
677.0  185.7373
677.5  180.4844
678.0  174.9822
678.5  171.1340
679.0  169.9155
679.5  171.1271
680.0  173.6166
680.5  175.8393
681.0  176.5137
681.5  175.1107
682.0  171.9962
682.5  168.2226
683.0  165.1350
683.5  163.9890
684.0  165.6430
684.5  170.2733
685.0  177.1157
685.5  184.4183
686.0  189.8183
686.5  191.1257
687.0  187.1801
687.5  178.3351
688.0  166.3133
688.5  153.5174
689.0  142.1331
689.5  133.4196
690.0  127.4535
690.5  123.3816
691.0  120.0311
691.5  116.5956
692.0  113.0938
692.5  110.4189
693.0  110.0129
693.5  113.3854
694.0  121.7063
694.5  135.5318
695.0  154.5801
695.5  177.5344
696.0  202.0339
696.5  225.0594
697.0  243.7008
697.5  255.9911
698.0  261.3987
698.5  260.7465
699.0  255.6419
699.5  247.7227
700.0  238.0646
700.5  226.9764
701.0  214.2232
701.5  199.5352
702.0  183.1398
702.5  166.0437
703.0  149.9216
703.5  136.6903
704.0  128.0205
704.5  125.0043
705.0  127.9967
705.5  136.5027
706.0  149.0721
706.5  163.3634
707.0  176.5762
707.5  186.2177
708.0  190.8765
708.5  190.6031
709.0  186.7037
709.5  181.0691
710.0  175.3685
710.5  170.4612
711.0  166.2423
711.5  161.9411
712.0  156.7046
712.5  150.1867
713.0  142.8698
713.5  135.9871
714.0  131.1355
714.5  129.8100
715.0  133.0466
715.5  141.1840
716.0  153.6699
716.5  168.9471
717.0  184.6144
717.5  197.9952
718.0  206.9741
718.5  210.7077
719.0  209.8401
719.5  206.1140
720.0  201.5815
720.5  197.7768
721.0  195.1946
721.5  193.2581
722.0  190.7627
722.5  186.5950
723.0  180.4119
723.5  172.9690
724.0  165.9472
724.5  161.3778
725.0  160.9587
725.5  165.5293
726.0  174.7939
726.5  187.2572
727.0  200.3928
727.5  211.1421
728.0  216.7440
728.5  215.6422
729.0  208.0546
729.5  195.9037
730.0  182.1153
730.5  169.5838
731.0  160.2282
731.5  154.4821
732.0  151.3736
732.5  149.1268
733.0  146.0361
733.5  141.2667
734.0  135.2609
734.5  129.6024
735.0  126.4350
735.5  127.7089
736.0  134.5111
736.5  146.6139
737.0  162.3085
737.5  178.6386
738.0  192.1200
738.5  199.8152
739.0  200.3562
739.5  194.4388
740.0  184.5438
740.5  174.0018
741.0  165.7964
741.5  161.5683
742.0  161.1625
742.5  162.8463
743.0  164.0893
743.5  162.6168
744.0  157.3501
744.5  148.8903
745.0  139.3817
745.5  131.8488
746.0  129.2708
746.5  133.6653
747.0  145.3720
747.5  162.7224
748.0  182.3115
748.5  199.9573
749.0  212.0901
749.5  216.9989
750.0  215.3668
750.5  209.8708
751.0  204.0576
751.5  200.9839
752.0  202.1322
752.5  206.9480
753.0  213.1001
753.5  217.3376
754.0  216.6495
754.5  209.3484
755.0  195.7215
755.5  178.0403
756.0  159.9467
756.5  145.4192
757.0  137.6026
757.5  137.7977
758.0  144.9422
758.5  155.8852
759.0  166.5049
759.5  173.2761
760.0  174.5967
760.5  171.2768
761.0  166.0279
761.5  162.2507
762.0  162.6669
762.5  168.3077
763.0  178.1684
763.5  189.5746
764.0  199.0858
764.5  203.6174
765.0  201.4226
765.5  192.6381
766.0  179.2652
766.5  164.6423
767.0  152.5691
767.5  146.2452
768.0  147.2208
768.5  154.7056
769.0  165.6576
769.5  175.8269
770.0  181.3963
770.5  180.4620
771.0  173.6649
771.5  163.7575
772.0  154.4005
772.5  148.7551
773.0  148.4092
773.5  152.9567
774.0  160.2861
774.5  167.4143
775.0  171.5603
775.5  171.1086
776.0  166.1638
776.5  158.5554
777.0  151.3301
777.5  147.8855
778.0  150.9234
778.5  161.4501
779.0  178.1797
779.5  197.7289
780.0  215.7041
780.5  228.2776
781.0  233.5131
781.5  231.8384
782.0  225.5374
782.5  217.6033
783.0  210.5010
783.5  205.3115
784.0  201.5000
784.5  197.3024
785.0  190.5349
785.5  179.5302
786.0  163.8831
786.5  144.7707
787.0  124.7754
787.5  107.3028
788.0  95.7540
788.5  92.5984
789.0  98.5284
789.5  112.0158
790.0  129.6197
790.5  147.1039
791.0  160.9367
791.5  169.4649
792.0  173.2304
792.5  174.3738
793.0  175.5001
793.5  178.5383
794.0  184.0145
794.5  190.9298
795.0  197.2029
795.5  200.4767
796.0  198.9980
796.5  192.2711
797.0  181.2783
797.5  168.2437
798.0  156.0775
798.5  147.6760
799.0  145.1839
799.5  149.3264
800.0  159.0492
800.5  171.7633
801.0  184.2544
801.5  193.8936
802.0  199.5454
802.5  201.7436
803.0  202.1277
803.5  202.5031
804.0  203.9822
804.5  206.5317
805.0  209.0286
805.5  209.7440
806.0  207.0560
806.5  200.1378
807.0  189.3750
807.5  176.3645
808.0  163.5164
808.5  153.4314
809.0  148.2351
809.5  148.9835
810.0  155.2447
810.5  165.0575
811.0  175.4589
811.5  183.5101
812.0  187.3894
812.5  187.0034
813.0  183.8303
813.5  180.1294
814.0  177.9383
814.5  178.2869
815.0  180.8794
815.5  184.2776
816.0  186.4691
816.5  185.6187
817.0  180.7581
817.5  172.1788
818.0  161.3947
818.5  150.7143
819.0  142.6035
819.5  139.0226
820.0  140.8428
820.5  147.4513
821.0  156.7545
821.5  165.7652
822.0  171.6702
822.5  172.9073
823.0  169.6984
823.5  163.7894
824.0  157.5894
824.5  153.1681
825.0  151.5319
825.5  152.3922
826.0  154.4129
826.5  155.7984
827.0  155.0159
827.5  151.4238
828.0  145.5959
828.5  139.2277
829.0  134.6759
829.5  134.3080
830.0  139.8332
830.5  151.7255
831.0  168.8731
831.5  188.6748
832.0  207.7386
832.5  223.0099
833.0  232.8188
833.5  237.3079
834.0  238.0636
834.5  237.2103
835.0  236.4438
835.5  236.3986
836.0  236.5071
836.5  235.3054
837.0  231.0238
837.5  222.2591
838.0  208.5100
838.5  190.4027
839.0  169.5591
839.5  148.2249
840.0  128.8297
840.5  113.5531
841.0  103.8583
841.5  100.0372
842.0  101.0276
842.5  104.7888
843.0  109.1998
843.5  113.0253
844.0  116.3945
844.5  120.5531
845.0  127.0933
845.5  137.1015
846.0  150.6046
846.5  166.4772
847.0  182.7658
847.5  197.2749
848.0  208.2036
848.5  214.6150
849.0  216.5795
849.5  214.9795
850.0  211.1348
850.5  206.4474
851.0  202.1375
851.5  198.9945
852.0  197.1193
852.5  195.8287
853.0  193.9487
853.5  190.4712
854.0  185.2170
854.5  179.0761
855.0  173.6668
855.5  170.6193
856.0  170.8651
856.5  174.2438
857.0  179.5444
857.5  184.9217
858.0  188.5246
858.5  189.1120
859.0  186.4246
859.5  181.1663
860.0  174.6368
860.5  168.2492
861.0  163.1831
861.5  160.2358
862.0  159.7359
862.5  161.4249
863.0  164.4238
863.5  167.4905
864.0  169.5633
864.5  170.2965
865.0  170.2283
865.5  170.4621
866.0  172.0505
866.5  175.4116
867.0  180.0390
867.5  184.5988
868.0  187.3605
868.5  186.8074
869.0  182.2076
869.5  173.9128
870.0  163.2461
870.5  152.0423
871.0  142.1004
871.5  134.8159
872.0  131.0521
872.5  131.1052
873.0  134.6470
873.5  140.7329
874.0  148.0534
874.5  155.4266
875.0  162.2726
875.5  168.7600
876.0  175.5223
876.5  183.1158
877.0  191.5124
877.5  199.8638
878.0  206.6317
878.5  210.0372
879.0  208.6782
879.5  202.0870
880.0  190.9892
880.5  177.1325
881.0  162.7683
881.5  150.0628
882.0  140.7040
882.5  135.7543
883.0  135.6032
883.5  139.9182
884.0  147.6858
884.5  157.5018
885.0  168.0752
885.5  178.6780
886.0  189.2542
886.5  200.1246
887.0  211.4757
887.5  222.9116
888.0  233.2796
888.5  240.8407
889.0  243.7358
889.5  240.6003
890.0  231.0956
890.5  216.1165
891.0  197.5449
891.5  177.6658
892.0  158.5639
892.5  141.7963
893.0  128.3712
893.5  118.8296
894.0  113.2621
894.5  111.3151
895.0  112.3515
895.5  115.7847
896.0  121.3871
896.5  129.3411
897.0  139.9749
897.5  153.3330
898.0  168.8146
898.5  185.0526
899.0  200.1013
899.5  211.8893
900.0  218.8031
900.5  220.1852
901.0  216.5249
901.5  209.2346
902.0  200.1290
902.5  190.8907
903.0  182.7641
903.5  176.4822
904.0  172.2595
904.5  169.7640
905.0  168.1784
905.5  166.5028
906.0  164.0462
906.5  160.8324
907.0  157.6520
907.5  155.7140
908.0  156.0856
908.5  159.1882
909.0  164.5526
909.5  170.9148
910.0  176.6168
910.5  180.1746
911.0  180.7965
911.5  178.6284
912.0  174.6194
912.5  170.1137
913.0  166.4136
913.5  164.5046
914.0  164.9262
914.5  167.6680
915.0  172.0769
915.5  176.9391
916.0  180.8669
916.5  182.8799
917.0  182.8556
917.5  181.5707
918.0  180.3041
918.5  180.2215
919.0  181.8313
919.5  184.7297
920.0  187.7069
920.5  189.1652
921.0  187.6924
921.5  182.5716
922.0  174.0274
922.5  163.1279
923.0  151.4494
923.5  140.7066
924.0  132.4703
924.5  127.9275
925.0  127.6027
925.5  131.1171
926.0  137.2150
926.5  144.1963
927.0  150.6079
927.5  155.8253
928.0  160.2124
928.5  164.8043
929.0  170.7131
929.5  178.5505
930.0  188.1015
930.5  198.3487
931.0  207.8052
931.5  214.9955
932.0  218.8697
932.5  218.9792
933.0  215.4105
933.5  208.6368
934.0  199.4627
934.5  189.0512
935.0  178.8296
935.5  170.1301
936.0  163.7062
936.5  159.4840
937.0  156.7842
937.5  154.8916
938.0  153.5844
938.5  153.2868
939.0  154.7830
939.5  158.6990
940.0  165.0487
940.5  173.0677
941.0  181.4024
941.5  188.5630
942.0  193.4300
942.5  195.5659
943.0  195.1793
943.5  192.8094
944.0  188.9990
944.5  184.2101
945.0  178.9692
945.5  173.9684
946.0  169.8872
946.5  167.0324
947.0  165.1400
947.5  163.5860
948.0  161.8947
948.5  160.1786
949.0  159.1979
949.5  159.9979
950.0  163.3456
950.5  169.2673
951.0  176.9131
951.5  184.8078
952.0  191.3721
952.5  195.4654
953.0  196.6733
953.5  195.1946
954.0  191.4520
954.5  185.7609
955.0  178.3343
955.5  169.5616
956.0  160.2063
956.5  151.2498
957.0  143.4909
957.5  137.2805
958.0  132.6463
958.5  129.6859
959.0  128.8707
959.5  130.9875
960.0  136.7335
960.5  146.2116
961.0  158.6160
961.5  172.2873
962.0  185.1409
962.5  195.3068
963.0  201.7061
963.5  204.2832
964.0  203.7716
964.5  201.1619
965.0  197.2508
965.5  192.5574
966.0  187.5360
966.5  182.7348
967.0  178.6616
967.5  175.5024
968.0  173.0479
968.5  170.9935
969.0  169.4002
969.5  168.9250
970.0  170.5942
970.5  175.2240
971.0  182.8174
971.5  192.2684
972.0  201.5380
972.5  208.2497
973.0  210.4754
973.5  207.3800
974.0  199.4211
974.5  188.0038
975.0  174.8042
975.5  161.1910
976.0  148.0569
976.5  135.9974
977.0  125.4960
977.5  116.8934
978.0  110.2687
978.5  105.5258
979.0  102.7638
979.5  102.6628
980.0  106.5068
980.5  115.6969
981.0  130.9700
981.5  151.7438
982.0  175.9381
982.5  200.3840
983.0  221.6749
983.5  237.1478
984.0  245.6176
984.5  247.5547
985.0  244.6270
985.5  238.8598
986.0  231.8828
986.5  224.6160
987.0  217.3579
987.5  209.9641
988.0  201.9208
988.5  192.4393
989.0  180.8159
989.5  167.0490
990.0  152.3469
990.5  139.0828
991.0  130.0570
991.5  127.3717
992.0  131.4836
992.5  140.9088
993.0  152.7133
993.5  163.5678
994.0  170.9166
994.5  173.7848
995.0  172.8929
995.5  170.0716
996.0  167.3301
996.5  166.1042
997.0  167.0008
997.5  169.9276
998.0  174.2611
998.5  178.8878
999.0  182.3042
999.5  183.0417
1000.0  180.3841
