0.0  222.7943
0.5  232.4772
1.0  244.1357
1.5  252.5234
2.0  253.9060
2.5  247.0182
3.0  233.0536
3.5  215.1155
4.0  197.4334
4.5  184.4267
5.0  179.6213
5.5  184.5524
6.0  197.9984
6.5  215.9980
7.0  232.9301
7.5  243.4868
8.0  244.8471
8.5  238.0745
9.0  227.9175
9.5  220.8543
10.0  222.1705
10.5  233.5661
11.0  252.5881
11.5  274.0436
12.0  292.3423
12.5  303.4511
13.0  305.7948
13.5  300.2220
14.0  289.4631
14.5  277.3777
15.0  268.0617
15.5  264.8050
16.0  269.0214
16.5  279.4936
17.0  292.3985
17.5  302.4049
18.0  304.6617
18.5  296.9354
19.0  280.8815
19.5  261.6674
20.0  245.9095
20.5  238.8158
21.0  241.9980
21.5  253.0896
22.0  267.1827
22.5  279.0474
23.0  284.9320
23.5  283.3834
24.0  275.2183
24.5  263.0325
25.0  250.4965
25.5  241.4761
26.0  238.9618
26.5  243.9432
27.0  254.6148
27.5  266.4319
28.0  273.3421
28.5  269.9885
29.0  254.0657
29.5  227.7063
30.0  197.0329
30.5  169.8347
31.0  152.3725
31.5  146.9378
32.0  151.4110
32.5  160.8119
33.0  169.7058
33.5  174.1701
34.0  172.7157
34.5  166.2953
35.0  157.7928
35.5  151.2518
36.0  150.8878
36.5  159.8836
37.0  179.1393
37.5  206.4205
38.0  236.4630
38.5  262.3568
39.0  277.9370
39.5  280.2655
40.0  271.0070
40.5  255.8538
41.0  242.0834
41.5  235.3867
42.0  237.6064
42.5  246.4847
43.0  257.2505
43.5  264.8939
44.0  265.9515
44.5  259.3180
45.0  246.2370
45.5  229.8227
46.0  214.3147
46.5  204.0946
47.0  202.4844
47.5  210.5368
48.0  226.2777
48.5  244.9267
49.0  260.3318
49.5  267.2561
50.0  263.5897
50.5  251.3998
51.0  236.1579
51.5  224.3654
52.0  220.6949
52.5  226.1081
53.0  237.8397
53.5  250.9965
54.0  260.6879
54.5  263.6435
55.0  258.9120
55.5  247.8035
56.0  233.3942
56.5  219.7774
57.0  211.0896
57.5  210.3473
58.0  218.3187
58.5  232.8870
59.0  249.3978
59.5  262.1628
60.0  266.6903
60.5  261.6995
61.0  249.8961
61.5  236.9856
62.0  229.2638
62.5  230.9130
63.0  242.3570
63.5  260.4170
64.0  279.9424
64.5  295.8670
65.0  304.7327
65.5  305.3412
66.0  298.7106
66.5  287.6357
67.0  275.9981
67.5  267.8232
68.0  266.0957
68.5  271.5697
69.0  282.0694
69.5  292.8316
70.0  298.0890
70.5  293.4391
71.0  277.9625
71.5  254.9801
72.0  230.9046
72.5  212.6125
73.0  204.6128
73.5  207.4372
74.0  217.9305
74.5  230.9817
75.0  241.5804
75.5  246.2836
76.0  243.8276
76.5  235.0973
77.0  222.7379
77.5  210.5184
78.0  202.4097
78.5  201.3765
79.0  208.1255
79.5  220.3432
80.0  233.0164
80.5  240.0564
81.0  236.7474
81.5  221.9363
82.0  198.8115
82.5  173.7355
83.0  153.6023
83.5  143.0339
84.0  142.8240
84.5  150.2385
85.0  160.6761
85.5  169.6102
86.0  173.9750
86.5  172.7720
87.0  167.0920
87.5  159.7825
88.0  154.8240
88.5  156.3584
89.0  167.3904
89.5  188.4611
90.0  216.8839
90.5  247.1531
91.0  272.6994
91.5  288.4255
92.0  292.8699
92.5  288.8548
93.0  282.1691
93.5  278.8808
94.0  282.6616
94.5  293.4752
95.0  308.0930
95.5  321.8208
96.0  330.3507
96.5  330.9883
97.0  323.1192
97.5  308.1512
98.0  289.1564
98.5  270.2566
99.0  255.6796
99.5  248.5129
100.0  249.4691
100.5  256.2530
101.0  264.0914
101.5  267.5100
102.0  262.7152
102.5  249.4510
103.0  231.3163
103.5  214.2674
104.0  203.9911
104.5  203.4805
105.0  212.0154
105.5  225.8731
106.0  240.1117
106.5  250.3851
107.0  254.0957
107.5  250.7887
108.0  242.0213
108.5  230.9255
109.0  221.5064
109.5  217.6265
110.0  221.7418
110.5  233.7395
111.0  250.4635
111.5  266.4391
112.0  275.7991
112.5  274.7131
113.0  263.1881
113.5  245.2805
114.0  227.4935
114.5  216.0758
115.0  214.5407
115.5  222.5882
116.0  236.7535
116.5  252.1357
117.0  264.1920
117.5  269.9279
118.0  268.3922
118.5  260.7010
119.0  249.7718
119.5  239.7427
120.0  234.9539
120.5  238.5127
121.0  250.8329
121.5  268.8702
122.0  286.7179
122.5  297.6333
123.0  296.7398
123.5  283.1388
124.0  260.3502
124.5  234.8087
125.0  213.1339
125.5  199.5385
126.0  194.5989
126.5  195.7414
127.0  198.8218
127.5  199.8107
128.0  195.9453
128.5  186.2696
129.0  171.7697
129.5  155.2438
130.0  140.8284
130.5  133.0133
131.0  135.1657
131.5  147.9934
132.0  168.7256
132.5  191.6928
133.0  210.3455
133.5  219.9028
134.0  219.3595
134.5  211.8281
135.0  203.0224
135.5  198.6461
136.0  202.0145
136.5  213.0327
137.0  228.7786
137.5  245.0341
138.0  257.8272
138.5  264.4314
139.0  263.8145
139.5  256.7702
140.0  245.8514
140.5  234.9844
141.0  228.5448
141.5  229.8967
142.0  239.8505
142.5  255.8646
143.0  272.6844
143.5  284.4031
144.0  287.0506
144.5  280.4125
145.0  268.1313
145.5  256.0394
146.0  249.5926
146.5  251.7081
147.0  261.9875
147.5  277.4246
148.0  293.8968
148.5  307.5744
149.0  315.7928
149.5  317.4245
150.0  312.9778
150.5  304.5220
151.0  295.3119
151.5  288.9221
152.0  287.9157
152.5  292.5067
153.0  299.9811
153.5  305.4656
154.0  303.9251
154.5  292.4812
155.0  271.8642
155.5  246.2412
156.0  221.5149
156.5  202.9604
157.0  193.3569
157.5  192.4106
158.0  197.4775
158.5  204.9318
159.0  211.4225
159.5  214.6430
160.0  213.6680
160.5  209.0614
161.0  202.8224
161.5  198.0267
162.0  197.9655
162.5  204.8213
163.0  218.3514
163.5  235.3521
164.0  250.4748
164.5  258.2559
165.0  255.4515
165.5  242.5079
166.0  223.4279
166.5  204.1053
167.0  189.9609
167.5  184.0178
168.0  186.2376
168.5  194.1641
169.0  204.2422
169.5  213.0608
170.0  218.1446
170.5  218.3538
171.0  214.0938
171.5  207.3894
172.0  201.6358
172.5  200.7613
173.0  207.7816
173.5  223.2262
174.0  244.3092
174.5  265.5678
175.0  280.9186
175.5  286.1822
176.0  280.7855
176.5  267.7967
177.0  252.3655
177.5  239.4471
178.0  231.9628
178.5  230.1603
179.0  232.1614
179.5  235.0842
180.0  236.0863
180.5  233.0440
181.0  224.9518
181.5  212.2132
182.0  196.8191
182.5  182.1831
183.0  172.3494
183.5  170.5601
184.0  177.6873
184.5  191.4183
185.0  206.9095
185.5  218.8181
186.0  223.7224
186.5  221.6340
187.0  215.8234
187.5  211.1367
188.0  211.7658
188.5  219.6130
189.0  233.9012
189.5  251.8935
190.0  270.0686
190.5  285.1331
191.0  294.6503
191.5  297.3997
192.0  293.6396
192.5  285.2592
193.0  275.5895
193.5  268.5956
194.0  267.4530
194.5  273.0164
195.0  283.0626
195.5  292.9890
196.0  297.8440
196.5  294.6812
197.0  283.9582
197.5  269.2573
198.0  255.5708
198.5  247.1413
199.0  245.9546
199.5  251.4469
200.0  261.2286
200.5  272.1829
201.0  281.3883
201.5  286.6925
202.0  287.0521
202.5  282.7699
203.0  275.5880
203.5  268.4172
204.0  264.4956
204.5  266.0565
205.0  273.0315
205.5  282.5790
206.0  289.9682
206.5  290.5777
207.0  282.0142
207.5  265.2071
208.0  243.9151
208.5  222.9941
209.0  206.4076
209.5  195.9634
210.0  191.1909
210.5  190.0790
211.0  190.0623
211.5  188.8008
212.0  184.6638
212.5  177.0509
213.0  166.6536
213.5  155.5659
214.0  146.9919
214.5  144.3456
215.0  149.8585
215.5  163.2650
216.0  181.3710
216.5  198.9997
217.0  211.0362
217.5  214.5702
218.0  210.0309
218.5  200.7793
219.0  191.4692
219.5  186.0915
220.0  186.6437
220.5  192.8724
221.0  202.8792
221.5  214.0328
222.0  223.7515
222.5  230.0479
223.0  231.9506
223.5  229.8767
224.0  225.8373
224.5  223.1858
225.0  225.6741
225.5  235.9318
226.0  253.9870
226.5  276.7092
227.0  298.7274
227.5  314.5388
228.0  320.7592
228.5  317.3457
229.0  307.2418
229.5  294.7798
230.0  283.7840
230.5  276.3107
231.0  272.4149
231.5  270.6946
232.0  269.0730
232.5  265.4464
233.0  258.1584
233.5  246.4301
234.0  230.7971
234.5  213.3826
235.0  197.6750
235.5  187.5660
236.0  185.8032
236.5  192.5341
237.0  204.8473
237.5  217.8128
238.0  226.6399
238.5  228.8274
239.0  225.1547
239.5  219.0634
240.0  214.8852
240.5  215.9309
241.0  223.3608
241.5  236.1576
242.0  251.8691
242.5  267.5379
243.0  280.4321
243.5  288.5396
244.0  290.9630
244.5  288.2658
245.0  282.6045
245.5  277.3467
246.0  275.9944
246.5  280.6451
247.0  290.7035
247.5  302.6938
248.0  311.5361
248.5  312.7701
249.0  304.5739
249.5  288.5305
250.0  268.8377
250.5  250.4980
251.0  237.4588
251.5  231.5188
252.0  232.2457
252.5  237.5995
253.0  244.7665
253.5  250.8902
254.0  253.6642
254.5  251.8609
255.0  245.7722
255.5  237.3516
256.0  229.7665
256.5  226.2484
257.0  228.5565
257.5  235.7990
258.0  244.3989
258.5  249.4437
259.0  246.8250
259.5  235.0648
260.0  215.9117
260.5  193.5094
261.0  172.6769
261.5  157.1891
262.0  148.7784
262.5  147.0642
263.0  150.1264
263.5  155.2849
264.0  159.8159
264.5  161.5769
265.0  159.5976
265.5  154.5696
266.0  148.9823
266.5  146.5862
267.0  151.0830
267.5  164.4198
268.0  185.5131
268.5  210.2328
269.0  232.8652
269.5  248.3975
270.0  254.4710
270.5  252.0907
271.0  244.9002
271.5  237.5403
272.0  233.9249
272.5  236.1244
273.0  244.0933
273.5  256.0484
274.0  269.1414
274.5  280.1907
275.0  286.4208
275.5  286.2160
276.0  279.7778
276.5  269.3987
277.0  259.0162
277.5  252.9281
278.0  254.0265
278.5  262.3708
279.0  274.9555
279.5  286.9514
280.0  293.8291
280.5  293.2541
281.0  285.8478
281.5  274.6166
282.0  263.5287
282.5  256.0095
283.0  253.9504
283.5  257.4152
284.0  264.8766
284.5  273.7166
285.0  280.8461
285.5  283.4301
286.0  279.7107
286.5  269.7687
287.0  255.8817
287.5  242.0836
288.0  232.7924
288.5  230.9079
289.0  236.3035
289.5  245.6531
290.0  253.8563
290.5  256.3488
291.0  251.0607
291.5  239.0860
292.0  223.9403
292.5  209.9988
293.0  200.9363
293.5  198.7470
294.0  203.4787
294.5  213.4911
295.0  225.9842
295.5  237.6679
296.0  245.5586
296.5  247.8572
297.0  244.7090
297.5  238.4667
298.0  233.0926
298.5  232.6518
299.0  239.4120
299.5  252.5163
300.0  268.0787
300.5  280.7903
301.0  286.1999
301.5  282.4673
302.0  270.8076
302.5  254.6564
303.0  238.1883
303.5  224.9371
304.0  216.9703
304.5  214.6646
305.0  216.8854
305.5  221.3814
306.0  225.3386
306.5  226.1196
307.0  222.1424
307.5  213.6673
308.0  203.0883
308.5  194.3507
309.0  191.4560
309.5  196.5846
310.0  208.8016
310.5  224.1719
311.0  237.3406
311.5  243.7487
312.0  241.3341
312.5  230.9990
313.0  215.8762
313.5  199.9676
314.0  186.8236
314.5  178.6870
315.0  176.1758
315.5  178.3663
316.0  183.1276
316.5  187.6649
317.0  189.2883
317.5  186.3537
318.0  179.1344
318.5  170.2006
319.0  163.8856
319.5  164.7521
320.0  175.5770
320.5  195.8657
321.0  221.8044
321.5  247.7781
322.0  268.6366
322.5  281.5328
323.0  286.5619
323.5  286.1819
324.0  283.9439
324.5  283.1834
325.0  286.1005
325.5  293.3336
326.0  303.9277
326.5  315.5841
327.0  325.1721
327.5  329.5274
328.0  326.4714
328.5  315.7910
329.0  299.7242
329.5  282.5106
330.0  268.9043
330.5  262.1619
331.0  262.5149
331.5  267.0453
332.0  271.1059
332.5  270.4920
333.0  263.1998
333.5  250.0077
334.0  233.8698
334.5  218.6579
335.0  207.8969
335.5  203.8930
336.0  207.3336
336.5  217.2491
337.0  231.2437
337.5  245.9925
338.0  258.0432
338.5  264.8471
339.0  265.7443
339.5  262.4356
340.0  258.5023
340.5  257.9001
341.0  262.9794
341.5  273.0720
342.0  284.5397
342.5  292.3485
343.0  292.2876
343.5  282.6419
344.0  264.6172
344.5  241.6018
345.0  217.8558
345.5  197.2565
346.0  182.4498
346.5  174.4526
347.0  172.6102
347.5  174.8373
348.0  178.1654
348.5  179.6186
349.0  177.3112
349.5  171.4262
350.0  164.5622
350.5  161.0083
351.0  164.9728
351.5  178.4725
352.0  200.0289
352.5  225.0195
353.0  247.5534
353.5  262.8164
354.0  268.6786
354.5  265.9847
355.0  257.7353
355.5  247.7810
356.0  239.6104
356.5  235.5278
357.0  236.2539
357.5  240.8737
358.0  247.0882
358.5  251.7947
359.0  251.9977
359.5  245.9150
360.0  233.9250
360.5  218.8603
361.0  205.2576
361.5  197.6279
362.0  198.4408
362.5  206.8901
363.0  219.2017
363.5  230.3531
364.0  236.2365
364.5  235.1562
365.0  228.1139
365.5  218.0501
366.0  208.6137
366.5  203.0043
367.0  203.1795
367.5  209.4694
368.0  220.5392
368.5  233.6694
369.0  245.3759
369.5  252.3612
370.0  252.6435
370.5  246.4998
371.0  236.7331
371.5  227.8946
372.0  224.5378
372.5  229.1913
373.0  241.0955
373.5  256.4702
374.0  270.2244
374.5  278.1692
375.0  278.6033
375.5  272.6575
376.0  263.5276
376.5  255.1712
377.0  251.0592
377.5  253.3103
378.0  262.2701
378.5  276.4740
379.0  292.9556
379.5  307.9085
380.0  317.6845
380.5  319.9651
381.0  314.7389
381.5  304.5891
382.0  293.9207
382.5  287.2045
383.0  286.9274
383.5  292.3048
384.0  299.5421
384.5  303.5738
385.0  300.3331
385.5  288.3796
386.0  269.2343
386.5  246.5431
387.0  224.6812
387.5  207.4255
388.0  197.0477
388.5  193.9029
389.0  196.4562
389.5  201.7054
390.0  205.9868
390.5  206.0983
391.0  200.5103
391.5  190.2288
392.0  178.7971
392.5  171.1435
393.0  171.5296
393.5  181.4774
394.0  198.7903
394.5  218.3080
395.0  234.0492
395.5  241.6003
396.0  239.5879
396.5  229.7447
397.0  215.8652
397.5  202.3266
398.0  192.7732
398.5  189.2554
399.0  191.8579
399.5  198.7685
400.0  206.7610
400.5  212.0829
401.0  211.6604
401.5  204.3472
402.0  191.7483
402.5  178.1057
403.0  168.9994
403.5  169.1840
404.0  180.4784
404.5  200.8159
405.0  225.0409
405.5  247.0632
406.0  262.2255
406.5  268.7622
407.0  267.9037
407.5  262.9196
408.0  257.7364
408.5  255.6761
409.0  258.5829
409.5  266.3971
410.0  277.1685
410.5  287.5198
411.0  293.5614
411.5  292.1426
412.0  282.1296
412.5  265.2135
413.0  245.7422
413.5  229.3707
414.0  220.8916
414.5  222.1821
415.0  231.3367
415.5  243.5166
416.0  253.0905
416.5  255.9352
417.0  250.8263
417.5  239.5032
418.0  225.7004
418.5  213.7553
419.0  207.3211
419.5  208.4581
420.0  217.1758
420.5  231.4351
421.0  247.6265
421.5  261.5193
422.0  269.5599
422.5  270.1913
423.0  264.6827
423.5  256.9506
424.0  252.1723
424.5  254.5837
425.0  265.4345
425.5  282.1908
426.0  299.5062
426.5  311.4805
427.0  314.0208
427.5  306.1982
428.0  290.2153
428.5  270.3300
429.0  251.3909
429.5  237.5165
430.0  231.1697
430.5  232.6823
431.0  240.2376
431.5  250.3390
432.0  258.7711
432.5  261.9265
433.0  258.1625
433.5  248.6670
434.0  237.3148
434.5  229.3056
435.0  228.9517
435.5  237.5651
436.0  252.5706
436.5  268.4388
437.0  279.0028
437.5  279.9273
438.0  270.1423
438.5  251.8127
439.0  229.2128
439.5  207.2025
440.0  189.8618
440.5  179.5451
441.0  176.4186
441.5  178.5004
442.0  182.2323
442.5  183.5647
443.0  179.3782
443.5  168.8401
444.0  154.1274
444.5  140.0121
445.0  132.2007
445.5  134.9453
446.0  148.9934
446.5  170.9952
447.0  194.8036
447.5  214.0246
448.0  224.4747
448.5  225.4178
449.0  219.3041
449.5  210.4990
450.0  203.7227
450.5  202.7175
451.0  209.3564
451.5  223.2395
452.0  241.7938
452.5  260.9053
453.0  276.0518
453.5  283.7395
454.0  282.8322
454.5  275.2254
455.0  265.4141
455.5  258.8889
456.0  259.8691
456.5  269.3606
457.0  284.5642
457.5  300.0465
458.0  310.0937
458.5  311.0134
459.0  302.3279
459.5  286.5770
460.0  268.1531
460.5  251.8156
461.0  241.3692
461.5  238.7370
462.0  243.5196
462.5  253.0982
463.0  263.3208
463.5  269.7139
464.0  268.9794
464.5  260.3187
465.0  246.0220
465.5  230.9011
466.0  220.5632
466.5  219.0999
467.0  227.2094
467.5  241.7495
468.0  257.0543
468.5  267.3561
469.0  269.0544
469.5  261.8219
470.0  248.3265
470.5  233.0227
471.0  220.6550
471.5  214.9362
472.0  217.6261
472.5  228.1018
473.0  243.4834
473.5  259.3536
474.0  271.0089
474.5  274.9926
475.0  270.4491
475.5  259.7228
476.0  247.7641
476.5  240.3263
477.0  241.5378
477.5  251.9178
478.0  267.9083
478.5  283.3045
479.0  291.8899
479.5  289.9065
480.0  277.2392
480.5  257.0661
481.0  234.4782
481.5  214.7914
482.0  202.0826
482.5  198.2031
483.0  202.3702
483.5  211.3896
484.0  220.5214
484.5  224.8943
485.0  221.1730
485.5  208.9659
486.0  191.3612
486.5  174.1545
487.0  163.8049
487.5  164.7963
488.0  177.5637
488.5  198.1007
489.0  219.5797
489.5  235.1831
490.0  240.6849
490.5  235.6501
491.0  223.0467
491.5  207.8179
492.0  195.1562
492.5  189.0090
493.0  191.0786
493.5  200.4242
494.0  213.7202
494.5  226.1714
495.0  232.9641
495.5  230.9288
496.0  219.8915
496.5  203.1220
497.0  186.4905
497.5  176.4233
498.0  177.3433
498.5  189.7209
499.0  209.7726
499.5  231.0729
500.0  247.2653
500.5  254.4879
501.0  252.4729
501.5  244.1526
502.0  234.2886
502.5  227.8091
503.0  228.3585
503.5  237.3295
504.0  253.4997
504.5  273.3325
505.0  291.9225
505.5  304.4365
506.0  307.7086
506.5  301.4798
507.0  288.7494
507.5  274.9260
508.0  265.9109
508.5  265.7638
509.0  274.9572
509.5  290.1217
510.0  305.4884
510.5  315.3052
511.0  316.0211
511.5  307.3340
512.0  291.9227
512.5  274.2657
513.0  259.1212
513.5  250.1329
514.0  248.8518
514.5  254.3398
515.0  263.4385
515.5  271.6877
516.0  274.7294
516.5  269.8405
517.0  257.0823
517.5  239.5557
518.0  222.4886
518.5  211.3235
519.0  209.4785
519.5  216.7812
520.0  229.4254
520.5  241.5620
521.0  247.7285
521.5  244.9129
522.0  233.4177
522.5  216.4224
523.0  198.6896
523.5  184.9998
524.0  178.7774
524.5  181.1917
525.0  190.8785
525.5  204.3363
526.0  216.9454
526.5  224.4182
527.0  224.3086
527.5  217.0752
528.0  206.2140
528.5  197.2232
529.0  195.6022
529.5  204.5645
530.0  223.4596
530.5  247.7591
531.0  270.7402
531.5  286.0664
532.0  290.0196
532.5  282.4906
533.0  266.5911
533.5  247.3263
534.0  229.9301
534.5  218.3533
535.0  214.2315
535.5  216.5214
536.0  221.8898
536.5  225.8079
537.0  224.1222
537.5  214.6713
538.0  198.3775
538.5  179.2977
539.0  163.4294
539.5  156.5485
540.0  161.8571
540.5  178.4910
541.0  201.7109
541.5  224.7864
542.0  241.6399
542.5  248.9682
543.0  247.0273
543.5  239.0588
544.0  229.8666
544.5  224.1515
545.0  225.0742
545.5  233.3428
546.0  246.9948
546.5  261.9328
547.0  273.1363
547.5  276.2898
548.0  269.3707
548.5  253.6219
549.0  233.4261
549.5  214.9438
550.0  203.8910
550.5  203.3033
551.0  212.3103
551.5  226.5822
552.0  240.2714
552.5  248.4613
553.0  248.9684
553.5  242.8639
554.0  233.7895
554.5  226.5546
555.0  225.5576
555.5  233.4488
556.0  250.3116
556.5  273.5379
557.0  298.4579
557.5  319.6403
558.0  332.5673
558.5  335.1846
559.0  328.7226
559.5  317.3359
560.0  306.5321
560.5  300.9152
561.0  302.1887
561.5  308.3882
562.0  314.7858
562.5  316.0282
563.0  308.4180
563.5  291.3078
564.0  267.1973
564.5  240.7712
565.0  217.4042
565.5  201.6270
566.0  195.9069
566.5  199.9815
567.0  210.8977
567.5  223.8082
568.0  233.4129
568.5  235.7106
569.0  229.5072
569.5  217.0533
570.0  203.3855
570.5  194.4325
571.0  194.5330
571.5  204.4242
572.0  220.7124
572.5  237.1886
573.0  247.3743
573.5  247.0349
574.0  235.5611
574.5  215.8688
575.0  193.1741
575.5  173.2763
576.0  160.9012
576.5  158.4577
577.0  165.4197
577.5  178.4549
578.0  192.3362
578.5  201.5225
579.0  202.0686
579.5  193.2721
580.0  178.3548
580.5  163.6641
581.0  156.4394
581.5  161.8975
582.0  180.9095
582.5  209.4523
583.0  240.2061
583.5  265.5116
584.0  280.2081
584.5  283.1332
585.0  276.9532
585.5  266.7775
586.0  258.2881
586.5  255.9848
587.0  261.9115
587.5  275.0570
588.0  291.5367
588.5  305.5861
589.0  311.2581
589.5  304.4724
590.0  284.7851
590.5  256.0946
591.0  225.7176
591.5  201.9045
592.0  190.6791
592.5  193.4146
593.0  206.3753
593.5  222.5022
594.0  234.5082
594.5  237.7196
595.0  231.4711
595.5  218.8048
596.0  204.9936
596.5  195.6415
597.0  194.9606
597.5  204.5743
598.0  223.0267
598.5  246.0779
599.0  267.7788
599.5  282.1760
600.0  285.2698
600.5  276.6048
601.0  259.7878
601.5  241.4695
602.0  228.9337
602.5  227.1678
603.0  236.7375
603.5  253.5764
604.0  270.8624
604.5  282.0057
605.0  283.2457
605.5  274.7902
606.0  260.3442
606.5  245.5662
607.0  236.1712
607.5  236.2394
608.0  247.0711
608.5  266.7664
609.0  290.6198
609.5  312.3160
610.0  325.7581
610.5  327.1059
611.0  316.3516
611.5  297.6758
612.0  278.1438
612.5  265.0025
613.0  262.6275
613.5  270.5599
614.0  283.6897
614.5  294.5414
615.0  296.4730
615.5  286.2157
616.0  264.7765
616.5  236.6944
617.0  208.2902
617.5  185.6599
618.0  172.9683
618.5  171.3640
619.0  178.6859
619.5  190.0349
620.0  199.1722
620.5  200.5154
621.0  191.2235
621.5  172.6101
622.0  150.1259
622.5  131.6005
623.0  124.2381
623.5  131.5954
624.0  151.9586
624.5  178.9665
625.0  204.2090
625.5  220.5149
626.0  224.4184
626.5  216.9343
627.0  202.7051
627.5  188.1697
628.0  179.4921
628.5  180.7950
629.0  193.0246
629.5  213.6299
630.0  237.1466
630.5  256.6629
631.0  265.9461
631.5  261.7105
632.0  245.2183
632.5  222.3685
633.0  201.8782
633.5  192.0279
634.0  197.2923
634.5  216.4411
635.0  243.0952
635.5  268.4799
636.0  284.9723
636.5  288.7826
637.0  280.8181
637.5  265.8041
638.0  250.3716
638.5  240.8995
639.0  241.6794
639.5  253.7369
640.0  274.4918
640.5  298.3505
641.0  318.2036
641.5  327.5994
642.0  323.0532
642.5  305.6585
643.0  281.1362
643.5  257.9414
644.0  243.9634
644.5  243.2139
645.0  254.1098
645.5  270.2495
646.0  283.2844
646.5  286.3960
647.0  276.7565
647.5  256.1434
648.0  229.8921
648.5  204.9277
649.0  187.6425
649.5  182.1428
650.0  189.1712
650.5  205.8780
651.0  226.5260
651.5  244.0934
652.0  252.5055
652.5  248.9076
653.0  235.0969
653.5  217.2773
654.0  203.8684
654.5  202.0738
655.0  214.7129
655.5  238.8840
656.0  267.1720
656.5  290.7733
657.0  302.9431
657.5  301.2125
658.0  287.7194
658.5  267.9704
659.0  248.8157
659.5  236.3650
660.0  234.3210
660.5  243.0041
661.0  259.2271
661.5  277.0993
662.0  289.7024
662.5  291.3393
663.0  279.7315
663.5  257.2896
664.0  230.6775
664.5  208.5060
665.0  197.9274
665.5  201.6130
666.0  216.5862
666.5  235.5281
667.0  249.9028
667.5  253.3390
668.0  243.7671
668.5  223.6843
669.0  198.8683
669.5  176.3139
670.0  162.1208
670.5  159.8185
671.0  169.4112
671.5  187.3053
672.0  207.1939
672.5  221.8262
673.0  225.3372
673.5  215.4846
674.0  194.8892
674.5  170.4935
675.0  151.1138
675.5  143.9313
676.0  151.4876
676.5  170.6659
677.0  194.1803
677.5  213.7757
678.0  223.5125
678.5  221.7051
679.0  211.0173
679.5  197.1154
680.0  186.6504
680.5  185.2500
681.0  195.9524
681.5  218.3336
682.0  248.4800
682.5  279.8751
683.0  305.1323
683.5  318.2572
684.0  316.8105
684.5  303.1020
685.0  283.6699
685.5  266.9202
686.0  259.7433
686.5  264.6101
687.0  278.5940
687.5  294.8372
688.0  305.6808
688.5  305.8539
689.0  294.3045
689.5  274.1969
690.0  251.4977
690.5  232.9374
691.0  224.0270
691.5  227.5584
692.0  242.8316
692.5  265.7497
693.0  289.8316
693.5  308.0321
694.0  314.9917
694.5  309.0312
695.0  293.0287
695.5  273.5523
696.0  258.3290
696.5  253.0194
697.0  258.7671
697.5  271.7325
698.0  284.8632
698.5  290.9945
699.0  285.7428
699.5  268.9562
700.0  244.4127
700.5  218.2651
701.0  197.0107
701.5  185.6185
702.0  186.1951
702.5  197.3983
703.0  214.7155
703.5  231.6269
704.0  241.5077
704.5  239.8632
705.0  226.1877
705.5  204.6049
706.0  182.7114
706.5  168.7905
707.0  168.4381
707.5  182.1335
708.0  204.9858
708.5  228.8480
709.0  245.7363
709.5  250.8663
710.0  244.0374
710.5  229.1410
711.0  212.4107
711.5  200.2623
712.0  197.3755
712.5  205.3927
713.0  222.4327
713.5  243.5200
714.0  261.9199
714.5  271.1840
715.0  267.4257
715.5  251.0575
716.0  227.1387
716.5  203.8599
717.0  189.5136
717.5  189.1604
718.0  202.5249
718.5  224.1668
719.0  245.8603
719.5  259.9927
720.0  262.3668
720.5  253.3192
721.0  237.0570
721.5  219.8537
722.0  207.9143
722.5  205.5245
723.0  213.8438
723.5  230.5312
724.0  250.2853
724.5  266.2617
725.0  272.1432
725.5  264.3731
726.0  243.7874
726.5  215.8311
727.0  188.9350
727.5  171.4491
728.0  168.3501
728.5  179.2342
729.0  198.6010
729.5  218.3234
730.0  231.0748
730.5  233.0811
731.0  225.1342
731.5  211.8164
732.0  199.6124
732.5  194.7278
733.0  201.2303
733.5  219.8721
734.0  247.7856
734.5  279.1235
735.0  306.5813
735.5  323.5469
736.0  326.3595
736.5  315.9017
737.0  297.7097
737.5  280.1928
738.0  271.4094
738.5  275.7036
739.0  291.7841
739.5  313.2447
740.0  331.3149
740.5  338.4798
741.0  331.2765
741.5  311.2207
742.0  283.8789
742.5  256.8056
743.0  237.1906
743.5  229.8473
744.0  235.9286
744.5  252.5961
745.0  273.7301
745.5  291.6101
746.0  299.2692
746.5  292.9395
747.0  273.7347
747.5  247.6852
748.0  223.7148
748.5  210.1119
749.0  210.9748
749.5  224.3551
750.0  243.0818
750.5  257.8739
751.0  261.1660
751.5  249.8535
752.0  225.9905
752.5  195.6050
753.0  166.4681
753.5  145.6967
754.0  137.7991
754.5  143.5169
755.0  159.6512
755.5  179.9320
756.0  196.8166
756.5  203.8753
757.0  198.1422
757.5  181.5718
758.0  160.7822
758.5  144.8030
759.0  141.4993
759.5  154.1845
760.0  180.0650
760.5  211.3524
761.0  238.5219
761.5  254.0910
762.0  255.1896
762.5  244.0651
763.0  226.7729
763.5  210.8992
764.0  203.1706
764.5  207.5356
765.0  224.0702
765.5  248.9056
766.0  275.2307
766.5  295.2300
767.0  302.5554
767.5  294.6546
768.0  274.0765
768.5  247.9876
769.0  225.7354
769.5  215.2419
770.0  219.7618
770.5  236.5614
771.0  258.2102
771.5  275.8473
772.0  282.7884
772.5  276.8415
773.0  260.6115
773.5  240.1172
774.0  222.5656
774.5  214.0875
775.0  217.9693
775.5  233.6977
776.0  256.9975
776.5  280.9046
777.0  297.7219
777.5  301.4501
778.0  290.0073
778.5  266.3710
779.0  237.9211
779.5  213.8963
780.0  201.8111
780.5  204.3834
781.0  218.4523
781.5  236.4628
782.0  249.7887
782.5  252.2555
783.0  242.2995
783.5  223.1237
784.0  201.2200
784.5  184.1044
785.0  178.0486
785.5  186.3216
786.0  208.2531
786.5  239.2972
787.0  272.1476
787.5  298.7462
788.0  312.7682
788.5  311.8731
789.0  298.8367
789.5  280.8366
790.0  266.8302
790.5  263.9332
791.0  274.3859
791.5  294.5738
792.0  316.6087
792.5  331.6802
793.0  333.5368
793.5  320.5825
794.0  296.0011
794.5  266.2941
795.0  239.0597
795.5  220.7599
796.0  214.9653
796.5  221.3854
797.0  235.8843
797.5  251.5581
798.0  260.7386
798.5  257.5040
799.0  239.9654
799.5  211.4078
800.0  179.5341
800.5  153.7567
801.0  141.4912
801.5  145.0920
802.0  160.9199
802.5  181.0194
803.0  196.5628
803.5  201.3662
804.0  193.9504
804.5  177.5749
805.0  158.6657
805.5  144.4996
806.0  140.9244
806.5  150.6400
807.0  172.3678
807.5  201.0944
808.0  229.4014
808.5  249.6409
809.0  256.4331
809.5  248.7047
810.0  230.4101
810.5  209.3701
811.0  194.4146
811.5  191.9047
812.0  203.1748
812.5  224.1049
813.0  247.0170
813.5  263.9484
814.0  269.7407
814.5  263.6796
815.0  249.3153
815.5  232.9223
816.0  221.3597
816.5  219.9875
817.0  231.0833
817.5  253.0750
818.0  280.8026
818.5  306.8570
819.0  323.7707
819.5  326.5131
820.0  314.4686
820.5  292.0068
821.0  267.1229
821.5  248.4410
822.0  241.7802
822.5  247.8477
823.0  262.1436
823.5  277.0727
824.0  285.1892
824.5  282.0601
825.0  267.6350
825.5  245.8918
826.0  223.2523
826.5  206.4971
827.0  200.7774
827.5  208.1284
828.0  226.7849
828.5  251.5109
829.0  274.9900
829.5  290.0366
830.0  292.0539
830.5  280.8914
831.0  261.2304
831.5  241.0432
832.0  228.5193
832.5  228.7164
833.0  241.4711
833.5  261.5395
834.0  280.8513
834.5  291.7574
835.0  289.8047
835.5  275.0086
836.0  251.4518
836.5  225.7042
837.0  204.7580
837.5  194.0396
838.0  195.8937
838.5  208.8533
839.0  227.9314
839.5  246.0047
840.0  256.0558
840.5  253.6923
841.0  239.0655
841.5  217.2653
842.0  196.6933
842.5  185.8134
843.0  189.6234
843.5  207.5051
844.0  233.4875
844.5  258.7438
845.0  275.0630
845.5  277.7179
846.0  266.6979
846.5  246.2012
847.0  222.9559
847.5  204.0893
848.0  195.1027
848.5  198.3354
849.0  212.2311
849.5  231.6530
850.0  249.3132
850.5  258.0621
851.0  253.4239
851.5  235.4859
852.0  209.2450
852.5  182.9795
853.0  165.0956
853.5  160.7667
854.0  169.9127
854.5  187.4490
855.0  205.6117
855.5  217.1804
856.0  218.1316
856.5  208.7571
857.0  193.1473
857.5  177.5649
858.0  168.3895
858.5  170.1826
859.0  184.2770
859.5  208.2249
860.0  236.3320
860.5  261.2748
861.0  276.4479
861.5  278.3331
862.0  267.9826
862.5  250.8356
863.0  234.6988
863.5  226.6111
864.0  229.9757
864.5  243.2751
865.0  260.9069
865.5  275.6632
866.0  281.6612
866.5  276.4740
867.0  261.7699
867.5  242.5243
868.0  225.3361
868.5  216.4487
869.0  219.9441
869.5  236.4812
870.0  262.9076
870.5  292.9633
871.0  319.0326
871.5  334.5402
872.0  336.2530
872.5  325.5854
873.0  308.1909
873.5  291.7604
874.0  282.8437
874.5  284.1179
875.0  293.3754
875.5  304.6436
876.0  310.8123
876.5  306.5098
877.0  290.0304
877.5  263.7496
878.0  233.1884
878.5  205.2780
879.0  186.3824
879.5  180.5063
880.0  188.0612
880.5  205.5549
881.0  226.4528
881.5  243.1401
882.0  249.4947
882.5  243.2128
883.0  226.9115
883.5  207.3199
884.0  192.6519
884.5  189.2107
885.0  198.7922
885.5  218.0701
886.0  240.1222
886.5  257.2449
887.0  263.7589
887.5  257.7414
888.0  241.2915
888.5  219.5786
889.0  199.2012
889.5  186.3288
890.0  184.9628
890.5  195.6541
891.0  215.0781
891.5  236.7929
892.0  253.1788
892.5  258.0695
893.0  249.1700
893.5  229.2252
894.0  205.2278
894.5  185.7737
895.0  177.6369
895.5  183.1305
896.0  199.4203
896.5  219.9583
897.0  237.2209
897.5  245.4864
898.0  242.5877
898.5  230.2304
899.0  213.1122
899.5  197.3685
900.0  188.7994
900.5  191.1839
901.0  204.9933
901.5  226.9124
902.0  250.5418
902.5  268.3256
903.0  274.2167
903.5  266.1174
904.0  246.9910
904.5  223.9324
905.0  205.3909
905.5  197.7406
906.0  202.8130
906.5  217.4903
907.0  235.3636
907.5  249.5012
908.0  255.0320
908.5  250.5841
909.0  238.3274
909.5  222.9604
910.0  210.1811
910.5  205.0526
911.0  210.5228
911.5  226.3709
912.0  248.9473
912.5  272.0157
913.0  288.6748
913.5  293.8363
914.0  286.3226
914.5  269.5874
915.0  250.5137
915.5  236.6486
916.0  233.1079
916.5  240.6119
917.0  255.4955
917.5  271.5084
918.0  282.4408
918.5  284.4013
919.0  276.9479
919.5  262.9156
920.0  247.3061
920.5  235.7522
921.0  232.9339
921.5  241.1944
922.0  259.6193
922.5  283.9280
923.0  307.4565
923.5  323.1696
924.0  326.1548
924.5  315.6488
925.0  295.6132
925.5  273.3533
926.0  256.5981
926.5  250.3331
927.0  254.8749
927.5  266.0135
928.0  276.9900
928.5  281.2691
929.0  274.8821
929.5  257.5398
930.0  232.4036
930.5  204.9239
931.0  181.2623
931.5  166.6596
932.0  163.9826
932.5  172.7350
933.0  188.9160
933.5  206.0249
934.0  217.1292
934.5  217.4008
935.0  206.1478
935.5  187.3683
936.0  168.3544
936.5  156.7743
937.0  157.5078
937.5  170.7110
938.0  191.9504
938.5  214.1908
939.0  230.5883
939.5  236.8411
940.0  232.2927
940.5  219.7024
941.0  204.1104
941.5  191.3161
942.0  186.3062
942.5  191.8397
943.0  207.4567
943.5  229.2943
944.0  251.0202
944.5  265.8291
945.0  268.9341
945.5  259.5983
946.0  241.7306
946.5  222.5541
947.0  209.7497
947.5  208.3266
948.0  218.6795
948.5  236.6714
949.0  255.5472
949.5  268.6692
950.0  271.8543
950.5  264.5069
951.0  249.4318
951.5  231.7188
952.0  217.1994
952.5  210.8228
953.0  215.2002
953.5  229.6302
954.0  250.0054
954.5  269.8771
955.0  282.5465
955.5  283.5486
956.0  272.5503
956.5  253.7333
957.0  234.2714
957.5  221.4225
958.0  219.5359
958.5  228.3732
959.0  243.4517
959.5  258.0970
960.0  266.1489
960.5  264.1391
961.0  252.2249
961.5  233.8487
962.0  214.5438
962.5  200.3532
963.0  196.1780
963.5  204.3155
964.0  223.5575
964.5  249.2769
965.0  274.7176
965.5  293.2214
966.0  300.6435
966.5  296.9863
967.0  286.4617
967.5  275.7880
968.0  271.3634
968.5  276.5688
969.0  290.4233
969.5  308.1155
970.0  323.0326
970.5  329.2980
971.0  323.7624
971.5  306.8332
972.0  282.1344
972.5  255.3663
973.0  232.7613
973.5  219.4089
974.0  217.7221
974.5  226.4787
975.0  240.9243
975.5  254.1675
976.0  259.5542
976.5  253.1994
977.0  235.6463
977.5  211.8481
978.0  189.3092
978.5  175.0914
979.0  173.0140
979.5  182.3066
980.0  198.2119
980.5  214.0834
981.0  223.9198
981.5  224.2889
982.0  215.0952
982.5  199.2588
983.0  181.6989
983.5  167.9706
984.0  162.7428
984.5  168.3168
985.0  183.5976
985.5  204.0632
986.0  223.0371
986.5  233.9945
987.0  233.0600
987.5  220.6353
988.0  201.3654
988.5  182.3417
989.0  170.2823
989.5  168.9560
990.0  177.9736
990.5  193.3395
991.0  209.3228
991.5  220.7066
992.0  224.5041
992.5  220.6645
993.0  211.8238
993.5  202.4338
994.0  197.5552
994.5  201.4542
995.0  216.1757
995.5  240.4944
996.0  269.7996
996.5  297.2638
997.0  316.0782
997.5  321.9579
998.0  314.8520
998.5  299.0248
999.0  281.3440
999.5  268.4774
1000.0  264.2747
