0.0  1.31019064
0.5  1.31272492
1.0  1.31196823
1.5  1.31250555
2.0  1.32097656
2.5  1.34177504
3.0  1.37340920
3.5  1.40821238
4.0  1.43553127
4.5  1.44690892
5.0  1.43899779
5.5  1.41448633
6.0  1.37927422
6.5  1.34011635
7.0  1.30239825
7.5  1.27057252
8.0  1.24775766
8.5  1.23568327
9.0  1.23426012
9.5  1.24103609
10.0  1.25106376
10.5  1.25818551
11.0  1.25840037
11.5  1.25239785
12.0  1.24531815
12.5  1.24535760
13.0  1.25843352
13.5  1.28433590
14.0  1.31679676
14.5  1.34642394
15.0  1.36485621
15.5  1.36853088
16.0  1.35925543
16.5  1.34193115
17.0  1.32254486
17.5  1.30577060
18.0  1.29544623
18.5  1.29358072
19.0  1.30090417
19.5  1.31619056
20.0  1.33564711
20.5  1.35395049
21.0  1.36466384
21.5  1.36296939
22.0  1.35070975
22.5  1.33459090
23.0  1.32146584
23.5  1.31831083
24.0  1.32619357
24.5  1.33930661
25.0  1.34957522
25.5  1.34948201
26.0  1.33678209
26.5  1.31470493
27.0  1.28829298
27.5  1.26311157
28.0  1.24400967
28.5  1.23371844
29.0  1.23374725
29.5  1.24338097
30.0  1.26131666
30.5  1.28330083
31.0  1.30367478
31.5  1.31722850
32.0  1.32104388
32.5  1.31721185
33.0  1.31219111
33.5  1.31479879
34.0  1.33019462
34.5  1.35849864
35.0  1.39354958
35.5  1.42683454
36.0  1.44982464
36.5  1.45804534
37.0  1.45158594
37.5  1.43607751
38.0  1.41658677
38.5  1.39719503
39.0  1.38049657
39.5  1.36883413
40.0  1.36270126
40.5  1.35956217
41.0  1.35561701
41.5  1.34559947
42.0  1.32583692
42.5  1.29582628
43.0  1.25980068
43.5  1.22819305
44.0  1.21128617
44.5  1.21320406
45.0  1.23492000
45.5  1.27072985
46.0  1.31082529
46.5  1.34642462
47.0  1.37177474
47.5  1.38648430
48.0  1.39331554
48.5  1.39540038
49.0  1.39615134
49.5  1.39720930
50.0  1.40011440
50.5  1.40414317
51.0  1.40548614
51.5  1.40139417
52.0  1.38609123
52.5  1.35638928
53.0  1.31411676
53.5  1.26636399
54.0  1.22421796
54.5  1.19906471
55.0  1.19737414
55.5  1.21782537
56.0  1.25326452
56.5  1.29334768
57.0  1.32780595
57.5  1.35074961
58.0  1.35994385
58.5  1.35728911
59.0  1.34687018
59.5  1.33313302
60.0  1.31963523
60.5  1.31079492
61.0  1.30688691
61.5  1.30799549
62.0  1.30805255
62.5  1.30273506
63.0  1.28747474
63.5  1.26435876
64.0  1.23878545
64.5  1.22216318
65.0  1.22337996
65.5  1.24687078
66.0  1.28811292
66.5  1.33767465
67.0  1.38431114
67.5  1.41707763
68.0  1.43194731
68.5  1.42880630
69.0  1.41251113
69.5  1.38807175
70.0  1.36106254
70.5  1.33711699
71.0  1.32000152
71.5  1.31027819
72.0  1.30535591
72.5  1.29870459
73.0  1.28462032
73.5  1.25916934
74.0  1.22461254
74.5  1.18956985
75.0  1.16793686
75.5  1.16913844
76.0  1.19882511
76.5  1.25057268
77.0  1.31642778
77.5  1.38158263
78.0  1.43374906
78.5  1.46617963
79.0  1.47750132
79.5  1.47136299
80.0  1.45193476
80.5  1.42673819
81.0  1.40240457
81.5  1.38300906
82.0  1.37052179
82.5  1.36132653
83.0  1.35111959
83.5  1.33261827
84.0  1.30290709
84.5  1.26582651
85.0  1.23101076
85.5  1.21065571
86.0  1.21539635
86.5  1.24582359
87.0  1.29533071
87.5  1.35142569
88.0  1.39976920
88.5  1.43067372
89.0  1.43991292
89.5  1.42993324
90.0  1.40690220
90.5  1.37960529
91.0  1.35545590
91.5  1.34112495
92.0  1.34027689
92.5  1.35112366
93.0  1.36636990
93.5  1.37675441
94.0  1.37353565
94.5  1.35333576
95.0  1.32054048
95.5  1.28625889
96.0  1.26552449
96.5  1.26813143
97.0  1.29658626
97.5  1.34416649
98.0  1.39625502
98.5  1.43899679
99.0  1.46204930
99.5  1.46087807
100.0  1.43850268
100.5  1.40270017
101.0  1.36225835
101.5  1.32596761
102.0  1.30133377
102.5  1.29182816
103.0  1.29543056
103.5  1.30525866
104.0  1.31182289
104.5  1.30610006
105.0  1.28409832
105.5  1.25141438
106.0  1.22073689
106.5  1.20627614
107.0  1.21579533
107.5  1.24987365
108.0  1.29953626
108.5  1.35124695
109.0  1.39096855
109.5  1.40860142
110.0  1.40118433
110.5  1.37337594
111.0  1.33430868
111.5  1.29581521
112.0  1.26746772
112.5  1.25757298
113.0  1.26909723
113.5  1.29741167
114.0  1.33237536
114.5  1.36149254
115.0  1.37408158
115.5  1.36624641
116.0  1.34278199
116.5  1.31740405
117.0  1.30273238
117.5  1.30779015
118.0  1.33372008
118.5  1.37224344
119.0  1.41129069
119.5  1.43909526
120.0  1.44789782
120.5  1.43637654
121.0  1.40819781
121.5  1.37103912
122.0  1.33447752
122.5  1.30932874
123.0  1.30069278
123.5  1.30964684
124.0  1.33045956
124.5  1.35254477
125.0  1.36424821
125.5  1.35648203
126.0  1.32853319
126.5  1.28945838
127.0  1.25384885
127.5  1.23502296
128.0  1.24053188
128.5  1.26834465
129.0  1.31074803
129.5  1.35551570
130.0  1.39190510
130.5  1.41264592
131.0  1.41566078
131.5  1.40599672
132.0  1.39235543
132.5  1.38297723
133.0  1.38462597
133.5  1.40207132
134.0  1.43376503
134.5  1.47203231
135.0  1.50304298
135.5  1.51311029
136.0  1.49370327
136.5  1.44636909
137.0  1.38217321
137.5  1.31961268
138.0  1.27423605
138.5  1.25215974
139.0  1.25244316
139.5  1.26771159
140.0  1.28746628
140.5  1.30177273
141.0  1.30270919
141.5  1.29044383
142.0  1.27145191
142.5  1.25206478
143.0  1.23949782
143.5  1.24052421
144.0  1.25943235
144.5  1.29474571
145.0  1.33773485
145.5  1.37486612
146.0  1.39312719
146.5  1.38617269
147.0  1.35658801
147.5  1.31603665
148.0  1.28203022
148.5  1.26840099
149.0  1.28207139
149.5  1.31947049
150.0  1.37019140
150.5  1.42097641
151.0  1.46101019
151.5  1.48275809
152.0  1.48591609
152.5  1.47292339
153.0  1.44959340
153.5  1.42391852
154.0  1.40381907
154.5  1.39296436
155.0  1.39115709
155.5  1.39195093
156.0  1.38517222
156.5  1.35962208
157.0  1.31047005
157.5  1.24450893
158.0  1.17645484
158.5  1.12345384
159.0  1.09893558
159.5  1.10694497
160.0  1.14387515
160.5  1.19757188
161.0  1.25459529
161.5  1.30414017
162.0  1.33985856
162.5  1.36019185
163.0  1.36887183
163.5  1.37313008
164.0  1.37997815
164.5  1.39538716
165.0  1.42304800
165.5  1.45979709
166.0  1.49606163
166.5  1.51903595
167.0  1.51676382
167.5  1.48370910
168.0  1.42587856
168.5  1.35980186
169.0  1.30428802
169.5  1.27323150
170.0  1.27282228
170.5  1.29790439
171.0  1.33859566
171.5  1.38031535
172.0  1.41316495
172.5  1.42770345
173.0  1.42395190
173.5  1.40385351
174.0  1.37648899
174.5  1.34974705
175.0  1.33187947
175.5  1.32857856
176.0  1.33815451
176.5  1.35204608
177.0  1.35945033
177.5  1.35062606
178.0  1.32094400
178.5  1.27607459
179.0  1.23006367
179.5  1.20181408
180.0  1.19971886
180.5  1.22971486
181.0  1.28304551
181.5  1.34861707
182.0  1.41176145
182.5  1.45743858
183.0  1.48364850
183.5  1.48287729
184.0  1.46584194
184.5  1.43407592
185.0  1.40501304
185.5  1.38172859
186.0  1.37336625
186.5  1.37746095
187.0  1.38725324
187.5  1.38920113
188.0  1.37366260
188.5  1.33679252
189.0  1.28607923
189.5  1.23528093
190.0  1.20094230
190.5  1.19244133
191.0  1.21574127
191.5  1.25980390
192.0  1.31544275
192.5  1.36500291
193.0  1.40093573
193.5  1.41440271
194.0  1.40460348
194.5  1.37858128
195.0  1.34107981
195.5  1.31046244
196.0  1.28834316
196.5  1.28869171
197.0  1.30052354
197.5  1.32484285
198.0  1.33893816
198.5  1.33889118
199.0  1.31665591
199.5  1.28192623
200.0  1.24786565
200.5  1.22929664
201.0  1.23464834
201.5  1.26525846
202.0  1.31094106
202.5  1.36373191
203.0  1.40508076
203.5  1.43291261
204.0  1.43414914
204.5  1.41828034
205.0  1.38341342
205.5  1.34608215
206.0  1.31298066
206.5  1.29666665
207.0  1.30088919
207.5  1.31973560
208.0  1.34961964
208.5  1.36757225
209.0  1.37357205
209.5  1.35071619
210.0  1.32144715
210.5  1.28660146
211.0  1.27215901
211.5  1.27647394
212.0  1.30418514
212.5  1.34494460
213.0  1.38661902
213.5  1.41814294
214.0  1.43127177
214.5  1.42221409
215.0  1.39776514
215.5  1.35791245
216.0  1.32423610
216.5  1.29601045
217.0  1.29524386
217.5  1.31172573
218.0  1.35078350
218.5  1.39341829
219.0  1.42564169
219.5  1.43851479
220.0  1.42120801
220.5  1.39422066
221.0  1.35580874
221.5  1.33599816
222.0  1.32703145
222.5  1.34293419
223.0  1.36387161
223.5  1.38934854
224.0  1.40366887
224.5  1.40454099
225.0  1.39030777
225.5  1.36244773
226.0  1.33326867
226.5  1.30674096
227.0  1.29585802
227.5  1.30470342
228.0  1.33343470
228.5  1.37724755
229.0  1.41586833
229.5  1.44228331
230.0  1.43443735
230.5  1.40161009
231.0  1.34805216
231.5  1.29433690
232.0  1.25931535
232.5  1.24169269
233.0  1.25609056
233.5  1.27580424
234.0  1.31303827
234.5  1.33164635
235.0  1.34804516
235.5  1.33806091
236.0  1.32320067
236.5  1.29678978
237.0  1.27768085
237.5  1.27031061
238.0  1.28319793
238.5  1.31694822
239.0  1.36212128
239.5  1.40748148
240.0  1.43464365
240.5  1.43396965
241.0  1.40645483
241.5  1.35940404
242.0  1.31363563
242.5  1.27714590
243.0  1.26613528
243.5  1.27005849
244.0  1.28809372
244.5  1.30766459
245.0  1.31808309
245.5  1.32207479
246.0  1.30638721
246.5  1.29410180
247.0  1.26913445
247.5  1.26759700
248.0  1.27103845
248.5  1.30934019
249.0  1.35684240
249.5  1.42116827
250.0  1.47479193
250.5  1.50519677
251.0  1.49986077
251.5  1.45909561
252.0  1.39838786
252.5  1.33302227
253.0  1.28275429
253.5  1.25850831
254.0  1.25603887
254.5  1.27458487
255.0  1.29358156
255.5  1.31510533
256.0  1.31927657
256.5  1.31661012
257.0  1.29771199
257.5  1.27872171
258.0  1.26387592
258.5  1.26137197
259.0  1.28411037
259.5  1.31691783
260.0  1.37076866
260.5  1.40518318
261.0  1.43423022
261.5  1.41848231
262.0  1.39012438
262.5  1.33764460
263.0  1.30075486
263.5  1.27935351
264.0  1.28849011
264.5  1.32104559
265.0  1.36744744
265.5  1.41635790
266.0  1.45367760
266.5  1.47284422
267.0  1.47434097
267.5  1.45630110
268.0  1.43576179
268.5  1.40851623
269.0  1.40230679
269.5  1.40459210
270.0  1.43220762
270.5  1.45941112
271.0  1.48115727
271.5  1.47668754
272.0  1.43415013
272.5  1.36970343
273.0  1.28184415
273.5  1.21597015
274.0  1.16111237
274.5  1.15622679
275.0  1.16873237
275.5  1.21389468
276.0  1.25671835
276.5  1.30200630
277.0  1.32857064
277.5  1.33914360
278.0  1.33502534
278.5  1.32179675
279.0  1.31098216
279.5  1.31160407
280.0  1.32975271
280.5  1.36850340
281.0  1.41046086
281.5  1.45351406
282.0  1.46518226
282.5  1.45526931
283.0  1.40555813
283.5  1.35252976
284.0  1.29755357
284.5  1.27020234
285.0  1.26927003
285.5  1.29451053
286.0  1.33667636
286.5  1.37216359
287.0  1.40540001
287.5  1.40785452
288.0  1.39979320
288.5  1.36150809
289.0  1.32544870
289.5  1.28196763
290.0  1.25926250
290.5  1.25277117
291.0  1.27122777
291.5  1.30190664
292.0  1.33195493
292.5  1.34528244
293.0  1.33185596
293.5  1.29513042
294.0  1.25193396
294.5  1.21270766
295.0  1.20446115
295.5  1.21521759
296.0  1.26133856
296.5  1.30881481
297.0  1.36588616
297.5  1.40105476
298.0  1.42192394
298.5  1.41828883
299.0  1.39693371
299.5  1.37199727
300.0  1.34266223
300.5  1.33704175
301.0  1.34042348
301.5  1.37406591
302.0  1.40803361
302.5  1.44595024
303.0  1.45877344
303.5  1.44816843
304.0  1.41113708
304.5  1.36385599
305.0  1.32417269
305.5  1.30672614
306.0  1.31467216
306.5  1.34374004
307.0  1.37874634
307.5  1.41238819
308.0  1.42335194
308.5  1.41927361
309.0  1.38495102
309.5  1.34496167
310.0  1.29209641
310.5  1.25791646
311.0  1.23628739
311.5  1.24728500
312.0  1.28096712
312.5  1.32757398
313.0  1.37744486
313.5  1.40252723
314.0  1.41120201
314.5  1.38617121
315.0  1.36189008
315.5  1.33449994
316.0  1.33162799
316.5  1.34438679
317.0  1.37482228
317.5  1.40778894
318.0  1.43167371
318.5  1.43834190
319.0  1.42543477
319.5  1.39171407
320.0  1.34890428
320.5  1.30197630
321.0  1.27305214
321.5  1.25925173
322.0  1.27813651
322.5  1.31439535
323.0  1.36890758
323.5  1.41519378
324.0  1.44506726
324.5  1.44789114
325.0  1.42281227
325.5  1.39003455
326.0  1.35180865
326.5  1.33610972
327.0  1.32846389
327.5  1.34336042
328.0  1.35465725
328.5  1.36606732
329.0  1.35831826
329.5  1.33642907
330.0  1.29898807
330.5  1.25453465
331.0  1.21260029
331.5  1.18431853
332.0  1.17812826
332.5  1.19987734
333.0  1.24157090
333.5  1.29591371
334.0  1.34800253
334.5  1.38295276
335.0  1.39295283
335.5  1.37991485
336.0  1.35628598
336.5  1.33556015
337.0  1.32784518
337.5  1.33540439
338.0  1.35305019
338.5  1.37324323
339.0  1.38610262
339.5  1.38550429
340.0  1.37049864
340.5  1.34326563
341.0  1.31063919
341.5  1.28117674
342.0  1.26394355
342.5  1.26593869
343.0  1.28804672
343.5  1.32583666
344.0  1.36953816
344.5  1.40535020
345.0  1.42094850
345.5  1.41070840
346.0  1.37883965
346.5  1.33841130
347.0  1.30555761
347.5  1.29157444
348.0  1.29713901
348.5  1.31656924
349.0  1.34090944
349.5  1.36185603
350.0  1.37115619
350.5  1.36716296
351.0  1.35182378
351.5  1.33078525
352.0  1.31245677
352.5  1.30595511
353.0  1.31691601
353.5  1.34772590
354.0  1.39346839
354.5  1.44458374
355.0  1.48594491
355.5  1.50394679
356.0  1.49251985
356.5  1.45584612
357.0  1.40737649
357.5  1.36280893
358.0  1.33290170
358.5  1.32241211
359.0  1.32601628
359.5  1.33751826
360.0  1.34791300
360.5  1.35035511
361.0  1.34225744
361.5  1.32655538
362.0  1.30870187
362.5  1.29475682
363.0  1.29076046
363.5  1.30256746
364.0  1.33101852
364.5  1.37064152
365.0  1.41045883
365.5  1.43837609
366.0  1.44342898
366.5  1.42178607
367.0  1.37992521
367.5  1.33439000
368.0  1.29857001
368.5  1.28437152
369.0  1.29171325
369.5  1.31421235
370.0  1.34023792
370.5  1.36131027
371.0  1.36999531
371.5  1.36233594
372.0  1.34191296
372.5  1.31431836
373.0  1.28841809
373.5  1.27124253
374.0  1.26884121
374.5  1.28499723
375.0  1.31480959
375.5  1.34823998
376.0  1.37437608
376.5  1.38373570
377.0  1.37254030
377.5  1.34690148
378.0  1.31951884
378.5  1.30373633
379.0  1.30600340
379.5  1.32649704
380.0  1.35750727
380.5  1.38798455
381.0  1.40859530
381.5  1.41275537
382.0  1.39981426
382.5  1.37327542
383.0  1.33919020
383.5  1.30707144
384.0  1.28560855
384.5  1.27945747
385.0  1.28782976
385.5  1.30661062
386.0  1.32706231
386.5  1.33816269
387.0  1.33128906
387.5  1.30784485
388.0  1.27643257
388.5  1.24899039
389.0  1.23797168
389.5  1.25000033
390.0  1.28074494
390.5  1.32132964
391.0  1.36103463
391.5  1.38741387
392.0  1.39320818
392.5  1.37897150
393.0  1.35035437
393.5  1.31546974
394.0  1.28350278
394.5  1.26504358
395.0  1.26780551
395.5  1.29080069
396.0  1.32684964
396.5  1.36572506
397.0  1.39504622
397.5  1.40675569
398.0  1.39837330
398.5  1.37929211
399.0  1.36344067
399.5  1.36269059
400.0  1.37994240
400.5  1.41137561
401.0  1.44755299
401.5  1.47535307
402.0  1.48535185
402.5  1.47234976
403.0  1.43659406
403.5  1.38533248
404.0  1.32844732
404.5  1.27817132
405.0  1.24662468
405.5  1.24037238
406.0  1.25744320
406.5  1.29437135
407.0  1.33095931
407.5  1.36598316
408.0  1.37731095
408.5  1.37802762
409.0  1.36347470
409.5  1.35794347
410.0  1.36255074
410.5  1.38973256
411.0  1.42269992
411.5  1.45610987
412.0  1.47890194
412.5  1.48270640
413.0  1.46164702
413.5  1.41758246
414.0  1.35839478
414.5  1.30183646
415.0  1.24785387
415.5  1.22110596
416.0  1.21046975
416.5  1.22564117
417.0  1.25914066
417.5  1.29992244
418.0  1.33741103
418.5  1.36091853
419.0  1.36935437
419.5  1.37272396
420.0  1.37971531
420.5  1.39555047
421.0  1.42100743
421.5  1.45297159
422.0  1.48095245
422.5  1.49333623
423.0  1.48687481
423.5  1.45765104
424.0  1.40938648
424.5  1.35088629
425.0  1.29371865
425.5  1.24969417
426.0  1.22726796
426.5  1.23016993
427.0  1.25679233
427.5  1.30070502
428.0  1.34895838
428.5  1.39023949
429.0  1.41779727
429.5  1.42986773
430.0  1.43175238
430.5  1.43180634
431.0  1.43824493
431.5  1.45367030
432.0  1.47292764
432.5  1.48795980
433.0  1.49315479
433.5  1.48307867
434.0  1.45715483
434.5  1.41857120
435.0  1.37596163
435.5  1.33835064
436.0  1.31360368
436.5  1.30928215
437.0  1.32615921
437.5  1.35757212
438.0  1.39683485
438.5  1.43520518
439.0  1.46227475
439.5  1.47202557
440.0  1.46499002
440.5  1.44842639
441.0  1.42829558
441.5  1.41218040
442.0  1.40188806
442.5  1.39415696
443.0  1.38571417
443.5  1.37092198
444.0  1.34600633
444.5  1.31339973
445.0  1.27868172
445.5  1.24741673
446.0  1.22848868
446.5  1.22682033
447.0  1.24709968
447.5  1.28661927
448.0  1.33859203
448.5  1.39290064
449.0  1.43979120
449.5  1.47246290
450.0  1.48818304
450.5  1.48868047
451.0  1.48208986
451.5  1.47513269
452.0  1.47158175
452.5  1.47442445
453.0  1.48065319
453.5  1.48634341
454.0  1.48601544
454.5  1.47642452
455.0  1.45612801
455.5  1.42905501
456.0  1.40148755
456.5  1.38016478
457.0  1.36610341
457.5  1.36415301
458.0  1.37452005
458.5  1.39183631
459.0  1.40755604
459.5  1.41447319
460.0  1.40809947
460.5  1.39367306
461.0  1.37519508
461.5  1.35632361
462.0  1.34207917
462.5  1.34136439
463.0  1.35315897
463.5  1.36673682
464.0  1.37673428
464.5  1.37969323
465.0  1.36930914
465.5  1.34430954
466.0  1.31551048
466.5  1.28307895
467.0  1.25949356
467.5  1.25225467
468.0  1.26211470
468.5  1.28422385
469.0  1.31320171
469.5  1.34122486
470.0  1.35900302
470.5  1.36356660
471.0  1.35983052
471.5  1.35217524
472.0  1.34731037
472.5  1.35298355
473.0  1.36907272
473.5  1.39265694
474.0  1.41781845
474.5  1.43574507
475.0  1.44401485
475.5  1.43618788
476.0  1.41557212
476.5  1.38538014
477.0  1.35156134
477.5  1.32495055
478.0  1.30916177
478.5  1.30636565
479.0  1.31539215
479.5  1.32849707
480.0  1.33537008
480.5  1.33254492
481.0  1.32071922
481.5  1.30427044
482.0  1.28914213
482.5  1.28356556
483.0  1.29509767
483.5  1.31964694
484.0  1.35556993
484.5  1.39308016
485.0  1.42621617
485.5  1.44793683
486.0  1.45405619
486.5  1.44452566
487.0  1.42628128
487.5  1.40351145
488.0  1.38533984
488.5  1.37671350
489.0  1.37944307
489.5  1.38984961
490.0  1.40022513
490.5  1.40145457
491.0  1.38985167
491.5  1.36886007
492.0  1.34473228
492.5  1.32705004
493.0  1.32259408
493.5  1.33605203
494.0  1.36392741
494.5  1.40065881
495.0  1.43636931
495.5  1.46159755
496.0  1.46865911
496.5  1.45548745
497.0  1.42297355
497.5  1.37562260
498.0  1.32466735
498.5  1.28071561
499.0  1.25107444
499.5  1.23845816
500.0  1.24103133
500.5  1.25295262
501.0  1.26470877
501.5  1.26883704
502.0  1.26802101
502.5  1.26684155
503.0  1.27303613
503.5  1.28896405
504.0  1.32434804
504.5  1.36939778
505.0  1.42289034
505.5  1.46778261
506.0  1.50460928
506.5  1.51641835
507.0  1.50608121
507.5  1.47617864
508.0  1.43070950
508.5  1.38090008
509.0  1.33332042
509.5  1.30211195
510.0  1.27984900
510.5  1.27327933
511.0  1.27067352
511.5  1.27072744
512.0  1.26505174
512.5  1.25690076
513.0  1.25168674
513.5  1.25769466
514.0  1.27545170
514.5  1.30611164
515.0  1.34594355
515.5  1.38990732
516.0  1.42538331
516.5  1.44868798
517.0  1.44795090
517.5  1.43184418
518.0  1.39590425
518.5  1.35204914
519.0  1.30447402
519.5  1.26872313
520.0  1.24967065
520.5  1.24619003
521.0  1.25648112
521.5  1.27402690
522.0  1.29231421
522.5  1.30629222
523.0  1.31633006
523.5  1.33014831
524.0  1.34799894
524.5  1.37352809
525.0  1.40454229
525.5  1.44052415
526.0  1.47050556
526.5  1.48955076
527.0  1.49326426
527.5  1.47680043
528.0  1.44301580
528.5  1.39523098
529.0  1.34597181
529.5  1.29773078
530.0  1.26434776
530.5  1.24817248
531.0  1.25065648
531.5  1.26465764
532.0  1.28482050
532.5  1.30662980
533.0  1.32304622
533.5  1.33999379
534.0  1.36038551
534.5  1.38295377
535.0  1.41084530
535.5  1.43861127
536.0  1.46713533
536.5  1.48297551
537.0  1.48883229
537.5  1.47489540
538.0  1.44582395
538.5  1.40409354
539.0  1.35383745
539.5  1.30772194
540.0  1.26859313
540.5  1.24856160
541.0  1.24130209
541.5  1.25530032
542.0  1.27633233
542.5  1.30161039
543.0  1.32289266
543.5  1.33967183
544.0  1.35118407
544.5  1.36360353
545.0  1.38161634
545.5  1.40762370
546.0  1.43594985
546.5  1.46312339
547.0  1.48518497
547.5  1.49764879
548.0  1.48992885
548.5  1.46980834
549.0  1.43370265
549.5  1.39175118
550.0  1.34333947
550.5  1.30216325
551.0  1.27073674
551.5  1.25344467
552.0  1.25136424
552.5  1.25423584
553.0  1.26624109
553.5  1.26927243
554.0  1.27461438
554.5  1.27219169
555.0  1.27897217
555.5  1.28706536
556.0  1.30621345
556.5  1.33210477
557.0  1.36218160
557.5  1.38860894
558.0  1.40882267
558.5  1.41898843
559.0  1.41637664
559.5  1.40073021
560.0  1.38246709
560.5  1.35873963
561.0  1.34505527
561.5  1.33294090
562.0  1.33730517
562.5  1.34565667
563.0  1.36280571
563.5  1.37341043
564.0  1.37348661
564.5  1.36299753
565.0  1.34088732
565.5  1.32169435
566.0  1.30156563
566.5  1.29874331
567.0  1.30234371
567.5  1.32188991
568.0  1.34393182
568.5  1.36840984
569.0  1.38287014
569.5  1.39137856
570.0  1.38945461
570.5  1.37857682
571.0  1.36311973
571.5  1.35008241
572.0  1.33968371
572.5  1.33808653
573.0  1.33985648
573.5  1.35316045
574.0  1.35551832
574.5  1.35801563
575.0  1.34257581
575.5  1.33235492
576.0  1.31679836
576.5  1.31441072
577.0  1.32142469
577.5  1.34019909
578.0  1.36776442
578.5  1.39377866
579.0  1.42007677
579.5  1.43150768
580.0  1.43974768
580.5  1.43075040
581.0  1.41891374
581.5  1.39866259
582.0  1.38182003
582.5  1.36777863
583.0  1.36147797
583.5  1.36166862
584.0  1.36345850
584.5  1.36257061
585.0  1.35584443
585.5  1.33873878
586.0  1.32424229
586.5  1.30988036
587.0  1.31625752
587.5  1.32861932
588.0  1.36477550
588.5  1.39821382
589.0  1.44005367
589.5  1.46936263
590.0  1.48693531
590.5  1.49163263
591.0  1.47682354
591.5  1.45444597
592.0  1.41777234
592.5  1.38825727
593.0  1.35307906
593.5  1.33220020
594.0  1.30988657
594.5  1.29796474
595.0  1.28035622
595.5  1.26181943
596.0  1.23705445
596.5  1.21598189
597.0  1.20788559
597.5  1.21703222
598.0  1.24299268
598.5  1.28765390
599.0  1.33553489
599.5  1.38595031
600.0  1.42018676
600.5  1.44868664
601.0  1.44937513
601.5  1.44796603
602.0  1.42274339
602.5  1.40309346
603.0  1.37572440
603.5  1.36270616
604.0  1.35352953
604.5  1.35153432
605.0  1.35454879
605.5  1.34738747
606.0  1.33878750
606.5  1.31789619
607.0  1.30122988
607.5  1.29069955
608.0  1.30078960
608.5  1.32607756
609.0  1.36512755
609.5  1.40798551
610.0  1.44543158
610.5  1.46878658
611.0  1.47378307
611.5  1.45953381
612.0  1.42876759
612.5  1.38301267
613.0  1.33819920
613.5  1.28848178
614.0  1.25799479
614.5  1.22908909
615.0  1.22493121
615.5  1.21665036
616.0  1.22305214
616.5  1.21876999
617.0  1.22172053
617.5  1.22633995
618.0  1.24521872
618.5  1.28551797
619.0  1.33900553
619.5  1.40886433
620.0  1.47121876
620.5  1.52690900
621.0  1.55624440
621.5  1.56858535
622.0  1.55704182
622.5  1.52855074
623.0  1.48838668
623.5  1.44049823
624.0  1.40034908
624.5  1.36952826
625.0  1.35173288
625.5  1.34163277
626.0  1.33234887
626.5  1.32873075
627.0  1.31214103
627.5  1.30158277
628.0  1.28211072
628.5  1.28745232
629.0  1.29775141
629.5  1.33482856
630.0  1.37184156
630.5  1.41614215
631.0  1.44671101
631.5  1.46160886
632.0  1.46019812
632.5  1.44189768
633.0  1.41841577
633.5  1.38325437
634.0  1.35352529
634.5  1.32898344
635.0  1.31917135
635.5  1.31610553
636.0  1.32473819
636.5  1.34048452
637.0  1.34568056
637.5  1.34409347
638.0  1.33472852
638.5  1.32616860
639.0  1.32782757
639.5  1.33794827
640.0  1.36119708
640.5  1.39174034
641.0  1.42194315
641.5  1.44209095
642.0  1.44858337
642.5  1.44232953
643.0  1.42264731
643.5  1.39606898
644.0  1.36728304
644.5  1.34038878
645.0  1.32038755
645.5  1.30911253
646.0  1.30996023
646.5  1.31900459
647.0  1.32895477
647.5  1.33822988
648.0  1.33879869
648.5  1.32843210
649.0  1.31794003
649.5  1.31252799
650.0  1.31558490
650.5  1.32963237
651.0  1.35052282
651.5  1.37124133
652.0  1.38679694
652.5  1.39619239
653.0  1.38281266
653.5  1.37745974
654.0  1.36207559
654.5  1.35531460
655.0  1.35106649
655.5  1.34382271
656.0  1.35073448
656.5  1.35206659
657.0  1.37123174
657.5  1.37529581
658.0  1.38895967
658.5  1.38469063
659.0  1.38374131
659.5  1.37553605
660.0  1.37431597
660.5  1.37992230
661.0  1.39513499
661.5  1.41450966
662.0  1.43313553
662.5  1.44558010
663.0  1.45455793
663.5  1.44808166
664.0  1.44625329
664.5  1.43417791
665.0  1.43365464
665.5  1.42081617
666.0  1.41969866
666.5  1.41068322
667.0  1.40340857
667.5  1.39473967
668.0  1.37972216
668.5  1.36723508
669.0  1.34209590
669.5  1.32858191
670.0  1.30298316
670.5  1.30241147
671.0  1.30721686
671.5  1.33243145
672.0  1.35666112
672.5  1.38646659
673.0  1.40868416
673.5  1.42547042
674.0  1.43759183
674.5  1.44758431
675.0  1.45697101
675.5  1.47161500
676.0  1.48522525
676.5  1.49992394
677.0  1.50367352
677.5  1.50810118
678.0  1.49786240
678.5  1.48392655
679.0  1.45463509
679.5  1.42248394
680.0  1.38833378
680.5  1.35790103
681.0  1.34413801
681.5  1.34163812
682.0  1.35782429
682.5  1.37504981
683.0  1.40349998
683.5  1.41810583
684.0  1.43262590
684.5  1.43736721
685.0  1.43974521
685.5  1.43915206
686.0  1.44130239
686.5  1.44323674
687.0  1.43920933
687.5  1.42632865
688.0  1.40980789
688.5  1.38252849
689.0  1.35036200
689.5  1.31173742
690.0  1.28158160
690.5  1.25574469
691.0  1.24579431
691.5  1.25150197
692.0  1.27893442
692.5  1.31831059
693.0  1.36227522
693.5  1.40430654
694.0  1.43059708
694.5  1.45185299
695.0  1.45972032
695.5  1.46449656
696.0  1.46323911
696.5  1.46833375
697.0  1.47266526
697.5  1.47365647
698.0  1.46582761
698.5  1.44722167
699.0  1.41795261
699.5  1.37877976
700.0  1.33454759
700.5  1.29029707
701.0  1.25713664
701.5  1.24374930
702.0  1.24979579
702.5  1.27715622
703.0  1.31867263
703.5  1.36597126
704.0  1.40860980
704.5  1.43929067
705.0  1.45633532
705.5  1.46227933
706.0  1.46128201
706.5  1.45941873
707.0  1.46044478
707.5  1.45997743
708.0  1.45722674
708.5  1.44894047
709.0  1.42967837
709.5  1.39981531
710.0  1.36383239
710.5  1.32828192
711.0  1.29871383
711.5  1.28102751
712.0  1.28385519
712.5  1.31033436
713.0  1.35158097
713.5  1.40233763
714.0  1.45103249
714.5  1.49045036
715.0  1.51456210
715.5  1.52244540
716.0  1.51743904
716.5  1.50596413
717.0  1.49931821
717.5  1.49810921
718.0  1.49911565
718.5  1.50141706
719.0  1.50019192
719.5  1.48832433
720.0  1.46509070
720.5  1.43327309
721.0  1.39934036
721.5  1.36676866
722.0  1.34718826
722.5  1.34430614
723.0  1.36007429
723.5  1.39059433
724.0  1.42848609
724.5  1.46274222
725.0  1.48336748
725.5  1.48811134
726.0  1.47794777
726.5  1.45544661
727.0  1.42877197
727.5  1.40451516
728.0  1.38980220
728.5  1.38254168
729.0  1.38127166
729.5  1.37425792
730.0  1.36579541
730.5  1.35339943
731.0  1.34071447
731.5  1.33173972
732.0  1.32999494
732.5  1.34380327
733.0  1.37335657
733.5  1.41403095
734.0  1.46142839
734.5  1.50675755
735.0  1.54347337
735.5  1.56084938
736.0  1.55773935
736.5  1.53594757
737.0  1.50790433
737.5  1.48062500
738.0  1.45604774
738.5  1.44697595
739.0  1.45332496
739.5  1.45907816
740.0  1.45890593
740.5  1.45655745
741.0  1.43787594
741.5  1.40537869
742.0  1.37050657
742.5  1.34559587
743.0  1.32845793
743.5  1.32243112
744.0  1.33219506
744.5  1.35381592
745.0  1.37531493
745.5  1.39127609
746.0  1.39792316
746.5  1.38870061
747.0  1.36510001
747.5  1.34012675
748.0  1.32182322
748.5  1.31423992
749.0  1.32376293
749.5  1.35042452
750.0  1.38553017
750.5  1.41755841
751.0  1.43938032
751.5  1.45035424
752.0  1.45096449
752.5  1.44401556
753.0  1.43338254
753.5  1.42450686
754.0  1.42250132
754.5  1.42930199
755.0  1.44093655
755.5  1.45201344
756.0  1.46019755
756.5  1.46262911
757.0  1.45207754
757.5  1.43722146
758.0  1.42524994
758.5  1.42173516
759.0  1.43318517
759.5  1.45842646
760.0  1.49527455
760.5  1.53526092
761.0  1.56377280
761.5  1.58002293
762.0  1.57945792
762.5  1.56203215
763.0  1.53396815
763.5  1.50527095
764.0  1.48179040
764.5  1.46474287
765.0  1.45787381
765.5  1.46386165
766.0  1.47288565
766.5  1.47864489
767.0  1.47947323
767.5  1.47029765
768.0  1.45420586
768.5  1.43696024
769.0  1.42213114
769.5  1.41755132
770.0  1.42772650
770.5  1.44467385
771.0  1.46218598
771.5  1.47153639
772.0  1.47274777
772.5  1.46269203
773.0  1.43981772
773.5  1.41149347
774.0  1.38344853
774.5  1.36517692
775.0  1.35935976
775.5  1.36365167
776.0  1.37822955
776.5  1.39990722
777.0  1.42076475
777.5  1.43517100
778.0  1.44146851
778.5  1.43847646
779.0  1.43905535
779.5  1.44773333
780.0  1.46429118
780.5  1.48737413
781.0  1.52083214
781.5  1.54623939
782.0  1.56957057
782.5  1.56010533
783.0  1.54386380
783.5  1.49505431
784.0  1.45757878
784.5  1.39951838
785.0  1.36498445
785.5  1.32802171
786.0  1.32337245
786.5  1.32480995
787.0  1.33548173
787.5  1.35607638
788.0  1.36279995
788.5  1.38285637
789.0  1.38147074
789.5  1.40030507
790.0  1.40335665
790.5  1.43932627
791.0  1.47182342
791.5  1.51976374
792.0  1.55727464
792.5  1.58513944
793.0  1.59240332
793.5  1.57656634
794.0  1.53717105
794.5  1.49029669
795.0  1.43694618
795.5  1.40653188
796.0  1.37371876
796.5  1.35875615
797.0  1.35916319
797.5  1.37025867
798.0  1.38200024
798.5  1.39210314
799.0  1.39748250
799.5  1.39613743
800.0  1.39276803
800.5  1.39385392
801.0  1.40767631
801.5  1.43304621
802.0  1.46461295
802.5  1.49619496
803.0  1.51671276
803.5  1.51710530
804.0  1.49895132
804.5  1.46826864
805.0  1.43505344
805.5  1.40723717
806.0  1.39569761
806.5  1.40556250
807.0  1.43298874
807.5  1.47635153
808.0  1.52591724
808.5  1.57156154
809.0  1.60830028
809.5  1.62939510
810.0  1.63772451
810.5  1.64125209
811.0  1.64501692
811.5  1.65306782
812.0  1.66721393
812.5  1.68567703
813.0  1.69864590
813.5  1.69453757
814.0  1.66919505
814.5  1.61983918
815.0  1.55837302
815.5  1.49804681
816.0  1.45109324
816.5  1.42412377
817.0  1.42287445
817.5  1.44572637
818.0  1.47872513
818.5  1.51132735
819.0  1.53962149
819.5  1.55052048
820.0  1.53894201
820.5  1.51231348
821.0  1.47991008
821.5  1.44628202
822.0  1.42469234
822.5  1.42279316
823.0  1.43667537
823.5  1.45523703
824.0  1.47127377
824.5  1.47398073
825.0  1.45908739
825.5  1.43321508
826.0  1.40492004
826.5  1.38785635
827.0  1.38613018
827.5  1.40294411
828.0  1.43703031
828.5  1.47617915
829.0  1.51117418
829.5  1.53055244
830.0  1.53088551
830.5  1.51399479
831.0  1.48392922
831.5  1.44651300
832.0  1.41831674
832.5  1.41068700
833.0  1.42263055
833.5  1.45265190
834.0  1.49445842
834.5  1.53288278
835.0  1.55509444
835.5  1.55915420
836.0  1.54607308
836.5  1.52625293
837.0  1.51461238
837.5  1.51071145
838.0  1.51698558
838.5  1.53603626
839.0  1.56075200
839.5  1.57639170
840.0  1.57640866
840.5  1.56096796
841.0  1.52902468
841.5  1.48565371
842.0  1.44418468
842.5  1.41446271
843.0  1.40412585
843.5  1.42013823
844.0  1.45903376
844.5  1.50649554
845.0  1.55164607
845.5  1.58287203
846.0  1.59516333
846.5  1.58799851
847.0  1.57115951
847.5  1.55469127
848.0  1.54645598
848.5  1.54964675
849.0  1.56156916
849.5  1.57558899
850.0  1.58035448
850.5  1.57300245
851.0  1.55048717
851.5  1.51632391
852.0  1.47617416
852.5  1.43933054
853.0  1.41603423
853.5  1.41526538
854.0  1.43829558
854.5  1.47657818
855.0  1.52288696
855.5  1.56158902
856.0  1.58306167
856.5  1.58017072
857.0  1.55941640
857.5  1.53194827
858.0  1.50376427
858.5  1.48275355
859.0  1.47917765
859.5  1.49240929
860.0  1.51381912
860.5  1.53316717
861.0  1.54731765
861.5  1.55454431
862.0  1.55248586
862.5  1.54694715
863.0  1.54398851
863.5  1.55125525
864.0  1.57353224
864.5  1.61387575
865.0  1.66514425
865.5  1.71363501
866.0  1.75164978
866.5  1.76751909
867.0  1.75813550
867.5  1.72698283
868.0  1.68233643
868.5  1.63650169
869.0  1.59699876
869.5  1.56853597
870.0  1.54917278
870.5  1.53439874
871.0  1.51826215
871.5  1.49369666
872.0  1.45899277
872.5  1.41958569
873.0  1.38226494
873.5  1.35398329
874.0  1.34772975
874.5  1.36699759
875.0  1.41179045
875.5  1.47302276
876.0  1.54290399
876.5  1.60579067
877.0  1.64539020
877.5  1.65745810
878.0  1.64517116
878.5  1.61739261
879.0  1.58048380
879.5  1.54570382
880.0  1.52132613
880.5  1.50886503
881.0  1.50172746
881.5  1.49547635
882.0  1.48617430
882.5  1.47428900
883.0  1.45606966
883.5  1.43705970
884.0  1.42839936
884.5  1.43336153
885.0  1.45429624
885.5  1.49229350
886.0  1.54248059
886.5  1.59252945
887.0  1.62884082
887.5  1.64747564
888.0  1.64368699
888.5  1.61706791
889.0  1.57889098
889.5  1.54413894
890.0  1.52139387
890.5  1.51212644
891.0  1.50959316
891.5  1.52671945
892.0  1.53476038
892.5  1.55311293
893.0  1.54839723
893.5  1.55015272
894.0  1.53730501
894.5  1.53383750
895.0  1.54154194
895.5  1.55737261
896.0  1.59635927
896.5  1.62928804
897.0  1.67781117
897.5  1.69216786
898.0  1.70536839
898.5  1.67848250
899.0  1.64720151
899.5  1.59923363
900.0  1.56205263
900.5  1.53513215
901.0  1.52552381
901.5  1.53117222
902.0  1.54530543
902.5  1.55954719
903.0  1.57171821
903.5  1.56574741
904.0  1.56124647
904.5  1.53571358
905.0  1.52806251
905.5  1.51240332
906.0  1.52283952
906.5  1.53764200
907.0  1.56644132
907.5  1.60332100
908.0  1.61711486
908.5  1.63444344
909.0  1.60944405
909.5  1.60226017
910.0  1.56114146
910.5  1.55093257
911.0  1.53073101
911.5  1.54213141
912.0  1.55259365
912.5  1.57315379
913.0  1.58712556
913.5  1.59284093
914.0  1.58478674
914.5  1.56823612
915.0  1.54291613
915.5  1.52676390
916.0  1.50765036
916.5  1.51789723
917.0  1.52397959
917.5  1.56015713
918.0  1.57441086
918.5  1.60185898
919.0  1.59718458
919.5  1.58796064
920.0  1.56365384
920.5  1.53509402
921.0  1.50834155
921.5  1.49395362
922.0  1.49250122
922.5  1.49999970
923.0  1.51077793
923.5  1.51919449
924.0  1.51752099
924.5  1.50242817
925.0  1.47608051
925.5  1.44424933
926.0  1.41380294
926.5  1.38804335
927.0  1.37570677
927.5  1.38049118
928.0  1.39727301
928.5  1.41714268
929.0  1.43578376
929.5  1.44566863
930.0  1.44482161
930.5  1.43443478
931.0  1.42216410
931.5  1.41295209
932.0  1.41193680
932.5  1.42199542
933.0  1.43671411
933.5  1.44708480
934.0  1.44854222
934.5  1.44068579
935.0  1.42336619
935.5  1.39698635
936.0  1.36604831
936.5  1.34082072
937.0  1.32918459
937.5  1.33491836
938.0  1.35857021
938.5  1.39678377
939.0  1.44058506
939.5  1.48568065
940.0  1.52258359
940.5  1.54669659
941.0  1.56071193
941.5  1.57245571
942.0  1.58600983
942.5  1.60360389
943.0  1.62665931
943.5  1.65069985
944.0  1.66986277
944.5  1.67844705
945.0  1.67322016
945.5  1.65270540
946.0  1.62006122
946.5  1.58022992
947.0  1.53943882
947.5  1.50721947
948.0  1.48877165
948.5  1.48852426
949.0  1.50331079
949.5  1.52936314
950.0  1.55647158
950.5  1.57860347
951.0  1.58875830
951.5  1.58802427
952.0  1.58090237
952.5  1.57003203
953.0  1.55737877
953.5  1.54493672
954.0  1.53090842
954.5  1.50849341
955.0  1.47720232
955.5  1.43865500
956.0  1.39209097
956.5  1.33943150
957.0  1.29132155
957.5  1.25543000
958.0  1.23611589
958.5  1.24138784
959.0  1.27274999
959.5  1.32722555
960.0  1.39565675
960.5  1.46791772
961.0  1.53322166
961.5  1.58290133
962.0  1.61535740
962.5  1.63187094
963.0  1.63432020
963.5  1.62757157
964.0  1.61659067
964.5  1.60045941
965.0  1.57681556
965.5  1.54662756
966.0  1.51206583
966.5  1.47460233
967.0  1.43751107
967.5  1.40507617
968.0  1.38487871
968.5  1.38094446
969.0  1.39776596
969.5  1.43597839
970.0  1.49128074
970.5  1.55530358
971.0  1.61570778
971.5  1.66143068
972.0  1.68761933
972.5  1.69340729
973.0  1.68311359
973.5  1.66245838
974.0  1.63745500
974.5  1.61258624
975.0  1.59030795
975.5  1.57129813
976.0  1.55470420
976.5  1.53953335
977.0  1.52692675
977.5  1.51792815
978.0  1.51078492
978.5  1.50908219
979.0  1.51878346
979.5  1.54078653
980.0  1.57352509
980.5  1.61647597
981.0  1.66217437
981.5  1.69706110
982.0  1.71158561
982.5  1.70546832
983.0  1.67907424
983.5  1.63658639
984.0  1.58686333
984.5  1.53662105
985.0  1.49089906
985.5  1.45381465
986.0  1.42374877
986.5  1.39950244
987.0  1.38198829
987.5  1.36810698
988.0  1.35699728
988.5  1.34991240
989.0  1.34981994
989.5  1.36115796
990.0  1.38803755
990.5  1.42778621
991.0  1.47658494
991.5  1.52725759
992.0  1.57310749
992.5  1.60381114
993.0  1.61610915
993.5  1.61566955
994.0  1.60909896
994.5  1.60037352
995.0  1.60113855
995.5  1.61037721
996.0  1.62902824
996.5  1.65112353
997.0  1.67515430
997.5  1.69557772
998.0  1.70500857
998.5  1.70036820
999.0  1.68637935
999.5  1.66848854
1000.0  1.65047371
