0.0  0.393604  1.310191  1.703794
0.5  0.391114  1.312725  1.703839
1.0  0.391619  1.311968  1.703587
1.5  0.390631  1.312506  1.703137
2.0  0.381823  1.320977  1.702799
2.5  0.361098  1.341775  1.702873
3.0  0.329976  1.373409  1.703385
3.5  0.295910  1.408212  1.704122
4.0  0.269141  1.435531  1.704672
4.5  0.258022  1.446909  1.704931
5.0  0.265710  1.438998  1.704708
5.5  0.289844  1.414486  1.704331
6.0  0.324658  1.379274  1.703933
6.5  0.363617  1.340116  1.703733
7.0  0.401088  1.302398  1.703486
7.5  0.432775  1.270573  1.703348
8.0  0.455593  1.247758  1.703351
8.5  0.467750  1.235683  1.703433
9.0  0.469316  1.234260  1.703576
9.5  0.462860  1.241036  1.703896
10.0  0.453320  1.251064  1.704384
10.5  0.446456  1.258186  1.704641
11.0  0.446133  1.258400  1.704533
11.5  0.451840  1.252398  1.704238
12.0  0.458265  1.245318  1.703583
12.5  0.457789  1.245358  1.703146
13.0  0.444807  1.258434  1.703240
13.5  0.419303  1.284336  1.703639
14.0  0.387372  1.316797  1.704169
14.5  0.358315  1.346424  1.704739
15.0  0.340168  1.364856  1.705025
15.5  0.336400  1.368531  1.704930
16.0  0.345394  1.359255  1.704649
16.5  0.362281  1.341931  1.704212
17.0  0.381391  1.322545  1.703936
17.5  0.397885  1.305771  1.703655
18.0  0.408252  1.295446  1.703698
18.5  0.410277  1.293581  1.703858
19.0  0.403172  1.300904  1.704076
19.5  0.388123  1.316191  1.704314
20.0  0.368800  1.335647  1.704447
20.5  0.351003  1.353950  1.704953
21.0  0.340893  1.364664  1.705557
21.5  0.342208  1.362969  1.705177
22.0  0.353925  1.350710  1.704635
22.5  0.370128  1.334591  1.704719
23.0  0.382697  1.321466  1.704163
23.5  0.385579  1.318311  1.703890
24.0  0.378155  1.326194  1.704349
24.5  0.365596  1.339307  1.704903
25.0  0.355995  1.349575  1.705570
25.5  0.356121  1.349482  1.705603
26.0  0.368357  1.336782  1.705139
26.5  0.390330  1.314705  1.705035
27.0  0.416785  1.288293  1.705078
27.5  0.442037  1.263112  1.705149
28.0  0.461577  1.244010  1.705587
28.5  0.472521  1.233718  1.706240
29.0  0.473459  1.233747  1.707206
29.5  0.464432  1.243381  1.707813
30.0  0.447277  1.261317  1.708593
30.5  0.425922  1.283301  1.709223
31.0  0.405898  1.303675  1.709573
31.5  0.392579  1.317229  1.709807
32.0  0.388629  1.321044  1.709672
32.5  0.392079  1.317212  1.709291
33.0  0.396558  1.312191  1.708749
33.5  0.394083  1.314799  1.708882
34.0  0.379129  1.330195  1.709324
34.5  0.351708  1.358499  1.710206
35.0  0.317638  1.393550  1.711188
35.5  0.285873  1.426835  1.712707
36.0  0.264455  1.449825  1.714280
36.5  0.257388  1.458045  1.715433
37.0  0.263884  1.451586  1.715470
37.5  0.279805  1.436078  1.715882
38.0  0.299932  1.416587  1.716519
38.5  0.319699  1.397195  1.716894
39.0  0.335937  1.380497  1.716434
39.5  0.347004  1.368834  1.715838
40.0  0.352905  1.362701  1.715607
40.5  0.355575  1.359562  1.715137
41.0  0.358917  1.355617  1.714534
41.5  0.367920  1.345599  1.713520
42.0  0.386570  1.325837  1.712407
42.5  0.415271  1.295826  1.711097
43.0  0.449323  1.259801  1.709124
43.5  0.479837  1.228193  1.708030
44.0  0.497124  1.211286  1.708411
44.5  0.494937  1.213204  1.708142
45.0  0.473265  1.234920  1.708185
45.5  0.438193  1.270730  1.708923
46.0  0.399026  1.310825  1.709851
46.5  0.364371  1.346425  1.710796
47.0  0.339257  1.371775  1.711031
47.5  0.324445  1.386484  1.710929
48.0  0.317652  1.393316  1.710968
48.5  0.315442  1.395400  1.710843
49.0  0.314685  1.396151  1.710836
49.5  0.313243  1.397209  1.710452
50.0  0.310250  1.400114  1.710364
50.5  0.306401  1.404143  1.710544
51.0  0.304288  1.405486  1.709775
51.5  0.308263  1.401394  1.709657
52.0  0.323179  1.386091  1.709270
52.5  0.351977  1.356389  1.708366
53.0  0.393113  1.314117  1.707230
53.5  0.439516  1.266364  1.705880
54.0  0.480273  1.224218  1.704491
54.5  0.504634  1.199065  1.703699
55.0  0.506374  1.197374  1.703748
55.5  0.486254  1.217825  1.704079
56.0  0.451404  1.253265  1.704669
56.5  0.412173  1.293348  1.705521
57.0  0.378207  1.327806  1.706013
57.5  0.355632  1.350750  1.706382
58.0  0.346254  1.359944  1.706197
58.5  0.348424  1.357289  1.705714
59.0  0.358524  1.346870  1.705394
59.5  0.372205  1.333133  1.705338
60.0  0.385246  1.319635  1.704881
60.5  0.394340  1.310795  1.705135
61.0  0.398067  1.306887  1.704954
61.5  0.397792  1.307995  1.705788
62.0  0.397702  1.308053  1.705755
62.5  0.403245  1.302735  1.705981
63.0  0.418137  1.287475  1.705611
63.5  0.441356  1.264359  1.705714
64.0  0.466184  1.238785  1.704969
64.5  0.482417  1.222163  1.704580
65.0  0.480899  1.223380  1.704279
65.5  0.457935  1.246871  1.704806
66.0  0.417193  1.288113  1.705306
66.5  0.368238  1.337675  1.705913
67.0  0.322685  1.384311  1.706996
67.5  0.290057  1.417078  1.707135
68.0  0.275199  1.431947  1.707146
68.5  0.277931  1.428806  1.706738
69.0  0.294386  1.412511  1.706897
69.5  0.318860  1.388072  1.706932
70.0  0.345379  1.361063  1.706441
70.5  0.368800  1.337117  1.705917
71.0  0.385761  1.320002  1.705763
71.5  0.395635  1.310278  1.705913
72.0  0.401146  1.305356  1.706502
72.5  0.407883  1.298705  1.706588
73.0  0.422126  1.284620  1.706747
73.5  0.447381  1.259169  1.706550
74.0  0.481311  1.224613  1.705924
74.5  0.515172  1.189570  1.704742
75.0  0.536684  1.167937  1.704621
75.5  0.535176  1.169138  1.704315
76.0  0.506342  1.198825  1.705167
76.5  0.454178  1.250573  1.704751
77.0  0.389374  1.316428  1.705802
77.5  0.325266  1.381583  1.706848
78.0  0.273447  1.433749  1.707196
78.5  0.240869  1.466180  1.707048
79.0  0.229128  1.477501  1.706629
79.5  0.235441  1.471363  1.706804
80.0  0.254300  1.451935  1.706235
80.5  0.279083  1.426738  1.705822
81.0  0.303478  1.402405  1.705883
81.5  0.322923  1.383009  1.705932
82.0  0.335993  1.370522  1.706514
82.5  0.345167  1.361327  1.706493
83.0  0.356086  1.351120  1.707206
83.5  0.374878  1.332618  1.707496
84.0  0.404344  1.302907  1.707251
84.5  0.441046  1.265827  1.706873
85.0  0.475411  1.231011  1.706422
85.5  0.495377  1.210656  1.706033
86.0  0.491878  1.215396  1.707275
86.5  0.463219  1.245824  1.709042
87.0  0.416093  1.295331  1.711424
87.5  0.362945  1.351426  1.714371
88.0  0.317215  1.399769  1.716984
88.5  0.288804  1.430674  1.719478
89.0  0.281567  1.439913  1.721480
89.5  0.293315  1.429933  1.723249
90.0  0.317587  1.406902  1.724489
90.5  0.345981  1.379605  1.725586
91.0  0.370281  1.355456  1.725737
91.5  0.384197  1.341125  1.725322
92.0  0.384886  1.340277  1.725163
92.5  0.374097  1.351124  1.725221
93.0  0.358310  1.366370  1.724679
93.5  0.347032  1.376754  1.723786
94.0  0.349124  1.373536  1.722660
94.5  0.368349  1.353336  1.721685
95.0  0.400520  1.320540  1.721061
95.5  0.434304  1.286259  1.720563
96.0  0.455823  1.265524  1.721347
96.5  0.454833  1.268131  1.722964
97.0  0.429302  1.296586  1.725888
97.5  0.386214  1.344166  1.730380
98.0  0.338525  1.396255  1.734780
98.5  0.300066  1.438997  1.739063
99.0  0.280810  1.462049  1.742859
99.5  0.284327  1.460878  1.745205
100.0  0.307853  1.438503  1.746356
100.5  0.344157  1.402700  1.746857
101.0  0.383971  1.362258  1.746229
101.5  0.418231  1.325968  1.744199
102.0  0.439994  1.301334  1.741328
102.5  0.446144  1.291828  1.737972
103.0  0.438647  1.295431  1.734077
103.5  0.424564  1.305259  1.729822
104.0  0.413976  1.311823  1.725798
104.5  0.415852  1.306100  1.721952
105.0  0.433438  1.284098  1.717536
105.5  0.461746  1.251414  1.713161
106.0  0.489058  1.220737  1.709794
106.5  0.502032  1.206276  1.708309
107.0  0.491828  1.215795  1.707623
107.5  0.458095  1.249874  1.707969
108.0  0.409117  1.299536  1.708653
108.5  0.358421  1.351247  1.709668
109.0  0.319719  1.390969  1.710688
109.5  0.302379  1.408601  1.710980
110.0  0.309010  1.401184  1.710195
110.5  0.335549  1.373376  1.708925
111.0  0.373165  1.334309  1.707473
111.5  0.410939  1.295815  1.706755
112.0  0.438553  1.267468  1.706021
112.5  0.448694  1.257573  1.706267
113.0  0.439085  1.269097  1.708182
113.5  0.413658  1.297412  1.711070
114.0  0.382036  1.332375  1.714411
114.5  0.356610  1.361493  1.718103
115.0  0.347663  1.374082  1.721745
115.5  0.358552  1.366246  1.724798
116.0  0.383677  1.342782  1.726459
116.5  0.410738  1.317404  1.728142
117.0  0.426285  1.302732  1.729017
117.5  0.421659  1.307790  1.729450
118.0  0.396410  1.333720  1.730130
118.5  0.357973  1.372243  1.730216
119.0  0.318291  1.411291  1.729581
119.5  0.289231  1.439095  1.728327
120.0  0.278705  1.447898  1.726603
120.5  0.288710  1.436377  1.725086
121.0  0.315492  1.408198  1.723690
121.5  0.351213  1.371039  1.722252
122.0  0.386273  1.334478  1.720750
122.5  0.411745  1.309329  1.721074
123.0  0.421702  1.300693  1.722395
123.5  0.415216  1.309647  1.724863
124.0  0.397380  1.330460  1.727839
124.5  0.378362  1.352545  1.730907
125.0  0.369919  1.364248  1.734167
125.5  0.380210  1.356482  1.736692
126.0  0.409392  1.328533  1.737925
126.5  0.448688  1.289458  1.738146
127.0  0.483887  1.253849  1.737736
127.5  0.501492  1.235023  1.736515
128.0  0.494275  1.240532  1.734807
128.5  0.463667  1.268345  1.732012
129.0  0.418418  1.310748  1.729166
129.5  0.370729  1.355516  1.726245
130.0  0.331827  1.391905  1.723732
130.5  0.308639  1.412646  1.721285
131.0  0.302409  1.415661  1.718070
131.5  0.309165  1.405997  1.715162
132.0  0.321395  1.392355  1.713750
132.5  0.330278  1.382977  1.713256
133.0  0.328096  1.384626  1.712722
133.5  0.310661  1.402071  1.712733
134.0  0.279419  1.433765  1.713184
134.5  0.242308  1.472032  1.714340
135.0  0.212239  1.503043  1.715282
135.5  0.202702  1.513110  1.715813
136.0  0.221860  1.493703  1.715564
136.5  0.268120  1.446369  1.714489
137.0  0.330055  1.382173  1.712228
137.5  0.391075  1.319613  1.710688
138.0  0.436321  1.274236  1.710557
138.5  0.458155  1.252160  1.710315
139.0  0.457918  1.252443  1.710361
139.5  0.443901  1.267712  1.711613
140.0  0.427166  1.287466  1.714633
140.5  0.417279  1.301773  1.719052
141.0  0.419486  1.302709  1.722195
141.5  0.433843  1.290444  1.724287
142.0  0.455949  1.271452  1.727401
142.5  0.478557  1.252065  1.730621
143.0  0.493507  1.239498  1.733005
143.5  0.493828  1.240524  1.734352
144.0  0.475989  1.259432  1.735421
144.5  0.441955  1.294746  1.736701
145.0  0.400028  1.337735  1.737763
145.5  0.363208  1.374866  1.738074
146.0  0.344635  1.393127  1.737762
146.5  0.351636  1.386173  1.737808
147.0  0.381556  1.356588  1.738144
147.5  0.422182  1.316037  1.738219
148.0  0.456847  1.282030  1.738878
148.5  0.471445  1.268401  1.739846
149.0  0.459704  1.282071  1.741776
149.5  0.424611  1.319470  1.744082
150.0  0.376118  1.370191  1.746309
150.5  0.326865  1.420976  1.747842
151.0  0.287928  1.461010  1.748938
151.5  0.266019  1.482758  1.748777
152.0  0.262597  1.485916  1.748513
152.5  0.274502  1.472923  1.747426
153.0  0.295429  1.449593  1.745022
153.5  0.317723  1.423919  1.741642
154.0  0.334408  1.403819  1.738227
154.5  0.341423  1.392964  1.734388
155.0  0.339690  1.391157  1.730847
155.5  0.335928  1.391951  1.727879
156.0  0.340940  1.385172  1.726112
156.5  0.365029  1.359622  1.724651
157.0  0.412270  1.310470  1.722740
157.5  0.476910  1.244509  1.721418
158.0  0.544534  1.176455  1.720989
158.5  0.597686  1.123454  1.721140
159.0  0.622854  1.098936  1.721790
159.5  0.615220  1.106945  1.722165
160.0  0.579360  1.143875  1.723235
160.5  0.526391  1.197572  1.723963
161.0  0.469478  1.254595  1.724073
161.5  0.419681  1.304140  1.723821
162.0  0.383444  1.339859  1.723302
162.5  0.361961  1.360192  1.722152
163.0  0.351947  1.368872  1.720819
163.5  0.347153  1.373130  1.720283
164.0  0.340214  1.379978  1.720192
164.5  0.324807  1.395387  1.720194
165.0  0.298063  1.423048  1.721111
165.5  0.262690  1.459797  1.722487
166.0  0.227601  1.496062  1.723662
166.5  0.205727  1.519036  1.724763
167.0  0.208895  1.516764  1.725659
167.5  0.241760  1.483709  1.725469
168.0  0.298285  1.425879  1.724164
168.5  0.363267  1.359802  1.723069
169.0  0.418332  1.304288  1.722620
169.5  0.449117  1.273232  1.722349
170.0  0.450087  1.272822  1.722909
170.5  0.425276  1.297904  1.723180
171.0  0.385556  1.338596  1.724152
171.5  0.344226  1.380315  1.724542
172.0  0.312822  1.413165  1.725987
172.5  0.298364  1.427703  1.726067
173.0  0.302386  1.423952  1.726338
173.5  0.321423  1.403854  1.725277
174.0  0.348405  1.376489  1.724894
174.5  0.374584  1.349747  1.724331
175.0  0.391916  1.331879  1.723795
175.5  0.395735  1.328579  1.724314
176.0  0.387070  1.338155  1.725225
176.5  0.373304  1.352046  1.725350
177.0  0.365913  1.359450  1.725364
177.5  0.375344  1.350626  1.725970
178.0  0.405224  1.320944  1.726168
178.5  0.449355  1.276075  1.725430
179.0  0.493637  1.230064  1.723700
179.5  0.521986  1.201814  1.723800
180.0  0.522956  1.199719  1.722675
180.5  0.493827  1.229715  1.723541
181.0  0.440858  1.283046  1.723903
181.5  0.376433  1.348617  1.725050
182.0  0.314794  1.411761  1.726556
182.5  0.268034  1.457439  1.725473
183.0  0.243404  1.483648  1.727053
183.5  0.242260  1.482877  1.725138
184.0  0.260453  1.465842  1.726295
184.5  0.289760  1.434076  1.723836
185.0  0.320082  1.405013  1.725095
185.5  0.342208  1.381729  1.723937
186.0  0.350826  1.373366  1.724193
186.5  0.346926  1.377461  1.724387
187.0  0.338229  1.387253  1.725482
187.5  0.336521  1.389201  1.725722
188.0  0.352188  1.373663  1.725850
188.5  0.388421  1.336793  1.725213
189.0  0.438532  1.286079  1.724612
189.5  0.488285  1.235281  1.723566
190.0  0.522000  1.200942  1.722942
190.5  0.529000  1.192441  1.721441
191.0  0.507298  1.215741  1.723039
191.5  0.463486  1.259804  1.723289
192.0  0.409747  1.315443  1.725190
192.5  0.359730  1.365003  1.724733
193.0  0.324787  1.400936  1.725723
193.5  0.311466  1.414403  1.725868
194.0  0.320462  1.404603  1.725065
194.5  0.346900  1.378581  1.725481
195.0  0.381705  1.341080  1.722785
195.5  0.413909  1.310462  1.724372
196.0  0.433705  1.288343  1.722049
196.5  0.435780  1.288692  1.724472
197.0  0.421836  1.300524  1.722359
197.5  0.400777  1.324843  1.725620
198.0  0.385480  1.338938  1.724418
198.5  0.386823  1.338891  1.725715
199.0  0.407892  1.316656  1.724548
199.5  0.441851  1.281926  1.723777
200.0  0.474994  1.247866  1.722859
200.5  0.493111  1.229297  1.722408
201.0  0.487537  1.234648  1.722185
201.5  0.458057  1.265258  1.723315
202.0  0.412124  1.310941  1.723065
202.5  0.361617  1.363732  1.725349
203.0  0.318896  1.405081  1.723976
203.5  0.293484  1.432913  1.726396
204.0  0.290027  1.434149  1.724176
204.5  0.307586  1.418280  1.725866
205.0  0.340089  1.383413  1.723503
205.5  0.377776  1.346082  1.723858
206.0  0.409528  1.312981  1.722508
206.5  0.425946  1.296667  1.722613
207.0  0.422626  1.300889  1.723515
207.5  0.402490  1.319736  1.722226
208.0  0.375636  1.349620  1.725256
208.5  0.355707  1.367572  1.723279
209.0  0.353689  1.373572  1.727262
209.5  0.372207  1.350716  1.722923
210.0  0.403842  1.321447  1.725289
210.5  0.434722  1.286601  1.721324
211.0  0.451176  1.272159  1.723335
211.5  0.445623  1.276474  1.722097
212.0  0.418991  1.304185  1.723176
212.5  0.379391  1.344945  1.724335
213.0  0.338542  1.386619  1.725161
213.5  0.307799  1.418143  1.725942
214.0  0.295060  1.431272  1.726332
214.5  0.303049  1.422214  1.725263
215.0  0.328957  1.397765  1.726722
215.5  0.365191  1.357912  1.723103
216.0  0.401075  1.324236  1.725311
216.5  0.425388  1.296010  1.721398
217.0  0.429538  1.295244  1.724782
217.5  0.410765  1.311726  1.722491
218.0  0.374160  1.350783  1.724943
218.5  0.331992  1.393418  1.725411
219.0  0.299563  1.425642  1.725205
219.5  0.288727  1.438515  1.727242
220.0  0.302308  1.421208  1.723516
220.5  0.332819  1.394221  1.727040
221.0  0.366404  1.355809  1.722213
221.5  0.389555  1.335998  1.725553
222.0  0.394748  1.327031  1.721779
222.5  0.382493  1.342934  1.725428
223.0  0.359765  1.363872  1.723637
223.5  0.336441  1.389349  1.725790
224.0  0.321615  1.403669  1.725284
224.5  0.320953  1.404541  1.725494
225.0  0.335458  1.390308  1.725766
225.5  0.361488  1.362448  1.723936
226.0  0.391705  1.333269  1.724974
226.5  0.416769  1.306741  1.723510
227.0  0.427677  1.295858  1.723535
227.5  0.418601  1.304703  1.723304
228.0  0.389639  1.333435  1.723073
228.5  0.348342  1.377248  1.725590
229.0  0.308559  1.415868  1.724427
229.5  0.285899  1.442283  1.728182
230.0  0.291097  1.434437  1.725534
230.5  0.324621  1.401610  1.726231
231.0  0.375944  1.348052  1.723996
231.5  0.428225  1.294337  1.722562
232.0  0.465673  1.259315  1.724988
232.5  0.479503  1.241693  1.721196
233.0  0.469995  1.256091  1.726085
233.5  0.444730  1.275804  1.720534
234.0  0.414787  1.313038  1.727826
234.5  0.390790  1.331646  1.722436
235.0  0.379992  1.348045  1.728037
235.5  0.384772  1.338061  1.722833
236.0  0.402412  1.323201  1.725613
236.5  0.425918  1.296790  1.722707
237.0  0.445749  1.277681  1.723430
237.5  0.452373  1.270311  1.722684
238.0  0.439402  1.283198  1.722600
238.5  0.406601  1.316948  1.723549
239.0  0.361447  1.362121  1.723569
239.5  0.317770  1.407481  1.725252
240.0  0.290957  1.434644  1.725601
240.5  0.291308  1.433970  1.725278
241.0  0.318995  1.406455  1.725450
241.5  0.363828  1.359404  1.723232
242.0  0.410130  1.313636  1.723766
242.5  0.443778  1.277146  1.720924
243.0  0.457514  1.266135  1.723650
243.5  0.452375  1.270058  1.722433
244.0  0.435605  1.288094  1.723699
244.5  0.416887  1.307665  1.724552
245.0  0.404702  1.318083  1.722785
245.5  0.403878  1.322075  1.725953
246.0  0.414571  1.306387  1.720958
246.5  0.432456  1.294102  1.726558
247.0  0.449854  1.269134  1.718988
247.5  0.457583  1.267597  1.725180
248.0  0.447487  1.271038  1.718525
248.5  0.415393  1.309340  1.724733
249.0  0.363812  1.356842  1.720654
249.5  0.303095  1.421168  1.724263
250.0  0.249585  1.474792  1.724377
250.5  0.220297  1.505197  1.725494
251.0  0.225837  1.499861  1.725698
251.5  0.265221  1.459096  1.724316
252.0  0.325916  1.398388  1.724304
252.5  0.389328  1.333022  1.722350
253.0  0.438514  1.282754  1.721269
253.5  0.464022  1.258508  1.722531
254.0  0.465618  1.256039  1.721657
254.5  0.450327  1.274585  1.724911
255.0  0.428627  1.293582  1.722208
255.5  0.410626  1.315105  1.725731
256.0  0.403264  1.319277  1.722540
256.5  0.408846  1.316610  1.725456
257.0  0.424804  1.297712  1.722516
257.5  0.444474  1.278722  1.723196
258.0  0.458833  1.263876  1.722709
258.5  0.459108  1.261372  1.720480
259.0  0.440010  1.284110  1.724121
259.5  0.402726  1.316918  1.719644
260.0  0.356203  1.370769  1.726972
260.5  0.315192  1.405183  1.720375
261.0  0.294714  1.434230  1.728944
261.5  0.303027  1.418482  1.721509
262.0  0.336980  1.390124  1.727104
262.5  0.382907  1.337645  1.720552
263.0  0.422748  1.300755  1.723503
263.5  0.441759  1.279354  1.721112
264.0  0.433720  1.288490  1.722211
264.5  0.401821  1.321046  1.722867
265.0  0.356017  1.367447  1.723464
265.5  0.308882  1.416358  1.725240
266.0  0.271718  1.453678  1.725395
266.5  0.251848  1.472844  1.724692
267.0  0.251310  1.474341  1.725651
267.5  0.266778  1.456301  1.723079
268.0  0.290546  1.435762  1.726307
268.5  0.312470  1.408516  1.720986
269.0  0.322847  1.402307  1.725154
269.5  0.315895  1.404592  1.720487
270.0  0.292938  1.432208  1.725146
270.5  0.263702  1.459411  1.723113
271.0  0.244048  1.481157  1.725206
271.5  0.249827  1.476688  1.726514
272.0  0.289118  1.434150  1.723268
272.5  0.357221  1.369703  1.726925
273.0  0.437819  1.281844  1.719663
273.5  0.509886  1.215970  1.725856
274.0  0.556207  1.161112  1.717320
274.5  0.569024  1.156227  1.725250
275.0  0.550933  1.168732  1.719666
275.5  0.512071  1.213895  1.725965
276.0  0.465750  1.256718  1.722468
276.5  0.424399  1.302006  1.726406
277.0  0.396685  1.328571  1.725255
277.5  0.385999  1.339144  1.725142
278.0  0.390185  1.335025  1.725211
278.5  0.402359  1.321797  1.724156
279.0  0.412772  1.310982  1.723754
279.5  0.411673  1.311604  1.723277
280.0  0.392833  1.329753  1.722585
280.5  0.356784  1.368503  1.725287
281.0  0.312280  1.410461  1.722741
281.5  0.274374  1.453514  1.727888
282.0  0.258724  1.465182  1.723907
282.5  0.274152  1.455269  1.729421
283.0  0.317485  1.405558  1.723043
283.5  0.374228  1.352530  1.726758
284.0  0.425004  1.297554  1.722557
284.5  0.453931  1.270202  1.724133
285.0  0.454355  1.269270  1.723625
285.5  0.429820  1.294511  1.724330
286.0  0.391161  1.336676  1.727837
286.5  0.351994  1.372164  1.724158
287.0  0.324525  1.405400  1.729925
287.5  0.316635  1.407855  1.724489
288.0  0.330434  1.399793  1.730228
288.5  0.362130  1.361508  1.723639
289.0  0.403045  1.325449  1.728494
289.5  0.441703  1.281968  1.723670
290.0  0.466871  1.259262  1.726133
290.5  0.471151  1.252771  1.723922
291.0  0.454183  1.271228  1.725411
291.5  0.423989  1.301907  1.725896
292.0  0.395001  1.331955  1.726956
292.5  0.382456  1.345282  1.727738
293.0  0.395135  1.331856  1.726991
293.5  0.430365  1.295130  1.725495
294.0  0.474690  1.251934  1.726624
294.5  0.510175  1.212708  1.722883
295.0  0.522530  1.204461  1.726991
295.5  0.506546  1.215218  1.721764
296.0  0.466813  1.261339  1.728152
296.5  0.414652  1.308815  1.723467
297.0  0.363593  1.365886  1.729479
297.5  0.325296  1.401055  1.726351
298.0  0.306851  1.421924  1.728775
298.5  0.309560  1.418289  1.727849
299.0  0.329042  1.396934  1.725975
299.5  0.356437  1.371997  1.728434
300.0  0.380621  1.342662  1.723283
300.5  0.391250  1.337042  1.728292
301.0  0.382188  1.340423  1.722611
301.5  0.354340  1.374066  1.728406
302.0  0.316544  1.408034  1.724578
302.5  0.283265  1.445950  1.729215
303.0  0.269038  1.458773  1.727811
303.5  0.281645  1.448168  1.729814
304.0  0.317680  1.411137  1.728818
304.5  0.363573  1.363856  1.727429
305.0  0.401884  1.324173  1.726057
305.5  0.419206  1.306726  1.725932
306.0  0.411320  1.314672  1.725993
306.5  0.383655  1.343740  1.727395
307.0  0.347999  1.378746  1.726746
307.5  0.317783  1.412388  1.730171
308.0  0.303887  1.423352  1.727239
308.5  0.311933  1.419274  1.731207
309.0  0.341220  1.384951  1.726171
309.5  0.385085  1.344962  1.730047
310.0  0.432487  1.292096  1.724584
310.5  0.470616  1.257916  1.728532
311.0  0.488273  1.236287  1.724560
311.5  0.479454  1.247285  1.726739
312.0  0.446064  1.280967  1.727031
312.5  0.398398  1.327574  1.725972
313.0  0.352300  1.377445  1.729745
313.5  0.323216  1.402527  1.725743
314.0  0.319414  1.411202  1.730616
314.5  0.338025  1.386171  1.724196
315.0  0.366586  1.361890  1.728476
315.5  0.389421  1.334500  1.723921
316.0  0.395055  1.331628  1.726683
316.5  0.380647  1.344387  1.725034
317.0  0.351930  1.374822  1.726753
317.5  0.319843  1.407789  1.727632
318.0  0.296089  1.431674  1.727763
318.5  0.289408  1.438342  1.727750
319.0  0.303357  1.425435  1.728792
319.5  0.335666  1.391714  1.727380
320.0  0.378910  1.348904  1.727814
320.5  0.422225  1.301976  1.724201
321.0  0.453846  1.273052  1.726898
321.5  0.464151  1.259252  1.723403
322.0  0.448706  1.278137  1.726842
322.5  0.410437  1.314395  1.724833
323.0  0.359850  1.368908  1.728758
323.5  0.312413  1.415194  1.727607
324.0  0.283219  1.445067  1.728287
324.5  0.280739  1.447891  1.728630
325.0  0.302927  1.422812  1.725739
325.5  0.338332  1.390035  1.728367
326.0  0.371899  1.351809  1.723707
326.5  0.392008  1.336110  1.728118
327.0  0.394883  1.328464  1.723347
327.5  0.384753  1.343360  1.728113
328.0  0.370808  1.354657  1.725466
328.5  0.363102  1.366067  1.729170
329.0  0.369102  1.358318  1.727420
329.5  0.391653  1.336429  1.728082
330.0  0.428395  1.298988  1.727383
330.5  0.472373  1.254535  1.726907
331.0  0.513592  1.212600  1.726192
331.5  0.541324  1.184319  1.725643
332.0  0.546919  1.178128  1.725047
332.5  0.526619  1.199877  1.726497
333.0  0.483587  1.241571  1.725158
333.5  0.428059  1.295914  1.723973
334.0  0.374800  1.348003  1.722803
334.5  0.337998  1.382953  1.720951
335.0  0.325428  1.392953  1.718380
335.5  0.335024  1.379915  1.714939
336.0  0.356264  1.356286  1.712550
336.5  0.375762  1.335560  1.711323
337.0  0.383684  1.327845  1.711529
337.5  0.377433  1.335404  1.712837
338.0  0.361394  1.353050  1.714444
338.5  0.343914  1.373243  1.717158
339.0  0.333558  1.386103  1.719660
339.5  0.336166  1.385504  1.721670
340.0  0.353308  1.370499  1.723806
340.5  0.382063  1.343266  1.725329
341.0  0.415835  1.310639  1.726474
341.5  0.445908  1.281177  1.727085
342.0  0.463543  1.263944  1.727487
342.5  0.462374  1.265939  1.728313
343.0  0.440700  1.288047  1.728746
343.5  0.402992  1.325837  1.728829
344.0  0.359735  1.369538  1.729273
344.5  0.324815  1.405350  1.730165
345.0  0.310575  1.420948  1.731524
345.5  0.322279  1.410708  1.732987
346.0  0.355122  1.378840  1.733962
346.5  0.396156  1.338411  1.734568
347.0  0.430362  1.305558  1.735920
347.5  0.447231  1.291574  1.738805
348.0  0.444272  1.297139  1.741411
348.5  0.426412  1.316569  1.742982
349.0  0.402695  1.340909  1.743605
349.5  0.382437  1.361856  1.744293
350.0  0.372295  1.371156  1.743451
350.5  0.374747  1.367163  1.741910
351.0  0.387841  1.351824  1.739665
351.5  0.405912  1.330785  1.736697
352.0  0.421009  1.312457  1.733465
352.5  0.424900  1.305955  1.730855
353.0  0.411457  1.316916  1.728373
353.5  0.379008  1.347726  1.726733
354.0  0.331982  1.393468  1.725451
354.5  0.280911  1.444584  1.725495
355.0  0.239965  1.485945  1.725910
355.5  0.222053  1.503947  1.725999
356.0  0.233143  1.492520  1.725663
356.5  0.268981  1.455846  1.724827
357.0  0.316715  1.407376  1.724091
357.5  0.360854  1.362809  1.723663
358.0  0.389962  1.332902  1.722864
358.5  0.400382  1.322412  1.722794
359.0  0.395825  1.326016  1.721842
359.5  0.384221  1.337518  1.721739
360.0  0.373976  1.347913  1.721889
360.5  0.371156  1.350355  1.721511
361.0  0.378066  1.342257  1.720323
361.5  0.393066  1.326555  1.719621
362.0  0.411272  1.308702  1.719974
362.5  0.425900  1.294757  1.720657
363.0  0.430096  1.290760  1.720857
363.5  0.419081  1.302567  1.721648
364.0  0.392223  1.331019  1.723241
364.5  0.354388  1.370642  1.725029
365.0  0.315682  1.410459  1.726141
365.5  0.288843  1.438376  1.727219
366.0  0.284430  1.443429  1.727859
366.5  0.305616  1.421786  1.727402
367.0  0.345723  1.379925  1.725648
367.5  0.390690  1.334390  1.725080
368.0  0.425448  1.298570  1.724018
368.5  0.440378  1.284372  1.724750
369.0  0.434386  1.291713  1.726100
369.5  0.413792  1.314212  1.728004
370.0  0.388696  1.340238  1.728934
370.5  0.369024  1.361310  1.730334
371.0  0.361668  1.369995  1.731663
371.5  0.369106  1.362336  1.731442
372.0  0.389275  1.341913  1.731188
372.5  0.416378  1.314318  1.730696
373.0  0.442372  1.288418  1.730790
373.5  0.459020  1.271243  1.730262
374.0  0.460243  1.268841  1.729084
374.5  0.444309  1.284997  1.729306
375.0  0.415100  1.314810  1.729910
375.5  0.381673  1.348240  1.729913
376.0  0.355601  1.374376  1.729977
376.5  0.346469  1.383736  1.730205
377.0  0.357229  1.372540  1.729769
377.5  0.382123  1.346901  1.729025
378.0  0.409010  1.319519  1.728528
378.5  0.425143  1.303736  1.728880
379.0  0.423023  1.306003  1.729027
379.5  0.403106  1.326497  1.729603
380.0  0.372616  1.357507  1.730123
380.5  0.341923  1.387985  1.729908
381.0  0.320640  1.408595  1.729236
381.5  0.314840  1.412755  1.727596
382.0  0.325845  1.399814  1.725659
382.5  0.350371  1.373275  1.723647
383.0  0.381664  1.339190  1.720854
383.5  0.411313  1.307071  1.718384
384.0  0.431489  1.285609  1.717098
384.5  0.437234  1.279457  1.716691
385.0  0.428239  1.287830  1.716069
385.5  0.409465  1.306611  1.716076
386.0  0.390008  1.327062  1.717071
386.5  0.380073  1.338163  1.718236
387.0  0.386657  1.331289  1.717946
387.5  0.409700  1.307845  1.717545
388.0  0.441078  1.276433  1.717510
388.5  0.467767  1.248990  1.716758
389.0  0.477816  1.237972  1.715788
389.5  0.465722  1.250000  1.715723
390.0  0.434402  1.280745  1.715147
390.5  0.393352  1.321330  1.714682
391.0  0.354659  1.361035  1.715694
391.5  0.328923  1.387414  1.716337
392.0  0.322422  1.393208  1.715630
392.5  0.335886  1.378972  1.714858
393.0  0.364692  1.350354  1.715046
393.5  0.400175  1.315470  1.715645
394.0  0.431799  1.283503  1.715302
394.5  0.449883  1.265044  1.714926
395.0  0.448420  1.267806  1.716226
395.5  0.427214  1.290801  1.718015
396.0  0.392457  1.326850  1.719306
396.5  0.355130  1.365725  1.720855
397.0  0.327253  1.395046  1.722300
397.5  0.316979  1.406756  1.723735
398.0  0.324661  1.398373  1.723034
398.5  0.342283  1.379292  1.721575
399.0  0.357197  1.363441  1.720638
399.5  0.358369  1.362691  1.721060
400.0  0.341579  1.379942  1.721522
400.5  0.310954  1.411376  1.722330
401.0  0.276712  1.447553  1.724265
401.5  0.250934  1.475353  1.726287
402.0  0.243449  1.485352  1.728801
402.5  0.259115  1.472350  1.731465
403.0  0.296780  1.436594  1.733374
403.5  0.349734  1.385332  1.735066
404.0  0.407284  1.328447  1.735732
404.5  0.457203  1.278171  1.735375
405.0  0.488714  1.246625  1.735339
405.5  0.495506  1.240372  1.735878
406.0  0.477928  1.257443  1.735371
406.5  0.443374  1.294371  1.737745
407.0  0.404190  1.330959  1.735149
407.5  0.373304  1.365983  1.739287
408.0  0.358987  1.377311  1.736298
408.5  0.361184  1.378028  1.739212
409.0  0.371686  1.363475  1.735161
409.5  0.378486  1.357943  1.736429
410.0  0.371982  1.362551  1.734532
410.5  0.349555  1.389733  1.739288
411.0  0.316390  1.422700  1.739090
411.5  0.282875  1.456110  1.738985
412.0  0.260475  1.478902  1.739377
412.5  0.257955  1.482706  1.740662
413.0  0.279004  1.461647  1.740651
413.5  0.321442  1.417582  1.739024
414.0  0.377814  1.358395  1.736209
414.5  0.437062  1.301836  1.738898
415.0  0.487023  1.247854  1.734877
415.5  0.517389  1.221106  1.738495
416.0  0.522526  1.210470  1.732996
416.5  0.503290  1.225641  1.728931
417.0  0.467019  1.259141  1.726160
417.5  0.425325  1.299922  1.725248
418.0  0.390107  1.337411  1.727518
418.5  0.369074  1.360919  1.729993
419.0  0.362717  1.369354  1.732072
419.5  0.364529  1.372724  1.737253
420.0  0.364751  1.379715  1.744467
420.5  0.355705  1.395550  1.751255
421.0  0.335708  1.421007  1.756716
421.5  0.309680  1.452972  1.762652
422.0  0.286707  1.480952  1.767659
422.5  0.276307  1.493336  1.769643
423.0  0.285117  1.486875  1.771991
423.5  0.314952  1.457651  1.772603
424.0  0.362373  1.409386  1.771759
424.5  0.419505  1.350886  1.770391
425.0  0.475779  1.293719  1.769498
425.5  0.520296  1.249694  1.769990
426.0  0.544447  1.227268  1.771715
426.5  0.544258  1.230170  1.774428
427.0  0.521716  1.256792  1.778508
427.5  0.484451  1.300705  1.785156
428.0  0.443547  1.348958  1.792505
428.5  0.409922  1.390239  1.800161
429.0  0.390427  1.417797  1.808225
429.5  0.385296  1.429868  1.815164
430.0  0.388438  1.431752  1.820190
430.5  0.390795  1.431806  1.822602
431.0  0.385071  1.438245  1.823316
431.5  0.369204  1.453670  1.822874
432.0  0.346943  1.472928  1.819871
432.5  0.325744  1.487960  1.813704
433.0  0.313497  1.493155  1.806652
433.5  0.315627  1.483079  1.798705
434.0  0.333387  1.457155  1.790542
434.5  0.363537  1.418571  1.782108
435.0  0.399169  1.375962  1.775131
435.5  0.431433  1.338351  1.769783
436.0  0.451795  1.313604  1.765399
436.5  0.454415  1.309282  1.763697
437.0  0.437964  1.326159  1.764123
437.5  0.406231  1.357572  1.763804
438.0  0.367131  1.396835  1.763966
438.5  0.330346  1.435205  1.765551
439.0  0.304350  1.462275  1.766624
439.5  0.293753  1.472026  1.765779
440.0  0.297894  1.464990  1.762884
440.5  0.311421  1.448426  1.759848
441.0  0.326935  1.428296  1.755230
441.5  0.338522  1.412180  1.750702
442.0  0.344328  1.401888  1.746216
442.5  0.346884  1.394157  1.741041
443.0  0.351349  1.385714  1.737063
443.5  0.362859  1.370922  1.733781
444.0  0.384245  1.346006  1.730251
444.5  0.414787  1.313400  1.728187
445.0  0.450161  1.278682  1.728842
445.5  0.483362  1.247417  1.730779
446.0  0.506405  1.228489  1.734893
446.5  0.512462  1.226820  1.739282
447.0  0.498018  1.247100  1.745118
447.5  0.464332  1.286619  1.750951
448.0  0.417506  1.338592  1.756098
448.5  0.366871  1.392901  1.759771
449.0  0.322177  1.439791  1.761968
449.5  0.290675  1.472463  1.763138
450.0  0.275181  1.488183  1.763364
450.5  0.273695  1.488680  1.762376
451.0  0.280682  1.482090  1.762772
451.5  0.289562  1.475133  1.764695
452.0  0.295479  1.471582  1.767061
452.5  0.297097  1.474424  1.771522
453.0  0.296667  1.480653  1.777321
453.5  0.298548  1.486343  1.784891
454.0  0.307063  1.486015  1.793078
454.5  0.324650  1.476425  1.801074
455.0  0.350840  1.456128  1.806968
455.5  0.382189  1.429055  1.811244
456.0  0.413051  1.401488  1.814539
456.5  0.437022  1.380165  1.817187
457.0  0.448797  1.366103  1.814900
457.5  0.446014  1.364153  1.810167
458.0  0.430397  1.374520  1.804917
458.5  0.407541  1.391836  1.799377
459.0  0.385150  1.407556  1.792706
459.5  0.370315  1.414473  1.784789
460.0  0.367002  1.408099  1.775101
460.5  0.374758  1.393673  1.768431
461.0  0.389096  1.375195  1.764292
461.5  0.403352  1.356324  1.759675
462.0  0.411374  1.342079  1.753453
462.5  0.410021  1.341364  1.751385
463.0  0.400385  1.353159  1.753544
463.5  0.387225  1.366737  1.753962
464.0  0.376999  1.376734  1.753733
464.5  0.375409  1.379693  1.755103
465.0  0.385414  1.369309  1.754724
465.5  0.406201  1.344310  1.750511
466.0  0.433272  1.315510  1.748783
466.5  0.459551  1.283079  1.742630
467.0  0.477316  1.259494  1.736809
467.5  0.480628  1.252255  1.732882
468.0  0.467586  1.262115  1.729701
468.5  0.441477  1.284224  1.725701
469.0  0.409956  1.313202  1.723158
469.5  0.382234  1.341225  1.723459
470.0  0.365417  1.359003  1.724420
470.5  0.361809  1.363567  1.725376
471.0  0.368426  1.359831  1.728257
471.5  0.378663  1.352175  1.730838
472.0  0.385129  1.347310  1.732439
472.5  0.382460  1.352984  1.735443
473.0  0.369173  1.369073  1.738245
473.5  0.348035  1.392657  1.740692
474.0  0.324964  1.417818  1.742782
474.5  0.306974  1.435745  1.742719
475.0  0.299970  1.444015  1.743985
475.5  0.307036  1.436188  1.743224
476.0  0.327582  1.415572  1.743154
476.5  0.357440  1.385380  1.742820
477.0  0.389881  1.351561  1.741442
477.5  0.417451  1.324951  1.742401
478.0  0.434318  1.309162  1.743480
478.5  0.438479  1.306366  1.744845
479.0  0.432795  1.315392  1.748187
479.5  0.424001  1.328497  1.752498
480.0  0.419724  1.335370  1.755094
480.5  0.424885  1.332545  1.757429
481.0  0.439373  1.320719  1.760092
481.5  0.458148  1.304270  1.762418
482.0  0.473414  1.289142  1.762556
482.5  0.477658  1.283566  1.761224
483.0  0.466338  1.295098  1.761435
483.5  0.439405  1.319647  1.759052
484.0  0.401324  1.355570  1.756894
484.5  0.359674  1.393080  1.752754
485.0  0.322914  1.426216  1.749130
485.5  0.298058  1.447937  1.745995
486.0  0.288886  1.454056  1.742942
486.5  0.295062  1.444526  1.739587
487.0  0.312282  1.426281  1.738563
487.5  0.333466  1.403511  1.736978
488.0  0.350878  1.385340  1.736218
488.5  0.358794  1.376713  1.735508
489.0  0.355879  1.379443  1.735322
489.5  0.346030  1.389850  1.735880
490.0  0.336789  1.400225  1.737014
490.5  0.335637  1.401455  1.737092
491.0  0.346087  1.389852  1.735939
491.5  0.365811  1.368860  1.734671
492.0  0.387727  1.344732  1.732459
492.5  0.403079  1.327050  1.730129
493.0  0.404818  1.322594  1.727412
493.5  0.390003  1.336052  1.726055
494.0  0.360747  1.363927  1.724674
494.5  0.323636  1.400659  1.724295
495.0  0.287919  1.436369  1.724288
495.5  0.263036  1.461598  1.724633
496.0  0.256198  1.468659  1.724857
496.5  0.270607  1.455487  1.726095
497.0  0.304642  1.422974  1.727616
497.5  0.352131  1.375623  1.727754
498.0  0.403705  1.324667  1.728373
498.5  0.449113  1.280716  1.729829
499.0  0.480121  1.251074  1.731195
499.5  0.493199  1.238458  1.731657
500.0  0.490772  1.241031  1.731804
500.5  0.480026  1.252953  1.732979
501.0  0.469369  1.264709  1.734077
501.5  0.464254  1.268837  1.733091
502.0  0.464691  1.268021  1.732712
502.5  0.465693  1.266842  1.732535
503.0  0.460033  1.273036  1.733069
503.5  0.441671  1.288964  1.730635
504.0  0.408374  1.324348  1.732722
504.5  0.362806  1.369398  1.732204
505.0  0.311942  1.422890  1.734832
505.5  0.265168  1.467783  1.732951
506.0  0.231764  1.504609  1.736373
506.5  0.218515  1.516418  1.734934
507.0  0.228073  1.506081  1.734154
507.5  0.258340  1.476179  1.734519
508.0  0.302968  1.430710  1.733678
508.5  0.352861  1.380900  1.733761
509.0  0.398495  1.333320  1.731815
509.5  0.432594  1.302112  1.734706
510.0  0.452362  1.279849  1.732211
510.5  0.460184  1.273279  1.733463
511.0  0.462064  1.270674  1.732737
511.5  0.464233  1.270727  1.734961
512.0  0.469734  1.265052  1.734786
512.5  0.476989  1.256901  1.733890
513.0  0.480984  1.251687  1.732671
513.5  0.475975  1.257695  1.733670
514.0  0.458153  1.275452  1.733605
514.5  0.427324  1.306112  1.733436
515.0  0.387338  1.345944  1.733281
515.5  0.345308  1.389907  1.735215
516.0  0.309849  1.425383  1.735232
516.5  0.288823  1.448688  1.737511
517.0  0.287260  1.447951  1.735211
517.5  0.306013  1.431844  1.737857
518.0  0.341448  1.395904  1.737352
518.5  0.386224  1.352049  1.738273
519.0  0.430981  1.304474  1.735455
519.5  0.466659  1.268723  1.735382
520.0  0.486946  1.249671  1.736616
520.5  0.490143  1.246190  1.736333
521.0  0.479559  1.256481  1.736040
521.5  0.461844  1.274027  1.735871
522.0  0.443745  1.292314  1.736059
522.5  0.428943  1.306292  1.735235
523.0  0.416835  1.316330  1.733165
523.5  0.403774  1.330148  1.733922
524.0  0.385642  1.347999  1.733641
524.5  0.360196  1.373528  1.733724
525.0  0.328322  1.404542  1.732865
525.5  0.294097  1.440524  1.734621
526.0  0.263848  1.470506  1.734354
526.5  0.244502  1.489551  1.734053
527.0  0.241642  1.493264  1.734906
527.5  0.257838  1.476800  1.734639
528.0  0.291724  1.443016  1.734740
528.5  0.338064  1.395231  1.733295
529.0  0.388818  1.345972  1.734790
529.5  0.434957  1.297731  1.732688
530.0  0.468644  1.264348  1.732992
530.5  0.485262  1.248172  1.733434
531.0  0.484665  1.250656  1.735322
531.5  0.470995  1.264658  1.735653
532.0  0.450770  1.284820  1.735590
532.5  0.429883  1.306630  1.736513
533.0  0.411110  1.323046  1.734156
533.5  0.393615  1.339994  1.733608
534.0  0.374569  1.360386  1.734954
534.5  0.351567  1.382954  1.734521
535.0  0.324381  1.410845  1.735226
535.5  0.295475  1.438611  1.734086
536.0  0.269491  1.467135  1.736626
536.5  0.252058  1.482976  1.735033
537.0  0.248262  1.488832  1.737094
537.5  0.261131  1.474895  1.736027
538.0  0.290553  1.445824  1.736377
538.5  0.332934  1.404094  1.737028
539.0  0.381760  1.353837  1.735597
539.5  0.428909  1.307722  1.736631
540.0  0.466445  1.268593  1.735038
540.5  0.488474  1.248562  1.737035
541.0  0.492656  1.241302  1.733958
541.5  0.480943  1.255300  1.736243
542.0  0.459040  1.276332  1.735373
542.5  0.434348  1.301610  1.735958
543.0  0.412925  1.322893  1.735817
543.5  0.397005  1.339672  1.736677
544.0  0.384607  1.351184  1.735791
544.5  0.371392  1.363604  1.734995
545.0  0.353437  1.381616  1.735053
545.5  0.329331  1.407624  1.736955
546.0  0.300883  1.435950  1.736833
546.5  0.272597  1.463123  1.735721
547.0  0.250384  1.485185  1.735569
547.5  0.239915  1.497649  1.737564
548.0  0.245052  1.489929  1.734981
548.5  0.266721  1.469808  1.736529
549.0  0.302537  1.433703  1.736240
549.5  0.347263  1.391751  1.739014
550.0  0.393956  1.343339  1.737295
550.5  0.435499  1.302163  1.737662
551.0  0.466200  1.270737  1.736936
551.5  0.483154  1.253445  1.736599
552.0  0.487059  1.251364  1.738424
552.5  0.481998  1.254236  1.736234
553.0  0.473822  1.266241  1.740063
553.5  0.467505  1.269272  1.736777
554.0  0.464833  1.274614  1.739447
554.5  0.463855  1.272192  1.736047
555.0  0.460358  1.278972  1.739330
555.5  0.450295  1.287065  1.737361
556.0  0.431786  1.306213  1.737999
556.5  0.405974  1.332105  1.738079
557.0  0.376712  1.362182  1.738894
557.5  0.349385  1.388609  1.737994
558.0  0.329314  1.408823  1.738137
558.5  0.320242  1.418988  1.739230
559.0  0.323327  1.416377  1.739704
559.5  0.336898  1.400730  1.737629
560.0  0.356942  1.382467  1.739409
560.5  0.378111  1.358740  1.736851
561.0  0.394955  1.345055  1.740010
561.5  0.403202  1.332941  1.736143
562.0  0.401034  1.337305  1.738339
562.5  0.390105  1.345657  1.735762
563.0  0.375646  1.362806  1.738452
563.5  0.364906  1.373410  1.738316
564.0  0.364077  1.373487  1.737563
564.5  0.375250  1.362998  1.738247
565.0  0.395316  1.340887  1.736203
565.5  0.417471  1.321694  1.739165
566.0  0.434229  1.301566  1.735795
566.5  0.440244  1.298743  1.738987
567.0  0.433855  1.302344  1.736199
567.5  0.417161  1.321890  1.739050
568.0  0.394948  1.343932  1.738880
568.5  0.373041  1.368410  1.741451
569.0  0.356612  1.382870  1.739482
569.5  0.348934  1.391379  1.740312
570.0  0.350795  1.389455  1.740250
570.5  0.360569  1.378577  1.739146
571.0  0.374768  1.363120  1.737888
571.5  0.388897  1.350082  1.738980
572.0  0.398599  1.339684  1.738283
572.5  0.401086  1.338087  1.739172
573.0  0.396538  1.339856  1.736395
573.5  0.388565  1.353160  1.741725
574.0  0.382830  1.355518  1.738349
574.5  0.384103  1.358016  1.742118
575.0  0.393423  1.342576  1.735999
575.5  0.407323  1.332355  1.739678
576.0  0.419514  1.316798  1.736312
576.5  0.423814  1.314411  1.738225
577.0  0.416660  1.321425  1.738084
577.5  0.398244  1.340199  1.738443
578.0  0.372188  1.367764  1.739953
578.5  0.344171  1.393779  1.737950
579.0  0.320127  1.420077  1.740204
579.5  0.304631  1.431508  1.736139
580.0  0.299911  1.439748  1.739659
580.5  0.305638  1.430750  1.736388
581.0  0.319331  1.418914  1.738245
581.5  0.337099  1.398663  1.735761
582.0  0.354476  1.381820  1.736296
582.5  0.367440  1.367779  1.735218
583.0  0.373709  1.361478  1.735187
583.5  0.373993  1.361669  1.735662
584.0  0.372192  1.363458  1.735650
584.5  0.373672  1.362571  1.736243
585.0  0.382112  1.355844  1.737957
585.5  0.396910  1.338739  1.735649
586.0  0.413022  1.324242  1.737264
586.5  0.423268  1.309880  1.733149
587.0  0.421535  1.316258  1.737792
587.5  0.405157  1.328619  1.733777
588.0  0.375756  1.364775  1.740531
588.5  0.338600  1.398214  1.736814
589.0  0.301005  1.440054  1.741059
589.5  0.270352  1.469363  1.739715
590.0  0.252309  1.486935  1.739245
590.5  0.249711  1.491633  1.741343
591.0  0.262271  1.476824  1.739095
591.5  0.287034  1.454446  1.741480
592.0  0.319236  1.417772  1.737009
592.5  0.353341  1.388257  1.741598
593.0  0.384235  1.353079  1.737314
593.5  0.408675  1.332200  1.740875
594.0  0.426608  1.309887  1.736495
594.5  0.441337  1.297965  1.739302
595.0  0.457626  1.280356  1.737982
595.5  0.478333  1.261819  1.740153
596.0  0.501759  1.237054  1.738814
596.5  0.521737  1.215982  1.737719
597.0  0.530447  1.207886  1.738333
597.5  0.522090  1.217032  1.739122
598.0  0.495374  1.242993  1.738366
598.5  0.453984  1.287654  1.741638
599.0  0.405291  1.335535  1.740826
599.5  0.358120  1.385950  1.744070
600.0  0.320409  1.420187  1.740596
600.5  0.297419  1.448687  1.746106
601.0  0.290874  1.449375  1.740249
601.5  0.299084  1.447966  1.747050
602.0  0.317795  1.422743  1.740539
602.5  0.341350  1.403093  1.744443
603.0  0.363879  1.375724  1.739603
603.5  0.380563  1.362706  1.743269
604.0  0.389079  1.353530  1.742609
604.5  0.390829  1.351534  1.742363
605.0  0.390794  1.354549  1.745342
605.5  0.395137  1.347387  1.742524
606.0  0.407352  1.338788  1.746140
606.5  0.425474  1.317896  1.743370
607.0  0.442498  1.301230  1.743728
607.5  0.449783  1.290700  1.740483
608.0  0.441179  1.300790  1.741968
608.5  0.415650  1.326078  1.741727
609.0  0.377567  1.365128  1.742695
609.5  0.335120  1.407986  1.743106
610.0  0.297808  1.445432  1.743239
610.5  0.273907  1.468787  1.742694
611.0  0.268590  1.473783  1.742373
611.5  0.283036  1.459534  1.742569
612.0  0.314609  1.428768  1.743376
612.5  0.357810  1.383013  1.740823
613.0  0.405562  1.338199  1.743761
613.5  0.450511  1.288482  1.738992
614.0  0.486389  1.257995  1.744384
614.5  0.509560  1.229089  1.738650
615.0  0.520335  1.224931  1.745266
615.5  0.522900  1.216650  1.739551
616.0  0.522964  1.223052  1.746016
616.5  0.523916  1.218770  1.742686
617.0  0.524089  1.221721  1.745809
617.5  0.517289  1.226340  1.743629
618.0  0.496357  1.245219  1.741575
618.5  0.457339  1.285518  1.742857
619.0  0.401878  1.339006  1.740883
619.5  0.336979  1.408864  1.745843
620.0  0.272803  1.471219  1.744021
620.5  0.219722  1.526909  1.746631
621.0  0.185705  1.556244  1.741949
621.5  0.174674  1.568585  1.743259
622.0  0.186094  1.557042  1.743136
622.5  0.215651  1.528551  1.744201
623.0  0.256596  1.488387  1.744983
623.5  0.301239  1.440498  1.741737
624.0  0.342273  1.400349  1.742622
624.5  0.374061  1.369528  1.743589
625.0  0.394053  1.351733  1.745786
625.5  0.403924  1.341633  1.745556
626.0  0.409178  1.332349  1.741527
626.5  0.416371  1.328731  1.745102
627.0  0.428968  1.312141  1.741109
627.5  0.444653  1.301583  1.746236
628.0  0.456277  1.282111  1.738388
628.5  0.455878  1.287452  1.743330
629.0  0.439049  1.297751  1.736800
629.5  0.407125  1.334829  1.741953
630.0  0.366559  1.371842  1.738401
630.5  0.326423  1.416142  1.742565
631.0  0.295427  1.446711  1.742138
631.5  0.279563  1.461609  1.741171
632.0  0.280896  1.460198  1.741094
632.5  0.297613  1.441898  1.739511
633.0  0.325039  1.418416  1.743455
633.5  0.357080  1.383254  1.740334
634.0  0.387505  1.353525  1.741031
634.5  0.410855  1.328983  1.739838
635.0  0.423270  1.319171  1.742441
635.5  0.423663  1.316106  1.739769
636.0  0.414873  1.324738  1.739611
636.5  0.403428  1.340485  1.743912
637.0  0.396811  1.345681  1.742492
637.5  0.399166  1.344093  1.743259
638.0  0.408410  1.334729  1.743138
638.5  0.417191  1.326169  1.743359
639.0  0.417148  1.327828  1.744976
639.5  0.403507  1.337948  1.741456
640.0  0.377290  1.361197  1.738487
640.5  0.344507  1.391740  1.736247
641.0  0.313470  1.421943  1.735413
641.5  0.291793  1.442091  1.733884
642.0  0.284217  1.448583  1.732800
642.5  0.291742  1.442330  1.734072
643.0  0.312014  1.422647  1.734661
643.5  0.340549  1.396069  1.736618
644.0  0.372129  1.367283  1.739412
644.5  0.401746  1.340389  1.742134
645.0  0.424964  1.320388  1.745352
645.5  0.438271  1.309113  1.747384
646.0  0.440069  1.309960  1.750030
646.5  0.432131  1.319005  1.751136
647.0  0.420056  1.328955  1.749011
647.5  0.411274  1.338230  1.749504
648.0  0.411079  1.338799  1.749878
648.5  0.419396  1.328432  1.747828
649.0  0.430871  1.317940  1.748811
649.5  0.438288  1.312528  1.750816
650.0  0.436764  1.315585  1.752349
650.5  0.426054  1.329632  1.755687
651.0  0.410099  1.350523  1.760621
651.5  0.394714  1.371241  1.765956
652.0  0.384945  1.386797  1.771741
652.5  0.383228  1.396192  1.779420
653.0  0.388921  1.382813  1.771734
653.5  0.399112  1.377460  1.776571
654.0  0.410178  1.362076  1.772254
654.5  0.419256  1.355315  1.774571
655.0  0.424830  1.351066  1.775897
655.5  0.426301  1.343823  1.770123
656.0  0.423252  1.350734  1.773987
656.5  0.415490  1.352067  1.767556
657.0  0.404062  1.371232  1.775294
657.5  0.392109  1.375296  1.767405
658.0  0.384001  1.388960  1.772961
658.5  0.382723  1.384691  1.767414
659.0  0.387465  1.383741  1.771206
659.5  0.393603  1.375536  1.769139
660.0  0.395296  1.374316  1.769612
660.5  0.388801  1.379922  1.768723
661.0  0.374317  1.395135  1.769452
661.5  0.355573  1.414510  1.770082
662.0  0.337811  1.433136  1.770946
662.5  0.325475  1.445580  1.771055
663.0  0.320615  1.454558  1.775173
663.5  0.322535  1.448082  1.770616
664.0  0.328641  1.446253  1.774895
664.5  0.336015  1.434178  1.770193
665.0  0.342851  1.433655  1.776506
665.5  0.348978  1.420816  1.769794
666.0  0.355230  1.419699  1.774928
666.5  0.362364  1.410683  1.773047
667.0  0.370636  1.403409  1.774045
667.5  0.380416  1.394740  1.775156
668.0  0.392887  1.379722  1.772610
668.5  0.409504  1.367235  1.776739
669.0  0.430130  1.342096  1.772226
669.5  0.451525  1.328582  1.780107
670.0  0.467903  1.302983  1.770886
670.5  0.473561  1.302411  1.775973
671.0  0.465779  1.307217  1.772996
671.5  0.446118  1.332431  1.778550
672.0  0.419567  1.356661  1.776229
672.5  0.392274  1.386467  1.778740
673.0  0.369115  1.408684  1.777799
673.5  0.352116  1.425470  1.777587
674.0  0.340216  1.437592  1.777807
674.5  0.330372  1.447584  1.777957
675.0  0.319493  1.456971  1.776464
675.5  0.306246  1.471615  1.777861
676.0  0.291792  1.485225  1.777017
676.5  0.279063  1.499924  1.778986
677.0  0.271223  1.503674  1.774897
677.5  0.270572  1.508101  1.778673
678.0  0.278511  1.497862  1.776373
678.5  0.295900  1.483927  1.779827
679.0  0.322585  1.454635  1.777220
679.5  0.356052  1.422484  1.778536
680.0  0.390681  1.388334  1.779015
680.5  0.418988  1.357901  1.776889
681.0  0.434514  1.344138  1.778652
681.5  0.434558  1.341638  1.776197
682.0  0.421097  1.357824  1.778922
682.5  0.399631  1.375050  1.774681
683.0  0.376809  1.403500  1.780309
683.5  0.358027  1.418106  1.776132
684.0  0.345887  1.432626  1.778513
684.5  0.339941  1.437367  1.777308
685.0  0.337697  1.439745  1.777442
685.5  0.336452  1.439152  1.775604
686.0  0.335085  1.441302  1.776388
686.5  0.334862  1.443237  1.778099
687.0  0.338747  1.439209  1.777956
687.5  0.349689  1.426329  1.776018
688.0  0.369113  1.409808  1.778920
688.5  0.396498  1.382528  1.779027
689.0  0.429798  1.350362  1.780160
689.5  0.465662  1.311737  1.777399
690.0  0.499191  1.281582  1.780772
690.5  0.524091  1.255745  1.779836
691.0  0.534157  1.245794  1.779952
691.5  0.525694  1.251502  1.777196
692.0  0.499398  1.278934  1.778333
692.5  0.460470  1.318311  1.778781
693.0  0.416906  1.362275  1.779182
693.5  0.376861  1.404307  1.781168
694.0  0.346198  1.430597  1.776795
694.5  0.327046  1.451853  1.778899
695.0  0.317750  1.459720  1.777470
695.5  0.314190  1.464497  1.778686
696.0  0.312008  1.463239  1.775247
696.5  0.308860  1.468334  1.777194
697.0  0.305621  1.472665  1.778286
697.5  0.305869  1.473656  1.779526
698.0  0.313968  1.465828  1.779795
698.5  0.332951  1.447222  1.780173
699.0  0.363365  1.417953  1.781317
699.5  0.403126  1.378780  1.781906
700.0  0.447689  1.334548  1.782236
700.5  0.490249  1.290297  1.780546
701.0  0.522658  1.257137  1.779794
701.5  0.537581  1.243749  1.781330
702.0  0.531194  1.249796  1.780989
702.5  0.504885  1.277156  1.782041
703.0  0.464942  1.318673  1.783615
703.5  0.420414  1.365971  1.786385
704.0  0.380210  1.408610  1.788820
704.5  0.350557  1.439291  1.789847
705.0  0.333582  1.456335  1.789917
705.5  0.327361  1.462279  1.789640
706.0  0.327362  1.461282  1.788644
706.5  0.328820  1.459419  1.788238
707.0  0.329096  1.460445  1.789541
707.5  0.328927  1.459977  1.788904
708.0  0.331799  1.457227  1.789026
708.5  0.341823  1.448940  1.790764
709.0  0.361420  1.429678  1.791099
709.5  0.390146  1.399815  1.789962
710.0  0.424807  1.363832  1.788639
710.5  0.460073  1.328282  1.788355
711.0  0.489140  1.298714  1.787854
711.5  0.504858  1.281028  1.785886
712.0  0.501758  1.283855  1.785613
712.5  0.478318  1.310334  1.788652
713.0  0.438130  1.351581  1.789711
713.5  0.389132  1.402338  1.791469
714.0  0.341201  1.451032  1.792233
714.5  0.303169  1.490450  1.793619
715.0  0.280335  1.514562  1.794897
715.5  0.273215  1.522445  1.795660
716.0  0.277834  1.517439  1.795273
716.5  0.287501  1.505964  1.793465
717.0  0.295553  1.499318  1.794871
717.5  0.298121  1.498109  1.796231
718.0  0.295665  1.499116  1.794781
718.5  0.292439  1.501417  1.793856
719.0  0.294116  1.500192  1.794308
719.5  0.304987  1.488324  1.793311
720.0  0.326246  1.465091  1.791337
720.5  0.355766  1.433273  1.789039
721.0  0.388679  1.399340  1.788019
721.5  0.418233  1.366769  1.785002
722.0  0.437197  1.347188  1.784385
722.5  0.440074  1.344306  1.784380
723.0  0.425412  1.360074  1.785486
723.5  0.396863  1.390594  1.787457
724.0  0.362275  1.428486  1.790762
724.5  0.331185  1.462742  1.793927
725.0  0.311799  1.483367  1.795166
725.5  0.308552  1.488111  1.796663
726.0  0.320943  1.477948  1.798891
726.5  0.343967  1.455447  1.799413
727.0  0.370049  1.428772  1.798821
727.5  0.391977  1.404515  1.796493
728.0  0.405745  1.389802  1.795547
728.5  0.411974  1.382542  1.794516
729.0  0.414998  1.381272  1.796270
729.5  0.420007  1.374258  1.794264
730.0  0.430029  1.365795  1.795825
730.5  0.444606  1.353399  1.798005
731.0  0.460459  1.340714  1.801173
731.5  0.472956  1.331740  1.804696
732.0  0.477246  1.329995  1.807241
732.5  0.469186  1.343803  1.812990
733.0  0.446650  1.373357  1.820006
733.5  0.410953  1.414031  1.824984
734.0  0.367411  1.461428  1.828839
734.5  0.324298  1.506758  1.831055
735.0  0.290490  1.543473  1.833964
735.5  0.272738  1.560849  1.833587
736.0  0.273535  1.557739  1.831274
736.5  0.290273  1.535948  1.826220
737.0  0.315947  1.507904  1.823851
737.5  0.341385  1.480625  1.822010
738.0  0.358485  1.456048  1.814533
738.5  0.363387  1.446976  1.810363
739.0  0.358128  1.453325  1.811453
739.5  0.349650  1.459078  1.808728
740.0  0.346408  1.458906  1.805313
740.5  0.354418  1.456557  1.810976
741.0  0.374963  1.437876  1.812839
741.5  0.404709  1.405379  1.810088
742.0  0.437312  1.370507  1.807818
742.5  0.465293  1.345596  1.810889
743.0  0.481921  1.328458  1.810379
743.5  0.483156  1.322431  1.805587
744.0  0.469190  1.332195  1.801385
744.5  0.444723  1.353816  1.798539
745.0  0.417592  1.375315  1.792907
745.5  0.396261  1.391276  1.787537
746.0  0.387133  1.397923  1.785056
746.5  0.392536  1.388701  1.781237
747.0  0.409928  1.365100  1.775028
747.5  0.432556  1.340127  1.772682
748.0  0.451527  1.321823  1.773350
748.5  0.458888  1.314240  1.773128
749.0  0.450708  1.323763  1.774471
749.5  0.428789  1.350425  1.779214
750.0  0.399865  1.385530  1.785395
750.5  0.372511  1.417558  1.790070
751.0  0.353534  1.439380  1.792914
751.5  0.345899  1.450354  1.796253
752.0  0.348779  1.450964  1.799743
752.5  0.358689  1.444016  1.802705
753.0  0.370660  1.433383  1.804043
753.5  0.379481  1.424507  1.803988
754.0  0.381352  1.422501  1.803854
754.5  0.375485  1.429302  1.804787
755.0  0.364651  1.440937  1.805587
755.5  0.354160  1.452013  1.806173
756.0  0.349725  1.460198  1.809923
756.5  0.355163  1.462629  1.817792
757.0  0.370766  1.452078  1.822844
757.5  0.392833  1.437221  1.830054
758.0  0.414496  1.425250  1.839746
758.5  0.427770  1.421735  1.849505
759.0  0.426384  1.433185  1.859569
759.5  0.408510  1.458426  1.866936
760.0  0.378046  1.495275  1.873321
760.5  0.343433  1.535261  1.878694
761.0  0.314257  1.563773  1.878029
761.5  0.297501  1.580023  1.877524
762.0  0.295563  1.579458  1.875021
762.5  0.306607  1.562032  1.868639
763.0  0.326068  1.533968  1.860037
763.5  0.348078  1.505271  1.853349
764.0  0.366701  1.481790  1.848492
764.5  0.377423  1.464743  1.842165
765.0  0.378608  1.457874  1.836482
765.5  0.372130  1.463862  1.835991
766.0  0.362619  1.472886  1.835504
766.5  0.355647  1.478645  1.834292
767.0  0.355602  1.479473  1.835075
767.5  0.364023  1.470298  1.834320
768.0  0.378864  1.454206  1.833070
768.5  0.394931  1.436960  1.831891
769.0  0.405487  1.422131  1.827618
769.5  0.404780  1.417551  1.822331
770.0  0.390680  1.427726  1.818406
770.5  0.366195  1.444674  1.810869
771.0  0.338725  1.462186  1.800911
771.5  0.317104  1.471536  1.788641
772.0  0.308057  1.472748  1.780805
772.5  0.314091  1.462692  1.776783
773.0  0.333523  1.439818  1.773341
773.5  0.361682  1.411493  1.773175
774.0  0.392228  1.383449  1.775677
774.5  0.418531  1.365177  1.783708
775.0  0.435351  1.359360  1.794711
775.5  0.440447  1.363652  1.804099
776.0  0.435224  1.378230  1.813453
776.5  0.423945  1.399907  1.823852
777.0  0.411905  1.420765  1.832670
777.5  0.403374  1.435171  1.838545
778.0  0.400039  1.441469  1.841508
778.5  0.400389  1.438476  1.838865
779.0  0.400206  1.439055  1.839262
779.5  0.394177  1.447733  1.841910
780.0  0.378297  1.464291  1.842588
780.5  0.352308  1.487374  1.839682
781.0  0.320903  1.520832  1.841736
781.5  0.292642  1.546239  1.838881
782.0  0.276724  1.569571  1.846295
782.5  0.279330  1.560105  1.839435
783.0  0.301585  1.543864  1.845449
783.5  0.339818  1.495054  1.834872
784.0  0.387135  1.457579  1.844713
784.5  0.435186  1.399518  1.834704
785.0  0.475880  1.364984  1.840864
785.5  0.503178  1.328022  1.831200
786.0  0.514599  1.323372  1.837971
786.5  0.511678  1.324810  1.836488
787.0  0.499071  1.335482  1.834553
787.5  0.482666  1.356076  1.838742
788.0  0.467466  1.362800  1.830266
788.5  0.455934  1.382856  1.838790
789.0  0.447215  1.381471  1.828686
789.5  0.437482  1.400305  1.837787
790.0  0.421461  1.403357  1.824818
790.5  0.394908  1.439326  1.834234
791.0  0.357299  1.471823  1.829122
791.5  0.313422  1.519764  1.833186
792.0  0.272602  1.557275  1.829877
792.5  0.245435  1.585139  1.830575
793.0  0.239592  1.592403  1.831995
793.5  0.257004  1.576566  1.833570
794.0  0.293591  1.537171  1.830762
794.5  0.340951  1.490297  1.831247
795.0  0.388802  1.436946  1.825748
795.5  0.427543  1.406532  1.834075
796.0  0.450596  1.373719  1.824315
796.5  0.456002  1.358756  1.814759
797.0  0.446618  1.359163  1.805781
797.5  0.428803  1.370259  1.799061
798.0  0.410131  1.382000  1.792132
798.5  0.396967  1.392103  1.789071
799.0  0.392586  1.397482  1.790068
799.5  0.396282  1.396137  1.792419
800.0  0.403700  1.392768  1.796468
800.5  0.408459  1.393854  1.802313
801.0  0.404824  1.407676  1.812500
801.5  0.390636  1.433046  1.823682
802.0  0.369104  1.464613  1.833717
802.5  0.348137  1.496195  1.844332
803.0  0.337033  1.516713  1.853746
803.5  0.342175  1.517105  1.859280
804.0  0.364127  1.498951  1.863078
804.5  0.397482  1.468269  1.865750
805.0  0.432970  1.435053  1.868023
805.5  0.460493  1.407237  1.867730
806.0  0.472044  1.395698  1.867741
806.5  0.463903  1.405563  1.869465
807.0  0.437597  1.432989  1.870585
807.5  0.399310  1.476352  1.875662
808.0  0.357958  1.525917  1.883875
808.5  0.322579  1.571562  1.894140
809.0  0.299835  1.608300  1.908136
809.5  0.292241  1.629395  1.921636
810.0  0.297508  1.637725  1.935233
810.5  0.309270  1.641252  1.950522
811.0  0.319211  1.645017  1.964228
811.5  0.320281  1.653068  1.973349
812.0  0.309992  1.667214  1.977206
812.5  0.292241  1.685677  1.977918
813.0  0.276245  1.698646  1.974891
813.5  0.272579  1.694538  1.967117
814.0  0.288201  1.669195  1.957396
814.5  0.323142  1.619839  1.942981
815.0  0.370396  1.558373  1.928769
815.5  0.418598  1.498047  1.916645
816.0  0.455941  1.451093  1.907034
816.5  0.473861  1.424124  1.897985
817.0  0.469434  1.422874  1.892309
817.5  0.445910  1.445726  1.891636
818.0  0.411416  1.478725  1.890141
818.5  0.376408  1.511327  1.887736
819.0  0.350730  1.539621  1.890351
819.5  0.341032  1.550520  1.891553
820.0  0.349072  1.538942  1.888014
820.5  0.371187  1.512313  1.883501
821.0  0.399159  1.479910  1.879069
821.5  0.422534  1.446282  1.868816
822.0  0.432081  1.424692  1.856774
822.5  0.423455  1.422793  1.846248
823.0  0.399464  1.436675  1.836139
823.5  0.369468  1.455237  1.824705
824.0  0.345657  1.471274  1.816930
824.5  0.337804  1.473981  1.811785
825.0  0.349156  1.459087  1.808243
825.5  0.375337  1.433215  1.808553
826.0  0.406454  1.404920  1.811374
826.5  0.431116  1.387856  1.818972
827.0  0.440667  1.386130  1.826797
827.5  0.432058  1.402944  1.835002
828.0  0.408528  1.437030  1.845559
828.5  0.378133  1.476179  1.854312
829.0  0.350938  1.511174  1.862112
829.5  0.335917  1.530552  1.866470
830.0  0.338389  1.530886  1.869274
830.5  0.358488  1.513995  1.872483
831.0  0.390945  1.483929  1.874874
831.5  0.426293  1.446513  1.872806
832.0  0.453472  1.418317  1.871788
832.5  0.463376  1.410687  1.874063
833.0  0.452323  1.422631  1.874953
833.5  0.423943  1.452652  1.876595
834.0  0.388261  1.494458  1.882719
834.5  0.357939  1.532883  1.890821
835.0  0.343266  1.555094  1.898360
835.5  0.348200  1.559154  1.907354
836.0  0.369170  1.546073  1.915243
836.5  0.396917  1.526253  1.923170
837.0  0.420379  1.514612  1.934992
837.5  0.430957  1.510711  1.941668
838.0  0.425466  1.516986  1.942452
838.5  0.406837  1.536036  1.942873
839.0  0.382629  1.560752  1.943381
839.5  0.362268  1.576392  1.938660
840.0  0.354031  1.576409  1.930440
840.5  0.362583  1.560968  1.923551
841.0  0.387508  1.529025  1.916533
841.5  0.423102  1.485654  1.908756
842.0  0.459576  1.444185  1.903761
842.5  0.485641  1.414463  1.900104
843.0  0.492021  1.404126  1.896147
843.5  0.474847  1.420138  1.894985
844.0  0.437504  1.459034  1.896538
844.5  0.389800  1.506496  1.896296
845.0  0.344482  1.551646  1.896128
845.5  0.312498  1.582872  1.895370
846.0  0.299089  1.595163  1.894252
846.5  0.302327  1.587999  1.890325
847.0  0.314583  1.571160  1.885742
847.5  0.326158  1.554691  1.880849
848.0  0.329447  1.546456  1.875903
848.5  0.321851  1.549647  1.871498
849.0  0.306387  1.561569  1.867956
849.5  0.290130  1.575589  1.865719
850.0  0.281414  1.580354  1.861768
850.5  0.286906  1.573002  1.859908
851.0  0.309378  1.550487  1.859866
851.5  0.346602  1.516324  1.862926
852.0  0.391569  1.476174  1.867744
852.5  0.434075  1.439331  1.873405
853.0  0.463455  1.416034  1.879490
853.5  0.471892  1.415265  1.887157
854.0  0.457252  1.438296  1.895548
854.5  0.424307  1.476578  1.900885
855.0  0.383552  1.522887  1.906439
855.5  0.347828  1.561589  1.909417
856.0  0.327950  1.583062  1.911011
856.5  0.329018  1.580171  1.909188
857.0  0.348902  1.559416  1.908318
857.5  0.379501  1.531948  1.911450
858.0  0.410234  1.503764  1.913998
858.5  0.432151  1.482754  1.914904
859.0  0.440886  1.479178  1.920063
859.5  0.437404  1.492409  1.929813
860.0  0.426706  1.513819  1.940526
860.5  0.415405  1.533167  1.948572
861.0  0.409184  1.547318  1.956502
861.5  0.410837  1.554544  1.965381
862.0  0.419261  1.552486  1.971747
862.5  0.429595  1.546947  1.976542
863.0  0.434553  1.543989  1.978541
863.5  0.426773  1.551255  1.978029
864.0  0.401614  1.573532  1.975146
864.5  0.359442  1.613876  1.973318
865.0  0.306427  1.665144  1.971572
865.5  0.253257  1.713635  1.966892
866.0  0.212041  1.751650  1.963690
866.5  0.192438  1.767519  1.959957
867.0  0.198421  1.758135  1.956556
867.5  0.226986  1.726983  1.953969
868.0  0.269447  1.682336  1.951783
868.5  0.314875  1.636502  1.951377
869.0  0.354157  1.596999  1.951155
869.5  0.382857  1.568536  1.951393
870.0  0.401860  1.549173  1.951032
870.5  0.415921  1.534399  1.950320
871.0  0.431099  1.518262  1.949361
871.5  0.452105  1.493697  1.945802
872.0  0.480330  1.458993  1.939323
872.5  0.512958  1.419586  1.932544
873.0  0.543356  1.382265  1.925621
873.5  0.562740  1.353983  1.916724
874.0  0.562821  1.347730  1.910550
874.5  0.538732  1.366998  1.905730
875.0  0.491283  1.411790  1.903074
875.5  0.427588  1.473023  1.900611
876.0  0.359629  1.542904  1.902533
876.5  0.301046  1.605791  1.906836
877.0  0.263123  1.645390  1.908514
877.5  0.251377  1.657458  1.908835
878.0  0.264048  1.645171  1.909220
878.5  0.293224  1.617393  1.910617
879.0  0.328135  1.580484  1.908619
879.5  0.359149  1.545704  1.904853
880.0  0.380730  1.521326  1.902056
880.5  0.392368  1.508865  1.901233
881.0  0.397571  1.501727  1.899299
881.5  0.401729  1.495476  1.897206
882.0  0.409752  1.486174  1.895926
882.5  0.424133  1.474289  1.898422
883.0  0.443856  1.456070  1.899925
883.5  0.464403  1.437060  1.901462
884.0  0.478968  1.428399  1.907368
884.5  0.480683  1.433362  1.914045
885.0  0.465235  1.454296  1.919531
885.5  0.432976  1.492293  1.925269
886.0  0.389621  1.542481  1.932102
886.5  0.345068  1.592529  1.937597
887.0  0.310521  1.628841  1.939362
887.5  0.294837  1.647476  1.942312
888.0  0.301402  1.643687  1.945089
888.5  0.326882  1.617068  1.943950
889.0  0.362507  1.578891  1.941398
889.5  0.397408  1.544139  1.941547
890.0  0.422498  1.521394  1.943892
890.5  0.433238  1.512126  1.945365
891.0  0.430358  1.509593  1.939951
891.5  0.418679  1.526719  1.945398
892.0  0.404856  1.534760  1.939616
892.5  0.394923  1.553113  1.948036
893.0  0.392298  1.548397  1.940696
893.5  0.396680  1.550153  1.946833
894.0  0.404076  1.537305  1.941381
894.5  0.408077  1.533838  1.941914
895.0  0.402136  1.541542  1.943678
895.5  0.382251  1.557373  1.939624
896.0  0.349087  1.596359  1.945446
896.5  0.308620  1.629288  1.937908
897.0  0.270762  1.677811  1.948573
897.5  0.246225  1.692168  1.938393
898.0  0.242664  1.705368  1.948032
898.5  0.261676  1.678483  1.940159
899.0  0.298016  1.647202  1.945217
899.5  0.341484  1.599234  1.940718
900.0  0.380674  1.562053  1.942726
900.5  0.406874  1.535132  1.942006
901.0  0.416547  1.525524  1.942070
901.5  0.411675  1.531172  1.942848
902.0  0.398286  1.545305  1.943591
902.5  0.384014  1.559547  1.943561
903.0  0.375595  1.571718  1.947313
903.5  0.376891  1.565747  1.942638
904.0  0.387835  1.561246  1.949081
904.5  0.404497  1.535714  1.940211
905.0  0.420312  1.528063  1.948375
905.5  0.428234  1.512403  1.940638
906.0  0.423274  1.522840  1.946114
906.5  0.404593  1.537642  1.942235
907.0  0.376323  1.566441  1.942764
907.5  0.346582  1.603321  1.949903
908.0  0.324777  1.617115  1.941892
908.5  0.318051  1.634443  1.952494
909.0  0.328345  1.609444  1.937789
909.5  0.351488  1.602260  1.953748
910.0  0.378894  1.561141  1.940035
910.5  0.401078  1.550933  1.952010
911.0  0.411311  1.530731  1.942042
911.5  0.407813  1.542131  1.949944
912.0  0.393817  1.552594  1.946411
912.5  0.375901  1.573154  1.949055
913.0  0.361487  1.587126  1.948612
913.5  0.356411  1.592841  1.949252
914.0  0.363191  1.584787  1.947977
914.5  0.380300  1.568236  1.948537
915.0  0.402612  1.542916  1.945528
915.5  0.422898  1.526764  1.949662
916.0  0.434096  1.507650  1.941746
916.5  0.431709  1.517897  1.949607
917.0  0.415623  1.523980  1.939603
917.5  0.390568  1.560157  1.950725
918.0  0.364841  1.574411  1.939252
918.5  0.347475  1.601859  1.949334
919.0  0.344778  1.597185  1.941962
919.5  0.357703  1.587961  1.945664
920.0  0.381335  1.563654  1.944989
920.5  0.406824  1.535094  1.941918
921.0  0.424902  1.508342  1.933244
921.5  0.429362  1.493954  1.923315
922.0  0.419057  1.492501  1.911558
922.5  0.397897  1.500000  1.897897
923.0  0.373184  1.510778  1.883962
923.5  0.353143  1.519194  1.872337
924.0  0.344471  1.517521  1.861992
924.5  0.350513  1.502428  1.852941
925.0  0.370398  1.476081  1.846479
925.5  0.399289  1.444249  1.843538
926.0  0.429672  1.413803  1.843475
926.5  0.453427  1.388043  1.841470
927.0  0.464169  1.375707  1.839876
927.5  0.459244  1.380491  1.839735
928.0  0.440675  1.397273  1.837948
928.5  0.414554  1.417143  1.831696
929.0  0.388834  1.435784  1.824617
929.5  0.370240  1.445669  1.815909
930.0  0.361653  1.444822  1.806474
930.5  0.361278  1.434435  1.795713
931.0  0.364056  1.422164  1.786220
931.5  0.364509  1.412952  1.777461
932.0  0.359513  1.411937  1.771450
932.5  0.349693  1.421995  1.771688
933.0  0.339038  1.436714  1.775753
933.5  0.333213  1.447085  1.780298
934.0  0.337402  1.448542  1.785944
934.5  0.354479  1.440686  1.795165
935.0  0.383953  1.423366  1.807319
935.5  0.421846  1.396986  1.818832
936.0  0.461446  1.366048  1.827495
936.5  0.494739  1.340821  1.835559
937.0  0.514228  1.329185  1.843413
937.5  0.514840  1.334918  1.849759
938.0  0.495485  1.358570  1.854055
938.5  0.459753  1.396784  1.856536
939.0  0.415214  1.440585  1.855799
939.5  0.371181  1.485681  1.856861
940.0  0.335593  1.522584  1.858177
940.5  0.312375  1.546697  1.859072
941.0  0.300598  1.560712  1.861310
941.5  0.295831  1.572456  1.868287
942.0  0.292870  1.586010  1.878880
942.5  0.288347  1.603604  1.891951
943.0  0.282053  1.626659  1.908713
943.5  0.276639  1.650700  1.927339
944.0  0.276193  1.669863  1.946056
944.5  0.284462  1.678447  1.962909
945.0  0.303393  1.673220  1.976613
945.5  0.332317  1.652705  1.985023
946.0  0.367880  1.620061  1.987942
946.5  0.404577  1.580230  1.984807
947.0  0.435751  1.539439  1.975190
947.5  0.454925  1.507219  1.962144
948.0  0.457373  1.488772  1.946144
948.5  0.441714  1.488524  1.930238
949.0  0.410945  1.503311  1.914255
949.5  0.372136  1.529363  1.901499
950.0  0.334432  1.556472  1.890904
950.5  0.305926  1.578603  1.884529
951.0  0.290899  1.588758  1.879658
951.5  0.288864  1.588024  1.876889
952.0  0.295816  1.580902  1.876719
952.5  0.306830  1.570032  1.876862
953.0  0.318493  1.557379  1.875872
953.5  0.330055  1.544937  1.874992
954.0  0.343093  1.530908  1.874002
954.5  0.360213  1.508493  1.868706
955.0  0.383562  1.477202  1.860764
955.5  0.413724  1.438655  1.852379
956.0  0.449216  1.392091  1.841307
956.5  0.486535  1.339432  1.825966
957.0  0.520572  1.291322  1.811893
957.5  0.545286  1.255430  1.800716
958.0  0.554682  1.236116  1.790798
958.5  0.544220  1.241388  1.785608
959.0  0.512529  1.272750  1.785279
959.5  0.462737  1.327226  1.789963
960.0  0.402468  1.395657  1.798125
960.5  0.341985  1.467918  1.809903
961.0  0.291022  1.533222  1.824244
961.5  0.255782  1.582901  1.838684
962.0  0.237592  1.615357  1.852950
962.5  0.233730  1.631871  1.865601
963.0  0.239703  1.634320  1.874023
963.5  0.251585  1.627572  1.879156
964.0  0.267332  1.616591  1.883922
964.5  0.286797  1.600459  1.887256
965.0  0.310881  1.576816  1.887697
965.5  0.340468  1.546628  1.887095
966.0  0.375593  1.512066  1.887659
966.5  0.415008  1.474602  1.889610
967.0  0.456031  1.437511  1.893542
967.5  0.494607  1.405076  1.899683
968.0  0.525594  1.384879  1.910473
968.5  0.543535  1.380944  1.924480
969.0  0.544084  1.397766  1.941850
969.5  0.525865  1.435978  1.961844
970.0  0.491885  1.491281  1.983166
970.5  0.449461  1.555304  2.004764
971.0  0.408218  1.615708  2.023926
971.5  0.376872  1.661431  2.038303
972.0  0.360330  1.687619  2.047949
972.5  0.358528  1.693407  2.051935
973.0  0.367418  1.683114  2.050532
973.5  0.381299  1.662458  2.043758
974.0  0.395153  1.637455  2.032608
974.5  0.405984  1.612586  2.018570
975.0  0.412976  1.590308  2.003284
975.5  0.416871  1.571298  1.988169
976.0  0.419150  1.554704  1.973854
976.5  0.421351  1.539533  1.960884
977.0  0.424527  1.526927  1.951453
977.5  0.428726  1.517928  1.946655
978.0  0.432490  1.510785  1.943275
978.5  0.432634  1.509082  1.941716
979.0  0.424813  1.518783  1.943596
979.5  0.405081  1.540787  1.945867
980.0  0.372056  1.573525  1.945581
980.5  0.328578  1.616476  1.945053
981.0  0.281727  1.662174  1.943902
981.5  0.240832  1.697061  1.937894
982.0  0.214243  1.711586  1.925829
982.5  0.206450  1.705468  1.911918
983.0  0.216940  1.679074  1.896014
983.5  0.241188  1.636586  1.877775
984.0  0.272981  1.586863  1.859845
984.5  0.306756  1.536621  1.843377
985.0  0.338970  1.490899  1.829869
985.5  0.368305  1.453815  1.822120
986.0  0.395086  1.423749  1.818835
986.5  0.420434  1.399502  1.819936
987.0  0.445452  1.381988  1.827441
987.5  0.470497  1.368107  1.838604
988.0  0.494542  1.356997  1.851539
988.5  0.514777  1.349912  1.864689
989.0  0.526805  1.349820  1.876625
989.5  0.525729  1.361158  1.886887
990.0  0.508058  1.388038  1.896095
990.5  0.473745  1.427786  1.901531
991.0  0.427277  1.476585  1.903862
991.5  0.377004  1.527258  1.904262
992.0  0.332712  1.573107  1.905820
992.5  0.302379  1.603811  1.906190
993.0  0.289572  1.616109  1.905682
993.5  0.292660  1.615670  1.908330
994.0  0.306051  1.609099  1.915150
994.5  0.322676  1.600374  1.923049
995.0  0.336455  1.601139  1.937593
995.5  0.343847  1.610377  1.954224
996.0  0.344255  1.629028  1.973283
996.5  0.339581  1.651124  1.990705
997.0  0.333325  1.675154  2.008480
997.5  0.329439  1.695578  2.025017
998.0  0.331046  1.705009  2.036055
998.5  0.339212  1.700368  2.039580
999.0  0.352198  1.686379  2.038577
999.5  0.365692  1.668489  2.034181
1000.0  0.374262  1.650474  2.024736
