0.0  0.391812  1.302022  1.693835
0.5  0.373310  1.321097  1.694408
1.0  0.366158  1.328602  1.694760
1.5  0.375370  1.319429  1.694800
2.0  0.401034  1.293474  1.694508
2.5  0.438300  1.255666  1.693966
3.0  0.478464  1.214837  1.693300
3.5  0.510980  1.181690  1.692670
4.0  0.526200  1.166078  1.692278
4.5  0.518370  1.173943  1.692314
5.0  0.487991  1.204791  1.692782
5.5  0.442381  1.251216  1.693597
6.0  0.393596  1.300746  1.694342
6.5  0.353970  1.340869  1.694838
7.0  0.331091  1.363752  1.694843
7.5  0.324791  1.369581  1.694372
8.0  0.327847  1.365826  1.693673
8.5  0.329988  1.363178  1.693167
9.0  0.322929  1.370127  1.693055
9.5  0.303880  1.389459  1.693339
10.0  0.276248  1.417668  1.693917
10.5  0.247803  1.446734  1.694537
11.0  0.227611  1.467366  1.694977
11.5  0.223047  1.472059  1.695107
12.0  0.237748  1.457268  1.695016
12.5  0.270756  1.424005  1.694761
13.0  0.316784  1.377474  1.694258
13.5  0.367405  1.326238  1.693644
14.0  0.413004  1.280081  1.693085
14.5  0.445248  1.247593  1.692841
15.0  0.459610  1.233512  1.693122
15.5  0.457109  1.236372  1.693481
16.0  0.444303  1.249830  1.694133
16.5  0.430972  1.263770  1.694742
17.0  0.426022  1.268992  1.695013
17.5  0.433340  1.261552  1.694892
18.0  0.449859  1.244355  1.694215
18.5  0.467023  1.226551  1.693574
19.0  0.474943  1.218187  1.693130
19.5  0.466988  1.226165  1.693153
20.0  0.442558  1.251148  1.693705
20.5  0.407035  1.287210  1.694244
21.0  0.369458  1.325309  1.694767
21.5  0.339234  1.356140  1.695373
22.0  0.323224  1.372393  1.695617
22.5  0.323992  1.371392  1.695384
23.0  0.339410  1.355654  1.695064
23.5  0.363452  1.331114  1.694565
24.0  0.387843  1.306197  1.694041
24.5  0.404280  1.289217  1.693497
25.0  0.406839  1.286507  1.693346
25.5  0.394060  1.299709  1.693769
26.0  0.369952  1.324194  1.694146
26.5  0.343191  1.351671  1.694862
27.0  0.324262  1.371218  1.695480
27.5  0.321280  1.374212  1.695491
28.0  0.336270  1.358826  1.695096
28.5  0.363915  1.330607  1.694522
29.0  0.393666  1.300028  1.693694
29.5  0.414274  1.279082  1.693356
30.0  0.418416  1.275122  1.693538
30.5  0.405290  1.288630  1.693920
31.0  0.380362  1.314065  1.694427
31.5  0.352857  1.342435  1.695292
32.0  0.332366  1.363245  1.695611
32.5  0.325842  1.369866  1.695708
33.0  0.335776  1.359726  1.695503
33.5  0.359771  1.335481  1.695252
34.0  0.391361  1.303312  1.694673
34.5  0.421787  1.272255  1.694042
35.0  0.442382  1.251344  1.693727
35.5  0.447163  1.246314  1.693477
36.0  0.434985  1.258762  1.693747
36.5  0.410462  1.284216  1.694679
37.0  0.382911  1.312245  1.695157
37.5  0.363174  1.332441  1.695614
38.0  0.359247  1.336507  1.695754
38.5  0.372629  1.322922  1.695551
39.0  0.397360  1.297454  1.694814
39.5  0.422477  1.271504  1.693980
40.0  0.436680  1.257004  1.693685
40.5  0.432879  1.260927  1.693805
41.0  0.410576  1.283531  1.694107
41.5  0.375493  1.319260  1.694753
42.0  0.337101  1.358621  1.695722
42.5  0.305356  1.390823  1.696179
43.0  0.287794  1.408815  1.696609
43.5  0.287665  1.408972  1.696637
44.0  0.303353  1.392993  1.696347
44.5  0.329026  1.366381  1.695407
45.0  0.356309  1.338777  1.695086
45.5  0.376717  1.318000  1.694717
46.0  0.384355  1.310163  1.694519
46.5  0.378191  1.316579  1.694770
47.0  0.362969  1.332303  1.695272
47.5  0.348001  1.348097  1.696099
48.0  0.343769  1.352737  1.696506
48.5  0.357422  1.339038  1.696459
49.0  0.389228  1.306907  1.696135
49.5  0.431941  1.263194  1.695135
50.0  0.473591  1.220980  1.694571
50.5  0.502300  1.192066  1.694367
51.0  0.510695  1.183389  1.694083
51.5  0.498039  1.196341  1.694379
52.0  0.469661  1.225526  1.695187
52.5  0.434488  1.261414  1.695902
53.0  0.401950  1.294329  1.696278
53.5  0.379325  1.317104  1.696429
54.0  0.370071  1.326377  1.696448
54.5  0.373296  1.322879  1.696175
55.0  0.384289  1.311400  1.695688
55.5  0.395974  1.299556  1.695530
56.0  0.401058  1.293868  1.694927
56.5  0.394492  1.300403  1.694895
57.0  0.375575  1.319620  1.695194
57.5  0.348819  1.346512  1.695331
58.0  0.322821  1.373052  1.695873
58.5  0.307088  1.389323  1.696411
59.0  0.307903  1.388455  1.696358
59.5  0.325215  1.370890  1.696105
60.0  0.352362  1.342949  1.695311
60.5  0.378963  1.315645  1.694608
61.0  0.395469  1.298855  1.694325
61.5  0.397000  1.297486  1.694486
62.0  0.384797  1.310330  1.695126
62.5  0.365103  1.330559  1.695662
63.0  0.346430  1.349577  1.696007
63.5  0.336538  1.359739  1.696277
64.0  0.340132  1.356123  1.696255
64.5  0.357713  1.338347  1.696060
65.0  0.385608  1.310047  1.695655
65.5  0.416981  1.277998  1.694979
66.0  0.443583  1.250840  1.694423
66.5  0.457984  1.236202  1.694186
67.0  0.455869  1.238525  1.694394
67.5  0.437762  1.257134  1.694896
68.0  0.409335  1.286177  1.695511
68.5  0.379721  1.316470  1.696191
69.0  0.358036  1.338211  1.696247
69.5  0.349430  1.346282  1.695712
70.0  0.352685  1.342725  1.695410
70.5  0.360820  1.334091  1.694910
71.0  0.364516  1.329895  1.694411
71.5  0.356548  1.337567  1.694116
72.0  0.334995  1.359669  1.694664
72.5  0.303932  1.391382  1.695314
73.0  0.271728  1.424140  1.695868
73.5  0.248019  1.448300  1.696319
74.0  0.240643  1.455865  1.696508
74.5  0.253478  1.443112  1.696590
75.0  0.285570  1.410610  1.696181
75.5  0.331541  1.364160  1.695701
76.0  0.382987  1.312269  1.695255
76.5  0.430550  1.264183  1.694733
77.0  0.466296  1.228271  1.694567
77.5  0.485917  1.208585  1.694502
78.0  0.490108  1.204612  1.694720
78.5  0.484379  1.210852  1.695232
79.0  0.476933  1.218887  1.695821
79.5  0.475089  1.221103  1.696192
80.0  0.481744  1.214291  1.696035
80.5  0.493753  1.201724  1.695477
81.0  0.503257  1.191608  1.694865
81.5  0.501333  1.193098  1.694432
82.0  0.482076  1.212015  1.694091
82.5  0.445180  1.249194  1.694374
83.0  0.396128  1.298936  1.695065
83.5  0.344304  1.351906  1.696210
84.0  0.300027  1.396588  1.696614
84.5  0.271629  1.425128  1.696757
85.0  0.263387  1.433296  1.696683
85.5  0.274662  1.421583  1.696245
86.0  0.300312  1.395478  1.695790
86.5  0.332166  1.363120  1.695285
87.0  0.361268  1.333486  1.694754
87.5  0.380453  1.313849  1.694302
88.0  0.386627  1.307881  1.694509
88.5  0.381949  1.313285  1.695234
89.0  0.373136  1.322762  1.695898
89.5  0.368703  1.327813  1.696516
90.0  0.374986  1.321813  1.696799
90.5  0.392807  1.303351  1.696158
91.0  0.416658  1.278797  1.695455
91.5  0.437010  1.258289  1.695298
92.0  0.444553  1.250748  1.695301
92.5  0.434153  1.260937  1.695091
93.0  0.406774  1.288458  1.695233
93.5  0.368891  1.327345  1.696236
94.0  0.330084  1.367018  1.697101
94.5  0.299980  1.397876  1.697856
95.0  0.285589  1.412441  1.698030
95.5  0.289648  1.408221  1.697869
96.0  0.310196  1.387506  1.697702
96.5  0.341283  1.356049  1.697332
97.0  0.374595  1.321704  1.696298
97.5  0.401678  1.294184  1.695862
98.0  0.416401  1.279534  1.695935
98.5  0.417025  1.279553  1.696578
99.0  0.407114  1.289959  1.697073
99.5  0.394532  1.302792  1.697324
100.0  0.388375  1.309309  1.697684
100.5  0.394833  1.302884  1.697718
101.0  0.413954  1.283581  1.697534
101.5  0.439222  1.258210  1.697432
102.0  0.460394  1.237039  1.697433
102.5  0.468066  1.230607  1.698673
103.0  0.457601  1.243202  1.700803
103.5  0.430675  1.272959  1.703634
104.0  0.394223  1.313183  1.707405
104.5  0.357704  1.353275  1.710979
105.0  0.329987  1.384595  1.714582
105.5  0.316883  1.400164  1.717046
106.0  0.319831  1.399159  1.718991
106.5  0.335841  1.384488  1.720330
107.0  0.358486  1.362063  1.720549
107.5  0.379699  1.339965  1.719664
108.0  0.392065  1.326365  1.718430
108.5  0.391215  1.325965  1.717179
109.0  0.377683  1.337592  1.715275
109.5  0.357393  1.355831  1.713225
110.0  0.340039  1.371717  1.711756
110.5  0.335403  1.374996  1.710399
111.0  0.348913  1.360569  1.709482
111.5  0.378637  1.329648  1.708285
112.0  0.415592  1.291470  1.707062
112.5  0.447428  1.258996  1.706423
113.0  0.463598  1.243303  1.706901
113.5  0.459427  1.248830  1.708256
114.0  0.437406  1.272525  1.709931
114.5  0.405663  1.305623  1.711286
115.0  0.374712  1.337530  1.712241
115.5  0.353919  1.358758  1.712677
116.0  0.348808  1.364408  1.713216
116.5  0.359749  1.352524  1.712272
117.0  0.382119  1.328393  1.710512
117.5  0.407677  1.300733  1.708411
118.0  0.426814  1.279916  1.706730
118.5  0.431271  1.274096  1.705367
119.0  0.416844  1.287307  1.704151
119.5  0.385316  1.317761  1.703077
120.0  0.344698  1.357503  1.702201
120.5  0.307084  1.394942  1.702027
121.0  0.284355  1.417643  1.701999
121.5  0.283281  1.417732  1.701014
122.0  0.302455  1.396913  1.699368
122.5  0.332839  1.365543  1.698382
123.0  0.361787  1.335473  1.697260
123.5  0.378421  1.318404  1.696825
124.0  0.377760  1.319351  1.697111
124.5  0.362001  1.335373  1.697374
125.0  0.338978  1.359182  1.698160
125.5  0.318906  1.380190  1.699096
126.0  0.310840  1.388911  1.699752
126.5  0.319946  1.380592  1.700538
127.0  0.346162  1.355311  1.701474
127.5  0.384360  1.317869  1.702229
128.0  0.425763  1.277251  1.703014
128.5  0.460257  1.244172  1.704429
129.0  0.479153  1.228750  1.707904
129.5  0.477867  1.232493  1.710360
130.0  0.457755  1.254684  1.712439
130.5  0.426264  1.288087  1.714351
131.0  0.394787  1.320540  1.715327
131.5  0.374556  1.341101  1.715657
132.0  0.372085  1.343041  1.715126
132.5  0.386375  1.326906  1.713281
133.0  0.409471  1.301513  1.710984
133.5  0.430139  1.279412  1.709551
134.0  0.438732  1.269641  1.708373
134.5  0.430915  1.275972  1.706887
135.0  0.408838  1.296545  1.705383
135.5  0.379787  1.324806  1.704594
136.0  0.353306  1.351164  1.704470
136.5  0.338007  1.366343  1.704350
137.0  0.339058  1.364923  1.703982
137.5  0.356850  1.346322  1.703172
138.0  0.386970  1.316222  1.703192
138.5  0.421363  1.281232  1.702595
139.0  0.450426  1.252155  1.702581
139.5  0.465683  1.236370  1.702053
140.0  0.462502  1.239076  1.701578
140.5  0.442003  1.260738  1.702741
141.0  0.411166  1.290829  1.701994
141.5  0.380581  1.324114  1.704695
142.0  0.360304  1.342815  1.703119
142.5  0.355555  1.349959  1.705514
143.0  0.364442  1.338095  1.702537
143.5  0.378975  1.324994  1.703969
144.0  0.388795  1.312785  1.701580
144.5  0.385654  1.317411  1.703065
145.0  0.366558  1.336505  1.703063
145.5  0.334541  1.369241  1.703783
146.0  0.297230  1.407195  1.704425
146.5  0.264140  1.440216  1.704356
147.0  0.243778  1.461514  1.705292
147.5  0.241385  1.463115  1.704500
148.0  0.257750  1.446970  1.704721
148.5  0.289176  1.414950  1.704126
149.0  0.328487  1.375375  1.703863
149.5  0.366887  1.336633  1.703520
150.0  0.396397  1.306021  1.702418
150.5  0.412383  1.291285  1.703668
151.0  0.415335  1.287477  1.702812
151.5  0.410931  1.293308  1.704240
152.0  0.407831  1.296249  1.704080
152.5  0.413749  1.290735  1.704484
153.0  0.431544  1.273317  1.704861
153.5  0.457438  1.246455  1.703893
154.0  0.482445  1.222314  1.704759
154.5  0.496279  1.206186  1.702465
155.0  0.491675  1.212300  1.703975
155.5  0.467126  1.234736  1.701862
156.0  0.427135  1.277293  1.704428
156.5  0.380360  1.323277  1.703637
157.0  0.336713  1.367586  1.704299
157.5  0.304513  1.399225  1.703737
158.0  0.288491  1.415804  1.704295
158.5  0.288988  1.414842  1.703829
159.0  0.302311  1.401104  1.703415
159.5  0.322041  1.381175  1.703216
160.0  0.340965  1.361578  1.702542
160.5  0.353321  1.349122  1.702443
161.0  0.356826  1.346210  1.703036
161.5  0.353788  1.349490  1.703278
162.0  0.350552  1.353828  1.704380
162.5  0.355043  1.349021  1.704063
163.0  0.373113  1.331835  1.704948
163.5  0.405317  1.298024  1.703341
164.0  0.445869  1.256907  1.702776
164.5  0.484533  1.217677  1.702210
165.0  0.510576  1.191253  1.701830
165.5  0.516817  1.185734  1.702550
166.0  0.501994  1.199439  1.701434
166.5  0.470742  1.233205  1.703946
167.0  0.431593  1.271086  1.702679
167.5  0.394060  1.310853  1.704913
168.0  0.365841  1.337242  1.703083
168.5  0.350888  1.353577  1.704465
169.0  0.348702  1.354187  1.702889
169.5  0.354824  1.348601  1.703424
170.0  0.362343  1.339687  1.702031
170.5  0.364121  1.337885  1.702006
171.0  0.355313  1.346525  1.701838
171.5  0.335555  1.366748  1.702303
172.0  0.309862  1.393082  1.702944
172.5  0.287405  1.416155  1.703560
173.0  0.278111  1.425889  1.704000
173.5  0.288266  1.416165  1.704430
174.0  0.317280  1.385914  1.703194
174.5  0.357437  1.345839  1.703276
175.0  0.396906  1.304635  1.701541
175.5  0.424472  1.277511  1.701982
176.0  0.433667  1.267563  1.701230
176.5  0.424625  1.277746  1.702371
177.0  0.403341  1.299383  1.702725
177.5  0.379108  1.323957  1.703065
178.0  0.361287  1.342416  1.703702
178.5  0.356466  1.346561  1.703028
179.0  0.366667  1.337418  1.704086
179.5  0.388911  1.313434  1.702345
180.0  0.416127  1.287022  1.703149
180.5  0.439173  1.262192  1.701365
181.0  0.449588  1.252841  1.702429
181.5  0.442474  1.259065  1.701539
182.0  0.418647  1.283856  1.702503
182.5  0.385014  1.317323  1.702337
183.0  0.352499  1.350959  1.703459
183.5  0.331911  1.372148  1.704059
184.0  0.329421  1.374546  1.703966
184.5  0.343868  1.359621  1.703489
185.0  0.367347  1.335603  1.702950
185.5  0.388759  1.313351  1.702111
186.0  0.398506  1.304018  1.702524
186.5  0.392115  1.309652  1.701767
187.0  0.371516  1.331738  1.703254
187.5  0.343921  1.358879  1.702800
188.0  0.319152  1.385639  1.704791
188.5  0.306511  1.397532  1.704043
189.0  0.312092  1.392502  1.704594
189.5  0.337116  1.366854  1.703970
190.0  0.377536  1.325694  1.703231
190.5  0.424930  1.278896  1.703826
191.0  0.468517  1.233472  1.701989
191.5  0.498021  1.204895  1.702916
192.0  0.506856  1.194330  1.701186
192.5  0.494689  1.208845  1.703533
193.0  0.468142  1.234699  1.702841
193.5  0.438704  1.266102  1.704806
194.0  0.418133  1.286075  1.704208
194.5  0.413258  1.291118  1.704376
195.0  0.422832  1.280656  1.703488
195.5  0.438202  1.264741  1.702943
196.0  0.447439  1.255215  1.702655
196.5  0.440666  1.261958  1.702625
197.0  0.413996  1.288786  1.702782
197.5  0.370648  1.333143  1.703791
198.0  0.319396  1.384394  1.703790
198.5  0.271479  1.434153  1.705632
199.0  0.237229  1.467233  1.704462
199.5  0.223386  1.483092  1.706478
200.0  0.231557  1.472939  1.704496
200.5  0.258005  1.447390  1.705396
201.0  0.294652  1.408567  1.703219
201.5  0.331133  1.372970  1.704103
202.0  0.357615  1.345169  1.702783
202.5  0.367901  1.334792  1.702693
203.0  0.361896  1.342481  1.704377
203.5  0.346187  1.357889  1.704076
204.0  0.331829  1.374262  1.706091
204.5  0.329676  1.374905  1.704581
205.0  0.345254  1.361273  1.706527
205.5  0.375893  1.328993  1.704885
206.0  0.411810  1.293713  1.705524
206.5  0.440556  1.262452  1.703008
207.0  0.452363  1.251017  1.703379
207.5  0.443807  1.260079  1.703886
208.0  0.418516  1.286259  1.704775
208.5  0.385291  1.319381  1.704672
209.0  0.354909  1.350298  1.705207
209.5  0.336853  1.368971  1.705824
210.0  0.336837  1.369665  1.706502
210.5  0.355510  1.349564  1.705075
211.0  0.388407  1.317356  1.705764
211.5  0.427044  1.276640  1.703684
212.0  0.461008  1.243586  1.704593
212.5  0.480816  1.221748  1.702564
213.0  0.481070  1.224296  1.705366
213.5  0.462902  1.240286  1.703188
214.0  0.434354  1.271855  1.706209
214.5  0.407733  1.299370  1.707103
215.0  0.394457  1.313202  1.707659
215.5  0.399678  1.307652  1.707330
216.0  0.419642  1.285739  1.705381
216.5  0.443368  1.262755  1.706123
217.0  0.457726  1.245532  1.703258
217.5  0.453117  1.251503  1.704620
218.0  0.427058  1.276464  1.703522
218.5  0.384534  1.321569  1.706103
219.0  0.335716  1.370075  1.705791
219.5  0.292418  1.414382  1.706800
220.0  0.264637  1.441898  1.706535
220.5  0.258027  1.448377  1.706404
221.0  0.272718  1.433614  1.706332
221.5  0.303486  1.402410  1.705896
222.0  0.341137  1.364363  1.705501
222.5  0.374857  1.330604  1.705462
223.0  0.395239  1.309021  1.704260
223.5  0.397466  1.308207  1.705673
224.0  0.383640  1.320590  1.704230
224.5  0.362913  1.344598  1.707511
225.0  0.348462  1.357397  1.705859
225.5  0.351899  1.356545  1.708445
226.0  0.377542  1.328126  1.705669
226.5  0.419706  1.287124  1.706830
227.0  0.464800  1.239883  1.704683
227.5  0.497175  1.207586  1.704761
228.0  0.505554  1.198629  1.704183
228.5  0.486952  1.216962  1.703914
229.0  0.446887  1.258984  1.705871
229.5  0.396637  1.309291  1.705927
230.0  0.349202  1.358841  1.708043
230.5  0.315505  1.391553  1.707057
231.0  0.301701  1.405949  1.707650
231.5  0.307989  1.398234  1.706223
232.0  0.328895  1.377850  1.706746
232.5  0.354819  1.350955  1.705773
233.0  0.374584  1.330178  1.704762
233.5  0.378672  1.326174  1.704846
234.0  0.362569  1.342631  1.705200
234.5  0.329240  1.377679  1.706919
235.0  0.289341  1.418609  1.707950
235.5  0.258174  1.450076  1.708250
236.0  0.249848  1.459452  1.709300
236.5  0.270986  1.436647  1.707634
237.0  0.317303  1.391860  1.709164
237.5  0.375185  1.330104  1.705289
238.0  0.427521  1.280032  1.707553
238.5  0.460605  1.244045  1.704650
239.0  0.468709  1.238412  1.707121
239.5  0.454842  1.251297  1.706139
240.0  0.428350  1.279954  1.708304
240.5  0.401044  1.307416  1.708460
241.0  0.383440  1.325116  1.708556
241.5  0.382024  1.327312  1.709336
242.0  0.397897  1.309232  1.707129
242.5  0.426748  1.282266  1.709014
243.0  0.460000  1.246710  1.706710
243.5  0.486900  1.220789  1.707689
244.0  0.497420  1.208567  1.705987
244.5  0.485544  1.222183  1.707727
245.0  0.452068  1.256072  1.708139
245.5  0.405500  1.303578  1.709077
246.0  0.359903  1.350293  1.710197
246.5  0.329746  1.380363  1.710110
247.0  0.323748  1.386378  1.710126
247.5  0.340879  1.368722  1.709601
248.0  0.370893  1.337450  1.708343
248.5  0.399208  1.310153  1.709360
249.0  0.413371  1.294578  1.707949
249.5  0.407775  1.303423  1.711198
250.0  0.384820  1.323741  1.708560
250.5  0.352888  1.359771  1.712658
251.0  0.322703  1.387757  1.710460
251.5  0.303688  1.410263  1.713951
252.0  0.301338  1.409251  1.710589
252.5  0.316038  1.396221  1.712259
253.0  0.343251  1.367021  1.710272
253.5  0.374828  1.336123  1.710951
254.0  0.401108  1.309146  1.710254
254.5  0.413532  1.296104  1.709636
255.0  0.407373  1.303138  1.710511
255.5  0.383860  1.325520  1.709380
256.0  0.350644  1.361025  1.711669
256.5  0.319748  1.390906  1.710654
257.0  0.303152  1.409207  1.712359
257.5  0.307663  1.404188  1.711851
258.0  0.331617  1.381462  1.713079
258.5  0.365441  1.347295  1.712737
259.0  0.395961  1.316355  1.712316
259.5  0.412153  1.300411  1.712563
260.0  0.409374  1.302533  1.711907
260.5  0.390389  1.321252  1.711641
261.0  0.363445  1.349194  1.712639
261.5  0.338823  1.373806  1.712630
262.0  0.325392  1.389590  1.714981
262.5  0.328158  1.385112  1.713270
263.0  0.347238  1.368371  1.715609
263.5  0.378161  1.333680  1.711840
264.0  0.413209  1.301502  1.714711
264.5  0.443422  1.268219  1.711641
265.0  0.460961  1.252297  1.713258
265.5  0.461488  1.250103  1.711591
266.0  0.445971  1.266448  1.712419
266.5  0.421029  1.291480  1.712509
267.0  0.397100  1.315334  1.712434
267.5  0.384528  1.330144  1.714672
268.0  0.388998  1.324309  1.713307
268.5  0.408595  1.305039  1.713634
269.0  0.434362  1.277094  1.711456
269.5  0.454287  1.258002  1.712289
270.0  0.458622  1.252896  1.711519
270.5  0.443776  1.268093  1.711869
271.0  0.413206  1.299708  1.712914
271.5  0.375544  1.337607  1.713152
272.0  0.341253  1.373225  1.714478
272.5  0.319235  1.395134  1.714369
273.0  0.314369  1.400521  1.714891
273.5  0.326436  1.388918  1.715354
274.0  0.350493  1.363518  1.714011
274.5  0.378445  1.335735  1.714181
275.0  0.401371  1.310172  1.711543
275.5  0.412115  1.302348  1.714463
276.0  0.407609  1.304024  1.711633
276.5  0.390260  1.324344  1.714604
277.0  0.367675  1.343359  1.711035
277.5  0.350305  1.364879  1.715184
278.0  0.347390  1.366456  1.713846
278.5  0.362724  1.352555  1.715279
279.0  0.392359  1.321334  1.713693
279.5  0.425778  1.287584  1.713362
280.0  0.450218  1.262453  1.712671
280.5  0.455929  1.255714  1.711643
281.0  0.439775  1.273621  1.713396
281.5  0.405815  1.308075  1.713890
282.0  0.363242  1.352394  1.715636
282.5  0.323005  1.392648  1.715653
283.0  0.294465  1.421188  1.715654
283.5  0.282962  1.432497  1.715460
284.0  0.288728  1.425541  1.714269
284.5  0.307209  1.408040  1.715249
285.0  0.330608  1.383432  1.714041
285.5  0.350283  1.363868  1.714151
286.0  0.359441  1.354725  1.714166
286.5  0.355490  1.360110  1.715600
287.0  0.341261  1.374362  1.715624
287.5  0.324432  1.389724  1.714156
288.0  0.314922  1.402158  1.717080
288.5  0.320934  1.394136  1.715070
289.0  0.345163  1.372482  1.717645
289.5  0.383073  1.330026  1.713099
290.0  0.424382  1.290470  1.714852
290.5  0.457229  1.254805  1.712034
291.0  0.472917  1.239619  1.712535
291.5  0.468930  1.242228  1.711158
292.0  0.449168  1.264911  1.714079
292.5  0.421839  1.292939  1.714778
293.0  0.396319  1.317540  1.713860
293.5  0.380203  1.334829  1.715032
294.0  0.377315  1.336922  1.714236
294.5  0.386980  1.327032  1.714012
295.0  0.404530  1.308223  1.712753
295.5  0.422784  1.290173  1.712957
296.0  0.434172  1.278389  1.712561
296.5  0.433081  1.278672  1.711753
297.0  0.417895  1.294546  1.712441
297.5  0.392075  1.320291  1.712366
298.0  0.363572  1.349848  1.713420
298.5  0.342301  1.371491  1.713792
299.0  0.336250  1.377590  1.713840
299.5  0.347850  1.366135  1.713985
300.0  0.372498  1.339663  1.712161
300.5  0.400317  1.312978  1.713295
301.0  0.420383  1.290578  1.710962
301.5  0.425243  1.288634  1.713877
302.0  0.413532  1.297059  1.710590
302.5  0.389844  1.323922  1.713766
303.0  0.362458  1.348726  1.711183
303.5  0.340224  1.374077  1.714301
304.0  0.329794  1.382634  1.712428
304.5  0.333889  1.379657  1.713546
305.0  0.350824  1.361273  1.712096
305.5  0.375188  1.336936  1.712124
306.0  0.399396  1.312123  1.711519
306.5  0.415774  1.294984  1.710757
307.0  0.418795  1.291914  1.710709
307.5  0.407010  1.303446  1.710456
308.0  0.383994  1.327717  1.711711
308.5  0.357627  1.354576  1.712202
309.0  0.337438  1.374287  1.711725
309.5  0.330759  1.382075  1.712834
310.0  0.339371  1.372889  1.712259
310.5  0.358523  1.354530  1.713053
311.0  0.379085  1.331721  1.710806
311.5  0.391743  1.319328  1.711071
312.0  0.391027  1.319976  1.711002
312.5  0.377243  1.334318  1.711561
313.0  0.355825  1.357906  1.713731
313.5  0.334867  1.378279  1.713146
314.0  0.322135  1.392956  1.715091
314.5  0.322608  1.390072  1.712680
315.0  0.337141  1.377723  1.714865
315.5  0.362408  1.350410  1.712817
316.0  0.391951  1.323654  1.715605
316.5  0.417976  1.295644  1.713620
317.0  0.433471  1.280255  1.713725
317.5  0.434223  1.279506  1.713729
318.0  0.420326  1.293389  1.713715
318.5  0.396625  1.319359  1.715984
319.0  0.371609  1.343478  1.715087
319.5  0.354644  1.361103  1.715747
320.0  0.352315  1.363479  1.715794
320.5  0.365487  1.349672  1.715159
321.0  0.388783  1.325935  1.714718
321.5  0.413016  1.299660  1.712676
322.0  0.429340  1.283879  1.713219
322.5  0.432957  1.279499  1.712456
323.0  0.424644  1.289277  1.713921
323.5  0.409829  1.304042  1.713871
324.0  0.396076  1.318365  1.714441
324.5  0.390219  1.323842  1.714061
325.0  0.396114  1.317102  1.713216
325.5  0.413560  1.300883  1.714443
326.0  0.438480  1.273967  1.712447
326.5  0.464171  1.249376  1.713546
327.0  0.483176  1.227995  1.711170
327.5  0.489299  1.224138  1.713438
328.0  0.479337  1.231692  1.711028
328.5  0.454177  1.258922  1.713099
329.0  0.418951  1.293389  1.712340
329.5  0.381884  1.332013  1.713897
330.0  0.351794  1.362220  1.714014
330.5  0.334834  1.379710  1.714543
331.0  0.331866  1.382020  1.713886
331.5  0.338036  1.374469  1.712505
332.0  0.345065  1.367543  1.712607
332.5  0.345141  1.366831  1.711973
333.0  0.334345  1.377581  1.711926
333.5  0.313981  1.397947  1.711928
334.0  0.289605  1.422032  1.711638
334.5  0.268606  1.445136  1.713742
335.0  0.257510  1.456139  1.713649
335.5  0.259928  1.453832  1.713760
336.0  0.275619  1.436674  1.712293
336.5  0.300755  1.412114  1.712869
337.0  0.329193  1.383463  1.712656
337.5  0.354310  1.357183  1.711493
338.0  0.370908  1.341036  1.711944
338.5  0.376739  1.334390  1.711128
339.0  0.373327  1.339172  1.712500
339.5  0.365771  1.345071  1.710842
340.0  0.361305  1.352299  1.713604
340.5  0.366711  1.345620  1.712331
341.0  0.385307  1.328354  1.713662
341.5  0.414948  1.296116  1.711065
342.0  0.448367  1.262337  1.710704
342.5  0.476024  1.234425  1.710450
343.0  0.490079  1.219994  1.710072
343.5  0.487403  1.222825  1.710228
344.0  0.470350  1.240568  1.710918
344.5  0.445320  1.266320  1.711640
345.0  0.420124  1.292037  1.712161
345.5  0.401320  1.310628  1.711949
346.0  0.392309  1.320467  1.712775
346.5  0.392602  1.319586  1.712188
347.0  0.398292  1.314424  1.712716
347.5  0.403484  1.307577  1.711061
348.0  0.402255  1.307777  1.710031
348.5  0.390596  1.319300  1.709896
349.0  0.367889  1.343079  1.710969
349.5  0.337520  1.376091  1.713611
350.0  0.306393  1.409532  1.715925
350.5  0.283188  1.435773  1.718960
351.0  0.275575  1.446834  1.722409
351.5  0.287168  1.438018  1.725186
352.0  0.315602  1.411745  1.727346
352.5  0.352993  1.375894  1.728886
353.0  0.388919  1.340708  1.729627
353.5  0.414519  1.315485  1.730004
354.0  0.425662  1.305047  1.730710
354.5  0.423836  1.307894  1.731730
355.0  0.414778  1.317156  1.731934
355.5  0.405818  1.326483  1.732301
356.0  0.403126  1.329934  1.733060
356.5  0.409705  1.323561  1.733266
357.0  0.424583  1.308897  1.733479
357.5  0.443274  1.290937  1.734211
358.0  0.459268  1.277043  1.736311
358.5  0.466077  1.272597  1.738674
359.0  0.459287  1.281489  1.740776
359.5  0.438102  1.306578  1.744680
360.0  0.405976  1.343210  1.749186
360.5  0.370047  1.381656  1.751704
361.0  0.339265  1.412948  1.752212
361.5  0.321481  1.430229  1.751709
362.0  0.320421  1.430165  1.750585
362.5  0.333912  1.413178  1.747090
363.0  0.354550  1.388224  1.742774
363.5  0.372752  1.366415  1.739166
364.0  0.380752  1.354088  1.734841
364.5  0.375523  1.355460  1.730983
365.0  0.359433  1.368961  1.728394
365.5  0.338771  1.387361  1.726132
366.0  0.321136  1.403210  1.724346
366.5  0.312808  1.410845  1.723653
367.0  0.316892  1.405945  1.722836
367.5  0.332572  1.389992  1.722564
368.0  0.355525  1.366412  1.721937
368.5  0.379254  1.341862  1.721116
369.0  0.396974  1.323158  1.720132
369.5  0.403605  1.315357  1.718962
370.0  0.397439  1.320577  1.718016
370.5  0.381023  1.336508  1.717531
371.0  0.360837  1.355094  1.715931
371.5  0.345476  1.368697  1.714173
372.0  0.342579  1.369863  1.712442
372.5  0.355538  1.355537  1.711076
373.0  0.381593  1.328695  1.710288
373.5  0.412613  1.297469  1.710081
374.0  0.438441  1.272845  1.711285
374.5  0.451123  1.262322  1.713445
375.0  0.447890  1.268426  1.716316
375.5  0.431707  1.288539  1.720246
376.0  0.409601  1.315703  1.725304
376.5  0.389872  1.338375  1.728247
377.0  0.379314  1.350649  1.729963
377.5  0.381265  1.350909  1.732174
378.0  0.394843  1.338577  1.733420
378.5  0.415421  1.318318  1.733738
379.0  0.436106  1.296667  1.732773
379.5  0.449788  1.282705  1.732492
380.0  0.451238  1.282057  1.733295
380.5  0.438771  1.296271  1.735042
381.0  0.414999  1.321410  1.736409
381.5  0.386345  1.352940  1.739285
382.0  0.361156  1.381369  1.742525
382.5  0.346766  1.399801  1.746567
383.0  0.346503  1.404467  1.750969
383.5  0.358049  1.397331  1.755380
384.0  0.374263  1.385337  1.759599
384.5  0.386262  1.377567  1.763829
385.0  0.387248  1.379273  1.766521
385.5  0.375141  1.392734  1.767875
386.0  0.353001  1.415364  1.768366
386.5  0.327452  1.440444  1.767896
387.0  0.306109  1.459433  1.765542
387.5  0.295068  1.467125  1.762193
388.0  0.297168  1.460585  1.757753
388.5  0.311380  1.441105  1.752485
389.0  0.333344  1.414367  1.747711
389.5  0.356791  1.386709  1.743500
390.0  0.375428  1.364275  1.739703
390.5  0.384791  1.352494  1.737285
391.0  0.383609  1.352705  1.736314
391.5  0.374330  1.362951  1.737281
392.0  0.362534  1.375661  1.738195
392.5  0.355131  1.383342  1.738473
393.0  0.357706  1.380892  1.738597
393.5  0.371930  1.366855  1.738785
394.0  0.394367  1.342339  1.736706
394.5  0.417581  1.321183  1.738764
395.0  0.433232  1.300851  1.734083
395.5  0.435626  1.303128  1.738753
396.0  0.423928  1.309395  1.733324
396.5  0.402210  1.337406  1.739617
397.0  0.377649  1.356924  1.734573
397.5  0.357921  1.382421  1.740342
398.0  0.348781  1.387849  1.736629
398.5  0.352504  1.385984  1.738488
399.0  0.367474  1.369464  1.736938
399.5  0.388872  1.347661  1.736532
400.0  0.410184  1.328290  1.738473
400.5  0.425086  1.310181  1.735267
401.0  0.429253  1.308454  1.737707
401.5  0.421687  1.313394  1.735082
402.0  0.405224  1.333930  1.739154
402.5  0.385873  1.356746  1.742619
403.0  0.370914  1.374672  1.745586
403.5  0.366132  1.381155  1.747287
404.0  0.373256  1.374991  1.748248
404.5  0.388942  1.358333  1.747275
405.0  0.406086  1.340414  1.746500
405.5  0.416969  1.329384  1.746353
406.0  0.416602  1.330274  1.746876
406.5  0.404622  1.344269  1.748891
407.0  0.385089  1.367638  1.752727
407.5  0.364644  1.393572  1.758216
408.0  0.350040  1.416031  1.766071
408.5  0.345961  1.429362  1.775323
409.0  0.353714  1.431418  1.785132
409.5  0.371013  1.424599  1.795612
410.0  0.392783  1.414384  1.807166
410.5  0.412703  1.404696  1.817399
411.0  0.425028  1.399330  1.824358
411.5  0.426222  1.404417  1.830639
412.0  0.416032  1.418859  1.834891
412.5  0.397699  1.437632  1.835331
413.0  0.377097  1.456467  1.833564
413.5  0.360866  1.468244  1.829110
414.0  0.353969  1.470405  1.824374
414.5  0.357624  1.461311  1.818935
415.0  0.368684  1.444099  1.812784
415.5  0.381013  1.426800  1.807813
416.0  0.388281  1.416482  1.804763
416.5  0.386784  1.416243  1.803027
417.0  0.376887  1.426847  1.803734
417.5  0.362605  1.444135  1.806740
418.0  0.349794  1.459985  1.809780
418.5  0.343848  1.468808  1.812656
419.0  0.347755  1.466969  1.814725
419.5  0.361066  1.454168  1.815234
420.0  0.379991  1.435008  1.814999
420.5  0.398543  1.412305  1.810848
421.0  0.410360  1.394073  1.804433
421.5  0.410678  1.385109  1.795787
422.0  0.397880  1.387557  1.785437
422.5  0.374208  1.400793  1.775001
423.0  0.345389  1.418345  1.763734
423.5  0.319159  1.434638  1.753797
424.0  0.302949  1.443265  1.746213
424.5  0.301331  1.440224  1.741555
425.0  0.314188  1.424783  1.738971
425.5  0.336588  1.402864  1.739452
426.0  0.360729  1.381322  1.742051
426.5  0.379177  1.366151  1.745327
427.0  0.387835  1.362387  1.750222
427.5  0.387287  1.367911  1.755198
428.0  0.382113  1.376562  1.758675
428.5  0.378780  1.381968  1.760748
429.0  0.383087  1.378903  1.761990
429.5  0.398060  1.363722  1.761782
430.0  0.422856  1.336663  1.759519
430.5  0.452906  1.305049  1.757955
431.0  0.481189  1.275096  1.756285
431.5  0.500236  1.255725  1.755961
432.0  0.504261  1.253822  1.758082
432.5  0.490856  1.272129  1.762986
433.0  0.461810  1.307988  1.769798
433.5  0.422836  1.357215  1.780051
434.0  0.382195  1.410931  1.793126
434.5  0.348436  1.458675  1.807110
435.0  0.327750  1.494387  1.822137
435.5  0.321866  1.513980  1.835847
436.0  0.327507  1.519586  1.847093
436.5  0.337927  1.517697  1.855624
437.0  0.345951  1.516050  1.862001
437.5  0.347031  1.518816  1.865847
438.0  0.340918  1.524822  1.865740
438.5  0.331396  1.531796  1.863192
439.0  0.324515  1.534933  1.859448
439.5  0.326153  1.527399  1.853551
440.0  0.339794  1.509135  1.848929
440.5  0.365143  1.479352  1.844495
441.0  0.397948  1.444168  1.842116
441.5  0.431086  1.409980  1.841066
442.0  0.456591  1.384860  1.841451
442.5  0.468020  1.376289  1.844309
443.0  0.462444  1.388023  1.850467
443.5  0.441451  1.413430  1.854881
444.0  0.410822  1.449381  1.860203
444.5  0.378890  1.485364  1.864254
445.0  0.353977  1.511522  1.865499
445.5  0.341625  1.522428  1.864052
446.0  0.342620  1.516488  1.859108
446.5  0.352774  1.497174  1.849948
447.0  0.364756  1.474268  1.839024
447.5  0.371236  1.454629  1.825865
448.0  0.367828  1.444444  1.812272
448.5  0.354587  1.444166  1.798752
449.0  0.335664  1.451269  1.786933
449.5  0.317592  1.459825  1.777417
450.0  0.306990  1.462674  1.769663
450.5  0.308419  1.456801  1.765220
451.0  0.322957  1.440881  1.763838
451.5  0.347815  1.418244  1.766059
452.0  0.377113  1.390765  1.767878
452.5  0.403594  1.367245  1.770839
453.0  0.420803  1.353866  1.774669
453.5  0.425109  1.352901  1.778010
454.0  0.416951  1.363777  1.780728
454.5  0.400873  1.380210  1.781082
455.0  0.384236  1.395496  1.779732
455.5  0.374850  1.402844  1.777694
456.0  0.378159  1.396847  1.775006
456.5  0.394991  1.378765  1.773756
457.0  0.420975  1.351163  1.772138
457.5  0.448119  1.324326  1.772446
458.0  0.467912  1.308171  1.776083
458.5  0.474460  1.308097  1.782557
459.0  0.466283  1.324915  1.791198
459.5  0.446306  1.357306  1.803612
460.0  0.420439  1.399041  1.819480
460.5  0.395507  1.438870  1.834377
461.0  0.377205  1.470128  1.847332
461.5  0.368549  1.490658  1.859208
462.0  0.369163  1.501194  1.870357
462.5  0.375529  1.502874  1.878403
463.0  0.382177  1.501058  1.883235
463.5  0.383519  1.501592  1.885111
464.0  0.375821  1.508354  1.884175
464.5  0.358717  1.523859  1.882575
465.0  0.335689  1.543195  1.878884
465.5  0.313223  1.561864  1.875086
466.0  0.298682  1.573070  1.871752
466.5  0.297498  1.572934  1.870432
467.0  0.310777  1.557916  1.868693
467.5  0.334584  1.533245  1.867829
468.0  0.361472  1.508789  1.870260
468.5  0.383560  1.491953  1.875513
469.0  0.395566  1.484094  1.879660
469.5  0.396405  1.488194  1.884599
470.0  0.388990  1.499401  1.888392
470.5  0.378703  1.511592  1.890295
471.0  0.371352  1.518223  1.889575
471.5  0.371277  1.513023  1.884300
472.0  0.380049  1.497569  1.877618
472.5  0.396019  1.469877  1.865895
473.0  0.414787  1.436855  1.851642
473.5  0.430495  1.405441  1.835936
474.0  0.437602  1.382657  1.820259
474.5  0.432666  1.375035  1.807701
475.0  0.415629  1.382441  1.798070
475.5  0.390165  1.400638  1.790803
476.0  0.362864  1.424122  1.786987
476.5  0.341272  1.445230  1.786501
477.0  0.331211  1.456623  1.787833
477.5  0.334399  1.454866  1.789265
478.0  0.347625  1.443509  1.791135
478.5  0.364144  1.427630  1.791774
479.0  0.376664  1.416002  1.792665
479.5  0.380349  1.412224  1.792573
480.0  0.374442  1.417768  1.792210
480.5  0.362074  1.426854  1.788928
481.0  0.348752  1.437156  1.785908
481.5  0.340287  1.442462  1.782749
482.0  0.340871  1.439943  1.780814
482.5  0.351787  1.426967  1.778754
483.0  0.371040  1.408990  1.780030
483.5  0.393983  1.390659  1.784641
484.0  0.414728  1.376770  1.791498
484.5  0.427893  1.372544  1.800437
485.0  0.430155  1.379380  1.809535
485.5  0.421218  1.399861  1.821080
486.0  0.403991  1.430926  1.834917
486.5  0.383935  1.462375  1.846310
487.0  0.367567  1.487066  1.854633
487.5  0.360252  1.501065  1.861317
488.0  0.363989  1.501643  1.865632
488.5  0.376380  1.490971  1.867351
489.0  0.391636  1.475721  1.867357
489.5  0.403233  1.462343  1.865576
490.0  0.406788  1.456444  1.863232
490.5  0.401687  1.459206  1.860893
491.0  0.390987  1.469169  1.860156
491.5  0.379966  1.479463  1.859429
492.0  0.374133  1.486992  1.861125
492.5  0.377363  1.487331  1.864694
493.0  0.390665  1.478198  1.868864
493.5  0.411824  1.462043  1.873868
494.0  0.435977  1.442445  1.878422
494.5  0.456936  1.427324  1.884260
495.0  0.468891  1.420578  1.889469
495.5  0.467996  1.422078  1.890074
496.0  0.453443  1.435973  1.889416
496.5  0.427772  1.459388  1.887160
497.0  0.396358  1.488400  1.884758
497.5  0.366003  1.512197  1.878200
498.0  0.342772  1.526512  1.869284
498.5  0.329731  1.528012  1.857744
499.0  0.325790  1.522626  1.848416
499.5  0.326492  1.513852  1.840344
500.0  0.326426  1.506409  1.832834
500.5  0.321848  1.504865  1.826713
501.0  0.312216  1.510994  1.823210
501.5  0.300150  1.522020  1.822170
502.0  0.290204  1.533438  1.823642
502.5  0.287147  1.537382  1.824529
503.0  0.294342  1.531119  1.825462
503.5  0.312632  1.513876  1.826508
504.0  0.339968  1.484552  1.824521
504.5  0.371860  1.451587  1.823447
505.0  0.402502  1.418330  1.820831
505.5  0.426306  1.390964  1.817270
506.0  0.439391  1.376542  1.815933
506.5  0.440607  1.373388  1.813995
507.0  0.431829  1.380667  1.812497
507.5  0.417441  1.394458  1.811900
508.0  0.403018  1.412398  1.815416
508.5  0.393398  1.427596  1.820994
509.0  0.390764  1.438203  1.828967
509.5  0.393750  1.442408  1.836157
510.0  0.398278  1.446773  1.845051
510.5  0.399745  1.454703  1.854448
511.0  0.395326  1.467777  1.863104
511.5  0.385207  1.485196  1.870403
512.0  0.372387  1.504343  1.876730
512.5  0.361427  1.520367  1.881794
513.0  0.356784  1.528079  1.884863
513.5  0.361314  1.523354  1.884669
514.0  0.375342  1.508326  1.883668
514.5  0.396501  1.487100  1.883602
515.0  0.420363  1.461345  1.881709
515.5  0.441636  1.438245  1.879881
516.0  0.455569  1.424684  1.880252
516.5  0.459157  1.422162  1.881318
517.0  0.451835  1.432915  1.884750
517.5  0.435583  1.453401  1.888985
518.0  0.414469  1.480782  1.895251
518.5  0.393595  1.508265  1.901860
519.0  0.377473  1.528741  1.906214
519.5  0.368263  1.542224  1.910488
520.0  0.364835  1.546739  1.911574
520.5  0.363404  1.546192  1.909596
521.0  0.359534  1.547447  1.906980
521.5  0.350366  1.550366  1.900732
522.0  0.335926  1.556752  1.892678
522.5  0.319062  1.564323  1.883385
523.0  0.304288  1.570490  1.874779
523.5  0.296142  1.568366  1.864508
524.0  0.297639  1.559068  1.856708
524.5  0.309277  1.542467  1.851744
525.0  0.328848  1.518271  1.847119
525.5  0.352100  1.492892  1.844992
526.0  0.374000  1.470053  1.844053
526.5  0.390216  1.454615  1.844830
527.0  0.398345  1.448105  1.846450
527.5  0.398533  1.448203  1.846737
528.0  0.393375  1.452514  1.845889
528.5  0.387142  1.458326  1.845468
529.0  0.384436  1.459016  1.843453
529.5  0.388481  1.449781  1.838261
530.0  0.399607  1.433016  1.832623
530.5  0.414845  1.414388  1.829233
531.0  0.429090  1.398036  1.827126
531.5  0.437355  1.388567  1.825922
532.0  0.436888  1.389942  1.826830
532.5  0.428147  1.402101  1.830248
533.0  0.414420  1.421094  1.835513
533.5  0.400489  1.442988  1.843477
534.0  0.390931  1.461628  1.852559
534.5  0.388558  1.472661  1.861219
535.0  0.393409  1.475575  1.868984
535.5  0.402581  1.473098  1.875679
536.0  0.411018  1.472158  1.883176
536.5  0.413101  1.474302  1.887403
537.0  0.404573  1.485736  1.890309
537.5  0.384168  1.507554  1.891723
538.0  0.354353  1.538878  1.893231
538.5  0.320922  1.571326  1.892248
539.0  0.291507  1.599813  1.891320
539.5  0.273369  1.619184  1.892553
540.0  0.271013  1.623484  1.894498
540.5  0.284521  1.616323  1.900843
541.0  0.309461  1.597822  1.907283
541.5  0.338666  1.576484  1.915150
542.0  0.365055  1.557859  1.922914
542.5  0.384131  1.546749  1.930880
543.0  0.395152  1.545135  1.940286
543.5  0.400781  1.545008  1.945789
544.0  0.405680  1.543620  1.949300
544.5  0.414632  1.535689  1.950320
545.0  0.430761  1.516672  1.947432
545.5  0.454272  1.488533  1.942804
546.0  0.482059  1.454375  1.936433
546.5  0.508311  1.420972  1.929284
547.0  0.526022  1.394167  1.920190
547.5  0.529027  1.382705  1.911732
548.0  0.514022  1.392285  1.906308
548.5  0.481929  1.419713  1.901641
549.0  0.438097  1.458785  1.896881
549.5  0.391104  1.505045  1.896150
550.0  0.350281  1.546221  1.896502
550.5  0.322615  1.572935  1.895549
551.0  0.310292  1.585870  1.896163
551.5  0.310160  1.582796  1.892956
552.0  0.315520  1.575202  1.890723
552.5  0.319298  1.566452  1.885750
553.0  0.316925  1.564154  1.881079
553.5  0.307731  1.567510  1.875241
554.0  0.294680  1.573175  1.867855
554.5  0.282962  1.576347  1.859308
555.0  0.278134  1.573605  1.851739
555.5  0.284336  1.560223  1.844559
556.0  0.302957  1.536637  1.839594
556.5  0.332005  1.505321  1.837326
557.0  0.366349  1.472456  1.838804
557.5  0.398832  1.443981  1.842813
558.0  0.422107  1.428648  1.850755
558.5  0.430786  1.427136  1.857922
559.0  0.423312  1.444319  1.867631
559.5  0.402888  1.476254  1.879142
560.0  0.376894  1.510836  1.887730
560.5  0.354615  1.541338  1.895953
561.0  0.343828  1.557563  1.901391
561.5  0.347692  1.556992  1.904685
562.0  0.363596  1.542219  1.905815
562.5  0.384669  1.522008  1.906677
563.0  0.403041  1.503605  1.906646
563.5  0.413038  1.494121  1.907159
564.0  0.412926  1.494088  1.907015
564.5  0.404925  1.505043  1.909967
565.0  0.393961  1.521217  1.915177
565.5  0.385869  1.534315  1.920185
566.0  0.385545  1.542320  1.927865
566.5  0.395436  1.542230  1.937666
567.0  0.414672  1.536809  1.951481
567.5  0.439073  1.523859  1.962932
568.0  0.462109  1.508448  1.970557
568.5  0.476700  1.501357  1.978057
569.0  0.477404  1.509154  1.986559
569.5  0.462361  1.527676  1.990037
570.0  0.434304  1.555405  1.989709
570.5  0.400100  1.586427  1.986528
571.0  0.368638  1.611139  1.979777
571.5  0.347596  1.623620  1.971217
572.0  0.340421  1.619560  1.959981
572.5  0.345099  1.602506  1.947605
573.0  0.355432  1.579289  1.934721
573.5  0.364045  1.560675  1.924721
574.0  0.365478  1.551874  1.917352
574.5  0.357993  1.556504  1.914497
575.0  0.343727  1.567620  1.911347
575.5  0.327567  1.582705  1.910272
576.0  0.315375  1.594917  1.910292
576.5  0.312146  1.598027  1.910173
577.0  0.320522  1.587989  1.908511
577.5  0.339992  1.564492  1.904484
578.0  0.366935  1.531705  1.898640
578.5  0.395503  1.493485  1.888988
579.0  0.419161  1.457795  1.876955
579.5  0.432547  1.431904  1.864450
580.0  0.433178  1.418471  1.851649
580.5  0.422478  1.418495  1.840972
581.0  0.405609  1.426741  1.832350
581.5  0.389800  1.439879  1.829679
582.0  0.381495  1.446979  1.828474
582.5  0.383502  1.449138  1.832639
583.0  0.393692  1.446408  1.840100
583.5  0.406074  1.443391  1.849465
584.0  0.413625  1.448106  1.861731
584.5  0.411312  1.439167  1.850479
585.0  0.397945  1.462557  1.860502
585.5  0.376355  1.476747  1.853102
586.0  0.352209  1.508387  1.860596
586.5  0.332076  1.525544  1.857620
587.0  0.321404  1.539094  1.860498
587.5  0.322934  1.537863  1.860797
588.0  0.335931  1.526982  1.862913
588.5  0.356356  1.505649  1.862006
589.0  0.377962  1.484583  1.862545
589.5  0.394063  1.463534  1.857597
590.0  0.399605  1.463199  1.862804
590.5  0.392964  1.461473  1.854437
591.0  0.376866  1.488970  1.865837
591.5  0.357877  1.493289  1.851166
592.0  0.344262  1.520539  1.864802
592.5  0.342728  1.509190  1.851918
593.0  0.355460  1.508109  1.863569
593.5  0.379032  1.476109  1.855140
594.0  0.405871  1.455317  1.861188
594.5  0.427414  1.432601  1.860016
595.0  0.437325  1.421019  1.858344
595.5  0.433451  1.432869  1.866320
596.0  0.418138  1.441002  1.859140
596.5  0.397160  1.472512  1.869673
597.0  0.377811  1.481560  1.859370
597.5  0.366661  1.504018  1.870680
598.0  0.367588  1.494822  1.862410
598.5  0.380566  1.488351  1.868917
599.0  0.401594  1.462204  1.863798
599.5  0.423789  1.441320  1.865109
600.0  0.439401  1.426768  1.866169
600.5  0.442214  1.424167  1.866381
601.0  0.429700  1.436864  1.866565
601.5  0.404252  1.463169  1.867421
602.0  0.372895  1.492447  1.865342
602.5  0.345169  1.522164  1.867333
603.0  0.329636  1.530673  1.860309
603.5  0.330420  1.540677  1.871097
604.0  0.345539  1.513492  1.859031
604.5  0.367944  1.501071  1.869015
605.0  0.388607  1.466792  1.855399
605.5  0.400001  1.469095  1.869095
606.0  0.398506  1.460824  1.859330
606.5  0.385174  1.481275  1.866449
607.0  0.364979  1.499997  1.864977
607.5  0.345018  1.519383  1.864401
608.0  0.332209  1.538848  1.871057
608.5  0.331111  1.531025  1.862137
609.0  0.342476  1.530606  1.873082
609.5  0.362981  1.497799  1.860780
610.0  0.386222  1.487637  1.873859
610.5  0.404628  1.454670  1.859299
611.0  0.411739  1.456065  1.867804
611.5  0.404214  1.460834  1.865049
612.0  0.383072  1.486086  1.869158
612.5  0.353718  1.514146  1.867864
613.0  0.324495  1.546095  1.870590
613.5  0.303921  1.567636  1.871557
614.0  0.297572  1.572823  1.870396
614.5  0.306064  1.563669  1.869733
615.0  0.325157  1.550585  1.875742
615.5  0.347851  1.519957  1.867808
616.0  0.367282  1.507302  1.874584
616.5  0.379146  1.485006  1.864152
617.0  0.382868  1.491379  1.874247
617.5  0.381417  1.480243  1.861660
618.0  0.379989  1.493742  1.873730
618.5  0.384017  1.478292  1.862309
619.0  0.397107  1.476745  1.873852
619.5  0.419556  1.446585  1.866141
620.0  0.447971  1.419268  1.867239
620.5  0.476163  1.390994  1.867157
621.0  0.496979  1.367937  1.864916
621.5  0.504459  1.365038  1.869497
622.0  0.495645  1.365881  1.861526
622.5  0.471524  1.402422  1.873946
623.0  0.436862  1.427105  1.863966
623.5  0.398833  1.474750  1.873583
624.0  0.364796  1.503826  1.868621
624.5  0.339967  1.534553  1.874520
625.0  0.326005  1.541761  1.867766
625.5  0.321096  1.548998  1.870093
626.0  0.321370  1.550642  1.872012
626.5  0.322868  1.547699  1.870567
627.0  0.323223  1.547907  1.871131
627.5  0.322542  1.549262  1.871804
628.0  0.323314  1.545913  1.869227
628.5  0.329396  1.546745  1.876141
629.0  0.344366  1.522372  1.866738
629.5  0.369747  1.506985  1.876732
630.0  0.403818  1.459633  1.863451
630.5  0.441573  1.437654  1.879227
631.0  0.475971  1.388932  1.864903
631.5  0.500024  1.377062  1.877086
632.0  0.508928  1.361807  1.870735
632.5  0.501451  1.373707  1.875158
633.0  0.480187  1.393962  1.874150
633.5  0.450640  1.422347  1.872987
634.0  0.419424  1.460123  1.879547
634.5  0.392154  1.476868  1.869021
635.0  0.371754  1.507445  1.879199
635.5  0.357869  1.514700  1.872570
636.0  0.347537  1.534456  1.881993
636.5  0.336749  1.536345  1.873094
637.0  0.322233  1.556556  1.878789
637.5  0.302883  1.573785  1.876668
638.0  0.280461  1.599348  1.879809
638.5  0.259367  1.617160  1.876527
639.0  0.245439  1.631195  1.876634
639.5  0.244002  1.634158  1.878159
640.0  0.257784  1.620650  1.878434
640.5  0.285533  1.589715  1.875248
641.0  0.322026  1.556944  1.878971
641.5  0.359595  1.513697  1.873292
642.0  0.390609  1.492237  1.882846
642.5  0.409938  1.461482  1.871420
643.0  0.416468  1.467437  1.883906
643.5  0.413204  1.453659  1.866863
644.0  0.405969  1.473833  1.879802
644.5  0.401206  1.464952  1.866158
645.0  0.403645  1.476065  1.879710
645.5  0.414745  1.458262  1.873006
646.0  0.432435  1.446467  1.878903
646.5  0.452125  1.422899  1.875024
647.0  0.468395  1.404336  1.872731
647.5  0.476733  1.400073  1.876806
648.0  0.474841  1.396755  1.871596
648.5  0.463310  1.413087  1.876398
649.0  0.445501  1.424707  1.870209
649.5  0.426564  1.447909  1.874473
650.0  0.411733  1.460833  1.872566
650.5  0.404376  1.472473  1.876849
651.0  0.404552  1.472939  1.877491
651.5  0.408780  1.466800  1.875580
652.0  0.411262  1.466409  1.877671
652.5  0.406144  1.468591  1.874735
653.0  0.389924  1.486095  1.876019
653.5  0.363044  1.511975  1.875019
654.0  0.330061  1.544398  1.874459
654.5  0.298274  1.580939  1.879213
655.0  0.275279  1.599009  1.874288
655.5  0.266368  1.617651  1.884019
656.0  0.272833  1.597301  1.870134
656.5  0.291804  1.591102  1.882906
657.0  0.317532  1.551505  1.869037
657.5  0.343416  1.537392  1.880808
658.0  0.363997  1.511637  1.875635
658.5  0.376382  1.507572  1.883954
659.0  0.380868  1.501194  1.882063
659.5  0.380661  1.503713  1.884374
660.0  0.380664  1.509020  1.889684
660.5  0.385611  1.499556  1.885167
661.0  0.398092  1.491783  1.889875
661.5  0.417259  1.465945  1.883204
662.0  0.438845  1.450958  1.889803
662.5  0.456577  1.428963  1.885540
663.0  0.464458  1.422448  1.886906
663.5  0.458987  1.426365  1.885352
664.0  0.440508  1.446341  1.886849
664.5  0.413242  1.475430  1.888672
665.0  0.383972  1.504072  1.888044
665.5  0.359794  1.527781  1.887575
666.0  0.345722  1.543029  1.888751
666.5  0.343097  1.543792  1.886889
667.0  0.349423  1.541920  1.891343
667.5  0.359594  1.523839  1.883433
668.0  0.367870  1.522613  1.890483
668.5  0.369851  1.508515  1.878365
669.0  0.363858  1.523501  1.887359
669.5  0.351427  1.526611  1.878038
670.0  0.336755  1.553199  1.889954
670.5  0.325195  1.554979  1.880174
671.0  0.321241  1.567563  1.888803
671.5  0.326738  1.560776  1.887515
672.0  0.340125  1.549636  1.889761
672.5  0.357046  1.530099  1.887145
673.0  0.372078  1.510144  1.882221
673.5  0.380788  1.506403  1.887191
674.0  0.381326  1.500078  1.881404
674.5  0.375063  1.510869  1.885932
675.0  0.366145  1.517933  1.884078
675.5  0.360091  1.526415  1.886506
676.0  0.361815  1.524883  1.886698
676.5  0.373734  1.510848  1.884582
677.0  0.394738  1.492123  1.886861
677.5  0.420500  1.465482  1.885982
678.0  0.444981  1.442473  1.887454
678.5  0.462501  1.422890  1.885391
679.0  0.469615  1.416871  1.886486
679.5  0.466252  1.424677  1.890928
680.0  0.455774  1.431075  1.886849
680.5  0.443876  1.451059  1.894936
681.0  0.436528  1.446467  1.882995
681.5  0.437637  1.456719  1.894356
682.0  0.447361  1.434845  1.882205
682.5  0.461859  1.431278  1.893137
683.0  0.474646  1.408697  1.883343
683.5  0.478927  1.411610  1.890537
684.0  0.469949  1.414863  1.884812
684.5  0.446545  1.436795  1.883340
685.0  0.411556  1.474403  1.885959
685.5  0.371137  1.511260  1.882397
686.0  0.333078  1.552337  1.885415
686.5  0.304463  1.575923  1.880386
687.0  0.289333  1.596240  1.885573
687.5  0.287295  1.596860  1.884156
688.0  0.293764  1.588471  1.882235
688.5  0.301776  1.581096  1.882872
689.0  0.304634  1.576575  1.881209
689.5  0.298404  1.586150  1.884553
690.0  0.283479  1.600828  1.884307
690.5  0.264725  1.622291  1.887016
691.0  0.250031  1.638799  1.888830
691.5  0.247559  1.639620  1.887180
692.0  0.262588  1.629970  1.892558
692.5  0.295247  1.587738  1.882985
693.0  0.340198  1.551547  1.891746
693.5  0.388417  1.491885  1.880303
694.0  0.430228  1.461876  1.892104
694.5  0.458286  1.422772  1.881059
695.0  0.469509  1.422586  1.892095
695.5  0.465554  1.418914  1.884468
696.0  0.451968  1.436124  1.888093
696.5  0.436250  1.450214  1.886463
697.0  0.425303  1.466455  1.891758
697.5  0.423044  1.468383  1.891428
698.0  0.429076  1.461565  1.890641
698.5  0.439007  1.451881  1.890887
699.0  0.446244  1.443816  1.890060
699.5  0.444521  1.444731  1.889252
700.0  0.430254  1.456618  1.886872
700.5  0.404059  1.480081  1.884140
701.0  0.370951  1.511372  1.882323
701.5  0.339015  1.540299  1.879314
702.0  0.316780  1.557548  1.874328
702.5  0.310138  1.558502  1.868640
703.0  0.320130  1.544536  1.864666
703.5  0.342604  1.520245  1.862849
704.0  0.369905  1.494134  1.864038
704.5  0.393687  1.472079  1.865766
705.0  0.407600  1.462185  1.869786
705.5  0.408971  1.470616  1.879587
706.0  0.399255  1.489816  1.889071
706.5  0.383393  1.514184  1.897577
707.0  0.368188  1.538310  1.906499
707.5  0.360006  1.554135  1.914141
708.0  0.362419  1.557326  1.919745
708.5  0.374780  1.548554  1.923334
709.0  0.392407  1.533071  1.925479
709.5  0.408345  1.516257  1.924602
710.0  0.415966  1.507038  1.923004
710.5  0.411438  1.509598  1.921036
711.0  0.395287  1.524230  1.919517
711.5  0.372505  1.548138  1.920643
712.0  0.351042  1.571406  1.922448
712.5  0.338993  1.584884  1.923877
713.0  0.341480  1.587429  1.928910
713.5  0.358581  1.574631  1.933212
714.0  0.385307  1.551421  1.936728
714.5  0.413602  1.527739  1.941341
715.0  0.435292  1.511998  1.947290
715.5  0.444645  1.503771  1.948416
716.0  0.439756  1.506071  1.945827
716.5  0.422715  1.520941  1.943656
717.0  0.398846  1.541568  1.940414
717.5  0.375170  1.559586  1.934756
718.0  0.358266  1.568412  1.926678
718.5  0.352033  1.566789  1.918822
719.0  0.356240  1.552390  1.908629
719.5  0.366622  1.533538  1.900161
720.0  0.376559  1.517059  1.893618
720.5  0.379653  1.509647  1.889300
721.0  0.372237  1.511697  1.883934
721.5  0.354954  1.527367  1.882320
722.0  0.332842  1.549193  1.882035
722.5  0.313738  1.567365  1.881103
723.0  0.305354  1.575746  1.881100
723.5  0.312088  1.567900  1.879988
724.0  0.333036  1.546034  1.879070
724.5  0.362243  1.514561  1.876805
725.0  0.391080  1.481880  1.872960
725.5  0.411499  1.454677  1.866176
726.0  0.418664  1.444128  1.862792
726.5  0.412132  1.444830  1.856962
727.0  0.395637  1.459723  1.855360
727.5  0.375878  1.475648  1.851526
728.0  0.360596  1.487132  1.847728
728.5  0.356210  1.489715  1.845925
729.0  0.365602  1.478670  1.844272
729.5  0.386939  1.457822  1.844761
730.0  0.414183  1.434278  1.848461
730.5  0.439201  1.416420  1.855621
731.0  0.454659  1.405924  1.860584
731.5  0.456666  1.411226  1.867892
732.0  0.446271  1.432681  1.878952
732.5  0.429258  1.457452  1.886710
733.0  0.414097  1.478882  1.892979
733.5  0.408620  1.486382  1.895002
734.0  0.416676  1.480210  1.896886
734.5  0.436309  1.464294  1.900603
735.0  0.460390  1.440915  1.901305
735.5  0.479372  1.418599  1.897971
736.0  0.484765  1.412310  1.897075
736.5  0.471848  1.427337  1.899185
737.0  0.440861  1.463408  1.904268
737.5  0.396761  1.512925  1.909686
738.0  0.347945  1.568907  1.916852
738.5  0.304167  1.618402  1.922569
739.0  0.273893  1.658317  1.932210
739.5  0.261733  1.679108  1.940841
740.0  0.266911  1.679074  1.945986
740.5  0.283588  1.666450  1.950038
741.0  0.303012  1.648838  1.951850
741.5  0.316702  1.634275  1.950977
742.0  0.319496  1.629182  1.948678
742.5  0.311446  1.631829  1.943275
743.0  0.297860  1.636842  1.934703
743.5  0.287362  1.637823  1.925185
744.0  0.288510  1.627476  1.915986
744.5  0.306250  1.601470  1.907720
745.0  0.339741  1.561224  1.900965
745.5  0.382526  1.512241  1.894768
746.0  0.424870  1.464222  1.889092
746.5  0.457088  1.429615  1.886703
747.0  0.472456  1.415470  1.887926
747.5  0.468883  1.417642  1.886525
748.0  0.449234  1.437966  1.887200
748.5  0.420444  1.467713  1.888158
749.0  0.391565  1.494874  1.886439
749.5  0.371008  1.512360  1.883368
750.0  0.363760  1.514026  1.877786
750.5  0.369653  1.501057  1.870710
751.0  0.383558  1.477020  1.860578
751.5  0.397460  1.452102  1.849562
752.0  0.403586  1.439197  1.842783
752.5  0.397395  1.436960  1.834355
753.0  0.379371  1.449606  1.828977
753.5  0.354983  1.469090  1.824073
754.0  0.332745  1.488111  1.820856
754.5  0.321002  1.504400  1.825402
755.0  0.324678  1.505047  1.829724
755.5  0.343377  1.489176  1.832552
756.0  0.371617  1.466091  1.837707
756.5  0.400967  1.442975  1.843941
757.0  0.423022  1.426900  1.849922
757.5  0.432029  1.423153  1.855182
758.0  0.426466  1.434727  1.861194
758.5  0.409415  1.453214  1.862629
759.0  0.387738  1.476172  1.863910
759.5  0.370097  1.492790  1.862887
760.0  0.364127  1.499097  1.863224
760.5  0.373621  1.491465  1.865086
761.0  0.396899  1.468669  1.865569
761.5  0.427201  1.443229  1.870430
762.0  0.454999  1.421414  1.876413
762.5  0.471335  1.413067  1.884403
763.0  0.470946  1.424702  1.895648
763.5  0.454121  1.431559  1.885680
764.0  0.426621  1.470855  1.897475
764.5  0.397572  1.490116  1.887688
765.0  0.376026  1.517625  1.893651
765.5  0.367550  1.521058  1.888608
766.0  0.372317  1.516969  1.889285
766.5  0.385476  1.507106  1.892582
767.0  0.399400  1.486370  1.885770
767.5  0.406609  1.487393  1.894003
768.0  0.402188  1.480766  1.882954
768.5  0.385121  1.505712  1.890833
769.0  0.358514  1.523058  1.881572
769.5  0.328798  1.563290  1.892089
770.0  0.303940  1.583122  1.887062
770.5  0.290901  1.600945  1.891846
771.0  0.293085  1.599481  1.892566
771.5  0.308871  1.585285  1.894156
772.0  0.332018  1.561356  1.893374
772.5  0.353900  1.539110  1.893010
773.0  0.366711  1.528598  1.895309
773.5  0.366414  1.526650  1.893065
774.0  0.354334  1.535525  1.889859
774.5  0.336758  1.559304  1.896062
775.0  0.322581  1.565327  1.887908
775.5  0.319847  1.578262  1.898108
776.0  0.332597  1.551797  1.884394
776.5  0.359402  1.538854  1.898256
777.0  0.394107  1.488817  1.882924
777.5  0.428250  1.466927  1.895176
778.0  0.453956  1.432111  1.886066
778.5  0.466223  1.425032  1.891255
779.0  0.464112  1.424131  1.888243
779.5  0.450807  1.437780  1.888588
780.0  0.432632  1.459591  1.892223
780.5  0.417071  1.469025  1.886096
781.0  0.410189  1.484770  1.894959
781.5  0.414270  1.471141  1.885412
782.0  0.426753  1.464664  1.891417
782.5  0.441028  1.442711  1.883739
783.0  0.448885  1.434903  1.883788
783.5  0.443660  1.437968  1.881628
784.0  0.422923  1.458252  1.881175
784.5  0.389724  1.491683  1.881407
785.0  0.351825  1.528036  1.879861
785.5  0.319064  1.561022  1.880086
786.0  0.299759  1.580733  1.880493
786.5  0.297674  1.579935  1.877609
787.0  0.310834  1.570158  1.880992
787.5  0.332632  1.540706  1.873338
788.0  0.354530  1.529029  1.883558
788.5  0.369090  1.503110  1.872200
789.0  0.372265  1.512929  1.885193
789.5  0.364443  1.506069  1.870513
790.0  0.350214  1.534447  1.884661
790.5  0.336922  1.539183  1.876105
791.0  0.332219  1.550574  1.882793
791.5  0.341202  1.537530  1.878732
792.0  0.364177  1.514036  1.878213
792.5  0.396109  1.489644  1.885754
793.0  0.428141  1.450392  1.878533
793.5  0.450641  1.435319  1.885959
794.0  0.456643  1.418413  1.875056
794.5  0.444497  1.442765  1.887262
795.0  0.418763  1.461692  1.880455
795.5  0.388882  1.499003  1.887885
796.0  0.365856  1.518855  1.884711
796.5  0.358079  1.527223  1.885302
797.0  0.368059  1.517404  1.885463
797.5  0.391516  1.492836  1.884352
798.0  0.419178  1.465099  1.884277
798.5  0.440315  1.441374  1.881689
799.0  0.446424  1.434209  1.880633
799.5  0.433812  1.449807  1.883619
800.0  0.404547  1.474334  1.878881
800.5  0.365783  1.522615  1.888398
801.0  0.327629  1.550725  1.878354
801.5  0.299960  1.592980  1.892940
802.0  0.289057  1.587758  1.876815
802.5  0.295359  1.598283  1.893641
803.0  0.313341  1.563903  1.877244
803.5  0.333640  1.556488  1.890129
804.0  0.346537  1.531723  1.878259
804.5  0.345545  1.544777  1.890322
805.0  0.329968  1.557216  1.887184
805.5  0.305598  1.582243  1.887840
806.0  0.283093  1.606358  1.889452
806.5  0.274288  1.611058  1.885346
807.0  0.287615  1.604279  1.891894
807.5  0.324566  1.561296  1.885862
808.0  0.378817  1.512778  1.891595
808.5  0.438411  1.450942  1.889353
809.0  0.489866  1.399911  1.889777
809.5  0.522395  1.363625  1.886019
810.0  0.530857  1.353120  1.883977
810.5  0.516883  1.372428  1.889312
811.0  0.488186  1.399610  1.887796
811.5  0.456217  1.436102  1.892319
812.0  0.432526  1.455111  1.887636
812.5  0.424804  1.462119  1.886923
813.0  0.434088  1.452984  1.887072
813.5  0.454379  1.427355  1.881734
814.0  0.474874  1.414282  1.889156
814.5  0.483852  1.392779  1.876631
815.0  0.472797  1.417412  1.890209
815.5  0.439533  1.436576  1.876109
816.0  0.389493  1.502683  1.892177
816.5  0.334560  1.544045  1.878605
817.0  0.289416  1.600817  1.890233
817.5  0.266343  1.616433  1.882777
818.0  0.270465  1.616463  1.886928
818.5  0.297677  1.586464  1.884141
819.0  0.336350  1.545555  1.881905
819.5  0.371898  1.514138  1.886036
820.0  0.391994  1.489511  1.881506
820.5  0.390398  1.495821  1.886219
821.0  0.368477  1.515384  1.883862
821.5  0.334453  1.552223  1.886676
822.0  0.300721  1.586383  1.887105
822.5  0.279840  1.607130  1.886970
823.0  0.280246  1.609492  1.889737
823.5  0.303237  1.581118  1.884355
824.0  0.342488  1.543976  1.886463
824.5  0.386248  1.494699  1.880947
825.0  0.421292  1.458912  1.880204
825.5  0.437170  1.443989  1.881159
826.0  0.429587  1.450453  1.880040
826.5  0.402028  1.474944  1.876972
827.0  0.365023  1.505172  1.870196
827.5  0.332842  1.530595  1.863437
828.0  0.318342  1.535960  1.854302
828.5  0.327879  1.515867  1.843746
829.0  0.358648  1.473069  1.831716
829.5  0.399886  1.421942  1.821828
830.0  0.437303  1.376627  1.813929
830.5  0.458493  1.349031  1.807524
831.0  0.457074  1.347604  1.804678
831.5  0.434383  1.368466  1.802849
832.0  0.398691  1.404125  1.802816
832.5  0.362390  1.443025  1.805415
833.0  0.337868  1.468602  1.806470
833.5  0.333284  1.472423  1.805707
834.0  0.349759  1.455029  1.804788
834.5  0.381124  1.423379  1.804503
835.0  0.416256  1.386584  1.802840
835.5  0.442934  1.355970  1.798904
836.0  0.451788  1.343528  1.795316
836.5  0.439242  1.353709  1.792952
837.0  0.408718  1.379896  1.788615
837.5  0.369741  1.417806  1.787547
838.0  0.334937  1.453863  1.788800
838.5  0.315630  1.475181  1.790811
839.0  0.317580  1.476816  1.794396
839.5  0.338716  1.459441  1.798157
840.0  0.370024  1.433243  1.803267
840.5  0.399174  1.410899  1.810073
841.0  0.415177  1.402986  1.818163
841.5  0.412166  1.412402  1.824568
842.0  0.391214  1.438815  1.830029
842.5  0.359900  1.474091  1.833991
843.0  0.329861  1.507325  1.837186
843.5  0.312867  1.526480  1.839346
844.0  0.316604  1.522353  1.838957
844.5  0.341779  1.494085  1.835865
845.0  0.381817  1.452472  1.834289
845.5  0.425251  1.409995  1.835246
846.0  0.459715  1.374288  1.834003
846.5  0.475973  1.357308  1.833281
847.0  0.470758  1.359799  1.830557
847.5  0.447719  1.381589  1.829308
848.0  0.416224  1.417537  1.833761
848.5  0.388237  1.440702  1.828939
849.0  0.374058  1.459308  1.833366
849.5  0.378387  1.450591  1.828978
850.0  0.398348  1.434158  1.832505
850.5  0.424486  1.407377  1.831863
851.0  0.444402  1.386234  1.830636
851.5  0.447386  1.384924  1.832310
852.0  0.428230  1.399611  1.827842
852.5  0.389026  1.447922  1.836947
853.0  0.338637  1.491527  1.830163
853.5  0.290062  1.550490  1.840551
854.0  0.256285  1.577607  1.833892
854.5  0.245850  1.596194  1.842044
855.0  0.259831  1.574933  1.834764
855.5  0.291559  1.547661  1.839220
856.0  0.329219  1.504523  1.833742
856.5  0.360148  1.474330  1.834478
857.0  0.375158  1.456218  1.831376
857.5  0.371506  1.459952  1.831458
858.0  0.353708  1.476921  1.830629
858.5  0.331971  1.497956  1.829927
859.0  0.318573  1.511823  1.830395
859.5  0.323243  1.505213  1.828456
860.0  0.349256  1.476572  1.825829
860.5  0.391940  1.437442  1.829382
861.0  0.440349  1.383514  1.823863
861.5  0.481342  1.346042  1.827384
862.0  0.504183  1.318681  1.822864
862.5  0.503894  1.322716  1.826610
863.0  0.482497  1.341564  1.824060
863.5  0.448145  1.377121  1.825265
864.0  0.412524  1.414113  1.826637
864.5  0.387112  1.436554  1.823665
865.0  0.379308  1.449728  1.829036
865.5  0.389817  1.432356  1.822173
866.0  0.412434  1.416985  1.829419
866.5  0.436375  1.386917  1.823292
867.0  0.450224  1.377108  1.827333
867.5  0.445995  1.376233  1.822228
868.0  0.421986  1.404650  1.826636
868.5  0.383576  1.441006  1.824582
869.0  0.341645  1.487204  1.828850
869.5  0.308959  1.519861  1.828820
870.0  0.295595  1.532672  1.828266
870.5  0.305118  1.522860  1.827979
871.0  0.333173  1.494677  1.827850
871.5  0.369221  1.455742  1.824963
872.0  0.400620  1.425647  1.826267
872.5  0.417158  1.406844  1.824002
873.0  0.414267  1.413838  1.828104
873.5  0.394093  1.429535  1.823627
874.0  0.364501  1.464817  1.829318
874.5  0.336468  1.489034  1.825502
875.0  0.320484  1.513412  1.833896
875.5  0.322914  1.510680  1.833593
876.0  0.343564  1.487844  1.831408
876.5  0.375534  1.453646  1.829180
877.0  0.407527  1.417986  1.825514
877.5  0.427780  1.399148  1.826928
878.0  0.428176  1.393602  1.821778
878.5  0.407190  1.421583  1.828773
879.0  0.370691  1.452637  1.823328
879.5  0.330239  1.498029  1.828268
880.0  0.299229  1.523864  1.823092
880.5  0.288073  1.539157  1.827229
881.0  0.300267  1.523544  1.823812
881.5  0.331099  1.492132  1.823231
882.0  0.369666  1.453015  1.822680
882.5  0.403235  1.419626  1.822861
883.0  0.421919  1.400522  1.822441
883.5  0.421813  1.401464  1.823277
884.0  0.405818  1.418209  1.824027
884.5  0.382312  1.447001  1.829313
885.0  0.362223  1.463070  1.825293
885.5  0.355276  1.475193  1.830468
886.0  0.366457  1.457882  1.824339
886.5  0.393959  1.437546  1.831504
887.0  0.429508  1.392883  1.822391
887.5  0.461092  1.354128  1.815220
888.0  0.477060  1.333077  1.810137
888.5  0.470190  1.339673  1.809863
889.0  0.440363  1.370396  1.810760
889.5  0.394989  1.417998  1.812987
890.0  0.346863  1.473318  1.820181
890.5  0.309953  1.517151  1.827104
891.0  0.294448  1.535098  1.829546
891.5  0.303041  1.530280  1.833321
892.0  0.330131  1.507327  1.837457
892.5  0.364354  1.476270  1.840624
893.0  0.393208  1.449596  1.842804
893.5  0.407606  1.433776  1.841382
894.0  0.404662  1.437371  1.842033
894.5  0.388139  1.456759  1.844898
895.0  0.366857  1.479291  1.846148
895.5  0.351677  1.494288  1.845965
896.0  0.351784  1.497718  1.849503
896.5  0.371270  1.484111  1.855381
897.0  0.407244  1.451172  1.858417
897.5  0.450362  1.413384  1.863746
898.0  0.487715  1.384094  1.871809
898.5  0.507095  1.371534  1.878629
899.0  0.501138  1.382953  1.884091
899.5  0.470006  1.421579  1.891585
900.0  0.421661  1.474709  1.896370
900.5  0.369478  1.527658  1.897136
901.0  0.327767  1.569457  1.897224
901.5  0.306710  1.589484  1.896194
902.0  0.308732  1.584030  1.892762
902.5  0.327920  1.558456  1.886376
903.0  0.352770  1.526825  1.879595
903.5  0.370921  1.515095  1.886016
904.0  0.373728  1.505703  1.879431
904.5  0.359006  1.526624  1.885630
905.0  0.331393  1.550261  1.881654
905.5  0.300661  1.584123  1.884784
906.0  0.278576  1.606782  1.885359
906.5  0.275064  1.611073  1.886137
907.0  0.294690  1.593502  1.888192
907.5  0.334729  1.551715  1.886444
908.0  0.385711  1.500218  1.885929
908.5  0.434412  1.451958  1.886370
909.0  0.468199  1.413775  1.881974
909.5  0.479175  1.407334  1.886509
910.0  0.466767  1.410632  1.877399
910.5  0.437904  1.449651  1.887555
911.0  0.404670  1.471726  1.876396
911.5  0.380030  1.510639  1.890669
912.0  0.373036  1.505935  1.878971
912.5  0.385350  1.503055  1.888405
913.0  0.410668  1.467141  1.877809
913.5  0.437373  1.446791  1.884164
914.0  0.453176  1.426906  1.880081
914.5  0.449632  1.430214  1.879845
915.0  0.424852  1.457655  1.882506
915.5  0.383864  1.494908  1.878772
916.0  0.336950  1.550414  1.887364
916.5  0.296555  1.586058  1.882612
917.0  0.273490  1.615818  1.889308
917.5  0.273415  1.613741  1.887155
918.0  0.294820  1.592374  1.887193
918.5  0.329441  1.556692  1.886133
919.0  0.365106  1.518298  1.883403
919.5  0.389998  1.496862  1.886860
920.0  0.396817  1.487355  1.884173
920.5  0.385409  1.498460  1.883869
921.0  0.362944  1.521983  1.884927
921.5  0.341448  1.541000  1.882448
922.0  0.333345  1.554031  1.887376
922.5  0.346541  1.531737  1.878278
923.0  0.381068  1.508313  1.889381
923.5  0.428855  1.447136  1.875991
924.0  0.476796  1.411698  1.888494
924.5  0.511613  1.363938  1.875551
925.0  0.524316  1.363997  1.888313
925.5  0.512681  1.368103  1.880784
926.0  0.481353  1.406090  1.887443
926.5  0.440047  1.443092  1.883139
927.0  0.400516  1.482235  1.882751
927.5  0.372979  1.514752  1.887731
928.0  0.362878  1.520238  1.883116
928.5  0.369036  1.517914  1.886950
929.0  0.384057  1.498680  1.882737
929.5  0.396999  1.489717  1.886716
930.0  0.397449  1.485992  1.883440
930.5  0.379544  1.504748  1.884293
931.0  0.344508  1.539964  1.884473
931.5  0.300685  1.584360  1.885046
932.0  0.260872  1.628128  1.889001
932.5  0.237711  1.646134  1.883844
933.0  0.238849  1.647429  1.886278
933.5  0.263932  1.620961  1.884893
934.0  0.304793  1.578648  1.883441
934.5  0.348721  1.537357  1.886079
935.0  0.383180  1.493258  1.876438
935.5  0.399923  1.487816  1.887739
936.0  0.397161  1.480737  1.877898
936.5  0.379528  1.513539  1.893067
937.0  0.356276  1.521741  1.878016
937.5  0.338299  1.553078  1.891376
938.0  0.334642  1.547221  1.881863
938.5  0.349400  1.540941  1.890341
939.0  0.380073  1.504778  1.884851
939.5  0.418179  1.466959  1.885138
940.0  0.452086  1.431938  1.884023
940.5  0.471130  1.414019  1.885149
941.0  0.469520  1.417631  1.887151
941.5  0.448584  1.436769  1.885353
942.0  0.416444  1.473900  1.890344
942.5  0.385107  1.504150  1.889257
943.0  0.365962  1.522966  1.888928
943.5  0.365437  1.524690  1.890128
944.0  0.382635  1.503682  1.886316
944.5  0.409960  1.477971  1.887931
945.0  0.436358  1.447122  1.883480
945.5  0.451571  1.435275  1.886846
946.0  0.449628  1.434585  1.884213
946.5  0.430482  1.451728  1.882210
947.0  0.399699  1.488007  1.887706
947.5  0.366630  1.514248  1.880878
948.0  0.341604  1.549618  1.891222
948.5  0.332724  1.545828  1.878552
949.0  0.343055  1.548415  1.891470
949.5  0.369202  1.507084  1.876286
950.0  0.402016  1.487894  1.889910
950.5  0.429444  1.448688  1.878133
951.0  0.440671  1.447096  1.887767
951.5  0.430124  1.452152  1.882276
952.0  0.399851  1.487473  1.887324
952.5  0.359180  1.528025  1.887205
953.0  0.321491  1.563884  1.885375
953.5  0.299157  1.591408  1.890565
954.0  0.298710  1.588144  1.886854
954.5  0.318442  1.568869  1.887311
955.0  0.349485  1.534668  1.884153
955.5  0.379710  1.505706  1.885416
956.0  0.398459  1.489525  1.887985
956.5  0.400125  1.483676  1.883801
957.0  0.385567  1.504468  1.890035
957.5  0.361431  1.524967  1.886399
958.0  0.337936  1.554711  1.892646
958.5  0.325746  1.560672  1.886418
959.0  0.332581  1.556821  1.889402
959.5  0.360422  1.528943  1.889365
960.0  0.404311  1.482071  1.886382
960.5  0.453408  1.436932  1.890340
961.0  0.494186  1.385204  1.879390
961.5  0.514786  1.375612  1.890398
962.0  0.509075  1.366790  1.875866
962.5  0.478950  1.412091  1.891041
963.0  0.433849  1.444192  1.878040
963.5  0.387391  1.506284  1.893675
964.0  0.352232  1.530427  1.882659
964.5  0.335274  1.557559  1.892833
965.0  0.335413  1.550565  1.885979
965.5  0.344803  1.546168  1.890971
966.0  0.352791  1.535991  1.888782
966.5  0.350476  1.538941  1.889417
967.0  0.333947  1.557088  1.891035
967.5  0.305368  1.583656  1.889024
968.0  0.272110  1.618935  1.891045
968.5  0.244528  1.647753  1.892281
969.0  0.232975  1.656861  1.889836
969.5  0.244627  1.650379  1.895006
970.0  0.280905  1.607546  1.888451
970.5  0.336430  1.557088  1.893518
971.0  0.400122  1.485352  1.885474
971.5  0.458272  1.430111  1.888383
972.0  0.498648  1.382405  1.881053
972.5  0.514263  1.370181  1.884444
973.0  0.505547  1.379163  1.884710
973.5  0.480066  1.398754  1.878820
974.0  0.449684  1.437444  1.887128
974.5  0.426034  1.450264  1.876299
975.0  0.416054  1.472733  1.888787
975.5  0.419561  1.453031  1.872592
976.0  0.429977  1.456413  1.886390
976.5  0.437664  1.437524  1.875188
977.0  0.434118  1.451299  1.885417
977.5  0.415176  1.464615  1.879791
978.0  0.382321  1.503637  1.885958
978.5  0.342111  1.544800  1.886911
979.0  0.304230  1.583902  1.888131
979.5  0.278675  1.612499  1.891174
980.0  0.272695  1.617007  1.889703
980.5  0.288310  1.602551  1.890860
981.0  0.321352  1.570321  1.891673
981.5  0.362596  1.527525  1.890121
982.0  0.400692  1.494078  1.894770
982.5  0.425890  1.465434  1.891324
983.0  0.433197  1.466891  1.900088
983.5  0.423887  1.468873  1.892761
984.0  0.404818  1.496347  1.901165
984.5  0.385704  1.505824  1.891528
985.0  0.375270  1.521712  1.896983
985.5  0.377750  1.514591  1.892341
986.0  0.391296  1.500239  1.891535
986.5  0.409040  1.483503  1.892542
987.0  0.422200  1.464628  1.886827
987.5  0.423687  1.457178  1.880865
988.0  0.410682  1.460348  1.871030
988.5  0.385502  1.475765  1.861266
989.0  0.354818  1.498162  1.852980
989.5  0.327641  1.515968  1.843609
990.0  0.312509  1.524156  1.836665
990.5  0.314545  1.514619  1.829164
991.0  0.333354  1.489941  1.823296
991.5  0.362732  1.457002  1.819735
992.0  0.392613  1.422436  1.815049
992.5  0.412654  1.402005  1.814659
993.0  0.416087  1.399695  1.815782
993.5  0.402280  1.412550  1.814830
994.0  0.377016  1.438470  1.815486
994.5  0.350351  1.463887  1.814238
995.0  0.332874  1.479178  1.812052
995.5  0.331797  1.478554  1.810351
996.0  0.348362  1.457289  1.805652
996.5  0.377575  1.422121  1.799696
997.0  0.410268  1.386493  1.796761
997.5  0.436536  1.355421  1.791958
998.0  0.449071  1.340873  1.789944
998.5  0.445284  1.347458  1.792742
999.0  0.427816  1.364404  1.792221
999.5  0.403578  1.386803  1.790382
1000.0  0.381640  1.410364  1.792004
