0.0  0.558674  1.522482  2.081156
0.5  0.561069  1.519998  2.081067
1.0  0.550491  1.530848  2.081339
1.5  0.524937  1.556492  2.081430
2.0  0.488284  1.593527  2.081811
2.5  0.450932  1.631891  2.082823
3.0  0.427051  1.656924  2.083975
3.5  0.428680  1.655523  2.084203
4.0  0.459599  1.624008  2.083607
4.5  0.512918  1.569986  2.082904
5.0  0.574176  1.507944  2.082120
5.5  0.627966  1.453234  2.081200
6.0  0.663961  1.417218  2.081179
6.5  0.679385  1.402302  2.081687
7.0  0.677781  1.404103  2.081884
7.5  0.665926  1.416452  2.082378
8.0  0.650857  1.431889  2.082746
8.5  0.638035  1.444880  2.082915
9.0  0.630613  1.452219  2.082831
9.5  0.629297  1.453664  2.082961
10.0  0.632395  1.450131  2.082525
10.5  0.636001  1.446009  2.082010
11.0  0.634639  1.447176  2.081815
11.5  0.622765  1.458925  2.081690
12.0  0.597184  1.484473  2.081657
12.5  0.559678  1.522549  2.082228
13.0  0.518278  1.564931  2.083209
13.5  0.485583  1.598184  2.083766
14.0  0.473905  1.610415  2.084319
14.5  0.489424  1.595046  2.084470
15.0  0.528928  1.554504  2.083431
15.5  0.581402  1.501616  2.083018
16.0  0.633418  1.448918  2.082335
16.5  0.674819  1.406996  2.081815
17.0  0.701629  1.380311  2.081940
17.5  0.715519  1.367269  2.082788
18.0  0.721213  1.361808  2.083021
18.5  0.723717  1.359127  2.082844
19.0  0.726507  1.356803  2.083310
19.5  0.730816  1.352489  2.083305
20.0  0.735625  1.347615  2.083240
20.5  0.737941  1.344981  2.082922
21.0  0.733246  1.349339  2.082586
21.5  0.716342  1.365769  2.082111
22.0  0.682857  1.399007  2.081864
22.5  0.631437  1.450609  2.082046
23.0  0.565917  1.516846  2.082764
23.5  0.496105  1.587482  2.083587
24.0  0.435803  1.648396  2.084200
24.5  0.397961  1.686776  2.084736
25.0  0.388991  1.695673  2.084664
25.5  0.405602  1.678181  2.083783
26.0  0.436332  1.646349  2.082682
26.5  0.466883  1.615153  2.082036
27.0  0.485963  1.596072  2.082035
27.5  0.488591  1.593565  2.082155
28.0  0.476072  1.606354  2.082426
28.5  0.453831  1.629144  2.082974
29.0  0.428854  1.655069  2.083924
29.5  0.407778  1.676492  2.084270
30.0  0.395742  1.688923  2.084665
30.5  0.395688  1.688824  2.084512
31.0  0.407817  1.676864  2.084681
31.5  0.429315  1.654989  2.084304
32.0  0.454721  1.628691  2.083412
32.5  0.477352  1.606129  2.083482
33.0  0.491801  1.591015  2.082816
33.5  0.496726  1.586472  2.083198
34.0  0.496461  1.587271  2.083733
34.5  0.499884  1.584271  2.084155
35.0  0.516278  1.568179  2.084457
35.5  0.550045  1.534160  2.084205
36.0  0.597490  1.486220  2.083710
36.5  0.647939  1.434839  2.082778
37.0  0.688514  1.393947  2.082460
37.5  0.709530  1.373205  2.082735
38.0  0.707604  1.375940  2.083544
38.5  0.685620  1.398314  2.083934
39.0  0.650626  1.434605  2.085231
39.5  0.611262  1.474892  2.086154
40.0  0.575709  1.510662  2.086371
40.5  0.550328  1.536092  2.086419
41.0  0.538744  1.547812  2.086556
41.5  0.541219  1.545899  2.087118
42.0  0.554428  1.532248  2.086675
42.5  0.572020  1.514127  2.086147
43.0  0.586312  1.499236  2.085547
43.5  0.590998  1.494778  2.085776
44.0  0.584055  1.501856  2.085910
44.5  0.569320  1.516321  2.085641
45.0  0.555349  1.531289  2.086638
45.5  0.551414  1.535454  2.086868
46.0  0.562491  1.524010  2.086501
46.5  0.586261  1.499870  2.086131
47.0  0.614104  1.470942  2.085046
47.5  0.635424  1.448830  2.084255
48.0  0.642480  1.441672  2.084152
48.5  0.633112  1.451487  2.084599
49.0  0.610611  1.474265  2.084875
49.5  0.581745  1.503951  2.085696
50.0  0.554382  1.531880  2.086262
50.5  0.535574  1.551386  2.086960
51.0  0.530236  1.556819  2.087055
51.5  0.540228  1.546431  2.086659
52.0  0.563763  1.522375  2.086139
52.5  0.595379  1.490967  2.086346
53.0  0.626835  1.459778  2.086613
53.5  0.649189  1.436435  2.085624
54.0  0.655777  1.429405  2.085181
54.5  0.645058  1.440232  2.085290
55.0  0.621827  1.464685  2.086512
55.5  0.595535  1.492204  2.087739
56.0  0.575938  1.512080  2.088018
56.5  0.568165  1.519997  2.088162
57.0  0.570162  1.517887  2.088050
57.5  0.574169  1.513200  2.087368
58.0  0.571194  1.515897  2.087091
58.5  0.555594  1.531712  2.087306
59.0  0.527296  1.560780  2.088076
59.5  0.491236  1.597444  2.088680
60.0  0.455173  1.633533  2.088706
60.5  0.427366  1.662257  2.089623
61.0  0.414866  1.676364  2.091230
61.5  0.422385  1.668302  2.090688
62.0  0.451461  1.638713  2.090174
62.5  0.499795  1.590719  2.090515
63.0  0.561073  1.528703  2.089776
63.5  0.625746  1.462225  2.087970
64.0  0.683098  1.405097  2.088195
64.5  0.724339  1.364971  2.089311
65.0  0.745630  1.342905  2.088535
65.5  0.749478  1.338384  2.087861
66.0  0.743293  1.345926  2.089220
66.5  0.735358  1.354504  2.089862
67.0  0.730291  1.358313  2.088604
67.5  0.726764  1.361729  2.088493
68.0  0.718866  1.369011  2.087877
68.5  0.699996  1.387748  2.087744
69.0  0.666655  1.421059  2.087714
69.5  0.620082  1.468352  2.088434
70.0  0.565530  1.522427  2.087958
70.5  0.510336  1.577828  2.088164
71.0  0.462063  1.626625  2.088689
71.5  0.427257  1.662722  2.089978
72.0  0.410606  1.679094  2.089700
72.5  0.414153  1.675884  2.090037
73.0  0.436469  1.653752  2.090221
73.5  0.472216  1.617430  2.089645
74.0  0.512763  1.576507  2.089270
74.5  0.548287  1.540041  2.088328
75.0  0.570979  1.516064  2.087043
75.5  0.578091  1.508591  2.086681
76.0  0.573032  1.514593  2.087625
76.5  0.563459  1.525673  2.089132
77.0  0.556982  1.532227  2.089209
77.5  0.556916  1.531544  2.088460
78.0  0.560720  1.526833  2.087553
78.5  0.561993  1.525355  2.087348
79.0  0.554452  1.533677  2.088129
79.5  0.535200  1.552867  2.088067
80.0  0.505641  1.583504  2.089145
80.5  0.470264  1.618661  2.088924
81.0  0.434701  1.654579  2.089280
81.5  0.404273  1.684728  2.089001
82.0  0.383347  1.705644  2.088991
82.5  0.375065  1.713882  2.088947
83.0  0.380868  1.708808  2.089676
83.5  0.399689  1.689475  2.089165
84.0  0.427319  1.661920  2.089239
84.5  0.456775  1.632250  2.089025
85.0  0.480252  1.607668  2.087920
85.5  0.492259  1.595255  2.087514
86.0  0.492551  1.595590  2.088141
86.5  0.486984  1.601920  2.088905
87.0  0.485261  1.604262  2.089524
87.5  0.496361  1.593987  2.090347
88.0  0.524140  1.566386  2.090526
88.5  0.565711  1.524613  2.090324
89.0  0.613361  1.475679  2.089040
89.5  0.658453  1.429381  2.087834
90.0  0.694774  1.392907  2.087681
90.5  0.719777  1.367131  2.086908
91.0  0.733898  1.353797  2.087695
91.5  0.739179  1.348734  2.087913
92.0  0.738233  1.350865  2.089098
92.5  0.733789  1.356070  2.089859
93.0  0.728396  1.361509  2.089905
93.5  0.723804  1.365831  2.089635
94.0  0.719994  1.369570  2.089564
94.5  0.714416  1.373981  2.088397
95.0  0.702289  1.385745  2.088034
95.5  0.678425  1.409399  2.087825
96.0  0.640167  1.447076  2.087243
96.5  0.589946  1.497552  2.087498
97.0  0.535724  1.553530  2.089254
97.5  0.488472  1.601672  2.090144
98.0  0.457656  1.632544  2.090200
98.5  0.447268  1.642282  2.089550
99.0  0.454735  1.635171  2.089906
99.5  0.473188  1.616792  2.089980
100.0  0.495325  1.594900  2.090225
100.5  0.516429  1.573587  2.090016
101.0  0.535190  1.555279  2.090469
101.5  0.552716  1.537538  2.090254
102.0  0.570996  1.519498  2.090494
102.5  0.591835  1.499879  2.091714
103.0  0.616427  1.475619  2.092046
103.5  0.645102  1.446527  2.091629
104.0  0.676747  1.414299  2.091047
104.5  0.707964  1.384522  2.092486
105.0  0.732616  1.359629  2.092245
105.5  0.742648  1.349351  2.091999
106.0  0.730563  1.360790  2.091353
106.5  0.692842  1.398090  2.090932
107.0  0.632625  1.458605  2.091230
107.5  0.559820  1.532266  2.092086
108.0  0.488017  1.604783  2.092800
108.5  0.429537  1.664278  2.093815
109.0  0.391267  1.702287  2.093554
109.5  0.373532  1.718908  2.092440
110.0  0.372147  1.719955  2.092102
110.5  0.381871  1.710634  2.092504
111.0  0.398972  1.694716  2.093688
111.5  0.421868  1.671819  2.093687
112.0  0.450288  1.643746  2.094034
112.5  0.484168  1.610341  2.094509
113.0  0.523089  1.571812  2.094901
113.5  0.566300  1.528600  2.094900
114.0  0.612773  1.481843  2.094616
114.5  0.660790  1.434444  2.095235
115.0  0.707111  1.387570  2.094681
115.5  0.746409  1.348562  2.094971
116.0  0.771877  1.323025  2.094902
116.5  0.777385  1.317713  2.095099
117.0  0.760497  1.334389  2.094886
117.5  0.724703  1.370641  2.095344
118.0  0.679165  1.416539  2.095704
118.5  0.635481  1.459657  2.095138
119.0  0.602861  1.491734  2.094595
119.5  0.584389  1.509961  2.094349
120.0  0.576520  1.518116  2.094635
120.5  0.571890  1.522095  2.093985
121.0  0.563417  1.528613  2.092031
121.5  0.547272  1.544597  2.091868
122.0  0.523537  1.570258  2.093795
122.5  0.495108  1.599513  2.094621
123.0  0.466109  1.627151  2.093261
123.5  0.440808  1.652850  2.093658
124.0  0.423092  1.670486  2.093578
124.5  0.416032  1.677136  2.093168
125.0  0.421063  1.671919  2.092982
125.5  0.436912  1.657633  2.094545
126.0  0.459016  1.636079  2.095095
126.5  0.480303  1.614494  2.094797
127.0  0.493660  1.600779  2.094439
127.5  0.495305  1.599123  2.094427
128.0  0.487308  1.607782  2.095091
128.5  0.477485  1.617585  2.095070
129.0  0.476045  1.620298  2.096343
129.5  0.490416  1.605902  2.096318
130.0  0.521144  1.574446  2.095590
130.5  0.561371  1.533278  2.094648
131.0  0.600146  1.496431  2.096577
131.5  0.627338  1.467918  2.095256
132.0  0.637276  1.456936  2.094212
132.5  0.629656  1.464638  2.094294
133.0  0.608242  1.486921  2.095163
133.5  0.578874  1.517382  2.096256
134.0  0.547920  1.548384  2.096304
134.5  0.521372  1.576080  2.097452
135.0  0.504101  1.592838  2.096939
135.5  0.498842  1.597960  2.096803
136.0  0.505040  1.591773  2.096813
136.5  0.518318  1.578755  2.097074
137.0  0.531445  1.565658  2.097103
137.5  0.537026  1.559866  2.096892
138.0  0.531088  1.565339  2.096427
138.5  0.515774  1.580955  2.096729
139.0  0.499378  1.598757  2.098135
139.5  0.493062  1.605741  2.098803
140.0  0.505517  1.593297  2.098814
140.5  0.538348  1.562746  2.101095
141.0  0.584873  1.515685  2.100558
141.5  0.633015  1.467244  2.100259
142.0  0.670449  1.430213  2.100662
142.5  0.689051  1.410992  2.100043
143.0  0.686770  1.414306  2.101076
143.5  0.666965  1.435032  2.101998
144.0  0.636508  1.464449  2.100957
144.5  0.603812  1.497811  2.101624
145.0  0.577214  1.524797  2.102011
145.5  0.563478  1.538536  2.102015
146.0  0.566248  1.535439  2.101688
146.5  0.584724  1.515476  2.100200
147.0  0.613346  1.486826  2.100172
147.5  0.643207  1.456673  2.099880
148.0  0.665188  1.435946  2.101134
148.5  0.673768  1.427363  2.101130
149.0  0.669724  1.430667  2.100391
149.5  0.660140  1.440308  2.100449
150.0  0.655288  1.448863  2.104151
150.5  0.663608  1.441571  2.105180
151.0  0.687263  1.415943  2.103206
151.5  0.720625  1.379772  2.100396
152.0  0.752554  1.346891  2.099445
152.5  0.771070  1.324923  2.095993
153.0  0.767833  1.330407  2.098240
153.5  0.740427  1.359217  2.099644
154.0  0.692122  1.405979  2.098100
154.5  0.630138  1.468416  2.098554
155.0  0.563579  1.536372  2.099951
155.5  0.501611  1.597909  2.099520
156.0  0.451855  1.647232  2.099087
156.5  0.418875  1.680601  2.099476
157.0  0.402973  1.694434  2.097407
157.5  0.399962  1.697037  2.096999
158.0  0.402526  1.696003  2.098529
158.5  0.403159  1.697558  2.100717
159.0  0.397695  1.702085  2.099780
159.5  0.387744  1.711758  2.099502
160.0  0.380561  1.723622  2.104182
160.5  0.385934  1.720930  2.106864
161.0  0.411309  1.693803  2.105112
161.5  0.457513  1.643628  2.101140
162.0  0.517436  1.583003  2.100438
162.5  0.578503  1.526608  2.105111
163.0  0.627543  1.485592  2.113135
163.5  0.655422  1.467717  2.123138
164.0  0.659401  1.478315  2.137715
164.5  0.642878  1.517042  2.159921
165.0  0.613507  1.573643  2.187151
165.5  0.580865  1.633817  2.214682
166.0  0.554297  1.686691  2.240988
166.5  0.541010  1.725276  2.266286
167.0  0.544396  1.741801  2.286198
167.5  0.562875  1.737747  2.300623
168.0  0.589896  1.719549  2.309445
168.5  0.615671  1.695301  2.310972
169.0  0.630547  1.677986  2.308533
169.5  0.628894  1.674371  2.303265
170.0  0.611705  1.684062  2.295767
170.5  0.586414  1.702879  2.289293
171.0  0.563649  1.718680  2.282329
171.5  0.552329  1.725064  2.277393
172.0  0.555535  1.720174  2.275710
172.5  0.569318  1.705876  2.275193
173.0  0.584979  1.692086  2.277065
173.5  0.593372  1.692960  2.286332
174.0  0.588768  1.714321  2.303089
174.5  0.570568  1.753932  2.324500
175.0  0.542744  1.805862  2.348606
175.5  0.512040  1.863303  2.375343
176.0  0.486011  1.918289  2.404301
176.5  0.471382  1.958746  2.430128
177.0  0.472622  1.973924  2.446546
177.5  0.490633  1.959835  2.450468
178.0  0.521798  1.919808  2.441606
178.5  0.558086  1.862970  2.421055
179.0  0.588829  1.799371  2.388200
179.5  0.604054  1.747069  2.351123
180.0  0.598233  1.714614  2.312848
180.5  0.572725  1.706552  2.279277
181.0  0.535556  1.715982  2.251538
181.5  0.498391  1.732604  2.230994
182.0  0.471940  1.745133  2.217073
182.5  0.461866  1.748041  2.209907
183.0  0.467074  1.741402  2.208476
183.5  0.481097  1.728193  2.209289
184.0  0.495643  1.713367  2.209010
184.5  0.504358  1.703597  2.207955
185.0  0.505047  1.703814  2.208861
185.5  0.499857  1.705889  2.205746
186.0  0.494017  1.704255  2.198272
186.5  0.494044  1.694908  2.188952
187.0  0.505934  1.672120  2.178054
187.5  0.533455  1.630223  2.163678
188.0  0.576603  1.571353  2.147957
188.5  0.630637  1.504220  2.134858
189.0  0.686389  1.436861  2.123250
189.5  0.732340  1.381958  2.114298
190.0  0.758136  1.352182  2.110319
190.5  0.758226  1.356644  2.114870
191.0  0.733937  1.391559  2.125497
191.5  0.692917  1.447648  2.140565
192.0  0.646124  1.513289  2.159414
192.5  0.603767  1.576466  2.180233
193.0  0.571993  1.629625  2.201618
193.5  0.551680  1.669073  2.220753
194.0  0.539602  1.697958  2.237560
194.5  0.531118  1.720047  2.251165
195.0  0.522913  1.739353  2.262266
195.5  0.514571  1.757821  2.272393
196.0  0.508651  1.768109  2.276760
196.5  0.509678  1.768498  2.278177
197.0  0.522676  1.753300  2.275977
197.5  0.551594  1.723996  2.275590
198.0  0.597752  1.680821  2.278572
198.5  0.658491  1.626783  2.285273
199.0  0.726538  1.569807  2.296344
199.5  0.790796  1.524321  2.315117
200.0  0.838912  1.502537  2.341449
200.5  0.861041  1.514445  2.375486
201.0  0.853283  1.563771  2.417054
201.5  0.819076  1.642285  2.461361
202.0  0.767682  1.735555  2.503237
202.5  0.710442  1.825566  2.536007
203.0  0.656652  1.903473  2.560125
203.5  0.610981  1.960444  2.571425
204.0  0.573296  1.998862  2.572157
204.5  0.540457  2.018737  2.559194
205.0  0.508814  2.027340  2.536154
205.5  0.476179  2.031943  2.508122
206.0  0.442699  2.038382  2.481081
206.5  0.410714  2.044667  2.455381
207.0  0.384039  2.047746  2.431785
207.5  0.367032  2.046689  2.413721
208.0  0.363526  2.040344  2.403870
208.5  0.375626  2.025825  2.401452
209.0  0.402510  1.998000  2.400509
209.5  0.439734  1.964753  2.404486
210.0  0.479743  1.931024  2.410767
210.5  0.513885  1.903220  2.417106
211.0  0.535387  1.888569  2.423956
211.5  0.541926  1.884542  2.426469
212.0  0.536377  1.888218  2.424596
212.5  0.525248  1.890381  2.415630
213.0  0.515665  1.881690  2.397355
213.5  0.512510  1.861831  2.374342
214.0  0.517048  1.826744  2.343792
214.5  0.527330  1.782280  2.309610
215.0  0.539754  1.735554  2.275308
215.5  0.550769  1.693844  2.244613
216.0  0.558011  1.658293  2.216305
216.5  0.560654  1.635932  2.196586
217.0  0.559202  1.628380  2.187582
217.5  0.555067  1.631649  2.186717
218.0  0.550114  1.637450  2.187564
218.5  0.546126  1.646179  2.192305
219.0  0.544128  1.655346  2.199474
219.5  0.543673  1.663540  2.207213
220.0  0.542535  1.668212  2.210748
220.5  0.537345  1.672540  2.209885
221.0  0.525314  1.683887  2.209200
221.5  0.506352  1.698647  2.204999
222.0  0.484301  1.714723  2.199024
222.5  0.466194  1.726689  2.192883
223.0  0.459632  1.731306  2.190938
223.5  0.469618  1.723305  2.192922
224.0  0.496552  1.703904  2.200455
224.5  0.536308  1.678476  2.214783
225.0  0.582043  1.655223  2.237267
225.5  0.626595  1.638560  2.265155
226.0  0.664361  1.631808  2.296169
226.5  0.692150  1.637009  2.329159
227.0  0.709091  1.648316  2.357407
227.5  0.716061  1.664578  2.380639
228.0  0.715018  1.681871  2.396889
228.5  0.708401  1.696676  2.405077
229.0  0.698552  1.704536  2.403088
229.5  0.687037  1.712478  2.399515
230.0  0.673952  1.719570  2.393522
230.5  0.657583  1.724813  2.382395
231.0  0.634931  1.737845  2.372777
231.5  0.603308  1.765570  2.368878
232.0  0.562440  1.805541  2.367981
232.5  0.515895  1.851184  2.367079
233.0  0.470714  1.901135  2.371848
233.5  0.435127  1.947974  2.383101
234.0  0.415493  1.981982  2.397475
234.5  0.414090  1.997424  2.411514
235.0  0.428797  1.994656  2.423453
235.5  0.454509  1.980806  2.435315
236.0  0.485248  1.960115  2.445364
236.5  0.515918  1.930670  2.446588
237.0  0.543140  1.899930  2.443070
237.5  0.565290  1.870584  2.435874
238.0  0.582128  1.834859  2.416987
238.5  0.594381  1.795247  2.389629
239.0  0.603362  1.755157  2.358518
239.5  0.610494  1.716434  2.326928
240.0  0.616632  1.678947  2.295578
240.5  0.621316  1.645451  2.266767
241.0  0.622477  1.619565  2.242043
241.5  0.617150  1.605448  2.222598
242.0  0.603305  1.608247  2.211551
242.5  0.582022  1.624111  2.206134
243.0  0.558568  1.642492  2.201060
243.5  0.541270  1.657988  2.199258
244.0  0.538379  1.663557  2.201936
244.5  0.554527  1.651535  2.206062
245.0  0.588739  1.615644  2.204384
245.5  0.634928  1.561823  2.196751
246.0  0.684303  1.508274  2.192578
246.5  0.728245  1.462054  2.190299
247.0  0.760370  1.421985  2.182355
247.5  0.777363  1.389842  2.167205
248.0  0.778800  1.372436  2.151236
248.5  0.766522  1.373249  2.139771
249.0  0.743934  1.385517  2.129451
249.5  0.715329  1.406099  2.121429
250.0  0.685103  1.434226  2.119329
250.5  0.656755  1.463161  2.119916
251.0  0.631875  1.491907  2.123782
251.5  0.609643  1.523907  2.133550
252.0  0.587416  1.560408  2.147824
252.5  0.562524  1.598777  2.161301
253.0  0.534476  1.640550  2.175026
253.5  0.506217  1.681365  2.187583
254.0  0.483335  1.712676  2.196010
254.5  0.471347  1.729461  2.200808
255.0  0.472601  1.728652  2.201253
255.5  0.484636  1.715453  2.200089
256.0  0.500965  1.697543  2.198507
256.5  0.513664  1.682920  2.196584
257.0  0.516283  1.681026  2.197310
257.5  0.505732  1.695321  2.201053
258.0  0.482684  1.723617  2.206302
258.5  0.450849  1.762938  2.213787
259.0  0.415768  1.810982  2.226750
259.5  0.383631  1.862151  2.245782
260.0  0.360251  1.899880  2.260131
260.5  0.350108  1.921820  2.271928
261.0  0.355372  1.926190  2.281561
261.5  0.375125  1.911597  2.286722
262.0  0.405281  1.881117  2.286399
262.5  0.439695  1.839609  2.279304
263.0  0.472434  1.793472  2.265906
263.5  0.500270  1.747412  2.247682
264.0  0.523939  1.704262  2.228201
264.5  0.547115  1.662041  2.209156
265.0  0.573517  1.617130  2.190647
265.5  0.603913  1.568724  2.172637
266.0  0.634983  1.524526  2.159508
266.5  0.660670  1.489025  2.149695
267.0  0.675032  1.468259  2.143291
267.5  0.674803  1.465869  2.140672
268.0  0.660454  1.477077  2.137531
268.5  0.635612  1.504005  2.139617
269.0  0.605583  1.536332  2.141915
269.5  0.575858  1.567002  2.142861
270.0  0.551140  1.593239  2.144379
270.5  0.534904  1.614366  2.149269
271.0  0.529131  1.623225  2.152356
271.5  0.533911  1.620941  2.154852
272.0  0.546966  1.610717  2.157683
272.5  0.563673  1.594606  2.158279
273.0  0.578233  1.581655  2.159888
273.5  0.586032  1.574540  2.160572
274.0  0.586140  1.570367  2.156506
274.5  0.582238  1.570107  2.152346
275.0  0.580856  1.570758  2.151614
275.5  0.587600  1.558994  2.146594
276.0  0.603640  1.534774  2.138414
276.5  0.624719  1.522398  2.147117
277.0  0.643197  1.493481  2.136679
277.5  0.651690  1.493830  2.145520
278.0  0.646146  1.490443  2.136589
278.5  0.627038  1.519866  2.146904
279.0  0.598656  1.541310  2.139965
279.5  0.567426  1.576759  2.144185
280.0  0.540220  1.601588  2.141808
280.5  0.523199  1.620517  2.143716
281.0  0.521151  1.622840  2.143991
281.5  0.536924  1.605788  2.142712
282.0  0.570591  1.572167  2.142758
282.5  0.618516  1.524168  2.142684
283.0  0.673040  1.469338  2.142378
283.5  0.723730  1.420397  2.144127
284.0  0.760383  1.376887  2.137270
284.5  0.776664  1.367822  2.144486
285.0  0.772354  1.363918  2.136272
285.5  0.752654  1.399320  2.151974
286.0  0.724784  1.410406  2.135189
286.5  0.693977  1.457413  2.151390
287.0  0.661331  1.475797  2.137127
287.5  0.624551  1.523126  2.147676
288.0  0.580621  1.559490  2.140111
288.5  0.528430  1.614236  2.142666
289.0  0.469928  1.673460  2.143388
289.5  0.409639  1.733688  2.143326
290.0  0.353320  1.797391  2.150711
290.5  0.306745  1.835536  2.142282
291.0  0.275099  1.871092  2.146191
291.5  0.262868  1.876873  2.139741
292.0  0.273605  1.872221  2.145826
292.5  0.308994  1.836519  2.145513
293.0  0.367282  1.778328  2.145611
293.5  0.442062  1.701838  2.143900
294.0  0.522813  1.617883  2.140696
294.5  0.597813  1.547158  2.144971
295.0  0.658349  1.481955  2.140304
295.5  0.701798  1.441232  2.143031
296.0  0.731549  1.406561  2.138110
296.5  0.753675  1.388745  2.142420
297.0  0.772553  1.372969  2.145522
297.5  0.788270  1.351551  2.139821
298.0  0.797218  1.347718  2.144936
298.5  0.794933  1.339655  2.134588
299.0  0.778986  1.370341  2.149327
299.5  0.750234  1.384662  2.134896
300.0  0.712219  1.437676  2.149894
300.5  0.669641  1.466562  2.136202
301.0  0.626996  1.520469  2.147466
301.5  0.587979  1.548509  2.136488
302.0  0.555542  1.589367  2.144909
302.5  0.532037  1.609546  2.141583
303.0  0.518781  1.625923  2.144704
303.5  0.514950  1.627542  2.142492
304.0  0.516586  1.624283  2.140869
304.5  0.516970  1.625326  2.142295
305.0  0.509074  1.635488  2.144562
305.5  0.489173  1.653564  2.142737
306.0  0.459387  1.683384  2.142771
306.5  0.427167  1.711044  2.138211
307.0  0.401682  1.728933  2.130615
307.5  0.389305  1.735695  2.125000
308.0  0.391016  1.730491  2.121507
308.5  0.403066  1.715176  2.118242
309.0  0.419897  1.697670  2.117567
309.5  0.437109  1.684341  2.121450
310.0  0.452823  1.680603  2.133427
310.5  0.467285  1.683139  2.150425
311.0  0.481608  1.686503  2.168111
311.5  0.496728  1.689267  2.185995
312.0  0.513116  1.694029  2.207145
312.5  0.531075  1.693529  2.224604
313.0  0.551007  1.685564  2.236571
313.5  0.573006  1.671178  2.244184
314.0  0.595697  1.654561  2.250258
314.5  0.615171  1.635274  2.250445
315.0  0.625326  1.621407  2.246733
315.5  0.620288  1.624968  2.245256
316.0  0.597953  1.645192  2.243145
316.5  0.562328  1.678189  2.240518
317.0  0.522713  1.717217  2.239930
317.5  0.489799  1.751356  2.241155
318.0  0.471017  1.771226  2.242243
318.5  0.468020  1.782901  2.250921
319.0  0.477537  1.786411  2.263947
319.5  0.494470  1.786450  2.280920
320.0  0.514911  1.788038  2.302948
320.5  0.537413  1.792829  2.330242
321.0  0.562412  1.801848  2.364260
321.5  0.590731  1.814532  2.405263
322.0  0.622339  1.826654  2.448992
322.5  0.655984  1.833017  2.489001
323.0  0.689657  1.838243  2.527900
323.5  0.721322  1.843840  2.565162
324.0  0.749209  1.844129  2.593338
324.5  0.771335  1.838440  2.609774
325.0  0.784681  1.834899  2.619580
325.5  0.785129  1.830394  2.615523
326.0  0.768971  1.837114  2.606085
326.5  0.735520  1.853313  2.588833
327.0  0.689001  1.878553  2.567554
327.5  0.637922  1.907094  2.545016
328.0  0.591856  1.934558  2.526413
328.5  0.557553  1.952161  2.509714
329.0  0.536866  1.961718  2.498584
329.5  0.527532  1.965823  2.493355
330.0  0.525799  1.968529  2.494328
330.5  0.528885  1.971884  2.500768
331.0  0.535896  1.979480  2.515375
331.5  0.547185  1.987118  2.534302
332.0  0.563061  1.993226  2.556288
332.5  0.582868  1.992920  2.575788
333.0  0.604925  1.986584  2.591510
333.5  0.627186  1.968965  2.596151
334.0  0.647966  1.949464  2.597430
334.5  0.666026  1.920791  2.586817
335.0  0.679774  1.881649  2.561422
335.5  0.686203  1.837865  2.524068
336.0  0.680822  1.797747  2.478569
336.5  0.659406  1.773745  2.433151
337.0  0.620928  1.769141  2.390068
337.5  0.569688  1.782378  2.352067
338.0  0.514756  1.812816  2.327572
338.5  0.466608  1.844180  2.310788
339.0  0.432921  1.870470  2.303391
339.5  0.416070  1.884244  2.300313
340.0  0.413541  1.886481  2.300022
340.5  0.420434  1.885252  2.305686
341.0  0.432115  1.877120  2.309236
341.5  0.445579  1.864030  2.309609
342.0  0.459339  1.850222  2.309561
342.5  0.472592  1.832060  2.304652
343.0  0.484575  1.806688  2.291264
343.5  0.494584  1.781962  2.276546
344.0  0.502513  1.758290  2.260803
344.5  0.509338  1.735198  2.244536
345.0  0.516846  1.713089  2.229935
345.5  0.526425  1.692039  2.218464
346.0  0.537626  1.677804  2.215430
346.5  0.547764  1.675589  2.223353
347.0  0.553390  1.688606  2.241996
347.5  0.552951  1.718008  2.270959
348.0  0.548699  1.759228  2.307927
348.5  0.546154  1.806147  2.352301
349.0  0.551173  1.846677  2.397850
349.5  0.566520  1.876778  2.443298
350.0  0.590207  1.892796  2.483002
350.5  0.616524  1.895713  2.512236
351.0  0.638799  1.895978  2.534777
351.5  0.652049  1.899253  2.551303
352.0  0.654247  1.908415  2.562662
352.5  0.646096  1.922968  2.569064
353.0  0.630018  1.936960  2.566978
353.5  0.609170  1.957587  2.566757
354.0  0.586891  1.979928  2.566819
354.5  0.566481  2.003455  2.569937
355.0  0.550921  2.027638  2.578559
355.5  0.542166  2.049980  2.592146
356.0  0.540111  2.072513  2.612624
356.5  0.541923  2.102743  2.644667
357.0  0.542728  2.145878  2.688606
357.5  0.537921  2.202990  2.740911
358.0  0.526096  2.272476  2.798572
358.5  0.510647  2.345367  2.856014
359.0  0.498606  2.409408  2.908013
359.5  0.497057  2.454291  2.951348
360.0  0.509262  2.468230  2.977492
360.5  0.532877  2.446343  2.979220
361.0  0.561161  2.398796  2.959956
361.5  0.586108  2.340223  2.926331
362.0  0.601496  2.284497  2.885993
362.5  0.604436  2.232496  2.836932
363.0  0.595262  2.191514  2.786776
363.5  0.576468  2.166480  2.742948
364.0  0.551564  2.155853  2.707417
364.5  0.524379  2.157062  2.681441
365.0  0.498814  2.166700  2.665515
365.5  0.478700  2.177876  2.656576
366.0  0.467266  2.186082  2.653348
366.5  0.466098  2.188237  2.654335
367.0  0.474153  2.184186  2.658339
367.5  0.487878  2.174787  2.662665
368.0  0.503023  2.163144  2.666167
368.5  0.517362  2.148726  2.666088
369.0  0.532361  2.129726  2.662087
369.5  0.552249  2.098534  2.650783
370.0  0.580787  2.048039  2.628825
370.5  0.617949  1.977457  2.595406
371.0  0.658819  1.898477  2.557296
371.5  0.695363  1.815025  2.510388
372.0  0.719746  1.737581  2.457327
372.5  0.727168  1.675576  2.402745
373.0  0.717011  1.636993  2.354003
373.5  0.692308  1.620384  2.312692
374.0  0.658349  1.622906  2.281254
374.5  0.621213  1.635989  2.257202
375.0  0.586723  1.655893  2.242615
375.5  0.559860  1.679215  2.239074
376.0  0.544386  1.695993  2.240378
376.5  0.542344  1.701179  2.243523
377.0  0.553380  1.695902  2.249282
377.5  0.574374  1.678626  2.252999
378.0  0.600197  1.653947  2.254144
378.5  0.625856  1.627486  2.253342
379.0  0.649005  1.600410  2.249415
379.5  0.670976  1.570727  2.241703
380.0  0.695190  1.533197  2.228387
380.5  0.723779  1.488233  2.212012
381.0  0.754841  1.443212  2.198053
381.5  0.782278  1.400904  2.183182
382.0  0.798252  1.371693  2.169945
382.5  0.796475  1.364309  2.160784
383.0  0.774440  1.384554  2.158994
383.5  0.733794  1.432080  2.165875
384.0  0.679259  1.503621  2.182880
384.5  0.617043  1.589680  2.206723
385.0  0.553512  1.681948  2.235460
385.5  0.494411  1.771649  2.266061
386.0  0.444552  1.849963  2.294515
386.5  0.407549  1.911237  2.318786
387.0  0.385232  1.953851  2.339083
387.5  0.376760  1.977364  2.354123
388.0  0.378138  1.984087  2.362225
388.5  0.383185  1.980876  2.364061
389.0  0.386229  1.974744  2.360974
389.5  0.385234  1.970069  2.355303
390.0  0.383114  1.972633  2.355748
390.5  0.385867  1.971673  2.357540
391.0  0.398499  1.961149  2.359649
391.5  0.421572  1.945569  2.367141
392.0  0.450703  1.931146  2.381849
392.5  0.479075  1.920986  2.400062
393.0  0.500939  1.925537  2.426476
393.5  0.513918  1.950804  2.464722
394.0  0.519272  1.984743  2.504015
394.5  0.520626  2.023333  2.543959
395.0  0.522271  2.060044  2.582316
395.5  0.527826  2.088907  2.616733
396.0  0.539563  2.101988  2.641551
396.5  0.558247  2.095648  2.653896
397.0  0.583110  2.068988  2.652098
397.5  0.611612  2.024131  2.635743
398.0  0.639084  1.968749  2.607833
398.5  0.658957  1.914665  2.573622
399.0  0.664442  1.872976  2.537418
399.5  0.651645  1.847125  2.498770
400.0  0.622452  1.839030  2.461483
400.5  0.584841  1.844569  2.429409
401.0  0.549616  1.856266  2.405881
401.5  0.525266  1.867150  2.392416
402.0  0.514286  1.867456  2.381742
402.5  0.513230  1.862230  2.375460
403.0  0.515926  1.860215  2.376141
403.5  0.517271  1.864457  2.381728
404.0  0.515367  1.873540  2.388907
404.5  0.511437  1.888608  2.400045
405.0  0.508427  1.904998  2.413426
405.5  0.509502  1.919617  2.429118
406.0  0.517139  1.922943  2.440082
406.5  0.532925  1.913433  2.446358
407.0  0.557623  1.893920  2.451543
407.5  0.590991  1.858593  2.449583
408.0  0.631003  1.805696  2.436699
408.5  0.672852  1.741140  2.413992
409.0  0.708835  1.677118  2.385952
409.5  0.730259  1.620055  2.350313
410.0  0.731169  1.582878  2.314047
410.5  0.711823  1.568157  2.279980
411.0  0.679194  1.572244  2.251439
411.5  0.643488  1.583170  2.226658
412.0  0.612676  1.594926  2.207602
412.5  0.588746  1.607707  2.196453
413.0  0.568034  1.626899  2.194933
413.5  0.544904  1.653409  2.198313
414.0  0.515899  1.685884  2.201782
414.5  0.481893  1.724439  2.206332
415.0  0.447660  1.765655  2.213315
415.5  0.419829  1.798619  2.218448
416.0  0.404600  1.814525  2.219124
416.5  0.406108  1.810750  2.216858
417.0  0.425747  1.783296  2.209044
417.5  0.462234  1.735235  2.197469
418.0  0.511953  1.673254  2.185207
418.5  0.569176  1.605601  2.174777
419.0  0.626170  1.539336  2.165506
419.5  0.673846  1.485183  2.159030
420.0  0.703744  1.453140  2.156884
420.5  0.711183  1.455530  2.166713
421.0  0.697835  1.485466  2.183301
421.5  0.671465  1.535586  2.207052
422.0  0.642230  1.594147  2.236376
422.5  0.617638  1.652014  2.269652
423.0  0.599564  1.702387  2.301951
423.5  0.585071  1.747495  2.332566
424.0  0.569930  1.788501  2.358432
424.5  0.552063  1.831684  2.383746
425.0  0.532900  1.870141  2.403042
425.5  0.516514  1.897632  2.414146
426.0  0.507606  1.914773  2.422379
426.5  0.509648  1.918964  2.428611
427.0  0.523880  1.909191  2.433072
427.5  0.549300  1.884108  2.433407
428.0  0.583287  1.846846  2.430133
428.5  0.622310  1.807086  2.429395
429.0  0.662176  1.772987  2.435163
429.5  0.697860  1.745877  2.443737
430.0  0.723646  1.737311  2.460957
430.5  0.734554  1.748623  2.483176
431.0  0.728954  1.787938  2.516892
431.5  0.710634  1.853718  2.564352
432.0  0.688092  1.933418  2.621509
432.5  0.670603  2.008909  2.679512
433.0  0.663316  2.072381  2.735697
433.5  0.664747  2.121169  2.785916
434.0  0.668235  2.152673  2.820908
434.5  0.665992  2.172807  2.838799
435.0  0.652901  2.189575  2.842477
435.5  0.628125  2.203072  2.831197
436.0  0.594408  2.212166  2.806573
436.5  0.556211  2.212526  2.768737
437.0  0.517899  2.210911  2.728810
437.5  0.482689  2.211368  2.694057
438.0  0.452486  2.209537  2.662023
438.5  0.428254  2.204907  2.633161
439.0  0.410333  2.200735  2.611069
439.5  0.398217  2.201164  2.599380
440.0  0.389911  2.205722  2.595632
440.5  0.381824  2.211169  2.592993
441.0  0.370213  2.228283  2.598496
441.5  0.353994  2.257158  2.611152
442.0  0.336973  2.289257  2.626229
442.5  0.327198  2.313734  2.640932
443.0  0.333066  2.316104  2.649170
443.5  0.358555  2.294759  2.653314
444.0  0.400901  2.245248  2.646149
444.5  0.452128  2.172306  2.624433
445.0  0.502991  2.092281  2.595272
445.5  0.546599  2.009402  2.556001
446.0  0.579913  1.924068  2.503982
446.5  0.603116  1.847556  2.450672
447.0  0.617955  1.779973  2.397929
447.5  0.626238  1.729620  2.355858
448.0  0.629104  1.696965  2.326069
448.5  0.627103  1.677337  2.304440
449.0  0.620653  1.671996  2.292650
449.5  0.610272  1.683904  2.294176
450.0  0.596194  1.712903  2.309097
450.5  0.577671  1.740784  2.318455
451.0  0.552968  1.773809  2.326777
451.5  0.520926  1.814368  2.335294
452.0  0.483662  1.861779  2.345442
452.5  0.448329  1.899947  2.348276
453.0  0.425773  1.918860  2.344633
453.5  0.426007  1.912898  2.338904
454.0  0.453115  1.872328  2.325443
454.5  0.503023  1.803013  2.306036
455.0  0.565501  1.723756  2.289257
455.5  0.628788  1.644039  2.272827
456.0  0.683853  1.573345  2.257198
456.5  0.726318  1.523108  2.249425
457.0  0.755947  1.491021  2.246968
457.5  0.774830  1.481557  2.256387
458.0  0.785487  1.494372  2.279860
458.5  0.789664  1.521344  2.311008
459.0  0.788001  1.560322  2.348323
459.5  0.780330  1.611218  2.391548
460.0  0.766080  1.670352  2.436432
460.5  0.744363  1.734258  2.478620
461.0  0.713827  1.798695  2.512523
461.5  0.672944  1.865062  2.538006
462.0  0.621390  1.932239  2.553629
462.5  0.562175  2.004756  2.566931
463.0  0.502841  2.068628  2.571470
463.5  0.453970  2.114528  2.568498
464.0  0.425004  2.138107  2.563111
464.5  0.419761  2.141294  2.561055
465.0  0.434632  2.123375  2.558007
465.5  0.460635  2.098195  2.558830
466.0  0.487760  2.079398  2.567158
466.5  0.508904  2.073450  2.582354
467.0  0.521580  2.081095  2.602675
467.5  0.527322  2.105555  2.632877
468.0  0.529795  2.141127  2.670922
468.5  0.532766  2.183478  2.716244
469.0  0.538688  2.226496  2.765184
469.5  0.548153  2.260790  2.808943
470.0  0.560097  2.286365  2.846462
470.5  0.572361  2.304490  2.876851
471.0  0.582259  2.313877  2.896135
471.5  0.587086  2.307590  2.894677
472.0  0.584917  2.290329  2.875246
472.5  0.575935  2.272179  2.848113
473.0  0.563789  2.251682  2.815471
473.5  0.555619  2.220949  2.776568
474.0  0.559652  2.175634  2.735286
474.5  0.581019  2.115732  2.696751
475.0  0.618259  2.045752  2.664011
475.5  0.662987  1.975098  2.638085
476.0  0.703117  1.916167  2.619284
476.5  0.727671  1.876871  2.604542
477.0  0.730562  1.868837  2.599399
477.5  0.711892  1.888813  2.600704
478.0  0.676909  1.929673  2.606581
478.5  0.633675  1.982110  2.615785
479.0  0.590531  2.032230  2.622761
479.5  0.554124  2.081071  2.635195
480.0  0.528334  2.119132  2.647466
480.5  0.514094  2.139386  2.653480
481.0  0.509814  2.141880  2.651694
481.5  0.512055  2.123998  2.636053
482.0  0.516357  2.097051  2.613408
482.5  0.518432  2.065897  2.584329
483.0  0.515862  2.025179  2.541041
483.5  0.509730  1.978959  2.488689
484.0  0.504889  1.933930  2.438819
484.5  0.507900  1.888344  2.396244
485.0  0.523258  1.836980  2.360238
485.5  0.550194  1.780816  2.331011
486.0  0.582235  1.733078  2.315314
486.5  0.609873  1.702679  2.312552
487.0  0.624602  1.697898  2.322499
487.5  0.622061  1.710201  2.332262
488.0  0.603062  1.738340  2.341402
488.5  0.572624  1.780160  2.352784
489.0  0.537924  1.821544  2.359469
489.5  0.506108  1.854572  2.360680
490.0  0.482561  1.875944  2.358505
490.5  0.469974  1.880969  2.350942
491.0  0.468192  1.871091  2.339283
491.5  0.474641  1.852886  2.327526
492.0  0.485054  1.831168  2.316222
492.5  0.494437  1.813106  2.307543
493.0  0.498420  1.810689  2.309110
493.5  0.495014  1.823292  2.318307
494.0  0.486055  1.847723  2.333778
494.5  0.477066  1.881766  2.358832
495.0  0.474782  1.917288  2.392070
495.5  0.483277  1.941338  2.424614
496.0  0.501082  1.961485  2.462567
496.5  0.521342  1.974280  2.495622
497.0  0.534938  1.982942  2.517880
497.5  0.534602  1.994938  2.529540
498.0  0.517789  2.017119  2.534909
498.5  0.487293  2.041825  2.529118
499.0  0.449946  2.063043  2.512989
499.5  0.414386  2.081039  2.495425
500.0  0.388775  2.091672  2.480447
500.5  0.379048  2.085311  2.464359
501.0  0.387952  2.064411  2.452363
501.5  0.414866  2.029116  2.443982
502.0  0.456180  1.986143  2.442323
502.5  0.506008  1.938513  2.444521
503.0  0.557233  1.890604  2.447837
503.5  0.603099  1.848503  2.451602
504.0  0.639337  1.820822  2.460160
504.5  0.665986  1.800853  2.466839
505.0  0.687463  1.777049  2.464511
505.5  0.710061  1.747696  2.457757
506.0  0.737880  1.705766  2.443645
506.5  0.769712  1.658697  2.428410
507.0  0.799063  1.610556  2.409619
507.5  0.817238  1.561703  2.378941
508.0  0.817468  1.531070  2.348538
508.5  0.797741  1.525885  2.323626
509.0  0.761347  1.537271  2.298618
509.5  0.715538  1.559563  2.275101
510.0  0.669310  1.590561  2.259871
510.5  0.631178  1.618064  2.249242
511.0  0.607409  1.634511  2.241921
511.5  0.600901  1.637717  2.238619
512.0  0.610733  1.625049  2.235783
512.5  0.632380  1.603657  2.236037
513.0  0.658568  1.579229  2.237797
513.5  0.680826  1.557580  2.238405
514.0  0.691745  1.550592  2.242337
514.5  0.687518  1.551159  2.238677
515.0  0.669636  1.563947  2.233582
515.5  0.644392  1.585927  2.230319
516.0  0.619833  1.607205  2.227038
516.5  0.601588  1.617393  2.218981
517.0  0.590137  1.619146  2.209282
517.5  0.581192  1.623248  2.204439
518.0  0.568676  1.633661  2.202337
518.5  0.548165  1.658151  2.206316
519.0  0.518885  1.697495  2.216380
519.5  0.483720  1.743587  2.227308
520.0  0.447885  1.789247  2.237133
520.5  0.417204  1.837332  2.254536
521.0  0.396656  1.876972  2.273628
521.5  0.389387  1.898714  2.288101
522.0  0.396189  1.902043  2.298232
522.5  0.415360  1.894738  2.310097
523.0  0.442930  1.874855  2.317786
523.5  0.473270  1.842927  2.316197
524.0  0.500195  1.811572  2.311767
524.5  0.518655  1.789651  2.308306
525.0  0.526671  1.781422  2.308094
525.5  0.526579  1.780759  2.307338
526.0  0.524388  1.781669  2.306057
526.5  0.526998  1.777553  2.304551
527.0  0.538606  1.768468  2.307074
527.5  0.558580  1.758601  2.317181
528.0  0.582215  1.746725  2.328940
528.5  0.603673  1.737108  2.340780
529.0  0.619027  1.735539  2.354566
529.5  0.627696  1.742567  2.370263
530.0  0.631925  1.752156  2.384081
530.5  0.635136  1.759453  2.394589
531.0  0.640202  1.759340  2.399542
531.5  0.648319  1.751057  2.399376
532.0  0.658673  1.733126  2.391799
532.5  0.668740  1.714509  2.383249
533.0  0.674963  1.695186  2.370149
533.5  0.673501  1.678727  2.352228
534.0  0.660893  1.671882  2.332775
534.5  0.634738  1.677263  2.312001
535.0  0.594614  1.702103  2.296716
535.5  0.543162  1.740904  2.284066
536.0  0.486611  1.792249  2.278860
536.5  0.433746  1.842372  2.276118
537.0  0.393143  1.881775  2.274918
537.5  0.369946  1.900365  2.270312
538.0  0.364226  1.902670  2.266896
538.5  0.371973  1.896614  2.268587
539.0  0.387920  1.879649  2.267570
539.5  0.408255  1.854357  2.262612
540.0  0.431783  1.823185  2.254968
540.5  0.459366  1.790524  2.249891
541.0  0.492434  1.750437  2.242872
541.5  0.531537  1.699793  2.231330
542.0  0.575533  1.641942  2.217475
542.5  0.621547  1.586495  2.208043
543.0  0.665506  1.542414  2.207920
543.5  0.702854  1.510857  2.213711
544.0  0.729143  1.490443  2.219586
544.5  0.740396  1.489382  2.229778
545.0  0.733544  1.505027  2.238570
545.5  0.707325  1.547168  2.254493
546.0  0.663558  1.602820  2.266378
546.5  0.607918  1.665558  2.273476
547.0  0.549072  1.731748  2.280820
547.5  0.495957  1.791946  2.287902
548.0  0.454509  1.838398  2.292907
548.5  0.425927  1.863851  2.289778
549.0  0.407558  1.880319  2.287876
549.5  0.395625  1.892081  2.287706
550.0  0.387883  1.899777  2.287660
550.5  0.384725  1.906033  2.290757
551.0  0.388566  1.905505  2.294070
551.5  0.402304  1.898698  2.301002
552.0  0.427816  1.880276  2.308092
552.5  0.465071  1.855481  2.320552
553.0  0.511990  1.827243  2.339233
553.5  0.564833  1.791542  2.356375
554.0  0.618806  1.758367  2.377173
554.5  0.668603  1.728993  2.397596
555.0  0.708889  1.708310  2.417198
555.5  0.734978  1.690870  2.425848
556.0  0.744013  1.680611  2.424625
556.5  0.736411  1.681113  2.417524
557.0  0.716699  1.694465  2.411163
557.5  0.692689  1.708714  2.401403
558.0  0.672819  1.712609  2.385428
558.5  0.662890  1.699259  2.362149
559.0  0.664099  1.676860  2.340959
559.5  0.673494  1.657251  2.330744
560.0  0.686273  1.634925  2.321198
560.5  0.698309  1.611424  2.309732
561.0  0.707479  1.599930  2.307409
561.5  0.713541  1.592640  2.306181
562.0  0.717142  1.587732  2.304874
562.5  0.718813  1.586920  2.305733
563.0  0.718459  1.587754  2.306213
563.5  0.715375  1.593120  2.308495
564.0  0.708548  1.609355  2.317903
564.5  0.696879  1.624844  2.321723
565.0  0.679185  1.639949  2.319133
565.5  0.654188  1.660384  2.314572
566.0  0.620935  1.687441  2.308376
566.5  0.579900  1.725326  2.305226
567.0  0.534338  1.760255  2.294593
567.5  0.490723  1.796149  2.286872
568.0  0.457265  1.819399  2.276664
568.5  0.440706  1.820452  2.261158
569.0  0.443091  1.805317  2.248408
569.5  0.460603  1.778046  2.238649
570.0  0.485255  1.751693  2.236948
570.5  0.508333  1.725280  2.233613
571.0  0.523542  1.711097  2.234639
571.5  0.528446  1.711195  2.239641
572.0  0.524088  1.720506  2.244594
572.5  0.513560  1.731599  2.245159
573.0  0.500462  1.750914  2.251376
573.5  0.487802  1.767108  2.254910
574.0  0.477491  1.776686  2.254177
574.5  0.470258  1.782511  2.252768
575.0  0.465701  1.788318  2.254019
575.5  0.462339  1.792558  2.254897
576.0  0.457799  1.797166  2.254964
576.5  0.449529  1.807404  2.256934
577.0  0.436220  1.827357  2.263577
577.5  0.419403  1.853361  2.272763
578.0  0.404063  1.881790  2.285852
578.5  0.397250  1.906748  2.303999
579.0  0.404958  1.913327  2.318285
579.5  0.428986  1.903884  2.332870
580.0  0.465815  1.879023  2.344838
580.5  0.508187  1.846108  2.354295
581.0  0.548262  1.809830  2.358093
581.5  0.580455  1.778614  2.359069
582.0  0.602651  1.753265  2.355916
582.5  0.615750  1.732403  2.348153
583.0  0.622299  1.715924  2.338223
583.5  0.625091  1.702134  2.327226
584.0  0.626268  1.690597  2.316865
584.5  0.627039  1.680987  2.308026
585.0  0.627826  1.673468  2.301293
585.5  0.628484  1.666711  2.295196
586.0  0.628390  1.663004  2.291394
586.5  0.626462  1.665634  2.292096
587.0  0.621508  1.675699  2.297206
587.5  0.613170  1.689468  2.302638
588.0  0.603142  1.703899  2.307041
588.5  0.595626  1.719659  2.315285
589.0  0.596119  1.728221  2.324340
589.5  0.608680  1.727759  2.336440
590.0  0.633239  1.711006  2.344245
590.5  0.664758  1.683088  2.347847
591.0  0.694912  1.655823  2.350734
591.5  0.715216  1.635808  2.351024
592.0  0.719848  1.624367  2.344215
592.5  0.706944  1.632670  2.339614
593.0  0.678286  1.650213  2.328499
593.5  0.638079  1.673300  2.311379
594.0  0.591581  1.704035  2.295616
594.5  0.544083  1.741695  2.285779
595.0  0.500333  1.773920  2.274253
595.5  0.464203  1.797097  2.261300
596.0  0.438356  1.815208  2.253565
596.5  0.423751  1.822973  2.246724
597.0  0.419284  1.825014  2.244299
597.5  0.422105  1.821698  2.243804
598.0  0.428965  1.813464  2.242429
598.5  0.438128  1.803209  2.241337
599.0  0.450607  1.797370  2.247977
599.5  0.469588  1.782318  2.251906
600.0  0.498057  1.756159  2.254216
600.5  0.536123  1.722964  2.259087
601.0  0.579857  1.679381  2.259238
601.5  0.622428  1.637441  2.259869
602.0  0.656710  1.608302  2.265012
602.5  0.677744  1.594699  2.272443
603.0  0.683950  1.588754  2.272703
603.5  0.676962  1.597942  2.274904
604.0  0.660673  1.616048  2.276721
604.5  0.640124  1.638175  2.278299
605.0  0.620563  1.659718  2.280280
605.5  0.606681  1.671479  2.278160
606.0  0.601840  1.672830  2.274671
606.5  0.607222  1.662786  2.270007
607.0  0.621110  1.646269  2.267379
607.5  0.638864  1.627688  2.266551
608.0  0.654134  1.603332  2.257465
608.5  0.661301  1.594408  2.255709
609.0  0.658146  1.600129  2.258275
609.5  0.647171  1.608995  2.256166
610.0  0.634493  1.615347  2.249840
610.5  0.626681  1.624970  2.251651
611.0  0.627330  1.623149  2.250479
611.5  0.635408  1.615222  2.250629
612.0  0.646123  1.608875  2.254997
612.5  0.653426  1.607914  2.261339
613.0  0.652492  1.617726  2.270218
613.5  0.641080  1.640599  2.281679
614.0  0.619656  1.676421  2.296077
614.5  0.590853  1.716936  2.307789
615.0  0.558796  1.763736  2.322532
615.5  0.528505  1.809554  2.338059
616.0  0.505215  1.843632  2.348847
616.5  0.493330  1.857663  2.350993
617.0  0.494951  1.857319  2.352270
617.5  0.508452  1.843785  2.352237
618.0  0.528081  1.817080  2.345161
618.5  0.545414  1.790952  2.336366
619.0  0.552538  1.772012  2.324550
619.5  0.545520  1.767814  2.313333
620.0  0.526194  1.772823  2.299017
620.5  0.501085  1.789462  2.290547
621.0  0.478010  1.807685  2.285695
621.5  0.462401  1.816889  2.279290
622.0  0.455443  1.819703  2.275146
622.5  0.454765  1.818789  2.273554
623.0  0.456707  1.818828  2.275535
623.5  0.458474  1.819265  2.277739
624.0  0.459084  1.823944  2.283028
624.5  0.459125  1.830078  2.289203
625.0  0.459998  1.835238  2.295236
625.5  0.463308  1.838591  2.301899
626.0  0.470670  1.840182  2.310851
626.5  0.483720  1.835960  2.319680
627.0  0.503838  1.821566  2.325404
627.5  0.531213  1.796399  2.327612
628.0  0.563497  1.758067  2.321564
628.5  0.595055  1.718524  2.313578
629.0  0.617975  1.691229  2.309204
629.5  0.625015  1.672449  2.297464
630.0  0.613073  1.671492  2.284564
630.5  0.584999  1.687875  2.272874
631.0  0.548437  1.709162  2.257599
631.5  0.512314  1.738280  2.250593
632.0  0.483157  1.761846  2.245004
632.5  0.463350  1.780002  2.243353
633.0  0.451894  1.790177  2.242071
633.5  0.446571  1.797166  2.243737
634.0  0.445870  1.801628  2.247498
634.5  0.449716  1.797645  2.247361
635.0  0.459107  1.789048  2.248155
635.5  0.475354  1.774446  2.249801
636.0  0.499570  1.749336  2.248906
636.5  0.532647  1.711218  2.243865
637.0  0.575457  1.668893  2.244350
637.5  0.628666  1.617761  2.246427
638.0  0.691642  1.558109  2.249751
638.5  0.760716  1.491717  2.252433
639.0  0.828086  1.433607  2.261693
639.5  0.882870  1.367576  2.250446
640.0  0.914551  1.340820  2.255371
640.5  0.917122  1.331485  2.248607
641.0  0.891391  1.361968  2.253359
641.5  0.844074  1.410315  2.254389
642.0  0.784475  1.471766  2.256241
642.5  0.720973  1.535801  2.256773
643.0  0.659222  1.591565  2.250787
643.5  0.602394  1.652272  2.254666
644.0  0.552395  1.695501  2.247896
644.5  0.510749  1.743029  2.253779
645.0  0.478648  1.773747  2.252395
645.5  0.456460  1.802091  2.258551
646.0  0.443408  1.808353  2.251761
646.5  0.437850  1.813280  2.251130
647.0  0.438151  1.815286  2.253437
647.5  0.443655  1.811330  2.254984
648.0  0.454980  1.802047  2.257028
648.5  0.473065  1.782639  2.255704
649.0  0.497245  1.760770  2.258015
649.5  0.523743  1.732495  2.256239
650.0  0.546159  1.710872  2.257031
650.5  0.558242  1.700468  2.258710
651.0  0.557293  1.696898  2.254191
651.5  0.545792  1.716304  2.262096
652.0  0.530100  1.725072  2.255172
652.5  0.517223  1.746041  2.263264
653.0  0.511804  1.742283  2.254087
653.5  0.514994  1.748491  2.263485
654.0  0.525245  1.730532  2.255777
654.5  0.539875  1.723133  2.263008
655.0  0.556234  1.704646  2.260880
655.5  0.572059  1.690053  2.262112
656.0  0.585380  1.677402  2.262782
656.5  0.594533  1.666571  2.261104
657.0  0.598600  1.668534  2.267134
657.5  0.598138  1.662185  2.260323
658.0  0.595640  1.668666  2.264306
658.5  0.595033  1.669030  2.264063
659.0  0.599883  1.663929  2.263812
659.5  0.610975  1.653954  2.264929
660.0  0.624907  1.633580  2.258487
660.5  0.635195  1.627193  2.262389
661.0  0.635768  1.624392  2.260160
661.5  0.624731  1.638852  2.263582
662.0  0.605823  1.653385  2.259208
662.5  0.586531  1.680218  2.266750
663.0  0.574169  1.684965  2.259133
663.5  0.572506  1.693035  2.265541
664.0  0.580825  1.682069  2.262894
664.5  0.595326  1.666883  2.262210
665.0  0.611374  1.652327  2.263701
665.5  0.625083  1.634188  2.259271
666.0  0.633771  1.634031  2.267802
666.5  0.635700  1.620707  2.256407
667.0  0.629808  1.636333  2.266141
667.5  0.615814  1.667592  2.283406
668.0  0.594648  1.708169  2.302817
668.5  0.568746  1.747646  2.316392
669.0  0.541637  1.790065  2.331703
669.5  0.516567  1.824812  2.341378
670.0  0.494692  1.856672  2.351363
670.5  0.474189  1.880683  2.354871
671.0  0.451435  1.910330  2.361765
671.5  0.423998  1.938513  2.362511
672.0  0.393498  1.965327  2.358826
672.5  0.366125  1.992726  2.358851
673.0  0.350153  2.008081  2.358235
673.5  0.352010  2.009086  2.361096
674.0  0.373416  1.992811  2.366227
674.5  0.411156  1.968775  2.379931
675.0  0.459045  1.943201  2.402246
675.5  0.510403  1.922020  2.432423
676.0  0.559665  1.905911  2.465576
676.5  0.602781  1.904468  2.507249
677.0  0.636948  1.910167  2.547115
677.5  0.660314  1.926132  2.586447
678.0  0.671993  1.942999  2.614992
678.5  0.672310  1.963712  2.636022
679.0  0.662929  1.974202  2.637131
679.5  0.646460  1.982851  2.629311
680.0  0.625415  1.992049  2.617464
680.5  0.600966  1.995477  2.596443
681.0  0.572478  1.998643  2.571121
681.5  0.538574  2.010973  2.549547
682.0  0.499441  2.030472  2.529913
682.5  0.458844  2.055944  2.514788
683.0  0.424137  2.079225  2.503362
683.5  0.403772  2.089999  2.493770
684.0  0.403669  2.094593  2.498262
684.5  0.424707  2.080950  2.505658
685.0  0.462760  2.051588  2.514348
685.5  0.510887  2.017375  2.528262
686.0  0.562050  1.989216  2.551265
686.5  0.610881  1.960546  2.571426
687.0  0.654108  1.935355  2.589463
687.5  0.690101  1.921670  2.611771
688.0  0.718219  1.915953  2.634172
688.5  0.738433  1.909222  2.647655
689.0  0.751286  1.905338  2.656623
689.5  0.757983  1.900273  2.658257
690.0  0.760232  1.887357  2.647589
690.5  0.759554  1.870102  2.629656
691.0  0.756302  1.849183  2.605485
691.5  0.749154  1.830702  2.579856
692.0  0.735870  1.813023  2.548893
692.5  0.715213  1.798537  2.513750
693.0  0.688746  1.798583  2.487328
693.5  0.660994  1.804694  2.465688
694.0  0.637517  1.809756  2.447273
694.5  0.622053  1.808085  2.430138
695.0  0.614640  1.806145  2.420784
695.5  0.611858  1.805720  2.417578
696.0  0.608768  1.807745  2.416513
696.5  0.601134  1.819036  2.420171
697.0  0.586742  1.843281  2.430023
697.5  0.565542  1.877616  2.443158
698.0  0.539053  1.921939  2.460992
698.5  0.509661  1.975059  2.484720
699.0  0.480186  2.022892  2.503078
699.5  0.453737  2.072294  2.526031
700.0  0.433578  2.120277  2.553854
700.5  0.422611  2.149363  2.571973
701.0  0.422349  2.152851  2.575199
701.5  0.431847  2.137949  2.569796
702.0  0.447535  2.107965  2.555500
702.5  0.464629  2.062748  2.527377
703.0  0.479614  2.008600  2.488214
703.5  0.492193  1.963542  2.455735
704.0  0.505149  1.917839  2.422988
704.5  0.522000  1.865203  2.387203
705.0  0.544044  1.813191  2.357236
705.5  0.568912  1.775468  2.344380
706.0  0.591518  1.738104  2.329623
706.5  0.606553  1.708269  2.314822
707.0  0.610781  1.705218  2.315999
707.5  0.603979  1.712339  2.316318
708.0  0.588468  1.724851  2.313319
708.5  0.567951  1.744007  2.311958
709.0  0.546418  1.767145  2.313563
709.5  0.527508  1.787651  2.315159
710.0  0.514303  1.796845  2.311148
710.5  0.509214  1.799007  2.308221
711.0  0.513544  1.791361  2.304905
711.5  0.526648  1.773740  2.300387
712.0  0.545226  1.751464  2.296690
712.5  0.563677  1.724846  2.288523
713.0  0.576043  1.704372  2.280416
713.5  0.578885  1.704408  2.283292
714.0  0.573358  1.708764  2.282122
714.5  0.564884  1.715952  2.280836
715.0  0.560231  1.723421  2.283652
715.5  0.563665  1.724798  2.288463
716.0  0.574597  1.716720  2.291317
716.5  0.588085  1.708396  2.296481
717.0  0.597577  1.703343  2.300920
717.5  0.597996  1.708374  2.306370
718.0  0.587571  1.723517  2.311088
718.5  0.568000  1.749337  2.317337
719.0  0.543475  1.775661  2.319136
719.5  0.519337  1.799748  2.319085
720.0  0.500905  1.821176  2.322081
720.5  0.492661  1.831717  2.324378
721.0  0.497678  1.827679  2.325357
721.5  0.517014  1.808287  2.325302
722.0  0.548965  1.775861  2.324826
722.5  0.588550  1.739821  2.328371
723.0  0.628064  1.702855  2.330919
723.5  0.659175  1.682880  2.342055
724.0  0.675977  1.684690  2.360667
724.5  0.677303  1.704944  2.382246
725.0  0.666678  1.744335  2.411013
725.5  0.649674  1.799261  2.448935
726.0  0.630315  1.857636  2.487951
726.5  0.608923  1.918244  2.527167
727.0  0.582699  1.970726  2.553425
727.5  0.548304  2.029238  2.577542
728.0  0.504503  2.081590  2.586092
728.5  0.453394  2.133686  2.587079
729.0  0.399986  2.177181  2.577167
729.5  0.350797  2.214202  2.564999
730.0  0.312315  2.234196  2.546511
730.5  0.289898  2.237878  2.527776
731.0  0.287237  2.225439  2.512676
731.5  0.306180  2.193533  2.499713
732.0  0.346469  2.144103  2.490572
732.5  0.405167  2.077055  2.482222
733.0  0.476157  2.001579  2.477736
733.5  0.550635  1.930778  2.481413
734.0  0.619191  1.873223  2.492414
734.5  0.674867  1.825025  2.499892
735.0  0.715499  1.792564  2.508062
735.5  0.743726  1.777113  2.520839
736.0  0.764515  1.764468  2.528982
736.5  0.781743  1.747208  2.528950
737.0  0.796074  1.728678  2.524752
737.5  0.805295  1.717522  2.522816
738.0  0.806442  1.706439  2.512881
738.5  0.797990  1.688720  2.486710
739.0  0.780791  1.680691  2.461482
739.5  0.757603  1.679890  2.437494
740.0  0.731868  1.678359  2.410227
740.5  0.706536  1.673706  2.380241
741.0  0.683457  1.672034  2.355491
741.5  0.663464  1.670275  2.333739
742.0  0.646838  1.672866  2.319704
742.5  0.633608  1.675408  2.309016
743.0  0.623221  1.678416  2.301637
743.5  0.613846  1.684873  2.298719
744.0  0.602250  1.696292  2.298542
744.5  0.585048  1.710512  2.295560
745.0  0.560957  1.733956  2.294913
745.5  0.532492  1.762949  2.295441
746.0  0.505556  1.788767  2.294323
746.5  0.486774  1.807351  2.294124
747.0  0.480161  1.814223  2.294384
747.5  0.485272  1.807020  2.292291
748.0  0.497894  1.794927  2.292820
748.5  0.512502  1.789424  2.301926
749.0  0.524748  1.785291  2.310039
749.5  0.532686  1.780986  2.313672
750.0  0.536589  1.787210  2.323799
750.5  0.537968  1.797552  2.335520
751.0  0.538560  1.805900  2.344460
751.5  0.539774  1.817472  2.357246
752.0  0.542688  1.824116  2.366804
752.5  0.548225  1.821454  2.369679
753.0  0.556934  1.817715  2.374649
753.5  0.568051  1.814000  2.382051
754.0  0.578370  1.796074  2.374444
754.5  0.582156  1.779211  2.361367
755.0  0.572998  1.787829  2.360827
755.5  0.547068  1.812221  2.359289
756.0  0.505948  1.842455  2.348403
756.5  0.457064  1.886466  2.343530
757.0  0.411152  1.921500  2.332651
757.5  0.378058  1.952203  2.330261
758.0  0.363263  1.971732  2.334994
758.5  0.366901  1.974715  2.341616
759.0  0.385270  1.961706  2.346976
759.5  0.413341  1.937456  2.350797
760.0  0.446661  1.913345  2.360007
760.5  0.482034  1.894361  2.376395
761.0  0.517293  1.879102  2.396395
761.5  0.550885  1.858622  2.409506
762.0  0.581762  1.831652  2.413413
762.5  0.609608  1.814183  2.423791
763.0  0.634986  1.798613  2.433598
763.5  0.658806  1.773389  2.432195
764.0  0.680954  1.737195  2.418150
764.5  0.698800  1.702177  2.400978
765.0  0.706925  1.677169  2.384094
765.5  0.698912  1.669121  2.368033
766.0  0.670591  1.681595  2.352187
766.5  0.622940  1.713296  2.336237
767.0  0.562837  1.760181  2.323018
767.5  0.501070  1.808819  2.309889
768.0  0.448644  1.855681  2.304325
768.5  0.413358  1.892764  2.306122
769.0  0.398307  1.906501  2.304808
769.5  0.402530  1.898134  2.300664
770.0  0.422773  1.877871  2.300644
770.5  0.455057  1.844156  2.299214
771.0  0.495408  1.812538  2.307946
771.5  0.539938  1.767675  2.307613
772.0  0.584842  1.715039  2.299881
772.5  0.626710  1.673199  2.299909
773.0  0.663176  1.645085  2.308261
773.5  0.693420  1.610388  2.303808
774.0  0.717886  1.579654  2.297540
774.5  0.737012  1.558218  2.295230
775.0  0.749667  1.549063  2.298730
775.5  0.752602  1.551923  2.304525
776.0  0.741751  1.563675  2.305426
776.5  0.714815  1.592317  2.307133
777.0  0.673492  1.644799  2.318291
777.5  0.623740  1.710321  2.334061
778.0  0.573779  1.765011  2.338790
778.5  0.530941  1.810045  2.340986
779.0  0.499244  1.841793  2.341037
779.5  0.478908  1.863631  2.342538
780.0  0.467633  1.882107  2.349740
780.5  0.462494  1.885172  2.347666
781.0  0.461231  1.878142  2.339374
781.5  0.462531  1.873439  2.335970
782.0  0.465581  1.872659  2.338240
782.5  0.469543  1.868773  2.338316
783.0  0.473467  1.875131  2.348598
783.5  0.476836  1.876356  2.353192
784.0  0.480342  1.881395  2.361737
784.5  0.486115  1.892782  2.378897
785.0  0.496803  1.891721  2.388523
785.5  0.513843  1.884735  2.398578
786.0  0.536210  1.878172  2.414382
786.5  0.560832  1.870925  2.431757
787.0  0.584603  1.855489  2.440091
787.5  0.606520  1.833520  2.440040
788.0  0.628301  1.808653  2.436954
788.5  0.652995  1.785108  2.438103
789.0  0.682622  1.747982  2.430603
789.5  0.716515  1.695647  2.412162
790.0  0.751375  1.642377  2.393752
790.5  0.782730  1.596993  2.379723
791.0  0.806656  1.555985  2.362641
791.5  0.820750  1.527900  2.348650
792.0  0.824073  1.518009  2.342082
792.5  0.816503  1.516712  2.333215
793.0  0.798150  1.525887  2.324037
793.5  0.769338  1.552592  2.321929
794.0  0.731220  1.589148  2.320367
794.5  0.686548  1.633239  2.319787
795.0  0.639751  1.684128  2.323879
795.5  0.595757  1.725913  2.321670
796.0  0.558022  1.759103  2.317125
796.5  0.527126  1.791796  2.318922
797.0  0.501204  1.818596  2.319800
797.5  0.478039  1.839560  2.317598
798.0  0.457244  1.860434  2.317678
798.5  0.440840  1.877357  2.318197
799.0  0.431790  1.889217  2.321008
799.5  0.431707  1.888608  2.320314
800.0  0.439439  1.876694  2.316132
800.5  0.451472  1.863884  2.315356
801.0  0.463621  1.850383  2.314004
801.5  0.472735  1.838370  2.311106
802.0  0.477425  1.830132  2.307557
802.5  0.477700  1.825989  2.303689
803.0  0.474075  1.829107  2.303182
803.5  0.466878  1.835260  2.302138
804.0  0.456239  1.842221  2.298461
804.5  0.442756  1.851418  2.294174
805.0  0.428278  1.866795  2.295072
805.5  0.415980  1.881877  2.297857
806.0  0.409227  1.889485  2.298711
806.5  0.409770  1.888007  2.297776
807.0  0.416663  1.878473  2.295135
807.5  0.426981  1.869060  2.296042
808.0  0.438040  1.861799  2.299839
808.5  0.449478  1.852416  2.301893
809.0  0.463615  1.837352  2.300967
809.5  0.483764  1.817169  2.300933
810.0  0.511723  1.793464  2.305187
810.5  0.546155  1.765341  2.311496
811.0  0.582796  1.731726  2.314522
811.5  0.616099  1.704258  2.320357
812.0  0.641140  1.685763  2.326903
812.5  0.654812  1.679432  2.334244
813.0  0.656072  1.674095  2.330167
813.5  0.645573  1.686693  2.332266
814.0  0.625226  1.715870  2.341096
814.5  0.598025  1.742907  2.340932
815.0  0.568150  1.768926  2.337076
815.5  0.540950  1.796972  2.337922
816.0  0.522232  1.814804  2.337036
816.5  0.516615  1.815251  2.331866
817.0  0.525599  1.803825  2.329424
817.5  0.546659  1.781321  2.327980
818.0  0.574309  1.751103  2.325412
818.5  0.602695  1.725102  2.327797
819.0  0.628091  1.700257  2.328349
819.5  0.649688  1.677360  2.327048
820.0  0.668376  1.660555  2.328931
820.5  0.684683  1.652308  2.336991
821.0  0.697491  1.642211  2.339701
821.5  0.704362  1.638859  2.343220
822.0  0.702960  1.647680  2.350640
822.5  0.692425  1.659787  2.352212
823.0  0.673847  1.689657  2.363505
823.5  0.649763  1.712929  2.362692
824.0  0.623143  1.725883  2.349026
824.5  0.596510  1.748668  2.345178
825.0  0.571672  1.777830  2.349502
825.5  0.550166  1.789379  2.339545
826.0  0.533942  1.795763  2.329705
826.5  0.525422  1.796138  2.321560
827.0  0.526415  1.790362  2.316778
827.5  0.536453  1.783174  2.319627
828.0  0.551978  1.768372  2.320350
828.5  0.567526  1.742565  2.310091
829.0  0.578445  1.727293  2.305738
829.5  0.583340  1.730764  2.314104
830.0  0.584439  1.731145  2.315585
830.5  0.585620  1.731278  2.316898
831.0  0.589545  1.724024  2.313570
831.5  0.595946  1.719422  2.315369
832.0  0.602009  1.717030  2.319039
832.5  0.604232  1.714532  2.318764
833.0  0.600314  1.718310  2.318624
833.5  0.590062  1.729835  2.319897
834.0  0.575181  1.750686  2.325867
834.5  0.558420  1.771864  2.330284
835.0  0.542648  1.788583  2.331230
835.5  0.530298  1.806980  2.337279
836.0  0.523367  1.826548  2.349914
836.5  0.523680  1.830417  2.354097
837.0  0.532782  1.817521  2.350303
837.5  0.550964  1.804670  2.355634
838.0  0.575902  1.786364  2.362266
838.5  0.602216  1.756648  2.358864
839.0  0.622978  1.730070  2.353047
839.5  0.632677  1.715787  2.348465
840.0  0.629828  1.714303  2.344130
840.5  0.617408  1.724093  2.341501
841.0  0.600897  1.739383  2.340280
841.5  0.585318  1.755395  2.340713
842.0  0.573255  1.764245  2.337499
842.5  0.564766  1.774608  2.339374
843.0  0.558659  1.779828  2.338487
843.5  0.553875  1.784516  2.338392
844.0  0.550136  1.790364  2.340501
844.5  0.547791  1.795250  2.343042
845.0  0.547304  1.798423  2.345727
845.5  0.548874  1.796327  2.345201
846.0  0.552528  1.793713  2.346241
846.5  0.558684  1.790646  2.349330
847.0  0.568688  1.779810  2.348498
847.5  0.584468  1.767004  2.351472
848.0  0.606877  1.740387  2.347264
848.5  0.633571  1.709409  2.342980
849.0  0.658232  1.681858  2.340090
849.5  0.672376  1.665577  2.337953
850.0  0.669087  1.667107  2.336195
850.5  0.646386  1.679255  2.325642
851.0  0.608129  1.715169  2.323298
851.5  0.562017  1.761087  2.323104
852.0  0.516154  1.802400  2.318554
852.5  0.476271  1.838336  2.314608
853.0  0.444856  1.870260  2.315116
853.5  0.421956  1.894266  2.316222
854.0  0.406520  1.909125  2.315646
854.5  0.397320  1.914933  2.312253
855.0  0.393227  1.919225  2.312452
855.5  0.393160  1.920600  2.313760
856.0  0.396119  1.918984  2.315103
856.5  0.401592  1.913251  2.314843
857.0  0.410218  1.904969  2.315187
857.5  0.424127  1.893655  2.317782
858.0  0.446110  1.875457  2.321567
858.5  0.477438  1.852646  2.330084
859.0  0.515488  1.817809  2.333297
859.5  0.553206  1.785734  2.338940
860.0  0.581460  1.761790  2.343250
860.5  0.593157  1.752508  2.345665
861.0  0.586572  1.762298  2.348870
861.5  0.565893  1.783440  2.349332
862.0  0.538898  1.807485  2.346383
862.5  0.513466  1.832577  2.346043
863.0  0.495001  1.851088  2.346089
863.5  0.485794  1.856118  2.341912
864.0  0.485898  1.854448  2.340346
864.5  0.494323  1.843140  2.337463
865.0  0.509717  1.824803  2.334520
865.5  0.530471  1.804221  2.334691
866.0  0.554687  1.778622  2.333309
866.5  0.580488  1.749200  2.329688
867.0  0.606773  1.722429  2.329203
867.5  0.634053  1.700729  2.334782
868.0  0.664532  1.670920  2.335452
868.5  0.700735  1.637206  2.337941
869.0  0.742946  1.604668  2.347614
869.5  0.787078  1.569508  2.356586
870.0  0.824910  1.541886  2.366796
870.5  0.847174  1.523100  2.370273
871.0  0.847839  1.529633  2.377471
871.5  0.826987  1.561672  2.388659
872.0  0.790636  1.602193  2.392829
872.5  0.747837  1.649905  2.397742
873.0  0.706924  1.689543  2.396467
873.5  0.672951  1.718329  2.391280
874.0  0.647237  1.747857  2.395094
874.5  0.628483  1.767622  2.396105
875.0  0.614253  1.763131  2.377384
875.5  0.601963  1.767518  2.369482
876.0  0.589244  1.788031  2.377276
876.5  0.574039  1.809976  2.384015
877.0  0.554860  1.812189  2.367049
877.5  0.531402  1.845858  2.377260
878.0  0.505297  1.872464  2.377761
878.5  0.480347  1.897003  2.377350
879.0  0.461520  1.917202  2.378721
879.5  0.452645  1.930571  2.383216
880.0  0.454080  1.923520  2.377600
880.5  0.462128  1.902252  2.364380
881.0  0.471022  1.902998  2.374020
881.5  0.476343  1.903605  2.379947
882.0  0.477610  1.900273  2.377884
882.5  0.478376  1.894098  2.372474
883.0  0.483898  1.884705  2.368603
883.5  0.498061  1.882443  2.380505
884.0  0.521438  1.853132  2.374570
884.5  0.551343  1.830080  2.381422
885.0  0.583305  1.778680  2.361986
885.5  0.612754  1.769744  2.382498
886.0  0.636029  1.733980  2.370009
886.5  0.650622  1.732241  2.382863
887.0  0.655024  1.716418  2.371442
887.5  0.648666  1.726128  2.374794
888.0  0.632197  1.732290  2.364488
888.5  0.607961  1.756920  2.364881
889.0  0.580062  1.796183  2.376244
889.5  0.553350  1.815317  2.368667
890.0  0.531369  1.841634  2.373003
890.5  0.514463  1.855874  2.370337
891.0  0.499693  1.874754  2.374447
891.5  0.483047  1.891706  2.374752
892.0  0.462653  1.913828  2.376481
892.5  0.440798  1.937441  2.378239
893.0  0.423368  1.953582  2.376950
893.5  0.417128  1.964657  2.381785
894.0  0.426576  1.952549  2.379125
894.5  0.452191  1.923596  2.375787
895.0  0.490720  1.887506  2.378225
895.5  0.536781  1.840488  2.377269
896.0  0.584598  1.804437  2.389035
896.5  0.629049  1.742430  2.371479
897.0  0.665995  1.716697  2.382692
897.5  0.692303  1.676593  2.368896
898.0  0.705988  1.683534  2.389522
898.5  0.706650  1.668338  2.374988
899.0  0.695960  1.685479  2.381439
899.5  0.677555  1.696776  2.374331
900.0  0.655815  1.720776  2.376591
900.5  0.633810  1.745891  2.379701
901.0  0.611775  1.763423  2.375198
901.5  0.587493  1.796558  2.384051
902.0  0.558644  1.821537  2.380181
902.5  0.525545  1.859330  2.384875
903.0  0.492309  1.888329  2.380638
903.5  0.465561  1.917463  2.383024
904.0  0.451530  1.940489  2.392019
904.5  0.453269  1.935545  2.388813
905.0  0.469497  1.917060  2.386556
905.5  0.495365  1.883316  2.378681
906.0  0.524350  1.864059  2.388409
906.5  0.550168  1.833214  2.383382
907.0  0.568048  1.821110  2.389158
907.5  0.575316  1.799827  2.375143
908.0  0.571525  1.802055  2.373579
908.5  0.558381  1.821906  2.380287
909.0  0.539503  1.843433  2.382936
909.5  0.519881  1.870033  2.389914
910.0  0.504755  1.862692  2.367447
910.5  0.497889  1.877400  2.375289
911.0  0.499856  1.865849  2.365705
911.5  0.507531  1.880630  2.388161
912.0  0.515586  1.861181  2.376767
912.5  0.519425  1.864054  2.383480
913.0  0.517875  1.867471  2.385347
913.5  0.513946  1.876495  2.390441
914.0  0.513208  1.873478  2.386685
914.5  0.520763  1.865300  2.386064
915.0  0.538561  1.850154  2.388715
915.5  0.564454  1.819625  2.384078
916.0  0.593236  1.789186  2.382422
916.5  0.618784  1.763676  2.382460
917.0  0.636101  1.742505  2.378606
917.5  0.642550  1.736918  2.379468
918.0  0.638167  1.731611  2.369778
918.5  0.625374  1.751237  2.376611
919.0  0.608404  1.761994  2.370398
919.5  0.592596  1.792936  2.385533
920.0  0.583513  1.783430  2.366943
920.5  0.585669  1.785046  2.370716
921.0  0.600913  1.771364  2.372277
921.5  0.627139  1.754046  2.381185
922.0  0.658420  1.725603  2.384023
922.5  0.687104  1.686629  2.373733
923.0  0.707066  1.674410  2.381476
923.5  0.716328  1.654394  2.370723
924.0  0.717566  1.671747  2.389313
924.5  0.716247  1.655853  2.372101
925.0  0.717502  1.662880  2.380381
925.5  0.723434  1.649298  2.372732
926.0  0.732160  1.651623  2.383784
926.5  0.738775  1.636252  2.375027
927.0  0.737426  1.653040  2.390467
927.5  0.723425  1.664533  2.387958
928.0  0.694670  1.686657  2.381327
928.5  0.652259  1.731109  2.383369
929.0  0.600384  1.791236  2.391620
929.5  0.545627  1.847559  2.393186
930.0  0.495749  1.887849  2.383598
930.5  0.458073  1.927653  2.385726
931.0  0.437614  1.954843  2.392457
931.5  0.435355  1.950378  2.385733
932.0  0.447383  1.947370  2.394753
932.5  0.465740  1.916398  2.382138
933.0  0.481148  1.919219  2.400367
933.5  0.486593  1.894594  2.381188
934.0  0.480010  1.918078  2.398088
934.5  0.464674  1.919137  2.383810
935.0  0.447152  1.948865  2.396018
935.5  0.433974  1.947162  2.381136
936.0  0.428774  1.956386  2.385160
936.5  0.431231  1.955538  2.386769
937.0  0.437971  1.944537  2.382508
937.5  0.444538  1.938777  2.383316
938.0  0.447320  1.934028  2.381348
938.5  0.444741  1.946284  2.391025
939.0  0.437620  1.946951  2.384571
939.5  0.428881  1.963453  2.392334
940.0  0.422868  1.968340  2.391208
940.5  0.424464  1.961707  2.386171
941.0  0.438074  1.949259  2.387333
941.5  0.466404  1.923866  2.390270
942.0  0.509070  1.886352  2.395421
942.5  0.561636  1.831510  2.393146
943.0  0.616068  1.781905  2.397973
943.5  0.663056  1.724384  2.387440
944.0  0.695384  1.692109  2.387493
944.5  0.710575  1.680868  2.391443
945.0  0.711346  1.679198  2.390544
945.5  0.703681  1.698217  2.401898
946.0  0.693664  1.701003  2.394667
946.5  0.684758  1.726081  2.410838
947.0  0.676801  1.714368  2.391169
947.5  0.666864  1.736845  2.403709
948.0  0.651181  1.743118  2.394300
948.5  0.627105  1.779166  2.406271
949.0  0.594385  1.799199  2.393583
949.5  0.555583  1.837548  2.393130
950.0  0.515734  1.882705  2.398440
950.5  0.481465  1.917045  2.398510
951.0  0.459776  1.938306  2.398082
951.5  0.456617  1.939213  2.395830
952.0  0.475203  1.924419  2.399622
952.5  0.514274  1.880426  2.394701
953.0  0.567112  1.827588  2.394701
953.5  0.622469  1.774073  2.396542
954.0  0.667822  1.728647  2.396469
954.5  0.693777  1.708508  2.402285
955.0  0.697403  1.697348  2.394751
955.5  0.682771  1.722003  2.404773
956.0  0.658488  1.738236  2.396724
956.5  0.633650  1.771423  2.405073
957.0  0.614258  1.779288  2.393547
957.5  0.601646  1.795977  2.397623
958.0  0.593138  1.800725  2.393863
958.5  0.584045  1.811183  2.395229
959.0  0.569817  1.831587  2.401404
959.5  0.547608  1.846751  2.394359
960.0  0.517124  1.883457  2.400581
960.5  0.480908  1.909488  2.390396
961.0  0.444157  1.964615  2.408772
961.5  0.413974  1.978054  2.392028
962.0  0.397811  2.006789  2.404600
962.5  0.401050  1.995856  2.396906
963.0  0.424366  1.981172  2.405538
963.5  0.462314  1.935849  2.398163
964.0  0.504530  1.898257  2.402788
964.5  0.539559  1.860389  2.399948
965.0  0.559569  1.838727  2.398295
965.5  0.563535  1.835905  2.399441
966.0  0.557330  1.841965  2.399295
966.5  0.550816  1.851656  2.402472
967.0  0.553496  1.845970  2.399466
967.5  0.570789  1.830414  2.401203
968.0  0.602444  1.803283  2.405728
968.5  0.643332  1.756245  2.399577
969.0  0.685708  1.715348  2.401056
969.5  0.721720  1.669358  2.391077
970.0  0.745338  1.660613  2.405951
970.5  0.753514  1.632091  2.385605
971.0  0.746636  1.655966  2.402602
971.5  0.728395  1.657071  2.385466
972.0  0.704958  1.698820  2.403777
972.5  0.683283  1.709568  2.392851
973.0  0.668654  1.725580  2.394234
973.5  0.662177  1.726382  2.388560
974.0  0.659657  1.730475  2.390131
974.5  0.652989  1.747150  2.400139
975.0  0.633873  1.756141  2.390014
975.5  0.598057  1.798965  2.397021
976.0  0.547899  1.848573  2.396472
976.5  0.491941  1.909585  2.401526
977.0  0.441785  1.955561  2.397346
977.5  0.407860  1.991041  2.398901
978.0  0.396064  2.006895  2.402960
978.5  0.406596  1.990310  2.396906
979.0  0.434984  1.965547  2.400531
979.5  0.474323  1.919282  2.393606
980.0  0.517489  1.887216  2.404705
980.5  0.558639  1.834350  2.392989
981.0  0.593927  1.806519  2.400447
981.5  0.621695  1.773556  2.395251
982.0  0.642391  1.757150  2.399541
982.5  0.658193  1.740725  2.398918
983.0  0.672044  1.720456  2.392500
983.5  0.685868  1.716549  2.402417
984.0  0.698454  1.686931  2.385385
984.5  0.704344  1.697943  2.402287
985.0  0.695063  1.685002  2.380064
985.5  0.662717  1.738134  2.400851
986.0  0.604309  1.779235  2.383545
986.5  0.524387  1.873722  2.398109
987.0  0.434496  1.951966  2.386461
987.5  0.349603  2.047815  2.397418
988.0  0.283222  2.105663  2.388885
988.5  0.243536  2.150261  2.393797
989.0  0.232048  2.157242  2.389290
989.5  0.244774  2.143470  2.388243
990.0  0.274794  2.115334  2.390128
990.5  0.314769  2.074947  2.389716
991.0  0.358602  2.023461  2.382063
991.5  0.402151  1.985485  2.387636
992.0  0.443299  1.939119  2.382418
992.5  0.481779  1.907645  2.389424
993.0  0.518897  1.857324  2.376221
993.5  0.556927  1.832221  2.389148
994.0  0.597783  1.771130  2.368914
994.5  0.641156  1.747264  2.388420
995.0  0.683168  1.684255  2.367423
995.5  0.716915  1.666181  2.383096
996.0  0.735200  1.634023  2.369223
996.5  0.734178  1.638213  2.372391
997.0  0.715780  1.657051  2.372832
997.5  0.687417  1.682315  2.369732
998.0  0.659061  1.722176  2.381236
998.5  0.639316  1.724424  2.363740
999.0  0.632497  1.746121  2.378619
999.5  0.637900  1.732468  2.370368
1000.0  0.651086  1.729254  2.380340
