0.0  372.4494
0.5  374.0461
1.0  366.9942
1.5  349.9583
2.0  325.5226
2.5  300.6217
3.0  284.7009
3.5  285.7863
4.0  306.3994
4.5  341.9456
5.0  382.7841
5.5  418.6439
6.0  442.6408
6.5  452.9232
7.0  451.8542
7.5  443.9506
8.0  433.9043
8.5  425.3565
9.0  420.4084
9.5  419.5312
10.0  421.5966
10.5  424.0007
11.0  423.0930
11.5  415.1767
12.0  398.1228
12.5  373.1188
13.0  345.5189
13.5  323.7218
14.0  315.9364
14.5  326.2827
15.0  352.6185
15.5  387.6011
16.0  422.2786
16.5  449.8792
17.0  467.7526
17.5  477.0127
18.0  480.8086
18.5  482.4783
19.0  484.3383
19.5  487.2108
20.0  490.4169
20.5  491.9606
21.0  488.8310
21.5  477.5610
22.0  455.2378
22.5  420.9583
23.0  377.2783
23.5  330.7366
24.0  290.5354
24.5  265.3073
25.0  259.3273
25.5  270.4013
26.0  290.8881
26.5  311.2556
27.0  323.9750
27.5  325.7271
28.0  317.3812
28.5  302.5537
29.0  285.9029
29.5  271.8519
30.0  263.8283
30.5  263.7921
31.0  271.8782
31.5  286.2101
32.0  303.1471
32.5  318.2350
33.0  327.8672
33.5  331.1507
34.0  330.9742
34.5  333.2558
35.0  344.1852
35.5  366.6964
36.0  398.3265
36.5  431.9592
37.0  459.0091
37.5  473.0198
38.0  471.7358
38.5  457.0800
39.0  433.7508
39.5  407.5082
40.0  383.8062
40.5  366.8850
41.0  359.1625
41.5  360.8128
42.0  369.6184
42.5  381.3466
43.0  390.8744
43.5  393.9987
44.0  389.3698
44.5  379.5464
45.0  370.2325
45.5  367.6091
46.0  374.9941
46.5  390.8404
47.0  409.4028
47.5  423.6162
48.0  428.3203
48.5  422.0746
49.0  407.0738
49.5  387.8300
50.0  369.5880
50.5  357.0494
51.0  353.4909
51.5  360.1519
52.0  375.8422
52.5  396.9194
53.0  417.8898
53.5  432.7930
54.0  437.1844
54.5  430.0386
55.0  414.5514
55.5  397.0233
56.0  383.9585
56.5  378.7767
57.0  380.1081
57.5  382.7791
58.0  380.7963
58.5  370.3959
59.0  351.5308
59.5  327.4908
60.0  303.4486
60.5  284.9108
61.0  276.5772
61.5  281.5903
62.0  300.9741
62.5  333.1969
63.0  374.0488
63.5  417.1637
64.0  455.3990
64.5  482.8930
65.0  497.0864
65.5  499.6518
66.0  495.5290
66.5  490.2388
67.0  486.8605
67.5  484.5092
68.0  479.2439
68.5  466.6639
69.0  444.4365
69.5  413.3882
70.0  377.0203
70.5  340.2238
71.0  308.0422
71.5  284.8377
72.0  273.7370
72.5  276.1018
73.0  290.9793
73.5  314.8104
74.0  341.8423
74.5  365.5244
75.0  380.6527
75.5  385.3937
76.0  382.0215
76.5  375.6393
77.0  371.3213
77.5  371.2776
78.0  373.8134
78.5  374.6621
79.0  369.6344
79.5  356.7998
80.0  337.0938
80.5  313.5093
81.0  289.8008
81.5  269.5153
82.0  255.5646
82.5  250.0431
83.0  253.9117
83.5  266.4595
84.0  284.8791
84.5  304.5168
85.0  320.1678
85.5  328.1726
86.0  328.3674
86.5  324.6562
87.0  323.5075
87.5  330.9070
88.0  349.4267
88.5  377.1409
89.0  408.9074
89.5  438.9686
90.0  463.1829
90.5  479.8514
91.0  489.2654
91.5  492.7860
92.0  492.1555
92.5  489.1929
93.0  485.5975
93.5  482.5360
94.0  479.9957
94.5  476.2776
95.0  468.1924
95.5  452.2835
96.0  426.7781
96.5  393.2971
97.0  357.1496
97.5  325.6479
98.0  305.1041
98.5  298.1784
99.0  303.1566
99.5  315.4587
100.0  330.2169
100.5  344.2857
101.0  356.7931
101.5  368.4775
102.0  380.6642
102.5  394.5564
103.0  410.9514
103.5  430.0681
104.0  451.1649
104.5  471.9760
105.0  488.4105
105.5  495.0990
106.0  487.0421
106.5  461.8947
107.0  421.7499
107.5  373.2131
108.0  325.3449
108.5  286.3578
109.0  260.8449
109.5  249.0211
110.0  248.0981
110.5  254.5805
111.0  265.9816
111.5  281.2452
112.0  300.1921
112.5  322.7787
113.0  348.7260
113.5  377.5333
114.0  408.5154
114.5  440.5269
115.0  471.4074
115.5  497.6060
116.0  514.5848
116.5  518.2568
117.0  506.9979
117.5  483.1350
118.0  452.7765
118.5  423.6539
119.0  401.9074
119.5  389.5923
120.0  384.3465
120.5  381.2597
121.0  375.6116
121.5  364.8478
122.0  349.0250
122.5  330.0721
123.0  310.7396
123.5  293.8718
124.0  282.0614
124.5  277.3548
125.0  280.7085
125.5  291.2747
126.0  306.0107
126.5  320.2017
127.0  329.1067
127.5  330.2031
128.0  324.8721
128.5  318.3236
129.0  317.3635
129.5  326.9442
130.0  347.4291
130.5  374.2471
131.0  400.0973
131.5  418.2253
132.0  424.8507
132.5  419.7706
133.0  405.4947
133.5  385.9159
134.0  365.2800
134.5  347.5813
135.0  336.0676
135.5  332.5617
136.0  336.6933
136.5  345.5457
137.0  354.2967
137.5  358.0176
138.0  354.0586
138.5  343.8491
139.0  332.9184
139.5  328.7079
140.0  337.0114
140.5  358.8990
141.0  389.9153
141.5  422.0100
142.0  446.9657
142.5  459.3673
143.0  457.8464
143.5  444.6435
144.0  424.3386
144.5  402.5415
145.0  384.8093
145.5  375.6522
146.0  377.4988
146.5  389.8158
147.0  408.8971
147.5  428.8045
148.0  443.4588
148.5  449.1786
149.0  446.4827
149.5  440.0937
150.0  436.8585
150.5  442.4057
151.0  458.1750
151.5  480.4164
152.0  501.7025
152.5  514.0464
153.0  511.8887
153.5  493.6179
154.0  461.4144
154.5  420.0919
155.0  375.7194
155.5  334.4071
156.0  301.2368
156.5  279.2499
157.0  268.6486
157.5  266.6413
158.0  268.3504
158.5  268.7728
159.0  265.1300
159.5  258.4963
160.0  253.7072
160.5  257.2894
161.0  274.2063
161.5  305.0084
162.0  344.9570
162.5  385.6686
163.0  418.3619
163.5  436.9478
164.0  439.6004
164.5  428.5854
165.0  409.0049
165.5  387.2436
166.0  369.5314
166.5  360.6733
167.0  362.9308
167.5  375.2503
168.0  393.2638
168.5  410.4470
169.0  420.3650
169.5  419.2624
170.0  407.8032
170.5  390.9427
171.0  375.7661
171.5  368.2195
172.0  370.3569
172.5  379.5452
173.0  389.9858
173.5  395.5811
174.0  392.5119
174.5  380.3787
175.0  361.8294
175.5  341.3597
176.0  324.0077
176.5  314.2548
177.0  315.0814
177.5  327.0886
178.0  347.8651
178.5  372.0572
179.0  392.5526
179.5  402.7028
180.0  398.8223
180.5  381.8169
181.0  357.0374
181.5  332.2605
182.0  314.6265
182.5  307.9103
183.0  311.3828
183.5  320.7310
184.0  330.4286
184.5  336.2387
185.0  336.6982
185.5  333.2378
186.0  329.3445
186.5  329.3626
187.0  337.2896
187.5  355.6368
188.0  384.4022
188.5  420.4250
189.0  457.5926
189.5  488.2266
190.0  505.4243
190.5  505.4841
191.0  489.2917
191.5  461.9448
192.0  430.7496
192.5  402.5113
193.0  381.3288
193.5  367.7869
194.0  359.7347
194.5  354.0788
195.0  348.6089
195.5  343.0476
196.0  339.1007
196.5  339.7856
197.0  348.4510
197.5  367.7293
198.0  398.5012
198.5  438.9939
199.0  484.3586
199.5  527.1974
200.0  559.2750
200.5  574.0273
201.0  568.8552
201.5  546.0507
202.0  511.7881
202.5  473.6278
203.0  437.7680
203.5  407.3205
204.0  382.1971
204.5  360.3049
205.0  339.2093
205.5  317.4526
206.0  295.1326
206.5  273.8090
207.0  256.0262
207.5  244.6880
208.0  242.3506
208.5  250.4175
209.0  268.3397
209.5  293.1558
210.0  319.8289
210.5  342.5903
211.0  356.9247
211.5  361.2842
212.0  357.5848
212.5  350.1655
213.0  343.7767
213.5  341.6736
214.0  344.6986
214.5  351.5534
215.0  359.8358
215.5  367.1792
216.0  372.0077
216.5  373.7696
217.0  372.8012
217.5  370.0449
218.0  366.7427
218.5  364.0839
219.0  362.7519
219.5  362.4487
220.0  361.6901
220.5  358.2303
221.0  350.2092
221.5  337.5680
222.0  322.8675
222.5  310.7960
223.0  306.4213
223.5  313.0784
224.0  331.0344
224.5  357.5386
225.0  388.0288
225.5  417.7297
226.0  442.9076
226.5  461.4334
227.0  472.7272
227.5  477.3742
228.0  476.6786
228.5  472.2672
229.0  465.7011
229.5  458.0246
230.0  449.3013
230.5  438.3883
231.0  423.2875
231.5  402.2055
232.0  374.9601
232.5  343.9302
233.0  313.8092
233.5  290.0847
234.0  276.9953
234.5  276.0597
235.0  285.8647
235.5  303.0058
236.0  323.4989
236.5  343.9453
237.0  362.0933
237.5  376.8600
238.0  388.0855
238.5  396.2542
239.0  402.2411
239.5  406.9959
240.0  411.0877
240.5  414.2108
241.0  414.9850
241.5  411.4330
242.0  402.2030
242.5  388.0147
243.0  372.3788
243.5  360.8466
244.0  358.9191
244.5  369.6850
245.0  392.4930
245.5  423.2851
246.0  456.2023
246.5  485.4966
247.0  506.9137
247.5  518.2420
248.0  519.2000
248.5  511.0145
249.0  495.9559
249.5  476.8863
250.0  456.7354
250.5  437.8365
251.0  421.2502
251.5  406.4285
252.0  391.6108
252.5  375.0159
253.0  356.3171
253.5  337.4783
254.0  322.2230
254.5  314.2313
255.0  315.0671
255.5  323.0906
256.0  333.9763
256.5  342.4426
257.0  344.1890
257.5  337.1549
258.0  321.7896
258.5  300.5661
259.0  277.1789
259.5  255.7539
260.0  240.1676
260.5  233.4053
261.0  236.9144
261.5  250.0835
262.0  270.1875
262.5  293.1303
263.0  314.9558
263.5  333.5133
264.0  349.2923
264.5  364.7431
265.0  382.3444
265.5  402.6090
266.0  423.3218
266.5  440.4466
267.0  450.0211
267.5  449.8687
268.0  440.3024
268.5  423.7413
269.0  403.7223
269.5  383.9055
270.0  367.4267
270.5  356.6023
271.0  352.7539
271.5  355.9404
272.0  364.6440
272.5  375.7823
273.0  385.4889
273.5  390.6877
274.0  390.7599
274.5  388.1590
275.0  387.2375
275.5  391.7330
276.0  402.4266
276.5  416.4795
277.0  428.7982
277.5  434.4597
278.0  430.7642
278.5  418.0251
279.0  399.1038
279.5  378.2842
280.0  360.1469
280.5  348.7993
281.0  347.4343
281.5  357.9491
282.0  380.3941
282.5  412.3441
283.0  448.6934
283.5  482.4867
284.0  506.9219
284.5  517.7759
285.0  514.9029
285.5  501.7694
286.0  483.1891
286.5  462.6512
287.0  440.8870
287.5  416.3672
288.0  387.0806
288.5  352.2868
289.0  313.2855
289.5  273.0924
290.0  235.5469
290.5  204.4968
291.0  183.3992
291.5  175.2454
292.0  182.4033
292.5  205.9959
293.0  244.8547
293.5  294.7083
294.0  348.5420
294.5  398.5422
295.0  438.8991
295.5  467.8656
296.0  487.6996
296.5  502.4501
297.0  515.0352
297.5  525.5135
298.0  531.4785
298.5  529.9551
299.0  519.3243
299.5  500.1561
300.0  474.8124
300.5  446.4270
301.0  417.9976
301.5  391.9858
302.0  370.3613
302.5  354.6916
303.0  345.8539
303.5  343.3002
304.0  344.3905
304.5  344.6463
305.0  339.3825
305.5  326.1153
306.0  306.2583
306.5  284.7780
307.0  267.7879
307.5  259.5364
308.0  260.6771
308.5  268.7104
309.0  279.9314
309.5  291.4060
310.0  301.8823
310.5  311.5235
311.0  321.0718
311.5  331.1521
312.0  342.0774
312.5  354.0499
313.0  367.3383
313.5  382.0039
314.0  397.1311
314.5  410.1140
315.0  416.8839
315.5  413.5253
316.0  398.6352
316.5  374.8854
317.0  348.4756
317.5  326.5328
318.0  314.0114
318.5  312.0130
319.0  318.3578
319.5  329.6470
320.0  343.2737
320.5  358.2755
321.0  374.9413
321.5  393.8204
322.0  414.8924
322.5  437.3226
323.0  459.7715
323.5  480.8813
324.0  499.4727
324.5  514.2231
325.0  523.1207
325.5  523.4194
326.0  512.6472
326.5  490.3469
327.0  459.3340
327.5  425.2812
328.0  394.5705
328.5  371.7022
329.0  357.9107
329.5  351.6879
330.0  350.5327
330.5  352.5898
331.0  357.2637
331.5  364.7897
332.0  375.3742
332.5  388.5788
333.0  403.2835
333.5  418.1241
334.0  431.9774
334.5  444.0174
335.0  453.1824
335.5  457.4685
336.0  453.8816
336.5  439.6040
337.0  413.9517
337.5  379.7923
338.0  343.1708
338.5  311.0719
339.0  288.6141
339.5  277.3797
340.0  275.6937
340.5  280.2894
341.0  288.0769
341.5  297.0529
342.0  306.2258
342.5  315.0611
343.0  323.0503
343.5  329.7223
344.0  335.0084
344.5  339.5588
345.0  344.5637
345.5  350.9499
346.0  358.4173
346.5  365.1761
347.0  368.9268
347.5  368.6340
348.0  365.7991
348.5  364.1025
349.0  367.4489
349.5  377.6802
350.0  393.4710
350.5  411.0158
351.0  425.8660
351.5  434.6995
352.0  436.1649
352.5  430.7307
353.0  420.0117
353.5  406.1133
354.0  391.2608
354.5  377.6542
355.0  367.2805
355.5  361.4441
356.0  360.0737
356.5  361.2821
357.0  361.8189
357.5  358.6141
358.0  350.7305
358.5  340.4314
359.0  332.4037
359.5  331.3711
360.0  339.5083
360.5  355.2515
361.0  374.1072
361.5  390.7386
362.0  400.9971
362.5  402.9572
363.0  396.8413
363.5  384.3117
364.0  367.7095
364.5  349.5861
365.0  332.5429
365.5  319.1334
366.0  311.5104
366.5  310.7319
367.0  316.1020
367.5  325.2518
368.0  335.3487
368.5  344.9078
369.0  354.9076
369.5  368.1657
370.0  387.1911
370.5  411.9660
371.0  439.2126
371.5  463.5753
372.0  479.8305
372.5  484.7789
373.0  478.0070
373.5  461.5386
374.0  438.8991
374.5  414.1417
375.0  391.1485
375.5  373.2399
376.0  362.9238
376.5  361.5629
377.0  368.9201
377.5  382.9157
378.0  400.1314
378.5  417.2376
379.0  432.6699
379.5  447.3176
380.0  463.4598
380.5  482.5194
381.0  503.2271
381.5  521.5189
382.0  532.1682
382.5  530.9830
383.0  516.2934
383.5  489.1963
384.0  452.8392
384.5  411.3622
385.0  369.0078
385.5  329.6076
386.0  296.3682
386.5  271.6992
387.0  256.8214
387.5  251.1732
388.0  252.0918
388.5  255.4570
389.0  257.4862
389.5  256.8224
390.0  255.4095
390.5  257.2448
391.0  265.6662
391.5  281.0478
392.0  300.4686
392.5  319.3836
393.0  333.9591
393.5  342.6122
394.0  346.1811
394.5  347.0838
395.0  348.1808
395.5  351.8842
396.0  359.7087
396.5  372.1649
397.0  388.7399
397.5  407.7411
398.0  426.0563
398.5  439.3045
399.0  442.9613
399.5  434.4301
400.0  414.9681
400.5  389.8938
401.0  366.4106
401.5  350.1774
402.0  342.8572
402.5  342.1533
403.0  343.9504
403.5  344.8475
404.0  343.5783
404.5  340.9579
405.0  338.9515
405.5  339.6677
406.0  344.7596
406.5  355.2832
407.0  371.7486
407.5  393.9939
408.0  420.6689
408.5  448.5680
409.0  472.5564
409.5  486.8392
410.0  487.4460
410.5  474.5487
411.0  452.7961
411.5  428.9917
412.0  408.4508
412.5  392.4974
413.0  378.6893
413.5  363.2692
414.0  343.9325
414.5  321.2620
415.0  298.4397
415.5  279.8863
416.0  269.7332
416.5  270.7384
417.0  283.8316
417.5  308.1563
418.0  341.3019
418.5  379.4505
419.0  417.4468
419.5  449.2310
420.0  469.1627
420.5  474.1217
421.0  465.2231
421.5  447.6436
422.0  428.1531
422.5  411.7589
423.0  399.7091
423.5  390.0472
424.0  379.9537
424.5  368.0417
425.0  355.2669
425.5  344.3425
426.0  338.4039
426.5  339.7651
427.0  349.2535
427.5  366.1997
428.0  388.8580
428.5  414.8730
429.0  441.4508
429.5  465.2400
430.0  482.4304
430.5  489.7024
431.0  485.9695
431.5  473.7560
432.0  458.7279
432.5  447.0684
433.0  442.2106
433.5  443.1646
434.0  445.4900
434.5  443.9945
435.0  435.2677
435.5  418.7501
436.0  396.2719
436.5  370.8075
437.0  345.2661
437.5  321.7927
438.0  301.6573
438.5  285.5026
439.0  273.5555
439.5  265.4777
440.0  259.9404
440.5  254.5492
441.0  246.8087
441.5  235.9959
442.0  224.6484
442.5  218.1322
443.0  222.0442
443.5  239.0370
444.0  267.2675
444.5  301.4185
445.0  335.3271
445.5  364.3992
446.0  386.6089
446.5  402.0774
447.0  411.9702
447.5  417.4919
448.0  419.4024
448.5  418.0685
449.0  413.7688
449.5  406.8481
450.0  397.4625
450.5  385.1141
451.0  368.6452
451.5  347.2841
452.0  322.4416
452.5  298.8859
453.0  283.8485
453.5  284.0044
454.0  302.0768
454.5  335.3487
455.0  377.0007
455.5  419.1921
456.0  455.9022
456.5  484.2117
457.0  503.9645
457.5  516.5533
458.0  523.6583
458.5  526.4424
459.0  525.3337
459.5  520.2201
460.0  510.7199
460.5  496.2417
461.0  475.8848
461.5  448.6294
462.0  414.2599
462.5  374.7832
463.0  335.2276
463.5  302.6467
464.0  283.3362
464.5  279.8406
465.0  289.7546
465.5  307.0897
466.0  325.1732
466.5  339.2693
467.0  347.7201
467.5  351.5481
468.0  353.1967
468.5  355.1775
469.0  359.1252
469.5  365.4355
470.0  373.3981
470.5  381.5741
471.0  388.1725
471.5  391.3909
472.0  389.9448
472.5  383.9565
473.0  375.8596
473.5  370.4129
474.0  373.1011
474.5  387.3458
475.0  412.1727
475.5  441.9915
476.0  468.7446
476.5  485.1139
477.0  487.0414
477.5  474.5944
478.0  451.2725
478.5  422.4499
479.0  393.6874
479.5  369.4160
480.0  352.2226
480.5  342.7294
481.0  339.8759
481.5  341.3698
482.0  344.2379
482.5  345.6213
483.0  343.9079
483.5  339.8197
484.0  336.5928
484.5  338.5997
485.0  348.8389
485.5  366.7962
486.0  388.1569
486.5  406.5823
487.0  416.4010
487.5  414.7074
488.0  402.0416
488.5  381.7491
489.0  358.6163
489.5  337.4053
490.0  321.7072
490.5  313.3158
491.0  312.1280
491.5  316.4271
492.0  323.3695
492.5  329.6248
493.0  332.2803
493.5  330.0096
494.0  324.0366
494.5  318.0439
495.0  316.5215
495.5  322.1845
496.0  334.0548
496.5  347.5615
497.0  356.6254
497.5  356.4013
498.0  345.1929
498.5  324.8620
499.0  299.9642
499.5  276.2577
500.0  259.1834
500.5  252.6985
501.0  258.6350
501.5  276.5776
502.0  304.1198
502.5  337.3387
503.0  371.4889
503.5  402.0662
504.0  426.2249
504.5  443.9907
505.0  458.3083
505.5  473.3741
506.0  491.9197
506.5  513.1416
507.0  532.7087
507.5  544.8256
508.0  544.9788
508.5  531.8272
509.0  507.5647
509.5  477.0255
510.0  446.2067
510.5  420.7851
511.0  404.9395
511.5  400.6009
512.0  407.1554
512.5  421.5867
513.0  439.0452
513.5  453.8838
514.0  461.1633
514.5  458.3455
515.0  446.4239
515.5  429.5947
516.0  413.2220
516.5  401.0587
517.0  393.4245
517.5  387.4612
518.0  379.1173
518.5  365.4433
519.0  345.9232
519.5  322.4803
520.0  298.5900
520.5  278.1360
521.0  264.4372
521.5  259.5916
522.0  264.1259
522.5  276.9064
523.0  295.2869
523.5  315.5134
524.0  333.4635
524.5  345.7698
525.0  351.1142
525.5  351.0525
526.0  349.5917
526.5  351.3322
527.0  359.0705
527.5  372.3865
528.0  388.1436
528.5  402.4484
529.0  412.6844
529.5  418.4639
530.0  421.2835
530.5  423.4243
531.0  426.8011
531.5  432.2128
532.0  439.1151
532.5  445.8263
533.0  449.9754
533.5  449.0008
534.0  440.5955
534.5  423.1586
535.0  396.4091
535.5  362.1079
536.0  324.4073
536.5  289.1643
537.0  262.0956
537.5  246.6309
538.0  242.8173
538.5  247.9823
539.0  258.6135
539.5  272.1700
540.0  287.8556
540.5  306.2443
541.0  328.2896
541.5  354.3581
542.0  383.6884
542.5  414.3649
543.0  443.6705
543.5  468.5692
544.0  486.0952
544.5  493.5971
545.0  489.0290
545.5  471.5497
546.0  442.3720
546.5  405.2787
547.0  366.0481
547.5  330.6377
548.0  303.0059
548.5  283.9514
549.0  271.7051
549.5  263.7497
550.0  258.5886
550.5  256.4832
551.0  259.0437
551.5  268.2025
552.0  285.2104
552.5  310.0475
553.0  341.3267
553.5  376.5555
554.0  412.5372
554.5  445.7354
555.0  472.5924
555.5  489.9857
556.0  496.0089
556.5  490.9405
557.0  477.7991
557.5  461.7925
558.0  448.5461
558.5  441.9264
559.0  442.7328
559.5  448.9958
560.0  457.5155
560.5  465.5390
561.0  471.6527
561.5  475.6941
562.0  478.0945
562.5  479.2089
563.0  478.9725
563.5  476.9166
564.0  472.3655
564.5  464.5859
565.0  452.7898
565.5  436.1255
566.0  413.9565
566.5  386.6001
567.0  356.2254
567.5  327.1485
568.0  304.8433
568.5  293.8041
569.0  295.3942
569.5  307.0685
570.0  323.5034
570.5  338.8889
571.0  349.0281
571.5  352.2975
572.0  349.3918
572.5  342.3735
573.0  333.6415
573.5  325.2011
574.0  318.3273
574.5  313.5052
575.0  310.4675
575.5  308.2260
576.0  305.1990
576.5  299.6863
577.0  290.8133
577.5  279.6017
578.0  269.3750
578.5  264.8336
579.0  269.9720
579.5  285.9904
580.0  310.5435
580.5  338.7913
581.0  365.5081
581.5  386.9702
582.0  401.7674
582.5  410.4998
583.0  414.8659
583.5  416.7275
584.0  417.5119
584.5  418.0260
585.0  418.5504
585.5  418.9895
586.0  418.9269
586.5  417.6415
587.0  414.3384
587.5  408.7801
588.0  402.0945
588.5  397.0842
589.0  397.4127
589.5  405.7868
590.0  422.1590
590.5  443.1722
591.0  463.2745
591.5  476.8104
592.0  479.8989
592.5  471.2962
593.0  452.1910
593.5  425.3860
594.0  394.3870
594.5  362.7222
595.0  333.5550
595.5  309.4690
596.0  292.2376
596.5  282.5009
597.0  279.5228
597.5  281.4036
598.0  285.9769
598.5  292.0850
599.0  300.4047
599.5  313.0584
600.0  332.0381
600.5  357.4155
601.0  386.5711
601.5  414.9519
602.0  437.8064
602.5  451.8292
603.0  455.9665
603.5  451.3081
604.0  440.4490
604.5  426.7491
605.0  413.7085
605.5  404.4541
606.0  401.2269
606.5  404.8145
607.0  414.0732
607.5  425.9090
608.0  436.0891
608.5  440.8675
609.0  438.7640
609.5  431.4470
610.0  422.9953
610.5  417.7873
611.0  418.2201
611.5  423.6051
612.0  430.7485
612.5  435.6171
613.0  434.9949
613.5  427.3863
614.0  413.1037
614.5  393.9021
615.0  372.5308
615.5  352.3366
616.0  336.8098
616.5  328.8866
617.0  329.9671
617.5  338.9680
618.0  352.0539
618.5  363.6094
619.0  368.3586
619.5  363.6799
620.0  350.7963
620.5  334.0565
621.0  318.6732
621.5  308.2676
622.0  303.6287
622.5  303.1765
623.0  304.4715
623.5  305.6496
624.0  306.0558
624.5  306.0832
625.0  306.6653
625.5  308.8718
626.0  313.7798
626.5  322.4801
627.0  335.8919
627.5  354.1418
628.0  375.6645
628.5  396.7030
629.0  411.9831
629.5  416.6766
630.0  408.7151
630.5  389.9993
631.0  365.6247
631.5  341.5426
632.0  322.1049
632.5  308.9003
633.0  301.2626
633.5  297.7139
634.0  297.2467
634.5  299.8106
635.0  306.0713
635.5  316.9028
636.0  333.0469
636.5  355.0979
637.0  383.6380
637.5  419.1108
638.0  461.0946
638.5  507.1440
639.0  552.0576
639.5  588.5801
640.0  609.7009
640.5  611.4150
641.0  594.2608
641.5  562.7160
642.0  522.9832
642.5  480.6484
643.0  439.4812
643.5  401.5963
644.0  368.2630
644.5  340.4996
645.0  319.0986
645.5  304.3067
646.0  295.6055
646.5  291.8999
647.0  292.1003
647.5  295.7698
648.0  303.3203
648.5  315.3766
649.0  331.4966
649.5  349.1623
650.0  364.1063
650.5  372.1616
651.0  371.5288
651.5  363.8612
652.0  353.4002
652.5  344.8154
653.0  341.2025
653.5  343.3291
654.0  350.1631
654.5  359.9169
655.0  370.8229
655.5  381.3728
656.0  390.2533
656.5  396.3553
657.0  399.0668
657.5  398.7586
658.0  397.0933
658.5  396.6888
659.0  399.9221
659.5  407.3168
660.0  416.6044
660.5  423.4634
661.0  423.8456
661.5  416.4872
662.0  403.8819
662.5  391.0209
663.0  382.7791
663.5  381.6704
664.0  387.2166
664.5  396.8843
665.0  407.5825
665.5  416.7219
666.0  422.5138
666.5  423.8000
667.0  419.8718
667.5  410.5426
668.0  396.4323
668.5  379.1643
669.0  361.0916
669.5  344.3778
670.0  329.7944
670.5  316.1258
671.0  300.9567
671.5  282.6654
672.0  262.3321
672.5  244.0831
673.0  233.4357
673.5  234.6736
674.0  248.9440
674.5  274.1043
675.0  306.0298
675.5  340.2688
676.0  373.1100
676.5  401.8538
677.0  424.6318
677.5  440.2095
678.0  447.9956
678.5  448.2068
679.0  441.9527
679.5  430.9734
680.0  416.9431
680.5  400.6441
681.0  381.6522
681.5  359.0495
682.0  332.9605
682.5  305.8963
683.0  282.7583
683.5  269.1810
684.0  269.1125
684.5  283.1383
685.0  308.5068
685.5  340.5916
686.0  374.6999
686.5  407.2537
687.0  436.0722
687.5  460.0672
688.0  478.8125
688.5  492.2886
689.0  500.8572
689.5  505.3223
690.0  506.8213
690.5  506.3695
691.0  504.2016
691.5  499.4357
692.0  490.5800
692.5  476.8087
693.0  459.1637
693.5  440.6625
694.0  425.0116
694.5  414.7022
695.0  409.7597
695.5  407.9051
696.0  405.8454
696.5  400.7561
697.0  391.1615
697.5  377.0279
698.0  359.3686
698.5  339.7740
699.0  320.1239
699.5  302.4912
700.0  289.0518
700.5  281.7404
701.0  281.5659
701.5  287.8977
702.0  298.3567
702.5  309.7527
703.0  319.7424
703.5  328.1284
704.0  336.7660
704.5  347.9997
705.0  362.6961
705.5  379.2748
706.0  394.3457
706.5  404.3687
707.0  407.1876
707.5  402.6529
708.0  392.3120
708.5  378.6342
709.0  364.2788
709.5  351.6717
710.0  342.8684
710.5  339.4760
711.0  342.3625
711.5  351.0984
712.0  363.4838
712.5  375.7846
713.0  384.0288
713.5  385.9232
714.0  382.2388
714.5  376.5896
715.0  373.4871
715.5  375.7766
716.0  383.0647
716.5  392.0568
717.0  398.3847
717.5  398.6638
718.0  391.7139
718.5  378.6669
719.0  362.3169
719.5  346.2249
720.0  333.9367
720.5  328.4405
721.0  331.7851
721.5  344.6763
722.0  365.9766
722.5  392.3667
723.0  418.7093
723.5  439.4503
724.0  450.6511
724.5  451.5351
725.0  444.4519
725.5  433.1163
726.0  420.2102
726.5  405.9484
727.0  388.4660
727.5  365.5362
728.0  336.3352
728.5  302.2624
729.0  266.6574
729.5  233.8644
730.0  208.2101
730.5  193.2652
731.0  191.4912
731.5  204.1198
732.0  230.9794
732.5  270.1116
733.0  317.4381
733.5  367.0901
734.0  412.7940
734.5  449.9116
735.0  476.9990
735.5  495.8171
736.0  509.6764
736.5  521.1619
737.0  530.7158
737.5  536.8632
738.0  537.6280
738.5  531.9934
739.0  520.5274
739.5  505.0689
740.0  487.9121
740.5  471.0237
741.0  455.6383
741.5  442.3093
742.0  431.2254
742.5  422.4052
743.0  415.4807
743.5  409.2309
744.0  401.5001
744.5  390.0321
745.0  373.9714
745.5  354.9948
746.0  337.0371
746.5  324.5159
747.0  320.1072
747.5  323.5145
748.0  331.9291
748.5  341.6683
749.0  349.8321
749.5  355.1241
750.0  357.7262
750.5  358.6456
751.0  359.0397
751.5  359.8493
752.0  361.7919
752.5  365.4832
753.0  371.2894
753.5  378.7008
754.0  385.5800
754.5  388.1043
755.0  381.9987
755.5  364.7121
756.0  337.2988
756.5  304.7095
757.0  274.1011
757.5  252.0385
758.0  242.1751
758.5  244.6005
759.0  256.8469
759.5  275.5606
760.0  297.7743
760.5  321.3562
761.0  344.8617
761.5  367.2563
762.0  387.8412
762.5  406.4054
763.0  423.3237
763.5  439.2038
764.0  453.9696
764.5  465.8668
765.0  471.2836
765.5  465.9417
766.0  447.0610
766.5  415.2936
767.0  375.2244
767.5  334.0466
768.0  299.0958
768.5  275.5722
769.0  265.5382
769.5  268.3533
770.0  281.8489
770.5  303.3716
771.0  330.2718
771.5  359.9588
772.0  389.8948
772.5  417.8069
773.0  442.1176
773.5  462.2799
774.0  478.5906
774.5  491.3417
775.0  499.7781
775.5  501.7348
776.0  494.5004
776.5  476.5437
777.0  448.9944
777.5  415.8270
778.0  382.5196
778.5  353.9605
779.0  332.8296
779.5  319.2717
780.0  311.7557
780.5  308.3296
781.0  307.4876
781.5  308.3537
782.0  310.3874
782.5  313.0285
783.0  315.6445
783.5  317.8905
784.0  320.2279
784.5  324.0765
785.0  331.2017
785.5  342.5622
786.0  357.4733
786.5  373.8878
787.0  389.7351
787.5  404.3465
788.0  418.8672
788.5  435.3298
789.0  455.0811
789.5  477.6769
790.0  500.9169
790.5  521.8199
791.0  537.7709
791.5  547.1668
792.0  549.3819
792.5  544.3352
793.0  532.0999
793.5  512.8918
794.0  487.4799
794.5  457.6988
795.0  426.5004
795.5  397.1716
796.0  372.0147
796.5  351.4173
797.0  334.1361
797.5  318.6924
798.0  304.8296
798.5  293.8932
799.0  287.8603
799.5  287.8045
800.0  292.9590
800.5  300.9812
801.0  309.0809
801.5  315.1570
802.0  318.2833
802.5  318.4664
803.0  316.0497
803.5  311.2519
804.0  304.1597
804.5  295.1705
805.0  285.5186
805.5  277.3200
806.0  272.8177
806.5  273.1798
807.0  277.7750
807.5  284.6541
808.0  292.0264
808.5  299.6519
809.0  309.0765
809.5  322.5093
810.0  341.1487
810.5  364.1034
811.0  388.5309
811.5  410.7329
812.0  427.4264
812.5  436.5414
813.0  437.3812
813.5  430.3820
814.0  416.8172
814.5  398.6835
815.0  378.7667
815.5  360.6333
816.0  348.1545
816.5  344.4099
817.0  350.3992
817.5  364.4394
818.0  382.8727
818.5  401.7969
819.0  418.7274
819.5  433.1252
820.0  445.5843
820.5  456.4552
821.0  464.9937
821.5  469.5745
822.0  468.6402
822.5  461.6168
823.0  449.2315
823.5  433.1753
824.0  415.4287
824.5  397.6733
825.0  381.1144
825.5  366.7774
826.0  355.9615
826.5  350.2811
827.0  350.9435
827.5  357.6350
828.0  367.9852
828.5  378.3504
829.0  385.6299
829.5  388.8931
830.0  389.6263
830.5  390.4134
831.0  393.0302
831.5  397.2974
832.0  401.3395
832.5  402.8213
833.0  400.2094
833.5  393.3746
834.0  383.4539
834.5  372.2801
835.0  361.7652
835.5  353.5323
836.0  348.9113
836.5  349.1200
837.0  355.1878
837.5  367.3093
838.0  383.9346
838.5  401.4776
839.0  415.3184
839.5  421.7850
840.0  419.8851
840.5  411.6056
841.0  400.5981
841.5  390.2122
842.0  382.1700
842.5  376.5107
843.0  372.4394
843.5  369.2503
844.0  366.7576
844.5  365.1942
845.0  364.8694
845.5  365.9160
846.0  368.3518
846.5  372.4559
847.0  379.1255
847.5  389.6453
848.0  404.5846
848.5  422.3810
849.0  438.8211
849.5  448.2505
850.0  446.0582
850.5  430.9243
851.0  405.4195
851.5  374.6778
852.0  344.1028
852.5  317.5142
853.0  296.5706
853.5  281.3041
854.0  271.0135
854.5  264.8798
855.0  262.1513
855.5  262.1064
856.0  264.0793
856.5  267.7280
857.0  273.4789
857.5  282.7511
858.0  297.4068
858.5  318.2922
859.0  343.6584
859.5  368.8037
860.0  387.6401
860.5  395.4378
861.0  391.0478
861.5  377.2618
862.0  359.2654
862.5  342.3110
863.0  330.0004
863.5  323.8625
864.0  323.9321
864.5  329.5487
865.0  339.8113
865.5  353.6470
866.0  369.7914
866.5  386.9919
867.0  404.5155
867.5  422.7020
868.0  443.0213
868.5  467.1567
869.0  495.2975
869.5  524.7189
870.0  549.9400
870.5  564.7825
871.0  565.2259
871.5  551.3248
872.0  527.0907
872.5  498.5581
873.0  471.2826
873.5  448.6340
874.0  431.4916
874.5  418.9886
875.0  409.5018
875.5  401.3089
876.0  392.8296
876.5  382.6924
877.0  369.9063
877.5  354.2682
878.0  336.8644
878.5  320.2316
879.0  307.6798
879.5  301.7632
880.0  302.7198
880.5  308.0853
881.0  314.0146
881.5  317.5617
882.0  318.4070
882.5  318.9173
883.0  322.5986
883.5  332.0408
884.0  347.6254
884.5  367.5617
885.0  388.8703
885.5  408.5028
886.0  424.0196
886.5  433.7479
887.0  436.6825
887.5  432.4439
888.0  421.4649
888.5  405.3073
889.0  386.7077
889.5  368.9003
890.0  354.2459
890.5  342.9753
891.0  333.1283
891.5  322.0310
892.0  308.4355
892.5  293.8652
893.0  282.2455
893.5  278.0855
894.0  284.3838
894.5  301.4609
895.0  327.1464
895.5  357.8539
896.0  389.7321
896.5  419.3659
897.0  443.9966
897.5  461.5354
898.0  470.6587
898.5  471.1000
899.0  463.9731
899.5  451.7035
900.0  437.2101
900.5  422.5401
901.0  407.8501
901.5  391.6621
902.0  372.4294
902.5  350.3635
903.0  328.2057
903.5  310.3739
904.0  301.0198
904.5  302.1791
905.0  312.9977
905.5  330.2432
906.0  349.5666
906.5  366.7784
907.0  378.6987
907.5  383.5437
908.0  381.0163
908.5  372.2537
909.0  359.6686
909.5  346.5871
910.0  336.5034
910.5  331.9262
911.0  333.2371
911.5  338.3541
912.0  343.7239
912.5  346.2836
913.0  345.2502
913.5  342.6306
914.0  342.1386
914.5  347.1755
915.0  359.0404
915.5  376.3024
916.0  395.4909
916.5  412.5225
917.0  424.0677
917.5  428.3669
918.0  425.4447
918.5  416.9162
919.0  405.6026
919.5  395.0642
920.0  389.0088
920.5  390.4462
921.0  400.6089
921.5  418.0927
922.0  438.9464
922.5  458.0693
923.0  471.3772
923.5  477.5521
924.0  478.3776
924.5  477.4981
925.0  478.3343
925.5  482.2892
926.0  488.1070
926.5  492.5165
927.0  491.6176
927.5  482.2833
928.0  463.1132
928.5  434.8395
929.0  400.2561
929.5  363.7512
930.0  330.4996
930.5  305.3819
931.0  291.7428
931.5  290.2368
932.0  298.2553
932.5  310.4932
933.0  320.7653
933.5  324.3956
934.0  320.0068
934.5  309.7825
935.0  298.1016
935.5  289.3163
936.0  285.8491
936.5  287.4872
937.0  291.9808
937.5  296.3589
938.0  298.2131
938.5  296.4938
939.0  291.7466
939.5  285.9206
940.0  281.9121
940.5  282.9758
941.0  292.0493
941.5  310.9361
942.0  339.3798
942.5  374.4239
943.0  410.7117
943.5  442.0372
944.0  463.5894
944.5  473.7169
945.0  474.2305
945.5  469.1207
946.0  462.4424
946.5  456.5053
947.0  451.2009
947.5  444.5761
948.0  434.1209
948.5  418.0701
949.0  396.2564
949.5  370.3884
950.0  343.8229
950.5  320.9764
951.0  306.5174
951.5  304.4114
952.0  316.8019
952.5  342.8496
953.0  378.0749
953.5  414.9792
954.0  445.2149
954.5  462.5179
955.0  464.9354
955.5  455.1803
956.0  438.9919
956.5  422.4332
957.0  409.5055
957.5  401.0975
958.0  395.4252
958.5  389.3634
959.0  379.8783
959.5  365.0721
960.0  344.7494
960.5  320.6053
961.0  296.1046
961.5  275.9826
962.0  265.2072
962.5  267.3666
963.0  282.9104
963.5  308.2092
964.0  336.3535
964.5  359.7059
965.0  373.0457
965.5  375.6902
966.0  371.5534
966.5  367.2105
967.0  368.9972
967.5  380.5260
968.0  401.6295
968.5  428.8880
969.0  457.1389
969.5  481.1464
970.0  496.8923
970.5  502.3427
971.0  497.7573
971.5  485.5966
972.0  469.9717
972.5  455.5218
973.0  445.7690
973.5  441.4515
974.0  439.7710
974.5  435.3257
975.0  422.5817
975.5  398.7046
976.0  365.2659
976.5  327.9605
977.0  294.5231
977.5  271.9064
978.0  264.0430
978.5  271.0639
979.0  289.9894
979.5  316.2156
980.0  344.9929
980.5  372.4262
981.0  395.9514
981.5  414.4634
982.0  428.2605
982.5  438.7952
983.0  448.0291
983.5  457.2450
984.0  465.6359
984.5  469.5628
985.0  463.3750
985.5  441.8114
986.0  402.8728
986.5  349.5910
987.0  289.6637
987.5  233.0687
988.0  188.8149
988.5  162.3577
989.0  154.6986
989.5  163.1824
990.0  183.1960
990.5  209.8460
991.0  239.0680
991.5  268.1006
992.0  295.5328
992.5  321.1858
993.0  345.9312
993.5  371.2844
994.0  398.5222
994.5  427.4371
995.0  455.4453
995.5  477.9437
996.0  490.1335
996.5  489.4518
997.0  477.1869
997.5  458.2782
998.0  439.3737
998.5  426.2107
999.0  421.6650
999.5  425.2666
1000.0  434.0574
