0.0  1.29408114
0.5  1.30161130
1.0  1.29633472
1.5  1.28568722
2.0  1.27183514
2.5  1.26641808
3.0  1.27122344
3.5  1.28952936
4.0  1.31871405
4.5  1.35296671
5.0  1.38883781
5.5  1.41875956
6.0  1.44268290
6.5  1.45492067
7.0  1.45855255
7.5  1.45339285
8.0  1.44636419
8.5  1.44261255
9.0  1.44822742
9.5  1.46426941
10.0  1.48601279
10.5  1.50536516
11.0  1.51401256
11.5  1.50729874
12.0  1.48774426
12.5  1.45944394
13.0  1.43276251
13.5  1.40971619
14.0  1.39688134
14.5  1.38856295
15.0  1.38667889
15.5  1.38363242
16.0  1.37940444
16.5  1.37017226
17.0  1.35587213
17.5  1.33760908
18.0  1.31629291
18.5  1.29771655
19.0  1.28455407
19.5  1.28346927
20.0  1.29109295
20.5  1.30498386
21.0  1.31717449
21.5  1.32160176
22.0  1.31449928
22.5  1.29783184
23.0  1.27909620
23.5  1.26339195
24.0  1.25708612
24.5  1.26114386
25.0  1.27573398
25.5  1.29723412
26.0  1.32205194
26.5  1.34701716
27.0  1.36774763
27.5  1.38343747
28.0  1.38968074
28.5  1.39147139
29.0  1.38820416
29.5  1.38897627
30.0  1.39458926
30.5  1.40939192
31.0  1.42773279
31.5  1.44425087
32.0  1.45214596
32.5  1.44786215
33.0  1.43380616
33.5  1.41474452
34.0  1.39721070
34.5  1.38547391
35.0  1.38111681
35.5  1.38407729
36.0  1.39203459
36.5  1.40378194
37.0  1.41415266
37.5  1.42214902
38.0  1.42454337
38.5  1.41979177
39.0  1.40907395
39.5  1.39398265
40.0  1.38193659
40.5  1.37378911
41.0  1.37485892
41.5  1.37864127
42.0  1.38285371
42.5  1.37976640
43.0  1.36917972
43.5  1.35213585
44.0  1.33424399
44.5  1.32052252
45.0  1.31362527
45.5  1.31414949
46.0  1.32125436
46.5  1.33033737
47.0  1.33972336
47.5  1.34511586
48.0  1.34491403
48.5  1.33612918
49.0  1.32127465
49.5  1.29946340
50.0  1.27807258
50.5  1.26177669
51.0  1.25788745
51.5  1.26606829
52.0  1.28282162
52.5  1.30290979
53.0  1.31849836
53.5  1.32844013
54.0  1.33179936
54.5  1.33555735
55.0  1.34294959
55.5  1.35898013
56.0  1.38205815
56.5  1.41187958
57.0  1.44355120
57.5  1.47360961
58.0  1.49741957
58.5  1.51190693
59.0  1.51398221
59.5  1.50319974
60.0  1.48070039
60.5  1.45237457
61.0  1.42437371
61.5  1.40501920
62.0  1.39385330
62.5  1.39125017
63.0  1.38949610
63.5  1.38498611
64.0  1.37406701
64.5  1.35876565
65.0  1.34456755
65.5  1.33624920
66.0  1.33900203
66.5  1.34971052
67.0  1.36760056
67.5  1.38914520
68.0  1.41081898
68.5  1.42762618
69.0  1.43755847
69.5  1.43790776
70.0  1.42734827
70.5  1.40635307
71.0  1.38192940
71.5  1.35908586
72.0  1.34349018
72.5  1.33569961
73.0  1.33589774
73.5  1.33607599
74.0  1.33074922
74.5  1.31511415
75.0  1.29532193
75.5  1.27322959
76.0  1.25775746
76.5  1.25029884
77.0  1.25312412
77.5  1.26495498
78.0  1.28280808
78.5  1.30314960
79.0  1.32269018
79.5  1.33910079
80.0  1.34956487
80.5  1.35363373
81.0  1.35346721
81.5  1.35104156
82.0  1.35397484
82.5  1.36780610
83.0  1.39322813
83.5  1.42424377
84.0  1.45402803
84.5  1.47360283
85.0  1.48120917
85.5  1.47810347
86.0  1.46631585
86.5  1.45376841
87.0  1.44122039
87.5  1.43567542
88.0  1.43299399
88.5  1.43378597
89.0  1.43301982
89.5  1.43023536
90.0  1.42198431
90.5  1.40714346
91.0  1.38460843
91.5  1.35614925
92.0  1.32677654
92.5  1.30360170
93.0  1.29248675
93.5  1.29551020
94.0  1.30712306
94.5  1.32081829
95.0  1.33027263
95.5  1.33251671
96.0  1.32658166
96.5  1.31764345
97.0  1.31034848
97.5  1.30999524
98.0  1.31707300
98.5  1.32850901
99.0  1.34590828
99.5  1.36281999
100.0  1.37971122
100.5  1.38996682
101.0  1.39456669
101.5  1.39004705
102.0  1.38137777
102.5  1.37191360
103.0  1.36930271
103.5  1.37611800
104.0  1.39069882
104.5  1.40831208
105.0  1.42128957
105.5  1.42098921
106.0  1.40588923
106.5  1.37897125
107.0  1.35028249
107.5  1.32520893
108.0  1.31047543
108.5  1.30574146
109.0  1.31378507
109.5  1.32881936
110.0  1.34800565
110.5  1.36615644
111.0  1.38094403
111.5  1.38858646
112.0  1.38754647
112.5  1.38213296
113.0  1.37713778
113.5  1.38132754
114.0  1.39518181
114.5  1.42011647
115.0  1.44808026
115.5  1.46940061
116.0  1.47494244
116.5  1.46456057
117.0  1.44144907
117.5  1.41313972
118.0  1.38758153
118.5  1.37179770
119.0  1.36585424
119.5  1.36913599
120.0  1.37685008
120.5  1.38747505
121.0  1.39329043
121.5  1.39419032
122.0  1.38550010
122.5  1.37140236
123.0  1.35163502
123.5  1.33473925
124.0  1.32647824
124.5  1.33288665
125.0  1.35228281
125.5  1.37543974
126.0  1.39413586
126.5  1.39559066
127.0  1.37919208
127.5  1.34636373
128.0  1.30933672
128.5  1.27612008
129.0  1.25663255
129.5  1.25270413
130.0  1.26280702
130.5  1.28200518
131.0  1.30533803
131.5  1.32699946
132.0  1.34030517
132.5  1.34386232
133.0  1.33623679
133.5  1.32129496
134.0  1.30727442
134.5  1.30169140
135.0  1.31396519
135.5  1.34126552
136.0  1.38265272
136.5  1.42206246
137.0  1.45199601
137.5  1.46251014
138.0  1.45725393
138.5  1.44064955
139.0  1.42409992
139.5  1.41480969
140.0  1.41661275
140.5  1.43140461
141.0  1.45544616
141.5  1.48302406
142.0  1.50562294
142.5  1.51808483
143.0  1.51664569
143.5  1.49930114
144.0  1.46945947
144.5  1.43256068
145.0  1.39947826
145.5  1.37665916
146.0  1.36702966
146.5  1.36788493
147.0  1.36798400
147.5  1.36175874
148.0  1.34178968
148.5  1.31194637
149.0  1.27477322
149.5  1.24290724
150.0  1.22171892
150.5  1.21851515
151.0  1.23011275
151.5  1.25722372
152.0  1.29062645
152.5  1.32420706
153.0  1.35060185
153.5  1.36644472
154.0  1.37083565
154.5  1.36429069
155.0  1.35425735
155.5  1.34921581
156.0  1.35516556
156.5  1.37392663
157.0  1.39842881
157.5  1.42002017
158.0  1.43006543
158.5  1.42520876
159.0  1.40240197
159.5  1.37382973
160.0  1.34768195
160.5  1.33470072
161.0  1.33580864
161.5  1.35136969
162.0  1.37858993
162.5  1.41112222
163.0  1.44338605
163.5  1.46526977
164.0  1.47491873
164.5  1.46684219
165.0  1.44804581
165.5  1.42270562
166.0  1.40263792
166.5  1.39386790
167.0  1.39929913
167.5  1.41228578
168.0  1.42645867
168.5  1.43377446
169.0  1.42790481
169.5  1.40709825
170.0  1.38130056
170.5  1.35549573
171.0  1.33932675
171.5  1.33358988
172.0  1.34117916
172.5  1.35596090
173.0  1.37726642
173.5  1.39734519
174.0  1.41222194
174.5  1.41694359
175.0  1.40784539
175.5  1.38929173
176.0  1.36537677
176.5  1.34898284
177.0  1.34127622
177.5  1.34513660
178.0  1.35515439
178.5  1.36578175
179.0  1.36346239
179.5  1.34534602
180.0  1.31672880
180.5  1.28347626
181.0  1.25211538
181.5  1.23002989
182.0  1.22422568
182.5  1.23275830
183.0  1.25268019
183.5  1.28246149
184.0  1.31419111
184.5  1.34360137
185.0  1.36349151
185.5  1.37608447
186.0  1.37906507
186.5  1.38219991
187.0  1.39134116
187.5  1.41524864
188.0  1.44853577
188.5  1.48827551
189.0  1.52289772
189.5  1.54352327
190.0  1.54649315
190.5  1.53159519
191.0  1.50522900
191.5  1.47347050
192.0  1.44402766
192.5  1.42081740
193.0  1.40609119
193.5  1.39917671
194.0  1.39926483
194.5  1.40157133
195.0  1.40053336
195.5  1.39416607
196.0  1.38248643
196.5  1.36387163
197.0  1.34630528
197.5  1.33660614
198.0  1.34326943
198.5  1.35944472
199.0  1.38363212
199.5  1.40692471
200.0  1.41946161
200.5  1.41636049
201.0  1.40214239
201.5  1.38183844
202.0  1.35662748
202.5  1.33518989
203.0  1.32066807
203.5  1.31111181
204.0  1.30381764
204.5  1.30069752
205.0  1.29758249
205.5  1.28883193
206.0  1.27579853
206.5  1.25782933
207.0  1.24187484
207.5  1.22966622
208.0  1.23170091
208.5  1.25284264
209.0  1.28946905
209.5  1.33257445
210.0  1.37421107
210.5  1.40795447
211.0  1.42523674
211.5  1.43356479
212.0  1.43624746
212.5  1.44149387
213.0  1.44857642
213.5  1.46187983
214.0  1.47810761
214.5  1.49448156
215.0  1.50982185
215.5  1.51965442
216.0  1.51963388
216.5  1.50952853
217.0  1.49024657
217.5  1.46482016
218.0  1.43769265
218.5  1.41842536
219.0  1.40989965
219.5  1.41297449
220.0  1.41765741
220.5  1.41745921
221.0  1.40863736
221.5  1.39047569
222.0  1.36423641
222.5  1.33445840
223.0  1.31351225
223.5  1.30188699
224.0  1.29884835
224.5  1.30107374
225.0  1.30851197
225.5  1.31676779
226.0  1.32257204
226.5  1.32505331
227.0  1.32411522
227.5  1.31833848
228.0  1.31001042
228.5  1.30575324
229.0  1.31281012
229.5  1.33017938
230.0  1.35680472
230.5  1.38608335
231.0  1.40955983
231.5  1.41672594
232.0  1.41002421
232.5  1.39123576
233.0  1.36938037
233.5  1.34987456
234.0  1.33937800
234.5  1.33918643
235.0  1.34891606
235.5  1.36463424
236.0  1.38296335
236.5  1.40432420
237.0  1.42245883
237.5  1.43657771
238.0  1.44168339
238.5  1.44248549
239.0  1.44281575
239.5  1.44717144
240.0  1.45630188
240.5  1.47035969
241.0  1.48498437
241.5  1.48967429
242.0  1.47902952
242.5  1.45498849
243.0  1.42149039
243.5  1.38627932
244.0  1.35315694
244.5  1.33180466
245.0  1.31949134
245.5  1.31656112
246.0  1.31719921
246.5  1.32514956
247.0  1.33742478
247.5  1.35187777
248.0  1.36566756
248.5  1.37597529
249.0  1.38455719
249.5  1.39400471
250.0  1.40852952
250.5  1.42693891
251.0  1.44798550
251.5  1.46577849
252.0  1.47403344
252.5  1.46922545
253.0  1.44805238
253.5  1.41725934
254.0  1.38337104
254.5  1.35398473
255.0  1.33229293
255.5  1.31623528
256.0  1.30916620
256.5  1.30441620
257.0  1.30681864
257.5  1.30839276
258.0  1.31373088
258.5  1.31632313
259.0  1.31943334
259.5  1.32140737
260.0  1.32826997
260.5  1.34135456
261.0  1.36458809
261.5  1.39510083
262.0  1.42401750
262.5  1.44428046
263.0  1.45180133
263.5  1.44820306
264.0  1.43541506
264.5  1.41551350
265.0  1.39885483
265.5  1.38875005
266.0  1.38439208
266.5  1.38313152
267.0  1.38733186
267.5  1.38939784
268.0  1.39410280
268.5  1.39774917
269.0  1.40149468
269.5  1.40068760
270.0  1.39699550
270.5  1.39683854
271.0  1.39931038
271.5  1.41210490
272.0  1.43075085
272.5  1.45428397
273.0  1.47202344
273.5  1.48359965
274.0  1.48579484
274.5  1.48238551
275.0  1.47405400
275.5  1.46501564
276.0  1.45797411
276.5  1.45025440
277.0  1.43850482
277.5  1.42356472
278.0  1.40136103
278.5  1.37696252
279.0  1.34728186
279.5  1.31763620
280.0  1.28435945
280.5  1.25623625
281.0  1.23144666
281.5  1.21836533
282.0  1.21771700
282.5  1.23256079
283.0  1.25509176
283.5  1.28038974
284.0  1.30784117
284.5  1.33284634
285.0  1.35886438
285.5  1.38116449
286.0  1.40585690
286.5  1.42757927
287.0  1.44943093
287.5  1.46439151
288.0  1.47444972
288.5  1.48026071
289.0  1.47925141
289.5  1.47561182
290.0  1.46733619
290.5  1.45675587
291.0  1.43877995
291.5  1.41936808
292.0  1.40301804
292.5  1.39491313
293.0  1.39364891
293.5  1.39502125
294.0  1.40253565
294.5  1.40701701
295.0  1.41475353
295.5  1.41628107
296.0  1.42129175
296.5  1.42390334
297.0  1.42613906
297.5  1.42174563
298.0  1.41640336
298.5  1.40854615
299.0  1.40001421
299.5  1.39405051
300.0  1.39219234
300.5  1.39294495
301.0  1.39387817
301.5  1.39425327
302.0  1.39419928
302.5  1.39255173
303.0  1.39390930
303.5  1.39214219
304.0  1.38990925
304.5  1.37946141
305.0  1.36879664
305.5  1.35229449
306.0  1.33728093
306.5  1.32385669
307.0  1.31467051
307.5  1.30864577
308.0  1.30085600
308.5  1.29774843
309.0  1.29374794
309.5  1.29701820
310.0  1.30345506
310.5  1.32012087
311.0  1.33923788
311.5  1.36322133
312.0  1.38528949
312.5  1.40817216
313.0  1.42979461
313.5  1.44734055
314.0  1.46131589
314.5  1.46970156
315.0  1.47076503
315.5  1.46174964
316.0  1.44838735
316.5  1.43233099
317.0  1.41542426
317.5  1.39780991
318.0  1.37711363
318.5  1.35958756
319.0  1.34054731
319.5  1.32750912
320.0  1.31696809
320.5  1.31929065
321.0  1.33202377
321.5  1.35766017
322.0  1.38546030
322.5  1.41800327
323.0  1.45042112
323.5  1.48153230
324.0  1.51113983
324.5  1.53571760
325.0  1.55330854
325.5  1.55838177
326.0  1.55469993
326.5  1.54225417
327.0  1.52152394
327.5  1.49715257
328.0  1.46784689
328.5  1.43557322
329.0  1.39425107
329.5  1.35150595
330.0  1.30763225
330.5  1.27180958
331.0  1.24517060
331.5  1.23324517
332.0  1.23378793
332.5  1.23960593
333.0  1.25520151
333.5  1.27188790
334.0  1.29505853
334.5  1.31770423
335.0  1.34535397
335.5  1.37029537
336.0  1.39242188
336.5  1.40566597
337.0  1.41462054
337.5  1.42235465
338.0  1.43048982
338.5  1.43254759
339.0  1.42909864
339.5  1.42122407
340.0  1.40562161
340.5  1.38551586
341.0  1.37148772
341.5  1.36572297
342.0  1.36869473
342.5  1.37491285
343.0  1.38497845
343.5  1.39008321
344.0  1.39721368
344.5  1.39840786
345.0  1.40589646
345.5  1.41581032
346.0  1.42923167
346.5  1.44225761
347.0  1.45750181
347.5  1.47613395
348.0  1.49314153
348.5  1.51110412
349.0  1.52473626
349.5  1.53268582
350.0  1.52909828
350.5  1.51280525
351.0  1.48975283
351.5  1.46612036
352.0  1.44765690
352.5  1.43417631
353.0  1.42425457
353.5  1.41355944
354.0  1.39810874
354.5  1.37670130
355.0  1.34919379
355.5  1.32069118
356.0  1.29323455
356.5  1.27303111
357.0  1.25254745
357.5  1.23871368
358.0  1.22869675
358.5  1.23255906
359.0  1.24287771
359.5  1.26023783
360.0  1.27751531
360.5  1.29581449
361.0  1.31256343
361.5  1.32618717
362.0  1.33945472
362.5  1.35780414
363.0  1.38297098
363.5  1.40911965
364.0  1.43257775
364.5  1.45067078
365.0  1.46276101
365.5  1.46911504
366.0  1.47187778
366.5  1.47332905
367.0  1.47421825
367.5  1.47481379
368.0  1.47579351
368.5  1.48059148
369.0  1.48957635
369.5  1.50143277
370.0  1.51431931
370.5  1.52601750
371.0  1.52849130
371.5  1.51973270
372.0  1.50793563
372.5  1.49656290
373.0  1.48840572
373.5  1.48421005
374.0  1.48549172
374.5  1.48864965
375.0  1.48832922
375.5  1.48274663
376.0  1.47630278
376.5  1.47095534
377.0  1.46587407
377.5  1.45873055
378.0  1.45031913
378.5  1.44488772
379.0  1.44253941
379.5  1.44060238
380.0  1.43841151
380.5  1.43711847
381.0  1.43355913
381.5  1.42322510
382.0  1.40264670
382.5  1.37536312
383.0  1.35012822
383.5  1.33361362
384.0  1.32390284
384.5  1.32092176
385.0  1.32327656
385.5  1.32813489
386.0  1.33305149
386.5  1.33912842
387.0  1.34887921
387.5  1.36144665
388.0  1.37491648
388.5  1.38906943
389.0  1.40258324
389.5  1.41462582
390.0  1.43036187
390.5  1.44779413
391.0  1.46225860
391.5  1.47119544
392.0  1.47392758
392.5  1.46851584
393.0  1.45864455
393.5  1.44943925
394.0  1.44641026
394.5  1.45001717
395.0  1.45866715
395.5  1.46747995
396.0  1.47200586
396.5  1.47449299
397.0  1.47780048
397.5  1.48030603
398.0  1.48608008
398.5  1.49603960
399.0  1.50538900
399.5  1.51649657
400.0  1.53019931
400.5  1.54473531
401.0  1.55942603
401.5  1.57066546
402.0  1.57393743
402.5  1.56533038
403.0  1.54372347
403.5  1.51353352
404.0  1.48060367
404.5  1.45314249
405.0  1.43308193
405.5  1.41689929
406.0  1.40253306
406.5  1.39050941
407.0  1.38211422
407.5  1.37812466
408.0  1.37769927
408.5  1.38027240
409.0  1.38523960
409.5  1.39148622
410.0  1.39776103
410.5  1.40283812
411.0  1.40743897
411.5  1.41310764
412.0  1.41855911
412.5  1.41826368
413.0  1.40965023
413.5  1.39456492
414.0  1.37587385
414.5  1.35791857
415.0  1.34648117
415.5  1.34366445
416.0  1.34709148
416.5  1.35877403
417.0  1.37439714
417.5  1.39285427
418.0  1.41781809
418.5  1.44906962
419.0  1.48354875
419.5  1.51642104
420.0  1.54537222
420.5  1.57016054
421.0  1.58958607
421.5  1.60470688
422.0  1.61629359
422.5  1.62335255
423.0  1.62719271
423.5  1.62283939
424.0  1.61253191
424.5  1.59968580
425.0  1.58812654
425.5  1.58331434
426.0  1.58399440
426.5  1.58166338
427.0  1.57622208
427.5  1.56570733
428.0  1.54856602
428.5  1.52639593
429.0  1.50364435
429.5  1.48203552
430.0  1.46141731
430.5  1.44282015
431.0  1.43056953
431.5  1.42425965
432.0  1.42255821
432.5  1.42848862
433.0  1.43747022
433.5  1.44157964
434.0  1.44054144
434.5  1.43500574
435.0  1.42705249
435.5  1.42059363
436.0  1.42054942
436.5  1.42528367
437.0  1.43367891
437.5  1.44157302
438.0  1.44260542
438.5  1.43950359
439.0  1.43623995
439.5  1.43342923
440.0  1.43157416
440.5  1.43158303
441.0  1.43350352
441.5  1.43919752
442.0  1.44772084
442.5  1.45843833
443.0  1.47275710
443.5  1.48379511
444.0  1.48522926
444.5  1.47808081
445.0  1.46419226
445.5  1.44739066
446.0  1.43493147
446.5  1.43099479
447.0  1.43554423
447.5  1.44724041
448.0  1.46140511
448.5  1.47654361
449.0  1.49219904
449.5  1.50826927
450.0  1.52912436
450.5  1.55200309
451.0  1.57394431
451.5  1.59876480
452.0  1.62609264
452.5  1.65001269
453.0  1.67299179
453.5  1.69620313
454.0  1.71086040
454.5  1.70868461
455.0  1.69488686
455.5  1.67266161
456.0  1.64231802
456.5  1.61445354
457.0  1.59513313
457.5  1.58582381
458.0  1.58490346
458.5  1.58702805
459.0  1.58819051
459.5  1.59174726
460.0  1.59424419
460.5  1.59374192
461.0  1.59029453
461.5  1.58043338
462.0  1.56127714
462.5  1.53712791
463.0  1.51347749
463.5  1.53815813
464.0  1.51409285
464.5  1.54473846
465.0  1.52553349
465.5  1.54699129
466.0  1.52436254
466.5  1.52507889
467.0  1.51891436
467.5  1.52469289
468.0  1.53960792
468.5  1.54106874
469.0  1.55153086
469.5  1.54561015
470.0  1.54686868
470.5  1.53752881
471.0  1.53291008
471.5  1.53541085
472.0  1.52947726
472.5  1.54420496
473.0  1.53705864
473.5  1.56487352
474.0  1.56470656
474.5  1.60343741
475.0  1.60636403
475.5  1.62681191
476.0  1.62696130
476.5  1.62180693
477.0  1.62684988
477.5  1.60720463
478.0  1.63973814
478.5  1.62666383
479.0  1.67029301
479.5  1.65659653
480.0  1.68335437
480.5  1.66063290
481.0  1.66150197
481.5  1.64071387
482.0  1.62505066
482.5  1.59997539
483.0  1.57877480
483.5  1.56055748
484.0  1.54744404
484.5  1.53568496
485.0  1.54398320
485.5  1.53026784
486.0  1.54049263
486.5  1.50256703
487.0  1.50270486
487.5  1.44944824
488.0  1.45133587
488.5  1.41709203
489.0  1.42968673
489.5  1.42181861
490.0  1.42886314
490.5  1.44420788
491.0  1.44174556
491.5  1.46698944
492.0  1.45832859
492.5  1.50071335
493.0  1.49567176
493.5  1.53597407
494.0  1.54655339
494.5  1.56284323
495.0  1.58215975
495.5  1.60566786
496.0  1.63223281
496.5  1.65361258
497.0  1.66230648
497.5  1.66087889
498.0  1.65401320
498.5  1.64468652
499.0  1.63422885
499.5  1.62172185
500.0  1.60545780
500.5  1.58331813
501.0  1.55628888
501.5  1.52787699
502.0  1.49947165
502.5  1.47746170
503.0  1.46299876
503.5  1.45594441
504.0  1.45333109
504.5  1.45689644
505.0  1.46473768
505.5  1.47354625
506.0  1.48057679
506.5  1.48436323
507.0  1.48139671
507.5  1.47028491
508.0  1.45375043
508.5  1.43524091
509.0  1.42101546
509.5  1.41088520
510.0  1.40362867
510.5  1.39297937
511.0  1.38091318
511.5  1.36830277
512.0  1.35526149
512.5  1.34626499
513.0  1.34788460
513.5  1.36486343
514.0  1.38831848
514.5  1.41537632
515.0  1.44741478
515.5  1.48191996
516.0  1.50899138
516.5  1.52795279
517.0  1.53745239
517.5  1.53674314
518.0  1.52136480
518.5  1.50031563
519.0  1.48471782
519.5  1.47591675
520.0  1.47580731
520.5  1.48444917
521.0  1.49311033
521.5  1.50075374
522.0  1.50967599
522.5  1.51231316
523.0  1.51615976
523.5  1.52906798
524.0  1.55067964
524.5  1.57980195
525.0  1.61461730
525.5  1.65299600
526.0  1.69308090
526.5  1.72716958
527.0  1.74915802
527.5  1.75848225
528.0  1.75045475
528.5  1.72829674
529.0  1.69657978
529.5  1.66466784
530.0  1.64056252
530.5  1.62558702
531.0  1.61710760
531.5  1.61233858
532.0  1.60322559
532.5  1.58700619
533.0  1.56596748
533.5  1.54248425
534.0  1.51833704
534.5  1.49634568
535.0  1.48074358
535.5  1.47039776
536.0  1.46291812
536.5  1.45873209
537.0  1.45682089
537.5  1.45409421
538.0  1.44578173
538.5  1.42900711
539.0  1.40821749
539.5  1.38959859
540.0  1.37794756
540.5  1.37716804
541.0  1.39050326
541.5  1.41692614
542.0  1.44497458
542.5  1.46486866
543.0  1.47677616
543.5  1.48170470
544.0  1.47911240
544.5  1.47180114
545.0  1.46496037
545.5  1.46072983
546.0  1.46104747
546.5  1.46560302
547.0  1.47615621
547.5  1.48756917
548.0  1.50431867
548.5  1.51990403
549.0  1.53542352
549.5  1.55156606
550.0  1.57409671
550.5  1.60830068
551.0  1.65423801
551.5  1.71159981
552.0  1.77170510
552.5  1.82451760
553.0  1.86093009
553.5  1.87490187
554.0  1.87183184
554.5  1.85337363
555.0  1.82375285
555.5  1.79151876
556.0  1.76368924
556.5  1.74035381
557.0  1.72327267
557.5  1.71516378
558.0  1.71143455
558.5  1.70465644
559.0  1.69281290
559.5  1.67592334
560.0  1.64838699
560.5  1.61797286
561.0  1.59482977
561.5  1.57878699
562.0  1.56808524
562.5  1.56527536
563.0  1.56217340
563.5  1.54829567
564.0  1.52774184
564.5  1.50665760
565.0  1.48658883
565.5  1.46879870
566.0  1.45946668
566.5  1.46284324
567.0  1.47708153
567.5  1.49875275
568.0  1.53175480
568.5  1.56688163
569.0  1.59783882
569.5  1.61632625
570.0  1.62422609
570.5  1.61492851
571.0  1.59506146
571.5  1.57503877
572.0  1.56041998
572.5  1.55195585
573.0  1.55237081
573.5  1.55558027
574.0  1.55588105
574.5  1.55519543
575.0  1.55314319
575.5  1.55385973
576.0  1.56012332
576.5  1.57159082
577.0  1.58932668
577.5  1.61407493
578.0  1.64420947
578.5  1.67935860
579.0  1.71648131
579.5  1.74572830
580.0  1.76549830
580.5  1.77430537
581.0  1.76894110
581.5  1.75549037
582.0  1.74379950
582.5  1.74071620
583.0  1.74540179
583.5  1.75596680
584.0  1.76687556
584.5  1.77299988
585.0  1.77148515
585.5  1.76402895
586.0  1.75188154
586.5  1.73728338
587.0  1.72525519
587.5  1.71689818
588.0  1.71230351
588.5  1.70952551
589.0  1.71104473
589.5  1.71969987
590.0  1.73245080
590.5  1.73785016
591.0  1.73793041
591.5  1.73778982
592.0  1.73787532
592.5  1.73759881
593.0  1.74487025
593.5  1.75887449
594.0  1.77159402
594.5  1.77336943
595.0  1.76134827
595.5  1.73313626
596.0  1.68949347
596.5  1.63891499
597.0  1.58955095
597.5  1.54360329
598.0  1.51133443
598.5  1.49252740
599.0  1.48739165
599.5  1.49591533
600.0  1.51472545
600.5  1.53855299
601.0  1.56175345
601.5  1.57666099
602.0  1.58378854
602.5  1.59166147
603.0  1.60061476
603.5  1.61167758
604.0  1.62812332
604.5  1.64649462
605.0  1.65670629
605.5  1.65221370
606.0  1.63518915
606.5  1.61177528
607.0  1.58452856
607.5  1.55948244
608.0  1.54652597
608.5  1.54717233
609.0  1.56032744
609.5  1.59444765
610.0  1.64026092
610.5  1.69149312
611.0  1.74339296
611.5  1.78692598
612.0  1.81507600
612.5  1.82709500
613.0  1.82645492
613.5  1.82012324
614.0  1.81380062
614.5  1.80784568
615.0  1.80082427
615.5  1.78934451
616.0  1.77195363
616.5  1.74395050
617.0  1.71348882
617.5  1.68676395
618.0  1.66536666
618.5  1.65138171
619.0  1.65010193
619.5  1.65825674
620.0  1.67485961
620.5  1.69430466
621.0  1.71156019
621.5  1.72182694
622.0  1.71929537
622.5  1.70371864
623.0  1.67604036
623.5  1.64405485
624.0  1.61201474
624.5  1.59122192
625.0  1.58668167
625.5  1.58917926
626.0  1.59427818
626.5  1.59947651
627.0  1.60121510
627.5  1.59817218
628.0  1.59440733
628.5  1.59287096
629.0  1.59221434
629.5  1.59434125
630.0  1.59858113
630.5  1.60301162
631.0  1.60691143
631.5  1.60450648
632.0  1.58923071
632.5  1.55871903
633.0  1.51577607
633.5  1.46085152
634.0  1.40316205
634.5  1.35311370
635.0  1.32022918
635.5  1.30663941
636.0  1.31155331
636.5  1.32902437
637.0  1.35517283
637.5  1.38106218
638.0  1.40214635
638.5  1.42338696
639.0  1.44332381
639.5  1.46034308
640.0  1.47657813
640.5  1.49477842
641.0  1.51560622
641.5  1.53460584
642.0  1.55226391
642.5  1.56536311
643.0  1.56528108
643.5  1.55231040
644.0  1.53222820
644.5  1.51109072
645.0  1.49558979
645.5  1.48961830
646.0  1.49953820
646.5  1.52127691
647.0  1.54918812
647.5  1.57710609
648.0  1.60204005
648.5  1.62420006
649.0  1.63880168
649.5  1.64944989
650.0  1.65914596
650.5  1.66647012
651.0  1.67249481
651.5  1.68591973
652.0  1.70212021
652.5  1.71705402
653.0  1.73056387
653.5  1.73830069
654.0  1.73664012
654.5  1.73170801
655.0  1.72473693
655.5  1.71843717
656.0  1.72109765
656.5  1.73231415
657.0  1.74662012
657.5  1.75858537
658.0  1.76483277
658.5  1.76940139
659.0  1.77043679
659.5  1.77221197
660.0  1.77380823
660.5  1.77076357
661.0  1.76857847
661.5  1.76222919
662.0  1.75342011
662.5  1.74408765
663.0  1.73181527
663.5  1.71949544
664.0  1.70408213
664.5  1.68554196
665.0  1.67212322
665.5  1.66615587
666.0  1.67408658
666.5  1.68887745
667.0  1.70861842
667.5  1.72407563
668.0  1.72840805
668.5  1.71600849
669.0  1.68846083
669.5  1.64811418
670.0  1.60033152
670.5  1.55166275
671.0  1.50407027
671.5  1.46021442
672.0  1.42027405
672.5  1.38324096
673.0  1.35697974
673.5  1.33967280
674.0  1.32094805
674.5  1.30790868
675.0  1.30165989
675.5  1.30715936
676.0  1.32389159
676.5  1.35850844
677.0  1.41424700
677.5  1.48671256
678.0  1.55921014
678.5  1.61787542
679.0  1.65900002
679.5  1.68104318
680.0  1.68394089
680.5  1.66938543
681.0  1.64853521
681.5  1.63116268
682.0  1.62003748
682.5  1.61302337
683.0  1.61553772
683.5  1.62968502
684.0  1.65014429
684.5  1.67207832
685.0  1.68975072
685.5  1.70620746
686.0  1.71991884
686.5  1.73531982
687.0  1.75262760
687.5  1.77491828
688.0  1.79824478
688.5  1.81459930
689.0  1.82243170
689.5  1.81548230
690.0  1.79303623
690.5  1.76141897
691.0  1.72919622
691.5  1.69823290
692.0  1.66695702
692.5  1.64989739
693.0  1.65174246
693.5  1.66709874
694.0  1.68803980
694.5  1.71061754
695.0  1.73081351
695.5  1.74247535
696.0  1.74072907
696.5  1.72576051
697.0  1.70419562
697.5  1.68547352
698.0  1.67383661
698.5  1.72010062
699.0  1.70506523
699.5  1.76303867
700.0  1.74172279
700.5  1.78218189
701.0  1.75499914
701.5  1.76997822
702.0  1.75689600
702.5  1.76132139
703.0  1.76946345
703.5  1.78159010
704.0  1.81096303
704.5  1.83175247
705.0  1.85051372
705.5  1.86400966
706.0  1.85538144
706.5  1.85596986
707.0  1.81734972
707.5  1.82095449
708.0  1.78571806
708.5  1.80923531
709.0  1.79681165
709.5  1.82426906
710.0  1.81896872
710.5  1.81552090
711.0  1.80236254
711.5  1.76460041
712.0  1.75431415
712.5  1.70478534
713.0  1.71074517
713.5  1.67276847
714.0  1.69629306
714.5  1.68691745
715.0  1.72190717
715.5  1.73038545
716.0  1.75199679
716.5  1.75121952
717.0  1.73938924
717.5  1.71716457
718.0  1.69667423
718.5  1.67643727
719.0  1.68114301
719.5  1.67090936
720.0  1.69758702
720.5  1.68353673
721.0  1.71151780
721.5  1.68898584
722.0  1.69917014
722.5  1.67366135
723.0  1.66665343
723.5  1.66750766
724.0  1.66081079
724.5  1.68560097
725.0  1.68847196
725.5  1.74176292
726.0  1.75673858
726.5  1.80022002
727.0  1.80447585
727.5  1.82125810
728.0  1.81496415
728.5  1.80725384
729.0  1.80217382
729.5  1.80226306
730.0  1.80997185
730.5  1.82641178
731.0  1.82970700
731.5  1.84388675
732.0  1.82546604
732.5  1.82762624
733.0  1.78969374
733.5  1.78718249
734.0  1.74592675
734.5  1.75051506
735.0  1.72793273
735.5  1.74078580
736.0  1.74394175
736.5  1.75966063
737.0  1.77633817
737.5  1.77542534
738.0  1.77888042
738.5  1.76426413
739.0  1.76494870
739.5  1.75506624
740.0  1.75905677
740.5  1.77168798
741.0  1.78345675
741.5  1.79806155
742.0  1.79865120
742.5  1.79507913
743.0  1.78292920
743.5  1.75686759
744.0  1.74446247
744.5  1.70390153
745.0  1.70475197
745.5  1.67075508
746.0  1.68521746
746.5  1.66622889
747.0  1.68240300
747.5  1.68092268
748.0  1.68128833
748.5  1.67627534
749.0  1.66478661
749.5  1.67437481
750.0  1.67239576
750.5  1.69853265
751.0  1.72120804
751.5  1.75080943
752.0  1.77914782
752.5  1.79153157
753.0  1.80318919
753.5  1.79232070
754.0  1.78450332
754.5  1.77196341
755.0  1.75783573
755.5  1.76092767
756.0  1.74701451
756.5  1.77504795
757.0  1.76940960
757.5  1.80424313
758.0  1.78566948
758.5  1.81034022
759.0  1.78605120
759.5  1.79411842
760.0  1.77898156
760.5  1.79155907
761.0  1.80765902
761.5  1.82995657
762.0  1.85167746
762.5  1.86176300
763.0  1.86127608
763.5  1.85060393
764.0  1.81824520
764.5  1.79004222
765.0  1.73853204
765.5  1.72038008
766.0  1.67921087
766.5  1.67773667
767.0  1.65892347
767.5  1.66832068
768.0  1.67375427
768.5  1.67516463
769.0  1.68587285
769.5  1.65857777
770.0  1.67307429
770.5  1.64642264
771.0  1.67719479
771.5  1.66578455
772.0  1.70616089
772.5  1.72572229
773.0  1.75430594
773.5  1.76069232
774.0  1.76289667
774.5  1.76025879
775.0  1.75184003
775.5  1.73917621
776.0  1.73954408
776.5  1.72875538
777.0  1.75236157
777.5  1.75022788
778.0  1.78365134
778.5  1.78350266
779.0  1.80834148
779.5  1.81049602
780.0  1.80877838
780.5  1.81894579
781.0  1.79946058
781.5  1.83285649
782.0  1.81968649
782.5  1.87236703
783.0  1.85880234
783.5  1.89941695
784.0  1.88143911
784.5  1.88767561
785.0  1.85012237
785.5  1.83193788
786.0  1.80271310
786.5  1.77997133
787.0  1.76608276
787.5  1.75736167
788.0  1.75162682
788.5  1.76079509
789.0  1.75301599
789.5  1.76315656
790.0  1.72938084
790.5  1.74016988
791.0  1.69224882
791.5  1.71700751
792.0  1.68265213
792.5  1.72313488
793.0  1.71281042
793.5  1.75078936
794.0  1.75525782
794.5  1.75625956
795.0  1.76665704
795.5  1.73723473
796.0  1.75278692
796.5  1.72059253
797.0  1.74986030
797.5  1.73249146
798.0  1.76508062
798.5  1.77089023
799.0  1.79685919
799.5  1.80638102
800.0  1.81101426
800.5  1.80644483
801.0  1.79495999
801.5  1.77393343
802.0  1.76611135
802.5  1.73714527
803.0  1.75805028
803.5  1.73021443
804.0  1.76715462
804.5  1.71929287
805.0  1.74301207
805.5  1.68569660
806.0  1.69402258
806.5  1.64966977
807.0  1.64952059
807.5  1.64846595
808.0  1.65426573
808.5  1.69080049
809.0  1.70229105
809.5  1.75601277
810.0  1.77004244
810.5  1.81524297
811.0  1.81403138
811.5  1.82986737
812.0  1.82876746
812.5  1.83648266
813.0  1.85627079
813.5  1.85749177
814.0  1.89106742
814.5  1.88381287
815.0  1.90582820
815.5  1.87368004
816.0  1.86655372
816.5  1.83021888
817.0  1.80388369
817.5  1.79616279
818.0  1.75866160
818.5  1.78780035
819.0  1.74468108
819.5  1.79372003
820.0  1.75054643
820.5  1.78791745
821.0  1.74448166
821.5  1.75288916
822.0  1.71312544
822.5  1.70509648
823.0  1.68853411
823.5  1.68590447
824.0  1.69436666
824.5  1.70425980
825.0  1.70998867
825.5  1.71291440
826.0  1.69886500
826.5  1.70088541
827.0  1.66044613
827.5  1.67702325
828.0  1.64598546
828.5  1.69479856
829.0  1.66926249
829.5  1.72744699
830.0  1.72433245
830.5  1.76486218
831.0  1.77161804
831.5  1.76990894
832.0  1.79197302
832.5  1.75981609
833.0  1.79873588
833.5  1.76689811
834.0  1.83264206
834.5  1.83525779
835.0  1.90157978
835.5  1.90779203
836.0  1.94756757
836.5  1.94507150
837.0  1.93754830
837.5  1.91157324
838.0  1.87945760
838.5  1.86095842
839.0  1.83189796
839.5  1.82423392
840.0  1.80714393
840.5  1.80037533
841.0  1.79728748
841.5  1.76681477
842.0  1.76602673
842.5  1.70548797
843.0  1.71802573
843.5  1.64871293
844.0  1.68994084
844.5  1.65050207
845.0  1.72118394
845.5  1.71294411
846.0  1.76927474
846.5  1.77265122
847.0  1.79337210
847.5  1.78323993
848.0  1.76970768
848.5  1.75779812
849.0  1.74156446
849.5  1.73517934
850.0  1.73307866
850.5  1.73115791
851.0  1.73959192
851.5  1.71911240
852.0  1.72964627
852.5  1.68000405
853.0  1.67960129
853.5  1.62074810
854.0  1.62987253
854.5  1.60900012
855.0  1.64201915
855.5  1.67874101
856.0  1.71453444
856.5  1.78524828
857.0  1.78846714
857.5  1.85106229
858.0  1.81925598
858.5  1.85836086
859.0  1.82279256
859.5  1.84887950
860.0  1.83152102
860.5  1.86050399
861.0  1.86666282
861.5  1.87948619
862.0  1.88032847
862.5  1.87123997
863.0  1.84720762
863.5  1.81154074
864.0  1.76861214
864.5  1.75018453
865.0  1.71929415
865.5  1.74621929
866.0  1.74128322
866.5  1.80688904
867.0  1.79356819
867.5  1.85134369
868.0  1.80452207
868.5  1.83149745
869.0  1.77524054
869.5  1.77894132
870.0  1.74537548
870.5  1.74862572
871.0  1.75805846
871.5  1.76323224
872.0  1.79235416
872.5  1.79107387
873.0  1.80479966
873.5  1.77619164
874.0  1.76165766
874.5  1.72679842
875.0  1.69625557
875.5  1.68833953
876.0  1.68353938
876.5  1.71585161
877.0  1.71982990
877.5  1.75160952
878.0  1.74745128
878.5  1.74502872
879.0  1.73055087
879.5  1.69930882
880.0  1.70698143
880.5  1.66974249
881.0  1.71191458
881.5  1.69310926
882.0  1.76555134
882.5  1.76772637
883.0  1.82410391
883.5  1.82684296
884.0  1.84424150
884.5  1.83906631
885.0  1.82976950
885.5  1.83312147
886.0  1.83474076
886.5  1.85803129
887.0  1.88097876
887.5  1.90593018
888.0  1.92755199
888.5  1.91530811
889.0  1.91092893
889.5  1.86049922
890.0  1.83863042
890.5  1.77549942
891.0  1.76316901
891.5  1.72636931
892.0  1.73033466
892.5  1.73916099
893.0  1.75697454
893.5  1.78947810
894.0  1.77976275
894.5  1.80487893
895.0  1.76600304
895.5  1.78200168
896.0  1.74508634
896.5  1.77167476
897.0  1.76919860
897.5  1.80206456
898.0  1.81189188
898.5  1.82598911
899.0  1.81952463
899.5  1.79260227
900.0  1.74971425
900.5  1.70781156
901.0  1.65809086
901.5  1.63156054
902.0  1.59462827
902.5  1.57534504
903.0  1.56651303
903.5  1.56218188
904.0  1.56173606
904.5  1.55871978
905.0  1.54854418
905.5  1.53558380
906.0  1.53018996
906.5  1.54212348
907.0  1.57197099
907.5  1.62087545
908.0  1.68711292
908.5  1.75772330
909.0  1.81648729
909.5  1.85763949
910.0  1.87869044
910.5  1.87939563
911.0  1.86301176
911.5  1.84414523
912.0  1.82926780
912.5  1.81903213
913.0  1.82337517
913.5  1.84231510
914.0  1.86714674
914.5  1.89201045
915.0  1.91283609
915.5  1.92358117
916.0  1.91934096
916.5  1.91481510
917.0  1.92135771
917.5  1.93463690
918.0  1.95609032
918.5  1.99118238
919.0  2.02791681
919.5  2.04766468
920.0  2.05304225
920.5  2.04687150
921.0  2.02286447
921.5  1.98896983
922.0  1.96080572
922.5  1.94349067
923.0  1.93437200
923.5  1.93948823
924.0  1.96051765
924.5  1.98666425
925.0  2.00497453
925.5  2.01175674
926.0  2.00363678
926.5  1.97948577
927.0  1.94675408
927.5  1.91764720
928.0  1.89558146
928.5  1.88504805
929.0  1.88770999
929.5  1.89541413
930.0  1.90004800
930.5  1.89816834
931.0  1.89096840
931.5  1.88065015
932.0  1.87398858
932.5  1.87108342
933.0  1.87823980
933.5  1.89676248
934.0  1.92670594
934.5  1.96140660
935.0  1.98936666
935.5  2.00264618
936.0  1.99715053
936.5  1.96830555
937.0  1.92086616
937.5  1.86469073
938.0  1.81115266
938.5  1.77330021
939.0  1.75407221
939.5  1.75728436
940.0  1.78168182
940.5  1.81640488
941.0  1.85135182
941.5  1.88127455
942.0  1.90905126
942.5  1.93811972
943.0  1.96846700
943.5  1.99852406
944.0  2.03241026
944.5  2.06981165
945.0  2.11152647
945.5  2.15147270
946.0  2.17823524
946.5  2.18469792
947.0  2.16967571
947.5  2.14575909
948.0  2.12188639
948.5  2.10397771
949.0  2.09968282
949.5  2.12123416
950.0  2.16675089
950.5  2.22299277
951.0  2.27681129
951.5  2.32043028
952.0  2.34934646
952.5  2.35887625
953.0  2.34973637
953.5  2.32783078
954.0  2.29747902
954.5  2.26390757
955.0  2.23834916
955.5  2.22129705
956.0  2.20501409
956.5  2.18744942
957.0  2.17168658
957.5  2.14982234
958.0  2.12129016
958.5  2.09778214
959.0  2.08597555
959.5  2.08799094
960.0  2.10527050
960.5  2.13210571
961.0  2.15911560
961.5  2.17433936
962.0  2.17270700
962.5  2.15029538
963.0  2.10655964
963.5  2.05045628
964.0  1.98963933
964.5  1.93575312
965.0  1.89435413
965.5  1.87189351
966.0  1.86823994
966.5  1.87584911
967.0  1.89151759
967.5  1.90897255
968.0  1.92146404
968.5  1.92533205
969.0  1.93419317
969.5  1.94788087
970.0  1.96822660
970.5  1.99946496
971.0  2.03134031
971.5  2.05475293
972.0  2.05831927
972.5  2.04094658
973.0  1.99768835
973.5  1.93922115
974.0  1.87881294
974.5  1.82817327
975.0  1.79184197
975.5  1.78165567
976.0  1.80330123
976.5  1.84306783
977.0  1.89905792
977.5  1.95795284
978.0  2.01178978
978.5  2.05384806
979.0  2.08715435
979.5  2.11444345
980.0  2.14267599
980.5  2.17591266
981.0  2.21782243
981.5  2.26734652
982.0  2.31205535
982.5  2.34510803
983.0  2.36103274
983.5  2.36128048
984.0  2.34992773
984.5  2.33561557
985.0  2.32972848
985.5  2.33604647
986.0  2.35512051
986.5  2.39366403
987.0  2.44188289
987.5  2.48296441
988.0  2.51107003
988.5  2.51812062
989.0  2.49142968
989.5  2.44098117
990.0  2.38452276
990.5  2.32793472
991.0  2.27515346
991.5  2.24138049
992.0  2.22524679
992.5  2.21737950
993.0  2.20864445
993.5  2.19736756
994.0  2.17557810
994.5  2.14643254
995.0  2.11811744
995.5  2.09781692
996.0  2.08239400
996.5  2.08211923
997.0  2.08922500
997.5  2.10140089
998.0  2.10764537
998.5  2.10044173
999.0  2.07286726
999.5  2.01946349
1000.0  1.94869082
