Submitted batch job 14459038
MANDATORY INPUT VARIABLES:
  NStates =
		 4
  NSteps =
		 500
  dtI =
		 0.5 (fs)
  ESTEPS =
		 500
  ISTATE =
		 2
  FUNCTIONAL =
		 AM1
  BASIS_SET =
		 STO-5G
  CHARGE =
		 0
  MULTIPLICITY =
		 1
  MEMORY =
		 30 (GB)
  PARALLEL_FORCES =
		 True
  NAMD_METHOD =
		 EH
  EL_PROP =
		 VV
  MD_ENSEMBLE =
		 NVE
  VELOC =
		 READ
Input looks good.
Submitting electronic structure for step 0.
	Gaussian terminated normally in 5.01 s. (GS_NEW)
Submitted batch job 14459039
Submitted batch job 14459040
Submitted batch job 14459041
Starting forces for state 3
	Gaussian terminated normally in 7.06 s. (TD_NEW_S3)
Starting forces for state 1
	Gaussian terminated normally in 7.09 s. (TD_NEW_S1)
Starting forces for state 2
	Gaussian terminated normally in 8.01 s. (TD_NEW_S2)
Submitted batch job 14459042
Submitting electronic structure for step 1.
	Gaussian terminated normally in 5.01 s. (GS_NEW)
Submitted batch job 14459043
Submitted batch job 14459044
Submitted batch job 14459045
Starting forces for state 3
	Gaussian terminated normally in 7.21 s. (TD_NEW_S3)
Starting forces for state 1
	Gaussian terminated normally in 9.01 s. (TD_NEW_S1)
Starting forces for state 2
	Gaussian terminated normally in 11.56 s. (TD_NEW_S2)
Submitted batch job 14459046
Submitted batch job 14459047
	Gaussian terminated normally in 4.02 s. (DIMER)
	TD_NEW_S1 DIM_INFO TIME (BRADEN): 0.05 s
	TD_NEW_S1 GET_MO TIME: 0.01 s
	TD_NEW_S1 GET_CI TIME: 0.02 s
	TD_OLD_S1 GET_MO TIME: 0.01 s
	TD_OLD_S1 GET_CI TIME: 0.02 s
	DIMER TIME: 2.25 s
	G16_NAC.py main: 2.36 s
	gau_nac() (G16_NAC.py): 0.0 s
gau_nac prepare 0.01 s
WFN OVERLAP FORTRAN TOOK 0.13 s
gau_nac dump 1.03 s
	gau_nac.worker() (G16_NAC.py): 1.16 s
	GET_OVERLAP OVERALL TIME (G16_TD.py): 3.55 s
Orthogonalized [S.T @ S] :
[[ 1. -0. -0.  0.]
 [-0.  1.  0.  0.]
 [-0.  0.  1.  0.]
 [ 0.  0.  0.  1.]]
	GET_NACT OVERALL TIME (G16_TD.py): 0.0 s
	GET_APPROX NACR OVERALL TIME (G16_TD.py): 0.0 s
Total QM took 24.95 s.
Propagation Norm (0):
1.0
Propagation Norm (1):
1.0
Electronic propagation took 0.01 s.
Rotation Norm (0):
1.0
Rotation Norm (1):
1.0
Electronic Norm.: 1.0
Total MD Step took 24.97 s.
Submitting electronic structure for step 2.
	Gaussian terminated normally in 4.01 s. (GS_NEW)
Submitted batch job 14459048
Submitted batch job 14459049
Submitted batch job 14459050
Starting forces for state 3
	Gaussian terminated normally in 5.01 s. (TD_NEW_S3)
Starting forces for state 1
	Gaussian terminated normally in 6.12 s. (TD_NEW_S1)
Starting forces for state 2
	Gaussian terminated normally in 8.10 s. (TD_NEW_S2)
Submitted batch job 14459051
Submitted batch job 14459052
	Gaussian terminated normally in 5.02 s. (DIMER)
	TD_NEW_S1 DIM_INFO TIME (BRADEN): 0.05 s
	TD_NEW_S1 GET_MO TIME: 0.01 s
	TD_NEW_S1 GET_CI TIME: 0.02 s
	TD_OLD_S1 GET_MO TIME: 0.01 s
	TD_OLD_S1 GET_CI TIME: 0.03 s
	DIMER TIME: 2.23 s
	G16_NAC.py main: 2.36 s
	gau_nac() (G16_NAC.py): 0.0 s
gau_nac prepare 0.01 s
WFN OVERLAP FORTRAN TOOK 0.11 s
gau_nac dump 1.02 s
	gau_nac.worker() (G16_NAC.py): 1.14 s
	GET_OVERLAP OVERALL TIME (G16_TD.py): 3.52 s
Orthogonalized [S.T @ S] :
[[ 1. -0.  0.  0.]
 [-0.  1. -0. -0.]
 [ 0. -0.  1. -0.]
 [ 0. -0. -0.  1.]]
	GET_NACT OVERALL TIME (G16_TD.py): 0.0 s
	GET_APPROX NACR OVERALL TIME (G16_TD.py): 0.0 s
Total QM took 21.60 s.
Propagation Norm (0):
1.0
Propagation Norm (1):
1.0
Electronic propagation took 0.01 s.
Rotation Norm (0):
1.0
Rotation Norm (1):
1.0
Electronic Norm.: 1.0
Total MD Step took 21.62 s.
Submitting electronic structure for step 3.
	Gaussian terminated normally in 5.01 s. (GS_NEW)
Submitted batch job 14459053
Submitted batch job 14459054
Submitted batch job 14459055
Starting forces for state 3
	Gaussian terminated normally in 6.01 s. (TD_NEW_S3)
Starting forces for state 2
	Gaussian terminated normally in 7.09 s. (TD_NEW_S2)
Starting forces for state 1
	Gaussian terminated normally in 9.61 s. (TD_NEW_S1)
Submitted batch job 14459056
Submitted batch job 14459057
	Gaussian terminated normally in 5.02 s. (DIMER)
	TD_NEW_S1 DIM_INFO TIME (BRADEN): 0.06 s
	TD_NEW_S1 GET_MO TIME: 0.01 s
	TD_NEW_S1 GET_CI TIME: 0.02 s
	TD_OLD_S1 GET_MO TIME: 0.01 s
	TD_OLD_S1 GET_CI TIME: 0.03 s
	DIMER TIME: 2.21 s
	G16_NAC.py main: 2.34 s
	gau_nac() (G16_NAC.py): 0.0 s
gau_nac prepare 0.0 s
WFN OVERLAP FORTRAN TOOK 0.11 s
gau_nac dump 1.01 s
	gau_nac.worker() (G16_NAC.py): 1.13 s
	GET_OVERLAP OVERALL TIME (G16_TD.py): 3.49 s
Orthogonalized [S.T @ S] :
[[ 1. -0. -0. -0.]
 [-0.  1.  0.  0.]
 [-0.  0.  1.  0.]
 [-0.  0.  0.  1.]]
	GET_NACT OVERALL TIME (G16_TD.py): 0.0 s
	GET_APPROX NACR OVERALL TIME (G16_TD.py): 0.0 s
Total QM took 24.06 s.
Propagation Norm (0):
1.0
Propagation Norm (1):
1.0
Electronic propagation took 0.01 s.
Rotation Norm (0):
1.0
Rotation Norm (1):
1.0
Electronic Norm.: 1.0
Total MD Step took 24.08 s.
Submitting electronic structure for step 4.
	Gaussian terminated normally in 4.01 s. (GS_NEW)
Submitted batch job 14459058
Submitted batch job 14459059
Submitted batch job 14459060
Starting forces for state 1
	Gaussian terminated normally in 7.08 s. (TD_NEW_S1)
Starting forces for state 2
	Gaussian terminated normally in 8.71 s. (TD_NEW_S2)
Starting forces for state 3
	Gaussian terminated normally in 10.02 s. (TD_NEW_S3)
Submitted batch job 14459064
Submitted batch job 14459065
	Gaussian terminated normally in 4.02 s. (DIMER)
	TD_NEW_S1 DIM_INFO TIME (BRADEN): 0.06 s
	TD_NEW_S1 GET_MO TIME: 0.01 s
	TD_NEW_S1 GET_CI TIME: 0.02 s
	TD_OLD_S1 GET_MO TIME: 0.01 s
	TD_OLD_S1 GET_CI TIME: 0.03 s
	DIMER TIME: 2.22 s
	G16_NAC.py main: 2.34 s
	gau_nac() (G16_NAC.py): 0.0 s
gau_nac prepare 0.0 s
WFN OVERLAP FORTRAN TOOK 0.11 s
gau_nac dump 1.02 s
	gau_nac.worker() (G16_NAC.py): 1.14 s
	GET_OVERLAP OVERALL TIME (G16_TD.py): 3.51 s
Orthogonalized [S.T @ S] :
[[ 1.  0. -0. -0.]
 [ 0.  1.  0.  0.]
 [-0.  0.  1. -0.]
 [-0.  0. -0.  1.]]
	GET_NACT OVERALL TIME (G16_TD.py): 0.0 s
	GET_APPROX NACR OVERALL TIME (G16_TD.py): 0.0 s
Total QM took 22.42 s.
Propagation Norm (0):
1.0
Propagation Norm (1):
1.0
Electronic propagation took 0.01 s.
Rotation Norm (0):
1.0
Rotation Norm (1):
1.0
Electronic Norm.: 1.0
Total MD Step took 22.44 s.
Submitting electronic structure for step 5.
	Gaussian terminated normally in 4.01 s. (GS_NEW)
Submitted batch job 14459069
Submitted batch job 14459070
Submitted batch job 14459071
Starting forces for state 3
	Gaussian terminated normally in 6.01 s. (TD_NEW_S3)
Starting forces for state 2
	Gaussian terminated normally in 6.93 s. (TD_NEW_S2)
Starting forces for state 1
	Gaussian terminated normally in 12.02 s. (TD_NEW_S1)
Submitted batch job 14459072
Submitted batch job 14459075
	Gaussian terminated normally in 5.02 s. (DIMER)
	TD_NEW_S1 DIM_INFO TIME (BRADEN): 0.05 s
	TD_NEW_S1 GET_MO TIME: 0.01 s
	TD_NEW_S1 GET_CI TIME: 0.02 s
	TD_OLD_S1 GET_MO TIME: 0.01 s
	TD_OLD_S1 GET_CI TIME: 0.03 s
	DIMER TIME: 2.21 s
	G16_NAC.py main: 2.33 s
	gau_nac() (G16_NAC.py): 0.0 s
gau_nac prepare 0.0 s
WFN OVERLAP FORTRAN TOOK 0.11 s
gau_nac dump 1.05 s
	gau_nac.worker() (G16_NAC.py): 1.17 s
	GET_OVERLAP OVERALL TIME (G16_TD.py): 3.53 s
Orthogonalized [S.T @ S] :
[[ 1.  0.  0.  0.]
 [ 0.  1. -0.  0.]
 [ 0. -0.  1. -0.]
 [ 0.  0. -0.  1.]]
	GET_NACT OVERALL TIME (G16_TD.py): 0.0 s
	GET_APPROX NACR OVERALL TIME (G16_TD.py): 0.0 s
Total QM took 25.42 s.
Propagation Norm (0):
1.0
Propagation Norm (1):
1.0
Electronic propagation took 0.01 s.
Rotation Norm (0):
1.0
Rotation Norm (1):
1.0
Electronic Norm.: 1.0
Total MD Step took 25.44 s.
Submitting electronic structure for step 6.
	Gaussian terminated normally in 5.01 s. (GS_NEW)
Submitted batch job 14459076
Submitted batch job 14459077
Submitted batch job 14459078
Starting forces for state 3
	Gaussian terminated normally in 6.01 s. (TD_NEW_S3)
Starting forces for state 2
	Gaussian terminated normally in 6.10 s. (TD_NEW_S2)
Starting forces for state 1
	Gaussian terminated normally in 12.13 s. (TD_NEW_S1)
Submitted batch job 14459079
Submitted batch job 14459080
	Gaussian terminated normally in 5.02 s. (DIMER)
	TD_NEW_S1 DIM_INFO TIME (BRADEN): 0.06 s
	TD_NEW_S1 GET_MO TIME: 0.01 s
	TD_NEW_S1 GET_CI TIME: 0.02 s
	TD_OLD_S1 GET_MO TIME: 0.01 s
	TD_OLD_S1 GET_CI TIME: 0.03 s
	DIMER TIME: 2.21 s
	G16_NAC.py main: 2.34 s
	gau_nac() (G16_NAC.py): 0.0 s
gau_nac prepare 0.01 s
WFN OVERLAP FORTRAN TOOK 0.11 s
gau_nac dump 1.01 s
	gau_nac.worker() (G16_NAC.py): 1.12 s
	GET_OVERLAP OVERALL TIME (G16_TD.py): 3.49 s
Orthogonalized [S.T @ S] :
[[ 1.  0. -0. -0.]
 [ 0.  1.  0.  0.]
 [-0.  0.  1.  0.]
 [-0.  0.  0.  1.]]
	GET_NACT OVERALL TIME (G16_TD.py): 0.0 s
	GET_APPROX NACR OVERALL TIME (G16_TD.py): 0.0 s
Total QM took 26.61 s.
Propagation Norm (0):
1.0
Propagation Norm (1):
1.0
Electronic propagation took 0.01 s.
Rotation Norm (0):
1.0
Rotation Norm (1):
1.0
Electronic Norm.: 1.0
Total MD Step took 26.63 s.
Submitting electronic structure for step 7.
	Gaussian terminated normally in 4.01 s. (GS_NEW)
Submitted batch job 14459081
Submitted batch job 14459082
Submitted batch job 14459083
Starting forces for state 1
	Gaussian terminated normally in 6.01 s. (TD_NEW_S1)
Starting forces for state 3
	Gaussian terminated normally in 6.10 s. (TD_NEW_S3)
Starting forces for state 2
	Gaussian terminated normally in 11.02 s. (TD_NEW_S2)
Submitted batch job 14459084
Submitted batch job 14459085
	Gaussian terminated normally in 4.02 s. (DIMER)
	TD_NEW_S1 DIM_INFO TIME (BRADEN): 0.05 s
	TD_NEW_S1 GET_MO TIME: 0.01 s
	TD_NEW_S1 GET_CI TIME: 0.03 s
	TD_OLD_S1 GET_MO TIME: 0.01 s
	TD_OLD_S1 GET_CI TIME: 0.03 s
	DIMER TIME: 2.21 s
	G16_NAC.py main: 2.33 s
	gau_nac() (G16_NAC.py): 0.0 s
gau_nac prepare 0.01 s
WFN OVERLAP FORTRAN TOOK 0.11 s
gau_nac dump 1.01 s
	gau_nac.worker() (G16_NAC.py): 1.13 s
	GET_OVERLAP OVERALL TIME (G16_TD.py): 3.5 s
Orthogonalized [S.T @ S] :
[[ 1. -0. -0.  0.]
 [-0.  1.  0.  0.]
 [-0.  0.  1.  0.]
 [ 0.  0.  0.  1.]]
OLD:
 [[ 9.9994638e-01  1.0352730e-02 -5.6170000e-05  2.2591000e-04]
 [ 5.5250000e-05  8.7930000e-05  9.9999999e-01  2.8000000e-05]
 [ 1.0352760e-02 -9.9994640e-01  8.7360000e-05 -1.0374000e-04]
 [-2.2483000e-04 -1.0608000e-04 -2.7980000e-05  9.9999997e-01]]
I found a sign error upon phase correcting.
Index Flip: 0 <--> 1
NEW:
 [[ 9.9994638e-01 -1.0352730e-02 -5.6170000e-05  2.2591000e-04]
 [-5.5250000e-05  8.7930000e-05  9.9999999e-01  2.8000000e-05]
 [ 1.0352760e-02 -9.9994640e-01  8.7360000e-05 -1.0374000e-04]
 [-2.2483000e-04 -1.0608000e-04 -2.7980000e-05  9.9999997e-01]]
[S.T @ S] after sign fix:
[[ 1.000000e+00 -2.070437e-02 -1.105100e-04 -0.000000e+00]
 [-2.070437e-02  1.000000e+00  1.160000e-06 -4.680000e-06]
 [-1.105100e-04  1.160000e-06  1.000000e+00  0.000000e+00]
 [-0.000000e+00 -4.680000e-06  0.000000e+00  1.000000e+00]]
Orthogonalized [S.T @ S] :
[[ 1.  0. -0. -0.]
 [ 0.  1. -0.  0.]
 [-0. -0.  1.  0.]
 [-0.  0.  0.  1.]]
[S.T @ S] after sign fix and second orthogonalization:
[[ 1.  0. -0. -0.]
 [ 0.  1. -0.  0.]
 [-0. -0.  1.  0.]
 [-0.  0.  0.  1.]]
OLD:
 [[ 9.9999997e-01  0.0000000e+00 -9.1000000e-07  2.2593000e-04]
 [ 9.1000000e-07  8.7650000e-05  1.0000000e+00  2.8000000e-05]
 [ 3.0000000e-08 -9.9999999e-01  8.7650000e-05 -1.0608000e-04]
 [-2.2593000e-04 -1.0609000e-04 -2.7990000e-05  9.9999997e-01]]
I found a sign error upon phase correcting.
Index Flip: 1 <--> 2
NEW:
 [[ 9.9999997e-01  0.0000000e+00 -9.1000000e-07  2.2593000e-04]
 [ 9.1000000e-07  8.7650000e-05 -1.0000000e+00  2.8000000e-05]
 [ 3.0000000e-08  9.9999999e-01  8.7650000e-05 -1.0608000e-04]
 [-2.2593000e-04 -1.0609000e-04 -2.7990000e-05  9.9999997e-01]]
[S.T @ S] after sign fix:
[[ 1.0000e+00  6.0000e-08 -1.8100e-06 -0.0000e+00]
 [ 6.0000e-08  1.0000e+00  1.0000e-08 -2.1217e-04]
 [-1.8100e-06  1.0000e-08  1.0000e+00 -5.6000e-05]
 [-0.0000e+00 -2.1217e-04 -5.6000e-05  1.0000e+00]]
Orthogonalized [S.T @ S] :
[[ 1. -0.  0. -0.]
 [-0.  1.  0. -0.]
 [ 0.  0.  1. -0.]
 [-0. -0. -0.  1.]]
[S.T @ S] after sign fix and second orthogonalization:
[[ 1. -0.  0. -0.]
 [-0.  1.  0. -0.]
 [ 0.  0.  1. -0.]
 [-0. -0. -0.  1.]]
	GET_NACT OVERALL TIME (G16_TD.py): 0.0 s
	GET_APPROX NACR OVERALL TIME (G16_TD.py): 0.0 s
Total QM took 23.35 s.
Propagation Norm (0):
1.0
Propagation Norm (1):
1.0
Electronic propagation took 0.01 s.
Rotation Norm (0):
1.0
Rotation Norm (1):
1.0
Electronic Norm.: 1.0
Total MD Step took 23.37 s.
Submitting electronic structure for step 8.
	Gaussian terminated normally in 4.01 s. (GS_NEW)
Submitted batch job 14459086
Submitted batch job 14459087
Submitted batch job 14459088
Starting forces for state 1
	Gaussian terminated normally in 6.01 s. (TD_NEW_S1)
Starting forces for state 3
	Gaussian terminated normally in 7.10 s. (TD_NEW_S3)
Starting forces for state 2
	Gaussian terminated normally in 13.03 s. (TD_NEW_S2)
Submitted batch job 14459089
Submitted batch job 14459090
	Gaussian terminated normally in 4.02 s. (DIMER)
	TD_NEW_S1 DIM_INFO TIME (BRADEN): 0.05 s
	TD_NEW_S1 GET_MO TIME: 0.01 s
	TD_NEW_S1 GET_CI TIME: 0.02 s
	TD_OLD_S1 GET_MO TIME: 0.01 s
	TD_OLD_S1 GET_CI TIME: 0.03 s
	DIMER TIME: 2.21 s
	G16_NAC.py main: 2.33 s
	gau_nac() (G16_NAC.py): 0.0 s
gau_nac prepare 0.01 s
WFN OVERLAP FORTRAN TOOK 0.14 s
gau_nac dump 1.01 s
	gau_nac.worker() (G16_NAC.py): 1.15 s
	GET_OVERLAP OVERALL TIME (G16_TD.py): 3.52 s
Orthogonalized [S.T @ S] :
[[ 1.  0. -0.  0.]
 [ 0.  1. -0. -0.]
 [-0. -0.  1.  0.]
 [ 0. -0.  0.  1.]]
OLD:
 [[ 9.9994305e-01 -1.0669450e-02 -4.6940000e-05  2.3522000e-04]
 [ 1.0669460e-02  9.9994308e-01  6.6680000e-05 -2.0890000e-05]
 [ 4.6210000e-05 -6.7170000e-05  1.0000000e+00  3.3750000e-05]
 [-2.3499000e-04  2.3400000e-05 -3.3740000e-05  9.9999997e-01]]
I found a sign error upon phase correcting.
Index Flip: 1 <--> 2
NEW:
 [[ 9.9994305e-01 -1.0669450e-02 -4.6940000e-05  2.3522000e-04]
 [ 1.0669460e-02  9.9994308e-01 -6.6680000e-05 -2.0890000e-05]
 [ 4.6210000e-05  6.7170000e-05  1.0000000e+00  3.3750000e-05]
 [-2.3499000e-04  2.3400000e-05 -3.3740000e-05  9.9999997e-01]]
[S.T @ S] after sign fix:
[[ 1.00e+00  1.00e-08 -1.42e-06  0.00e+00]
 [ 1.00e-08  1.00e+00  1.00e-06  0.00e+00]
 [-1.42e-06  1.00e-06  1.00e+00  0.00e+00]
 [ 0.00e+00  0.00e+00  0.00e+00  1.00e+00]]
Orthogonalized [S.T @ S] :
[[ 1. -0. -0.  0.]
 [-0.  1.  0.  0.]
 [-0.  0.  1.  0.]
 [ 0.  0.  0.  1.]]
[S.T @ S] after sign fix and second orthogonalization:
[[ 1. -0. -0.  0.]
 [-0.  1.  0.  0.]
 [-0.  0.  1.  0.]
 [ 0.  0.  0.  1.]]
	GET_NACT OVERALL TIME (G16_TD.py): 0.0 s
	GET_APPROX NACR OVERALL TIME (G16_TD.py): 0.0 s
Total QM took 25.40 s.
Propagation Norm (0):
1.0
Propagation Norm (1):
1.0
Electronic propagation took 0.01 s.
Rotation Norm (0):
1.0
Rotation Norm (1):
1.0
Electronic Norm.: 1.0
Total MD Step took 25.42 s.
Submitting electronic structure for step 9.
	Gaussian terminated normally in 4.01 s. (GS_NEW)
Submitted batch job 14459091
Submitted batch job 14459092
Submitted batch job 14459093
Starting forces for state 1
	Gaussian terminated normally in 5.01 s. (TD_NEW_S1)
Starting forces for state 3
	Gaussian terminated normally in 10.13 s. (TD_NEW_S3)
Starting forces for state 2
	Gaussian terminated normally in 14.02 s. (TD_NEW_S2)
Submitted batch job 14459096
Submitted batch job 14459097
	Gaussian terminated normally in 6.02 s. (DIMER)
	TD_NEW_S1 DIM_INFO TIME (BRADEN): 0.05 s
	TD_NEW_S1 GET_MO TIME: 0.01 s
	TD_NEW_S1 GET_CI TIME: 0.02 s
	TD_OLD_S1 GET_MO TIME: 0.01 s
	TD_OLD_S1 GET_CI TIME: 0.03 s
	DIMER TIME: 2.23 s
	G16_NAC.py main: 2.35 s
	gau_nac() (G16_NAC.py): 0.0 s
gau_nac prepare 0.0 s
WFN OVERLAP FORTRAN TOOK 0.11 s
gau_nac dump 1.04 s
	gau_nac.worker() (G16_NAC.py): 1.16 s
	GET_OVERLAP OVERALL TIME (G16_TD.py): 3.54 s
Orthogonalized [S.T @ S] :
[[ 1.  0.  0.  0.]
 [ 0.  1.  0.  0.]
 [ 0.  0.  1. -0.]
 [ 0.  0. -0.  1.]]
	GET_NACT OVERALL TIME (G16_TD.py): 0.0 s
	GET_APPROX NACR OVERALL TIME (G16_TD.py): 0.0 s
Total QM took 28.36 s.
Propagation Norm (0):
1.0
Propagation Norm (1):
1.0
Electronic propagation took 0.01 s.
Rotation Norm (0):
1.0
Rotation Norm (1):
1.0
Electronic Norm.: 1.0
Total MD Step took 28.38 s.
Submitting electronic structure for step 10.
	Gaussian terminated normally in 4.01 s. (GS_NEW)
Submitted batch job 14459098
Submitted batch job 14459099
Submitted batch job 14459100
Starting forces for state 1
	Gaussian terminated normally in 7.01 s. (TD_NEW_S1)
Starting forces for state 3
	Gaussian terminated normally in 9.11 s. (TD_NEW_S3)
Starting forces for state 2
	Gaussian terminated normally in 17.03 s. (TD_NEW_S2)
Submitted batch job 14459101
Submitted batch job 14459102
	Gaussian terminated normally in 5.02 s. (DIMER)
	TD_NEW_S1 DIM_INFO TIME (BRADEN): 0.05 s
	TD_NEW_S1 GET_MO TIME: 0.01 s
	TD_NEW_S1 GET_CI TIME: 0.02 s
	TD_OLD_S1 GET_MO TIME: 0.01 s
	TD_OLD_S1 GET_CI TIME: 0.03 s
	DIMER TIME: 2.24 s
	G16_NAC.py main: 2.36 s
	gau_nac() (G16_NAC.py): 0.0 s
gau_nac prepare 0.0 s
WFN OVERLAP FORTRAN TOOK 0.11 s
gau_nac dump 1.05 s
	gau_nac.worker() (G16_NAC.py): 1.17 s
	GET_OVERLAP OVERALL TIME (G16_TD.py): 3.55 s
Orthogonalized [S.T @ S] :
[[ 1. -0.  0.  0.]
 [-0.  1.  0.  0.]
 [ 0.  0.  1. -0.]
 [ 0.  0. -0.  1.]]
	GET_NACT OVERALL TIME (G16_TD.py): 0.0 s
	GET_APPROX NACR OVERALL TIME (G16_TD.py): 0.0 s
Total QM took 30.43 s.
Propagation Norm (0):
1.0
Propagation Norm (1):
1.0
Electronic propagation took 0.01 s.
Rotation Norm (0):
1.0
Rotation Norm (1):
1.0
Electronic Norm.: 1.0
Total MD Step took 30.45 s.
Submitting electronic structure for step 11.
	Gaussian terminated normally in 4.01 s. (GS_NEW)
Submitted batch job 14459103
Submitted batch job 14459104
Submitted batch job 14459105
Starting forces for state 2
	Gaussian terminated normally in 6.01 s. (TD_NEW_S2)
Starting forces for state 3
	Gaussian terminated normally in 7.10 s. (TD_NEW_S3)
Starting forces for state 1
	Gaussian terminated normally in 11.02 s. (TD_NEW_S1)
Submitted batch job 14459107
Submitted batch job 14459108
	Gaussian terminated normally in 5.02 s. (DIMER)
	TD_NEW_S1 DIM_INFO TIME (BRADEN): 0.06 s
	TD_NEW_S1 GET_MO TIME: 0.01 s
	TD_NEW_S1 GET_CI TIME: 0.02 s
	TD_OLD_S1 GET_MO TIME: 0.01 s
	TD_OLD_S1 GET_CI TIME: 0.03 s
	DIMER TIME: 2.21 s
	G16_NAC.py main: 2.33 s
	gau_nac() (G16_NAC.py): 0.0 s
gau_nac prepare 0.0 s
WFN OVERLAP FORTRAN TOOK 0.1 s
gau_nac dump 1.02 s
	gau_nac.worker() (G16_NAC.py): 1.13 s
	GET_OVERLAP OVERALL TIME (G16_TD.py): 3.49 s
Orthogonalized [S.T @ S] :
[[ 1. -0. -0. -0.]
 [-0.  1. -0. -0.]
 [-0. -0.  1.  0.]
 [-0. -0.  0.  1.]]
	GET_NACT OVERALL TIME (G16_TD.py): 0.0 s
	GET_APPROX NACR OVERALL TIME (G16_TD.py): 0.0 s
Total QM took 24.37 s.
Propagation Norm (0):
1.0
Propagation Norm (1):
1.0
Electronic propagation took 0.01 s.
Rotation Norm (0):
1.0
Rotation Norm (1):
1.0
Electronic Norm.: 1.0
Total MD Step took 24.38 s.
Submitting electronic structure for step 12.
	Gaussian terminated normally in 5.01 s. (GS_NEW)
Submitted batch job 14459110
Submitted batch job 14459111
Submitted batch job 14459112
Starting forces for state 2
	Gaussian terminated normally in 7.06 s. (TD_NEW_S2)
Starting forces for state 3
	Gaussian terminated normally in 11.02 s. (TD_NEW_S3)
Starting forces for state 1
	Gaussian terminated normally in 15.14 s. (TD_NEW_S1)
Submitted batch job 14459113
Submitted batch job 14459114
	Gaussian terminated normally in 5.02 s. (DIMER)
	TD_NEW_S1 DIM_INFO TIME (BRADEN): 0.05 s
	TD_NEW_S1 GET_MO TIME: 0.01 s
	TD_NEW_S1 GET_CI TIME: 0.02 s
	TD_OLD_S1 GET_MO TIME: 0.01 s
	TD_OLD_S1 GET_CI TIME: 0.03 s
	DIMER TIME: 2.22 s
	G16_NAC.py main: 2.34 s
	gau_nac() (G16_NAC.py): 0.0 s
gau_nac prepare 0.0 s
WFN OVERLAP FORTRAN TOOK 0.11 s
gau_nac dump 1.02 s
	gau_nac.worker() (G16_NAC.py): 1.13 s
	GET_OVERLAP OVERALL TIME (G16_TD.py): 3.5 s
Orthogonalized [S.T @ S] :
[[ 1.  0.  0.  0.]
 [ 0.  1. -0.  0.]
 [ 0. -0.  1. -0.]
 [ 0.  0. -0.  1.]]
	GET_NACT OVERALL TIME (G16_TD.py): 0.0 s
	GET_APPROX NACR OVERALL TIME (G16_TD.py): 0.0 s
Total QM took 29.59 s.
Propagation Norm (0):
1.0
Propagation Norm (1):
1.0
Electronic propagation took 0.01 s.
Rotation Norm (0):
1.0
Rotation Norm (1):
1.0
Electronic Norm.: 1.0
Total MD Step took 29.61 s.
Submitting electronic structure for step 13.
	Gaussian terminated normally in 6.01 s. (GS_NEW)
Submitted batch job 14459115
Submitted batch job 14459116
Submitted batch job 14459117
Starting forces for state 3
	Gaussian terminated normally in 6.01 s. (TD_NEW_S3)
Starting forces for state 1
	Gaussian terminated normally in 7.19 s. (TD_NEW_S1)
Starting forces for state 2
	Gaussian terminated normally in 15.02 s. (TD_NEW_S2)
Submitted batch job 14459119
Submitted batch job 14459120
	Gaussian terminated normally in 4.02 s. (DIMER)
	TD_NEW_S1 DIM_INFO TIME (BRADEN): 0.05 s
	TD_NEW_S1 GET_MO TIME: 0.01 s
	TD_NEW_S1 GET_CI TIME: 0.02 s
	TD_OLD_S1 GET_MO TIME: 0.01 s
	TD_OLD_S1 GET_CI TIME: 0.03 s
	DIMER TIME: 2.24 s
	G16_NAC.py main: 2.36 s
	gau_nac() (G16_NAC.py): 0.0 s
gau_nac prepare 0.01 s
WFN OVERLAP FORTRAN TOOK 0.11 s
gau_nac dump 1.03 s
	gau_nac.worker() (G16_NAC.py): 1.15 s
	GET_OVERLAP OVERALL TIME (G16_TD.py): 3.53 s
Orthogonalized [S.T @ S] :
[[ 1.  0. -0. -0.]
 [ 0.  1. -0. -0.]
 [-0. -0.  1.  0.]
 [-0. -0.  0.  1.]]
	GET_NACT OVERALL TIME (G16_TD.py): 0.0 s
	GET_APPROX NACR OVERALL TIME (G16_TD.py): 0.0 s
Total QM took 29.41 s.
Propagation Norm (0):
1.0
Propagation Norm (1):
1.0
Electronic propagation took 0.01 s.
Rotation Norm (0):
1.0
Rotation Norm (1):
1.0
Electronic Norm.: 1.0
Total MD Step took 29.43 s.
Submitting electronic structure for step 14.
	Gaussian terminated normally in 5.01 s. (GS_NEW)
Submitted batch job 14459121
Submitted batch job 14459122
Submitted batch job 14459123
Starting forces for state 3
	Gaussian terminated normally in 7.07 s. (TD_NEW_S3)
Starting forces for state 1
	Gaussian terminated normally in 10.02 s. (TD_NEW_S1)
Starting forces for state 2
	Gaussian terminated normally in 13.23 s. (TD_NEW_S2)
Submitted batch job 14459125
Submitted batch job 14459126
	Gaussian terminated normally in 5.02 s. (DIMER)
	TD_NEW_S1 DIM_INFO TIME (BRADEN): 0.05 s
	TD_NEW_S1 GET_MO TIME: 0.01 s
	TD_NEW_S1 GET_CI TIME: 0.03 s
	TD_OLD_S1 GET_MO TIME: 0.01 s
	TD_OLD_S1 GET_CI TIME: 0.03 s
	DIMER TIME: 2.23 s
	G16_NAC.py main: 2.35 s
	gau_nac() (G16_NAC.py): 0.0 s
gau_nac prepare 0.0 s
WFN OVERLAP FORTRAN TOOK 0.1 s
gau_nac dump 1.02 s
	gau_nac.worker() (G16_NAC.py): 1.13 s
	GET_OVERLAP OVERALL TIME (G16_TD.py): 3.51 s
Orthogonalized [S.T @ S] :
[[ 1. -0. -0. -0.]
 [-0.  1.  0.  0.]
 [-0.  0.  1.  0.]
 [-0.  0.  0.  1.]]
	GET_NACT OVERALL TIME (G16_TD.py): 0.0 s
	GET_APPROX NACR OVERALL TIME (G16_TD.py): 0.0 s
Total QM took 27.69 s.
Propagation Norm (0):
1.0
Propagation Norm (1):
1.0
Electronic propagation took 0.01 s.
Rotation Norm (0):
1.0
Rotation Norm (1):
1.0
Electronic Norm.: 1.0
Total MD Step took 27.71 s.
Submitting electronic structure for step 15.
	Gaussian terminated normally in 4.01 s. (GS_NEW)
Submitted batch job 14459127
Submitted batch job 14459128
Submitted batch job 14459129
Starting forces for state 2
	Gaussian terminated normally in 8.15 s. (TD_NEW_S2)
Starting forces for state 3
	Gaussian terminated normally in 9.01 s. (TD_NEW_S3)
Starting forces for state 1
	Gaussian terminated normally in 16.36 s. (TD_NEW_S1)
Submitted batch job 14459130
Submitted batch job 14459131
	Gaussian terminated normally in 4.02 s. (DIMER)
	TD_NEW_S1 DIM_INFO TIME (BRADEN): 0.05 s
	TD_NEW_S1 GET_MO TIME: 0.01 s
	TD_NEW_S1 GET_CI TIME: 0.02 s
	TD_OLD_S1 GET_MO TIME: 0.01 s
	TD_OLD_S1 GET_CI TIME: 0.03 s
	DIMER TIME: 2.23 s
	G16_NAC.py main: 2.35 s
	gau_nac() (G16_NAC.py): 0.0 s
gau_nac prepare 0.0 s
WFN OVERLAP FORTRAN TOOK 0.1 s
gau_nac dump 1.02 s
	gau_nac.worker() (G16_NAC.py): 1.13 s
	GET_OVERLAP OVERALL TIME (G16_TD.py): 3.51 s
Orthogonalized [S.T @ S] :
[[ 1. -0.  0.  0.]
 [-0.  1. -0.  0.]
 [ 0. -0.  1. -0.]
 [ 0.  0. -0.  1.]]
OLD:
 [[ 9.9997682e-01 -6.7973300e-03  2.2560000e-05  3.9183000e-04]
 [ 6.7976000e-03  9.9997667e-01 -1.8240000e-05 -6.7691000e-04]
 [-2.2440000e-05  1.8380000e-05  1.0000000e+00 -1.1040000e-05]
 [-3.8722000e-04  6.7955000e-04  1.1020000e-05  9.9999969e-01]]
I found a sign error upon phase correcting.
Index Flip: 1 <--> 3
NEW:
 [[ 9.9997682e-01 -6.7973300e-03  2.2560000e-05  3.9183000e-04]
 [ 6.7976000e-03  9.9997667e-01 -1.8240000e-05  6.7691000e-04]
 [-2.2440000e-05  1.8380000e-05  1.0000000e+00 -1.1040000e-05]
 [-3.8722000e-04 -6.7955000e-04  1.1020000e-05  9.9999969e-01]]
[S.T @ S] after sign fix:
[[ 1.00e+00  5.30e-07  0.00e+00  9.20e-06]
 [ 5.30e-07  1.00e+00 -1.00e-08 -5.33e-06]
 [ 0.00e+00 -1.00e-08  1.00e+00 -2.00e-08]
 [ 9.20e-06 -5.33e-06 -2.00e-08  1.00e+00]]
Orthogonalized [S.T @ S] :
[[ 1.  0. -0.  0.]
 [ 0.  1. -0. -0.]
 [-0. -0.  1. -0.]
 [ 0. -0. -0.  1.]]
[S.T @ S] after sign fix and second orthogonalization:
[[ 1.  0. -0.  0.]
 [ 0.  1. -0. -0.]
 [-0. -0.  1. -0.]
 [ 0. -0. -0.  1.]]
	GET_NACT OVERALL TIME (G16_TD.py): 0.0 s
	GET_APPROX NACR OVERALL TIME (G16_TD.py): 0.0 s
Total QM took 28.82 s.
Propagation Norm (0):
1.0
Propagation Norm (1):
1.0
Electronic propagation took 0.01 s.
Rotation Norm (0):
1.0
Rotation Norm (1):
1.0
Electronic Norm.: 1.0
Total MD Step took 28.84 s.
Submitting electronic structure for step 16.
	Gaussian terminated normally in 5.01 s. (GS_NEW)
Submitted batch job 14459135
Submitted batch job 14459136
Submitted batch job 14459137
Starting forces for state 2
	Gaussian terminated normally in 5.01 s. (TD_NEW_S2)
Starting forces for state 3
	Gaussian terminated normally in 6.09 s. (TD_NEW_S3)
Starting forces for state 1
	Gaussian terminated normally in 10.02 s. (TD_NEW_S1)
Submitted batch job 14459138
Submitted batch job 14459139
	Gaussian terminated normally in 5.02 s. (DIMER)
	TD_NEW_S1 DIM_INFO TIME (BRADEN): 0.05 s
	TD_NEW_S1 GET_MO TIME: 0.01 s
	TD_NEW_S1 GET_CI TIME: 0.02 s
	TD_OLD_S1 GET_MO TIME: 0.01 s
	TD_OLD_S1 GET_CI TIME: 0.03 s
	DIMER TIME: 2.21 s
	G16_NAC.py main: 2.33 s
	gau_nac() (G16_NAC.py): 0.0 s
gau_nac prepare 0.0 s
WFN OVERLAP FORTRAN TOOK 0.11 s
gau_nac dump 1.05 s
	gau_nac.worker() (G16_NAC.py): 1.16 s
	GET_OVERLAP OVERALL TIME (G16_TD.py): 3.52 s
Orthogonalized [S.T @ S] :
[[ 1. -0.  0.  0.]
 [-0.  1.  0.  0.]
 [ 0.  0.  1. -0.]
 [ 0.  0. -0.  1.]]
OLD:
 [[ 9.9998807e-01 -4.8677100e-03  2.6240000e-05  4.0533000e-04]
 [ 4.8683400e-03  9.9998692e-01 -1.9000000e-05 -1.5691900e-03]
 [-2.6150000e-05  1.9130000e-05  1.0000000e+00  5.8700000e-06]
 [-3.9769000e-04  1.5711500e-03 -5.9100000e-06  9.9999869e-01]]
I found a sign error upon phase correcting.
Index Flip: 1 <--> 3
NEW:
 [[ 9.9998807e-01 -4.8677100e-03  2.6240000e-05  4.0533000e-04]
 [ 4.8683400e-03  9.9998692e-01 -1.9000000e-05  1.5691900e-03]
 [-2.6150000e-05  1.9130000e-05  1.0000000e+00  5.8700000e-06]
 [-3.9769000e-04 -1.5711500e-03 -5.9100000e-06  9.9999869e-01]]
[S.T @ S] after sign fix:
[[ 1.000e+00  1.250e-06  0.000e+00  1.528e-05]
 [ 1.250e-06  1.000e+00  2.000e-08 -3.950e-06]
 [ 0.000e+00  2.000e-08  1.000e+00 -6.000e-08]
 [ 1.528e-05 -3.950e-06 -6.000e-08  1.000e+00]]
Orthogonalized [S.T @ S] :
[[ 1.  0.  0.  0.]
 [ 0.  1. -0. -0.]
 [ 0. -0.  1. -0.]
 [ 0. -0. -0.  1.]]
[S.T @ S] after sign fix and second orthogonalization:
[[ 1.  0.  0.  0.]
 [ 0.  1. -0. -0.]
 [ 0. -0.  1. -0.]
 [ 0. -0. -0.  1.]]
	GET_NACT OVERALL TIME (G16_TD.py): 0.0 s
	GET_APPROX NACR OVERALL TIME (G16_TD.py): 0.0 s
Total QM took 24.41 s.
Propagation Norm (0):
1.0
Propagation Norm (1):
1.0
Electronic propagation took 0.01 s.
Rotation Norm (0):
1.0
Rotation Norm (1):
1.0
Electronic Norm.: 1.0
Total MD Step took 24.43 s.
Submitting electronic structure for step 17.
	Gaussian terminated normally in 5.01 s. (GS_NEW)
Submitted batch job 14459140
Submitted batch job 14459141
Submitted batch job 14459142
Starting forces for state 3
	Gaussian terminated normally in 5.01 s. (TD_NEW_S3)
Starting forces for state 2
	Gaussian terminated normally in 6.27 s. (TD_NEW_S2)
Starting forces for state 1
	Gaussian terminated normally in 12.02 s. (TD_NEW_S1)
Submitted batch job 14459144
Submitted batch job 14459145
	Gaussian terminated normally in 4.02 s. (DIMER)
	TD_NEW_S1 DIM_INFO TIME (BRADEN): 0.06 s
	TD_NEW_S1 GET_MO TIME: 0.01 s
	TD_NEW_S1 GET_CI TIME: 0.03 s
	TD_OLD_S1 GET_MO TIME: 0.01 s
	TD_OLD_S1 GET_CI TIME: 0.03 s
	DIMER TIME: 2.2 s
	G16_NAC.py main: 2.33 s
	gau_nac() (G16_NAC.py): 0.0 s
gau_nac prepare 0.0 s
WFN OVERLAP FORTRAN TOOK 0.11 s
gau_nac dump 1.02 s
	gau_nac.worker() (G16_NAC.py): 1.13 s
	GET_OVERLAP OVERALL TIME (G16_TD.py): 3.48 s
Orthogonalized [S.T @ S] :
[[ 1. -0.  0. -0.]
 [-0.  1. -0. -0.]
 [ 0. -0.  1.  0.]
 [-0. -0.  0.  1.]]
	GET_NACT OVERALL TIME (G16_TD.py): 0.0 s
	GET_APPROX NACR OVERALL TIME (G16_TD.py): 0.0 s
Total QM took 25.40 s.
Propagation Norm (0):
1.0
Propagation Norm (1):
1.0
Electronic propagation took 0.01 s.
Rotation Norm (0):
1.0
Rotation Norm (1):
1.0
Electronic Norm.: 1.0
Total MD Step took 25.42 s.
Submitting electronic structure for step 18.
	Gaussian terminated normally in 4.01 s. (GS_NEW)
Submitted batch job 14459146
Submitted batch job 14459147
Submitted batch job 14459148
Starting forces for state 3
	Gaussian terminated normally in 6.01 s. (TD_NEW_S3)
Starting forces for state 2
	Gaussian terminated normally in 6.12 s. (TD_NEW_S2)
Starting forces for state 1
	Gaussian terminated normally in 14.02 s. (TD_NEW_S1)
Submitted batch job 14459152
Submitted batch job 14459154
	Gaussian terminated normally in 5.02 s. (DIMER)
	TD_NEW_S1 DIM_INFO TIME (BRADEN): 0.05 s
	TD_NEW_S1 GET_MO TIME: 0.01 s
	TD_NEW_S1 GET_CI TIME: 0.02 s
	TD_OLD_S1 GET_MO TIME: 0.01 s
	TD_OLD_S1 GET_CI TIME: 0.03 s
	DIMER TIME: 2.18 s
	G16_NAC.py main: 2.3 s
	gau_nac() (G16_NAC.py): 0.0 s
gau_nac prepare 0.01 s
WFN OVERLAP FORTRAN TOOK 0.11 s
gau_nac dump 0.99 s
	gau_nac.worker() (G16_NAC.py): 1.11 s
	GET_OVERLAP OVERALL TIME (G16_TD.py): 3.44 s
Orthogonalized [S.T @ S] :
[[ 1. -0. -0. -0.]
 [-0.  1. -0.  0.]
 [-0. -0.  1.  0.]
 [-0.  0.  0.  1.]]
OLD:
 [[ 9.9999769e-01 -4.5880000e-04  2.0870000e-05 -2.1004100e-03]
 [ 4.5927000e-04  9.9999987e-01 -1.2680000e-05  2.2518000e-04]
 [-2.0840000e-05  1.2690000e-05  1.0000000e+00  1.2180000e-05]
 [ 2.1003100e-03 -2.2614000e-04 -1.2130000e-05  9.9999777e-01]]
I found a sign error upon phase correcting.
Index Flip: 0 <--> 3
NEW:
 [[ 9.9999769e-01 -4.5880000e-04  2.0870000e-05  2.1004100e-03]
 [ 4.5927000e-04  9.9999987e-01 -1.2680000e-05  2.2518000e-04]
 [-2.0840000e-05  1.2690000e-05  1.0000000e+00  1.2180000e-05]
 [-2.1003100e-03 -2.2614000e-04 -1.2130000e-05  9.9999777e-01]]
[S.T @ S] after sign fix:
[[ 1.00e+00  9.50e-07  5.00e-08  2.10e-07]
 [ 9.50e-07  1.00e+00 -0.00e+00 -1.93e-06]
 [ 5.00e-08 -0.00e+00  1.00e+00  9.00e-08]
 [ 2.10e-07 -1.93e-06  9.00e-08  1.00e+00]]
Orthogonalized [S.T @ S] :
[[ 1.  0.  0. -0.]
 [ 0.  1. -0. -0.]
 [ 0. -0.  1.  0.]
 [-0. -0.  0.  1.]]
[S.T @ S] after sign fix and second orthogonalization:
[[ 1.  0.  0. -0.]
 [ 0.  1. -0. -0.]
 [ 0. -0.  1.  0.]
 [-0. -0.  0.  1.]]
	GET_NACT OVERALL TIME (G16_TD.py): 0.0 s
	GET_APPROX NACR OVERALL TIME (G16_TD.py): 0.0 s
Total QM took 27.31 s.
Propagation Norm (0):
1.0
Propagation Norm (1):
1.0
Electronic propagation took 0.01 s.
Rotation Norm (0):
1.0
Rotation Norm (1):
1.0
Electronic Norm.: 1.0
Total MD Step took 27.32 s.
Submitting electronic structure for step 19.
	Gaussian terminated normally in 4.01 s. (GS_NEW)
Submitted batch job 14459155
Submitted batch job 14459156
Submitted batch job 14459157
Starting forces for state 3
	Gaussian terminated normally in 7.01 s. (TD_NEW_S3)
Starting forces for state 1
	Gaussian terminated normally in 7.07 s. (TD_NEW_S1)
Starting forces for state 2
	Gaussian terminated normally in 12.02 s. (TD_NEW_S2)
Submitted batch job 14459158
Submitted batch job 14459159
	Gaussian terminated normally in 4.02 s. (DIMER)
	TD_NEW_S1 DIM_INFO TIME (BRADEN): 0.06 s
	TD_NEW_S1 GET_MO TIME: 0.01 s
	TD_NEW_S1 GET_CI TIME: 0.03 s
	TD_OLD_S1 GET_MO TIME: 0.01 s
	TD_OLD_S1 GET_CI TIME: 0.03 s
	DIMER TIME: 2.17 s
	G16_NAC.py main: 2.3 s
	gau_nac() (G16_NAC.py): 0.0 s
gau_nac prepare 0.0 s
WFN OVERLAP FORTRAN TOOK 0.12 s
gau_nac dump 1.01 s
	gau_nac.worker() (G16_NAC.py): 1.14 s
	GET_OVERLAP OVERALL TIME (G16_TD.py): 3.47 s
Orthogonalized [S.T @ S] :
[[ 1. -0. -0. -0.]
 [-0.  1. -0. -0.]
 [-0. -0.  1.  0.]
 [-0. -0.  0.  1.]]
OLD:
 [[ 9.9999581e-01  1.8141100e-03  1.4710000e-05 -2.2573400e-03]
 [-1.8134000e-03  9.9999831e-01 -2.3720000e-05  3.1781000e-04]
 [-1.4720000e-05  2.3680000e-05  1.0000000e+00  1.6260000e-05]
 [ 2.2579100e-03 -3.1372000e-04 -1.6220000e-05  9.9999740e-01]]
I found a sign error upon phase correcting.
Index Flip: 0 <--> 1
NEW:
 [[ 9.9999581e-01 -1.8141100e-03  1.4710000e-05 -2.2573400e-03]
 [ 1.8134000e-03  9.9999831e-01 -2.3720000e-05  3.1781000e-04]
 [-1.4720000e-05  2.3680000e-05  1.0000000e+00  1.6260000e-05]
 [ 2.2579100e-03 -3.1372000e-04 -1.6220000e-05  9.9999740e-01]]
[S.T @ S] after sign fix:
[[ 1.00e+00 -1.42e-06 -9.00e-08  1.15e-06]
 [-1.42e-06  1.00e+00 -5.00e-08  8.19e-06]
 [-9.00e-08 -5.00e-08  1.00e+00  0.00e+00]
 [ 1.15e-06  8.19e-06  0.00e+00  1.00e+00]]
Orthogonalized [S.T @ S] :
[[ 1. -0.  0.  0.]
 [-0.  1. -0. -0.]
 [ 0. -0.  1.  0.]
 [ 0. -0.  0.  1.]]
[S.T @ S] after sign fix and second orthogonalization:
[[ 1. -0.  0.  0.]
 [-0.  1. -0. -0.]
 [ 0. -0.  1.  0.]
 [ 0. -0.  0.  1.]]
OLD:
 [[ 9.9999581e-01 -1.8133900e-03  1.4760000e-05 -2.2579100e-03]
 [ 1.8141100e-03  9.9999831e-01 -2.3690000e-05  3.1372000e-04]
 [-1.4680000e-05  2.3710000e-05  1.0000000e+00  1.6260000e-05]
 [ 2.2573300e-03 -3.1781000e-04 -1.6220000e-05  9.9999740e-01]]
I found a sign error upon phase correcting.
Index Flip: 0 <--> 3
NEW:
 [[ 9.9999581e-01 -1.8133900e-03  1.4760000e-05  2.2579100e-03]
 [ 1.8141100e-03  9.9999831e-01 -2.3690000e-05  3.1372000e-04]
 [-1.4680000e-05  2.3710000e-05  1.0000000e+00  1.6260000e-05]
 [-2.2573300e-03 -3.1781000e-04 -1.6220000e-05  9.9999740e-01]]
[S.T @ S] after sign fix:
[[ 1.00e+00  1.43e-06  7.00e-08  1.14e-06]
 [ 1.43e-06  1.00e+00 -0.00e+00 -8.19e-06]
 [ 7.00e-08 -0.00e+00  1.00e+00  7.00e-08]
 [ 1.14e-06 -8.19e-06  7.00e-08  1.00e+00]]
Orthogonalized [S.T @ S] :
[[ 1.  0.  0.  0.]
 [ 0.  1. -0.  0.]
 [ 0. -0.  1.  0.]
 [ 0.  0.  0.  1.]]
[S.T @ S] after sign fix and second orthogonalization:
[[ 1.  0.  0.  0.]
 [ 0.  1. -0.  0.]
 [ 0. -0.  1.  0.]
 [ 0.  0.  0.  1.]]
	GET_NACT OVERALL TIME (G16_TD.py): 0.0 s
	GET_APPROX NACR OVERALL TIME (G16_TD.py): 0.0 s
Total QM took 24.37 s.
Propagation Norm (0):
1.0
Propagation Norm (1):
1.0
Electronic propagation took 0.01 s.
Rotation Norm (0):
1.0
Rotation Norm (1):
1.0
Electronic Norm.: 1.0
Total MD Step took 24.39 s.
Submitting electronic structure for step 20.
	Gaussian terminated normally in 4.01 s. (GS_NEW)
Submitted batch job 14459160
Submitted batch job 14459161
Submitted batch job 14459162
Starting forces for state 3
	Gaussian terminated normally in 8.01 s. (TD_NEW_S3)
Starting forces for state 2
	Gaussian terminated normally in 8.46 s. (TD_NEW_S2)
Starting forces for state 1
	Gaussian terminated normally in 20.03 s. (TD_NEW_S1)
Submitted batch job 14459163
Submitted batch job 14459164
	Gaussian terminated normally in 4.02 s. (DIMER)
	TD_NEW_S1 DIM_INFO TIME (BRADEN): 0.05 s
	TD_NEW_S1 GET_MO TIME: 0.01 s
	TD_NEW_S1 GET_CI TIME: 0.02 s
	TD_OLD_S1 GET_MO TIME: 0.01 s
	TD_OLD_S1 GET_CI TIME: 0.03 s
	DIMER TIME: 2.19 s
	G16_NAC.py main: 2.31 s
	gau_nac() (G16_NAC.py): 0.0 s
gau_nac prepare 0.01 s
WFN OVERLAP FORTRAN TOOK 0.11 s
gau_nac dump 1.01 s
	gau_nac.worker() (G16_NAC.py): 1.13 s
	GET_OVERLAP OVERALL TIME (G16_TD.py): 3.47 s
Orthogonalized [S.T @ S] :
[[ 1. -0.  0.  0.]
 [-0.  1.  0. -0.]
 [ 0.  0.  1. -0.]
 [ 0. -0. -0.  1.]]
OLD:
 [[ 9.9999161e-01  3.9670800e-03  1.7240000e-05  1.0166000e-03]
 [-3.9669800e-03  9.9999213e-01 -2.1970000e-05 -1.0257000e-04]
 [-1.7340000e-05  2.1910000e-05  1.0000000e+00  1.6500000e-05]
 [-1.0170000e-03  9.8540000e-05 -1.6520000e-05  9.9999948e-01]]
I found a sign error upon phase correcting.
Index Flip: 0 <--> 1
NEW:
 [[ 9.9999161e-01 -3.9670800e-03  1.7240000e-05  1.0166000e-03]
 [ 3.9669800e-03  9.9999213e-01 -2.1970000e-05 -1.0257000e-04]
 [-1.7340000e-05  2.1910000e-05  1.0000000e+00  1.6500000e-05]
 [-1.0170000e-03  9.8540000e-05 -1.6520000e-05  9.9999948e-01]]
[S.T @ S] after sign fix:
[[ 1.00e+00 -2.00e-07 -1.70e-07 -8.10e-07]
 [-2.00e-07  1.00e+00 -1.40e-07 -8.07e-06]
 [-1.70e-07 -1.40e-07  1.00e+00 -0.00e+00]
 [-8.10e-07 -8.07e-06 -0.00e+00  1.00e+00]]
Orthogonalized [S.T @ S] :
[[ 1.  0.  0. -0.]
 [ 0.  1.  0. -0.]
 [ 0.  0.  1. -0.]
 [-0. -0. -0.  1.]]
[S.T @ S] after sign fix and second orthogonalization:
[[ 1.  0.  0. -0.]
 [ 0.  1.  0. -0.]
 [ 0.  0.  1. -0.]
 [-0. -0. -0.  1.]]
	GET_NACT OVERALL TIME (G16_TD.py): 0.0 s
	GET_APPROX NACR OVERALL TIME (G16_TD.py): 0.0 s
Total QM took 32.34 s.
Propagation Norm (0):
1.0
Propagation Norm (1):
1.0
Electronic propagation took 0.01 s.
Rotation Norm (0):
1.0
Rotation Norm (1):
1.0
Electronic Norm.: 1.0
Total MD Step took 32.36 s.
Submitting electronic structure for step 21.
	Gaussian terminated normally in 5.01 s. (GS_NEW)
Submitted batch job 14459166
Submitted batch job 14459167
Submitted batch job 14459168
Starting forces for state 2
	Gaussian terminated normally in 6.01 s. (TD_NEW_S2)
Starting forces for state 3
	Gaussian terminated normally in 10.01 s. (TD_NEW_S3)
Starting forces for state 1
	Gaussian terminated normally in 10.13 s. (TD_NEW_S1)
Submitted batch job 14459169
Submitted batch job 14459170
	Gaussian terminated normally in 4.03 s. (DIMER)
	TD_NEW_S1 DIM_INFO TIME (BRADEN): 0.06 s
	TD_NEW_S1 GET_MO TIME: 0.01 s
	TD_NEW_S1 GET_CI TIME: 0.03 s
	TD_OLD_S1 GET_MO TIME: 0.01 s
	TD_OLD_S1 GET_CI TIME: 0.03 s
	DIMER TIME: 2.2 s
	G16_NAC.py main: 2.33 s
	gau_nac() (G16_NAC.py): 0.0 s
gau_nac prepare 0.01 s
WFN OVERLAP FORTRAN TOOK 0.11 s
gau_nac dump 1.0 s
	gau_nac.worker() (G16_NAC.py): 1.12 s
	GET_OVERLAP OVERALL TIME (G16_TD.py): 3.48 s
Orthogonalized [S.T @ S] :
[[ 1.  0.  0.  0.]
 [ 0.  1. -0.  0.]
 [ 0. -0.  1.  0.]
 [ 0.  0.  0.  1.]]
OLD:
 [[ 9.9998008e-01  5.8937100e-03  1.2940000e-05  2.2577300e-03]
 [-5.9053200e-03  9.9996920e-01 -2.8920000e-05  5.1700000e-03]
 [-1.3160000e-05  2.8730000e-05  1.0000000e+00  2.1560000e-05]
 [-2.2271900e-03 -5.1832300e-03 -2.1440000e-05  9.9998409e-01]]
I found a sign error upon phase correcting.
Index Flip: 0 <--> 1
NEW:
 [[ 9.9998008e-01 -5.8937100e-03  1.2940000e-05  2.2577300e-03]
 [ 5.9053200e-03  9.9996920e-01 -2.8920000e-05  5.1700000e-03]
 [-1.3160000e-05  2.8730000e-05  1.0000000e+00  2.1560000e-05]
 [-2.2271900e-03 -5.1832300e-03 -2.1440000e-05  9.9998409e-01]]
[S.T @ S] after sign fix:
[[ 1.000e+00  2.309e-05 -3.400e-07  6.106e-05]
 [ 2.309e-05  1.000e+00 -1.500e-07 -2.661e-05]
 [-3.400e-07 -1.500e-07  1.000e+00  0.000e+00]
 [ 6.106e-05 -2.661e-05  0.000e+00  1.000e+00]]
Orthogonalized [S.T @ S] :
[[ 1. -0. -0.  0.]
 [-0.  1. -0.  0.]
 [-0. -0.  1.  0.]
 [ 0.  0.  0.  1.]]
[S.T @ S] after sign fix and second orthogonalization:
[[ 1. -0. -0.  0.]
 [-0.  1. -0.  0.]
 [-0. -0.  1.  0.]
 [ 0.  0.  0.  1.]]
OLD:
 [[ 9.9998008e-01 -5.9052200e-03  1.3110000e-05  2.2271200e-03]
 [ 5.8936200e-03  9.9996920e-01 -2.8840000e-05  5.1831300e-03]
 [-1.2990000e-05  2.8810000e-05  1.0000000e+00  2.1570000e-05]
 [-2.2576600e-03 -5.1699000e-03 -2.1450000e-05  9.9998409e-01]]
I found a sign error upon phase correcting.
Index Flip: 1 <--> 3
NEW:
 [[ 9.9998008e-01 -5.9052200e-03  1.3110000e-05  2.2271200e-03]
 [ 5.8936200e-03  9.9996920e-01 -2.8840000e-05 -5.1831300e-03]
 [-1.2990000e-05  2.8810000e-05  1.0000000e+00  2.1570000e-05]
 [-2.2576600e-03  5.1699000e-03 -2.1450000e-05  9.9998409e-01]]
[S.T @ S] after sign fix:
[[ 1.000e+00 -2.334e-05 -0.000e+00 -6.109e-05]
 [-2.334e-05  1.000e+00 -2.200e-07 -2.630e-05]
 [-0.000e+00 -2.200e-07  1.000e+00  3.000e-07]
 [-6.109e-05 -2.630e-05  3.000e-07  1.000e+00]]
Orthogonalized [S.T @ S] :
[[ 1. -0.  0. -0.]
 [-0.  1.  0. -0.]
 [ 0.  0.  1. -0.]
 [-0. -0. -0.  1.]]
[S.T @ S] after sign fix and second orthogonalization:
[[ 1. -0.  0. -0.]
 [-0.  1.  0. -0.]
 [ 0.  0.  1. -0.]
 [-0. -0. -0.  1.]]
	GET_NACT OVERALL TIME (G16_TD.py): 0.01 s
