0.0  258.0167
0.5  252.3299
1.0  243.6685
1.5  231.5338
2.0  217.0197
2.5  201.8441
3.0  187.4665
3.5  174.8664
4.0  164.8534
4.5  158.3564
5.0  156.2691
5.5  158.8790
6.0  165.3132
6.5  173.5179
7.0  181.0114
7.5  186.1512
8.0  189.2223
8.5  192.5666
9.0  199.4072
9.5  211.8655
10.0  229.3824
10.5  248.6657
11.0  265.2654
11.5  275.7102
12.0  278.8318
12.5  275.6591
13.0  268.3356
13.5  259.0211
14.0  249.4156
14.5  240.8514
15.0  234.4683
15.5  231.0759
16.0  230.7213
16.5  232.3368
17.0  233.9084
17.5  233.3265
18.0  229.6265
18.5  223.9380
19.0  219.4121
19.5  219.8523
20.0  227.6139
20.5  242.0183
21.0  259.3877
21.5  274.7433
22.0  284.0585
22.5  285.6858
23.0  280.3464
23.5  270.1230
24.0  257.3754
24.5  244.1919
25.0  232.3334
25.5  223.2394
26.0  217.7716
26.5  215.7676
27.0  215.7875
27.5  215.4410
28.0  212.3786
28.5  205.5938
29.0  196.3450
29.5  188.0047
30.0  184.6178
30.5  188.7717
31.0  200.0350
31.5  215.0305
32.0  229.1434
32.5  238.7238
33.0  242.4147
33.5  241.0334
34.0  236.4933
34.5  230.7190
35.0  225.1703
35.5  220.9046
36.0  218.7076
36.5  218.9428
37.0  221.1837
37.5  223.9991
38.0  225.2611
38.5  223.0468
39.0  216.7980
39.5  208.1006
40.0  200.4448
40.5  197.7707
41.0  202.3889
41.5  213.4982
42.0  227.3523
42.5  239.0763
43.0  245.0035
43.5  244.1302
44.0  238.0418
44.5  229.7146
45.0  222.1436
45.5  217.5169
46.0  217.0365
46.5  221.0198
47.0  228.9205
47.5  239.2301
48.0  249.5269
48.5  256.9802
49.0  259.3673
49.5  256.2693
50.0  249.8028
50.5  244.2232
51.0  244.2006
51.5  252.4197
52.0  267.8561
52.5  285.8994
53.0  300.3486
53.5  306.0866
54.0  300.9474
54.5  286.0364
55.0  264.7743
55.5  241.4716
56.0  220.1220
56.5  203.6610
57.0  193.5841
57.5  189.7608
58.0  190.4452
58.5  192.6378
59.0  192.9375
59.5  188.8020
60.0  179.8266
60.5  168.4107
61.0  159.2202
61.5  157.3390
62.0  165.8335
62.5  184.0680
63.0  207.8374
63.5  231.2336
64.0  249.0777
64.5  258.6017
65.0  259.8165
65.5  254.8607
66.0  246.9646
66.5  239.4891
67.0  235.1671
67.5  235.5093
68.0  240.3874
68.5  247.9355
69.0  254.9587
69.5  257.9123
70.0  254.2700
70.5  243.8201
71.0  229.2583
71.5  215.5412
72.0  207.9791
72.5  209.8502
73.0  220.8516
73.5  237.3311
74.0  254.1002
74.5  266.6429
75.0  272.5308
75.5  271.6546
76.0  265.6573
76.5  257.1452
77.0  248.9774
77.5  243.6287
78.0  242.5658
78.5  245.7211
79.0  251.2993
79.5  256.1404
80.0  256.6918
80.5  250.3783
81.0  236.8996
81.5  218.8226
82.0  200.9312
82.5  188.3098
83.0  183.9719
83.5  187.3937
84.0  194.9126
84.5  201.7155
85.0  204.1102
85.5  200.8141
86.0  192.9101
86.5  182.9817
87.0  174.1307
87.5  169.2281
88.0  170.3683
88.5  178.3985
89.0  192.5545
89.5  210.4003
90.0  228.2754
90.5  242.2916
91.0  249.6757
91.5  250.0099
92.0  245.7560
92.5  241.5297
93.0  242.0994
93.5  249.9490
94.0  263.8198
94.5  279.2307
95.0  290.6695
95.5  294.0571
96.0  288.1322
96.5  274.3777
97.0  256.0268
97.5  236.9134
98.0  220.5849
98.5  209.6898
99.0  205.5162
99.5  207.6748
100.0  214.0762
100.5  221.3775
101.0  225.9621
101.5  225.2947
102.0  219.2345
102.5  210.6574
103.0  204.7467
103.5  206.8266
104.0  219.6061
104.5  241.4357
105.0  266.7860
105.5  288.6833
106.0  301.5533
106.5  302.9355
107.0  293.6003
107.5  276.6098
108.0  256.1135
108.5  236.3206
109.0  220.6968
109.5  211.3136
110.0  208.3875
110.5  210.1730
111.0  213.3837
111.5  214.1892
112.0  209.6311
112.5  199.0548
113.0  184.9123
113.5  172.2615
114.0  166.7583
114.5  171.9162
115.0  187.2097
115.5  208.2856
116.0  229.1198
116.5  244.6512
117.0  252.3927
117.5  252.5586
118.0  247.2372
118.5  239.3653
119.0  231.9017
119.5  227.2060
120.0  226.5280
120.5  229.6320
121.0  234.7173
121.5  238.8123
122.0  238.7007
122.5  232.2349
123.0  219.6273
123.5  204.0706
124.0  191.0372
124.5  186.1416
125.0  192.4451
125.5  208.7982
126.0  230.3671
126.5  250.9973
127.0  265.8517
127.5  272.8739
128.0  272.7287
128.5  267.8326
129.0  261.2501
129.5  255.8501
130.0  253.7312
130.5  255.8120
131.0  261.5740
131.5  269.0539
132.0  275.2006
132.5  276.6565
133.0  270.8895
133.5  257.3984
134.0  238.4661
134.5  218.8267
135.0  203.9623
135.5  197.6111
136.0  199.8817
136.5  207.2379
137.0  214.3817
137.5  216.7738
138.0  212.3303
138.5  201.7028
139.0  187.5069
139.5  173.2016
140.0  162.0975
140.5  156.6407
141.0  157.9582
141.5  165.6452
142.0  177.8272
142.5  191.5533
143.0  203.5563
143.5  211.3227
144.0  214.2250
144.5  214.2131
145.0  215.4367
145.5  222.5255
146.0  238.1298
146.5  261.1461
147.0  286.8790
147.5  309.1042
148.0  322.6997
148.5  325.3630
149.0  317.8486
149.5  303.1301
150.0  285.1943
150.5  267.9493
151.0  254.4074
151.5  246.1552
152.0  243.1065
152.5  243.5624
153.0  244.6200
153.5  242.9644
154.0  236.0049
154.5  223.1214
155.0  206.4963
155.5  190.8398
156.0  181.6540
156.5  182.6250
157.0  193.6300
157.5  210.7155
158.0  228.0640
158.5  240.5990
159.0  245.7171
159.5  243.5822
160.0  236.3903
160.5  227.2995
161.0  219.4607
161.5  215.2818
162.0  215.9297
162.5  221.0845
163.0  228.9845
163.5  236.8052
164.0  241.3963
164.5  240.3281
165.0  233.0180
165.5  221.4450
166.0  209.8279
166.5  202.9897
167.0  204.0133
167.5  212.5757
168.0  225.1261
168.5  236.7803
169.0  243.6152
169.5  244.0250
170.0  238.7634
170.5  230.1574
171.0  221.1404
171.5  214.4453
172.0  212.0075
172.5  214.5527
173.0  221.3950
173.5  230.5033
174.0  238.8992
174.5  243.4183
175.0  241.7805
175.5  233.7235
176.0  221.6703
176.5  210.2744
177.0  204.5893
177.5  207.5646
178.0  218.3847
178.5  232.8474
179.0  245.5438
179.5  252.3505
180.0  251.8120
180.5  245.0730
181.0  234.9391
181.5  224.7872
182.0  217.6829
182.5  215.7538
183.0  219.7802
183.5  229.0138
184.0  241.2753
184.5  253.3795
185.0  261.9100
185.5  264.2914
186.0  259.9185
186.5  250.8352
187.0  241.3342
187.5  236.2186
188.0  238.3830
188.5  247.1519
189.0  258.5443
189.5  267.2919
190.0  269.2352
190.5  262.7348
191.0  248.7209
191.5  229.8777
192.0  209.6275
192.5  191.2765
193.0  177.3869
193.5  169.3439
194.0  167.1187
194.5  169.2790
195.0  173.3157
195.5  176.3489
196.0  176.1860
196.5  172.5003
197.0  167.5866
197.5  165.9902
198.0  172.6841
198.5  190.4632
199.0  218.1142
199.5  250.6753
200.0  281.6371
200.5  305.5929
201.0  319.8331
201.5  324.4541
202.0  321.5199
202.5  314.0031
203.0  304.9037
203.5  296.6073
204.0  290.4351
204.5  286.3676
205.0  282.9983
205.5  277.8146
206.0  267.9096
206.5  251.1341
207.0  227.4504
207.5  199.8685
208.0  174.1344
208.5  156.7399
209.0  151.9587
209.5  159.6599
210.0  175.4212
210.5  192.8446
211.0  206.4580
211.5  213.5333
212.0  214.2944
212.5  211.0419
213.0  206.9660
213.5  205.1178
214.0  207.6727
214.5  215.4694
215.0  227.7926
215.5  242.4149
216.0  255.9548
216.5  264.6359
217.0  265.4569
217.5  257.5462
218.0  243.1070
218.5  227.1513
219.0  215.6202
219.5  212.5756
220.0  218.1294
220.5  228.5200
221.0  238.2275
221.5  242.6281
222.0  239.6778
222.5  230.1505
223.0  216.8729
223.5  203.6048
224.0  193.9760
224.5  190.6491
225.0  194.7647
225.5  205.6901
226.0  221.0884
226.5  237.3353
227.0  250.3349
227.5  256.7314
228.0  255.2906
228.5  247.8675
229.0  239.1589
229.5  234.8307
230.0  238.6918
230.5  250.5690
231.0  266.3132
231.5  279.8723
232.0  285.9953
232.5  282.0758
233.0  268.6008
233.5  248.5372
234.0  226.2222
234.5  206.1766
235.0  192.0766
235.5  186.0185
236.0  188.1405
236.5  196.6196
237.0  208.0605
237.5  218.3089
238.0  223.6841
238.5  222.4187
239.0  215.7406
239.5  207.8028
240.0  204.0141
240.5  208.3455
241.0  221.1735
241.5  239.0662
242.0  256.5493
242.5  268.5715
243.0  272.2777
243.5  267.5508
244.0  256.5636
244.5  242.8291
245.0  230.1240
245.5  221.5261
246.0  218.7099
246.5  221.5758
247.0  228.2397
247.5  235.4128
248.0  239.2216
248.5  236.4689
249.0  226.1094
249.5  210.3238
250.0  194.3300
250.5  184.4628
251.0  185.1924
251.5  196.8232
252.0  215.3973
252.5  234.7624
253.0  249.3166
253.5  255.8979
254.0  254.2874
254.5  246.6734
255.0  236.6326
255.5  228.0119
256.0  223.9295
256.5  226.0247
257.0  234.0457
257.5  245.8192
258.0  257.6504
258.5  265.2088
259.0  264.8954
259.5  255.4360
260.0  239.0349
260.5  221.1712
261.0  208.5558
261.5  205.9809
262.0  213.9069
262.5  228.3676
263.0  243.1279
263.5  252.5374
264.0  253.4989
264.5  246.0000
265.0  232.5549
265.5  217.1257
266.0  203.9320
266.5  196.3855
267.0  196.2896
267.5  203.3945
268.0  215.3633
268.5  228.2051
269.0  237.2389
269.5  238.5717
270.0  230.7999
270.5  216.2063
271.0  200.4934
271.5  190.5870
272.0  191.3453
272.5  203.1208
273.0  221.7611
273.5  240.8740
274.0  254.7089
274.5  260.0703
275.0  256.7834
275.5  247.1166
276.0  234.7477
276.5  223.6564
277.0  217.1386
277.5  217.0439
278.0  223.3119
278.5  233.8783
279.0  245.0421
279.5  252.3901
280.0  252.2775
280.5  243.5521
281.0  228.7507
281.5  213.7650
282.0  205.5268
282.5  208.6345
283.0  222.9659
283.5  243.8612
284.0  264.5956
284.5  279.3595
285.0  285.1153
285.5  281.8939
286.0  272.0322
286.5  259.0327
287.0  246.4884
287.5  237.2458
288.0  232.8301
288.5  233.1096
289.0  236.2154
289.5  238.8151
290.0  236.8961
290.5  227.1377
291.0  208.6327
291.5  184.2083
292.0  160.2715
292.5  144.5610
293.0  142.5845
293.5  154.8414
294.0  176.7009
294.5  200.9099
295.0  220.9311
295.5  233.2046
296.0  237.6330
296.5  236.7286
297.0  234.2313
297.5  233.8102
298.0  238.1271
298.5  248.2883
299.0  263.5975
299.5  281.5506
300.0  298.1272
300.5  308.5462
301.0  308.6168
301.5  296.5230
302.0  274.3398
302.5  248.1574
303.0  226.0217
303.5  214.2765
304.0  214.4024
304.5  222.4770
305.0  231.5424
305.5  235.1441
306.0  229.9324
306.5  216.3703
307.0  197.8824
307.5  179.3004
308.0  165.3337
308.5  159.4334
309.0  163.1313
309.5  175.7740
310.0  194.5833
310.5  215.0733
311.0  231.9658
311.5  240.6969
312.0  239.2910
312.5  229.8246
313.0  218.3329
313.5  212.4683
314.0  217.7058
314.5  234.3334
315.0  257.2646
315.5  278.7136
316.0  291.8339
316.5  293.2381
317.0  283.5638
317.5  266.4971
318.0  247.1301
318.5  230.3749
319.0  219.8082
319.5  217.0274
320.0  221.4404
320.5  230.4061
321.0  239.7371
321.5  244.6768
322.0  241.4116
322.5  228.8544
323.0  209.9118
323.5  191.1392
324.0  180.2336
324.5  182.2896
325.0  197.0438
325.5  218.9675
326.0  240.0695
326.5  253.4962
327.0  255.9529
327.5  248.1973
328.0  234.0263
328.5  218.6054
329.0  206.8480
329.5  202.2276
330.0  206.1152
330.5  217.5768
331.0  233.5505
331.5  249.4191
332.0  260.0825
332.5  261.5709
333.0  252.8960
333.5  237.3024
334.0  221.7940
334.5  214.4201
335.0  220.3431
335.5  239.0188
336.0  264.3734
336.5  287.7820
337.0  301.8477
337.5  302.9454
338.0  291.7572
338.5  272.2251
339.0  249.8005
339.5  229.7385
340.0  215.8473
340.5  209.7944
341.0  210.8931
341.5  216.2822
342.0  221.5024
342.5  221.5771
343.0  212.6415
343.5  193.8283
344.0  168.5785
344.5  144.2438
345.0  129.4248
345.5  130.0144
346.0  146.2500
346.5  172.6995
347.0  201.0689
347.5  223.9028
348.0  237.1601
348.5  240.8578
349.0  238.1632
349.5  233.7667
350.0  232.2516
350.5  236.8619
351.0  248.7805
351.5  266.8689
352.0  287.8045
352.5  306.6400
353.0  317.8955
353.5  317.2247
354.0  303.3478
354.5  279.3912
355.0  252.4825
355.5  231.0623
356.0  220.9519
356.5  222.5325
357.0  230.9083
357.5  238.7905
358.0  240.0705
358.5  232.1172
359.0  216.1547
359.5  196.2171
360.0  177.5255
360.5  164.9312
361.0  161.7484
361.5  169.0558
362.0  185.4327
362.5  207.1088
363.0  228.5906
363.5  243.8915
364.0  248.3803
364.5  240.8550
365.0  224.8572
365.5  207.9844
366.0  198.7505
366.5  202.3274
367.0  217.8194
367.5  238.9333
368.0  257.4292
368.5  266.9524
369.0  265.1962
369.5  253.9383
370.0  237.6892
370.5  221.9218
371.0  211.5213
371.5  209.7025
372.0  217.4021
372.5  233.0726
373.0  252.8595
373.5  271.2428
374.0  282.2932
374.5  281.5575
375.0  268.1635
375.5  246.1188
376.0  223.5296
376.5  209.2995
377.0  208.7221
377.5  220.7248
378.0  238.6640
378.5  253.9827
379.0  260.1985
379.5  255.0906
380.0  240.6426
380.5  221.5615
381.0  203.4212
381.5  191.1037
382.0  187.7679
382.5  194.3072
383.0  209.1887
383.5  228.6314
384.0  247.2145
384.5  259.0817
385.0  259.7847
385.5  248.3823
386.0  228.7783
386.5  209.0054
387.0  197.9654
387.5  200.9964
388.0  217.0329
388.5  239.3276
389.0  259.1046
389.5  269.6056
390.0  268.3383
390.5  257.0414
391.0  240.1936
391.5  223.1511
392.0  210.6097
392.5  205.6179
393.0  209.0840
393.5  219.6473
394.0  233.8610
394.5  246.7631
395.0  252.9938
395.5  248.5027
396.0  232.4982
396.5  208.7161
397.0  184.8117
397.5  169.3794
398.0  167.7968
398.5  179.4410
399.0  198.2124
399.5  215.9229
400.0  226.2074
400.5  226.7873
401.0  219.4920
401.5  208.7831
402.0  199.8628
402.5  197.1100
403.0  203.1010
403.5  218.1595
404.0  240.2886
404.5  265.4070
405.0  287.9624
405.5  302.0914
406.0  303.4080
406.5  291.0921
407.0  269.2991
407.5  246.5293
408.0  232.2995
408.5  232.3912
409.0  245.6247
409.5  264.4997
410.0  279.2403
410.5  282.4487
411.0  271.7564
411.5  249.7873
412.0  222.3587
412.5  196.2247
413.0  177.2173
413.5  169.0712
414.0  172.8621
414.5  186.8963
415.0  206.9697
415.5  227.0658
416.0  240.6659
416.5  242.7427
417.0  232.0721
417.5  212.7973
418.0  193.7801
418.5  185.0339
419.0  192.6108
419.5  215.1143
420.0  244.3388
420.5  269.5426
421.0  282.3855
421.5  279.7821
422.0  263.9452
422.5  240.5790
423.0  216.5631
423.5  198.0088
424.0  188.9880
424.5  190.8894
425.0  202.2595
425.5  219.0588
426.0  235.3994
426.5  244.9106
427.0  242.7720
427.5  228.0232
428.0  205.0960
428.5  183.1428
429.0  172.4931
429.5  179.5826
430.0  203.4431
430.5  236.2143
431.0  267.2541
431.5  287.9925
432.0  294.8236
432.5  289.2657
433.0  276.2850
433.5  262.0799
434.0  252.1973
434.5  250.2807
435.0  257.4081
435.5  271.8881
436.0  289.4576
436.5  303.9630
437.0  308.6940
437.5  298.4423
438.0  271.9286
438.5  233.5513
439.0  192.9477
439.5  161.5350
440.0  147.2390
440.5  150.5755
441.0  164.8159
441.5  180.0269
442.0  188.0827
442.5  185.7319
443.0  174.8106
443.5  160.5079
444.0  149.0724
444.5  145.8952
445.0  154.2815
445.5  174.8479
446.0  205.3841
446.5  241.1026
447.0  275.3417
447.5  300.8827
448.0  311.9450
448.5  306.5228
449.0  288.0664
449.5  265.0787
450.0  247.8265
450.5  243.3142
451.0  251.5435
451.5  265.7028
452.0  276.1172
452.5  275.1634
453.0  260.2833
453.5  234.1717
454.0  203.0047
454.5  174.0845
455.0  153.8456
455.5  146.5534
456.0  153.6425
456.5  173.5353
457.0  201.8530
457.5  232.0682
458.0  256.7551
458.5  269.5400
459.0  267.5082
459.5  253.1744
460.0  234.5602
460.5  222.2889
461.0  224.4240
461.5  241.9717
462.0  268.1908
462.5  292.2351
463.0  304.5321
463.5  300.6033
464.0  281.8545
464.5  253.9849
465.0  224.4900
465.5  200.4037
466.0  186.7512
466.5  185.7214
467.0  196.4080
467.5  215.0108
468.0  235.5217
468.5  251.0077
469.0  255.5493
469.5  246.5580
470.0  226.5974
470.5  203.3638
471.0  186.8993
471.5  184.8135
472.0  198.2242
472.5  221.2002
473.0  244.0708
473.5  258.2227
474.0  259.4713
474.5  248.7441
475.0  230.6741
475.5  211.4146
476.0  196.6771
476.5  190.3952
477.0  194.0161
477.5  206.2918
478.0  223.4996
478.5  240.1401
479.0  250.2244
479.5  249.1526
480.0  235.8162
480.5  213.9940
481.0  191.8102
481.5  178.6599
482.0  180.7117
482.5  197.6523
483.0  222.9303
483.5  247.3114
484.0  263.2935
484.5  267.8506
485.0  262.6482
485.5  252.4704
486.0  243.0939
486.5  239.4793
487.0  244.5992
487.5  258.8692
488.0  280.0518
488.5  303.5639
489.0  323.2370
489.5  332.6355
490.0  326.9364
490.5  305.0166
491.0  270.8540
491.5  233.0296
492.0  201.7005
492.5  184.0694
493.0  180.9623
493.5  186.8450
494.0  193.2300
494.5  193.0922
495.0  183.7009
495.5  166.9134
496.0  147.6275
496.5  131.6521
497.0  123.9066
497.5  127.2848
498.0  142.1446
498.5  166.2716
499.0  195.2334
499.5  223.1588
500.0  244.0337
500.5  253.4942
501.0  250.7407
501.5  239.6792
502.0  228.1491
502.5  224.7710
503.0  234.5977
503.5  256.1831
504.0  282.1692
504.5  303.0503
505.0  311.6049
505.5  305.5093
506.0  287.3594
506.5  262.9208
507.0  238.8814
507.5  220.9877
508.0  212.8690
508.5  215.4919
509.0  227.0967
509.5  243.5325
510.0  259.0317
510.5  267.5236
511.0  264.4853
511.5  248.9791
512.0  224.9868
512.5  200.8416
513.0  186.1345
513.5  187.1410
514.0  203.4222
514.5  227.9756
515.0  250.8838
515.5  263.9911
516.0  263.9128
516.5  252.3648
517.0  234.5351
517.5  216.8097
518.0  204.8131
518.5  202.1327
519.0  209.7002
519.5  225.6911
520.0  245.8620
520.5  264.3590
521.0  275.0854
521.5  273.5952
522.0  259.1072
522.5  235.7074
523.0  211.5669
523.5  195.7128
524.0  193.6059
524.5  204.2147
525.0  220.6789
525.5  234.1159
526.0  237.9709
526.5  230.4437
527.0  214.3300
527.5  195.1838
528.0  179.0975
528.5  170.9433
529.0  173.3379
529.5  186.2441
530.0  207.0451
530.5  231.0059
531.0  252.1514
531.5  264.6407
532.0  264.5911
532.5  251.9383
533.0  231.4111
533.5  211.4966
534.0  201.0401
534.5  204.8533
535.0  221.0469
535.5  242.0543
536.0  258.6909
536.5  264.5308
537.0  258.1814
537.5  242.9234
538.0  224.7224
538.5  209.9361
539.0  203.5405
539.5  208.1085
540.0  223.4421
540.5  246.6901
541.0  272.8624
541.5  295.7569
542.0  309.3507
542.5  309.5933
543.0  296.1999
543.5  273.5784
544.0  249.8431
544.5  233.5681
545.0  229.5569
545.5  236.2173
546.0  246.4749
546.5  251.6680
547.0  245.8194
547.5  227.8957
548.0  201.4765
548.5  172.7940
549.0  148.4478
549.5  133.6265
550.0  131.0821
550.5  140.7701
551.0  159.9930
551.5  183.9551
552.0  206.7238
552.5  222.6214
553.0  227.9541
553.5  222.6772
554.0  211.1762
554.5  201.1934
555.0  200.6174
555.5  213.4053
556.0  237.1438
556.5  264.0910
557.0  285.0978
557.5  293.8299
558.0  288.9531
558.5  273.7524
559.0  254.1662
559.5  236.5348
560.0  225.8734
560.5  224.8881
561.0  233.6284
561.5  249.6087
562.0  268.3096
562.5  284.0694
563.0  291.4132
563.5  286.7585
564.0  270.1347
564.5  246.1043
565.0  222.8601
565.5  209.0828
566.0  209.7124
566.5  223.1843
567.0  242.1792
567.5  257.4849
568.0  262.3875
568.5  255.0921
569.0  238.4944
569.5  218.2499
570.0  200.4852
570.5  190.0224
571.0  189.3684
571.5  198.3740
572.0  214.3887
572.5  232.8125
573.0  248.0444
573.5  254.8502
574.0  250.0607
574.5  234.1853
575.0  212.1020
575.5  191.8558
576.0  181.3466
576.5  184.3032
577.0  198.1085
577.5  215.1855
578.0  227.0864
578.5  228.5633
579.0  219.3842
579.5  203.5792
580.0  187.2565
580.5  176.3158
581.0  174.8251
581.5  184.2231
582.0  203.1974
582.5  228.0416
583.0  253.3807
583.5  273.2485
584.0  282.5218
584.5  278.5915
585.0  262.8356
585.5  241.0580
586.0  221.9887
586.5  213.7487
587.0  219.7898
587.5  236.8861
588.0  256.7613
588.5  270.3623
589.0  272.0147
589.5  261.2704
590.0  242.1780
590.5  221.1100
591.0  204.4509
591.5  196.8997
592.0  200.5671
592.5  214.7444
593.0  236.1740
593.5  259.7149
594.0  279.3818
594.5  289.7499
595.0  287.6154
595.5  273.5140
596.0  252.3230
596.5  232.0559
597.0  220.6442
597.5  222.0051
598.0  233.8266
598.5  248.7570
599.0  258.2918
599.5  256.8062
600.0  243.5337
600.5  222.0686
601.0  198.3883
601.5  178.6463
602.0  167.5011
602.5  167.1932
603.0  177.2784
603.5  194.8569
604.0  215.1952
604.5  232.7123
605.0  242.3209
605.5  241.0202
606.0  229.3599
606.5  212.0208
607.0  196.6416
607.5  190.7038
608.0  197.7517
608.5  215.3085
609.0  236.0835
609.5  251.7412
610.0  256.7610
610.5  250.3004
611.0  235.6959
611.5  218.5715
612.0  204.7441
612.5  198.6399
613.0  202.4109
613.5  215.6620
614.0  235.6427
614.5  257.8156
615.0  276.7821
615.5  287.5664
616.0  287.1610
616.5  275.9587
617.0  258.3285
617.5  241.4869
618.0  232.5080
618.5  234.7475
619.0  245.9501
619.5  259.4917
620.0  267.9588
620.5  266.6907
621.0  255.3733
621.5  237.4349
622.0  218.2093
622.5  202.9843
623.0  195.5749
623.5  197.5709
624.0  208.1540
624.5  224.3470
625.0  241.6152
625.5  254.8134
626.0  259.4830
626.5  253.3807
627.0  237.8066
627.5  217.9108
628.0  201.1451
628.5  193.9225
629.0  198.1119
629.5  209.7690
630.0  221.2170
630.5  225.1151
631.0  217.8795
631.5  200.7510
632.0  178.6400
632.5  157.9475
633.0  144.5005
633.5  142.1582
634.0  152.1567
634.5  173.0483
635.0  201.0802
635.5  230.9308
636.0  256.7929
636.5  273.7939
637.0  279.6040
637.5  275.7408
638.0  267.6885
638.5  263.0196
639.0  267.7613
639.5  282.8859
640.0  303.3846
640.5  320.7930
641.0  327.4714
641.5  319.9179
642.0  299.5793
642.5  271.5080
643.0  242.1406
643.5  217.3011
644.0  200.9107
644.5  194.4250
645.0  196.8314
645.5  205.0438
646.0  214.6103
646.5  220.7174
647.0  219.4895
647.5  209.4567
648.0  192.7481
648.5  175.1785
649.0  164.4379
649.5  166.5865
650.0  182.6483
650.5  207.7000
651.0  233.3169
651.5  251.7417
652.0  259.1103
652.5  256.2356
653.0  247.2917
653.5  237.6632
654.0  232.0418
654.5  233.2430
655.0  241.7466
655.5  255.7871
656.0  271.8160
656.5  285.2391
657.0  291.3931
657.5  286.7577
658.0  270.2967
658.5  244.5363
659.0  215.6120
659.5  191.5211
660.0  178.7442
660.5  178.9367
661.0  188.0115
661.5  198.4832
662.0  203.5038
662.5  199.9793
663.0  189.2805
663.5  175.8837
664.0  165.2122
664.5  161.7704
665.0  168.0388
665.5  184.1106
666.0  207.8561
666.5  235.4135
667.0  261.8996
667.5  282.3274
668.0  292.7591
668.5  291.6219
669.0  280.8066
669.5  265.7582
670.0  253.7601
670.5  250.5738
671.0  257.1778
671.5  268.9722
672.0  278.2822
672.5  278.5001
673.0  267.1858
673.5  246.6448
674.0  222.3748
674.5  200.7134
675.0  186.8238
675.5  183.5185
676.0  190.9114
676.5  206.6753
677.0  226.6773
677.5  245.8464
678.0  259.2216
678.5  263.1635
679.0  256.6213
679.5  242.0480
680.0  225.2132
680.5  213.2493
681.0  211.2773
681.5  219.4309
682.0  232.4653
682.5  242.4835
683.0  242.9886
683.5  231.7330
684.0  211.1175
684.5  186.6274
685.0  164.5708
685.5  150.1551
686.0  146.3466
686.5  153.5158
687.0  169.6773
687.5  191.1140
688.0  213.2297
688.5  231.5478
689.0  242.8199
689.5  246.1361
690.0  243.6840
690.5  240.4948
691.0  242.6151
691.5  254.0693
692.0  274.2726
692.5  297.8205
693.0  317.0506
693.5  325.7158
694.0  321.5149
694.5  306.4053
695.0  285.1656
695.5  263.3540
696.0  245.5845
696.5  234.5153
697.0  230.5455
697.5  232.0517
698.0  235.9725
698.5  238.5985
699.0  236.4852
699.5  227.4475
700.0  211.5341
700.5  191.6566
701.0  173.2598
701.5  162.5302
702.0  163.5136
702.5  175.7275
703.0  194.0623
703.5  211.2852
704.0  221.5372
704.5  222.6866
705.0  216.5516
705.5  207.4728
706.0  200.3467
706.5  199.0059
707.0  205.3110
707.5  218.9285
708.0  237.6100
708.5  257.7763
709.0  275.2704
709.5  286.2180
710.0  287.9871
710.5  280.1721
711.0  265.2800
711.5  248.4861
712.0  235.9142
712.5  231.7971
713.0  236.0942
713.5  244.3477
714.0  250.0806
714.5  248.1470
715.0  236.9603
715.5  218.6685
716.0  197.7652
716.5  179.2183
717.0  166.9607
717.5  163.0731
718.0  167.6137
718.5  178.8927
719.0  193.9880
719.5  209.3722
720.0  221.6173
720.5  228.2134
721.0  228.4876
721.5  224.3315
722.0  220.0932
722.5  221.0290
723.0  230.6019
723.5  248.1701
724.0  268.8475
724.5  285.8666
725.0  293.8804
725.5  291.1485
726.0  279.6801
726.5  263.8271
727.0  248.4055
727.5  237.1947
728.0  232.1482
728.5  233.2703
729.0  238.9427
729.5  246.4772
730.0  252.7376
730.5  254.7894
731.0  250.6334
731.5  240.0442
732.0  225.2412
732.5  210.7338
733.0  201.7453
733.5  201.5687
734.0  209.4522
734.5  220.7157
735.0  229.2239
735.5  230.5330
736.0  223.7490
736.5  211.3770
737.0  197.7894
737.5  187.3979
738.0  183.3062
738.5  186.7025
739.0  196.8960
739.5  211.7566
740.0  228.3138
740.5  243.3467
741.0  253.9298
741.5  258.0307
742.0  255.2445
742.5  247.4458
743.0  238.7070
743.5  233.8560
744.0  235.9787
744.5  244.4130
745.0  254.8709
745.5  261.7873
746.0  261.2700
746.5  252.7890
747.0  238.9518
747.5  223.9912
748.0  212.0154
748.5  205.7636
749.0  206.1172
749.5  212.2639
750.0  222.2561
750.5  233.6762
751.0  244.1701
751.5  251.7576
752.0  255.0362
752.5  253.5116
753.0  248.0891
753.5  241.2735
754.0  236.3975
754.5  235.8236
755.0  239.2149
755.5  243.3529
756.0  243.8771
756.5  237.7541
757.0  224.8381
757.5  207.7851
758.0  190.7418
758.5  177.7257
759.0  171.4127
759.5  172.6213
760.0  180.4383
760.5  192.7632
761.0  206.9967
761.5  220.6327
762.0  231.6296
762.5  238.6359
763.0  241.2765
763.5  240.5441
764.0  238.9016
764.5  239.4783
765.0  244.3285
765.5  252.8107
766.0  261.4919
766.5  265.8950
767.0  262.9103
767.5  252.2894
768.0  236.5385
768.5  219.6447
769.0  205.5251
769.5  196.8803
770.0  194.7091
770.5  198.4199
771.0  206.3230
771.5  216.2502
772.0  226.0871
772.5  234.1160
773.0  239.2439
773.5  241.2883
774.0  241.3223
774.5  241.6691
775.0  245.0086
775.5  252.6887
776.0  263.3480
776.5  273.1205
777.0  277.5335
777.5  273.8223
778.0  262.1839
778.5  245.4523
779.0  227.7273
779.5  212.8378
780.0  203.2641
780.5  199.7276
781.0  201.3631
781.5  206.2566
782.0  212.1050
782.5  216.7895
783.0  218.7709
783.5  217.3837
784.0  213.1876
784.5  208.2999
785.0  206.1960
785.5  210.4138
786.0  222.4447
786.5  240.2272
787.0  258.6543
787.5  272.0012
788.0  276.6396
788.5  272.3732
789.0  261.9568
789.5  249.5192
790.0  238.8984
790.5  232.5414
791.0  231.1363
791.5  233.8372
792.0  238.8167
792.5  243.8727
793.0  246.8800
793.5  246.0456
794.0  240.1497
794.5  229.0390
795.0  214.3205
795.5  199.6046
796.0  189.4643
796.5  187.1671
797.0  192.6160
797.5  202.2099
798.0  210.8870
798.5  214.8610
799.0  213.2485
799.5  207.9270
800.0  202.1979
800.5  199.2440
801.0  201.0653
801.5  208.1042
802.0  219.4367
802.5  233.2731
803.0  247.4921
803.5  260.0036
804.0  268.9043
804.5  272.6185
805.0  270.3231
805.5  262.6689
806.0  252.2296
806.5  242.8563
807.0  237.8171
807.5  237.8551
808.0  240.7147
808.5  242.5927
809.0  240.4068
809.5  233.3167
810.0  222.7858
810.5  211.5613
811.0  202.4069
811.5  197.2148
812.0  196.7090
812.5  200.6228
813.0  208.0861
813.5  217.9409
814.0  228.8091
814.5  238.9658
815.0  246.3490
815.5  249.1007
816.0  246.6343
816.5  240.5117
817.0  234.1186
817.5  230.8787
818.0  232.1062
818.5  236.1575
819.0  239.5463
819.5  239.0915
820.0  233.5510
820.5  223.9098
821.0  212.5668
821.5  202.1868
822.0  194.8491
822.5  191.7337
823.0  193.2513
823.5  199.3503
824.0  209.7013
824.5  223.5692
825.0  239.4584
825.5  254.9539
826.0  267.2683
826.5  274.5321
827.0  277.0274
827.5  277.1916
828.0  277.9997
828.5  280.7903
829.0  284.2534
829.5  285.3396
830.0  281.2452
830.5  270.9649
831.0  255.5711
831.5  237.4296
832.0  219.0888
832.5  202.4661
833.0  188.5821
833.5  177.7635
834.0  170.0582
834.5  165.5444
835.0  164.2971
835.5  166.0346
836.0  169.8216
836.5  174.3430
837.0  178.8513
837.5  184.0963
838.0  192.1947
838.5  205.1412
839.0  222.9900
839.5  243.2413
840.0  261.9766
840.5  275.8335
841.0  283.4179
841.5  285.4546
842.0  283.9528
842.5  281.0970
843.0  278.4384
843.5  276.6105
844.0  275.5033
844.5  274.6698
845.0  273.6713
845.5  272.1213
846.0  269.4077
846.5  264.4223
847.0  255.8032
847.5  242.8567
848.0  226.5733
848.5  209.7272
849.0  195.6212
849.5  186.2556
850.0  181.3302
850.5  178.7923
851.0  176.3588
851.5  172.8341
852.0  168.4931
852.5  164.6148
853.0  162.7025
853.5  163.8758
854.0  168.6426
854.5  177.0001
855.0  188.6708
855.5  203.2424
856.0  220.0568
856.5  237.9165
857.0  254.9450
857.5  268.9889
858.0  278.5639
858.5  283.7172
859.0  285.9767
859.5  287.2033
860.0  288.1723
860.5  288.0307
861.0  285.0172
861.5  277.7778
862.0  266.2814
862.5  251.8566
863.0  236.5629
863.5  222.4145
864.0  210.8621
864.5  202.6635
865.0  198.0506
865.5  196.9782
866.0  199.2262
866.5  204.2383
867.0  210.8329
867.5  217.1788
868.0  221.4012
868.5  222.6807
869.0  222.0603
869.5  222.0964
870.0  225.3180
870.5  232.5395
871.0  242.2966
871.5  251.7471
872.0  258.2415
872.5  260.4617
873.0  258.6112
873.5  253.8743
874.0  247.6771
874.5  241.1699
875.0  235.0766
875.5  229.8332
876.0  225.8111
876.5  223.3861
877.0  222.7145
877.5  223.3348
878.0  224.0114
878.5  223.2359
879.0  220.2923
879.5  216.1064
880.0  212.9926
880.5  213.2372
881.0  217.5350
881.5  224.5036
882.0  231.5755
882.5  236.4798
883.0  238.2664
883.5  237.4096
884.0  235.2275
884.5  233.1335
885.0  232.1141
885.5  232.5671
886.0  234.4234
886.5  237.3576
887.0  240.8685
887.5  244.1232
888.0  245.7258
888.5  243.8344
889.0  236.9605
889.5  225.1861
890.0  210.8678
890.5  197.9517
891.0  190.0520
891.5  188.5779
892.0  192.2531
892.5  198.2332
893.0  203.8398
893.5  207.7378
894.0  210.0861
894.5  211.9545
895.0  214.5702
895.5  218.8109
896.0  225.0742
896.5  233.4335
897.0  243.8599
897.5  256.2444
898.0  270.0735
898.5  283.9299
899.0  295.3457
899.5  301.5113
900.0  300.7030
900.5  293.4724
901.0  282.5303
901.5  271.2067
902.0  261.5839
902.5  253.6621
903.0  245.9762
903.5  236.9375
904.0  225.8573
904.5  213.1467
905.0  199.8745
905.5  187.1538
906.0  175.7453
906.5  166.0257
907.0  158.2693
907.5  153.0229
908.0  151.2531
908.5  153.9960
909.0  161.5795
909.5  172.9831
910.0  186.0465
910.5  198.6525
911.0  210.0397
911.5  221.0781
912.0  233.1819
912.5  246.7941
913.0  260.7369
913.5  272.8635
914.0  281.3322
914.5  285.5102
915.0  286.0344
915.5  284.2198
916.0  281.2935
916.5  277.8516
917.0  273.7277
917.5  268.2822
918.0  260.9633
918.5  251.8367
919.0  241.7168
919.5  231.7404
920.0  222.6927
920.5  214.7308
921.0  207.8601
921.5  202.7108
922.0  200.6855
922.5  203.0903
923.0  209.9285
923.5  219.4668
924.0  228.9938
924.5  236.1744
925.0  240.0535
925.5  241.2126
926.0  241.2101
926.5  241.7390
927.0  243.8900
927.5  247.7376
928.0  252.3325
928.5  256.0779
929.0  257.3356
929.5  254.9844
930.0  248.6765
930.5  238.7828
931.0  226.2862
931.5  212.8315
932.0  200.7306
932.5  192.4647
933.0  189.6225
933.5  191.9327
934.0  197.2330
934.5  202.5272
935.0  205.4300
935.5  205.1190
936.0  202.4106
936.5  199.1643
937.0  197.4556
937.5  198.8636
938.0  204.0439
938.5  212.6306
939.0  223.4359
939.5  234.8377
940.0  245.1783
940.5  253.0417
941.0  257.4554
941.5  258.1762
942.0  256.0390
942.5  252.9867
943.0  251.3663
943.5  252.6534
944.0  256.4558
944.5  260.6048
945.0  262.3171
945.5  259.6094
946.0  252.1163
946.5  241.0357
947.0  228.4782
947.5  216.6700
948.0  207.3290
948.5  201.3496
949.0  198.8073
949.5  199.2133
950.0  201.8583
950.5  206.0367
951.0  211.0432
951.5  216.0921
952.0  220.4687
952.5  224.0047
953.0  227.4749
953.5  232.3359
954.0  239.7370
954.5  249.4974
955.0  259.9022
955.5  268.4983
956.0  273.2832
956.5  273.5060
957.0  269.7371
957.5  263.3774
958.0  255.9854
958.5  248.7274
959.0  242.0996
959.5  235.9579
960.0  229.7971
960.5  223.1219
961.0  215.6883
961.5  207.4947
962.0  198.6610
962.5  189.4967
963.0  180.8451
963.5  174.3175
964.0  171.8881
964.5  174.8482
965.0  182.8496
965.5  193.8490
966.0  205.0602
966.5  214.2405
967.0  220.5192
967.5  224.4473
968.0  227.4601
968.5  231.1407
969.0  236.5962
969.5  244.1103
970.0  253.1228
970.5  262.4921
971.0  270.8809
971.5  277.0553
972.0  279.9937
972.5  278.9459
973.0  273.6951
973.5  265.0204
974.0  254.9156
974.5  246.0694
975.0  240.6771
975.5  239.3491
976.0  240.9175
976.5  243.2415
977.0  244.3871
977.5  243.4383
978.0  240.6251
978.5  236.9269
979.0  233.4929
979.5  231.1639
980.0  230.2387
980.5  230.5125
981.0  231.5020
981.5  232.6655
982.0  233.4261
982.5  233.0019
983.0  230.3420
983.5  224.5115
984.0  215.4553
984.5  204.5238
985.0  194.1269
985.5  186.5745
986.0  182.9178
986.5  182.6304
987.0  184.2480
987.5  186.3723
988.0  188.3502
988.5  190.3479
989.0  192.9760
989.5  196.7868
990.0  201.9104
990.5  207.9772
991.0  214.3540
991.5  220.5695
992.0  226.6407
992.5  232.9905
993.0  239.9306
993.5  247.1366
994.0  253.6881
994.5  258.7649
995.0  262.3716
995.5  265.3402
996.0  268.5581
996.5  272.1419
997.0  275.2918
997.5  276.8719
998.0  276.1678
998.5  273.2665
999.0  268.9124
999.5  264.0375
1000.0  259.2601
