0.0  298.6547
0.5  301.2802
1.0  304.3613
1.5  308.0510
2.0  311.7809
2.5  313.9020
3.0  312.3879
3.5  306.2623
4.0  296.6650
4.5  286.6473
5.0  279.7219
5.5  278.0866
6.0  281.6163
6.5  288.1340
7.0  294.6421
7.5  298.7202
8.0  299.3663
8.5  296.9897
9.0  292.7446
9.5  287.7125
10.0  282.4787
10.5  277.3460
11.0  272.9044
11.5  270.2937
12.0  270.6894
12.5  274.2862
13.0  279.6976
13.5  284.5008
14.0  286.7027
14.5  286.0594
15.0  284.2456
15.5  283.7391
16.0  286.2120
16.5  291.4902
17.0  297.6610
17.5  302.1245
18.0  302.8788
18.5  299.3376
19.0  292.3735
19.5  283.7335
20.0  275.2832
20.5  268.5596
21.0  264.8463
21.5  265.5186
22.0  272.0834
22.5  285.5423
23.0  305.4005
23.5  329.2120
24.0  353.3180
24.5  374.4777
25.0  391.3005
25.5  404.4823
26.0  415.7282
26.5  426.1636
27.0  435.3076
27.5  441.1957
28.0  441.4373
28.5  434.4629
29.0  420.2462
29.5  400.2192
30.0  376.5929
30.5  351.5819
31.0  327.0044
31.5  304.4170
32.0  285.4869
32.5  272.0345
33.0  265.4071
33.5  265.5137
34.0  270.3660
34.5  276.7472
35.0  281.7362
35.5  284.0682
36.0  284.3955
36.5  284.3425
37.0  285.1172
37.5  286.6645
38.0  287.8490
38.5  287.3894
39.0  284.8249
39.5  280.8967
40.0  277.1757
40.5  275.2412
41.0  275.9501
41.5  279.2577
42.0  284.6773
42.5  291.9697
43.0  301.4025
43.5  313.2163
44.0  326.6714
44.5  339.5881
45.0  349.0138
45.5  352.7072
46.0  350.3845
46.5  343.8152
47.0  335.7353
47.5  328.3760
48.0  322.5742
48.5  317.8973
49.0  313.4928
49.5  308.9758
50.0  304.7742
50.5  301.7841
51.0  300.6423
51.5  301.1681
52.0  302.4251
52.5  303.4268
53.0  303.9671
53.5  304.8289
54.0  307.0383
54.5  310.6789
55.0  314.3014
55.5  315.5650
56.0  312.7102
56.5  305.7515
57.0  296.5214
57.5  287.6087
58.0  281.0089
58.5  277.3743
59.0  276.2008
59.5  276.6128
60.0  278.0908
60.5  280.6551
61.0  284.4672
61.5  289.2291
62.0  293.9055
62.5  297.0819
63.0  297.7989
63.5  296.2497
64.0  293.6860
64.5  291.4317
65.0  289.7018
65.5  287.2419
66.0  282.2032
66.5  273.6442
67.0  262.5152
67.5  251.4083
68.0  243.3063
68.5  240.2456
69.0  242.7513
69.5  250.2611
70.0  262.0699
70.5  278.0535
71.0  298.6715
71.5  324.2745
72.0  354.2045
72.5  386.3315
73.0  417.4237
73.5  444.2139
74.0  464.5043
74.5  477.5425
75.0  483.4174
75.5  482.0544
76.0  472.7962
76.5  455.0588
77.0  429.5415
77.5  398.9050
78.0  367.2202
78.5  338.4558
79.0  314.9895
79.5  297.0655
80.0  283.4376
80.5  272.6714
81.0  264.2372
81.5  258.7385
82.0  257.2080
82.5  259.9989
83.0  266.0826
83.5  273.3083
84.0  279.5020
84.5  283.6127
85.0  286.0064
85.5  287.6699
86.0  289.0356
86.5  289.5006
87.0  288.0911
87.5  284.6644
88.0  280.5459
88.5  277.9856
89.0  278.7899
89.5  283.1200
90.0  289.3008
90.5  294.7707
91.0  297.5605
91.5  297.3928
92.0  295.7404
92.5  294.8036
93.0  296.0369
93.5  299.1831
94.0  302.4896
94.5  303.9758
95.0  302.8210
95.5  299.8180
96.0  296.5892
96.5  294.3097
97.0  293.0828
97.5  292.4630
98.0  292.5384
98.5  294.4892
99.0  300.0242
99.5  310.0695
100.0  323.6872
100.5  338.0355
101.0  349.4611
101.5  355.0939
102.0  354.0430
102.5  347.5452
103.0  338.0208
103.5  327.6347
104.0  317.2783
104.5  306.6248
105.0  295.1413
105.5  283.1893
106.0  272.2616
106.5  264.1540
107.0  259.8370
107.5  259.0729
108.0  261.1128
108.5  265.7825
109.0  273.9086
109.5  286.6203
110.0  304.0193
110.5  324.2358
111.0  343.6178
111.5  358.0317
112.0  364.5421
112.5  362.5344
113.0  353.6744
113.5  340.7688
114.0  326.2343
114.5  311.1337
115.0  295.3656
115.5  278.7574
116.0  262.1087
116.5  247.2748
117.0  236.2267
117.5  229.9644
118.0  228.3012
118.5  230.7193
119.0  237.4955
119.5  250.0308
120.0  269.9818
120.5  297.7514
121.0  331.4069
121.5  366.8185
122.0  399.0188
122.5  424.0311
123.0  440.1730
123.5  448.1830
124.0  450.2138
124.5  448.3828
125.0  443.7983
125.5  436.6053
126.0  426.8126
126.5  415.0402
127.0  402.4151
127.5  389.6574
128.0  376.2402
128.5  360.5584
129.0  341.1806
129.5  318.2741
130.0  294.0716
130.5  271.9538
131.0  254.7304
131.5  243.2534
132.0  236.2293
132.5  231.2719
133.0  226.4644
133.5  221.4625
134.0  217.5410
134.5  216.6600
135.0  220.2223
135.5  228.3532
136.0  240.1427
136.5  254.5433
137.0  271.0668
137.5  289.5769
138.0  309.3334
138.5  328.2505
139.0  343.2852
139.5  351.9075
140.0  353.5995
140.5  350.2215
141.0  344.9182
141.5  340.2951
142.0  337.0575
142.5  333.9155
143.0  328.6878
143.5  319.8239
144.0  307.4122
144.5  293.1438
145.0  279.3638
145.5  267.8875
146.0  259.3937
146.5  253.7792
147.0  251.0889
147.5  252.1018
148.0  257.8746
148.5  268.4875
149.0  282.0840
149.5  295.2170
150.0  304.4544
150.5  308.1353
151.0  307.0279
151.5  303.5071
152.0  299.9290
152.5  297.3474
153.0  295.3393
153.5  292.8788
154.0  289.5336
154.5  286.1321
155.0  284.4695
155.5  286.2822
156.0  292.2292
156.5  301.6498
157.0  313.3085
157.5  326.5180
158.0  341.6063
158.5  359.1465
159.0  378.4681
159.5  396.7596
160.0  409.7374
160.5  413.6033
161.0  406.9741
161.5  391.5122
162.0  370.9543
162.5  349.2828
163.0  329.1836
163.5  311.5740
164.0  296.2207
164.5  282.8208
165.0  271.7509
165.5  264.0171
166.0  260.5340
166.5  261.3589
167.0  265.5598
167.5  271.9170
168.0  279.9150
168.5  290.1029
169.0  303.3242
169.5  319.3179
170.0  335.8859
170.5  349.4852
171.0  356.9629
171.5  357.2376
172.0  351.8099
172.5  343.8719
173.0  336.6924
173.5  332.2760
174.0  330.9524
174.5  331.9035
175.0  334.0985
175.5  336.9666
176.0  340.4012
176.5  344.2024
177.0  347.5081
177.5  348.8320
178.0  346.8711
178.5  341.5325
179.0  334.2505
179.5  327.1155
180.0  321.3512
180.5  316.3715
181.0  310.2562
181.5  301.3177
182.0  289.5597
182.5  276.9870
183.0  266.6409
183.5  261.0859
184.0  261.3019
184.5  266.5449
185.0  275.0831
185.5  285.2187
186.0  295.9062
186.5  306.6111
187.0  316.6212
187.5  324.4751
188.0  328.1667
188.5  326.1920
189.0  318.7237
189.5  307.8856
190.0  296.6899
190.5  287.2961
191.0  279.9034
191.5  273.1172
192.0  265.4355
192.5  256.6631
193.0  248.2519
193.5  242.4639
194.0  241.0627
194.5  244.4221
195.0  251.5416
195.5  260.8245
196.0  271.0175
196.5  281.6527
197.0  292.6994
197.5  303.7206
198.0  313.2679
198.5  319.1680
199.0  319.6953
199.5  314.8308
200.0  306.5713
200.5  297.9121
201.0  291.1992
201.5  287.0974
202.0  284.9084
202.5  283.8512
203.0  284.2065
203.5  287.4568
204.0  295.4037
204.5  308.9598
205.0  327.4468
205.5  348.8190
206.0  370.6072
206.5  390.9382
207.0  408.9526
207.5  424.3600
208.0  436.5022
208.5  443.7480
209.0  443.8934
209.5  435.4797
210.0  419.0926
210.5  397.5417
211.0  374.6119
211.5  353.2399
212.0  334.4554
212.5  317.7735
213.0  302.5221
213.5  288.9469
214.0  278.2882
214.5  271.9150
215.0  270.2586
215.5  272.3352
216.0  276.1834
216.5  279.9343
217.0  282.8195
217.5  285.4439
218.0  289.1068
218.5  294.6095
219.0  301.4198
219.5  307.8779
220.0  312.3490
220.5  314.4253
221.0  315.1764
221.5  316.2119
222.0  318.3439
222.5  320.9727
223.0  322.6728
223.5  322.4267
224.0  320.4846
224.5  318.2117
225.0  317.0871
225.5  317.5888
226.0  318.7192
226.5  318.4763
227.0  314.9730
227.5  307.5134
228.0  296.9598
228.5  285.1799
229.0  273.9782
229.5  264.3085
230.0  256.3647
230.5  250.4269
231.0  247.6291
231.5  249.7886
232.0  258.2355
232.5  272.5485
233.0  290.3130
233.5  308.2148
234.0  323.6891
234.5  335.9490
235.0  345.7581
235.5  354.2374
236.0  361.5937
236.5  366.6142
237.0  367.2288
237.5  361.7639
238.0  350.0949
238.5  333.9590
239.0  316.1920
239.5  299.3454
240.0  284.5975
240.5  271.7121
241.0  260.0285
241.5  249.6318
242.0  241.6826
242.5  237.6012
243.0  237.8266
243.5  241.2638
244.0  245.9173
244.5  250.1758
245.0  253.7063
245.5  257.3105
246.0  261.9394
246.5  267.6490
247.0  273.2597
247.5  276.9624
248.0  277.4920
248.5  275.1233
249.0  271.8330
249.5  270.4607
250.0  273.3491
250.5  281.3460
251.0  293.8464
251.5  309.7758
252.0  328.6310
252.5  350.6123
253.0  375.6798
253.5  402.3967
254.0  427.7069
254.5  448.0190
255.0  460.8448
255.5  465.8079
256.0  464.3731
256.5  458.6008
257.0  449.8236
257.5  438.0822
258.0  422.5909
258.5  402.8539
259.0  379.6738
259.5  355.3711
260.0  333.0073
260.5  315.0472
261.0  302.3190
261.5  293.9786
262.0  288.4661
262.5  284.6600
263.0  282.2819
263.5  281.2881
264.0  280.9387
264.5  279.5622
265.0  275.3888
265.5  267.8229
266.0  258.1127
266.5  248.8595
267.0  242.6913
267.5  240.9700
268.0  243.3057
268.5  248.0914
269.0  253.6664
269.5  259.3966
270.0  266.0424
270.5  275.1964
271.0  288.1274
271.5  304.7671
272.0  323.5129
272.5  341.9373
273.0  357.7943
273.5  369.5272
274.0  376.0251
274.5  376.1614
275.0  368.8720
275.5  353.9461
276.0  332.8987
276.5  309.0811
277.0  286.7190
277.5  269.3514
278.0  258.5486
278.5  253.6100
279.0  252.3566
279.5  252.5476
280.0  253.1425
280.5  254.7341
281.0  258.9300
281.5  267.0775
282.0  279.1744
282.5  293.7119
283.0  308.5021
283.5  321.7433
284.0  332.4084
284.5  339.7448
285.0  342.5981
285.5  339.4887
286.0  329.6227
286.5  314.0582
287.0  296.0015
287.5  279.8452
288.0  269.4533
288.5  266.6802
289.0  270.9144
289.5  279.8132
290.0  290.7372
290.5  302.0532
291.0  313.5799
291.5  325.9539
292.0  339.3745
292.5  352.6464
293.0  363.2750
293.5  368.5815
294.0  366.9823
294.5  358.4662
295.0  344.0578
295.5  324.9730
296.0  302.3560
296.5  277.7923
297.0  253.9423
297.5  234.4611
298.0  222.9648
298.5  221.5839
299.0  229.9963
299.5  245.5691
300.0  264.5958
300.5  284.0016
301.0  302.6115
301.5  321.2612
302.0  341.6402
302.5  364.5410
303.0  388.6648
303.5  410.8547
304.0  427.6343
304.5  436.9429
305.0  438.8308
305.5  434.7653
306.0  426.3417
306.5  414.5689
307.0  400.1977
307.5  384.5009
308.0  369.5265
308.5  357.3969
309.0  349.1067
309.5  343.7085
310.0  338.5372
310.5  330.4647
311.0  317.5552
311.5  300.2221
312.0  281.1824
312.5  264.1266
313.0  251.8171
313.5  244.8002
314.0  241.5862
314.5  240.1024
315.0  239.2520
315.5  239.3835
316.0  241.4721
316.5  245.9439
317.0  252.2877
317.5  259.7297
318.0  268.1986
318.5  278.5657
319.0  291.8510
319.5  307.9808
320.0  325.0476
320.5  339.6635
321.0  348.2982
321.5  348.8885
322.0  341.8291
322.5  329.7370
323.0  316.0451
323.5  303.2200
324.0  291.7468
324.5  280.5751
325.0  268.6509
325.5  256.2998
326.0  245.3512
326.5  237.9882
327.0  235.4069
327.5  237.4628
328.0  243.4919
328.5  253.3902
329.0  267.8596
329.5  287.5306
330.0  311.6492
330.5  337.3679
331.0  360.2485
331.5  375.8022
332.0  381.2867
332.5  376.8355
333.0  365.2986
333.5  350.8033
334.0  336.7690
334.5  324.5443
335.0  313.5226
335.5  302.5723
336.0  291.6090
336.5  282.0548
337.0  275.9157
337.5  274.4188
338.0  277.4479
338.5  284.1549
339.0  293.9774
339.5  306.9813
340.0  323.1717
340.5  341.3993
341.0  358.8541
341.5  371.7042
342.0  376.6319
342.5  372.4440
343.0  360.8468
343.5  345.8601
344.0  332.0239
344.5  322.2930
345.0  316.8531
345.5  313.6297
346.0  310.1190
346.5  305.1928
347.0  299.5856
347.5  294.8991
348.0  292.1828
348.5  291.3811
349.0  291.9792
349.5  294.0048
350.0  298.2773
350.5  305.5938
351.0  315.5444
351.5  325.9854
352.0  333.6976
352.5  335.9391
353.0  332.0366
353.5  324.1134
354.0  316.4424
354.5  313.5871
355.0  318.2127
355.5  329.7992
356.0  345.0492
356.5  359.6893
357.0  370.4159
357.5  375.7520
358.0  375.5657
358.5  370.0905
359.0  359.5206
359.5  344.4672
360.0  326.5822
360.5  308.4536
361.0  292.5915
361.5  280.1969
362.0  270.6421
362.5  262.0826
363.0  252.8550
363.5  242.8481
364.0  234.0636
364.5  229.9754
365.0  233.9025
365.5  247.1983
366.0  268.3188
366.5  293.4138
367.0  318.1009
367.5  339.2323
368.0  355.5002
368.5  366.7188
369.0  372.7193
369.5  372.9932
370.0  367.3317
370.5  356.6470
371.0  342.9917
371.5  328.5837
372.0  314.5642
372.5  300.4418
373.0  284.6458
373.5  265.8655
374.0  244.4049
374.5  222.7887
375.0  205.1905
375.5  195.8087
376.0  196.9291
376.5  207.7711
377.0  224.8947
377.5  243.9463
378.0  261.5602
378.5  276.1712
379.0  287.4730
379.5  295.4005
380.0  299.7514
380.5  300.7176
381.0  299.5786
381.5  298.6415
382.0  300.2521
382.5  305.5537
383.0  313.8824
383.5  323.2152
384.0  331.4013
384.5  337.4835
385.0  342.3880
385.5  348.5550
386.0  358.5798
386.5  373.5259
387.0  391.9233
387.5  410.1821
388.0  424.2284
388.5  431.2628
389.0  430.5028
389.5  422.6764
390.0  409.0670
390.5  391.0719
391.0  370.4599
391.5  349.6627
392.0  331.3985
392.5  317.6332
393.0  308.5786
393.5  302.4941
394.0  296.5377
394.5  288.2720
395.0  277.0784
395.5  264.7538
396.0  254.8812
396.5  251.1182
397.0  255.1906
397.5  265.7570
398.0  278.9435
398.5  290.2897
399.0  296.8431
399.5  298.0838
400.0  295.3486
400.5  290.5909
401.0  285.6005
401.5  282.0396
402.0  281.7061
402.5  286.2764
403.0  296.4498
403.5  311.1313
404.0  327.3836
404.5  341.3765
405.0  349.9240
405.5  351.8621
406.0  348.5605
406.5  343.2205
407.0  339.1748
407.5  338.0279
408.0  338.7463
408.5  338.3590
409.0  333.8636
409.5  324.0412
410.0  309.9769
410.5  294.1513
411.0  279.0828
411.5  266.6409
412.0  258.2677
412.5  255.3944
413.0  259.2720
413.5  270.1760
414.0  286.6575
414.5  305.5710
415.0  323.0672
415.5  336.1024
416.0  343.6838
416.5  347.1515
417.0  349.2279
417.5  352.2082
418.0  356.2637
418.5  358.9626
419.0  356.4658
419.5  345.7294
420.0  326.2825
420.5  300.4463
421.0  272.0561
421.5  244.8335
422.0  221.5883
422.5  204.4292
423.0  195.1878
423.5  195.2280
424.0  204.6142
424.5  221.3650
425.0  241.5685
425.5  260.5515
426.0  274.6092
426.5  282.4485
427.0  285.6009
427.5  287.5120
428.0  291.6657
428.5  299.6942
429.0  310.5801
429.5  321.4628
430.0  329.4993
430.5  333.4876
431.0  334.2191
431.5  333.5902
432.0  333.4401
432.5  335.0535
433.0  339.3969
433.5  347.3810
434.0  359.5240
434.5  375.1323
435.0  391.7292
435.5  405.3988
436.0  412.1095
436.5  409.4363
437.0  397.8278
437.5  380.7182
438.0  363.2748
438.5  350.2422
439.0  343.9338
439.5  343.5091
440.0  345.9750
440.5  348.2049
441.0  348.5666
441.5  347.1439
442.0  344.7455
442.5  341.8385
443.0  338.3723
443.5  334.4057
444.0  330.6190
444.5  327.9773
445.0  326.7063
445.5  325.4502
446.0  321.4078
446.5  311.5618
447.0  294.3945
447.5  271.1574
448.0  245.9356
448.5  224.2990
449.0  211.0699
449.5  208.3411
450.0  214.8837
450.5  227.2844
451.0  241.9955
451.5  256.8824
452.0  271.3638
452.5  285.4481
453.0  298.8105
453.5  310.7729
454.0  321.0010
454.5  329.9819
455.0  338.6011
455.5  347.0391
456.0  353.8790
456.5  356.2263
457.0  350.9534
457.5  336.4521
458.0  313.9489
458.5  287.6124
459.0  263.2470
459.5  246.1088
460.0  238.9513
460.5  241.3849
461.0  250.8611
461.5  264.4987
462.0  280.4297
462.5  297.8413
463.0  316.0666
463.5  333.8511
464.0  349.5897
464.5  362.2436
465.0  371.9340
465.5  379.5237
466.0  385.4482
466.5  388.7232
467.0  386.9386
467.5  377.3595
468.0  358.5602
468.5  331.7026
469.0  300.7232
469.5  271.1855
470.0  248.2306
470.5  234.6348
471.0  230.0556
471.5  231.8687
472.0  236.9403
472.5  243.0566
473.0  249.1545
473.5  254.6122
474.0  258.6498
474.5  260.5810
475.0  260.6324
475.5  260.3708
476.0  262.1094
476.5  267.5783
477.0  276.7797
477.5  287.8286
478.0  297.9187
478.5  304.8767
479.0  308.4694
479.5  310.7581
480.0  315.2476
480.5  325.1880
481.0  341.9094
481.5  364.1498
482.0  388.7441
482.5  412.1020
483.0  431.3719
483.5  444.6160
484.0  450.3389
484.5  447.3126
485.0  435.1994
485.5  415.4722
486.0  391.6266
486.5  368.1628
487.0  348.7894
487.5  334.9171
488.0  325.3400
488.5  317.2625
489.0  308.0757
489.5  296.9333
490.0  285.3192
490.5  276.3048
491.0  272.8591
491.5  276.1450
492.0  284.8227
492.5  295.7878
493.0  305.7807
493.5  312.6978
494.0  315.7824
494.5  314.9179
495.0  310.0128
495.5  301.2095
496.0  289.6589
496.5  277.9090
497.0  269.2454
497.5  266.2373
498.0  269.4428
498.5  277.1476
499.0  286.3317
499.5  294.3042
500.0  300.0950
500.5  304.8367
501.0  310.8888
501.5  320.1414
502.0  332.4781
502.5  345.3911
503.0  355.0512
503.5  358.1221
504.0  353.0831
504.5  340.2926
505.0  321.1179
505.5  297.1617
506.0  270.2806
506.5  243.1117
507.0  219.2153
507.5  202.2798
508.0  194.7076
508.5  196.5028
509.0  205.2471
509.5  217.2690
510.0  229.3943
510.5  240.3403
511.0  251.0032
511.5  263.4598
512.0  279.2343
512.5  297.8900
513.0  316.8975
513.5  332.9161
514.0  343.6034
514.5  348.6621
515.0  349.4612
515.5  347.7481
516.0  344.6587
516.5  340.7973
517.0  337.0459
517.5  335.0777
518.0  336.8809
518.5  343.5403
519.0  354.1957
519.5  366.0075
520.0  375.2732
520.5  379.0963
521.0  376.6775
521.5  369.4998
522.0  360.2905
522.5  351.3518
523.0  343.2862
523.5  334.9504
524.0  324.6479
524.5  311.6637
525.0  296.9842
525.5  282.7263
526.0  270.8818
526.5  262.4978
527.0  257.8920
527.5  257.4625
528.0  262.1169
528.5  272.7616
529.0  289.1977
529.5  309.3426
530.0  329.5036
530.5  345.7023
531.0  355.3371
531.5  358.2424
532.0  356.5296
532.5  353.2718
533.0  350.7739
533.5  349.4697
534.0  348.1473
534.5  345.3166
535.0  340.6879
535.5  335.6137
536.0  332.1593
536.5  331.6040
537.0  333.6378
537.5  336.8586
538.0  340.0049
538.5  342.7791
539.0  345.5884
539.5  348.5188
540.0  350.4819
540.5  349.3001
541.0  342.7776
541.5  330.0933
542.0  312.6151
542.5  293.5517
543.0  276.5349
543.5  263.9056
544.0  255.7524
544.5  250.3590
545.0  245.7932
545.5  241.5382
546.0  238.9967
546.5  240.5361
547.0  247.8740
547.5  261.0694
548.0  278.7746
548.5  299.2706
549.0  321.2199
549.5  343.4929
550.0  364.3670
550.5  380.9954
551.0  389.8413
551.5  388.0197
552.0  374.7821
552.5  352.2019
553.0  324.5396
553.5  296.5355
554.0  271.5492
554.5  250.6249
555.0  233.0199
555.5  217.7607
556.0  205.0587
556.5  196.5180
557.0  194.0137
557.5  198.2075
558.0  207.9659
558.5  221.1333
559.0  235.9086
559.5  251.6043
560.0  268.2093
560.5  285.2602
561.0  301.0998
561.5  313.2453
562.0  319.7141
562.5  320.4313
563.0  317.7533
563.5  315.6557
564.0  317.9157
564.5  326.2625
565.0  339.5736
565.5  354.6371
566.0  368.0290
566.5  377.9102
567.0  384.5971
567.5  389.6452
568.0  394.2791
568.5  398.4376
569.0  401.0690
569.5  401.1876
570.0  398.6165
570.5  393.7813
571.0  386.8653
571.5  377.2131
572.0  363.6349
572.5  345.5168
573.0  323.9864
573.5  302.2622
574.0  284.7709
574.5  275.3582
575.0  275.5338
575.5  283.7912
576.0  296.4706
576.5  309.6560
577.0  320.8955
577.5  329.6581
578.0  336.4049
578.5  341.2303
579.0  343.2969
579.5  341.4825
580.0  335.5174
580.5  326.4972
581.0  316.2827
581.5  306.2915
582.0  296.6642
582.5  286.4637
583.0  274.7825
583.5  261.9927
584.0  250.2616
584.5  242.8884
585.0  242.7333
585.5  250.6186
586.0  264.7024
586.5  281.2928
587.0  296.6450
587.5  308.5956
588.0  317.0044
588.5  322.8800
589.0  327.0610
589.5  329.5691
590.0  330.0193
590.5  328.4784
591.0  325.8363
591.5  323.3080
592.0  321.5146
592.5  319.9541
593.0  317.3566
593.5  312.7513
594.0  306.5590
594.5  300.9600
595.0  299.1690
595.5  303.8725
596.0  315.6404
596.5  332.2688
597.0  349.5491
597.5  363.0723
598.0  369.9700
598.5  369.5503
599.0  362.6457
599.5  350.4661
600.0  333.9888
600.5  314.2211
601.0  292.7515
601.5  271.7731
602.0  253.3543
602.5  238.4930
603.0  226.7388
603.5  216.7585
604.0  207.5492
604.5  199.5469
605.0  194.8862
605.5  196.5098
606.0  206.4953
606.5  224.5225
607.0  247.4792
607.5  270.5981
608.0  289.5355
608.5  302.1281
609.0  308.7754
609.5  311.4095
610.0  312.0394
610.5  312.0136
611.0  312.3190
611.5  314.2353
612.0  319.4375
612.5  329.2784
613.0  343.7958
613.5  361.2777
614.0  378.8175
614.5  393.5931
615.0  404.1110
615.5  410.6592
616.0  414.6857
616.5  417.4737
617.0  418.9672
617.5  417.5689
618.0  411.1268
618.5  398.4953
619.0  380.5814
619.5  360.1134
620.0  340.3092
620.5  323.4546
621.0  310.3921
621.5  301.0645
622.0  295.3717
622.5  293.4776
623.0  295.3556
623.5  300.0993
624.0  305.7409
624.5  309.9043
625.0  310.9606
625.5  308.9318
626.0  305.4762
626.5  302.8307
627.0  302.2648
627.5  303.0052
628.0  302.4111
628.5  297.4416
629.0  286.5890
629.5  271.0581
630.0  254.4024
630.5  240.8708
631.0  233.6155
631.5  233.8998
632.0  241.5185
632.5  255.6682
633.0  275.3466
633.5  299.0445
634.0  324.2643
634.5  347.5906
635.0  365.5719
635.5  375.9874
636.0  378.7008
636.5  375.4791
637.0  368.7797
637.5  360.1847
638.0  349.4705
638.5  334.9720
639.0  315.0831
639.5  289.9473
640.0  262.1922
640.5  236.1659
641.0  216.1646
641.5  204.8431
642.0  202.7729
642.5  209.1372
643.0  222.7080
643.5  242.2523
644.0  266.2292
644.5  292.3373
645.0  317.5903
645.5  339.1260
646.0  355.3111
646.5  366.3704
647.0  373.9937
647.5  380.0215
648.0  384.9811
648.5  387.4537
649.0  384.7967
649.5  374.8746
650.0  357.7359
650.5  336.1242
651.0  314.4157
651.5  296.6174
652.0  284.7111
652.5  278.3260
653.0  275.6799
653.5  274.8468
654.0  274.4129
654.5  273.3270
655.0  270.4942
655.5  264.7964
656.0  255.7462
656.5  244.3315
657.0  233.2976
657.5  226.3845
658.0  226.7344
658.5  235.3307
659.0  250.4543
659.5  268.5898
660.0  286.3222
660.5  302.1241
661.0  316.9599
661.5  333.3334
662.0  353.3790
662.5  377.2139
663.0  402.5519
663.5  425.6482
664.0  442.7672
664.5  451.2363
665.0  449.7217
665.5  438.0462
666.0  417.0868
666.5  388.9780
667.0  357.3345
667.5  326.9537
668.0  302.7023
668.5  287.8924
669.0  282.9728
669.5  285.3749
670.0  290.7767
670.5  295.2248
671.0  297.0063
671.5  297.2344
672.0  298.8172
672.5  304.4501
673.0  314.8999
673.5  328.5976
674.0  342.5620
674.5  353.7734
675.0  360.0344
675.5  360.0308
676.0  353.0344
676.5  338.8741
677.0  318.3882
677.5  293.9734
678.0  269.5662
678.5  249.6800
679.0  237.7812
679.5  234.8675
680.0  239.1431
680.5  247.0989
681.0  255.4481
681.5  262.8061
682.0  270.1138
682.5  279.5561
683.0  292.7016
683.5  309.1118
684.0  326.3018
684.5  340.9150
685.0  350.1603
685.5  352.5815
686.0  347.9396
686.5  336.7046
687.0  319.8138
687.5  298.9338
688.0  276.8668
688.5  257.4678
689.0  244.7158
689.5  241.2179
690.0  246.9469
690.5  259.0477
691.0  273.0050
691.5  284.6556
692.0  291.9706
692.5  295.5956
693.0  297.8673
693.5  301.0136
694.0  305.7780
694.5  311.3167
695.0  316.1857
695.5  319.4649
696.0  321.1701
696.5  321.8552
697.0  321.9843
697.5  321.7268
698.0  321.3488
698.5  321.7817
699.0  324.7183
699.5  331.9010
700.0  343.8774
700.5  358.9954
701.0  373.4120
701.5  382.3662
702.0  382.2007
702.5  372.0770
703.0  354.3820
703.5  333.5229
704.0  313.8041
704.5  297.6938
705.0  285.4711
705.5  276.1906
706.0  268.9911
706.5  263.7538
707.0  260.8657
707.5  260.6286
708.0  263.0297
708.5  268.1175
709.0  276.5612
709.5  289.6926
710.0  308.6778
710.5  333.1839
711.0  360.4375
711.5  385.4915
712.0  402.8257
712.5  408.5606
713.0  402.1039
713.5  386.2967
714.0  365.9605
714.5  345.7066
715.0  328.2899
715.5  314.3206
716.0  303.1360
716.5  293.9050
717.0  286.1501
717.5  279.5831
718.0  273.7910
718.5  268.3614
719.0  263.5190
719.5  260.7246
720.0  262.5127
720.5  271.3166
721.0  287.8183
721.5  309.8667
722.0  332.7928
722.5  351.1361
723.0  360.9283
723.5  361.3107
724.0  354.6093
724.5  344.8637
725.0  335.7234
725.5  328.9933
726.0  324.5848
726.5  321.5772
727.0  319.3540
727.5  317.9472
728.0  317.5442
728.5  317.8576
729.0  318.1033
729.5  317.7006
730.0  317.0598
730.5  317.6142
731.0  320.7998
731.5  326.5545
732.0  332.4265
732.5  334.1028
733.0  327.2872
733.5  309.9569
734.0  283.7144
734.5  253.3971
735.0  225.1046
735.5  203.7615
736.0  191.5944
736.5  188.2116
737.0  191.8345
737.5  200.5783
738.0  212.9613
738.5  227.6571
739.0  243.1400
739.5  257.8419
740.0  270.8346
740.5  282.4320
741.0  294.0097
741.5  306.9095
742.0  321.0721
742.5  334.4023
743.0  343.4815
743.5  345.3770
744.0  339.5528
744.5  328.7298
745.0  318.0767
745.5  313.0565
746.0  317.0951
746.5  330.3705
747.0  350.2557
747.5  372.8445
748.0  394.4307
748.5  412.1637
749.0  423.9531
749.5  428.2682
750.0  424.3817
750.5  412.9818
751.0  396.5137
751.5  378.6266
752.0  362.7265
752.5  350.3876
753.0  340.6315
753.5  330.6208
754.0  317.4566
754.5  300.1003
755.0  280.3484
755.5  262.2908
756.0  250.5161
756.5  248.0559
757.0  255.2044
757.5  269.7388
758.0  288.1303
758.5  306.8163
759.0  322.8533
759.5  333.9779
760.0  338.5937
760.5  336.1021
761.0  327.4436
761.5  315.2627
762.0  303.1965
762.5  294.4041
763.0  290.1094
763.5  289.0718
764.0  288.4083
764.5  285.3850
765.0  279.2126
765.5  271.8313
766.0  267.1747
766.5  269.2422
767.0  280.0490
767.5  298.6331
768.0  321.5935
768.5  344.6139
769.0  363.9090
769.5  376.8845
770.0  382.0826
770.5  378.9992
771.0  368.2195
771.5  351.7530
772.0  333.0072
772.5  315.9575
773.0  303.6752
773.5  296.9827
774.0  294.1013
774.5  291.6411
775.0  286.5045
775.5  277.7271
776.0  267.2547
776.5  259.1673
777.0  257.6915
777.5  265.0795
778.0  280.5396
778.5  300.7039
779.0  321.1101
779.5  337.6719
780.0  347.4460
780.5  348.7473
781.0  341.1376
781.5  325.6551
782.0  305.1087
782.5  283.8754
783.0  266.8218
783.5  257.6018
784.0  257.1643
784.5  263.3408
785.0  271.8442
785.5  278.2341
786.0  279.8757
786.5  276.8987
787.0  271.6763
787.5  267.1719
788.0  265.1961
788.5  265.6399
789.0  267.0077
789.5  267.6276
790.0  266.5764
790.5  263.8157
791.0  259.7964
791.5  255.1764
792.0  251.0267
792.5  249.2858
793.0  252.8200
793.5  264.6374
794.0  286.4509
794.5  317.3744
795.0  353.6177
795.5  389.5335
796.0  419.6177
796.5  440.5108
797.0  452.0068
797.5  456.5523
798.0  457.5263
798.5  457.3066
799.0  456.2292
799.5  452.8942
800.0  445.3361
800.5  432.1307
801.0  412.8418
801.5  387.9064
802.0  358.4823
802.5  326.6083
803.0  295.4959
803.5  269.3905
804.0  252.5983
804.5  247.8872
805.0  255.0638
805.5  270.6284
806.0  288.8942
806.5  304.1420
807.0  312.7729
807.5  314.3769
808.0  311.2003
808.5  306.3968
809.0  302.1654
809.5  298.8746
810.0  295.4913
810.5  290.6983
811.0  283.7635
811.5  274.6845
812.0  263.8590
812.5  251.8845
813.0  239.8271
813.5  229.6943
814.0  224.4605
814.5  227.1937
815.0  239.5184
815.5  260.2767
816.0  285.3219
816.5  308.7950
817.0  325.3839
817.5  332.4769
818.0  331.1189
818.5  325.2530
819.0  319.6378
819.5  317.5940
820.0  319.8201
820.5  324.7638
821.0  329.9927
821.5  333.5029
822.0  334.2653
822.5  332.0903
823.0  327.3842
823.5  321.2209
824.0  315.5762
824.5  313.1620
825.0  316.4682
825.5  326.2819
826.0  340.5460
826.5  354.4309
827.0  361.8700
827.5  357.9643
828.0  341.1319
828.5  313.9324
829.0  282.1132
829.5  252.3241
830.0  229.6844
830.5  216.4274
831.0  212.0822
831.5  214.6389
832.0  221.7069
832.5  231.0759
833.0  240.8287
833.5  249.5328
834.0  256.7540
834.5  263.5396
835.0  272.2170
835.5  285.2140
836.0  303.3720
836.5  324.7802
837.0  344.9975
837.5  358.7540
838.0  362.3489
838.5  355.5334
839.0  341.8789
839.5  327.3598
840.0  317.8220
840.5  316.6644
841.0  323.9284
841.5  337.0482
842.0  352.4675
842.5  366.9984
843.0  378.3417
843.5  385.0137
844.0  386.3087
844.5  382.6083
845.0  375.7085
845.5  368.5162
846.0  363.8396
846.5  362.7828
847.0  363.7632
847.5  362.9358
848.0  355.9816
848.5  340.3942
849.0  317.0883
849.5  290.4658
850.0  266.8348
850.5  251.9275
851.0  248.7822
851.5  257.0226
852.0  273.6690
852.5  294.6980
853.0  316.3335
853.5  335.5869
854.0  350.3083
854.5  359.3091
855.0  362.7665
855.5  362.5025
856.0  361.5033
856.5  362.5076
857.0  366.3026
857.5  370.8079
858.0  371.6823
858.5  364.3087
859.0  346.2101
859.5  318.6920
860.0  286.8417
860.5  257.7580
861.0  237.7806
861.5  230.0923
862.0  233.9053
862.5  245.4533
863.0  259.9171
863.5  273.0615
864.0  281.9380
864.5  284.8989
865.0  281.5759
865.5  273.1304
866.0  262.4032
866.5  253.3199
867.0  249.3813
867.5  251.9120
868.0  259.1698
868.5  267.0241
869.0  270.9803
869.5  268.5427
870.0  260.7097
870.5  251.8060
871.0  247.6336
871.5  252.7930
872.0  268.5396
872.5  292.2798
873.0  318.8232
873.5  342.4894
874.0  358.8785
874.5  365.6610
875.0  362.5581
875.5  351.0923
876.0  334.4303
876.5  317.0752
877.0  303.9332
877.5  298.7101
878.0  302.3251
878.5  312.3374
879.0  323.9158
879.5  331.9976
880.0  333.6059
880.5  329.2065
881.0  322.4230
881.5  318.1990
882.0  320.3013
882.5  329.4834
883.0  343.2614
883.5  357.2427
884.0  367.0244
884.5  369.5556
885.0  363.5219
885.5  349.1226
886.0  327.9001
886.5  302.8615
887.0  278.4664
887.5  259.8481
888.0  251.1691
888.5  253.8450
889.0  265.7433
889.5  282.0009
890.0  297.1696
890.5  307.6461
891.0  313.1834
891.5  316.7102
892.0  322.5040
892.5  333.6541
893.0  350.2210
893.5  369.1114
894.0  385.5738
894.5  395.2371
895.0  395.4921
895.5  385.7645
896.0  367.1061
896.5  341.8333
897.0  313.4945
897.5  286.7740
898.0  266.7251
898.5  257.2350
899.0  259.3967
899.5  270.8044
900.0  286.3773
900.5  300.4600
901.0  309.2266
901.5  312.2167
902.0  312.2121
902.5  313.4743
903.0  319.2789
903.5  330.1440
904.0  343.7125
904.5  356.1363
905.0  363.8934
905.5  364.9387
906.0  358.8392
906.5  346.3556
907.0  329.1509
907.5  309.8597
908.0  292.1106
908.5  279.9148
909.0  276.3110
909.5  281.8826
910.0  294.0899
910.5  307.9944
911.0  318.1658
911.5  320.8954
912.0  315.6473
912.5  305.0144
913.0  293.1691
913.5  283.6198
914.0  277.5424
914.5  273.6191
915.0  269.3094
915.5  262.5575
916.0  252.8274
916.5  241.0607
917.0  229.0164
917.5  218.7490
918.0  212.5396
918.5  212.9043
919.0  222.0903
919.5  240.9408
920.0  267.7321
920.5  297.8822
921.0  325.0210
921.5  343.1287
922.0  348.8051
922.5  342.5888
923.0  328.6337
923.5  312.8263
924.0  300.2788
924.5  293.5270
925.0  292.3124
925.5  294.7564
926.0  298.8859
926.5  303.5042
927.0  308.1708
927.5  312.8244
928.0  317.6944
928.5  323.6039
929.0  332.1471
929.5  345.1670
930.0  363.5379
930.5  385.9562
931.0  408.6372
931.5  426.3372
932.0  434.3283
932.5  430.3906
933.0  415.8155
933.5  394.8480
934.0  372.7631
934.5  353.5654
935.0  338.5958
935.5  326.7804
936.0  316.1441
936.5  305.4154
937.0  294.6888
937.5  284.9980
938.0  277.4876
938.5  272.9947
939.0  272.2407
939.5  276.1209
940.0  285.4364
940.5  299.9775
941.0  317.5871
941.5  334.0552
942.0  344.2379
942.5  344.0263
943.0  332.2325
943.5  311.3978
944.0  286.9744
944.5  265.1282
945.0  250.2330
945.5  243.4131
946.0  242.8799
946.5  245.6339
947.0  249.2836
947.5  252.9049
948.0  256.7732
948.5  261.6340
949.0  268.2723
949.5  277.5501
950.0  290.4540
950.5  307.6596
951.0  328.6733
951.5  351.1773
952.0  371.2392
952.5  384.5332
953.0  388.1016
953.5  381.8385
954.0  368.9228
954.5  354.8137
955.0  345.0712
955.5  342.9881
956.0  348.3052
956.5  357.7267
957.0  366.8021
957.5  371.9150
958.0  371.2838
958.5  364.8018
959.0  353.3703
959.5  338.4382
960.0  321.8840
960.5  305.8232
961.0  291.9811
961.5  280.8146
962.0  271.0064
962.5  259.8529
963.0  244.5406
963.5  223.7826
964.0  199.0646
964.5  174.8319
965.0  157.2941
965.5  152.1155
966.0  161.9651
966.5  185.2282
967.0  216.6576
967.5  249.5754
968.0  278.3170
968.5  299.6733
969.0  312.9780
969.5  319.3805
970.0  321.0511
970.5  320.6216
971.0  320.6540
971.5  322.9243
972.0  327.7091
972.5  333.5695
973.0  337.9516
973.5  338.4582
974.0  334.2605
974.5  327.0121
975.0  320.7470
975.5  320.5396
976.0  330.2624
976.5  350.4428
977.0  377.4776
977.5  404.8331
978.0  425.6238
978.5  435.1075
979.0  431.8665
979.5  417.4772
980.0  395.3773
980.5  369.7586
981.0  344.7770
981.5  323.8659
982.0  308.9840
982.5  300.0348
983.0  294.9116
983.5  290.3764
984.0  283.5129
984.5  273.1927
985.0  260.9663
985.5  250.9244
986.0  248.3439
986.5  257.4291
987.0  279.0907
987.5  309.9923
988.0  343.5470
988.5  372.3725
989.0  390.8348
989.5  396.4499
990.0  389.8547
990.5  373.9275
991.0  352.7791
991.5  330.8771
992.0  312.1549
992.5  299.0457
993.0  291.7587
993.5  288.2608
994.0  285.1387
994.5  279.0675
995.0  268.3388
995.5  253.8734
996.0  239.2400
996.5  229.4409
997.0  228.7392
997.5  238.4868
998.0  256.2136
998.5  276.6294
999.0  293.9636
999.5  304.2345
1000.0  306.3131
