0.0  200.8780
0.5  203.5708
1.0  223.4676
1.5  255.2432
2.0  288.7872
2.5  313.4816
3.0  322.6521
3.5  315.9909
4.0  299.0685
4.5  280.5126
5.0  268.3405
5.5  267.1057
6.0  276.9185
6.5  294.3263
7.0  314.1512
7.5  331.2277
8.0  341.5273
8.5  342.8202
9.0  335.2591
9.5  321.9278
10.0  308.7925
10.5  303.2504
11.0  311.1310
11.5  333.3680
12.0  364.4708
12.5  394.2085
13.0  411.8839
13.5  410.9037
14.0  391.3222
14.5  359.3560
15.0  324.4325
15.5  295.3496
16.0  277.3014
16.5  270.8625
17.0  272.8900
17.5  278.4020
18.0  282.3622
18.5  280.8614
19.0  271.8441
19.5  255.7357
20.0  235.9607
20.5  218.7505
21.0  211.4860
21.5  219.5850
22.0  243.3149
22.5  276.6291
23.0  309.1859
23.5  330.6629
24.0  335.0584
24.5  322.8884
25.0  300.5228
25.5  277.2803
26.0  261.7268
26.5  258.7605
27.0  268.5244
27.5  287.1999
28.0  308.8709
28.5  327.4416
29.0  338.0402
29.5  337.9465
30.0  327.3122
30.5  309.6326
31.0  291.4005
31.5  280.2695
32.0  281.8347
32.5  296.4663
33.0  318.2720
33.5  337.2520
34.0  343.6729
34.5  332.3298
35.0  304.6596
35.5  268.0192
36.0  232.7738
36.5  208.5940
37.0  201.4586
37.5  212.3554
38.0  237.7927
38.5  271.4564
39.0  306.1222
39.5  335.2829
40.0  354.4413
40.5  362.1839
41.0  360.8389
41.5  356.0855
42.0  354.9324
42.5  362.4074
43.0  378.5743
43.5  397.8540
44.0  411.3649
44.5  411.0221
45.0  393.1446
45.5  359.9094
46.0  318.3422
46.5  277.6298
47.0  246.0035
47.5  228.3792
48.0  225.4471
48.5  234.2088
49.0  249.3864
49.5  265.0063
50.0  275.7559
50.5  278.0887
51.0  271.1639
51.5  257.4411
52.0  242.3799
52.5  232.7216
53.0  233.5881
53.5  245.7519
54.0  264.8529
54.5  283.3222
55.0  294.0039
55.5  293.4299
56.0  283.1434
56.5  268.7346
57.0  257.3542
57.5  254.9366
58.0  264.2390
58.5  284.2724
59.0  311.0225
59.5  338.8812
60.0  362.1471
60.5  376.2486
61.0  378.6857
61.5  369.7663
62.0  352.9713
62.5  334.4588
63.0  321.2658
63.5  318.4781
64.0  326.6805
64.5  341.3656
65.0  354.9730
65.5  360.5049
66.0  354.6934
66.5  339.1689
67.0  319.3659
67.5  301.9889
68.0  292.2996
68.5  292.3165
69.0  300.4463
69.5  312.3789
70.0  322.6174
70.5  325.9965
71.0  318.8607
71.5  299.9099
72.0  270.7980
72.5  236.3336
73.0  203.8236
73.5  181.1498
74.0  173.8748
74.5  182.7021
75.0  202.9560
75.5  226.7039
76.0  246.4121
76.5  258.1011
77.0  262.5117
77.5  264.0768
78.0  268.5192
78.5  280.2650
79.0  300.6966
79.5  327.7574
80.0  356.7997
80.5  382.1091
81.0  398.4665
81.5  402.3694
82.0  392.8489
82.5  371.9155
83.0  344.5015
83.5  317.5528
84.0  298.0424
84.5  290.3269
85.0  294.0963
85.5  304.2976
86.0  313.3947
86.5  314.8353
87.0  305.8921
87.5  288.5838
88.0  268.5105
88.5  252.3653
89.0  245.2838
89.5  249.0880
90.0  261.9773
90.5  279.5350
91.0  296.4095
91.5  307.9596
92.0  311.4529
92.5  306.7554
93.0  296.5640
93.5  286.0675
94.0  281.7278
94.5  289.0487
95.0  309.9309
95.5  341.0120
96.0  374.3155
96.5  400.2380
97.0  411.3677
97.5  405.1785
98.0  384.4914
98.5  355.8459
99.0  326.7585
99.5  303.0657
100.0  287.3138
100.5  278.6045
101.0  273.6590
101.5  268.4401
102.0  259.6587
102.5  245.8084
103.0  227.7036
103.5  208.5968
104.0  193.7868
104.5  189.4169
105.0  200.3158
105.5  227.4457
106.0  266.3578
106.5  308.0152
107.0  342.0131
107.5  360.6135
108.0  361.5186
108.5  348.2193
109.0  328.1022
109.5  309.3909
110.0  298.2270
110.5  296.9154
111.0  303.7626
111.5  314.2569
112.0  322.8900
112.5  324.9108
113.0  317.6197
113.5  301.1665
114.0  278.9094
114.5  257.1809
115.0  244.0010
115.5  246.4216
116.0  267.1154
116.5  302.0382
117.0  341.0916
117.5  371.9982
118.0  385.3688
118.5  378.2418
119.0  354.6027
119.5  323.1783
120.0  293.8848
120.5  274.4732
121.0  268.4898
121.5  274.9707
122.0  289.5697
122.5  306.3744
123.0  319.6703
123.5  325.2516
124.0  321.2576
124.5  308.6725
125.0  291.4445
125.5  275.8193
126.0  268.3862
126.5  273.0335
127.0  288.2870
127.5  307.0664
128.0  319.6202
128.5  318.1300
129.0  300.3214
129.5  270.2978
130.0  236.6154
130.5  208.8929
131.0  194.5350
131.5  196.7261
132.0  214.1183
132.5  241.9169
133.0  273.6505
133.5  302.9256
134.0  324.7906
134.5  336.6789
135.0  339.0170
135.5  335.3813
136.0  331.7433
136.5  334.3397
137.0  346.5129
137.5  366.1479
138.0  385.7262
138.5  395.5475
139.0  388.3927
139.5  362.9415
140.0  324.3125
140.5  281.8987
141.0  245.8578
141.5  223.8208
142.0  218.9494
142.5  229.7391
143.0  251.2388
143.5  276.9332
144.0  300.5480
144.5  317.3827
145.0  325.1492
145.5  324.4523
146.0  318.8790
146.5  314.3089
147.0  316.9586
147.5  330.3545
148.0  352.7006
148.5  376.6787
149.0  392.4363
149.5  392.2150
150.0  373.9068
150.5  341.7513
151.0  304.2591
151.5  270.7487
152.0  248.1326
152.5  239.0944
153.0  242.0052
153.5  252.1879
154.0  263.7492
154.5  271.2620
155.0  270.9463
155.5  261.3798
156.0  243.9150
156.5  222.8081
157.0  204.6820
157.5  196.7800
158.0  204.0460
158.5  226.3088
159.0  257.5870
159.5  288.5291
160.0  310.7804
160.5  320.6822
161.0  320.3557
161.5  316.0230
162.0  314.8418
162.5  321.8956
163.0  338.5089
163.5  362.2287
164.0  388.0540
164.5  410.1164
165.0  423.1196
165.5  423.2474
166.0  408.6724
166.5  379.9755
167.0  340.5903
167.5  296.8912
168.0  257.1545
168.5  228.9838
169.0  216.0831
169.5  216.4510
170.0  223.6155
170.5  230.3808
171.0  232.6714
171.5  231.1817
172.0  230.2570
172.5  235.1231
173.0  249.1708
173.5  272.5489
174.0  302.3743
174.5  334.0329
175.0  362.7060
175.5  384.4539
176.0  396.6810
176.5  398.2455
177.0  389.5934
177.5  373.0385
178.0  352.8101
178.5  334.2075
179.0  321.6153
179.5  316.2213
180.0  315.0777
180.5  312.5689
181.0  303.6029
181.5  286.5180
182.0  263.9561
182.5  241.3974
183.0  224.4354
183.5  216.3552
184.0  217.1332
184.5  224.0332
185.0  233.1526
185.5  240.9831
186.0  245.3433
186.5  245.5871
187.0  242.4312
187.5  237.8120
188.0  234.8681
188.5  237.6624
189.0  250.0753
189.5  273.8382
190.0  306.7158
190.5  342.3673
191.0  372.5661
191.5  390.7494
192.0  394.8352
192.5  387.7420
193.0  375.5181
193.5  364.2922
194.0  357.6920
194.5  355.8837
195.0  356.3519
195.5  355.6352
196.0  350.9577
196.5  341.0856
197.0  326.3832
197.5  308.5054
198.0  290.1772
198.5  275.1187
199.0  267.6622
199.5  271.4980
200.0  287.6443
200.5  312.8046
201.0  339.6388
201.5  359.4081
202.0  365.6986
202.5  357.0755
203.0  337.2440
203.5  312.8546
204.0  290.3362
204.5  273.4246
205.0  262.4133
205.5  255.0756
206.0  248.3809
206.5  239.9787
207.0  228.8757
207.5  215.3673
208.0  200.7096
208.5  187.0040
209.0  177.3426
209.5  175.6946
210.0  185.8376
210.5  209.3055
211.0  243.5119
211.5  281.7213
212.0  315.4999
212.5  338.4087
213.0  348.7182
213.5  349.6305
214.0  347.1240
214.5  346.8303
215.0  351.6375
215.5  361.0381
216.0  372.1386
216.5  381.4254
217.0  386.2398
217.5  385.3836
218.0  378.9237
218.5  367.7073
219.0  353.1296
219.5  337.3016
220.0  323.1714
220.5  313.8697
221.0  311.0667
221.5  313.2684
222.0  315.6271
222.5  312.0218
223.0  298.3790
223.5  275.1154
224.0  247.1722
224.5  221.7236
225.0  204.9996
225.5  199.9506
226.0  205.7490
226.5  218.9819
227.0  235.5767
227.5  252.3912
228.0  267.8640
228.5  281.7602
229.0  294.5117
229.5  306.7462
230.0  319.2631
230.5  333.1234
231.0  349.1967
231.5  366.9630
232.0  383.3965
232.5  393.2664
233.0  391.3246
233.5  375.2497
234.0  347.4302
234.5  314.3841
235.0  284.1272
235.5  262.9510
236.0  253.2302
236.5  253.1407
237.0  258.0935
237.5  262.9364
238.0  263.8818
238.5  259.5254
239.0  250.8649
239.5  240.6282
240.0  232.3800
240.5  229.7323
241.0  235.6192
241.5  251.3467
242.0  275.4402
242.5  303.0605
243.0  327.0274
243.5  340.5728
244.0  340.5083
244.5  328.9422
245.0  312.5170
245.5  299.6036
246.0  296.9179
246.5  307.1250
247.0  328.2931
247.5  355.0679
248.0  380.7387
248.5  399.2697
249.0  406.7102
249.5  401.8350
250.0  386.1354
250.5  363.3394
251.0  338.5599
251.5  317.0480
252.0  302.5673
252.5  295.7937
253.0  293.6699
253.5  290.5766
254.0  281.1401
254.5  263.2181
255.0  239.3073
255.5  215.5791
256.0  199.1642
256.5  195.1712
257.0  204.8542
257.5  225.5418
258.0  251.9912
258.5  278.2946
259.0  299.5181
259.5  312.6605
260.0  316.9313
260.5  313.5571
261.0  305.3376
261.5  296.0491
262.0  289.6137
262.5  288.8932
263.0  294.2999
263.5  303.0233
264.0  309.8358
264.5  309.5616
265.0  299.9502
265.5  283.1873
266.0  265.1211
266.5  252.7168
267.0  251.1717
267.5  262.0760
268.0  283.2227
268.5  309.7781
269.0  336.0211
269.5  356.9037
270.0  369.0496
270.5  371.1748
271.0  364.1024
271.5  350.5293
272.0  334.5676
272.5  320.8986
273.0  313.3730
273.5  313.3114
274.0  318.4447
274.5  323.5975
275.0  323.2250
275.5  314.4458
276.0  298.6808
276.5  280.9447
277.0  267.3521
277.5  262.3379
278.0  266.9706
278.5  278.9066
279.0  293.6258
279.5  306.1397
280.0  312.4587
280.5  310.4820
281.0  300.3195
281.5  284.2020
282.0  266.1132
282.5  251.1426
283.0  244.4093
283.5  249.4400
284.0  266.3592
284.5  290.9607
285.0  315.7955
285.5  333.2451
286.0  338.9812
286.5  333.7639
287.0  322.6413
287.5  312.2342
288.0  307.7034
288.5  310.8304
289.0  319.7824
289.5  330.2316
290.0  337.0522
290.5  335.8899
291.0  324.2604
291.5  302.1397
292.0  272.1283
292.5  239.2216
293.0  210.0987
293.5  191.7658
294.0  189.5280
294.5  204.7901
295.0  233.8640
295.5  268.9491
296.0  301.2605
296.5  324.7047
297.0  338.0215
297.5  344.3708
298.0  348.9389
298.5  356.0913
299.0  367.4803
299.5  381.6942
300.0  395.1579
300.5  403.5579
301.0  403.1482
301.5  391.6573
302.0  368.8228
302.5  336.6729
303.0  299.5670
303.5  263.8003
304.0  236.4349
304.5  223.2015
305.0  226.0265
305.5  241.5738
306.0  262.1759
306.5  279.1232
307.0  286.5402
307.5  283.6155
308.0  274.1561
308.5  264.1303
309.0  258.7869
309.5  260.7475
310.0  269.6062
310.5  282.7224
311.0  296.4954
311.5  307.5220
312.0  313.3768
312.5  313.0388
313.0  307.0815
313.5  297.6921
314.0  288.4452
314.5  283.5994
315.0  286.7038
315.5  298.7473
316.0  316.8437
316.5  334.6947
317.0  345.1250
317.5  343.4138
318.0  329.4382
318.5  307.4687
319.0  284.0000
319.5  265.0083
320.0  253.9990
320.5  251.4575
321.0  255.4943
321.5  263.0408
322.0  271.0012
322.5  277.0631
323.0  280.1526
323.5  280.6410
324.0  280.3817
324.5  282.5085
325.0  290.7345
325.5  307.9013
326.0  334.0288
326.5  364.9730
327.0  393.0521
327.5  409.9158
328.0  410.2142
328.5  393.9114
329.0  366.0451
329.5  334.3759
330.0  306.3852
330.5  287.0257
331.0  277.8773
331.5  277.5617
332.0  282.8410
332.5  289.8349
333.0  295.0444
333.5  296.1103
334.0  292.3380
334.5  284.9758
335.0  277.0840
335.5  272.6982
336.0  275.1394
336.5  284.9670
337.0  298.8218
337.5  310.3390
338.0  313.0218
338.5  303.4698
339.0  283.0510
339.5  257.2247
340.0  233.1621
340.5  217.0480
341.0  212.2536
341.5  218.8535
342.0  234.2616
342.5  254.4113
343.0  274.9477
343.5  292.1688
344.0  303.7003
344.5  308.9855
345.0  309.5751
345.5  308.9675
346.0  311.6100
346.5  320.9573
347.0  337.3060
347.5  356.8409
348.0  372.9544
348.5  379.3783
349.0  373.2975
349.5  356.6576
350.0  335.1566
350.5  315.7420
351.0  303.9850
351.5  302.4215
352.0  310.2539
352.5  324.1480
353.0  339.5232
353.5  351.7808
354.0  357.1920
354.5  353.4682
355.0  340.1936
355.5  319.1943
356.0  294.5776
356.5  271.8816
357.0  256.0585
357.5  249.0320
358.0  248.4814
358.5  249.0777
359.0  245.6315
359.5  236.1305
360.0  222.8189
360.5  210.9455
361.0  206.1959
361.5  212.2726
362.0  229.6573
362.5  255.7996
363.0  286.2922
363.5  316.3076
364.0  341.6882
364.5  359.4620
365.0  367.9550
365.5  366.8894
366.0  357.7150
366.5  343.9147
367.0  330.5440
367.5  322.4644
368.0  321.8482
368.5  326.6611
369.0  331.5649
369.5  330.9173
370.0  321.9209
370.5  305.9933
371.0  287.8252
371.5  273.0119
372.0  265.6599
372.5  267.0384
373.0  275.5993
373.5  288.0132
374.0  300.5113
374.5  309.8865
375.0  313.8692
375.5  311.0786
376.0  301.0639
376.5  284.8305
377.0  265.5961
377.5  248.7927
378.0  240.4103
378.5  244.0802
379.0  258.8416
379.5  279.5170
380.0  299.6630
380.5  315.0214
381.0  325.2195
381.5  333.0147
382.0  342.0150
382.5  354.4123
383.0  369.8529
383.5  385.7249
384.0  398.3942
384.5  404.5891
385.0  402.2609
385.5  390.6938
386.0  370.1617
386.5  341.7280
387.0  307.5889
387.5  271.6621
388.0  239.4480
388.5  216.3775
389.0  205.1823
389.5  204.1671
390.0  208.0186
390.5  210.8565
391.0  209.4584
391.5  204.6316
392.0  200.2236
392.5  200.7480
393.0  209.1115
393.5  225.4977
394.0  247.6439
394.5  272.0337
395.0  295.2257
395.5  314.6796
396.0  328.8936
396.5  337.1661
397.0  339.5497
397.5  337.3233
398.0  333.5886
398.5  332.9769
399.0  339.7720
399.5  355.1845
400.0  375.7958
400.5  394.7344
401.0  405.0537
401.5  403.0759
402.0  389.7081
402.5  369.3503
403.0  347.4582
403.5  328.2284
404.0  313.4167
404.5  302.4966
405.0  293.7016
405.5  285.2088
406.0  275.8633
406.5  265.2670
407.0  253.5299
407.5  241.2205
408.0  229.8116
408.5  222.2169
409.0  222.4416
409.5  233.7335
410.0  256.0371
410.5  284.7409
411.0  312.1293
411.5  330.8490
412.0  337.1289
412.5  331.8721
413.0  319.4034
413.5  305.0289
414.0  292.8570
414.5  284.7684
415.0  280.6143
415.5  279.1329
416.0  278.9005
416.5  278.8397
417.0  278.2061
417.5  276.3875
418.0  273.0310
418.5  268.7453
419.0  265.9189
419.5  268.5755
420.0  280.5278
420.5  302.5786
421.0  330.8827
421.5  358.1250
422.0  376.9644
422.5  383.4041
423.0  378.0424
423.5  364.9069
424.0  349.0613
424.5  334.4779
425.0  323.0548
425.5  314.8129
426.0  308.7399
426.5  303.6228
427.0  298.4433
427.5  292.3028
428.0  284.2258
428.5  273.3549
429.0  259.7952
429.5  245.6641
430.0  235.2258
430.5  233.2148
431.0  241.9082
431.5  259.0678
432.0  278.6615
432.5  294.0892
433.0  301.6065
433.5  301.7210
434.0  298.1208
434.5  295.3213
435.0  296.5925
435.5  303.0622
436.0  313.9863
436.5  327.5989
437.0  341.8878
437.5  354.9240
438.0  364.7944
438.5  369.5251
439.0  367.4585
439.5  358.2031
440.0  343.5689
440.5  327.4016
441.0  313.7097
441.5  304.0015
442.0  295.9476
442.5  284.7809
443.0  266.6001
443.5  241.1810
444.0  212.4668
444.5  186.7544
445.0  169.9778
445.5  165.6310
446.0  174.1109
446.5  193.3470
447.0  220.0254
447.5  250.6716
448.0  282.1808
448.5  311.8240
449.0  337.1297
449.5  356.1358
450.0  368.1863
450.5  374.7577
451.0  379.2686
451.5  385.2397
452.0  393.6414
452.5  401.5007
453.0  403.2427
453.5  394.0399
454.0  372.7960
454.5  342.8559
455.0  310.3519
455.5  281.5376
456.0  260.6577
456.5  249.1690
457.0  246.2177
457.5  249.7150
458.0  257.2963
458.5  266.7564
459.0  276.0047
459.5  282.9608
460.0  285.9107
460.5  284.4778
461.0  280.5999
461.5  278.3455
462.0  281.9060
462.5  292.7127
463.0  307.9123
463.5  321.7181
464.0  328.8056
464.5  327.2809
465.0  319.3342
465.5  309.5975
466.0  302.6199
466.5  300.9776
467.0  304.7413
467.5  312.1240
468.0  320.6156
468.5  327.9015
469.0  332.1832
469.5  331.9724
470.0  325.8167
470.5  312.5469
471.0  292.2973
471.5  267.7511
472.0  244.3495
472.5  228.4712
473.0  224.1774
473.5  230.7867
474.0  243.3488
474.5  255.7945
475.0  264.3907
475.5  269.1966
476.0  273.0688
476.5  279.4375
477.0  290.4188
477.5  306.1176
478.0  325.0485
478.5  345.0471
479.0  363.9939
479.5  379.9791
480.0  390.9890
480.5  394.6013
481.0  388.3326
481.5  370.9334
482.0  344.0808
482.5  313.0881
483.0  285.3812
483.5  267.0604
484.0  259.7855
484.5  260.4144
485.0  263.6508
485.5  265.5139
486.0  265.1371
486.5  264.1713
487.0  264.8919
487.5  268.5802
488.0  275.0382
488.5  283.1220
489.0  291.6223
489.5  299.8100
490.0  307.3199
490.5  313.5224
491.0  316.9482
491.5  315.4622
492.0  307.5028
492.5  293.8297
493.0  278.3844
493.5  266.9952
494.0  264.2050
494.5  270.3849
495.0  281.4976
495.5  291.7660
496.0  297.1135
496.5  296.9318
497.0  293.4523
497.5  289.7856
498.0  288.1766
498.5  289.3516
499.0  292.8935
499.5  298.0332
500.0  304.2086
500.5  311.0592
501.0  317.9511
501.5  323.5114
502.0  325.7900
502.5  323.3431
503.0  316.7598
503.5  309.4014
504.0  306.2249
504.5  310.9263
505.0  323.3204
505.5  339.0900
506.0  352.1980
506.5  358.0858
507.0  355.4300
507.5  345.7272
508.0  331.6318
508.5  315.4499
509.0  298.5883
509.5  281.8856
510.0  266.2409
510.5  252.9389
511.0  243.3704
511.5  238.2864
512.0  237.1208
512.5  238.0666
513.0  239.2314
513.5  240.3612
514.0  243.8146
514.5  253.5905
515.0  272.6059
515.5  300.1257
516.0  331.4683
516.5  360.2852
517.0  381.5955
517.5  393.4386
518.0  396.4900
518.5  392.5619
519.0  383.3091
519.5  369.8299
520.0  353.0316
520.5  334.1898
521.0  315.1503
521.5  297.9126
522.0  283.7403
522.5  272.3389
523.0  261.8159
523.5  249.8271
524.0  235.4873
524.5  220.7599
525.0  209.9815
525.5  207.3878
526.0  214.2709
526.5  227.9912
527.0  243.6213
527.5  256.8102
528.0  265.7146
528.5  271.0130
529.0  274.6339
529.5  278.4502
530.0  283.7257
530.5  291.3008
531.0  302.0200
531.5  316.8555
532.0  336.4394
532.5  360.1370
533.0  385.2426
533.5  407.0982
534.0  420.5935
534.5  422.5598
535.0  413.5982
535.5  397.8073
536.0  380.2262
536.5  363.7285
537.0  347.7628
537.5  329.7870
538.0  307.9318
538.5  282.6624
539.0  256.4738
539.5  232.3603
540.0  212.4378
540.5  197.5640
541.0  187.8990
541.5  183.7730
542.0  186.1392
542.5  196.1794
543.0  214.1448
543.5  238.1285
544.0  263.8081
544.5  285.8260
545.0  300.3335
545.5  307.0521
546.0  309.1542
546.5  310.7722
547.0  313.9801
547.5  317.6600
548.0  319.0108
548.5  316.1673
549.0  309.7347
549.5  302.3346
550.0  296.9179
550.5  295.2287
551.0  297.3168
551.5  302.1363
552.0  308.6470
552.5  316.6606
553.0  326.8544
553.5  339.8489
554.0  354.8934
554.5  369.2107
555.0  378.8494
555.5  380.8297
556.0  375.1066
556.5  364.6558
557.0  353.3580
557.5  343.3046
558.0  333.7502
558.5  322.4436
559.0  307.9708
559.5  291.1282
560.0  274.4897
560.5  260.8371
561.0  251.7074
561.5  246.9168
562.0  245.1537
562.5  245.1390
563.0  246.5918
563.5  250.3330
564.0  257.3157
564.5  267.1351
565.0  277.2214
565.5  283.7435
566.0  284.0090
566.5  278.6739
567.0  271.8150
567.5  268.4748
568.0  271.4745
568.5  280.0034
569.0  290.8862
569.5  301.1441
570.0  309.7186
570.5  317.3888
571.0  325.4591
571.5  334.4329
572.0  343.5260
572.5  351.1552
573.0  355.9716
573.5  357.7418
574.0  357.4285
574.5  356.2356
575.0  354.1365
575.5  349.0534
576.0  337.7089
576.5  317.9746
577.0  291.1058
577.5  261.9597
578.0  236.7116
578.5  219.6609
579.0  211.5143
579.5  210.1955
580.0  213.0929
580.5  218.8026
581.0  227.3338
581.5  239.1623
582.0  254.1731
582.5  271.2812
583.0  288.8845
583.5  305.7696
584.0  321.8160
584.5  337.8850
585.0  354.7037
585.5  371.3337
586.0  384.4639
586.5  389.5579
587.0  383.5830
587.5  367.5238
588.0  346.5786
588.5  327.4942
589.0  314.8273
589.5  308.8887
590.0  306.6458
590.5  304.3863
591.0  299.8961
591.5  292.9161
592.0  284.2618
592.5  274.7320
593.0  264.6354
593.5  254.0841
594.0  243.6727
594.5  234.9444
595.0  230.1217
595.5  230.9816
596.0  237.4278
596.5  246.8638
597.0  255.2663
597.5  259.6829
598.0  260.5033
598.5  261.5882
599.0  267.8138
599.5  281.7612
600.0  302.0931
600.5  324.6695
601.0  345.1492
601.5  360.9687
602.0  371.6418
602.5  377.8256
603.0  380.2253
603.5  379.0860
604.0  374.3839
604.5  366.3694
605.0  355.9635
605.5  344.6101
606.0  333.5264
606.5  322.7842
607.0  311.0250
607.5  296.4063
608.0  278.4812
608.5  259.6811
609.0  244.9211
609.5  239.1124
610.0  244.2028
610.5  257.9883
611.0  275.5126
611.5  291.7709
612.0  303.7189
612.5  310.6322
613.0  313.2743
613.5  312.8820
614.0  310.6347
614.5  307.6598
615.0  305.2337
615.5  304.7609
616.0  307.2938
616.5  312.7096
617.0  319.0684
617.5  322.8537
618.0  320.4566
618.5  310.3867
619.0  294.8236
619.5  279.0964
620.0  268.9458
620.5  267.2368
621.0  272.4610
621.5  279.9980
622.0  284.9278
622.5  284.3201
623.0  277.8767
623.5  267.2557
624.0  255.0394
624.5  244.0251
625.0  236.9291
625.5  236.2122
626.0  243.6972
626.5  259.8666
627.0  283.0900
627.5  309.3438
628.0  332.9987
628.5  348.7886
629.0  354.2351
629.5  351.1114
630.0  344.6813
630.5  340.7553
631.0  342.3204
631.5  348.0449
632.0  353.5346
632.5  354.0997
633.0  346.9970
633.5  332.0819
634.0  311.2094
634.5  287.3110
635.0  263.7692
635.5  244.1323
636.0  231.8531
636.5  229.7262
637.0  238.9581
637.5  258.2004
638.0  283.1900
638.5  307.6148
639.0  325.2967
639.5  332.9000
640.0  331.6572
640.5  326.7376
641.0  324.2150
641.5  327.4143
642.0  335.1134
642.5  342.6857
643.0  344.9938
643.5  338.8674
644.0  323.9338
644.5  302.0758
645.0  276.4748
645.5  250.9161
646.0  229.4269
646.5  215.9242
647.0  213.5366
647.5  223.5508
648.0  244.3753
648.5  271.2393
649.0  297.2640
649.5  315.9026
650.0  323.7845
650.5  322.3477
651.0  316.9756
651.5  313.8541
652.0  316.4985
652.5  324.2658
653.0  333.5795
653.5  340.5084
654.0  342.7269
654.5  339.9497
655.0  333.2806
655.5  324.3923
656.0  315.0944
656.5  307.2738
657.0  302.8526
657.5  303.4187
658.0  309.4588
658.5  319.5217
659.0  329.9375
659.5  335.6604
660.0  332.2594
660.5  318.2511
661.0  296.3859
661.5  272.7649
662.0  253.9646
662.5  243.8807
663.0  242.3637
663.5  246.3321
664.0  252.1693
664.5  257.5993
665.0  262.1572
665.5  266.6156
666.0  272.2022
666.5  280.1488
667.0  291.5687
667.5  307.3411
668.0  327.6982
668.5  351.5113
669.0  375.6648
669.5  395.1364
670.0  404.2196
670.5  398.7139
671.0  378.1439
671.5  346.6750
672.0  311.8215
672.5  281.3295
673.0  259.9696
673.5  248.1635
674.0  243.0135
674.5  240.6054
675.0  237.9371
675.5  233.6594
676.0  227.8923
676.5  221.7866
677.0  217.2223
677.5  216.5790
678.0  222.2800
678.5  235.9259
679.0  257.2086
679.5  283.1718
680.0  308.4689
680.5  326.9073
681.0  333.8833
681.5  328.6602
682.0  315.2106
682.5  300.8333
683.0  292.9636
683.5  295.8743
684.0  309.1857
684.5  328.8335
685.0  349.4481
685.5  366.4946
686.0  377.2747
686.5  380.9624
687.0  378.2878
687.5  371.2410
688.0  362.7305
688.5  355.9182
689.0  353.1131
689.5  354.5220
690.0  357.5236
690.5  357.1309
691.0  347.8197
691.5  326.1463
692.0  292.9756
692.5  254.0370
693.0  218.1463
693.5  193.7059
694.0  185.3081
694.5  192.3405
695.0  210.1165
695.5  232.3759
696.0  253.5095
696.5  269.6749
697.0  279.0177
697.5  281.5861
698.0  279.2304
698.5  275.3326
699.0  274.0287
699.5  278.8165
700.0  290.9435
700.5  308.3932
701.0  326.2448
701.5  338.5775
702.0  341.2258
702.5  334.0702
703.0  321.5362
703.5  310.7320
704.0  308.0060
704.5  315.8528
705.0  331.9749
705.5  350.7970
706.0  366.1130
706.5  373.2232
707.0  369.8314
707.5  356.0006
708.0  333.7916
708.5  306.9042
709.0  280.2067
709.5  258.8541
710.0  246.9024
710.5  245.7961
711.0  253.5064
711.5  265.0383
712.0  274.4146
712.5  277.4007
713.0  273.6730
713.5  267.1948
714.0  264.3464
714.5  270.6226
715.0  287.7198
715.5  312.6808
716.0  339.3657
716.5  361.0386
717.0  372.5348
717.5  371.2763
718.0  357.3464
718.5  333.1804
719.0  303.1855
719.5  273.1977
720.0  249.4723
720.5  237.0847
721.0  238.1231
721.5  250.5487
722.0  268.6132
722.5  285.0508
723.0  294.2569
723.5  294.9467
724.0  290.8056
724.5  288.5255
725.0  294.1017
725.5  309.4835
726.0  331.5477
726.5  353.7489
727.0  369.0643
727.5  372.4427
728.0  361.8855
728.5  338.3911
729.0  305.4240
729.5  268.3394
730.0  233.7336
730.5  208.3995
731.0  197.6755
731.5  203.5018
732.0  223.1164
732.5  249.4462
733.0  273.5483
733.5  288.2765
734.0  291.4689
734.5  286.9438
735.0  282.5484
735.5  286.1038
736.0  301.4570
736.5  326.8561
737.0  356.2641
737.5  382.3251
738.0  399.0740
738.5  403.3165
739.0  394.7818
739.5  375.7085
740.0  350.3721
740.5  324.5884
741.0  304.8380
741.5  296.6632
742.0  302.5047
742.5  319.9302
743.0  341.5653
743.5  357.4163
744.0  358.9041
744.5  342.7353
745.0  312.5339
745.5  277.1579
746.0  246.4481
746.5  226.7870
747.0  218.9865
747.5  219.3229
748.0  222.4145
748.5  223.8911
749.0  221.6754
749.5  215.9744
750.0  208.7159
750.5  203.0368
751.0  202.9376
751.5  212.7572
752.0  235.9950
752.5  273.4351
753.0  321.3800
753.5  371.3792
754.0  412.3920
754.5  434.8751
755.0  434.8531
755.5  415.6918
756.0  386.3886
756.5  357.1991
757.0  335.1138
757.5  321.7351
758.0  314.2852
758.5  308.3614
759.0  300.4111
759.5  288.8403
760.0  273.9319
760.5  257.3246
761.0  241.6415
761.5  230.3541
762.0  227.5038
762.5  236.7442
763.0  259.5602
763.5  293.3851
764.0  331.0300
764.5  362.5155
765.0  378.9542
765.5  376.5855
766.0  358.6174
766.5  333.6251
767.0  311.2974
767.5  298.0116
768.0  294.7328
768.5  297.9623
769.0  302.4210
769.5  303.5347
770.0  298.6598
770.5  287.1764
771.0  270.1370
771.5  250.0245
772.0  230.6976
772.5  217.1304
773.0  214.3712
773.5  225.5398
774.0  249.6109
774.5  280.5152
775.0  308.7819
775.5  325.4489
776.0  326.3141
776.5  314.0950
777.0  297.0982
777.5  285.0201
778.0  284.2928
778.5  295.6273
779.0  314.7585
779.5  335.2266
780.0  351.1580
780.5  358.7800
781.0  356.6837
781.5  345.5271
782.0  327.7720
782.5  307.5321
783.0  290.1105
783.5  280.6947
784.0  282.1981
784.5  293.1951
785.0  307.4837
785.5  316.2231
786.0  312.0188
786.5  292.9249
787.0  264.1075
787.5  236.0085
788.0  219.7393
788.5  222.1477
789.0  243.2670
789.5  277.2199
790.0  315.3783
790.5  349.5989
791.0  374.1147
791.5  386.0301
792.0  385.1338
792.5  373.6634
793.0  356.1095
793.5  338.6058
794.0  327.3428
794.5  326.0408
795.0  333.5792
795.5  343.4851
796.0  346.2804
796.5  333.9497
797.0  304.3105
797.5  262.8717
798.0  220.9316
798.5  190.6790
799.0  179.9147
799.5  189.3290
800.0  213.4721
800.5  244.0736
801.0  273.3368
801.5  295.7528
802.0  308.4822
802.5  311.1311
803.0  305.5874
803.5  295.9574
804.0  288.0687
804.5  287.9157
805.0  299.0850
805.5  320.3213
806.0  344.9991
806.5  363.4752
807.0  367.4934
807.5  354.3733
808.0  328.6534
808.5  300.1363
809.0  279.2412
809.5  272.2215
810.0  278.9128
810.5  293.9062
811.0  309.7695
811.5  320.0968
812.0  321.0747
812.5  311.6633
813.0  293.2094
813.5  269.1519
814.0  244.8641
814.5  227.0940
815.0  222.3617
815.5  234.3439
816.0  261.4265
816.5  296.2238
817.0  328.0529
817.5  347.4945
818.0  350.7215
818.5  341.2395
819.0  327.9916
819.5  320.7423
820.0  325.2813
820.5  341.1208
821.0  362.6069
821.5  382.1065
822.0  393.0473
822.5  391.4723
823.0  376.1936
823.5  348.3854
824.0  311.3309
824.5  270.4111
825.0  232.7792
825.5  205.9667
826.0  195.2846
826.5  201.1085
827.0  217.9362
827.5  236.4262
828.0  247.7339
828.5  247.8660
829.0  239.6400
829.5  231.1111
830.0  231.2539
830.5  245.3030
831.0  272.3808
831.5  306.4569
832.0  339.4723
832.5  364.4558
833.0  377.2030
833.5  376.4957
834.0  363.6670
834.5  342.2467
835.0  317.7869
835.5  297.3085
836.0  287.6639
836.5  292.8193
837.0  311.3183
837.5  335.8206
838.0  355.6914
838.5  361.6536
839.0  350.1147
839.5  324.8971
840.0  295.4466
840.5  272.3812
841.0  262.7149
841.5  267.3005
842.0  281.5576
842.5  298.4235
843.0  311.4226
843.5  316.4034
844.0  311.8609
844.5  298.6196
845.0  279.6198
845.5  259.9102
846.0  246.2237
846.5  245.3164
847.0  261.0175
847.5  291.3724
848.0  328.0299
848.5  359.0004
849.0  373.6885
849.5  367.5592
850.0  344.0181
850.5  312.6082
851.0  284.4840
851.5  267.5302
852.0  263.6522
852.5  269.3165
853.0  278.3349
853.5  284.8436
854.0  285.0303
854.5  277.4939
855.0  262.9915
855.5  244.3164
856.0  226.4000
856.5  215.9685
857.0  219.8491
857.5  241.8586
858.0  279.7766
858.5  324.7538
859.0  364.3255
859.5  387.7067
860.0  390.4193
860.5  375.7773
861.0  352.6587
861.5  330.9857
862.0  317.4224
862.5  313.4156
863.0  316.0500
863.5  320.4809
864.0  322.2039
864.5  318.1919
865.0  307.0369
865.5  288.8257
866.0  265.3472
866.5  240.6079
867.0  220.8842
867.5  213.2801
868.0  222.5936
868.5  247.9929
869.0  282.0428
869.5  313.4805
870.0  332.4518
870.5  335.0988
871.0  324.9193
871.5  310.4335
872.0  300.7662
872.5  301.6634
873.0  313.8458
873.5  333.9371
874.0  356.7099
874.5  377.0822
875.0  391.0797
875.5  395.9761
876.0  390.3098
876.5  374.3260
877.0  350.7650
877.5  325.1624
878.0  304.5408
878.5  294.2292
879.0  294.3597
879.5  298.7347
880.0  297.5814
880.5  282.8407
881.0  252.7079
881.5  212.7616
882.0  173.3243
882.5  144.8505
883.0  133.9405
883.5  141.7926
884.0  165.1809
884.5  198.6498
885.0  236.4321
885.5  273.4092
886.0  305.3671
886.5  329.2199
887.0  343.6813
887.5  350.2301
888.0  353.4754
888.5  359.7903
889.0  374.0102
889.5  395.8433
890.0  418.7406
890.5  432.6956
891.0  429.5268
891.5  407.3259
892.0  371.4538
892.5  331.8195
893.0  298.3058
893.5  276.9617
894.0  268.7188
894.5  270.6011
895.0  278.0097
895.5  286.5497
896.0  292.7624
896.5  294.0891
897.0  288.8142
897.5  276.5449
898.0  259.1730
898.5  241.4953
899.0  230.2867
899.5  231.3191
900.0  245.6298
900.5  267.7801
901.0  288.0246
901.5  297.4353
902.0  292.6911
902.5  277.5484
903.0  260.3988
903.5  249.7604
904.0  250.4755
904.5  262.4774
905.0  282.0851
905.5  304.3460
906.0  324.8644
906.5  340.4635
907.0  348.9975
907.5  349.0585
908.0  340.1923
908.5  323.7133
909.0  303.5086
909.5  285.7280
910.0  276.6143
910.5  279.1828
911.0  290.9973
911.5  305.1403
912.0  314.1843
912.5  314.5199
913.0  308.0982
913.5  300.6629
914.0  298.0184
914.5  302.9237
915.0  314.3063
915.5  328.6282
916.0  341.9719
916.5  351.4717
917.0  355.6142
917.5  353.7718
918.0  345.6541
918.5  331.2290
919.0  311.2547
919.5  288.0289
920.0  265.5413
920.5  248.3394
921.0  239.3458
921.5  238.0638
922.0  240.8243
922.5  243.3234
923.0  243.7389
923.5  244.0787
924.0  248.7571
924.5  261.5148
925.0  282.9057
925.5  309.8950
926.0  337.4277
926.5  360.6245
927.0  376.2955
927.5  383.2943
928.0  382.0195
928.5  373.6787
929.0  359.8255
929.5  342.3493
930.0  323.7046
930.5  306.8631
931.0  294.5464
931.5  287.8928
932.0  285.4863
932.5  283.8354
933.0  279.4507
933.5  271.2548
934.0  261.4949
934.5  254.3232
935.0  253.0099
935.5  257.8098
936.0  265.8925
936.5  273.1024
937.0  276.1454
937.5  273.8935
938.0  267.4084
938.5  259.0925
939.0  251.6524
939.5  247.3961
940.0  248.0325
940.5  254.7670
941.0  268.2781
941.5  288.2691
942.0  312.7745
942.5  337.9216
943.0  358.8520
943.5  371.7296
944.0  375.7303
944.5  373.5606
945.0  369.8833
945.5  368.5209
946.0  370.2538
946.5  372.5848
947.0  371.3807
947.5  363.1155
948.0  346.3868
948.5  322.1874
949.0  293.2410
949.5  263.0448
950.0  235.1359
950.5  212.7450
951.0  198.6398
951.5  194.7916
952.0  201.6698
952.5  217.4683
953.0  238.0145
953.5  257.9793
954.0  273.1327
954.5  282.3899
955.0  288.1793
955.5  294.6526
956.0  304.8194
956.5  318.5400
957.0  332.6529
957.5  342.9137
958.0  346.2807
958.5  342.2037
959.0  332.5162
959.5  320.3830
960.0  309.0595
960.5  301.0485
961.0  297.8498
961.5  300.0935
962.0  307.6224
962.5  319.2222
963.0  332.1963
963.5  342.4560
964.0  345.6972
964.5  339.4163
965.0  324.5768
965.5  305.6074
966.0  288.4022
966.5  277.4459
967.0  273.8789
967.5  275.6162
968.0  279.1414
968.5  281.6075
969.0  282.0384
969.5  281.2897
970.0  281.1927
970.5  283.5586
971.0  289.5531
971.5  299.5750
972.0  313.3999
972.5  330.1668
973.0  347.9957
973.5  363.5553
974.0  372.3256
974.5  370.0482
975.0  354.9229
975.5  329.2141
976.0  298.9588
976.5  271.5969
977.0  252.7966
977.5  244.3544
978.0  244.2725
978.5  248.6055
979.0  253.6862
979.5  257.5035
980.0  259.8707
980.5  261.7777
981.0  264.5772
981.5  269.4775
982.0  277.4262
982.5  289.0930
983.0  304.5313
983.5  322.4192
984.0  339.4063
984.5  350.4593
985.0  350.6517
985.5  337.7349
986.0  313.9609
986.5  285.8015
987.0  261.4268
987.5  247.2564
988.0  245.5316
988.5  254.1409
989.0  268.4174
989.5  283.5263
990.0  296.1133
990.5  304.7354
991.0  309.4295
991.5  311.0840
992.0  311.0874
992.5  311.2775
993.0  313.7851
993.5  320.3072
994.0  330.8361
994.5  342.6545
995.0  350.7039
995.5  349.7015
996.0  337.0443
996.5  314.7357
997.0  289.0091
997.5  267.7034
998.0  256.8278
998.5  258.2237
999.0  269.4467
999.5  285.5489
1000.0  301.4201
