0.0  0.324700  1.474957  1.799657
0.5  0.322358  1.477392  1.799750
1.0  0.334711  1.464820  1.799531
1.5  0.357803  1.441402  1.799204
2.0  0.384040  1.414638  1.798678
2.5  0.404946  1.393246  1.798192
3.0  0.414385  1.383704  1.798088
3.5  0.410941  1.387489  1.798430
4.0  0.398383  1.400692  1.799075
4.5  0.383877  1.415701  1.799578
5.0  0.374662  1.425315  1.799976
5.5  0.374834  1.425118  1.799952
6.0  0.383924  1.415749  1.799674
6.5  0.397750  1.401542  1.799292
7.0  0.410664  1.388438  1.799101
7.5  0.417799  1.381217  1.799015
8.0  0.416524  1.382435  1.798959
8.5  0.407078  1.391870  1.798947
9.0  0.392616  1.406781  1.799396
9.5  0.378669  1.421321  1.799990
10.0  0.371833  1.428572  1.800405
10.5  0.377707  1.422573  1.800280
11.0  0.398639  1.401572  1.800211
11.5  0.432270  1.367969  1.800239
12.0  0.471755  1.327974  1.799729
12.5  0.507809  1.291051  1.798861
13.0  0.531922  1.266417  1.798340
13.5  0.539547  1.258800  1.798347
14.0  0.531989  1.266907  1.798896
14.5  0.515997  1.283501  1.799498
15.0  0.500820  1.299387  1.800207
15.5  0.493816  1.306443  1.800259
16.0  0.496880  1.303138  1.800017
16.5  0.505714  1.293999  1.799713
17.0  0.512224  1.287221  1.799445
17.5  0.508309  1.290941  1.799250
18.0  0.488959  1.310124  1.799083
18.5  0.453645  1.345793  1.799439
19.0  0.406251  1.393633  1.799884
19.5  0.354180  1.446274  1.800454
20.0  0.306924  1.494175  1.801099
20.5  0.273989  1.527544  1.801533
21.0  0.262254  1.539491  1.801745
21.5  0.273473  1.528172  1.801645
22.0  0.303084  1.497803  1.800887
22.5  0.341202  1.458555  1.799757
23.0  0.375711  1.423458  1.799169
23.5  0.396412  1.402927  1.799339
24.0  0.398785  1.400810  1.799595
24.5  0.385953  1.414085  1.800037
25.0  0.367775  1.432988  1.800764
25.5  0.356884  1.444594  1.801478
26.0  0.363020  1.438227  1.801247
26.5  0.388500  1.412165  1.800664
27.0  0.427342  1.372410  1.799752
27.5  0.468295  1.330850  1.799145
28.0  0.499600  1.298971  1.798570
28.5  0.512889  1.285501  1.798391
29.0  0.505013  1.293614  1.798627
29.5  0.478165  1.321080  1.799245
30.0  0.439100  1.360743  1.799843
30.5  0.397763  1.402522  1.800285
31.0  0.365119  1.435876  1.800995
31.5  0.350146  1.451294  1.801440
32.0  0.356708  1.444316  1.801024
32.5  0.381739  1.418637  1.800376
33.0  0.415888  1.383937  1.799824
33.5  0.446695  1.352781  1.799476
34.0  0.463130  1.335764  1.798894
34.5  0.459810  1.339035  1.798845
35.0  0.439313  1.360538  1.799852
35.5  0.411532  1.389377  1.800909
36.0  0.389868  1.411243  1.801111
36.5  0.385618  1.415855  1.801472
37.0  0.403219  1.398428  1.801647
37.5  0.438823  1.362085  1.800908
38.0  0.482625  1.317199  1.799824
38.5  0.523103  1.276009  1.799112
39.0  0.550785  1.248219  1.799004
39.5  0.560350  1.238928  1.799278
40.0  0.551277  1.248192  1.799469
40.5  0.527665  1.272525  1.800189
41.0  0.497400  1.303452  1.800852
41.5  0.470356  1.331064  1.801419
42.0  0.455448  1.346191  1.801639
42.5  0.457287  1.344403  1.801690
43.0  0.473948  1.327378  1.801326
43.5  0.497235  1.303398  1.800633
44.0  0.515630  1.284572  1.800202
44.5  0.518750  1.281255  1.800005
45.0  0.501532  1.298761  1.800294
45.5  0.466516  1.334281  1.800797
46.0  0.423178  1.378489  1.801668
46.5  0.384232  1.418378  1.802610
47.0  0.360263  1.442616  1.802879
47.5  0.355349  1.447022  1.802371
48.0  0.365976  1.436025  1.802001
48.5  0.383525  1.417967  1.801492
49.0  0.398400  1.402458  1.800858
49.5  0.403464  1.397050  1.800514
50.0  0.395679  1.404793  1.800472
50.5  0.376274  1.424682  1.800956
51.0  0.350214  1.451337  1.801551
51.5  0.325223  1.476886  1.802108
52.0  0.310120  1.492495  1.802615
52.5  0.312232  1.490789  1.803021
53.0  0.334448  1.468573  1.803022
53.5  0.373278  1.428582  1.801859
54.0  0.419199  1.381994  1.801193
54.5  0.459565  1.340991  1.800556
55.0  0.483009  1.316797  1.799805
55.5  0.483658  1.316424  1.800083
56.0  0.463498  1.337216  1.800714
56.5  0.431782  1.369907  1.801689
57.0  0.401346  1.401034  1.802379
57.5  0.383192  1.419688  1.802881
58.0  0.381979  1.421069  1.803048
58.5  0.394761  1.407213  1.801974
59.0  0.413320  1.387525  1.800844
59.5  0.428200  1.372418  1.800618
60.0  0.432177  1.368409  1.800586
60.5  0.422047  1.378624  1.800672
61.0  0.399019  1.402104  1.801124
61.5  0.368372  1.433671  1.802043
62.0  0.338517  1.463832  1.802348
62.5  0.319133  1.483592  1.802725
63.0  0.318234  1.484613  1.802847
63.5  0.338977  1.464889  1.803866
64.0  0.377733  1.425626  1.803359
64.5  0.424723  1.377782  1.802504
65.0  0.467194  1.334754  1.801949
65.5  0.493962  1.308029  1.801991
66.0  0.499593  1.302543  1.802136
66.5  0.486735  1.315885  1.802620
67.0  0.465470  1.338664  1.804134
67.5  0.449373  1.355463  1.804837
68.0  0.449562  1.355575  1.805137
68.5  0.469594  1.335425  1.805019
69.0  0.504037  1.300551  1.804588
69.5  0.541265  1.262235  1.803500
70.0  0.568396  1.234450  1.802846
70.5  0.575602  1.227234  1.802836
71.0  0.558389  1.244705  1.803094
71.5  0.518135  1.285426  1.803561
72.0  0.461674  1.341922  1.803596
72.5  0.400169  1.404165  1.804334
73.0  0.346880  1.458261  1.805142
73.5  0.313642  1.492277  1.805919
74.0  0.306878  1.498687  1.805566
74.5  0.324934  1.480269  1.805203
75.0  0.358304  1.445703  1.804008
75.5  0.392944  1.410099  1.803043
76.0  0.415359  1.387229  1.802588
76.5  0.417562  1.384343  1.801905
77.0  0.400127  1.402132  1.802259
77.5  0.372058  1.431283  1.803341
78.0  0.347063  1.457043  1.804106
78.5  0.337470  1.466648  1.804118
79.0  0.348762  1.455695  1.804456
79.5  0.377714  1.426763  1.804477
80.0  0.414789  1.388305  1.803094
80.5  0.448677  1.354312  1.802990
81.0  0.470229  1.332931  1.803160
81.5  0.474451  1.328009  1.802460
82.0  0.460987  1.342572  1.803559
82.5  0.433965  1.370457  1.804421
83.0  0.401419  1.403314  1.804733
83.5  0.373799  1.431461  1.805259
84.0  0.361128  1.444548  1.805676
84.5  0.369389  1.435662  1.805051
85.0  0.397713  1.406595  1.804308
85.5  0.438057  1.366078  1.804135
86.0  0.477894  1.326332  1.804226
86.5  0.504909  1.298409  1.803318
87.0  0.511843  1.290903  1.802746
87.5  0.499522  1.304575  1.804097
88.0  0.476626  1.328478  1.805104
88.5  0.455885  1.349579  1.805464
89.0  0.448203  1.357664  1.805867
89.5  0.457785  1.348152  1.805937
90.0  0.480953  1.323888  1.804841
90.5  0.508785  1.295003  1.803788
91.0  0.531306  1.272113  1.803420
91.5  0.540718  1.261597  1.802315
92.0  0.532826  1.269872  1.802698
92.5  0.507342  1.295611  1.802953
93.0  0.467952  1.335903  1.803855
93.5  0.422188  1.382560  1.804748
94.0  0.380401  1.425249  1.805650
94.5  0.353181  1.453109  1.806289
95.0  0.347640  1.458122  1.805763
95.5  0.364199  1.441027  1.805226
96.0  0.395774  1.408180  1.803954
96.5  0.430174  1.372523  1.802696
97.0  0.454790  1.347977  1.802767
97.5  0.461613  1.341700  1.803313
98.0  0.450499  1.353249  1.803747
98.5  0.429225  1.375270  1.804495
99.0  0.409967  1.395114  1.805081
99.5  0.403572  1.402587  1.806159
100.0  0.414541  1.391918  1.806458
100.5  0.439430  1.366032  1.805462
101.0  0.469165  1.335646  1.804812
101.5  0.493223  1.311079  1.804301
102.0  0.503184  1.302510  1.805694
102.5  0.494544  1.311096  1.805640
103.0  0.467202  1.337339  1.804541
103.5  0.425427  1.379681  1.805108
104.0  0.377402  1.429383  1.806785
104.5  0.333806  1.474768  1.808574
105.0  0.304978  1.502863  1.807841
105.5  0.297243  1.510539  1.807782
106.0  0.309997  1.497362  1.807359
106.5  0.335315  1.471236  1.806552
107.0  0.360652  1.445150  1.805802
107.5  0.373657  1.431374  1.805030
108.0  0.367165  1.437291  1.804455
108.5  0.342390  1.462442  1.804832
109.0  0.308856  1.497053  1.805909
109.5  0.280664  1.525343  1.806007
110.0  0.270464  1.535723  1.806186
110.5  0.284056  1.522393  1.806448
111.0  0.318509  1.487302  1.805811
111.5  0.364349  1.441212  1.805561
112.0  0.409860  1.395845  1.805705
112.5  0.444915  1.360165  1.805080
113.0  0.463157  1.341929  1.805086
113.5  0.462886  1.343100  1.805986
114.0  0.447358  1.358744  1.806102
114.5  0.424534  1.382247  1.806781
115.0  0.405632  1.401983  1.807615
115.5  0.401964  1.406449  1.808413
116.0  0.420637  1.387736  1.808373
116.5  0.460981  1.347083  1.808064
117.0  0.513759  1.294296  1.808055
117.5  0.563992  1.242956  1.806948
118.0  0.596357  1.208812  1.805169
118.5  0.600970  1.204661  1.805631
119.0  0.577284  1.229842  1.807126
119.5  0.534428  1.273689  1.808117
120.0  0.487521  1.321296  1.808817
120.5  0.451325  1.357808  1.809133
121.0  0.434346  1.375067  1.809413
121.5  0.436435  1.372337  1.808772
122.0  0.450581  1.357055  1.807635
122.5  0.466920  1.340546  1.807466
123.0  0.476383  1.331269  1.807652
123.5  0.472802  1.335009  1.807811
124.0  0.453875  1.354185  1.808060
124.5  0.421709  1.386370  1.808078
125.0  0.382972  1.426310  1.809282
125.5  0.347991  1.462487  1.810478
126.0  0.328132  1.482559  1.810691
126.5  0.331770  1.479005  1.810775
127.0  0.360411  1.449884  1.810296
127.5  0.407075  1.402541  1.809616
128.0  0.458181  1.350531  1.808712
128.5  0.498454  1.308956  1.807410
129.0  0.516816  1.289800  1.806616
129.5  0.510724  1.296784  1.807508
130.0  0.486893  1.321839  1.808731
130.5  0.457788  1.351185  1.808973
131.0  0.435481  1.373479  1.808960
131.5  0.426246  1.382923  1.809169
132.0  0.428872  1.380185  1.809057
132.5  0.436936  1.372455  1.809391
133.0  0.442688  1.366608  1.809296
133.5  0.440000  1.368542  1.808542
134.0  0.425554  1.382653  1.808207
134.5  0.399033  1.410277  1.809310
135.0  0.363206  1.446832  1.810037
135.5  0.324024  1.485789  1.809813
136.0  0.290078  1.520514  1.810591
136.5  0.270705  1.540719  1.811424
137.0  0.272860  1.538048  1.810908
137.5  0.297902  1.511721  1.809623
138.0  0.340083  1.469306  1.809389
138.5  0.387967  1.421326  1.809294
139.0  0.428599  1.379058  1.807657
139.5  0.452797  1.355387  1.808184
140.0  0.459161  1.349796  1.808956
140.5  0.454653  1.354309  1.808962
141.0  0.451013  1.358678  1.809691
141.5  0.458639  1.351636  1.810275
142.0  0.481446  1.328344  1.809789
142.5  0.515640  1.293723  1.809363
143.0  0.552489  1.256751  1.809240
143.5  0.582504  1.224988  1.807492
144.0  0.598454  1.208220  1.806675
144.5  0.596462  1.210433  1.806895
145.0  0.576015  1.231897  1.807912
145.5  0.539852  1.267633  1.807485
146.0  0.493847  1.314393  1.808239
146.5  0.446340  1.363632  1.809972
147.0  0.406362  1.403655  1.810017
147.5  0.380852  1.428436  1.809288
148.0  0.371929  1.437229  1.809158
148.5  0.375667  1.434172  1.809839
149.0  0.383398  1.426295  1.809693
149.5  0.385341  1.423148  1.808489
150.0  0.375167  1.432995  1.808162
150.5  0.353371  1.454995  1.808366
151.0  0.327571  1.481382  1.808953
151.5  0.309077  1.500615  1.809692
152.0  0.307282  1.502222  1.809504
152.5  0.325051  1.485060  1.810111
153.0  0.357783  1.452362  1.810145
153.5  0.396168  1.413078  1.809246
154.0  0.430308  1.378598  1.808906
154.5  0.452763  1.355142  1.807906
155.0  0.459745  1.348608  1.808353
155.5  0.451100  1.357510  1.808611
156.0  0.429957  1.378399  1.808355
156.5  0.402226  1.407342  1.809568
157.0  0.375609  1.435368  1.810977
157.5  0.357745  1.453535  1.811280
158.0  0.353712  1.458493  1.812205
158.5  0.363820  1.448457  1.812276
159.0  0.382894  1.429762  1.812656
159.5  0.401794  1.411463  1.813257
160.0  0.410939  1.402052  1.812992
160.5  0.404606  1.407988  1.812594
161.0  0.384100  1.429095  1.813195
161.5  0.357942  1.457074  1.815016
162.0  0.338325  1.477800  1.816125
162.5  0.335274  1.480942  1.816216
163.0  0.351813  1.463782  1.815595
163.5  0.383020  1.432206  1.815226
164.0  0.419092  1.395555  1.814647
164.5  0.449904  1.364760  1.814664
165.0  0.468378  1.346286  1.814664
165.5  0.471721  1.343152  1.814873
166.0  0.461232  1.353457  1.814689
166.5  0.441590  1.373720  1.815310
167.0  0.419937  1.396065  1.816002
167.5  0.404498  1.411871  1.816369
168.0  0.402525  1.413602  1.816126
168.5  0.417870  1.397732  1.815602
169.0  0.449111  1.366569  1.815680
169.5  0.489271  1.326484  1.815755
170.0  0.527672  1.286558  1.814230
170.5  0.553572  1.259928  1.813500
171.0  0.560411  1.253378  1.813789
171.5  0.548923  1.265696  1.814619
172.0  0.527393  1.288104  1.815497
172.5  0.508247  1.308497  1.816744
173.0  0.502169  1.314600  1.816769
173.5  0.512904  1.302414  1.815318
174.0  0.535802  1.279255  1.815056
174.5  0.560609  1.254157  1.814766
175.0  0.576226  1.238969  1.815195
175.5  0.574603  1.240292  1.814894
176.0  0.552515  1.262119  1.814633
176.5  0.511658  1.302975  1.814634
177.0  0.457918  1.357036  1.814954
177.5  0.400198  1.415865  1.816063
178.0  0.348679  1.467918  1.816596
178.5  0.312415  1.504093  1.816508
179.0  0.296700  1.519392  1.816092
179.5  0.301137  1.515546  1.816683
180.0  0.319413  1.498090  1.817503
180.5  0.341230  1.475682  1.816912
181.0  0.355969  1.459710  1.815679
181.5  0.356928  1.459100  1.816028
182.0  0.344423  1.471671  1.816094
182.5  0.326074  1.491243  1.817317
183.0  0.313522  1.505158  1.818680
183.5  0.316776  1.501537  1.818314
184.0  0.339272  1.479366  1.818638
184.5  0.376535  1.442739  1.819274
185.0  0.418878  1.399888  1.818766
185.5  0.455875  1.362501  1.818376
186.0  0.479920  1.338174  1.818094
186.5  0.487726  1.330818  1.818544
187.0  0.480253  1.338602  1.818855
187.5  0.461992  1.356467  1.818459
188.0  0.439953  1.377948  1.817901
188.5  0.422196  1.396275  1.818471
189.0  0.415720  1.403775  1.819496
189.5  0.424035  1.395379  1.819414
190.0  0.445376  1.373256  1.818632
190.5  0.472626  1.345494  1.818120
191.0  0.495413  1.321370  1.816784
191.5  0.503891  1.313282  1.817174
192.0  0.492817  1.325869  1.818686
192.5  0.464171  1.355425  1.819596
193.0  0.426824  1.392868  1.819692
193.5  0.392933  1.427874  1.820807
194.0  0.372550  1.448049  1.820599
194.5  0.369320  1.450599  1.819919
195.0  0.379615  1.439021  1.818636
195.5  0.395191  1.423188  1.818379
196.0  0.407263  1.411168  1.818431
196.5  0.409704  1.408862  1.818566
197.0  0.400428  1.418781  1.819209
197.5  0.381356  1.436969  1.818325
198.0  0.357689  1.461177  1.818866
198.5  0.336797  1.482453  1.819249
199.0  0.326583  1.493066  1.819649
199.5  0.333254  1.486827  1.820081
200.0  0.358928  1.460416  1.819344
200.5  0.400103  1.418591  1.818694
201.0  0.447973  1.369661  1.817634
201.5  0.490948  1.325488  1.816436
202.0  0.518647  1.297422  1.816069
202.5  0.525888  1.290390  1.816278
203.0  0.514891  1.301783  1.816675
203.5  0.494413  1.323073  1.817485
204.0  0.475791  1.341826  1.817617
204.5  0.467637  1.349909  1.817546
205.0  0.471972  1.345853  1.817824
205.5  0.483830  1.332911  1.816741
206.0  0.494146  1.322092  1.816237
206.5  0.493848  1.322146  1.815995
207.0  0.477063  1.339740  1.816804
207.5  0.442570  1.373830  1.816400
208.0  0.393818  1.422798  1.816616
208.5  0.338110  1.479252  1.817362
209.0  0.285202  1.534389  1.819590
209.5  0.245282  1.573732  1.819014
210.0  0.226362  1.592400  1.818762
210.5  0.231672  1.588240  1.819912
211.0  0.258110  1.560099  1.818209
211.5  0.296753  1.520993  1.817746
212.0  0.335667  1.482750  1.818417
212.5  0.364221  1.452594  1.816815
213.0  0.377284  1.438920  1.816204
213.5  0.377509  1.440376  1.817885
214.0  0.374374  1.445835  1.820209
214.5  0.379986  1.441568  1.821554
215.0  0.403430  1.420076  1.823506
215.5  0.446562  1.375777  1.822338
216.0  0.503408  1.317938  1.821346
216.5  0.563019  1.258490  1.821509
217.0  0.613702  1.206942  1.820644
217.5  0.646460  1.172772  1.819232
218.0  0.656745  1.161791  1.818536
218.5  0.644815  1.175982  1.820797
219.0  0.615233  1.206437  1.821670
219.5  0.575716  1.245361  1.821077
220.0  0.535230  1.284215  1.819445
220.5  0.501435  1.318869  1.820304
221.0  0.478109  1.342387  1.820495
221.5  0.463684  1.356973  1.820657
222.0  0.451845  1.367038  1.818883
222.5  0.434309  1.383261  1.817569
223.0  0.404846  1.413102  1.817949
223.5  0.362914  1.455387  1.818301
224.0  0.315157  1.504119  1.819276
224.5  0.273711  1.545835  1.819546
225.0  0.251568  1.569806  1.821374
225.5  0.257036  1.564367  1.821403
226.0  0.290156  1.530009  1.820165
226.5  0.342924  1.476493  1.819417
227.0  0.402786  1.415024  1.817810
227.5  0.457149  1.361124  1.818274
228.0  0.496783  1.320164  1.816947
228.5  0.517408  1.297641  1.815049
229.0  0.519839  1.296102  1.815941
229.5  0.509245  1.309960  1.819205
230.0  0.493705  1.325285  1.818989
230.5  0.481989  1.336946  1.818935
231.0  0.480739  1.338820  1.819559
231.5  0.491809  1.326421  1.818230
232.0  0.510968  1.307435  1.818402
232.5  0.528902  1.289427  1.818328
233.0  0.534511  1.282799  1.817310
233.5  0.519391  1.297868  1.817259
234.0  0.481732  1.335938  1.817671
234.5  0.427853  1.391300  1.819153
235.0  0.370344  1.449902  1.820246
235.5  0.323246  1.497831  1.821077
236.0  0.296396  1.525160  1.821557
236.5  0.291878  1.529806  1.821684
237.0  0.304261  1.516973  1.821234
237.5  0.323975  1.496782  1.820757
238.0  0.341502  1.478320  1.819822
238.5  0.350388  1.469318  1.819706
239.0  0.348473  1.472890  1.821363
239.5  0.337785  1.483407  1.821192
240.0  0.323668  1.497701  1.821369
240.5  0.313365  1.508790  1.822155
241.0  0.314011  1.508068  1.822079
241.5  0.330214  1.491666  1.821880
242.0  0.361884  1.461170  1.823055
242.5  0.403387  1.419483  1.822871
243.0  0.444812  1.375846  1.820657
243.5  0.475298  1.344901  1.820199
244.0  0.487269  1.334084  1.821353
244.5  0.479772  1.343524  1.823295
245.0  0.459268  1.363436  1.822703
245.5  0.437139  1.386040  1.823180
246.0  0.424791  1.398810  1.823601
246.5  0.428695  1.394283  1.822978
247.0  0.447938  1.375200  1.823138
247.5  0.475323  1.347409  1.822732
248.0  0.500885  1.320248  1.821133
248.5  0.515675  1.304665  1.820340
249.0  0.514251  1.306973  1.821224
249.5  0.495604  1.326135  1.821739
250.0  0.462988  1.359153  1.822141
250.5  0.423101  1.400183  1.823284
251.0  0.384667  1.437406  1.822073
251.5  0.356325  1.464609  1.820934
252.0  0.344057  1.477638  1.821695
252.5  0.348930  1.474245  1.823175
253.0  0.366310  1.457651  1.823961
253.5  0.387338  1.432260  1.819598
254.0  0.402421  1.416814  1.819235
254.5  0.405398  1.415770  1.821168
255.0  0.396473  1.424623  1.821096
255.5  0.382384  1.437994  1.820378
256.0  0.373422  1.446460  1.819882
256.5  0.378574  1.441661  1.820235
257.0  0.401282  1.418678  1.819959
257.5  0.438022  1.381863  1.819885
258.0  0.480165  1.340231  1.820396
258.5  0.517608  1.301375  1.818983
259.0  0.542107  1.277195  1.819302
259.5  0.549148  1.271206  1.820354
260.0  0.538382  1.282108  1.820491
260.5  0.513248  1.308879  1.822127
261.0  0.480153  1.343333  1.823487
261.5  0.447197  1.376658  1.823855
262.0  0.422238  1.400927  1.823166
262.5  0.410488  1.413683  1.824171
263.0  0.412395  1.411678  1.824073
263.5  0.422983  1.399533  1.822516
264.0  0.433419  1.387702  1.821120
264.5  0.434559  1.386934  1.821493
265.0  0.421093  1.400471  1.821564
265.5  0.394357  1.426814  1.821171
266.0  0.362277  1.462427  1.824704
266.5  0.336192  1.488489  1.824681
267.0  0.325926  1.499131  1.825057
267.5  0.335630  1.488875  1.824505
268.0  0.362507  1.461171  1.823678
268.5  0.398674  1.423614  1.822288
269.0  0.434638  1.387152  1.821790
269.5  0.462396  1.358620  1.821016
270.0  0.477176  1.343538  1.820714
270.5  0.477936  1.343949  1.821885
271.0  0.467191  1.354542  1.821733
271.5  0.450449  1.371931  1.822380
272.0  0.435084  1.387888  1.822972
272.5  0.428423  1.394798  1.823221
273.0  0.435225  1.388247  1.823472
273.5  0.455448  1.367829  1.823277
274.0  0.483545  1.339112  1.822656
274.5  0.510097  1.312020  1.822117
275.0  0.525465  1.296342  1.821807
275.5  0.523947  1.299451  1.823399
276.0  0.506453  1.317507  1.823961
276.5  0.480179  1.343148  1.823327
277.0  0.455221  1.367839  1.823060
277.5  0.439801  1.385758  1.825560
278.0  0.436735  1.389323  1.826058
278.5  0.442988  1.382119  1.825106
279.0  0.452028  1.372274  1.824302
279.5  0.457082  1.366911  1.823993
280.0  0.453424  1.370258  1.823682
280.5  0.439163  1.384138  1.823301
281.0  0.415101  1.407316  1.822417
281.5  0.384378  1.439296  1.823674
282.0  0.352117  1.472657  1.824774
282.5  0.324697  1.498909  1.823605
283.0  0.308276  1.515699  1.823975
283.5  0.306654  1.517444  1.824098
284.0  0.319319  1.504457  1.823776
284.5  0.340916  1.481361  1.822277
285.0  0.362920  1.459123  1.822043
285.5  0.377175  1.445769  1.822943
286.0  0.379747  1.443389  1.823136
286.5  0.373103  1.450320  1.823423
287.0  0.365205  1.458935  1.824140
287.5  0.365654  1.459170  1.824824
288.0  0.380833  1.443543  1.824377
288.5  0.410759  1.412423  1.823182
289.0  0.449308  1.375272  1.824580
289.5  0.487257  1.338834  1.826091
290.0  0.515956  1.309658  1.825615
290.5  0.529758  1.294139  1.823897
291.0  0.526705  1.297729  1.824434
291.5  0.508176  1.318510  1.826686
292.0  0.478265  1.348445  1.826710
292.5  0.443126  1.383280  1.826405
293.0  0.409943  1.417237  1.827180
293.5  0.385202  1.442707  1.827909
294.0  0.372471  1.456088  1.828560
294.5  0.370640  1.457366  1.828007
295.0  0.373819  1.452249  1.826068
295.5  0.373514  1.452669  1.826183
296.0  0.362515  1.463277  1.825792
296.5  0.338784  1.487963  1.826748
297.0  0.307316  1.521833  1.829148
297.5  0.278660  1.551250  1.829910
298.0  0.264512  1.565946  1.830457
298.5  0.272560  1.558599  1.831159
299.0  0.303424  1.527066  1.830490
299.5  0.351145  1.476208  1.827354
300.0  0.406362  1.421828  1.828190
300.5  0.459905  1.369056  1.828961
301.0  0.505043  1.323786  1.828829
301.5  0.538122  1.290467  1.828589
302.0  0.558350  1.270044  1.828394
302.5  0.567455  1.260690  1.828145
303.0  0.569278  1.259780  1.829058
303.5  0.568874  1.261594  1.830468
304.0  0.570838  1.260059  1.830897
304.5  0.577192  1.252077  1.829269
305.0  0.585848  1.243382  1.829230
305.5  0.590767  1.237522  1.828289
306.0  0.584212  1.242440  1.826652
306.5  0.560352  1.265942  1.826294
307.0  0.518622  1.308104  1.826726
307.5  0.465044  1.361800  1.826844
308.0  0.410485  1.417323  1.827807
308.5  0.366345  1.461186  1.827531
309.0  0.339794  1.488456  1.828250
309.5  0.331184  1.497306  1.828490
310.0  0.334944  1.493496  1.828439
310.5  0.342972  1.483530  1.826503
311.0  0.348259  1.479216  1.827475
311.5  0.346987  1.481913  1.828900
312.0  0.338891  1.490032  1.828922
312.5  0.326658  1.501436  1.828094
313.0  0.315092  1.513455  1.828547
313.5  0.310150  1.521119  1.831269
314.0  0.317518  1.513229  1.830747
314.5  0.340634  1.490455  1.831089
315.0  0.378722  1.452704  1.831425
315.5  0.425921  1.404478  1.830399
316.0  0.472416  1.356290  1.828706
316.5  0.507559  1.322190  1.829749
317.0  0.523917  1.305828  1.829744
317.5  0.520521  1.309701  1.830221
318.0  0.503679  1.325856  1.829535
318.5  0.484538  1.345723  1.830261
319.0  0.474158  1.357065  1.831223
319.5  0.478441  1.351956  1.830397
320.0  0.495660  1.334141  1.829800
320.5  0.517809  1.311162  1.828971
321.0  0.534596  1.294460  1.829055
321.5  0.537589  1.290310  1.827899
322.0  0.522698  1.303481  1.826180
322.5  0.490715  1.337041  1.827756
323.0  0.446670  1.384248  1.830918
323.5  0.398675  1.433806  1.832481
324.0  0.356360  1.475177  1.831537
324.5  0.328660  1.502156  1.830816
325.0  0.321103  1.510617  1.831721
325.5  0.333490  1.499046  1.832536
326.0  0.359242  1.472298  1.831540
326.5  0.387250  1.442787  1.830036
327.0  0.405864  1.423676  1.829540
327.5  0.407576  1.422082  1.829659
328.0  0.392470  1.437538  1.830008
328.5  0.368771  1.460631  1.829403
329.0  0.349792  1.481229  1.831021
329.5  0.348176  1.482647  1.830823
330.0  0.370096  1.458925  1.829021
330.5  0.412465  1.417183  1.829648
331.0  0.464526  1.364778  1.829304
331.5  0.512497  1.315196  1.827692
332.0  0.544496  1.282284  1.826780
332.5  0.553660  1.274806  1.828466
333.0  0.539090  1.289342  1.828432
333.5  0.505346  1.323192  1.828538
334.0  0.461164  1.366947  1.828111
334.5  0.417529  1.411328  1.828857
335.0  0.384958  1.444613  1.829570
335.5  0.370270  1.458581  1.828851
336.0  0.373895  1.454552  1.828447
336.5  0.389120  1.439782  1.828902
337.0  0.404119  1.422988  1.827107
337.5  0.406339  1.420327  1.826666
338.0  0.387665  1.439306  1.826971
338.5  0.348333  1.478099  1.826432
339.0  0.297749  1.529710  1.827459
339.5  0.251394  1.576756  1.828151
340.0  0.224729  1.604025  1.828754
340.5  0.226851  1.600817  1.827668
341.0  0.257161  1.570307  1.827468
341.5  0.306520  1.520720  1.827239
342.0  0.361614  1.464215  1.825830
342.5  0.409840  1.415259  1.825100
343.0  0.442661  1.381613  1.824274
343.5  0.457023  1.366917  1.823940
344.0  0.455380  1.371169  1.826549
344.5  0.444804  1.382116  1.826919
345.0  0.435186  1.390212  1.825398
345.5  0.436386  1.390064  1.826450
346.0  0.454697  1.373923  1.828620
346.5  0.489864  1.338992  1.828856
347.0  0.534233  1.291421  1.825654
347.5  0.574872  1.249050  1.823923
348.0  0.598139  1.225385  1.823524
348.5  0.594968  1.231453  1.826421
349.0  0.564756  1.262328  1.827084
349.5  0.516094  1.312109  1.828204
350.0  0.463666  1.363674  1.827339
350.5  0.422383  1.405452  1.827835
351.0  0.401541  1.426548  1.828089
351.5  0.401944  1.425464  1.827408
352.0  0.417091  1.407917  1.825009
352.5  0.436981  1.388516  1.825498
353.0  0.452087  1.373006  1.825093
353.5  0.455941  1.367194  1.823135
354.0  0.446236  1.377535  1.823771
354.5  0.424993  1.398872  1.823865
355.0  0.398156  1.426679  1.824835
355.5  0.374383  1.450063  1.824445
356.0  0.362733  1.461090  1.823822
356.5  0.369474  1.454142  1.823616
357.0  0.395136  1.428348  1.823484
357.5  0.433370  1.388743  1.822113
358.0  0.472609  1.348629  1.821238
358.5  0.500153  1.320011  1.820165
359.0  0.507078  1.311342  1.818420
359.5  0.491897  1.328055  1.819952
360.0  0.461315  1.360003  1.821318
360.5  0.427493  1.393956  1.821449
361.0  0.402849  1.418910  1.821759
361.5  0.394898  1.427676  1.822574
362.0  0.403730  1.419102  1.822832
362.5  0.423087  1.399582  1.822669
363.0  0.443778  1.377826  1.821604
363.5  0.457264  1.364477  1.821741
364.0  0.458005  1.364465  1.822469
364.5  0.444465  1.378134  1.822598
365.0  0.419276  1.403382  1.822658
365.5  0.388826  1.433402  1.822228
366.0  0.362018  1.461358  1.823375
366.5  0.347872  1.476081  1.823952
367.0  0.352232  1.470617  1.822849
367.5  0.374813  1.446676  1.821489
368.0  0.408267  1.412925  1.821192
368.5  0.440229  1.381058  1.821287
369.0  0.457820  1.365420  1.823240
369.5  0.452811  1.369458  1.822269
370.0  0.425321  1.397241  1.822561
370.5  0.384382  1.437503  1.821886
371.0  0.344797  1.479042  1.823839
371.5  0.321321  1.503118  1.824439
372.0  0.322815  1.501256  1.824072
372.5  0.349280  1.474110  1.823390
373.0  0.392927  1.429476  1.822403
373.5  0.442011  1.379026  1.821037
374.0  0.485003  1.336352  1.821355
374.5  0.513474  1.308257  1.821731
375.0  0.523469  1.298185  1.821654
375.5  0.515857  1.304666  1.820522
376.0  0.495981  1.324608  1.820589
376.5  0.472437  1.349147  1.821583
377.0  0.454683  1.366208  1.820891
377.5  0.449736  1.372287  1.822023
378.0  0.459046  1.362399  1.821445
378.5  0.477166  1.342703  1.819870
379.0  0.493309  1.325736  1.819045
379.5  0.495502  1.323571  1.819072
380.0  0.475743  1.343046  1.818788
380.5  0.433939  1.384576  1.818515
381.0  0.378769  1.440482  1.819251
381.5  0.324730  1.496000  1.820730
382.0  0.286402  1.535142  1.821543
382.5  0.272656  1.548701  1.821357
383.0  0.283744  1.537103  1.820846
383.5  0.312386  1.507240  1.819627
384.0  0.347553  1.471835  1.819387
384.5  0.378543  1.440448  1.818991
385.0  0.397807  1.421091  1.818899
385.5  0.402264  1.417305  1.819570
386.0  0.393553  1.426599  1.820152
386.5  0.377501  1.443419  1.820920
387.0  0.362725  1.458913  1.821637
387.5  0.358237  1.464284  1.822521
388.0  0.370358  1.452178  1.822536
388.5  0.399920  1.421387  1.821307
389.0  0.441117  1.380828  1.821945
389.5  0.482928  1.336800  1.819728
390.0  0.512939  1.305398  1.818337
390.5  0.522199  1.294716  1.816915
391.0  0.509053  1.309392  1.818445
391.5  0.480085  1.338593  1.818678
392.0  0.447377  1.372213  1.819591
392.5  0.423162  1.396702  1.819864
393.0  0.414599  1.405880  1.820478
393.5  0.421463  1.397821  1.819283
394.0  0.437539  1.380714  1.818253
394.5  0.454198  1.364123  1.818321
395.0  0.463855  1.354471  1.818326
395.5  0.462031  1.355632  1.817663
396.0  0.448034  1.369194  1.817228
396.5  0.424840  1.393214  1.818054
397.0  0.398457  1.421312  1.819769
397.5  0.376686  1.442241  1.818926
398.0  0.367095  1.452557  1.819653
398.5  0.374447  1.445148  1.819595
399.0  0.398413  1.420643  1.819056
399.5  0.432759  1.384712  1.817471
400.0  0.466839  1.349932  1.816770
400.5  0.489265  1.327426  1.816691
401.0  0.492493  1.323452  1.815945
401.5  0.476368  1.340320  1.816688
402.0  0.448757  1.370026  1.818783
402.5  0.422475  1.396936  1.819412
403.0  0.409673  1.408931  1.818603
403.5  0.416541  1.401783  1.818324
404.0  0.441202  1.377799  1.819001
404.5  0.475485  1.343410  1.818895
405.0  0.508905  1.307660  1.816565
405.5  0.532412  1.284969  1.817381
406.0  0.540595  1.277838  1.818433
406.5  0.532388  1.285704  1.818091
407.0  0.510854  1.307059  1.817913
407.5  0.482355  1.336821  1.819176
408.0  0.455044  1.364973  1.820017
408.5  0.436627  1.382927  1.819554
409.0  0.431743  1.387128  1.818871
409.5  0.439826  1.379390  1.819216
410.0  0.454542  1.364550  1.819092
410.5  0.465498  1.352425  1.817923
411.0  0.461991  1.354884  1.816874
411.5  0.437552  1.378929  1.816481
412.0  0.393375  1.423658  1.817033
412.5  0.338783  1.479789  1.818573
413.0  0.288005  1.531028  1.819033
413.5  0.254479  1.564826  1.819304
414.0  0.245575  1.573234  1.818809
414.5  0.260488  1.557636  1.818124
415.0  0.291905  1.525466  1.817371
415.5  0.329731  1.488011  1.817742
416.0  0.364599  1.452650  1.817249
416.5  0.390044  1.426154  1.816198
417.0  0.403446  1.412985  1.816431
417.5  0.406264  1.410753  1.817017
418.0  0.403639  1.413757  1.817397
418.5  0.403128  1.414685  1.817812
419.0  0.412390  1.406218  1.818609
419.5  0.436245  1.382016  1.818261
420.0  0.474119  1.342967  1.817086
420.5  0.519178  1.297597  1.816775
421.0  0.559910  1.256663  1.816573
421.5  0.583915  1.231464  1.815379
422.0  0.582619  1.232661  1.815279
422.5  0.555017  1.260611  1.815628
423.0  0.508622  1.307935  1.816557
423.5  0.456719  1.359579  1.816298
424.0  0.412868  1.403688  1.816555
424.5  0.385400  1.431586  1.816985
425.0  0.374913  1.442600  1.817513
425.5  0.375734  1.440527  1.816262
426.0  0.379738  1.436319  1.816057
426.5  0.379950  1.436100  1.816050
427.0  0.372492  1.444230  1.816722
427.5  0.357028  1.459050  1.816078
428.0  0.336489  1.480387  1.816876
428.5  0.316484  1.501690  1.818174
429.0  0.304168  1.515057  1.819225
429.5  0.306299  1.514970  1.821270
430.0  0.326687  1.496159  1.822846
430.5  0.363960  1.458925  1.822885
431.0  0.410913  1.410399  1.821312
431.5  0.456181  1.362579  1.818760
432.0  0.488016  1.330056  1.818073
432.5  0.498856  1.320590  1.819445
433.0  0.488740  1.330568  1.819308
433.5  0.465763  1.353390  1.819153
434.0  0.442770  1.377948  1.820718
434.5  0.431496  1.390488  1.821984
435.0  0.437182  1.383783  1.820965
435.5  0.456718  1.363490  1.820208
436.0  0.481069  1.339795  1.820863
436.5  0.499970  1.321376  1.821346
437.0  0.505990  1.314184  1.820174
437.5  0.496347  1.324989  1.821336
438.0  0.472743  1.347822  1.820565
438.5  0.440243  1.380769  1.821013
439.0  0.405974  1.415975  1.821949
439.5  0.377683  1.444911  1.822594
440.0  0.361939  1.460242  1.822181
440.5  0.362023  1.460313  1.822337
441.0  0.376246  1.446794  1.823040
441.5  0.397684  1.424882  1.822567
442.0  0.416049  1.405361  1.821410
442.5  0.421413  1.400038  1.821451
443.0  0.408551  1.412258  1.820809
443.5  0.379974  1.443081  1.823055
444.0  0.345877  1.479493  1.825370
444.5  0.320320  1.504848  1.825169
445.0  0.315054  1.509227  1.824281
445.5  0.334188  1.490247  1.824435
446.0  0.372729  1.453073  1.825803
446.5  0.419540  1.405432  1.824972
447.0  0.462461  1.361888  1.824349
447.5  0.492652  1.331191  1.823842
448.0  0.506539  1.316922  1.823461
448.5  0.505583  1.317655  1.823237
449.0  0.494904  1.328236  1.823140
449.5  0.481603  1.340991  1.822594
450.0  0.472994  1.351236  1.824230
450.5  0.474705  1.349986  1.824690
451.0  0.488751  1.335034  1.823785
451.5  0.512200  1.310983  1.823183
452.0  0.537272  1.286256  1.823528
452.5  0.553442  1.269473  1.822916
453.0  0.551221  1.271182  1.822404
453.5  0.526343  1.295583  1.821926
454.0  0.482484  1.340565  1.823049
454.5  0.430841  1.393772  1.824613
455.0  0.386115  1.439023  1.825138
455.5  0.360479  1.463898  1.824377
456.0  0.358646  1.466392  1.825037
456.5  0.376712  1.447912  1.824624
457.0  0.405010  1.417181  1.822191
457.5  0.432779  1.387968  1.820747
458.0  0.452020  1.370784  1.822804
458.5  0.459217  1.363935  1.823153
459.0  0.455200  1.368031  1.823230
459.5  0.444024  1.379465  1.823489
460.0  0.431563  1.392978  1.824541
460.5  0.423946  1.399055  1.823002
461.0  0.425800  1.396929  1.822728
461.5  0.438469  1.385617  1.824086
462.0  0.458838  1.363898  1.822736
462.5  0.479552  1.342045  1.821597
463.0  0.491085  1.331047  1.822132
463.5  0.485261  1.339527  1.824789
464.0  0.458982  1.365931  1.824914
464.5  0.416447  1.408762  1.825208
465.0  0.368392  1.458816  1.827208
465.5  0.328099  1.500426  1.828526
466.0  0.305771  1.521736  1.827507
466.5  0.304240  1.522933  1.827173
467.0  0.318407  1.508870  1.827277
467.5  0.338414  1.488365  1.826780
468.0  0.354333  1.471540  1.825872
468.5  0.359809  1.465550  1.825359
469.0  0.353469  1.471834  1.825303
469.5  0.338400  1.487597  1.825997
470.0  0.320640  1.506268  1.826908
470.5  0.307420  1.520415  1.827836
471.0  0.305381  1.522630  1.828012
471.5  0.318799  1.509259  1.828058
472.0  0.348017  1.480736  1.828753
472.5  0.388632  1.440230  1.828862
473.0  0.432096  1.395416  1.827512
473.5  0.468008  1.356361  1.824369
474.0  0.487612  1.336966  1.824578
474.5  0.487286  1.338664  1.825950
475.0  0.470465  1.356997  1.827462
475.5  0.446773  1.381288  1.828062
476.0  0.428225  1.400414  1.828639
476.5  0.424036  1.405064  1.829100
477.0  0.436688  1.391897  1.828585
477.5  0.461368  1.366888  1.828256
478.0  0.488814  1.339543  1.828358
478.5  0.509595  1.317239  1.826834
479.0  0.517532  1.308806  1.826338
479.5  0.511117  1.317422  1.828539
480.0  0.493157  1.337030  1.830187
480.5  0.469454  1.360392  1.829847
481.0  0.447166  1.383524  1.830690
481.5  0.433046  1.399933  1.832979
482.0  0.431626  1.402107  1.833732
482.5  0.443563  1.390561  1.834124
483.0  0.464806  1.370671  1.835478
483.5  0.487252  1.348233  1.835485
484.0  0.501151  1.335739  1.836890
484.5  0.498680  1.336875  1.835555
485.0  0.477359  1.357191  1.834551
485.5  0.441710  1.392048  1.833758
486.0  0.401997  1.434498  1.836494
486.5  0.370183  1.468220  1.838403
487.0  0.354848  1.481474  1.836322
487.5  0.357738  1.476295  1.834034
488.0  0.373732  1.461024  1.834756
488.5  0.393876  1.441112  1.834988
489.0  0.409437  1.424699  1.834136
489.5  0.414913  1.419403  1.834316
490.0  0.409160  1.426047  1.835207
490.5  0.394982  1.442722  1.837704
491.0  0.377927  1.461701  1.839628
491.5  0.364793  1.473849  1.838642
492.0  0.361961  1.477252  1.839213
492.5  0.373556  1.464882  1.838437
493.0  0.399749  1.439880  1.839629
493.5  0.435895  1.399829  1.835724
494.0  0.473252  1.364910  1.838163
494.5  0.501519  1.335487  1.837006
495.0  0.512487  1.325578  1.838065
495.5  0.503381  1.332893  1.836274
496.0  0.478272  1.360330  1.838602
496.5  0.446590  1.392882  1.839472
497.0  0.419140  1.421396  1.840536
497.5  0.403504  1.437419  1.840924
498.0  0.401253  1.436858  1.838111
498.5  0.408282  1.431357  1.839639
499.0  0.417623  1.420855  1.838479
499.5  0.422794  1.416997  1.839790
500.0  0.420064  1.419265  1.839329
500.5  0.409163  1.431245  1.840408
501.0  0.392882  1.447231  1.840113
501.5  0.376201  1.464996  1.841197
502.0  0.365219  1.477528  1.842747
502.5  0.365800  1.477107  1.842907
503.0  0.381869  1.460296  1.842165
503.5  0.413671  1.427031  1.840702
504.0  0.456776  1.384173  1.840949
504.5  0.502672  1.340406  1.843079
505.0  0.541194  1.300171  1.841364
505.5  0.564067  1.279733  1.843799
506.0  0.568112  1.270911  1.839023
506.5  0.556499  1.285307  1.841806
507.0  0.537191  1.303120  1.840311
507.5  0.519126  1.325830  1.844955
508.0  0.508078  1.332834  1.840912
508.5  0.504488  1.336684  1.841172
509.0  0.504229  1.336282  1.840511
509.5  0.501392  1.341067  1.842458
510.0  0.491139  1.351406  1.842545
510.5  0.471264  1.369584  1.840848
511.0  0.442319  1.401233  1.843552
511.5  0.407003  1.435132  1.842136
512.0  0.369482  1.474185  1.843666
512.5  0.334800  1.508741  1.843541
513.0  0.308102  1.536332  1.844434
513.5  0.293369  1.548827  1.842196
514.0  0.291882  1.550645  1.842526
514.5  0.301181  1.541681  1.842862
515.0  0.315416  1.525743  1.841158
515.5  0.327358  1.513967  1.841325
516.0  0.331391  1.508807  1.840198
516.5  0.326079  1.513536  1.839614
517.0  0.314943  1.526401  1.841344
517.5  0.304853  1.536282  1.841135
518.0  0.302654  1.540090  1.842744
518.5  0.311788  1.529344  1.841132
519.0  0.330811  1.514174  1.844985
519.5  0.354513  1.483780  1.838294
520.0  0.376689  1.464798  1.841487
520.5  0.392757  1.446883  1.839641
521.0  0.401054  1.441916  1.842970
521.5  0.402717  1.436332  1.839048
522.0  0.400853  1.438558  1.839411
522.5  0.399598  1.441681  1.841279
523.0  0.403209  1.437518  1.840727
523.5  0.415008  1.426708  1.841717
524.0  0.436089  1.401970  1.838059
524.5  0.464194  1.376273  1.840467
525.0  0.493565  1.347812  1.841377
525.5  0.516369  1.327398  1.843767
526.0  0.525481  1.315242  1.840724
526.5  0.517519  1.324334  1.841854
527.0  0.494659  1.349140  1.843799
527.5  0.464234  1.381622  1.845856
528.0  0.436068  1.409081  1.845148
528.5  0.418611  1.425935  1.844546
529.0  0.415704  1.428603  1.844307
529.5  0.425554  1.421702  1.847255
530.0  0.442283  1.403814  1.846097
530.5  0.458902  1.387502  1.846404
531.0  0.469995  1.372782  1.842777
531.5  0.473075  1.376270  1.849345
532.0  0.468643  1.376572  1.845215
532.5  0.459597  1.389201  1.848798
533.0  0.450452  1.394490  1.844941
533.5  0.446400  1.403657  1.850057
534.0  0.451930  1.395688  1.847618
534.5  0.469029  1.380939  1.849968
535.0  0.495583  1.351898  1.847481
535.5  0.525041  1.322157  1.847198
536.0  0.548052  1.298390  1.846442
536.5  0.555796  1.289395  1.845190
537.0  0.543655  1.304004  1.847659
537.5  0.513487  1.333260  1.846747
538.0  0.473253  1.374467  1.847720
538.5  0.433910  1.412645  1.846555
539.0  0.404856  1.445973  1.850829
539.5  0.390167  1.458894  1.849061
540.0  0.387556  1.461596  1.849151
540.5  0.390379  1.459394  1.849772
541.0  0.391222  1.455500  1.846722
541.5  0.384999  1.462950  1.847949
542.0  0.370381  1.478582  1.848963
542.5  0.349653  1.499362  1.849016
543.0  0.327748  1.520489  1.848237
543.5  0.311015  1.541180  1.852195
544.0  0.305801  1.547403  1.853204
544.5  0.316714  1.532419  1.849133
545.0  0.344750  1.508881  1.853631
545.5  0.386039  1.462790  1.848830
546.0  0.432143  1.418719  1.850862
546.5  0.472342  1.373881  1.846223
547.0  0.497291  1.355692  1.852984
547.5  0.502553  1.346571  1.849124
548.0  0.490387  1.360958  1.851346
548.5  0.468799  1.380426  1.849226
549.0  0.448059  1.401958  1.850017
549.5  0.436194  1.418009  1.854204
550.0  0.435714  1.415309  1.851023
550.5  0.443213  1.405803  1.849016
551.0  0.451808  1.394897  1.846705
551.5  0.454693  1.396649  1.851341
552.0  0.447856  1.399893  1.847749
552.5  0.431080  1.417878  1.848959
553.0  0.407544  1.441946  1.849490
553.5  0.382820  1.468749  1.851569
554.0  0.363689  1.488907  1.852595
554.5  0.356675  1.495128  1.851804
555.0  0.366116  1.486032  1.852147
555.5  0.392123  1.460460  1.852582
556.0  0.429455  1.424341  1.853796
556.5  0.468367  1.384730  1.853097
557.0  0.497654  1.353980  1.851634
557.5  0.508827  1.346491  1.855318
558.0  0.499611  1.352623  1.852233
558.5  0.475080  1.379670  1.854750
559.0  0.445737  1.406245  1.851983
559.5  0.423149  1.434979  1.858128
560.0  0.415011  1.438270  1.853281
560.5  0.422026  1.433657  1.855683
561.0  0.438133  1.412062  1.850195
561.5  0.453689  1.398572  1.852261
562.0  0.459647  1.391985  1.851632
562.5  0.450644  1.401665  1.852309
563.0  0.426116  1.427505  1.853621
563.5  0.389879  1.464024  1.853903
564.0  0.349013  1.508820  1.857834
564.5  0.312462  1.543937  1.856398
565.0  0.289200  1.568790  1.857990
565.5  0.285779  1.572671  1.858450
566.0  0.303740  1.555091  1.858831
566.5  0.338155  1.518454  1.856608
567.0  0.378552  1.478028  1.856579
567.5  0.412405  1.445101  1.857506
568.0  0.429871  1.431155  1.861026
568.5  0.427701  1.434733  1.862434
569.0  0.410555  1.450983  1.861537
569.5  0.389027  1.474232  1.863259
570.0  0.375108  1.492027  1.867135
570.5  0.377012  1.488935  1.865947
571.0  0.395820  1.469725  1.865545
571.5  0.425498  1.438495  1.863993
572.0  0.455961  1.410789  1.866750
572.5  0.477266  1.385145  1.862411
573.0  0.482855  1.383770  1.866625
573.5  0.470954  1.392994  1.863948
574.0  0.444449  1.422638  1.867087
574.5  0.410019  1.455216  1.865234
575.0  0.376846  1.489156  1.866001
575.5  0.354716  1.511174  1.865890
576.0  0.351315  1.515652  1.866968
576.5  0.369293  1.498011  1.867303
577.0  0.404480  1.459531  1.864011
577.5  0.446630  1.419152  1.865782
578.0  0.482875  1.379349  1.862224
578.5  0.502570  1.361055  1.863625
579.0  0.501430  1.362936  1.864366
579.5  0.483188  1.380721  1.863909
580.0  0.457998  1.406581  1.864578
580.5  0.438147  1.430341  1.868488
581.0  0.432867  1.433832  1.866698
581.5  0.444655  1.421110  1.865764
582.0  0.468844  1.401363  1.870207
582.5  0.496276  1.373495  1.869771
583.0  0.517292  1.347995  1.865287
583.5  0.525001  1.342874  1.867874
584.0  0.516843  1.350081  1.866925
584.5  0.494705  1.373479  1.868184
585.0  0.464251  1.400694  1.864945
585.5  0.433771  1.433476  1.867247
586.0  0.412339  1.452627  1.864965
586.5  0.407146  1.462886  1.870032
587.0  0.420609  1.443681  1.864290
587.5  0.448639  1.416458  1.865097
588.0  0.481389  1.386087  1.867476
588.5  0.506617  1.362755  1.869372
589.0  0.514345  1.349796  1.864142
589.5  0.500778  1.364012  1.864790
590.0  0.469822  1.398355  1.868177
590.5  0.431559  1.433453  1.865012
591.0  0.398230  1.465739  1.863968
591.5  0.379393  1.487311  1.866704
592.0  0.378466  1.489474  1.867940
592.5  0.392162  1.468715  1.860877
593.0  0.412708  1.448711  1.861419
593.5  0.431292  1.432979  1.864271
594.0  0.440970  1.422429  1.863399
594.5  0.438247  1.421844  1.860091
595.0  0.423526  1.438560  1.862085
595.5  0.400894  1.461800  1.862694
596.0  0.377331  1.487610  1.864941
596.5  0.361016  1.503741  1.864757
597.0  0.358641  1.506761  1.865402
597.5  0.372468  1.494411  1.866879
598.0  0.398632  1.469140  1.867772
598.5  0.427968  1.435450  1.863417
599.0  0.449340  1.417842  1.867183
599.5  0.454058  1.408982  1.863040
600.0  0.439362  1.425462  1.864824
600.5  0.409508  1.454390  1.863898
601.0  0.373990  1.490788  1.864778
601.5  0.343657  1.520830  1.864487
602.0  0.326451  1.536416  1.862868
602.5  0.324745  1.540309  1.865054
603.0  0.335393  1.528362  1.863755
603.5  0.352004  1.511781  1.863786
604.0  0.367833  1.494150  1.861984
604.5  0.377871  1.486016  1.863887
605.0  0.379774  1.485013  1.864787
605.5  0.374099  1.490278  1.864377
606.0  0.364302  1.497213  1.861516
606.5  0.356399  1.508304  1.864703
607.0  0.357690  1.508608  1.866298
607.5  0.374249  1.491789  1.866038
608.0  0.407886  1.456863  1.864749
608.5  0.454227  1.411864  1.866091
609.0  0.503439  1.362893  1.866332
609.5  0.543678  1.322021  1.865699
610.0  0.565699  1.298851  1.864550
610.5  0.566420  1.300005  1.866425
611.0  0.549845  1.316429  1.866274
611.5  0.525045  1.343176  1.868221
612.0  0.502152  1.363444  1.865596
612.5  0.488202  1.381513  1.869715
613.0  0.484742  1.385663  1.870405
613.5  0.488112  1.380469  1.868582
614.0  0.491809  1.376194  1.868003
614.5  0.489334  1.382471  1.871804
615.0  0.476223  1.395480  1.871703
615.5  0.450947  1.414846  1.865793
616.0  0.415130  1.452469  1.867598
616.5  0.373509  1.495814  1.869323
617.0  0.333477  1.534665  1.868142
617.5  0.303646  1.563049  1.866694
618.0  0.291202  1.575583  1.866785
618.5  0.298821  1.569774  1.868595
619.0  0.322821  1.546288  1.869110
619.5  0.354023  1.513233  1.867256
620.0  0.381273  1.484733  1.866006
620.5  0.396008  1.471161  1.867169
621.0  0.395641  1.469099  1.864740
621.5  0.384279  1.479117  1.863396
622.0  0.370588  1.494712  1.865299
622.5  0.363845  1.501764  1.865609
623.0  0.370005  1.495641  1.865646
623.5  0.389566  1.475382  1.864948
624.0  0.418006  1.448960  1.866966
624.5  0.448103  1.416254  1.864357
625.0  0.472659  1.389752  1.862411
625.5  0.486416  1.376904  1.863320
626.0  0.486969  1.379446  1.866414
626.5  0.475067  1.389514  1.864581
627.0  0.454672  1.410741  1.865413
627.5  0.432540  1.434468  1.867008
628.0  0.416795  1.448304  1.865099
628.5  0.414287  1.451572  1.865859
629.0  0.427535  1.438428  1.865963
629.5  0.452912  1.412576  1.865488
630.0  0.481482  1.383819  1.865301
630.5  0.502499  1.362451  1.864950
631.0  0.507939  1.356702  1.864640
631.5  0.495868  1.367569  1.863437
632.0  0.471122  1.390756  1.861878
632.5  0.443045  1.418498  1.861543
633.0  0.421362  1.441416  1.862778
633.5  0.412124  1.450992  1.863116
634.0  0.415663  1.446496  1.862159
634.5  0.427318  1.434276  1.861594
635.0  0.440108  1.420604  1.860712
635.5  0.447637  1.413922  1.861559
636.0  0.445979  1.415556  1.861536
636.5  0.434355  1.426059  1.860414
637.0  0.415134  1.446566  1.861700
637.5  0.393554  1.471930  1.865484
638.0  0.376978  1.486068  1.863046
638.5  0.373177  1.488637  1.861814
639.0  0.387559  1.477452  1.865010
639.5  0.420274  1.443367  1.863640
640.0  0.464888  1.395086  1.859974
640.5  0.509924  1.350661  1.860586
641.0  0.543027  1.320445  1.863472
641.5  0.555897  1.305213  1.861110
642.0  0.547655  1.312832  1.860486
642.5  0.525008  1.338914  1.863922
643.0  0.499065  1.366911  1.865976
643.5  0.480212  1.385874  1.866086
644.0  0.473546  1.392012  1.865558
644.5  0.477147  1.390158  1.867304
645.0  0.483783  1.383661  1.867444
645.5  0.484646  1.382668  1.867314
646.0  0.472864  1.394135  1.866999
646.5  0.445375  1.423176  1.868552
647.0  0.403201  1.466188  1.869389
647.5  0.350920  1.520392  1.871312
648.0  0.295993  1.576137  1.872130
648.5  0.247793  1.623579  1.871372
649.0  0.215800  1.656312  1.872112
649.5  0.206753  1.665397  1.872150
650.0  0.221620  1.650011  1.871631
650.5  0.254151  1.615269  1.869420
651.0  0.292414  1.575114  1.867528
651.5  0.323202  1.544864  1.868066
652.0  0.337450  1.531299  1.868749
652.5  0.334167  1.533550  1.867717
653.0  0.320940  1.549160  1.870099
653.5  0.310572  1.561896  1.872469
654.0  0.315214  1.558604  1.873818
654.5  0.340805  1.530862  1.871666
655.0  0.384709  1.488915  1.873624
655.5  0.437508  1.435055  1.872563
656.0  0.487417  1.384548  1.871965
656.5  0.524612  1.346604  1.871216
657.0  0.543640  1.328105  1.871746
657.5  0.543805  1.329170  1.872976
658.0  0.528464  1.342785  1.871248
658.5  0.504081  1.370824  1.874906
659.0  0.479147  1.396061  1.875207
659.5  0.462452  1.411983  1.874435
660.0  0.460473  1.412671  1.873144
660.5  0.474524  1.398475  1.872998
661.0  0.499247  1.373756  1.873003
661.5  0.523866  1.346628  1.870494
662.0  0.536214  1.332844  1.869058
662.5  0.527901  1.342408  1.870310
663.0  0.498228  1.373655  1.871883
663.5  0.454947  1.415987  1.870934
664.0  0.411299  1.459944  1.871244
664.5  0.380490  1.493439  1.873928
665.0  0.370190  1.500782  1.870972
665.5  0.379863  1.492022  1.871885
666.0  0.402027  1.467088  1.869115
666.5  0.426230  1.445549  1.871779
667.0  0.443227  1.425311  1.868538
667.5  0.447551  1.420714  1.868265
668.0  0.438215  1.427693  1.865908
668.5  0.418299  1.450687  1.868986
669.0  0.394115  1.473495  1.867610
669.5  0.373998  1.494367  1.868365
670.0  0.366346  1.504005  1.870351
670.5  0.376812  1.491546  1.868359
671.0  0.405496  1.461203  1.866699
671.5  0.445714  1.421594  1.867308
672.0  0.485583  1.381952  1.867535
672.5  0.512192  1.354187  1.866379
673.0  0.516648  1.348780  1.865428
673.5  0.497737  1.372297  1.870034
674.0  0.462552  1.408688  1.871240
674.5  0.423645  1.447493  1.871138
675.0  0.393795  1.475172  1.868967
675.5  0.380723  1.490373  1.871096
676.0  0.384383  1.486001  1.870384
676.5  0.398004  1.470833  1.868837
677.0  0.411827  1.453092  1.864919
677.5  0.417213  1.446846  1.864059
678.0  0.409283  1.460941  1.870224
678.5  0.387730  1.478145  1.865875
679.0  0.356441  1.507632  1.864073
679.5  0.322630  1.541689  1.864319
680.0  0.295554  1.576050  1.871604
680.5  0.284485  1.582851  1.867336
681.0  0.295861  1.570451  1.866313
681.5  0.330402  1.537331  1.867733
682.0  0.381761  1.487343  1.869104
682.5  0.437950  1.430365  1.868315
683.0  0.485400  1.378594  1.863994
683.5  0.514038  1.348561  1.862599
684.0  0.521154  1.344393  1.865547
684.5  0.512361  1.356332  1.868693
685.0  0.499093  1.369621  1.868714
685.5  0.493523  1.376910  1.870433
686.0  0.503110  1.369462  1.872572
686.5  0.527447  1.341758  1.869206
687.0  0.558882  1.310798  1.869680
687.5  0.586178  1.287014  1.873192
688.0  0.598922  1.275056  1.873978
688.5  0.590657  1.282874  1.873531
689.0  0.560128  1.315698  1.875827
689.5  0.511168  1.371356  1.882525
690.0  0.451882  1.436189  1.888071
690.5  0.393230  1.502199  1.895429
691.0  0.346672  1.558432  1.905104
691.5  0.320896  1.595259  1.916155
692.0  0.318578  1.605180  1.923758
692.5  0.334872  1.597612  1.932484
693.0  0.358878  1.582438  1.941316
693.5  0.377846  1.569611  1.947457
694.0  0.382360  1.568068  1.950428
694.5  0.370289  1.582544  1.952834
695.0  0.347822  1.607503  1.955325
695.5  0.326986  1.626731  1.953718
696.0  0.320428  1.628061  1.948488
696.5  0.335644  1.608139  1.943783
697.0  0.371527  1.569419  1.940945
697.5  0.418966  1.516087  1.935053
698.0  0.464862  1.464191  1.929053
698.5  0.497062  1.427937  1.924999
699.0  0.507885  1.415458  1.923343
699.5  0.495436  1.427624  1.923060
700.0  0.463301  1.462512  1.925813
700.5  0.419458  1.508776  1.928234
701.0  0.374702  1.557617  1.932318
701.5  0.340327  1.592958  1.933285
702.0  0.324981  1.611060  1.936041
702.5  0.331479  1.603135  1.934615
703.0  0.355179  1.575318  1.930497
703.5  0.385242  1.538044  1.923287
704.0  0.408695  1.506686  1.915381
704.5  0.415590  1.492499  1.908090
705.0  0.403008  1.496631  1.899639
705.5  0.376185  1.514421  1.890606
706.0  0.346321  1.537305  1.883626
706.5  0.325918  1.550611  1.876529
707.0  0.323684  1.549438  1.873122
707.5  0.341339  1.531913  1.873252
708.0  0.373723  1.497464  1.871187
708.5  0.411653  1.463334  1.874987
709.0  0.445673  1.435268  1.880941
709.5  0.468860  1.413973  1.882833
710.0  0.478081  1.407211  1.885292
710.5  0.474102  1.415618  1.889720
711.0  0.461196  1.430631  1.891827
711.5  0.446404  1.444149  1.890553
712.0  0.438054  1.453217  1.891271
712.5  0.443253  1.448808  1.892061
713.0  0.464858  1.426584  1.891442
713.5  0.499437  1.391178  1.890615
714.0  0.537785  1.353934  1.891720
714.5  0.568270  1.325172  1.893442
715.0  0.581539  1.316898  1.898437
715.5  0.574260  1.331982  1.906242
716.0  0.550164  1.366811  1.916975
716.5  0.518049  1.413554  1.931603
717.0  0.487820  1.458623  1.946442
717.5  0.466460  1.495346  1.961806
718.0  0.455766  1.523774  1.979540
718.5  0.452625  1.543853  1.996478
719.0  0.451218  1.556260  2.007478
719.5  0.445673  1.572466  2.018140
720.0  0.431966  1.594091  2.026057
720.5  0.408741  1.622128  2.030869
721.0  0.377464  1.653503  2.030968
721.5  0.342339  1.685429  2.027768
722.0  0.309982  1.711265  2.021247
722.5  0.288349  1.728520  2.016870
723.0  0.284535  1.725616  2.010151
723.5  0.301838  1.699606  2.001444
724.0  0.337557  1.656828  1.994385
724.5  0.383145  1.608563  1.991709
725.0  0.427189  1.562976  1.990165
725.5  0.459902  1.530414  1.990316
726.0  0.476854  1.515956  1.992809
726.5  0.480131  1.519919  2.000050
727.0  0.476567  1.532104  2.008671
727.5  0.474075  1.540945  2.015020
728.0  0.477953  1.542109  2.020062
728.5  0.488864  1.538832  2.027696
729.0  0.503161  1.527930  2.031091
729.5  0.514932  1.513487  2.028419
730.0  0.518418  1.500849  2.019267
730.5  0.509731  1.500157  2.009888
731.0  0.487603  1.511653  1.999256
731.5  0.453510  1.527045  1.980555
732.0  0.411561  1.548218  1.959779
732.5  0.368151  1.574854  1.943005
733.0  0.330949  1.597726  1.928675
733.5  0.306926  1.605262  1.912187
734.0  0.299827  1.601153  1.900980
734.5  0.308320  1.591036  1.899356
735.0  0.326178  1.573487  1.899665
735.5  0.344838  1.556995  1.901834
736.0  0.357205  1.548022  1.905226
736.5  0.360760  1.548035  1.908795
737.0  0.358435  1.555004  1.913439
737.5  0.356886  1.560365  1.917251
738.0  0.363119  1.555384  1.918503
738.5  0.381171  1.536639  1.917809
739.0  0.410457  1.505196  1.915653
739.5  0.446357  1.466008  1.912365
740.0  0.482335  1.427365  1.909700
740.5  0.512249  1.394164  1.906413
741.0  0.531843  1.373945  1.905788
741.5  0.539250  1.366924  1.906174
742.0  0.534915  1.374324  1.909239
742.5  0.521411  1.397288  1.918699
743.0  0.503153  1.429917  1.933070
743.5  0.485638  1.458393  1.944031
744.0  0.473884  1.488343  1.962228
744.5  0.470346  1.512299  1.982645
745.0  0.473377  1.529557  2.002934
745.5  0.477441  1.545774  2.023215
746.0  0.475387  1.564357  2.039743
746.5  0.461786  1.589129  2.050915
747.0  0.435621  1.623581  2.059202
747.5  0.400958  1.665130  2.066088
748.0  0.365298  1.701441  2.066739
748.5  0.336431  1.727308  2.063739
749.0  0.319364  1.738306  2.057670
749.5  0.314804  1.735453  2.050257
750.0  0.319731  1.724355  2.044086
750.5  0.329373  1.710520  2.039893
751.0  0.339277  1.698320  2.037596
751.5  0.346535  1.692308  2.038843
752.0  0.350033  1.695541  2.045574
752.5  0.350189  1.704935  2.055123
753.0  0.348689  1.714602  2.063292
753.5  0.348286  1.724833  2.073119
754.0  0.352330  1.731247  2.083577
754.5  0.363705  1.729709  2.093415
755.0  0.383329  1.715752  2.099081
755.5  0.409087  1.687812  2.096899
756.0  0.436155  1.655433  2.091587
756.5  0.458891  1.624866  2.083757
757.0  0.473384  1.598586  2.071970
757.5  0.479226  1.577161  2.056387
758.0  0.479544  1.557577  2.037122
758.5  0.479297  1.539983  2.019280
759.0  0.482720  1.519962  2.002682
759.5  0.491255  1.498227  1.989482
760.0  0.503019  1.474315  1.977334
760.5  0.513956  1.453197  1.967153
761.0  0.519844  1.445752  1.965596
761.5  0.517988  1.448430  1.966418
762.0  0.507875  1.458783  1.966658
762.5  0.490836  1.479254  1.970090
763.0  0.469274  1.506539  1.975813
763.5  0.446009  1.533709  1.979719
764.0  0.423937  1.557030  1.980967
764.5  0.405802  1.574844  1.980645
765.0  0.393733  1.585264  1.978997
765.5  0.388505  1.588451  1.976956
766.0  0.388986  1.581856  1.970842
766.5  0.392418  1.572303  1.964721
767.0  0.395713  1.563751  1.959463
767.5  0.397121  1.559007  1.956128
768.0  0.397279  1.556411  1.953689
768.5  0.398915  1.557633  1.956548
769.0  0.405332  1.563647  1.968978
769.5  0.418450  1.564252  1.982702
770.0  0.437548  1.556791  1.994338
770.5  0.459407  1.549926  2.009333
771.0  0.479758  1.546517  2.026275
771.5  0.495121  1.547402  2.042523
772.0  0.504017  1.550762  2.054780
772.5  0.507099  1.555978  2.063076
773.0  0.506364  1.564933  2.071297
773.5  0.504064  1.573923  2.077987
774.0  0.501830  1.578298  2.080127
774.5  0.500244  1.577767  2.078011
775.0  0.498807  1.576260  2.075066
775.5  0.496070  1.576703  2.072773
776.0  0.489872  1.580841  2.070713
776.5  0.477803  1.591069  2.068872
777.0  0.458025  1.607690  2.065716
777.5  0.430296  1.636180  2.066476
778.0  0.396689  1.673063  2.069752
778.5  0.361508  1.712329  2.073837
779.0  0.330230  1.745789  2.076019
779.5  0.307792  1.772776  2.080568
780.0  0.296886  1.785180  2.082066
780.5  0.297083  1.784429  2.081512
781.0  0.305238  1.775791  2.081029
781.5  0.316982  1.761325  2.078306
782.0  0.328459  1.740243  2.068702
782.5  0.337487  1.721004  2.058491
783.0  0.343782  1.702249  2.046031
783.5  0.348471  1.683825  2.032296
784.0  0.353367  1.666239  2.019605
784.5  0.360375  1.647548  2.007923
785.0  0.371091  1.626544  1.997635
785.5  0.386426  1.604787  1.991212
786.0  0.406109  1.583700  1.989809
786.5  0.428276  1.562880  1.991156
787.0  0.449574  1.543169  1.992743
787.5  0.466123  1.530885  1.997009
788.0  0.475060  1.527467  2.002527
788.5  0.475873  1.529804  2.005677
789.0  0.470749  1.538350  2.009099
789.5  0.463650  1.547965  2.011615
790.0  0.458528  1.553839  2.012367
790.5  0.457494  1.552987  2.010480
791.0  0.459910  1.549407  2.009316
791.5  0.462899  1.544492  2.007391
792.0  0.462940  1.542409  2.005348
792.5  0.457585  1.549949  2.007534
793.0  0.446427  1.563309  2.009736
793.5  0.431003  1.582821  2.013824
794.0  0.413980  1.606051  2.020031
794.5  0.398221  1.628297  2.026518
795.0  0.386153  1.647195  2.033348
795.5  0.379529  1.664077  2.043605
796.0  0.379373  1.673229  2.052601
796.5  0.385822  1.671626  2.057448
797.0  0.397853  1.664058  2.061911
797.5  0.413207  1.651780  2.064987
798.0  0.428879  1.638716  2.067595
798.5  0.442173  1.627005  2.069178
799.0  0.451794  1.616018  2.067812
799.5  0.458338  1.606465  2.064802
800.0  0.463806  1.599472  2.063279
800.5  0.470318  1.590831  2.061149
801.0  0.478690  1.578537  2.057227
801.5  0.487738  1.566535  2.054274
802.0  0.494746  1.557951  2.052697
802.5  0.496790  1.556756  2.053546
803.0  0.492079  1.562151  2.054230
803.5  0.480556  1.574531  2.055087
804.0  0.463594  1.591576  2.055170
804.5  0.443173  1.613703  2.056876
805.0  0.421101  1.636351  2.057451
805.5  0.398677  1.655754  2.054431
806.0  0.376840  1.674790  2.051630
806.5  0.356524  1.692798  2.049321
807.0  0.338835  1.706547  2.045381
807.5  0.324873  1.716868  2.041741
808.0  0.315379  1.723964  2.039343
808.5  0.310612  1.724242  2.034855
809.0  0.310650  1.718789  2.029439
809.5  0.315879  1.712429  2.028308
810.0  0.327184  1.700661  2.027845
810.5  0.345535  1.681255  2.026790
811.0  0.371089  1.656661  2.027750
811.5  0.402401  1.625674  2.028075
812.0  0.436371  1.592757  2.029128
812.5  0.469147  1.561103  2.030250
813.0  0.497510  1.532132  2.029642
813.5  0.519941  1.508563  2.028504
814.0  0.536802  1.490387  2.027189
814.5  0.549651  1.475219  2.024870
815.0  0.560168  1.461686  2.021855
815.5  0.569245  1.451271  2.020515
816.0  0.576573  1.444422  2.020995
816.5  0.580799  1.440209  2.021008
817.0  0.580042  1.438256  2.018298
817.5  0.572497  1.444784  2.017281
818.0  0.556942  1.461653  2.018594
818.5  0.533102  1.487511  2.020613
819.0  0.501900  1.518590  2.020490
819.5  0.465563  1.555201  2.020764
820.0  0.427463  1.595214  2.022677
820.5  0.391628  1.632538  2.024166
821.0  0.361916  1.660272  2.022188
821.5  0.341044  1.676953  2.017997
822.0  0.329803  1.684791  2.014594
822.5  0.326904  1.687998  2.014902
823.0  0.329634  1.687733  2.017367
823.5  0.335027  1.680559  2.015586
824.0  0.340937  1.671663  2.012600
824.5  0.346552  1.668326  2.014877
825.0  0.352256  1.668524  2.020780
825.5  0.359134  1.666500  2.025634
826.0  0.368392  1.660327  2.028719
826.5  0.380898  1.652280  2.033178
827.0  0.396797  1.646832  2.043629
827.5  0.415169  1.634634  2.049803
828.0  0.433831  1.617667  2.051499
828.5  0.449536  1.606350  2.055885
829.0  0.458768  1.599440  2.058207
829.5  0.458961  1.600000  2.058961
830.0  0.449569  1.606773  2.056342
830.5  0.432447  1.622720  2.055166
831.0  0.411399  1.642180  2.053579
831.5  0.391093  1.660397  2.051490
832.0  0.375709  1.674652  2.050362
832.5  0.367769  1.681446  2.049215
833.0  0.367537  1.681700  2.049237
833.5  0.373248  1.675805  2.049053
834.0  0.381955  1.668447  2.050401
834.5  0.390544  1.661094  2.051638
835.0  0.396504  1.656360  2.052864
835.5  0.398334  1.655016  2.053350
836.0  0.395729  1.655321  2.051050
836.5  0.389677  1.657767  2.047443
837.0  0.382391  1.661138  2.043529
837.5  0.376867  1.658668  2.035535
838.0  0.375895  1.647396  2.023291
838.5  0.380800  1.631329  2.012129
839.0  0.390613  1.612009  2.002622
839.5  0.402353  1.591646  1.993999
840.0  0.412434  1.575006  1.987441
840.5  0.418416  1.564680  1.983095
841.0  0.420131  1.560293  1.980424
841.5  0.419715  1.563340  1.983055
842.0  0.420667  1.563619  1.984287
842.5  0.426403  1.560349  1.986752
843.0  0.438878  1.551969  1.990847
843.5  0.457847  1.535392  1.993239
844.0  0.481015  1.508484  1.989499
844.5  0.504884  1.481770  1.986654
845.0  0.525773  1.460458  1.986231
845.5  0.540579  1.444662  1.985241
846.0  0.547191  1.431586  1.978777
846.5  0.544731  1.429967  1.974698
847.0  0.533748  1.442086  1.975833
847.5  0.516303  1.461346  1.977648
848.0  0.495627  1.479351  1.974978
848.5  0.475153  1.501671  1.976824
849.0  0.457154  1.526480  1.983634
849.5  0.441751  1.550536  1.992288
850.0  0.427082  1.573216  2.000298
850.5  0.410667  1.602130  2.012797
851.0  0.391146  1.635205  2.026351
851.5  0.369320  1.668670  2.037990
852.0  0.348022  1.700465  2.048486
852.5  0.331041  1.727322  2.058363
853.0  0.321705  1.744164  2.065870
853.5  0.321732  1.746783  2.068514
854.0  0.330775  1.737096  2.067871
854.5  0.346773  1.717030  2.063803
855.0  0.366778  1.693409  2.060187
855.5  0.387786  1.669370  2.057157
856.0  0.407295  1.644315  2.051610
856.5  0.423554  1.623927  2.047482
857.0  0.435737  1.609176  2.044913
857.5  0.444123  1.601473  2.045597
858.0  0.450197  1.597468  2.047665
858.5  0.456348  1.597003  2.053351
859.0  0.464934  1.595065  2.059999
859.5  0.476951  1.589596  2.066547
860.0  0.491080  1.581621  2.072701
860.5  0.503980  1.570720  2.074700
861.0  0.511846  1.559319  2.071164
861.5  0.512321  1.556854  2.069175
862.0  0.505541  1.556977  2.062518
862.5  0.493835  1.553871  2.047706
863.0  0.480486  1.554099  2.034585
863.5  0.468347  1.552382  2.020729
864.0  0.458951  1.544726  2.003677
864.5  0.452364  1.534294  1.986658
865.0  0.447617  1.527102  1.974719
865.5  0.443327  1.520895  1.964222
866.0  0.438148  1.517799  1.955947
866.5  0.430957  1.522306  1.953263
867.0  0.420944  1.534845  1.955789
867.5  0.407802  1.548825  1.956627
868.0  0.392075  1.567672  1.959747
868.5  0.375449  1.590867  1.966316
869.0  0.360623  1.612361  1.972984
869.5  0.350491  1.626997  1.977489
870.0  0.346873  1.633353  1.980225
870.5  0.349561  1.632883  1.982444
871.0  0.356532  1.625080  1.981613
871.5  0.365340  1.612132  1.977471
872.0  0.374722  1.599150  1.973872
872.5  0.385202  1.585708  1.970910
873.0  0.398323  1.569339  1.967662
873.5  0.415202  1.553183  1.968385
874.0  0.435460  1.538273  1.973733
874.5  0.457101  1.524875  1.981976
875.0  0.477257  1.518131  1.995388
875.5  0.493215  1.521510  2.014725
876.0  0.503139  1.530669  2.033808
876.5  0.506214  1.548830  2.055044
877.0  0.502366  1.578775  2.081141
877.5  0.491890  1.611169  2.103059
878.0  0.475294  1.646371  2.121665
878.5  0.453438  1.682604  2.136043
879.0  0.427774  1.716294  2.144067
879.5  0.400339  1.747826  2.148165
880.0  0.373267  1.776501  2.149768
880.5  0.347913  1.797423  2.145336
881.0  0.324255  1.812521  2.136776
881.5  0.301285  1.829364  2.130649
882.0  0.278443  1.847285  2.125727
882.5  0.257148  1.861918  2.119066
883.0  0.241141  1.873048  2.114189
883.5  0.235170  1.880155  2.115325
884.0  0.242777  1.874813  2.117590
884.5  0.264584  1.855192  2.119776
885.0  0.298043  1.828728  2.126771
885.5  0.338629  1.797538  2.136166
886.0  0.381597  1.762282  2.143879
886.5  0.423342  1.725076  2.148418
887.0  0.461857  1.692300  2.154157
887.5  0.496424  1.655048  2.151472
888.0  0.526999  1.614224  2.141223
888.5  0.553694  1.572095  2.125789
889.0  0.576499  1.533954  2.110453
889.5  0.595174  1.491779  2.086953
890.0  0.609116  1.451074  2.060190
890.5  0.617094  1.421654  2.038748
891.0  0.617005  1.399990  2.016996
891.5  0.606064  1.389722  1.995786
892.0  0.581802  1.401505  1.983306
892.5  0.543722  1.432004  1.975726
893.0  0.494725  1.476455  1.971180
893.5  0.441201  1.532184  1.973386
894.0  0.391345  1.592048  1.983393
894.5  0.352366  1.637236  1.989602
895.0  0.328053  1.664121  1.992174
895.5  0.317944  1.681001  1.998945
896.0  0.318361  1.683784  2.002145
896.5  0.324503  1.676031  2.000534
897.0  0.332414  1.665772  1.998186
897.5  0.340051  1.653930  1.993981
898.0  0.347379  1.642200  1.989579
898.5  0.355841  1.626768  1.982609
899.0  0.367605  1.607260  1.974865
899.5  0.384765  1.586703  1.971469
900.0  0.408557  1.562735  1.971292
900.5  0.438623  1.535563  1.974187
901.0  0.472484  1.508364  1.980848
901.5  0.505514  1.461655  1.967169
902.0  0.531758  1.452265  1.984023
902.5  0.545664  1.417927  1.963591
903.0  0.544246  1.439522  1.983768
903.5  0.528660  1.432187  1.960848
904.0  0.504181  1.475052  1.979232
904.5  0.478304  1.489027  1.967331
905.0  0.457804  1.522350  1.980154
905.5  0.446221  1.524573  1.970794
906.0  0.443016  1.531536  1.974552
906.5  0.444562  1.530792  1.975354
907.0  0.446135  1.527707  1.973842
907.5  0.443786  1.532107  1.975893
908.0  0.435407  1.537787  1.973194
908.5  0.421001  1.553420  1.974421
909.0  0.402456  1.572408  1.974864
909.5  0.383055  1.590085  1.973139
910.0  0.366744  1.610436  1.977180
910.5  0.357116  1.613828  1.970944
911.0  0.356260  1.621315  1.977575
911.5  0.363853  1.604633  1.968486
912.0  0.376977  1.600448  1.977425
912.5  0.390994  1.578657  1.969651
913.0  0.401364  1.574055  1.975418
913.5  0.405739  1.565684  1.971423
914.0  0.405288  1.566844  1.972132
914.5  0.404380  1.573099  1.977478
915.0  0.408610  1.558368  1.966978
915.5  0.422090  1.559229  1.981319
916.0  0.445427  1.519243  1.964670
916.5  0.475364  1.506909  1.982273
917.0  0.506052  1.458272  1.964323
917.5  0.531084  1.451400  1.982484
918.0  0.545267  1.423699  1.968966
918.5  0.545630  1.430068  1.975698
919.0  0.531753  1.438764  1.970517
919.5  0.505714  1.464951  1.970665
920.0  0.471764  1.500980  1.972743
920.5  0.435602  1.535043  1.970645
921.0  0.403102  1.574054  1.977157
921.5  0.378632  1.596532  1.975164
922.0  0.363554  1.614072  1.977626
922.5  0.355670  1.624242  1.979912
923.0  0.350144  1.625588  1.975732
923.5  0.341763  1.639055  1.980819
924.0  0.327578  1.645867  1.973445
924.5  0.308603  1.673679  1.982282
925.0  0.289577  1.683264  1.972841
925.5  0.276841  1.701684  1.978525
926.0  0.275479  1.698026  1.973505
926.5  0.287264  1.686830  1.974094
927.0  0.310355  1.668199  1.978554
927.5  0.340550  1.630733  1.971283
928.0  0.373068  1.606686  1.979754
928.5  0.403868  1.562909  1.966777
929.0  0.430187  1.551323  1.981511
929.5  0.450600  1.515350  1.965950
930.0  0.464994  1.517269  1.982263
930.5  0.474604  1.492894  1.967499
931.0  0.481819  1.496453  1.978272
931.5  0.489434  1.479544  1.968979
932.0  0.499341  1.477655  1.976995
932.5  0.511135  1.464016  1.975152
933.0  0.521516  1.452700  1.974216
933.5  0.525121  1.447338  1.972460
934.0  0.516775  1.454061  1.970836
934.5  0.494186  1.478384  1.972569
935.0  0.459671  1.510404  1.970075
935.5  0.419858  1.549232  1.969090
936.0  0.383352  1.588209  1.971560
936.5  0.357507  1.612801  1.970308
937.0  0.345921  1.630316  1.976237
937.5  0.347755  1.620866  1.968621
938.0  0.358858  1.615549  1.974407
938.5  0.373763  1.594124  1.967887
939.0  0.387486  1.583745  1.971231
939.5  0.396606  1.573902  1.970509
940.0  0.399739  1.569552  1.969291
940.5  0.397689  1.579373  1.977061
941.0  0.393378  1.575989  1.969367
941.5  0.391322  1.589956  1.981278
942.0  0.396421  1.569146  1.965568
942.5  0.412159  1.565849  1.978008
943.0  0.438811  1.527538  1.966348
943.5  0.472587  1.505447  1.978033
944.0  0.506436  1.462975  1.969411
944.5  0.532489  1.442958  1.975447
945.0  0.545158  1.430401  1.975560
945.5  0.543395  1.430620  1.974014
946.0  0.530920  1.442634  1.973554
946.5  0.514320  1.458413  1.972733
947.0  0.500030  1.477577  1.977607
947.5  0.491787  1.484997  1.976784
948.0  0.489736  1.485984  1.975720
948.5  0.491293  1.484180  1.975473
949.0  0.492881  1.480657  1.973538
949.5  0.491444  1.486733  1.978177
950.0  0.485163  1.489153  1.974316
950.5  0.473522  1.504957  1.978479
951.0  0.457186  1.516015  1.973201
951.5  0.437925  1.537683  1.975608
952.0  0.418471  1.555630  1.974101
952.5  0.401980  1.572242  1.974222
953.0  0.390988  1.584856  1.975844
953.5  0.386174  1.583450  1.969624
954.0  0.385605  1.591594  1.977200
954.5  0.385155  1.582644  1.967798
955.0  0.380246  1.599061  1.979306
955.5  0.368239  1.600145  1.968384
956.0  0.350173  1.628397  1.978570
956.5  0.330749  1.638764  1.969513
957.0  0.316402  1.661710  1.978112
957.5  0.312448  1.659150  1.971598
958.0  0.320844  1.652023  1.972867
958.5  0.339711  1.632645  1.972356
959.0  0.364638  1.608565  1.973203
959.5  0.390803  1.583244  1.974047
960.0  0.414683  1.558789  1.973472
960.5  0.434719  1.541019  1.975738
961.0  0.451043  1.522852  1.973895
961.5  0.464786  1.508854  1.973639
962.0  0.477381  1.497304  1.974685
962.5  0.489978  1.482846  1.972823
963.0  0.502873  1.472397  1.975270
963.5  0.514987  1.457505  1.972492
964.0  0.523595  1.449702  1.973297
964.5  0.524670  1.446166  1.970835
965.0  0.514045  1.457858  1.971903
965.5  0.489208  1.483174  1.972382
966.0  0.451025  1.518655  1.969680
966.5  0.404418  1.570671  1.975089
967.0  0.357334  1.612864  1.970198
967.5  0.318215  1.660345  1.978560
968.0  0.293077  1.679704  1.972782
968.5  0.283645  1.695262  1.978906
969.0  0.287401  1.686346  1.973746
969.5  0.299342  1.679365  1.978707
970.0  0.314360  1.663747  1.978107
970.5  0.329091  1.650256  1.979346
971.0  0.342624  1.639742  1.982366
971.5  0.356179  1.625039  1.981218
972.0  0.372191  1.610855  1.983046
972.5  0.393242  1.587030  1.980272
973.0  0.421038  1.562277  1.983315
973.5  0.455558  1.525824  1.981382
974.0  0.494483  1.485623  1.980105
974.5  0.533116  1.446128  1.979244
975.0  0.565038  1.414095  1.979133
975.5  0.583613  1.395417  1.979030
976.0  0.584113  1.393330  1.977442
976.5  0.565729  1.412961  1.978690
977.0  0.532423  1.445899  1.978322
977.5  0.491917  1.484461  1.976379
978.0  0.453027  1.527711  1.980739
978.5  0.422523  1.559765  1.982287
979.0  0.402987  1.580637  1.983623
979.5  0.392615  1.586191  1.978805
980.0  0.386807  1.597355  1.984162
980.5  0.380553  1.602125  1.982678
981.0  0.370471  1.614883  1.985354
981.5  0.355826  1.623342  1.979169
982.0  0.338495  1.642640  1.981135
982.5  0.322181  1.657711  1.979892
983.0  0.311257  1.669689  1.980946
983.5  0.309524  1.672794  1.982318
984.0  0.319130  1.661608  1.980738
984.5  0.339832  1.640790  1.980622
985.0  0.368759  1.612325  1.981085
985.5  0.400808  1.580351  1.981158
986.0  0.429822  1.552639  1.982461
986.5  0.450491  1.529214  1.979706
987.0  0.460370  1.522332  1.982702
987.5  0.460997  1.520289  1.981286
988.0  0.457329  1.525856  1.983185
988.5  0.455562  1.525689  1.981251
989.0  0.460391  1.522256  1.982647
989.5  0.473073  1.508825  1.981898
990.0  0.491168  1.488437  1.979605
990.5  0.509873  1.471616  1.981489
991.0  0.524095  1.457976  1.982072
991.5  0.530264  1.452763  1.983027
992.0  0.527265  1.452671  1.979936
992.5  0.516420  1.462945  1.979365
993.0  0.500734  1.483984  1.984718
993.5  0.483791  1.500839  1.984630
994.0  0.468670  1.514972  1.983641
994.5  0.457219  1.521150  1.978369
995.0  0.449831  1.531295  1.981126
995.5  0.445538  1.536734  1.982272
996.0  0.442227  1.537100  1.979327
996.5  0.437060  1.541748  1.978808
997.0  0.427417  1.549448  1.976864
997.5  0.412328  1.570637  1.982965
998.0  0.393637  1.583722  1.977359
998.5  0.375904  1.603696  1.979599
999.0  0.364742  1.611693  1.976434
999.5  0.364356  1.615924  1.980279
1000.0  0.375630  1.600875  1.976504
