0.0  0.330914  1.089057  1.419971
0.5  0.314620  1.105981  1.420601
1.0  0.291935  1.128964  1.420900
1.5  0.268527  1.152776  1.421303
2.0  0.249377  1.171903  1.421280
2.5  0.236924  1.184402  1.421327
3.0  0.230383  1.190672  1.421055
3.5  0.226599  1.194163  1.420762
4.0  0.221941  1.198845  1.420786
4.5  0.214203  1.206649  1.420853
5.0  0.203662  1.217388  1.421050
5.5  0.192955  1.228690  1.421644
6.0  0.186010  1.235684  1.421695
6.5  0.186536  1.235328  1.421864
7.0  0.196616  1.225082  1.421698
7.5  0.215881  1.206032  1.421913
8.0  0.241452  1.179912  1.421363
8.5  0.268602  1.152674  1.421276
9.0  0.291907  1.128716  1.420623
9.5  0.306579  1.114307  1.420886
10.0  0.309736  1.110867  1.420603
10.5  0.301334  1.119696  1.421030
11.0  0.284448  1.136785  1.421233
11.5  0.264569  1.157123  1.421692
12.0  0.247889  1.174124  1.422013
12.5  0.239054  1.182967  1.422021
13.0  0.239385  1.182554  1.421939
13.5  0.246508  1.175105  1.421612
14.0  0.255601  1.165864  1.421465
14.5  0.261619  1.159503  1.421122
15.0  0.261387  1.159632  1.421019
15.5  0.254706  1.166494  1.421199
16.0  0.244202  1.177311  1.421513
16.5  0.234155  1.187636  1.421792
17.0  0.228839  1.193014  1.421852
17.5  0.230994  1.191056  1.422050
18.0  0.240903  1.180986  1.421888
18.5  0.256298  1.165314  1.421612
19.0  0.273013  1.148144  1.421156
19.5  0.286122  1.134912  1.421034
20.0  0.291263  1.129806  1.421069
20.5  0.285902  1.134740  1.420642
21.0  0.270282  1.150874  1.421156
21.5  0.247734  1.173507  1.421241
22.0  0.224004  1.198010  1.422014
22.5  0.205521  1.216329  1.421851
23.0  0.197108  1.225146  1.422254
23.5  0.200151  1.221764  1.421915
24.0  0.212197  1.209414  1.421612
24.5  0.228205  1.193054  1.421259
25.0  0.242756  1.178336  1.421092
25.5  0.252122  1.169270  1.421392
26.0  0.255347  1.166031  1.421378
26.5  0.254098  1.167277  1.421375
27.0  0.251585  1.170193  1.421778
27.5  0.251073  1.170980  1.422052
28.0  0.254575  1.167274  1.421849
28.5  0.262121  1.159654  1.421775
29.0  0.271761  1.149944  1.421705
29.5  0.280201  1.141199  1.421400
30.0  0.283796  1.137530  1.421326
30.5  0.279675  1.141427  1.421102
31.0  0.266752  1.154911  1.421663
31.5  0.246439  1.175443  1.421882
32.0  0.222726  1.199419  1.422145
32.5  0.201357  1.221377  1.422734
33.0  0.188079  1.234908  1.422986
33.5  0.186518  1.236650  1.423167
34.0  0.196672  1.226171  1.422843
34.5  0.214857  1.207708  1.422564
35.0  0.235204  1.187291  1.422495
35.5  0.251941  1.170612  1.422553
36.0  0.261363  1.160672  1.422035
36.5  0.262756  1.159712  1.422469
37.0  0.258086  1.164299  1.422385
37.5  0.250826  1.172383  1.423210
38.0  0.244480  1.178669  1.423149
38.5  0.241348  1.181512  1.422861
39.0  0.241917  1.180426  1.422343
39.5  0.244916  1.177537  1.422453
40.0  0.247905  1.174798  1.422703
40.5  0.248128  1.174303  1.422431
41.0  0.243444  1.178336  1.421779
41.5  0.233192  1.188582  1.421774
42.0  0.218826  1.203261  1.422086
42.5  0.203998  1.218695  1.422693
43.0  0.193794  1.229031  1.422826
43.5  0.193055  1.230451  1.423507
44.0  0.204325  1.218680  1.423005
44.5  0.226449  1.196627  1.423075
45.0  0.254669  1.167812  1.422481
45.5  0.282283  1.140403  1.422686
46.0  0.303024  1.119633  1.422657
46.5  0.313049  1.108996  1.422045
47.0  0.311800  1.110450  1.422251
47.5  0.301645  1.120642  1.422287
48.0  0.286675  1.136471  1.423146
48.5  0.271226  1.151816  1.423042
49.0  0.258615  1.165424  1.424039
49.5  0.250405  1.173211  1.423615
50.0  0.246286  1.177080  1.423365
50.5  0.244465  1.178339  1.422805
51.0  0.242389  1.180327  1.422716
51.5  0.237638  1.185027  1.422665
52.0  0.228872  1.193860  1.422732
52.5  0.216631  1.205825  1.422456
53.0  0.203673  1.218760  1.422433
53.5  0.194460  1.228436  1.422895
54.0  0.193683  1.229740  1.423423
54.5  0.204245  1.218824  1.423069
55.0  0.225659  1.197146  1.422805
55.5  0.253804  1.168533  1.422337
56.0  0.282277  1.139904  1.422180
56.5  0.304642  1.116703  1.421345
57.0  0.316513  1.105329  1.421842
57.5  0.316636  1.105186  1.421822
58.0  0.306781  1.115775  1.422556
58.5  0.290767  1.131748  1.422515
59.0  0.273112  1.149755  1.422867
59.5  0.257809  1.165296  1.423105
60.0  0.247478  1.176181  1.423659
60.5  0.242999  1.180442  1.423441
61.0  0.243561  1.179857  1.423419
61.5  0.247067  1.176401  1.423468
62.0  0.250825  1.172451  1.423275
62.5  0.252468  1.170757  1.423224
63.0  0.250905  1.172275  1.423179
63.5  0.246941  1.176768  1.423709
64.0  0.243135  1.181135  1.424270
64.5  0.242707  1.181271  1.423978
65.0  0.247879  1.175884  1.423763
65.5  0.258483  1.165222  1.423704
66.0  0.271700  1.152628  1.424328
66.5  0.283112  1.141385  1.424497
67.0  0.288478  1.136238  1.424715
67.5  0.285338  1.139071  1.424409
68.0  0.273776  1.151169  1.424945
68.5  0.256209  1.168748  1.424957
69.0  0.236472  1.188665  1.425137
69.5  0.218633  1.207608  1.426241
70.0  0.205934  1.220284  1.426219
70.5  0.200089  1.226489  1.426578
71.0  0.201050  1.224350  1.425400
71.5  0.207192  1.218152  1.425344
72.0  0.215821  1.209736  1.425557
72.5  0.223925  1.201740  1.425665
73.0  0.229055  1.195971  1.425026
73.5  0.230154  1.195230  1.425384
74.0  0.228038  1.197177  1.425215
74.5  0.225200  1.200077  1.425277
75.0  0.224798  1.200918  1.425715
75.5  0.229138  1.197068  1.426206
76.0  0.238377  1.187102  1.425479
76.5  0.250174  1.175211  1.425384
77.0  0.260560  1.165416  1.425976
77.5  0.265567  1.160845  1.426413
78.0  0.262828  1.163623  1.426451
78.5  0.252464  1.173664  1.426127
79.0  0.237022  1.189080  1.426103
79.5  0.220637  1.206003  1.426639
80.0  0.207778  1.219024  1.426801
80.5  0.202026  1.224934  1.426960
81.0  0.205168  1.221866  1.427034
81.5  0.216792  1.209851  1.426643
82.0  0.234411  1.191303  1.425714
82.5  0.254084  1.171795  1.425879
83.0  0.271413  1.154619  1.426032
83.5  0.282752  1.142857  1.425609
84.0  0.286326  1.139688  1.426014
84.5  0.282866  1.142897  1.425763
85.0  0.275360  1.150687  1.426047
85.5  0.267857  1.157775  1.425632
86.0  0.263715  1.162490  1.426205
86.5  0.264125  1.161670  1.425796
87.0  0.267679  1.158231  1.425910
87.5  0.271168  1.154806  1.425974
88.0  0.271156  1.154745  1.425901
88.5  0.265519  1.160461  1.425981
89.0  0.254330  1.171712  1.426042
89.5  0.239833  1.187848  1.427681
90.0  0.225691  1.202930  1.428620
90.5  0.215820  1.211858  1.427678
91.0  0.213228  1.213895  1.427123
91.5  0.219142  1.208249  1.427391
92.0  0.232630  1.195834  1.428464
92.5  0.250763  1.177015  1.427778
93.0  0.269287  1.158461  1.427748
93.5  0.283674  1.143688  1.427363
94.0  0.290357  1.136157  1.426514
94.5  0.287815  1.137872  1.425687
95.0  0.277128  1.149035  1.426162
95.5  0.261648  1.166986  1.428633
96.0  0.245739  1.183051  1.428790
96.5  0.233052  1.195325  1.428378
97.0  0.225128  1.203087  1.428214
97.5  0.221054  1.207496  1.428550
98.0  0.218304  1.210946  1.429250
98.5  0.214240  1.215345  1.429585
99.0  0.207497  1.222388  1.429886
99.5  0.198665  1.231883  1.430548
100.0  0.190110  1.240613  1.430723
100.5  0.185144  1.245846  1.430990
101.0  0.186906  1.245162  1.432068
101.5  0.197319  1.235286  1.432605
102.0  0.216392  1.214519  1.430911
102.5  0.242027  1.187556  1.429583
103.0  0.270358  1.159481  1.429840
103.5  0.296578  1.133802  1.430380
104.0  0.316095  1.113622  1.429717
104.5  0.325782  1.102977  1.428759
105.0  0.324963  1.103541  1.428504
105.5  0.315741  1.113528  1.429269
106.0  0.302365  1.127307  1.429672
106.5  0.289691  1.140650  1.430342
107.0  0.281311  1.149116  1.430427
107.5  0.278199  1.152495  1.430693
108.0  0.278571  1.151431  1.430003
108.5  0.279003  1.150769  1.429772
109.0  0.276164  1.152990  1.429154
109.5  0.268341  1.161667  1.430008
110.0  0.256125  1.174464  1.430589
110.5  0.242146  1.187925  1.430070
111.0  0.230087  1.200004  1.430091
111.5  0.223422  1.206689  1.430111
112.0  0.224272  1.206874  1.431146
112.5  0.232685  1.198052  1.430736
113.0  0.246491  1.184304  1.430795
113.5  0.261761  1.169713  1.431474
114.0  0.273779  1.157192  1.430971
114.5  0.278350  1.151229  1.429580
115.0  0.273142  1.156051  1.429192
115.5  0.258654  1.172436  1.431090
116.0  0.238373  1.193905  1.432277
116.5  0.217819  1.214302  1.432121
117.0  0.202654  1.228891  1.431545
117.5  0.196558  1.235379  1.431937
118.0  0.199889  1.231187  1.431075
118.5  0.209783  1.220915  1.430697
119.0  0.221603  1.209214  1.430816
119.5  0.230921  1.200016  1.430937
120.0  0.235103  1.195538  1.430641
120.5  0.233945  1.196234  1.430179
121.0  0.229318  1.202071  1.431389
121.5  0.224202  1.207607  1.431809
122.0  0.221513  1.210703  1.432217
122.5  0.223117  1.207227  1.430344
123.0  0.229225  1.200801  1.430027
123.5  0.238290  1.191580  1.429870
124.0  0.247403  1.182809  1.430212
124.5  0.253136  1.176544  1.429680
125.0  0.252659  1.177040  1.429699
125.5  0.244881  1.185381  1.430262
126.0  0.231202  1.199229  1.430431
126.5  0.215470  1.214942  1.430412
127.0  0.202915  1.227629  1.430544
127.5  0.198290  1.233102  1.431392
128.0  0.203997  1.227203  1.431200
128.5  0.219095  1.211468  1.430563
129.0  0.239751  1.191976  1.431727
129.5  0.260858  1.172600  1.433458
130.0  0.277965  1.158330  1.436295
130.5  0.288658  1.150277  1.438935
131.0  0.292914  1.149456  1.442370
131.5  0.292547  1.154568  1.447115
132.0  0.290144  1.161438  1.451582
132.5  0.287961  1.167575  1.455536
133.0  0.287122  1.172763  1.459885
133.5  0.287269  1.176239  1.463508
134.0  0.286684  1.178583  1.465266
134.5  0.282839  1.183141  1.465980
135.0  0.273266  1.193716  1.466982
135.5  0.256588  1.211377  1.467965
136.0  0.233466  1.234507  1.467973
136.5  0.207086  1.260105  1.467191
137.0  0.182797  1.283720  1.466516
137.5  0.166729  1.299143  1.465872
138.0  0.163711  1.302339  1.466050
138.5  0.175343  1.290700  1.466043
139.0  0.199206  1.268604  1.467810
139.5  0.229696  1.240318  1.470014
140.0  0.260074  1.212543  1.472617
140.5  0.284726  1.192202  1.476928
141.0  0.300666  1.183485  1.484151
141.5  0.307832  1.185794  1.493627
142.0  0.308374  1.193606  1.501980
142.5  0.305403  1.203733  1.509136
143.0  0.301754  1.215600  1.517354
143.5  0.299098  1.226068  1.525166
144.0  0.297558  1.233225  1.530783
144.5  0.295811  1.237905  1.533715
145.0  0.291605  1.243267  1.534872
145.5  0.282585  1.250882  1.533467
146.0  0.267271  1.262161  1.529431
146.5  0.245969  1.276948  1.522917
147.0  0.221261  1.296646  1.517908
147.5  0.197694  1.313914  1.511609
148.0  0.180523  1.324072  1.504594
148.5  0.173817  1.324780  1.498597
149.0  0.178762  1.316049  1.494811
149.5  0.193054  1.299101  1.492155
150.0  0.211795  1.278850  1.490644
150.5  0.229431  1.261715  1.491146
151.0  0.241783  1.250115  1.491898
151.5  0.247250  1.244257  1.491508
152.0  0.246877  1.244226  1.491104
152.5  0.243507  1.246774  1.490281
153.0  0.240544  1.247139  1.487683
153.5  0.240814  1.241915  1.482729
154.0  0.245801  1.229227  1.475027
154.5  0.255340  1.212229  1.467569
155.0  0.267739  1.191681  1.459420
155.5  0.280248  1.172010  1.452259
156.0  0.289832  1.155896  1.445727
156.5  0.294127  1.146468  1.440595
157.0  0.292387  1.145576  1.437963
157.5  0.286024  1.151029  1.437053
158.0  0.278354  1.160407  1.438761
158.5  0.273369  1.169823  1.443192
159.0  0.273898  1.175496  1.449394
159.5  0.280051  1.174509  1.454560
160.0  0.288856  1.169783  1.458639
160.5  0.295408  1.167786  1.463195
161.0  0.294951  1.173050  1.468001
161.5  0.284829  1.186841  1.471670
162.0  0.265440  1.207122  1.472562
162.5  0.239951  1.233103  1.473055
163.0  0.213125  1.259774  1.472898
163.5  0.189845  1.282252  1.472097
164.0  0.173871  1.297462  1.471333
164.5  0.167079  1.304621  1.471700
165.0  0.169258  1.303574  1.472833
165.5  0.178374  1.297430  1.475803
166.0  0.191202  1.288796  1.479998
166.5  0.204227  1.283443  1.487670
167.0  0.214673  1.283714  1.498387
167.5  0.221434  1.290438  1.511872
168.0  0.225548  1.300879  1.526427
168.5  0.229844  1.310760  1.540604
169.0  0.237656  1.318023  1.555679
169.5  0.250998  1.317607  1.568605
170.0  0.269103  1.310214  1.579316
170.5  0.288200  1.298504  1.586704
171.0  0.302799  1.289328  1.592128
171.5  0.307865  1.285026  1.592892
172.0  0.300811  1.289683  1.590494
172.5  0.282429  1.304297  1.586726
173.0  0.256545  1.326911  1.583455
173.5  0.228737  1.351357  1.580095
174.0  0.204753  1.371615  1.576368
174.5  0.189113  1.385902  1.575015
175.0  0.184211  1.392452  1.576663
175.5  0.189967  1.390853  1.580819
176.0  0.204006  1.381374  1.585379
176.5  0.222312  1.369008  1.591320
177.0  0.240269  1.357727  1.597996
177.5  0.253951  1.348249  1.602199
178.0  0.261353  1.342017  1.603370
178.5  0.263104  1.338976  1.602080
179.0  0.262198  1.335165  1.597363
179.5  0.262627  1.324833  1.587461
180.0  0.267368  1.305377  1.572745
180.5  0.276717  1.279677  1.556393
181.0  0.287926  1.250313  1.538238
181.5  0.296386  1.225221  1.521607
182.0  0.297702  1.209144  1.506846
182.5  0.289575  1.206295  1.495870
183.0  0.272644  1.215250  1.487894
183.5  0.250134  1.232637  1.482771
184.0  0.226692  1.254435  1.481127
184.5  0.206998  1.275518  1.482517
185.0  0.194620  1.290607  1.485227
185.5  0.191306  1.296503  1.487809
186.0  0.196754  1.293261  1.490015
186.5  0.208792  1.282799  1.491591
187.0  0.223941  1.268223  1.492164
187.5  0.238319  1.252795  1.491114
188.0  0.248774  1.238938  1.487712
188.5  0.253962  1.229633  1.483595
189.0  0.254921  1.222858  1.477779
189.5  0.254700  1.215022  1.469722
190.0  0.256961  1.205264  1.462225
190.5  0.264069  1.192203  1.456272
191.0  0.275664  1.177388  1.453052
191.5  0.288585  1.161859  1.450444
192.0  0.298277  1.151631  1.449908
192.5  0.300882  1.153313  1.454195
193.0  0.294927  1.167605  1.462532
193.5  0.281846  1.191487  1.473333
194.0  0.265318  1.221220  1.486538
194.5  0.249911  1.252070  1.501981
195.0  0.239660  1.277011  1.516671
195.5  0.237001  1.292372  1.529373
196.0  0.242248  1.298382  1.540630
196.5  0.253579  1.296817  1.550396
197.0  0.267483  1.290289  1.557772
197.5  0.279584  1.281676  1.561260
198.0  0.285757  1.276708  1.562465
198.5  0.283361  1.278590  1.561951
199.0  0.272244  1.289427  1.561671
199.5  0.255068  1.307797  1.562865
200.0  0.236603  1.328284  1.564888
200.5  0.222027  1.346738  1.568765
201.0  0.214867  1.360821  1.575689
201.5  0.215596  1.369091  1.584687
202.0  0.221646  1.376133  1.597778
202.5  0.228842  1.383589  1.612431
203.0  0.233418  1.395274  1.628693
203.5  0.233576  1.409798  1.643374
204.0  0.229957  1.424361  1.654318
204.5  0.225067  1.436018  1.661085
205.0  0.222146  1.439770  1.661916
205.5  0.224001  1.433074  1.657075
206.0  0.232150  1.414606  1.646756
206.5  0.246372  1.384872  1.631244
207.0  0.264626  1.347901  1.612527
207.5  0.283354  1.310018  1.593372
208.0  0.298153  1.276649  1.574802
208.5  0.304816  1.253042  1.557857
209.0  0.300576  1.244356  1.544932
209.5  0.285211  1.250530  1.535741
210.0  0.261491  1.268405  1.529896
210.5  0.234554  1.291506  1.526060
211.0  0.210218  1.314518  1.524735
211.5  0.192867  1.331879  1.524746
212.0  0.183974  1.340737  1.524711
212.5  0.182047  1.342209  1.524256
213.0  0.183977  1.339420  1.523396
213.5  0.186907  1.334071  1.520978
214.0  0.189575  1.326709  1.516284
214.5  0.192560  1.317490  1.510050
215.0  0.197598  1.305356  1.502954
215.5  0.206536  1.287159  1.493695
216.0  0.220453  1.262024  1.482478
216.5  0.239186  1.232663  1.471848
217.0  0.261239  1.200189  1.461428
217.5  0.283972  1.167005  1.450977
218.0  0.304000  1.138209  1.442209
218.5  0.317831  1.118655  1.436487
219.0  0.322721  1.109667  1.432388
219.5  0.317596  1.113134  1.430731
220.0  0.303711  1.128029  1.431740
220.5  0.284607  1.149536  1.434143
221.0  0.265138  1.172331  1.437469
221.5  0.249763  1.191592  1.441355
222.0  0.240861  1.204444  1.445305
222.5  0.237964  1.209839  1.447803
223.0  0.238389  1.211094  1.449483
223.5  0.238872  1.211554  1.450426
224.0  0.237257  1.213926  1.451183
224.5  0.233340  1.218010  1.451349
225.0  0.228609  1.221828  1.450438
225.5  0.225262  1.225291  1.450553
226.0  0.225140  1.227363  1.452504
226.5  0.229060  1.226128  1.455188
227.0  0.236621  1.222145  1.458765
227.5  0.246344  1.219067  1.465411
228.0  0.255970  1.219552  1.475522
228.5  0.262855  1.223106  1.485961
229.0  0.264520  1.232116  1.496636
229.5  0.259369  1.248853  1.508221
230.0  0.247440  1.270709  1.518149
230.5  0.230851  1.294407  1.525258
231.0  0.213563  1.315372  1.528936
231.5  0.200268  1.329383  1.529651
232.0  0.194694  1.332474  1.527169
232.5  0.198099  1.323361  1.521460
233.0  0.208783  1.304766  1.513549
233.5  0.222960  1.282542  1.505502
234.0  0.236525  1.261037  1.497562
234.5  0.246736  1.243193  1.489929
235.0  0.252995  1.230678  1.483673
235.5  0.256534  1.222950  1.479484
236.0  0.259410  1.218017  1.477427
236.5  0.263449  1.213313  1.476762
237.0  0.269589  1.206904  1.476493
237.5  0.277693  1.200126  1.477819
238.0  0.286682  1.194236  1.480918
238.5  0.294807  1.189660  1.484467
239.0  0.300016  1.187939  1.487954
239.5  0.300462  1.191356  1.491818
240.0  0.295158  1.200987  1.496145
240.5  0.284615  1.215967  1.500582
241.0  0.271138  1.232365  1.503503
241.5  0.258424  1.246971  1.505395
242.0  0.250377  1.256756  1.507133
242.5  0.249534  1.258201  1.507735
243.0  0.255877  1.249867  1.505744
243.5  0.266753  1.236196  1.502949
244.0  0.278024  1.222438  1.500462
244.5  0.285829  1.209569  1.495398
245.0  0.288021  1.201567  1.489588
245.5  0.284603  1.200511  1.485114
246.0  0.277178  1.214494  1.491672
246.5  0.267912  1.216513  1.484425
247.0  0.258637  1.232094  1.490730
247.5  0.250413  1.235661  1.486074
248.0  0.243508  1.245650  1.489158
248.5  0.237561  1.248846  1.486408
249.0  0.231770  1.255384  1.487154
249.5  0.225107  1.263288  1.488395
250.0  0.216682  1.269368  1.486050
250.5  0.206276  1.282226  1.488502
251.0  0.194872  1.291034  1.485906
251.5  0.184842  1.302749  1.487591
252.0  0.179443  1.308056  1.487499
252.5  0.181600  1.303577  1.485176
253.0  0.192444  1.297512  1.489956
253.5  0.210427  1.271088  1.481516
254.0  0.231614  1.259630  1.491243
254.5  0.251122  1.228514  1.479637
255.0  0.264972  1.226401  1.491373
255.5  0.271396  1.208976  1.480372
256.0  0.271064  1.219036  1.490101
256.5  0.266318  1.217591  1.483909
257.0  0.259979  1.227019  1.486997
257.5  0.254333  1.233276  1.487609
258.0  0.250619  1.234686  1.485305
258.5  0.248968  1.240083  1.489051
259.0  0.248604  1.234842  1.483445
259.5  0.248141  1.241343  1.489484
260.0  0.245961  1.238599  1.484561
260.5  0.240733  1.247120  1.487854
261.0  0.232055  1.253744  1.485799
261.5  0.221012  1.266644  1.487656
262.0  0.210306  1.278196  1.488502
262.5  0.203631  1.283439  1.487070
263.0  0.204338  1.285044  1.489382
263.5  0.213875  1.274003  1.487879
264.0  0.230837  1.257979  1.488817
264.5  0.251213  1.237493  1.488707
265.0  0.269807  1.216279  1.486085
265.5  0.282116  1.208520  1.490636
266.0  0.285775  1.198549  1.484324
266.5  0.280988  1.211801  1.492789
267.0  0.270006  1.213842  1.483848
267.5  0.256113  1.239368  1.495481
268.0  0.242630  1.242477  1.485107
268.5  0.232231  1.264901  1.497133
269.0  0.226564  1.259945  1.486509
269.5  0.226067  1.269008  1.495076
270.0  0.229942  1.257828  1.487770
270.5  0.236365  1.257558  1.493923
271.0  0.243041  1.245602  1.488643
271.5  0.248056  1.242967  1.491024
272.0  0.250760  1.239963  1.490722
272.5  0.252195  1.238568  1.490763
273.0  0.254700  1.235634  1.490334
273.5  0.260671  1.229411  1.490082
274.0  0.271048  1.218686  1.489733
274.5  0.284370  1.206239  1.490609
275.0  0.297038  1.189690  1.486728
275.5  0.304685  1.185338  1.490022
276.0  0.303950  1.181003  1.484953
276.5  0.293761  1.198514  1.492276
277.0  0.275610  1.208530  1.484140
277.5  0.252893  1.238470  1.491363
278.0  0.229772  1.256023  1.485795
278.5  0.210068  1.280362  1.490429
279.0  0.196506  1.291349  1.487855
279.5  0.190344  1.297100  1.487444
280.0  0.191294  1.299920  1.491213
280.5  0.197688  1.287372  1.485060
281.0  0.206892  1.285460  1.492352
281.5  0.216024  1.268506  1.484530
282.0  0.222895  1.270364  1.493259
282.5  0.226877  1.258644  1.485520
283.0  0.229264  1.262565  1.491830
283.5  0.232759  1.254650  1.487408
284.0  0.240124  1.250863  1.490986
284.5  0.252593  1.236884  1.489476
285.0  0.268894  1.220462  1.489356
285.5  0.285504  1.203905  1.489410
286.0  0.298047  1.191264  1.489311
286.5  0.303097  1.186114  1.489212
287.0  0.299508  1.191005  1.490512
287.5  0.288740  1.199533  1.488273
288.0  0.274241  1.219030  1.493270
288.5  0.260285  1.227412  1.487697
289.0  0.250788  1.243126  1.493913
289.5  0.248374  1.239076  1.487450
290.0  0.253826  1.240928  1.494753
290.5  0.265893  1.221533  1.487426
291.0  0.281496  1.211091  1.492587
291.5  0.296366  1.192918  1.489284
292.0  0.306118  1.185103  1.491221
292.5  0.307581  1.182209  1.489789
293.0  0.299952  1.188769  1.488721
293.5  0.285229  1.207498  1.492727
294.0  0.267534  1.220634  1.488168
294.5  0.251448  1.242281  1.493728
295.0  0.240070  1.247726  1.487796
295.5  0.233782  1.259843  1.493625
296.0  0.230369  1.258153  1.488522
296.5  0.226363  1.265601  1.491964
297.0  0.218856  1.269740  1.488596
297.5  0.206853  1.284077  1.490929
298.0  0.191674  1.298410  1.490083
298.5  0.176434  1.313319  1.489753
299.0  0.165007  1.326059  1.491066
299.5  0.160910  1.328603  1.489513
300.0  0.166396  1.324546  1.490941
300.5  0.181859  1.308572  1.490431
301.0  0.205583  1.283892  1.489475
301.5  0.233895  1.256502  1.490398
302.0  0.261820  1.225443  1.487263
302.5  0.284217  1.207249  1.491466
303.0  0.297222  1.186303  1.483526
303.5  0.299509  1.192982  1.492491
304.0  0.292783  1.192803  1.485587
304.5  0.281113  1.212563  1.493675
305.0  0.269207  1.217104  1.486312
305.5  0.260403  1.232497  1.492900
306.0  0.255383  1.234626  1.490009
306.5  0.252297  1.236787  1.489085
307.0  0.248128  1.243042  1.491169
307.5  0.240475  1.249070  1.489545
308.0  0.228839  1.264038  1.492877
308.5  0.214897  1.274742  1.489638
309.0  0.201866  1.290817  1.492683
309.5  0.193409  1.298148  1.491558
310.0  0.192520  1.299831  1.492350
310.5  0.200688  1.291719  1.492407
311.0  0.217428  1.273926  1.491353
311.5  0.240189  1.253117  1.493306
312.0  0.264706  1.227135  1.491841
312.5  0.285830  1.205926  1.491756
313.0  0.298817  1.194823  1.493640
313.5  0.300785  1.190412  1.491197
314.0  0.291851  1.203159  1.495010
314.5  0.275333  1.215484  1.490817
315.0  0.256691  1.241379  1.498070
315.5  0.241461  1.248387  1.489847
316.0  0.233080  1.265083  1.498163
316.5  0.231694  1.259633  1.491327
317.0  0.234525  1.262580  1.497106
317.5  0.237540  1.253759  1.491298
318.0  0.237443  1.259193  1.496636
318.5  0.233046  1.260799  1.493845
319.0  0.225539  1.269264  1.494803
319.5  0.217820  1.277326  1.495146
320.0  0.213349  1.282000  1.495350
320.5  0.215008  1.281502  1.496509
321.0  0.224224  1.270620  1.494844
321.5  0.240467  1.254585  1.495052
322.0  0.261151  1.234466  1.495617
322.5  0.282026  1.211729  1.493755
323.0  0.298104  1.196794  1.494898
323.5  0.305057  1.186178  1.491235
324.0  0.300729  1.195744  1.496473
324.5  0.286206  1.204073  1.490279
325.0  0.265815  1.232048  1.497863
325.5  0.245792  1.245853  1.491645
326.0  0.231992  1.264026  1.496018
326.5  0.227662  1.264861  1.492523
327.0  0.232355  1.262371  1.494726
327.5  0.242503  1.249873  1.492377
328.0  0.253234  1.238499  1.491733
328.5  0.260418  1.236142  1.496560
329.0  0.262039  1.226581  1.488620
329.5  0.258502  1.237496  1.495998
330.0  0.252052  1.237948  1.490000
330.5  0.245772  1.251538  1.497310
331.0  0.242546  1.247834  1.490379
331.5  0.244220  1.253251  1.497470
332.0  0.251045  1.243230  1.494275
332.5  0.261469  1.233112  1.494582
333.0  0.272387  1.221560  1.493946
333.5  0.279922  1.214346  1.494268
334.0  0.280682  1.214050  1.494732
334.5  0.273133  1.221385  1.494518
335.0  0.258550  1.236554  1.495104
335.5  0.240970  1.257197  1.498167
336.0  0.225913  1.269466  1.495379
336.5  0.218283  1.280915  1.499198
337.0  0.220399  1.273397  1.493796
337.5  0.231151  1.269364  1.500516
338.0  0.246692  1.247373  1.494065
338.5  0.262185  1.236151  1.498336
339.0  0.273676  1.221248  1.494924
339.5  0.279234  1.217853  1.497087
340.0  0.279077  1.218533  1.497610
340.5  0.274933  1.220810  1.495743
341.0  0.269102  1.230786  1.499888
341.5  0.263604  1.229694  1.493298
342.0  0.259574  1.240919  1.500493
342.5  0.256936  1.236434  1.493370
343.0  0.254369  1.244458  1.498827
343.5  0.249635  1.244390  1.494025
344.0  0.240328  1.260649  1.500977
344.5  0.224958  1.271736  1.496694
345.0  0.204062  1.294709  1.498771
345.5  0.180791  1.317848  1.498640
346.0  0.160468  1.339200  1.499667
346.5  0.148971  1.351126  1.500098
347.0  0.150497  1.348993  1.499490
347.5  0.165723  1.333366  1.499090
348.0  0.191379  1.310027  1.501407
348.5  0.221476  1.277224  1.498700
349.0  0.249528  1.250528  1.500056
349.5  0.270686  1.225379  1.496064
350.0  0.282891  1.219903  1.502794
350.5  0.286858  1.207827  1.494685
351.0  0.285197  1.218664  1.503861
351.5  0.281227  1.214815  1.496042
352.0  0.277888  1.227166  1.505054
352.5  0.276973  1.219536  1.496509
353.0  0.278709  1.224503  1.503212
353.5  0.281733  1.215798  1.497531
354.0  0.283493  1.217465  1.500958
354.5  0.281092  1.218258  1.499350
355.0  0.272463  1.225518  1.497981
355.5  0.257513  1.242651  1.500163
356.0  0.238732  1.259905  1.498638
356.5  0.220777  1.281036  1.501814
357.0  0.208939  1.289680  1.498619
357.5  0.207027  1.293840  1.500867
358.0  0.215669  1.284749  1.500418
358.5  0.231933  1.267735  1.499668
359.0  0.250479  1.250133  1.500612
359.5  0.265621  1.232836  1.498458
360.0  0.273278  1.227573  1.500851
360.5  0.272029  1.228146  1.500175
361.0  0.263088  1.235061  1.498149
361.5  0.249504  1.250312  1.499816
362.0  0.235050  1.262719  1.497770
362.5  0.223183  1.281315  1.504497
363.0  0.216244  1.276986  1.493230
363.5  0.214974  1.288232  1.503206
364.0  0.218384  1.276901  1.495285
364.5  0.224072  1.279985  1.504057
365.0  0.229018  1.265468  1.494486
365.5  0.230746  1.271346  1.502093
366.0  0.228514  1.269355  1.497869
366.5  0.223976  1.275284  1.499260
367.0  0.220808  1.279569  1.500378
367.5  0.223191  1.276207  1.499398
368.0  0.233712  1.268674  1.502387
368.5  0.251772  1.247705  1.499477
369.0  0.273430  1.229513  1.502943
369.5  0.292852  1.206136  1.498988
370.0  0.304592  1.196997  1.501589
370.5  0.305587  1.196357  1.501944
371.0  0.296041  1.205776  1.501818
371.5  0.279055  1.224625  1.503680
372.0  0.259419  1.240660  1.500078
372.5  0.242159  1.264337  1.506496
373.0  0.231283  1.269773  1.501056
373.5  0.228942  1.275808  1.504750
374.0  0.235064  1.265793  1.500856
374.5  0.247443  1.257163  1.504606
375.0  0.262313  1.238706  1.501019
375.5  0.275373  1.226286  1.501659
376.0  0.283139  1.219505  1.502644
376.5  0.284230  1.212654  1.496884
377.0  0.280044  1.223003  1.503047
377.5  0.274293  1.221785  1.496078
378.0  0.271345  1.233731  1.505076
378.5  0.273993  1.221874  1.495868
379.0  0.281823  1.222933  1.504756
379.5  0.291136  1.204151  1.495288
380.0  0.296530  1.206369  1.502898
380.5  0.293288  1.204334  1.497622
381.0  0.279363  1.221487  1.500850
381.5  0.256135  1.242729  1.498864
382.0  0.227858  1.273086  1.500944
382.5  0.200265  1.300311  1.500575
383.0  0.178964  1.322458  1.501422
383.5  0.168089  1.332806  1.500896
384.0  0.169435  1.332311  1.501746
384.5  0.182130  1.316763  1.498893
385.0  0.202862  1.300007  1.502868
385.5  0.226640  1.269665  1.496305
386.0  0.248063  1.255356  1.503419
386.5  0.262861  1.233536  1.496397
387.0  0.269304  1.234000  1.503304
387.5  0.268838  1.227493  1.496331
388.0  0.265480  1.237110  1.502590
388.5  0.263954  1.237255  1.501209
389.0  0.267334  1.230850  1.498183
389.5  0.275392  1.227347  1.502739
390.0  0.284598  1.211864  1.496462
390.5  0.289754  1.214514  1.504268
391.0  0.286368  1.208217  1.494585
391.5  0.272562  1.232628  1.505190
392.0  0.249752  1.245522  1.495274
392.5  0.222075  1.280816  1.502891
393.0  0.195038  1.303646  1.498684
393.5  0.173979  1.329752  1.503731
394.0  0.162801  1.338020  1.500821
394.5  0.163167  1.338977  1.502144
395.0  0.174222  1.328283  1.502504
395.5  0.192817  1.310623  1.503439
396.0  0.214251  1.287862  1.502113
396.5  0.233468  1.268922  1.502390
397.0  0.246528  1.256356  1.502884
397.5  0.251934  1.254599  1.506533
398.0  0.251231  1.247923  1.499154
398.5  0.248397  1.259157  1.507553
399.0  0.248027  1.252216  1.500243
399.5  0.253068  1.253723  1.506791
400.0  0.263270  1.232806  1.496076
400.5  0.275260  1.233542  1.508803
401.0  0.284213  1.213554  1.497768
401.5  0.286159  1.218466  1.504625
402.0  0.279738  1.218909  1.498646
402.5  0.266688  1.238379  1.505068
403.0  0.251100  1.249082  1.500182
403.5  0.237952  1.262121  1.500073
404.0  0.231567  1.269654  1.501221
404.5  0.234418  1.265649  1.500067
405.0  0.246480  1.255769  1.502249
405.5  0.265173  1.232457  1.497630
406.0  0.285887  1.216431  1.502318
406.5  0.303037  1.197562  1.500599
407.0  0.311534  1.189286  1.500820
407.5  0.308361  1.191456  1.499817
408.0  0.293752  1.207033  1.500785
408.5  0.271396  1.230903  1.502299
409.0  0.247313  1.251847  1.499160
409.5  0.227624  1.275281  1.502905
410.0  0.216136  1.285079  1.501215
410.5  0.212955  1.289155  1.502110
411.0  0.214834  1.288819  1.503654
411.5  0.217031  1.282914  1.499945
412.0  0.215618  1.290365  1.505982
412.5  0.209126  1.289015  1.498142
413.0  0.198940  1.310012  1.508952
413.5  0.188562  1.308663  1.497225
414.0  0.182276  1.326848  1.509123
414.5  0.183749  1.316710  1.500460
415.0  0.194954  1.311912  1.506865
415.5  0.215539  1.285955  1.501494
416.0  0.242736  1.261228  1.503964
416.5  0.271804  1.233362  1.505166
417.0  0.297028  1.205665  1.502693
417.5  0.313174  1.193283  1.506457
418.0  0.317079  1.184528  1.501607
418.5  0.308855  1.199306  1.508161
419.0  0.292111  1.212395  1.504506
419.5  0.272823  1.233776  1.506599
420.0  0.257134  1.248976  1.506110
420.5  0.249009  1.258200  1.507209
421.0  0.248904  1.258965  1.507870
421.5  0.254116  1.251394  1.505510
422.0  0.260489  1.248816  1.509305
422.5  0.264473  1.241257  1.505730
423.0  0.264503  1.244731  1.509235
423.5  0.261263  1.251646  1.512909
424.0  0.257016  1.258374  1.515390
424.5  0.254518  1.261520  1.516038
425.0  0.255968  1.261181  1.517149
425.5  0.262249  1.257106  1.519355
426.0  0.272564  1.246377  1.518942
426.5  0.284461  1.231118  1.515579
427.0  0.294293  1.215308  1.509601
427.5  0.298122  1.207347  1.505469
428.0  0.292943  1.208630  1.501573
428.5  0.277919  1.219424  1.497343
429.0  0.255125  1.236722  1.491847
429.5  0.229293  1.258801  1.488094
430.0  0.206412  1.276755  1.483167
430.5  0.191604  1.288321  1.479925
431.0  0.187227  1.290293  1.477520
431.5  0.192179  1.283248  1.475426
432.0  0.202724  1.270319  1.473043
432.5  0.214328  1.258168  1.472496
433.0  0.223500  1.249947  1.473447
433.5  0.228830  1.245988  1.474818
434.0  0.230987  1.245850  1.476837
434.5  0.231981  1.246157  1.478138
435.0  0.234152  1.245200  1.479353
435.5  0.239286  1.241400  1.480686
436.0  0.248006  1.230993  1.478999
436.5  0.259493  1.216922  1.476416
437.0  0.271539  1.203414  1.474954
437.5  0.280972  1.191770  1.472742
438.0  0.284481  1.183869  1.468351
438.5  0.279735  1.183099  1.462834
439.0  0.266470  1.192868  1.459338
439.5  0.247078  1.210691  1.457769
440.0  0.226226  1.228868  1.455094
440.5  0.209414  1.242754  1.452168
441.0  0.200952  1.251134  1.452086
441.5  0.202308  1.250688  1.452996
442.0  0.211695  1.241675  1.453370
442.5  0.225088  1.228980  1.454069
443.0  0.238051  1.217586  1.455637
443.5  0.247401  1.210113  1.457513
444.0  0.252004  1.205219  1.457223
444.5  0.252626  1.204125  1.456751
445.0  0.251180  1.206770  1.457950
445.5  0.249840  1.209406  1.459246
446.0  0.250310  1.208386  1.458696
446.5  0.253336  1.203725  1.457061
447.0  0.258464  1.199518  1.457982
447.5  0.264061  1.195709  1.459770
448.0  0.267665  1.194792  1.462456
448.5  0.266719  1.199213  1.465932
449.0  0.259589  1.211054  1.470643
449.5  0.246516  1.232067  1.478583
450.0  0.230043  1.254873  1.484916
450.5  0.214491  1.279562  1.494052
451.0  0.204506  1.298474  1.502981
451.5  0.203227  1.309239  1.512466
452.0  0.210986  1.310028  1.521014
452.5  0.225264  1.302452  1.527716
453.0  0.241863  1.291118  1.532981
453.5  0.256616  1.280333  1.536949
454.0  0.266731  1.272030  1.538760
454.5  0.271291  1.268891  1.540182
455.0  0.270977  1.269740  1.540717
455.5  0.267415  1.272423  1.539838
456.0  0.262532  1.275736  1.538268
456.5  0.258082  1.279314  1.537396
457.0  0.255307  1.282698  1.538006
457.5  0.254675  1.285728  1.540403
458.0  0.255727  1.286604  1.542331
458.5  0.257167  1.288705  1.545872
459.0  0.257314  1.295581  1.552894
459.5  0.254881  1.307014  1.561895
460.0  0.249803  1.322424  1.572226
460.5  0.243631  1.339108  1.582738
461.0  0.239132  1.353964  1.593096
461.5  0.239077  1.362363  1.601440
462.0  0.244774  1.361178  1.605952
462.5  0.255203  1.351596  1.606799
463.0  0.267297  1.338360  1.605656
463.5  0.277254  1.322241  1.599495
464.0  0.282103  1.308334  1.590438
464.5  0.280720  1.296961  1.577681
465.0  0.273910  1.290874  1.564784
465.5  0.263773  1.288556  1.552329
466.0  0.252821  1.289540  1.542361
466.5  0.243264  1.291456  1.534720
467.0  0.236610  1.292242  1.528852
467.5  0.233514  1.289885  1.523399
468.0  0.233770  1.287883  1.521653
468.5  0.236385  1.285998  1.522382
469.0  0.239815  1.283898  1.523712
469.5  0.242446  1.280736  1.523182
470.0  0.243277  1.277963  1.521240
470.5  0.242567  1.277393  1.519959
471.0  0.242041  1.277598  1.519638
471.5  0.244347  1.270502  1.514848
472.0  0.251786  1.255924  1.507710
472.5  0.264885  1.235812  1.500697
473.0  0.281627  1.212508  1.494135
473.5  0.297870  1.190421  1.488292
474.0  0.308824  1.172441  1.481265
474.5  0.310777  1.167326  1.478103
475.0  0.302275  1.176134  1.478408
475.5  0.284329  1.197169  1.481498
476.0  0.259839  1.226070  1.485909
476.5  0.232665  1.258374  1.491039
477.0  0.206763  1.293059  1.499822
477.5  0.185525  1.325466  1.510990
478.0  0.171317  1.349857  1.521174
478.5  0.165168  1.363848  1.529015
479.0  0.166639  1.369606  1.536245
479.5  0.174011  1.368518  1.542530
480.0  0.184861  1.362172  1.547034
480.5  0.196958  1.353173  1.550131
481.0  0.209134  1.342774  1.551909
481.5  0.221672  1.330343  1.552015
482.0  0.235850  1.314700  1.550551
482.5  0.252780  1.296386  1.549166
483.0  0.272147  1.277694  1.549841
483.5  0.291682  1.260902  1.552584
484.0  0.307772  1.249938  1.557710
484.5  0.316877  1.247992  1.564868
485.0  0.316961  1.255765  1.572726
485.5  0.308185  1.276292  1.584477
486.0  0.292652  1.306175  1.598828
486.5  0.273543  1.341856  1.615400
487.0  0.254149  1.375443  1.629592
487.5  0.237166  1.404444  1.641610
488.0  0.224363  1.426224  1.650587
488.5  0.216485  1.441043  1.657528
489.0  0.213282  1.446417  1.659699
489.5  0.213616  1.442306  1.655922
490.0  0.215731  1.433681  1.649412
490.5  0.217770  1.424669  1.642440
491.0  0.218478  1.416456  1.634934
491.5  0.217831  1.407099  1.624930
492.0  0.217212  1.399232  1.616444
492.5  0.218837  1.392608  1.611445
493.0  0.224569  1.387080  1.611649
493.5  0.234691  1.375952  1.610644
494.0  0.247385  1.361999  1.609384
494.5  0.259320  1.351025  1.610344
495.0  0.267060  1.346752  1.613812
495.5  0.268527  1.346332  1.614859
496.0  0.263767  1.347304  1.611071
496.5  0.254772  1.349887  1.604658
497.0  0.244631  1.352405  1.597036
497.5  0.236496  1.351019  1.587515
498.0  0.232767  1.342105  1.574872
498.5  0.234630  1.324090  1.558719
499.0  0.241891  1.301331  1.543222
499.5  0.253024  1.274882  1.527906
500.0  0.265412  1.250739  1.516151
500.5  0.275864  1.230888  1.506751
501.0  0.281420  1.218870  1.500289
501.5  0.280322  1.215628  1.495950
502.0  0.272766  1.221666  1.494432
502.5  0.260997  1.235300  1.496297
503.0  0.248486  1.251603  1.500089
503.5  0.238441  1.266272  1.504713
504.0  0.232365  1.276697  1.509063
504.5  0.229495  1.282775  1.512270
505.0  0.227467  1.287361  1.514828
505.5  0.223799  1.290565  1.514364
506.0  0.217328  1.295531  1.512860
506.5  0.208852  1.301973  1.510825
507.0  0.200793  1.307240  1.508033
507.5  0.196243  1.306744  1.502987
508.0  0.197920  1.299070  1.496991
508.5  0.207425  1.284228  1.491653
509.0  0.224883  1.263398  1.488281
509.5  0.248886  1.239107  1.487994
510.0  0.276629  1.212360  1.488989
510.5  0.304251  1.188492  1.492743
511.0  0.327468  1.172720  1.500188
511.5  0.342510  1.167140  1.509650
512.0  0.347180  1.174949  1.522129
512.5  0.341622  1.194038  1.535660
513.0  0.328347  1.221844  1.550191
513.5  0.311297  1.253077  1.564374
514.0  0.294261  1.280030  1.574291
514.5  0.279398  1.302296  1.581694
515.0  0.266670  1.319932  1.586603
515.5  0.254481  1.333876  1.588358
516.0  0.241068  1.346802  1.587870
516.5  0.225806  1.360786  1.586592
517.0  0.209748  1.375552  1.585300
517.5  0.195269  1.388115  1.583384
518.0  0.185189  1.396256  1.581445
518.5  0.181856  1.403409  1.585265
519.0  0.186533  1.404578  1.591112
519.5  0.199124  1.397486  1.596610
520.0  0.218142  1.385333  1.603475
520.5  0.240846  1.370646  1.611493
521.0  0.263579  1.357211  1.620790
521.5  0.282396  1.346265  1.628661
522.0  0.293998  1.337729  1.631727
522.5  0.296733  1.335546  1.632279
523.0  0.291238  1.339211  1.630449
523.5  0.280292  1.343076  1.623368
524.0  0.267732  1.344452  1.612184
524.5  0.256829  1.342977  1.599806
525.0  0.248914  1.337123  1.586037
525.5  0.243030  1.327978  1.571008
526.0  0.236781  1.318256  1.555037
526.5  0.227880  1.314773  1.542653
527.0  0.215489  1.317767  1.533256
527.5  0.200721  1.324084  1.524805
528.0  0.186215  1.332913  1.519128
528.5  0.175174  1.341433  1.516607
529.0  0.170383  1.344769  1.515152
529.5  0.173518  1.338946  1.512464
530.0  0.184783  1.326844  1.511627
530.5  0.202805  1.309323  1.512128
531.0  0.224742  1.288613  1.513355
531.5  0.246688  1.263995  1.510682
532.0  0.264487  1.241020  1.505507
532.5  0.274885  1.227928  1.502812
533.0  0.276690  1.224214  1.500904
533.5  0.271417  1.224053  1.495469
534.0  0.262925  1.223213  1.486137
534.5  0.256017  1.221660  1.477677
535.0  0.254491  1.217647  1.472138
535.5  0.259587  1.207369  1.466956
536.0  0.269632  1.191257  1.460889
536.5  0.281006  1.174865  1.455872
537.0  0.289845  1.164321  1.454167
537.5  0.293535  1.161026  1.454561
538.0  0.291384  1.163236  1.454620
538.5  0.284410  1.172167  1.456577
539.0  0.274625  1.184911  1.459536
539.5  0.264276  1.198547  1.462823
540.0  0.255269  1.209034  1.464303
540.5  0.248797  1.218749  1.467546
541.0  0.245075  1.224519  1.469594
541.5  0.243200  1.226834  1.470034
542.0  0.241288  1.228810  1.470098
542.5  0.237027  1.232982  1.470009
543.0  0.228620  1.242357  1.470977
543.5  0.215807  1.256625  1.472432
544.0  0.200434  1.273397  1.473831
544.5  0.186149  1.291769  1.477918
545.0  0.177181  1.307342  1.484523
545.5  0.176689  1.313738  1.490427
546.0  0.185509  1.310362  1.495871
546.5  0.201930  1.302499  1.504429
547.0  0.222560  1.291855  1.514415
547.5  0.243719  1.279284  1.523003
548.0  0.262599  1.267005  1.529604
548.5  0.277729  1.257647  1.535376
549.0  0.288790  1.248945  1.537735
549.5  0.296119  1.241321  1.537440
550.0  0.300281  1.235673  1.535954
550.5  0.301813  1.232311  1.534124
551.0  0.301084  1.227624  1.528708
551.5  0.298137  1.222637  1.520774
552.0  0.292553  1.220727  1.513280
552.5  0.283504  1.224893  1.508397
553.0  0.270158  1.233715  1.503872
553.5  0.252423  1.247692  1.500115
554.0  0.231701  1.266164  1.497865
554.5  0.211159  1.286933  1.498092
555.0  0.195160  1.303607  1.498766
555.5  0.187886  1.311545  1.499431
556.0  0.191713  1.311644  1.503357
556.5  0.206158  1.303088  1.509246
557.0  0.227979  1.287490  1.515469
557.5  0.252370  1.268828  1.521198
558.0  0.274605  1.255392  1.529997
558.5  0.291349  1.247584  1.538933
559.0  0.301184  1.246449  1.547633
559.5  0.304401  1.252030  1.556431
560.0  0.302424  1.261373  1.563797
560.5  0.297191  1.272034  1.569226
561.0  0.290652  1.281014  1.571666
561.5  0.284333  1.285956  1.570289
562.0  0.278954  1.288426  1.567381
562.5  0.274180  1.289510  1.563690
563.0  0.268717  1.290160  1.558877
563.5  0.260882  1.289526  1.550408
564.0  0.249537  1.292390  1.541926
564.5  0.234994  1.299364  1.534358
565.0  0.219404  1.310143  1.529547
565.5  0.206260  1.318247  1.524507
566.0  0.199122  1.321634  1.520756
566.5  0.200115  1.318146  1.518262
567.0  0.208950  1.308106  1.517056
567.5  0.222985  1.294419  1.517404
568.0  0.238260  1.280821  1.519081
568.5  0.250929  1.270097  1.521026
569.0  0.258400  1.263976  1.522376
569.5  0.259806  1.261342  1.521148
570.0  0.255854  1.263266  1.519120
570.5  0.248333  1.269210  1.517544
571.0  0.239570  1.273725  1.513295
571.5  0.231908  1.273664  1.505572
572.0  0.227197  1.265723  1.492920
572.5  0.226309  1.257547  1.483857
573.0  0.228820  1.246344  1.475164
573.5  0.233087  1.234872  1.467959
574.0  0.236862  1.224329  1.461191
574.5  0.238287  1.219621  1.457909
575.0  0.236865  1.220822  1.457687
575.5  0.233862  1.224564  1.458426
576.0  0.231840  1.229868  1.461708
576.5  0.233423  1.232880  1.466304
577.0  0.239907  1.231400  1.471307
577.5  0.250457  1.222713  1.473170
578.0  0.262346  1.214079  1.476425
578.5  0.272069  1.206668  1.478737
579.0  0.276706  1.203565  1.480271
579.5  0.274862  1.206613  1.481476
580.0  0.266887  1.212715  1.479602
580.5  0.254508  1.224066  1.478574
581.0  0.240228  1.236356  1.476584
581.5  0.226770  1.248918  1.475688
582.0  0.216634  1.261683  1.478317
582.5  0.211681  1.270416  1.482097
583.0  0.212697  1.273382  1.486080
583.5  0.219086  1.273946  1.493032
584.0  0.228918  1.277006  1.505924
584.5  0.239529  1.280695  1.520225
585.0  0.248535  1.287978  1.536513
585.5  0.254818  1.297173  1.551992
586.0  0.258936  1.311828  1.570765
586.5  0.262634  1.325731  1.588365
587.0  0.267641  1.335249  1.602890
587.5  0.274397  1.338649  1.613046
588.0  0.281459  1.340065  1.621525
588.5  0.285964  1.343150  1.629114
589.0  0.284888  1.347664  1.632552
589.5  0.276415  1.355274  1.631689
590.0  0.260728  1.367767  1.628495
590.5  0.239981  1.386353  1.626333
591.0  0.217626  1.406008  1.623634
591.5  0.197522  1.425286  1.622808
592.0  0.183126  1.439723  1.622850
592.5  0.176909  1.448815  1.625724
593.0  0.179934  1.452634  1.632568
593.5  0.191587  1.450641  1.642228
594.0  0.209567  1.445023  1.654590
594.5  0.230328  1.435697  1.666025
595.0  0.250020  1.426419  1.676440
595.5  0.265721  1.419130  1.684851
596.0  0.276429  1.414773  1.691202
596.5  0.283286  1.410094  1.693380
597.0  0.288792  1.400831  1.689623
597.5  0.295320  1.382394  1.677714
598.0  0.303689  1.357922  1.661611
598.5  0.312560  1.330968  1.643527
599.0  0.318983  1.305496  1.624479
599.5  0.319763  1.284115  1.603879
600.0  0.312874  1.272927  1.585800
600.5  0.298271  1.273471  1.571742
601.0  0.277873  1.283711  1.561584
601.5  0.254925  1.299908  1.554833
602.0  0.233141  1.317309  1.550450
602.5  0.215943  1.333941  1.549884
603.0  0.205879  1.346211  1.552090
603.5  0.204160  1.350387  1.554547
604.0  0.210339  1.345105  1.555443
604.5  0.222235  1.331781  1.554016
605.0  0.236360  1.315195  1.551555
605.5  0.248898  1.299037  1.547936
606.0  0.256995  1.286645  1.543640
606.5  0.259796  1.277018  1.536814
607.0  0.258658  1.267736  1.526394
607.5  0.256302  1.259100  1.515402
608.0  0.255294  1.250073  1.505367
608.5  0.256628  1.241174  1.497802
609.0  0.259226  1.231266  1.490492
609.5  0.260606  1.224049  1.484655
610.0  0.258304  1.223662  1.481966
610.5  0.251206  1.232013  1.483219
611.0  0.240134  1.247993  1.488127
611.5  0.227520  1.267783  1.495303
612.0  0.216518  1.289045  1.505563
612.5  0.210018  1.307894  1.517912
613.0  0.209930  1.319658  1.529588
613.5  0.216799  1.322941  1.539741
614.0  0.229671  1.318830  1.548501
614.5  0.246151  1.310555  1.556707
615.0  0.262726  1.300299  1.563024
615.5  0.275479  1.290776  1.566255
616.0  0.281193  1.285822  1.567015
616.5  0.278492  1.288355  1.566846
617.0  0.268490  1.298296  1.566786
617.5  0.254488  1.312928  1.567417
618.0  0.240691  1.329432  1.570123
618.5  0.230474  1.342548  1.573022
619.0  0.225066  1.355166  1.580232
619.5  0.223314  1.367563  1.590877
620.0  0.222615  1.381007  1.603623
620.5  0.220449  1.398481  1.618930
621.0  0.215663  1.418325  1.633988
621.5  0.208954  1.438351  1.647306
622.0  0.202494  1.455975  1.658469
622.5  0.199042  1.466802  1.665844
623.0  0.201033  1.466612  1.667645
623.5  0.209895  1.454592  1.664486
624.0  0.225670  1.432754  1.658425
624.5  0.246851  1.400983  1.647834
625.0  0.270422  1.364243  1.634665
625.5  0.292232  1.328834  1.621066
626.0  0.307846  1.302259  1.610105
626.5  0.313801  1.287091  1.600892
627.0  0.308880  1.283790  1.592670
627.5  0.294792  1.290237  1.585029
628.0  0.275775  1.308221  1.583995
628.5  0.257120  1.328932  1.586052
629.0  0.243221  1.342843  1.586064
629.5  0.236045  1.347818  1.583863
630.0  0.234771  1.348098  1.582868
630.5  0.236692  1.346294  1.582986
631.0  0.238783  1.340831  1.579614
631.5  0.239079  1.333224  1.572303
632.0  0.237262  1.326967  1.564229
632.5  0.234397  1.320313  1.554711
633.0  0.232199  1.311039  1.543238
633.5  0.232256  1.297193  1.529449
634.0  0.235489  1.281423  1.516912
634.5  0.241869  1.263881  1.505750
635.0  0.250310  1.246199  1.496509
635.5  0.258712  1.228546  1.487258
636.0  0.264285  1.215965  1.480251
636.5  0.264272  1.212491  1.476763
637.0  0.256988  1.219684  1.476671
637.5  0.242803  1.235390  1.478193
638.0  0.224505  1.257914  1.482419
638.5  0.206658  1.280079  1.486737
639.0  0.194073  1.295668  1.489741
639.5  0.190025  1.300804  1.490829
640.0  0.195085  1.297435  1.492520
640.5  0.207161  1.286324  1.493485
641.0  0.222651  1.269898  1.492549
641.5  0.238038  1.250861  1.488899
642.0  0.251104  1.235578  1.486682
642.5  0.261299  1.223632  1.484932
643.0  0.269351  1.213434  1.482785
643.5  0.276517  1.203718  1.480235
644.0  0.283912  1.198300  1.482212
644.5  0.292097  1.193640  1.485737
645.0  0.300896  1.188525  1.489421
645.5  0.309323  1.186583  1.495906
646.0  0.315622  1.189953  1.505576
646.5  0.317538  1.199745  1.517283
647.0  0.312966  1.214578  1.527544
647.5  0.300901  1.233628  1.534529
648.0  0.282298  1.259738  1.542036
648.5  0.260318  1.289020  1.549338
649.0  0.239614  1.314141  1.553755
649.5  0.224799  1.328534  1.553333
650.0  0.218737  1.330976  1.549713
650.5  0.221503  1.324401  1.545904
651.0  0.230556  1.311506  1.542062
651.5  0.241970  1.296008  1.537978
652.0  0.252050  1.282092  1.534142
652.5  0.258522  1.272379  1.530901
653.0  0.260878  1.268345  1.529223
653.5  0.259985  1.269564  1.529549
654.0  0.257362  1.273259  1.530621
654.5  0.254531  1.277849  1.532380
655.0  0.252603  1.281526  1.534129
655.5  0.252055  1.284440  1.536495
656.0  0.252586  1.285701  1.538287
656.5  0.253051  1.284784  1.537835
657.0  0.251638  1.283712  1.535350
657.5  0.246434  1.286648  1.533082
658.0  0.236336  1.291759  1.528096
658.5  0.221923  1.300062  1.521985
659.0  0.205773  1.308648  1.514421
659.5  0.191863  1.314877  1.506741
660.0  0.184185  1.314902  1.499087
660.5  0.185157  1.307238  1.492396
661.0  0.194644  1.291719  1.486363
661.5  0.210064  1.270790  1.480854
662.0  0.227481  1.248049  1.475530
662.5  0.243071  1.229074  1.472146
663.0  0.254236  1.214811  1.469047
663.5  0.260003  1.208531  1.468534
664.0  0.260799  1.207463  1.468263
664.5  0.257941  1.209846  1.467787
665.0  0.253157  1.212796  1.465952
665.5  0.248239  1.218237  1.466476
666.0  0.244725  1.222924  1.467649
666.5  0.243537  1.224719  1.468255
667.0  0.244651  1.221231  1.465882
667.5  0.247030  1.215786  1.462816
668.0  0.249038  1.211633  1.460671
668.5  0.249279  1.209033  1.458312
669.0  0.247484  1.207249  1.454734
669.5  0.244902  1.206691  1.451593
670.0  0.243846  1.206495  1.450341
670.5  0.246532  1.203443  1.449975
671.0  0.253797  1.198022  1.451819
671.5  0.264441  1.184935  1.449376
672.0  0.275583  1.174074  1.449657
672.5  0.283838  1.166997  1.450835
673.0  0.286632  1.163600  1.450232
673.5  0.283003  1.167250  1.450253
674.0  0.273631  1.177064  1.450694
674.5  0.260288  1.191635  1.451923
675.0  0.245159  1.205104  1.450262
675.5  0.230360  1.220441  1.450801
676.0  0.217715  1.233786  1.451501
676.5  0.208633  1.242122  1.450754
677.0  0.203922  1.247062  1.450984
677.5  0.203529  1.247929  1.451458
678.0  0.206445  1.244714  1.451158
678.5  0.211011  1.239742  1.450753
679.0  0.215679  1.234327  1.450006
679.5  0.219876  1.231578  1.451455
680.0  0.224450  1.225502  1.449952
680.5  0.231287  1.220199  1.451486
681.0  0.242202  1.207585  1.449787
681.5  0.257648  1.194733  1.452380
682.0  0.276001  1.174708  1.450709
682.5  0.293864  1.157848  1.451713
683.0  0.307235  1.143147  1.450382
683.5  0.312900  1.138118  1.451018
684.0  0.309395  1.141508  1.450903
684.5  0.297217  1.153660  1.450877
685.0  0.278414  1.172707  1.451120
685.5  0.255958  1.194570  1.450527
686.0  0.233181  1.218621  1.451802
686.5  0.213354  1.238056  1.451410
687.0  0.199291  1.252248  1.451538
687.5  0.192850  1.257953  1.450803
688.0  0.194435  1.258352  1.452787
688.5  0.202763  1.249564  1.452327
689.0  0.215233  1.235240  1.450472
689.5  0.228881  1.222718  1.451598
690.0  0.241549  1.209795  1.451344
690.5  0.252629  1.198692  1.451321
691.0  0.262945  1.187996  1.450941
691.5  0.273808  1.179273  1.453081
692.0  0.285829  1.166036  1.451865
692.5  0.298205  1.153274  1.451480
693.0  0.308895  1.141680  1.450574
693.5  0.315518  1.134623  1.450142
694.0  0.316392  1.133899  1.450291
694.5  0.311112  1.138523  1.449635
695.0  0.300507  1.151245  1.451751
695.5  0.286162  1.164537  1.450699
696.0  0.269927  1.182622  1.452550
696.5  0.253661  1.196867  1.450529
697.0  0.239184  1.213315  1.452499
697.5  0.228203  1.222592  1.450794
698.0  0.221997  1.229969  1.451966
698.5  0.220908  1.230206  1.451114
699.0  0.223967  1.227315  1.451282
699.5  0.229044  1.221234  1.450278
700.0  0.233640  1.215728  1.449368
700.5  0.235958  1.213194  1.449152
701.0  0.235663  1.213351  1.449014
701.5  0.233842  1.215306  1.449147
702.0  0.232181  1.217718  1.449899
702.5  0.231863  1.216915  1.448778
703.0  0.232861  1.217690  1.450551
703.5  0.234042  1.215845  1.449887
704.0  0.233941  1.217052  1.450993
704.5  0.231655  1.218124  1.449779
705.0  0.227319  1.223415  1.450734
705.5  0.221974  1.228384  1.450358
706.0  0.217045  1.233597  1.450643
706.5  0.213842  1.236174  1.450016
707.0  0.213333  1.236103  1.449436
707.5  0.216188  1.234959  1.451147
708.0  0.222815  1.226843  1.449658
708.5  0.233196  1.217562  1.450758
709.0  0.246524  1.202405  1.448929
709.5  0.260960  1.189180  1.450139
710.0  0.273871  1.175366  1.449236
710.5  0.282636  1.166804  1.449440
711.0  0.285673  1.162663  1.448336
711.5  0.283086  1.166390  1.449476
712.0  0.276529  1.171826  1.448355
712.5  0.268310  1.179332  1.447642
713.0  0.260279  1.187955  1.448234
713.5  0.253144  1.195528  1.448671
714.0  0.246557  1.201003  1.447560
714.5  0.239812  1.207831  1.447643
715.0  0.232597  1.215546  1.448143
715.5  0.225339  1.223159  1.448498
716.0  0.219001  1.227662  1.446664
716.5  0.214618  1.234119  1.448737
717.0  0.212939  1.235340  1.448279
717.5  0.214391  1.234631  1.449021
718.0  0.219238  1.228244  1.447481
718.5  0.227643  1.222520  1.450163
719.0  0.239400  1.208812  1.448212
719.5  0.253446  1.195712  1.449158
720.0  0.267574  1.180865  1.448439
720.5  0.278754  1.168935  1.447689
721.0  0.284094  1.163288  1.447382
721.5  0.282012  1.165468  1.447480
722.0  0.272952  1.175890  1.448842
722.5  0.259222  1.188376  1.447598
723.0  0.244032  1.204822  1.448854
723.5  0.230278  1.218210  1.448489
724.0  0.219700  1.229222  1.448922
724.5  0.212786  1.235399  1.448185
725.0  0.209274  1.239195  1.448469
725.5  0.208768  1.239929  1.448697
726.0  0.211047  1.237514  1.448561
726.5  0.215975  1.232085  1.448059
727.0  0.223240  1.224817  1.448057
727.5  0.232257  1.216194  1.448451
728.0  0.242350  1.205901  1.448251
728.5  0.253060  1.194051  1.447110
729.0  0.264254  1.183580  1.447834
729.5  0.275860  1.170588  1.446448
730.0  0.287336  1.161016  1.448352
730.5  0.297315  1.148934  1.446250
731.0  0.303783  1.144538  1.448321
731.5  0.304827  1.142548  1.447374
732.0  0.299563  1.149701  1.449264
732.5  0.288676  1.159985  1.448662
733.0  0.274237  1.174310  1.448547
733.5  0.258900  1.190653  1.449552
734.0  0.244947  1.204620  1.449567
734.5  0.233708  1.215870  1.449578
735.0  0.225575  1.222723  1.448299
735.5  0.220458  1.230057  1.450515
736.0  0.218235  1.231665  1.449900
736.5  0.218885  1.231560  1.450445
737.0  0.222289  1.227618  1.449907
737.5  0.227979  1.222259  1.450238
738.0  0.235137  1.215742  1.450879
738.5  0.242906  1.207126  1.450031
739.0  0.250783  1.199079  1.449861
739.5  0.258743  1.190872  1.449615
740.0  0.266915  1.183686  1.450601
740.5  0.275009  1.175043  1.450052
741.0  0.281954  1.168633  1.450587
741.5  0.286128  1.164113  1.450241
742.0  0.286129  1.163077  1.449205
742.5  0.281630  1.168942  1.450572
743.0  0.273749  1.175615  1.449365
743.5  0.264677  1.185928  1.450605
744.0  0.256774  1.192778  1.449552
744.5  0.251664  1.199874  1.451538
745.0  0.249797  1.198956  1.448754
745.5  0.250621  1.200446  1.451067
746.0  0.253103  1.196042  1.449145
746.5  0.256198  1.194203  1.450402
747.0  0.258999  1.189576  1.448576
747.5  0.260633  1.189092  1.449725
748.0  0.260170  1.187983  1.448153
748.5  0.256777  1.191322  1.448099
749.0  0.250106  1.198177  1.448283
749.5  0.240644  1.206986  1.447630
750.0  0.229694  1.218431  1.448124
750.5  0.218878  1.229548  1.448426
751.0  0.209405  1.239152  1.448558
751.5  0.201571  1.247340  1.448911
752.0  0.194862  1.253200  1.448062
752.5  0.188596  1.261105  1.449701
753.0  0.182666  1.265784  1.448450
753.5  0.177889  1.272230  1.450119
754.0  0.175756  1.272828  1.448585
754.5  0.177791  1.272840  1.450631
755.0  0.184929  1.265024  1.449952
755.5  0.197243  1.252831  1.450073
756.0  0.214055  1.236996  1.451051
756.5  0.234205  1.214581  1.448786
757.0  0.256218  1.194402  1.450620
757.5  0.278301  1.170413  1.448714
758.0  0.298302  1.152568  1.450871
758.5  0.313895  1.134195  1.448089
759.0  0.323061  1.127024  1.450085
759.5  0.324751  1.124012  1.448763
760.0  0.319316  1.130387  1.449703
760.5  0.308424  1.140685  1.449109
761.0  0.294393  1.155043  1.449437
761.5  0.279318  1.169727  1.449044
762.0  0.264485  1.184025  1.448510
762.5  0.250422  1.198785  1.449208
763.0  0.237432  1.211129  1.448561
763.5  0.226143  1.221266  1.447409
764.0  0.217635  1.231153  1.448788
764.5  0.213053  1.235892  1.448946
765.0  0.213012  1.236384  1.449396
765.5  0.217220  1.230437  1.447658
766.0  0.224568  1.225871  1.450439
766.5  0.233565  1.214719  1.448284
767.0  0.242807  1.206911  1.449718
767.5  0.251181  1.196499  1.447680
768.0  0.257758  1.192080  1.449839
768.5  0.261610  1.187698  1.449307
769.0  0.261800  1.187435  1.449235
769.5  0.257711  1.190421  1.448132
770.0  0.249511  1.199870  1.449381
770.5  0.238441  1.211702  1.450143
771.0  0.226596  1.222179  1.448775
771.5  0.216229  1.234014  1.450243
772.0  0.208917  1.240452  1.449369
772.5  0.205116  1.245315  1.450431
773.0  0.204368  1.245022  1.449389
773.5  0.205971  1.244091  1.450062
774.0  0.209619  1.239869  1.449488
774.5  0.215568  1.234327  1.449895
775.0  0.224270  1.225494  1.449764
775.5  0.235820  1.213791  1.449611
776.0  0.249604  1.200378  1.449983
776.5  0.264387  1.185207  1.449594
777.0  0.278695  1.170376  1.449072
777.5  0.291210  1.156891  1.448101
778.0  0.300909  1.147426  1.448335
778.5  0.306975  1.142574  1.449549
779.0  0.308673  1.139111  1.447784
779.5  0.305441  1.143431  1.448871
780.0  0.297251  1.149655  1.446907
780.5  0.285022  1.164487  1.449509
781.0  0.270738  1.177442  1.448179
781.5  0.257044  1.192748  1.449791
782.0  0.246382  1.201571  1.447953
782.5  0.240112  1.209492  1.449604
783.0  0.238126  1.211448  1.449574
783.5  0.239189  1.209583  1.448772
784.0  0.241769  1.207880  1.449650
784.5  0.244808  1.204468  1.449276
785.0  0.247985  1.201559  1.449544
785.5  0.251439  1.197186  1.448625
786.0  0.255259  1.195014  1.450272
786.5  0.259166  1.190224  1.449390
787.0  0.262574  1.186869  1.449443
787.5  0.264886  1.184961  1.449847
788.0  0.265749  1.183862  1.449611
788.5  0.265035  1.184309  1.449344
789.0  0.262606  1.186686  1.449292
789.5  0.258112  1.192445  1.450557
790.0  0.251085  1.198996  1.450081
790.5  0.241380  1.208416  1.449796
791.0  0.229719  1.219956  1.449675
791.5  0.217923  1.232708  1.450631
792.0  0.208536  1.242798  1.451335
792.5  0.203908  1.246821  1.450729
793.0  0.205221  1.246891  1.452112
793.5  0.212026  1.239048  1.451074
794.0  0.222574  1.230573  1.453148
794.5  0.234681  1.216862  1.451543
795.0  0.246550  1.205221  1.451772
795.5  0.257098  1.192969  1.450068
796.0  0.265737  1.187622  1.453359
796.5  0.271966  1.180410  1.452376
797.0  0.275172  1.177281  1.452453
797.5  0.274807  1.177568  1.452375
798.0  0.270767  1.182672  1.453439
798.5  0.263639  1.188932  1.452570
799.0  0.254579  1.197805  1.452384
799.5  0.244904  1.208678  1.453583
800.0  0.235643  1.219384  1.455027
800.5  0.227379  1.226704  1.454083
801.0  0.220455  1.232904  1.453359
801.5  0.215348  1.237947  1.453295
802.0  0.212862  1.242096  1.454958
802.5  0.213896  1.239473  1.453370
803.0  0.218865  1.235457  1.454322
803.5  0.227175  1.226086  1.453261
804.0  0.237188  1.217970  1.455158
804.5  0.246797  1.206835  1.453631
805.0  0.254272  1.199864  1.454136
805.5  0.258864  1.196972  1.455835
806.0  0.260804  1.193995  1.454799
806.5  0.260803  1.194825  1.455629
807.0  0.259449  1.195483  1.454931
807.5  0.256915  1.199913  1.456828
808.0  0.253114  1.202184  1.455298
808.5  0.248092  1.209162  1.457254
809.0  0.242292  1.213213  1.455504
809.5  0.236493  1.220605  1.457098
810.0  0.231466  1.225184  1.456650
810.5  0.227642  1.228359  1.456002
811.0  0.225084  1.231721  1.456805
811.5  0.223803  1.233730  1.457533
812.0  0.224182  1.233447  1.457629
812.5  0.227100  1.230736  1.457836
813.0  0.233538  1.224813  1.458351
813.5  0.243813  1.213832  1.457645
814.0  0.256956  1.200329  1.457285
814.5  0.270708  1.189145  1.459852
815.0  0.282247  1.175684  1.457931
815.5  0.289231  1.169727  1.458958
816.0  0.290558  1.167642  1.458200
816.5  0.286461  1.173159  1.459621
817.0  0.278032  1.177603  1.455635
817.5  0.266569  1.191145  1.457714
818.0  0.253202  1.204937  1.458139
818.5  0.238921  1.219186  1.458107
819.0  0.224835  1.233116  1.457952
819.5  0.212315  1.245660  1.457975
820.0  0.202817  1.256615  1.459431
820.5  0.197467  1.261267  1.458734
821.0  0.196702  1.262218  1.458919
821.5  0.200241  1.257121  1.457362
822.0  0.207425  1.251597  1.459022
822.5  0.217670  1.240254  1.457924
823.0  0.230650  1.227855  1.458504
823.5  0.246051  1.212102  1.458153
824.0  0.263075  1.195408  1.458483
824.5  0.280130  1.177694  1.457825
825.0  0.295060  1.162508  1.457568
825.5  0.305851  1.152310  1.458160
826.0  0.311389  1.146692  1.458081
826.5  0.311798  1.146923  1.458721
827.0  0.308162  1.151185  1.459346
827.5  0.301860  1.157631  1.459491
828.0  0.293959  1.167056  1.461016
828.5  0.284992  1.175155  1.460147
829.0  0.275187  1.185220  1.460407
829.5  0.264883  1.195067  1.459950
830.0  0.254785  1.207115  1.461900
830.5  0.245863  1.212483  1.458345
831.0  0.238974  1.221575  1.460549
831.5  0.234513  1.224532  1.459046
832.0  0.232344  1.227466  1.459810
832.5  0.232046  1.227231  1.459278
833.0  0.233243  1.226496  1.459739
833.5  0.235686  1.223078  1.458765
834.0  0.239014  1.219599  1.458613
834.5  0.242385  1.217406  1.459792
835.0  0.244417  1.212347  1.456764
835.5  0.243613  1.213913  1.457525
836.0  0.239115  1.218069  1.457184
836.5  0.231303  1.226149  1.457452
837.0  0.221832  1.234875  1.456706
837.5  0.213052  1.243889  1.456942
838.0  0.207141  1.250556  1.457697
838.5  0.205386  1.252118  1.457504
839.0  0.207967  1.249354  1.457321
839.5  0.214238  1.242674  1.456912
840.0  0.223226  1.234737  1.457963
840.5  0.234008  1.223950  1.457958
841.0  0.245782  1.210748  1.456530
841.5  0.257702  1.200230  1.457931
842.0  0.268751  1.187739  1.456490
842.5  0.277852  1.179904  1.457755
843.0  0.284192  1.172116  1.456308
843.5  0.287509  1.170926  1.458435
844.0  0.288052  1.168124  1.456176
844.5  0.286179  1.172312  1.458491
845.0  0.281903  1.175661  1.457563
845.5  0.274759  1.182551  1.457310
846.0  0.264205  1.193025  1.457230
846.5  0.250298  1.208372  1.458670
847.0  0.234177  1.223526  1.457703
847.5  0.218002  1.239478  1.457480
848.0  0.204347  1.253573  1.457920
848.5  0.195390  1.263184  1.458574
849.0  0.192316  1.265038  1.457355
849.5  0.195187  1.261756  1.456943
850.0  0.203214  1.254402  1.457616
850.5  0.215199  1.242398  1.457597
851.0  0.229823  1.224682  1.454504
851.5  0.245703  1.209239  1.454942
852.0  0.261315  1.194293  1.455608
852.5  0.275017  1.181470  1.456487
853.0  0.285316  1.167481  1.452797
853.5  0.291266  1.164145  1.455411
854.0  0.292706  1.164438  1.457144
854.5  0.290118  1.165951  1.456070
855.0  0.284148  1.170042  1.454190
855.5  0.275151  1.180948  1.456100
856.0  0.263150  1.194176  1.457326
856.5  0.248254  1.206288  1.454542
857.0  0.231249  1.224733  1.455981
857.5  0.213879  1.241552  1.455431
858.0  0.198575  1.257506  1.456081
858.5  0.187738  1.267317  1.455055
859.0  0.182967  1.273227  1.456194
859.5  0.184616  1.270730  1.455346
860.0  0.191862  1.263796  1.455658
860.5  0.203171  1.253295  1.456466
861.0  0.216866  1.239803  1.456669
861.5  0.231495  1.224004  1.455499
862.0  0.245893  1.209538  1.455431
862.5  0.259053  1.196678  1.455731
863.0  0.270046  1.185649  1.455695
863.5  0.278145  1.174571  1.452716
864.0  0.283065  1.170770  1.453835
864.5  0.285091  1.168921  1.454011
865.0  0.284860  1.170766  1.455626
865.5  0.282893  1.170634  1.453528
866.0  0.279204  1.176040  1.455244
866.5  0.273344  1.183028  1.456372
867.0  0.264931  1.189799  1.454729
867.5  0.254312  1.201467  1.455778
868.0  0.242889  1.213328  1.456218
868.5  0.232855  1.223618  1.456473
869.0  0.226457  1.228432  1.454889
869.5  0.225186  1.232737  1.457923
870.0  0.229291  1.226334  1.455625
870.5  0.237796  1.218521  1.456316
871.0  0.248935  1.207517  1.456452
871.5  0.260729  1.196765  1.457494
872.0  0.271416  1.185242  1.456658
872.5  0.279643  1.177093  1.456736
873.0  0.284488  1.172331  1.456819
873.5  0.285518  1.170513  1.456031
874.0  0.282946  1.174212  1.457158
874.5  0.277789  1.180138  1.457927
875.0  0.271750  1.186266  1.458016
875.5  0.266707  1.191098  1.457806
876.0  0.263962  1.193606  1.457568
876.5  0.263683  1.194373  1.458055
877.0  0.264932  1.192093  1.457025
877.5  0.266267  1.189986  1.456253
878.0  0.266551  1.189986  1.456537
878.5  0.265459  1.192735  1.458194
879.0  0.263444  1.191608  1.455051
879.5  0.261261  1.195456  1.456717
880.0  0.259409  1.196608  1.456017
880.5  0.257818  1.199077  1.456894
881.0  0.255905  1.198809  1.454714
881.5  0.252903  1.202580  1.455483
882.0  0.248206  1.207628  1.455834
882.5  0.241534  1.214900  1.456434
883.0  0.232881  1.224220  1.457102
883.5  0.222394  1.233782  1.456176
884.0  0.210373  1.246478  1.456851
884.5  0.197483  1.260733  1.458216
885.0  0.184999  1.273273  1.458272
885.5  0.174801  1.283539  1.458340
886.0  0.168915  1.290396  1.459310
886.5  0.168747  1.290673  1.459420
887.0  0.174466  1.284052  1.458519
887.5  0.184974  1.273378  1.458352
888.0  0.198517  1.259699  1.458216
888.5  0.213542  1.245237  1.458779
889.0  0.229252  1.230015  1.459267
889.5  0.245565  1.212211  1.457776
890.0  0.262594  1.197092  1.459686
890.5  0.280036  1.179880  1.459916
891.0  0.296847  1.163786  1.460633
891.5  0.311366  1.145334  1.456700
892.0  0.321770  1.137531  1.459301
892.5  0.326596  1.132687  1.459283
893.0  0.325057  1.133966  1.459022
893.5  0.317087  1.139247  1.456334
894.0  0.303224  1.154538  1.457763
894.5  0.284536  1.173849  1.458385
895.0  0.262691  1.193599  1.456290
895.5  0.240060  1.216491  1.456551
896.0  0.219571  1.237789  1.457360
896.5  0.204128  1.253072  1.457200
897.0  0.195739  1.260030  1.455768
897.5  0.194801  1.261180  1.455981
898.0  0.200025  1.256858  1.456883
898.5  0.209074  1.247393  1.456466
899.0  0.219548  1.235410  1.454958
899.5  0.229756  1.224756  1.454512
900.0  0.238913  1.217698  1.456611
900.5  0.246847  1.208349  1.455196
901.0  0.253531  1.201607  1.455139
901.5  0.258787  1.195660  1.454447
902.0  0.262289  1.193257  1.455546
902.5  0.263773  1.191393  1.455166
903.0  0.263223  1.191026  1.454248
903.5  0.260855  1.193353  1.454208
904.0  0.256928  1.197525  1.454453
904.5  0.251541  1.203268  1.454809
905.0  0.244662  1.209024  1.453686
905.5  0.236460  1.218047  1.454508
906.0  0.227739  1.225213  1.452952
906.5  0.220099  1.234517  1.454616
907.0  0.215532  1.237297  1.452829
907.5  0.215562  1.237876  1.453438
908.0  0.220417  1.232457  1.452874
908.5  0.228819  1.223895  1.452714
909.0  0.238533  1.213381  1.451915
909.5  0.247333  1.204746  1.452078
910.0  0.253772  1.199334  1.453106
910.5  0.257403  1.196313  1.453716
911.0  0.258483  1.194703  1.453186
911.5  0.257528  1.195948  1.453476
912.0  0.255055  1.197959  1.453014
912.5  0.251602  1.201922  1.453524
913.0  0.247896  1.204555  1.452451
913.5  0.244913  1.210006  1.454919
914.0  0.243677  1.209806  1.453483
914.5  0.244869  1.208405  1.453275
915.0  0.248480  1.203752  1.452232
915.5  0.253790  1.200423  1.454213
916.0  0.259761  1.193070  1.452830
916.5  0.265633  1.186332  1.451965
917.0  0.271316  1.182305  1.453621
917.5  0.277244  1.175983  1.453227
918.0  0.283743  1.169944  1.453686
918.5  0.290378  1.162154  1.452533
919.0  0.295807  1.158425  1.454232
919.5  0.298283  1.154349  1.452632
920.0  0.296486  1.156935  1.453422
920.5  0.290106  1.162852  1.452958
921.0  0.279857  1.173496  1.453353
921.5  0.267030  1.185794  1.452824
922.0  0.252956  1.199494  1.452449
922.5  0.238736  1.213907  1.452643
923.0  0.225309  1.227869  1.453178
923.5  0.213681  1.239310  1.452992
924.0  0.205027  1.247967  1.452994
924.5  0.200491  1.253238  1.453730
925.0  0.200778  1.252875  1.453653
925.5  0.205787  1.247107  1.452895
926.0  0.214602  1.239276  1.453878
926.5  0.225902  1.227593  1.453494
927.0  0.238559  1.216039  1.454598
927.5  0.251975  1.201179  1.453153
928.0  0.265850  1.188183  1.454033
928.5  0.279531  1.174063  1.453593
929.0  0.291472  1.164081  1.455553
929.5  0.299353  1.153760  1.453113
930.0  0.300895  1.154382  1.455277
930.5  0.294889  1.159643  1.454532
931.0  0.281796  1.173452  1.455248
931.5  0.263586  1.190983  1.454569
932.0  0.242999  1.212702  1.455702
932.5  0.222707  1.232367  1.455074
933.0  0.204806  1.250053  1.454859
933.5  0.190761  1.264325  1.455086
934.0  0.181594  1.272818  1.454412
934.5  0.178017  1.276443  1.454461
935.0  0.180322  1.274997  1.455319
935.5  0.188102  1.266531  1.454633
936.0  0.200081  1.254446  1.454527
936.5  0.214302  1.240131  1.454433
937.0  0.228732  1.226182  1.454914
937.5  0.241972  1.211815  1.453787
938.0  0.253638  1.200981  1.454619
938.5  0.264099  1.191282  1.455381
939.0  0.273702  1.182052  1.455754
939.5  0.282040  1.173629  1.455670
940.0  0.287801  1.166306  1.454107
940.5  0.289338  1.166817  1.456155
941.0  0.285572  1.169739  1.455312
941.5  0.276628  1.181001  1.457629
942.0  0.263839  1.191608  1.455447
942.5  0.249232  1.208919  1.458151
943.0  0.234880  1.222779  1.457658
943.5  0.222501  1.235252  1.457753
944.0  0.213403  1.243609  1.457012
944.5  0.208594  1.249541  1.458134
945.0  0.208787  1.249706  1.458493
945.5  0.214177  1.243778  1.457955
946.0  0.224093  1.232792  1.456885
946.5  0.236847  1.219339  1.456185
947.0  0.250028  1.207389  1.457417
947.5  0.261243  1.195947  1.457190
948.0  0.268948  1.186251  1.455200
948.5  0.272868  1.183707  1.456575
949.0  0.273725  1.182374  1.456099
949.5  0.272453  1.185469  1.457922
950.0  0.269471  1.187688  1.457160
950.5  0.264554  1.193819  1.458373
951.0  0.257333  1.199133  1.456466
951.5  0.248016  1.209840  1.457856
952.0  0.237754  1.218955  1.456708
952.5  0.228391  1.228420  1.456812
953.0  0.221806  1.236131  1.457937
953.5  0.219257  1.238895  1.458152
954.0  0.221108  1.237163  1.458271
954.5  0.226967  1.229812  1.456779
955.0  0.236034  1.221661  1.457696
955.5  0.247352  1.209081  1.456433
956.0  0.259820  1.197506  1.457326
956.5  0.272074  1.182877  1.454951
957.0  0.282482  1.173040  1.455522
957.5  0.289444  1.166676  1.456121
958.0  0.291954  1.163077  1.455031
958.5  0.290079  1.163239  1.453318
959.0  0.284989  1.169972  1.454960
959.5  0.278369  1.177385  1.455755
960.0  0.271541  1.183211  1.454752
960.5  0.264837  1.190617  1.455454
961.0  0.257682  1.199230  1.456912
961.5  0.249301  1.207551  1.456853
962.0  0.239577  1.217078  1.456654
962.5  0.229458  1.227191  1.456649
963.0  0.220731  1.236730  1.457461
963.5  0.215319  1.240282  1.455601
964.0  0.214568  1.243053  1.457621
964.5  0.218873  1.238254  1.457126
965.0  0.227712  1.230365  1.458077
965.5  0.239917  1.216820  1.456738
966.0  0.253912  1.204641  1.458553
966.5  0.267820  1.190438  1.458258
967.0  0.279520  1.178176  1.457696
967.5  0.286877  1.170138  1.457015
968.0  0.288256  1.168737  1.456993
968.5  0.283171  1.176623  1.459794
969.0  0.272688  1.185186  1.457873
969.5  0.259224  1.200046  1.459270
970.0  0.245686  1.214568  1.460254
970.5  0.234367  1.225792  1.460159
971.0  0.226216  1.232514  1.458730
971.5  0.220887  1.238861  1.459749
972.0  0.217466  1.242105  1.459570
972.5  0.215312  1.244017  1.459328
973.0  0.214519  1.245897  1.460415
973.5  0.215774  1.244137  1.459910
974.0  0.219836  1.238550  1.458386
974.5  0.227017  1.232647  1.459664
975.0  0.236958  1.223252  1.460210
975.5  0.248731  1.210830  1.459561
976.0  0.261076  1.197792  1.458868
976.5  0.272562  1.189093  1.461655
977.0  0.281613  1.178171  1.459783
977.5  0.286556  1.172964  1.459520
978.0  0.285888  1.172548  1.458436
978.5  0.278831  1.181566  1.460397
979.0  0.265948  1.193274  1.459222
979.5  0.249394  1.210643  1.460037
980.0  0.232476  1.226987  1.459463
980.5  0.218566  1.242818  1.461383
981.0  0.209898  1.251151  1.461049
981.5  0.206917  1.253397  1.460314
982.0  0.208507  1.252355  1.460862
982.5  0.212900  1.247697  1.460597
983.0  0.218643  1.240536  1.459180
983.5  0.225114  1.234545  1.459660
984.0  0.232422  1.228387  1.460808
984.5  0.240921  1.218931  1.459852
985.0  0.250709  1.208828  1.459536
985.5  0.261357  1.199485  1.460842
986.0  0.271943  1.187631  1.459574
986.5  0.281239  1.178431  1.459670
987.0  0.287901  1.170864  1.458764
987.5  0.290602  1.169273  1.459875
988.0  0.288210  1.170351  1.458561
988.5  0.280120  1.178076  1.458195
989.0  0.266720  1.192626  1.459347
989.5  0.249761  1.209532  1.459294
990.0  0.232239  1.226786  1.459025
990.5  0.217635  1.241087  1.458722
991.0  0.208708  1.251505  1.460213
991.5  0.206437  1.252274  1.458711
992.0  0.209711  1.248351  1.458062
992.5  0.215960  1.240747  1.456707
993.0  0.222340  1.235290  1.457630
993.5  0.226847  1.230628  1.457475
994.0  0.228849  1.229633  1.458482
994.5  0.228947  1.229964  1.458911
995.0  0.228408  1.231165  1.459573
995.5  0.228527  1.231017  1.459544
996.0  0.230185  1.228974  1.459159
996.5  0.233657  1.225364  1.459021
997.0  0.238600  1.220294  1.458894
997.5  0.244095  1.216787  1.460881
998.0  0.248765  1.212030  1.460795
998.5  0.251056  1.208121  1.459177
999.0  0.249788  1.212385  1.462172
999.5  0.244867  1.217196  1.462063
1000.0  0.237811  1.223065  1.460876
