0.0  0.371854  1.300083  1.671937
0.5  0.376912  1.295093  1.672006
1.0  0.381164  1.291021  1.672184
1.5  0.384955  1.287290  1.672246
2.0  0.389176  1.283165  1.672341
2.5  0.394866  1.277568  1.672434
3.0  0.402506  1.270097  1.672603
3.5  0.411425  1.261884  1.673309
4.0  0.419868  1.253431  1.673299
4.5  0.425802  1.247558  1.673360
5.0  0.428000  1.245208  1.673208
5.5  0.426699  1.246577  1.673276
6.0  0.423422  1.250204  1.673626
6.5  0.420190  1.253517  1.673707
7.0  0.418636  1.254858  1.673494
7.5  0.419515  1.253668  1.673184
8.0  0.422729  1.250792  1.673521
8.5  0.427665  1.246382  1.674047
9.0  0.433535  1.240183  1.673718
9.5  0.439547  1.233436  1.672983
10.0  0.444923  1.228163  1.673086
10.5  0.448932  1.224851  1.673783
11.0  0.451036  1.222833  1.673869
11.5  0.451182  1.222290  1.673472
12.0  0.450037  1.223552  1.673590
12.5  0.448901  1.224828  1.673729
13.0  0.449110  1.225306  1.674415
13.5  0.451157  1.223432  1.674589
14.0  0.454110  1.219508  1.673618
14.5  0.455858  1.217560  1.673418
15.0  0.454185  1.220226  1.674410
15.5  0.448025  1.226277  1.674302
16.0  0.438097  1.235626  1.673723
16.5  0.426559  1.247748  1.674307
17.0  0.415966  1.258921  1.674888
17.5  0.408190  1.266617  1.674807
18.0  0.403843  1.270630  1.674473
18.5  0.402345  1.272067  1.674411
19.0  0.402397  1.272874  1.675271
19.5  0.402490  1.272515  1.675004
20.0  0.401233  1.273066  1.674299
20.5  0.397507  1.276791  1.674297
21.0  0.390584  1.284034  1.674618
21.5  0.380352  1.294428  1.674780
22.0  0.367617  1.307114  1.674731
22.5  0.354281  1.320280  1.674561
23.0  0.343058  1.331654  1.674712
23.5  0.336576  1.338398  1.674974
24.0  0.336174  1.338569  1.674742
24.5  0.341110  1.333397  1.674507
25.0  0.348826  1.325678  1.674504
25.5  0.356238  1.318255  1.674493
26.0  0.361299  1.313045  1.674344
26.5  0.363947  1.310390  1.674337
27.0  0.365952  1.308843  1.674795
27.5  0.369918  1.305657  1.675575
28.0  0.378052  1.297303  1.675356
28.5  0.391306  1.283504  1.674809
29.0  0.409130  1.265713  1.674843
29.5  0.429769  1.245395  1.675164
30.0  0.450824  1.223978  1.674802
30.5  0.469842  1.204449  1.674291
31.0  0.484822  1.189984  1.674806
31.5  0.494579  1.180639  1.675218
32.0  0.498991  1.177040  1.676032
32.5  0.499106  1.177180  1.676285
33.0  0.496983  1.178750  1.675734
33.5  0.495135  1.180743  1.675878
34.0  0.495531  1.180599  1.676130
34.5  0.498558  1.177529  1.676086
35.0  0.502579  1.173010  1.675590
35.5  0.504542  1.170604  1.675146
36.0  0.501417  1.173851  1.675268
36.5  0.491685  1.183855  1.675540
37.0  0.476051  1.199702  1.675753
37.5  0.457085  1.218837  1.675923
38.0  0.438130  1.238087  1.676217
38.5  0.422089  1.253586  1.675675
39.0  0.410647  1.265711  1.676358
39.5  0.404073  1.273393  1.677466
40.0  0.401497  1.275261  1.676758
40.5  0.401369  1.274411  1.675780
41.0  0.401918  1.274620  1.676538
41.5  0.401545  1.275666  1.677210
42.0  0.399168  1.277602  1.676770
42.5  0.394567  1.281786  1.676354
43.0  0.388659  1.288147  1.676807
43.5  0.383502  1.293634  1.677136
44.0  0.381751  1.295203  1.676955
44.5  0.385530  1.291893  1.677423
45.0  0.395142  1.283299  1.678441
45.5  0.408456  1.269240  1.677696
46.0  0.421502  1.256003  1.677505
46.5  0.430085  1.247552  1.677636
47.0  0.431519  1.245969  1.677488
47.5  0.425550  1.251986  1.677536
48.0  0.414110  1.263977  1.678087
48.5  0.400253  1.277881  1.678134
49.0  0.386921  1.291173  1.678094
49.5  0.376100  1.302208  1.678308
50.0  0.368549  1.310391  1.678940
50.5  0.363977  1.314964  1.678942
51.0  0.361417  1.317170  1.678587
51.5  0.359598  1.318350  1.677947
52.0  0.357266  1.321019  1.678284
52.5  0.353473  1.325093  1.678566
53.0  0.347924  1.329877  1.677800
53.5  0.341363  1.336775  1.678138
54.0  0.335816  1.343740  1.679556
54.5  0.334327  1.345054  1.679381
55.0  0.339971  1.338581  1.678552
55.5  0.354431  1.323888  1.678319
56.0  0.376929  1.302083  1.679013
56.5  0.404272  1.274318  1.678590
57.0  0.432104  1.244890  1.676994
57.5  0.456633  1.220915  1.677549
58.0  0.475841  1.203203  1.679044
58.5  0.489664  1.189480  1.679144
59.0  0.499313  1.179359  1.678672
59.5  0.506328  1.172545  1.678873
60.0  0.511882  1.167658  1.679540
60.5  0.516528  1.163116  1.679644
61.0  0.520250  1.159014  1.679264
61.5  0.522599  1.156506  1.679106
62.0  0.522773  1.156428  1.679200
62.5  0.519671  1.159246  1.678917
63.0  0.512055  1.166360  1.678415
63.5  0.498935  1.180181  1.679116
64.0  0.480167  1.199617  1.679783
64.5  0.457007  1.222368  1.679374
65.0  0.432173  1.246872  1.679045
65.5  0.409089  1.270837  1.679926
66.0  0.390500  1.289348  1.679848
66.5  0.377221  1.302666  1.679886
67.0  0.367869  1.312619  1.680487
67.5  0.359800  1.320214  1.680014
68.0  0.350671  1.329179  1.679850
68.5  0.339642  1.340756  1.680398
69.0  0.327645  1.352437  1.680082
69.5  0.316767  1.363876  1.680642
70.0  0.309278  1.372219  1.681498
70.5  0.306862  1.374757  1.681618
71.0  0.310252  1.371293  1.681545
71.5  0.319234  1.362848  1.682082
72.0  0.332800  1.349423  1.682222
72.5  0.349324  1.332077  1.681401
73.0  0.366778  1.314088  1.680866
73.5  0.383035  1.298172  1.681207
74.0  0.396340  1.286159  1.682499
74.5  0.405886  1.276313  1.682199
75.0  0.412243  1.268889  1.681131
75.5  0.417281  1.263468  1.680748
76.0  0.423370  1.258353  1.681723
76.5  0.432119  1.250466  1.682585
77.0  0.443354  1.237657  1.681011
77.5  0.455047  1.225153  1.680199
78.0  0.464276  1.216260  1.680536
78.5  0.468642  1.212294  1.680935
79.0  0.467307  1.213921  1.681228
79.5  0.461199  1.219807  1.681006
80.0  0.452473  1.228319  1.680792
80.5  0.443670  1.237547  1.681216
81.0  0.437009  1.245433  1.682442
81.5  0.433981  1.248358  1.682339
82.0  0.435199  1.246444  1.681643
82.5  0.440398  1.240863  1.681261
83.0  0.448533  1.233943  1.682476
83.5  0.457990  1.225623  1.683612
84.0  0.466951  1.215883  1.682834
84.5  0.473906  1.206619  1.680525
85.0  0.478174  1.202755  1.680930
85.5  0.480219  1.202533  1.682752
86.0  0.481429  1.201063  1.682492
86.5  0.483314  1.198769  1.682083
87.0  0.486452  1.195412  1.681864
87.5  0.489833  1.191975  1.681809
88.0  0.491133  1.190935  1.682068
88.5  0.487789  1.193836  1.681626
89.0  0.478272  1.203685  1.681957
89.5  0.462815  1.219386  1.682201
90.0  0.443280  1.238334  1.681614
90.5  0.422373  1.259937  1.682310
91.0  0.402678  1.280131  1.682810
91.5  0.385954  1.297507  1.683461
92.0  0.372881  1.309977  1.682857
92.5  0.363186  1.320628  1.683813
93.0  0.355974  1.328075  1.684049
93.5  0.350084  1.334100  1.684184
94.0  0.344401  1.339835  1.684235
94.5  0.338137  1.346361  1.684498
95.0  0.331131  1.352857  1.683988
95.5  0.324123  1.360257  1.684379
96.0  0.318837  1.367154  1.685991
96.5  0.317599  1.368187  1.685787
97.0  0.322407  1.361932  1.684339
97.5  0.333838  1.351343  1.685181
98.0  0.350440  1.335445  1.685885
98.5  0.369123  1.314477  1.683600
99.0  0.386408  1.296550  1.682957
99.5  0.399849  1.285679  1.685527
100.0  0.408868  1.276881  1.685749
100.5  0.414672  1.268703  1.683374
101.0  0.419458  1.264766  1.684224
101.5  0.425414  1.260884  1.686298
102.0  0.433953  1.252308  1.686262
102.5  0.445384  1.239114  1.684497
103.0  0.458962  1.225698  1.684660
103.5  0.473161  1.212725  1.685886
104.0  0.486001  1.200352  1.686353
104.5  0.495400  1.188858  1.684257
105.0  0.499560  1.184441  1.684002
105.5  0.497428  1.187761  1.685189
106.0  0.489142  1.195760  1.684902
106.5  0.476232  1.207830  1.684062
107.0  0.461279  1.222563  1.683842
107.5  0.446966  1.236631  1.683597
108.0  0.434921  1.250152  1.685073
108.5  0.425026  1.259540  1.684566
109.0  0.415684  1.267313  1.682997
109.5  0.404915  1.278427  1.683343
110.0  0.391629  1.292798  1.684426
110.5  0.376328  1.307376  1.683704
111.0  0.360968  1.322235  1.683203
111.5  0.348163  1.335481  1.683644
112.0  0.340245  1.344109  1.684354
112.5  0.338582  1.345673  1.684255
113.0  0.343341  1.340473  1.683815
113.5  0.353598  1.330339  1.683937
114.0  0.367647  1.316685  1.684331
114.5  0.383359  1.299473  1.682832
115.0  0.398573  1.283400  1.681974
115.5  0.411508  1.270367  1.681874
116.0  0.421204  1.261474  1.682679
116.5  0.427880  1.254924  1.682804
117.0  0.432945  1.249131  1.682076
117.5  0.438491  1.243814  1.682305
118.0  0.446266  1.236655  1.682921
118.5  0.456608  1.225847  1.682455
119.0  0.467984  1.214357  1.682341
119.5  0.477504  1.204541  1.682045
120.0  0.482204  1.199613  1.681817
120.5  0.480379  1.202269  1.682648
121.0  0.472289  1.210522  1.682811
121.5  0.459971  1.222266  1.682237
122.0  0.446380  1.235543  1.681923
122.5  0.434344  1.248246  1.682590
123.0  0.425746  1.257300  1.683046
123.5  0.421127  1.261939  1.683066
124.0  0.419710  1.262303  1.682012
124.5  0.419728  1.261946  1.681674
125.0  0.418963  1.263269  1.682232
125.5  0.415384  1.267169  1.682553
126.0  0.407801  1.274413  1.682215
126.5  0.396402  1.284537  1.680939
127.0  0.382955  1.298364  1.681319
127.5  0.370489  1.312256  1.682745
128.0  0.362350  1.320722  1.683072
128.5  0.360894  1.321013  1.681907
129.0  0.366408  1.315852  1.682259
129.5  0.376905  1.306616  1.683521
130.0  0.388992  1.293644  1.682637
130.5  0.399379  1.281868  1.681247
131.0  0.406216  1.275428  1.681644
131.5  0.409649  1.273085  1.682734
132.0  0.411445  1.271477  1.682922
132.5  0.414031  1.268508  1.682539
133.0  0.419449  1.263396  1.682845
133.5  0.428607  1.254198  1.682804
134.0  0.440980  1.241631  1.682611
134.5  0.454758  1.226695  1.681452
135.0  0.467313  1.214599  1.681912
135.5  0.475877  1.206369  1.682246
136.0  0.478287  1.202901  1.681188
136.5  0.473667  1.206727  1.680394
137.0  0.462861  1.218489  1.681350
137.5  0.448443  1.234031  1.682475
138.0  0.434128  1.248706  1.682834
138.5  0.423593  1.259659  1.683252
139.0  0.419075  1.263434  1.682509
139.5  0.420403  1.261958  1.682361
140.0  0.425050  1.257188  1.682238
140.5  0.429272  1.253250  1.682522
141.0  0.429772  1.252367  1.682139
141.5  0.425052  1.257182  1.682234
142.0  0.415879  1.266217  1.682096
142.5  0.404826  1.276981  1.681807
143.0  0.395225  1.287067  1.682292
143.5  0.390026  1.292946  1.682972
144.0  0.390904  1.291717  1.682621
144.5  0.397791  1.283733  1.681524
145.0  0.408893  1.272296  1.681189
145.5  0.421171  1.260825  1.681996
146.0  0.431175  1.251741  1.682915
146.5  0.436033  1.245551  1.681585
147.0  0.434329  1.245777  1.680107
147.5  0.426600  1.254790  1.681390
148.0  0.415272  1.268174  1.683446
148.5  0.403951  1.278995  1.682946
149.0  0.396170  1.285348  1.681519
149.5  0.394017  1.287236  1.681252
150.0  0.397246  1.285432  1.682678
150.5  0.403382  1.280141  1.683524
151.0  0.408803  1.273518  1.682321
151.5  0.410243  1.270811  1.681054
152.0  0.406010  1.275379  1.681389
152.5  0.396421  1.285672  1.682093
153.0  0.383488  1.299031  1.682519
153.5  0.370170  1.312651  1.682821
154.0  0.359536  1.323203  1.682739
154.5  0.354034  1.328811  1.682845
155.0  0.354909  1.328774  1.683683
155.5  0.361846  1.321408  1.683255
156.0  0.372967  1.309965  1.682931
156.5  0.385292  1.296545  1.681837
157.0  0.395641  1.285789  1.681430
157.5  0.401699  1.280646  1.682346
158.0  0.402889  1.279537  1.682426
158.5  0.400680  1.281488  1.682168
159.0  0.398123  1.284574  1.682697
159.5  0.398652  1.285515  1.684167
160.0  0.404583  1.279822  1.684406
160.5  0.416022  1.267390  1.683412
161.0  0.430760  1.251955  1.682715
161.5  0.445232  1.237848  1.683080
162.0  0.455974  1.228392  1.684366
162.5  0.460839  1.223412  1.684252
163.0  0.459483  1.224370  1.683852
163.5  0.453139  1.230666  1.683805
164.0  0.444047  1.239169  1.683216
164.5  0.434833  1.248646  1.683480
165.0  0.427976  1.256524  1.684499
165.5  0.425296  1.259975  1.685271
166.0  0.427487  1.257037  1.684524
166.5  0.433825  1.250256  1.684081
167.0  0.442305  1.242448  1.684754
167.5  0.450280  1.234011  1.684292
168.0  0.455452  1.228675  1.684127
168.5  0.456836  1.226923  1.683758
169.0  0.455266  1.228874  1.684140
169.5  0.453126  1.231884  1.685010
170.0  0.453285  1.232016  1.685300
170.5  0.457667  1.226719  1.684386
171.0  0.466193  1.218162  1.684355
171.5  0.476689  1.208432  1.685121
172.0  0.485835  1.199700  1.685534
172.5  0.490568  1.193418  1.683985
173.0  0.489177  1.193833  1.683010
173.5  0.481657  1.202802  1.684458
174.0  0.469395  1.216787  1.686182
174.5  0.454566  1.230493  1.685059
175.0  0.439546  1.244112  1.683658
175.5  0.426417  1.257388  1.683805
176.0  0.416488  1.269461  1.685949
176.5  0.409853  1.276506  1.686359
177.0  0.405196  1.280465  1.685661
177.5  0.400086  1.286484  1.686570
178.0  0.391828  1.294400  1.686228
178.5  0.378636  1.307958  1.686594
179.0  0.360647  1.326840  1.687487
179.5  0.340283  1.346891  1.687174
180.0  0.321635  1.366211  1.687846
180.5  0.308969  1.379369  1.688338
181.0  0.304961  1.383289  1.688250
181.5  0.309550  1.378140  1.687690
182.0  0.320037  1.367291  1.687328
182.5  0.332377  1.355082  1.687459
183.0  0.342892  1.345246  1.688138
183.5  0.349549  1.338456  1.688005
184.0  0.352351  1.335379  1.687730
184.5  0.352951  1.336085  1.689036
185.0  0.353921  1.336175  1.690096
185.5  0.357995  1.333788  1.691782
186.0  0.367379  1.323708  1.691087
186.5  0.383137  1.306840  1.689977
187.0  0.404717  1.285032  1.689749
187.5  0.429849  1.258841  1.688690
188.0  0.455017  1.233877  1.688894
188.5  0.476454  1.212759  1.689214
189.0  0.491377  1.197327  1.688704
189.5  0.498993  1.189505  1.688497
190.0  0.500841  1.186919  1.687759
190.5  0.500213  1.186759  1.686972
191.0  0.500757  1.186381  1.687138
191.5  0.504811  1.183454  1.688265
192.0  0.512300  1.175850  1.688150
192.5  0.520777  1.164711  1.685489
193.0  0.526570  1.158296  1.684867
193.5  0.526348  1.161129  1.687477
194.0  0.518329  1.169234  1.687563
194.5  0.502695  1.185431  1.688126
195.0  0.481321  1.204878  1.686200
195.5  0.457166  1.228770  1.685936
196.0  0.433581  1.254678  1.688259
196.5  0.413614  1.275327  1.688941
197.0  0.399288  1.289765  1.689053
197.5  0.390981  1.298263  1.689244
198.0  0.387201  1.303304  1.690506
198.5  0.385002  1.305758  1.690760
199.0  0.381029  1.309916  1.690945
199.5  0.372848  1.317985  1.690834
200.0  0.360049  1.331110  1.691159
200.5  0.344588  1.345909  1.690497
201.0  0.330133  1.360194  1.690327
201.5  0.320579  1.369992  1.690571
202.0  0.318349  1.371543  1.689892
202.5  0.323365  1.366303  1.689668
203.0  0.333194  1.355598  1.688792
203.5  0.344234  1.344444  1.688677
204.0  0.353202  1.336258  1.689461
204.5  0.358177  1.331242  1.689419
205.0  0.358869  1.330291  1.689160
205.5  0.356317  1.333198  1.689515
206.0  0.352402  1.338959  1.691361
206.5  0.349415  1.343300  1.692715
207.0  0.349634  1.342886  1.692520
207.5  0.354808  1.338477  1.693285
208.0  0.365535  1.327186  1.692722
208.5  0.380823  1.310517  1.691340
209.0  0.398149  1.295041  1.693190
209.5  0.414201  1.278818  1.693019
210.0  0.426081  1.266157  1.692238
210.5  0.432503  1.260187  1.692690
211.0  0.434405  1.257601  1.692006
211.5  0.434600  1.256597  1.691196
212.0  0.436541  1.254837  1.691378
212.5  0.442744  1.250221  1.692965
213.0  0.453701  1.239141  1.692842
213.5  0.467821  1.223433  1.691254
214.0  0.482334  1.208336  1.690670
214.5  0.494545  1.196697  1.691242
215.0  0.502763  1.188512  1.691276
215.5  0.506601  1.183912  1.690513
216.0  0.506790  1.184009  1.690799
216.5  0.504812  1.186960  1.691772
217.0  0.502523  1.189131  1.691654
217.5  0.501746  1.189868  1.691614
218.0  0.503740  1.186701  1.690441
218.5  0.508648  1.182286  1.690934
219.0  0.515183  1.178321  1.693504
219.5  0.520844  1.174066  1.694910
220.0  0.522714  1.174330  1.697043
220.5  0.518558  1.181762  1.700320
221.0  0.507765  1.196207  1.703972
221.5  0.491638  1.215620  1.707258
222.0  0.472857  1.238115  1.710971
222.5  0.454282  1.259779  1.714062
223.0  0.437708  1.275553  1.713260
223.5  0.423217  1.289323  1.712540
224.0  0.409478  1.303750  1.713228
224.5  0.394705  1.319126  1.713831
225.0  0.377689  1.335880  1.713569
225.5  0.358338  1.354706  1.713045
226.0  0.337641  1.375927  1.713568
226.5  0.317285  1.398160  1.715444
227.0  0.299246  1.418318  1.717564
227.5  0.285472  1.435488  1.720960
228.0  0.277562  1.446663  1.724224
228.5  0.276360  1.452761  1.729121
229.0  0.281558  1.453039  1.734597
229.5  0.291581  1.447413  1.738994
230.0  0.304000  1.439188  1.743188
230.5  0.316433  1.430532  1.746965
231.0  0.327562  1.419761  1.747323
231.5  0.337764  1.409949  1.747714
232.0  0.348927  1.399028  1.747956
232.5  0.363434  1.381757  1.745191
233.0  0.382759  1.358165  1.740924
233.5  0.406439  1.328234  1.734673
234.0  0.432010  1.296535  1.728546
234.5  0.455970  1.268378  1.724348
235.0  0.475164  1.242534  1.717697
235.5  0.487864  1.223205  1.711069
236.0  0.494094  1.213479  1.707573
236.5  0.495265  1.209082  1.704347
237.0  0.493509  1.208616  1.702125
237.5  0.491052  1.210486  1.701538
238.0  0.489741  1.210302  1.700043
238.5  0.490638  1.207474  1.698112
239.0  0.493657  1.206183  1.699840
239.5  0.497367  1.204637  1.702004
240.0  0.499225  1.201204  1.700429
240.5  0.496373  1.202673  1.699046
241.0  0.486801  1.214725  1.701526
241.5  0.470394  1.231967  1.702361
242.0  0.449323  1.254147  1.703470
242.5  0.427432  1.275915  1.703347
243.0  0.408806  1.294132  1.702938
243.5  0.396142  1.306311  1.702453
244.0  0.389777  1.310811  1.700588
244.5  0.387874  1.312003  1.699877
245.0  0.387589  1.312064  1.699653
245.5  0.386490  1.313340  1.699830
246.0  0.383471  1.316342  1.699814
246.5  0.378864  1.322032  1.700895
247.0  0.373940  1.326350  1.700290
247.5  0.370271  1.329796  1.700067
248.0  0.369236  1.331561  1.700797
248.5  0.371753  1.329212  1.700965
249.0  0.378079  1.322347  1.700426
249.5  0.387600  1.312717  1.700318
250.0  0.398705  1.300352  1.699057
250.5  0.408974  1.290044  1.699018
251.0  0.415813  1.283601  1.699414
251.5  0.417400  1.280729  1.698129
252.0  0.413564  1.284473  1.698037
252.5  0.406095  1.292076  1.698171
253.0  0.398196  1.300740  1.698935
253.5  0.393166  1.308169  1.701335
254.0  0.392919  1.309647  1.702565
254.5  0.397120  1.306366  1.703486
255.0  0.403467  1.301383  1.704850
255.5  0.408905  1.300222  1.709126
256.0  0.411064  1.301989  1.713053
256.5  0.409142  1.305502  1.714644
257.0  0.403937  1.312245  1.716182
257.5  0.397256  1.323180  1.720436
258.0  0.391163  1.332707  1.723870
258.5  0.387423  1.335423  1.722846
259.0  0.387213  1.335863  1.723076
259.5  0.390964  1.334124  1.725089
260.0  0.398255  1.326045  1.724300
260.5  0.407795  1.313104  1.720899
261.0  0.417667  1.300912  1.718580
261.5  0.425921  1.291096  1.717017
262.0  0.431356  1.284475  1.715831
262.5  0.434189  1.279884  1.714073
263.0  0.436179  1.273973  1.710151
263.5  0.439986  1.269114  1.709100
264.0  0.447910  1.261775  1.709685
264.5  0.460579  1.247652  1.708231
265.0  0.476365  1.230558  1.706922
265.5  0.491907  1.216043  1.707951
266.0  0.503500  1.205103  1.708603
266.5  0.508549  1.203479  1.712028
267.0  0.506381  1.208786  1.715167
267.5  0.498149  1.216559  1.714708
268.0  0.486141  1.229420  1.715562
268.5  0.472967  1.242749  1.715716
269.0  0.460953  1.254716  1.715669
269.5  0.451778  1.263025  1.714803
270.0  0.446221  1.268495  1.714716
270.5  0.443952  1.268841  1.712794
271.0  0.443487  1.267051  1.710538
271.5  0.442512  1.265555  1.708068
272.0  0.438657  1.268066  1.706724
272.5  0.430509  1.273774  1.704283
273.0  0.418443  1.283986  1.702429
273.5  0.404773  1.296209  1.700982
274.0  0.392963  1.307597  1.700560
274.5  0.386106  1.314083  1.700190
275.0  0.385407  1.315427  1.700834
275.5  0.389504  1.309802  1.699307
276.0  0.395070  1.303851  1.698922
276.5  0.398337  1.300844  1.699180
277.0  0.396682  1.302999  1.699681
277.5  0.389492  1.309893  1.699385
278.0  0.378064  1.322239  1.700303
278.5  0.364877  1.335865  1.700741
279.0  0.352715  1.348031  1.700745
279.5  0.343989  1.356778  1.700767
280.0  0.340294  1.360400  1.700694
280.5  0.342109  1.360897  1.703005
281.0  0.348605  1.355925  1.704530
281.5  0.357711  1.347753  1.705464
282.0  0.366593  1.341256  1.707849
282.5  0.372562  1.337130  1.709692
283.0  0.374183  1.336620  1.710803
283.5  0.372098  1.343273  1.715371
284.0  0.369076  1.348477  1.717553
284.5  0.369037  1.348273  1.717311
285.0  0.375328  1.344047  1.719375
285.5  0.389050  1.332436  1.721486
286.0  0.408378  1.313620  1.721998
286.5  0.429292  1.289314  1.718606
287.0  0.447288  1.268606  1.715893
287.5  0.459110  1.258205  1.717315
288.0  0.463683  1.252176  1.715859
288.5  0.462023  1.249789  1.711811
289.0  0.456489  1.254549  1.711038
289.5  0.449886  1.261853  1.711739
290.0  0.444737  1.264241  1.708979
290.5  0.442780  1.264706  1.707487
291.0  0.444612  1.263565  1.708177
291.5  0.449470  1.258259  1.707729
292.0  0.455296  1.252062  1.707358
292.5  0.459224  1.249442  1.708665
293.0  0.458504  1.250178  1.708681
293.5  0.451609  1.258056  1.709666
294.0  0.439075  1.271431  1.710506
294.5  0.423582  1.287656  1.711239
295.0  0.409050  1.302218  1.711267
295.5  0.399006  1.311526  1.710532
296.0  0.395005  1.315401  1.710405
296.5  0.395988  1.314653  1.710641
297.0  0.398964  1.310998  1.709962
297.5  0.400576  1.307189  1.707764
298.0  0.398637  1.308447  1.707084
298.5  0.392873  1.312878  1.705751
299.0  0.384712  1.319826  1.704537
299.5  0.376500  1.329342  1.705841
300.0  0.370670  1.335421  1.706091
300.5  0.369171  1.335469  1.704640
301.0  0.373167  1.331645  1.704812
301.5  0.382872  1.321123  1.703996
302.0  0.397433  1.306578  1.704011
302.5  0.414941  1.289182  1.704123
303.0  0.432755  1.270954  1.703709
303.5  0.448169  1.255246  1.703416
304.0  0.459299  1.244970  1.704270
304.5  0.465806  1.238643  1.704448
305.0  0.469032  1.236338  1.705370
305.5  0.471337  1.233513  1.704851
306.0  0.474828  1.229164  1.703993
306.5  0.480132  1.225898  1.706030
307.0  0.485944  1.220174  1.706118
307.5  0.489644  1.216876  1.706520
308.0  0.488607  1.219110  1.707718
308.5  0.481423  1.226697  1.708120
309.0  0.468382  1.240580  1.708962
309.5  0.451150  1.259260  1.710410
310.0  0.432010  1.279622  1.711632
310.5  0.413178  1.298103  1.711281
311.0  0.396436  1.315167  1.711603
311.5  0.383034  1.330063  1.713097
312.0  0.373615  1.339917  1.713532
312.5  0.368080  1.343173  1.711253
313.0  0.365471  1.345878  1.711350
313.5  0.364133  1.348028  1.712161
314.0  0.362269  1.349237  1.711506
314.5  0.358781  1.350606  1.709386
315.0  0.353990  1.354520  1.708511
315.5  0.349789  1.358537  1.708326
316.0  0.348937  1.358717  1.707654
316.5  0.353730  1.354056  1.707786
317.0  0.364712  1.343510  1.708223
317.5  0.380211  1.327478  1.707689
318.0  0.397033  1.310784  1.707816
318.5  0.411930  1.295960  1.707890
319.0  0.422963  1.285426  1.708389
319.5  0.430048  1.277781  1.707829
320.0  0.434569  1.273196  1.707765
320.5  0.438473  1.270135  1.708608
321.0  0.443438  1.263370  1.706808
321.5  0.450458  1.254850  1.705308
322.0  0.459793  1.245159  1.704952
322.5  0.471038  1.233603  1.704640
323.0  0.483120  1.221142  1.704263
323.5  0.494291  1.208895  1.703187
324.0  0.502320  1.201318  1.703638
324.5  0.505061  1.197971  1.703033
325.0  0.501311  1.201727  1.703038
325.5  0.491559  1.213673  1.705232
326.0  0.478150  1.226642  1.704792
326.5  0.464538  1.239405  1.703943
327.0  0.453828  1.252224  1.706052
327.5  0.447316  1.259775  1.707091
328.0  0.443892  1.260777  1.704669
328.5  0.440701  1.263195  1.703896
329.0  0.434676  1.270990  1.705666
329.5  0.424028  1.281110  1.705138
330.0  0.408917  1.293722  1.702639
330.5  0.391130  1.313158  1.704289
331.0  0.373186  1.332904  1.706090
331.5  0.357443  1.346921  1.704364
332.0  0.345580  1.357738  1.703318
332.5  0.338444  1.365703  1.704147
333.0  0.336043  1.368814  1.704857
333.5  0.337540  1.366266  1.703806
334.0  0.341304  1.360674  1.701978
334.5  0.345192  1.356899  1.702090
335.0  0.347173  1.355084  1.702257
335.5  0.346164  1.354462  1.700626
336.0  0.342681  1.357049  1.699731
336.5  0.338860  1.361316  1.700176
337.0  0.337620  1.363281  1.700901
337.5  0.341261  1.358707  1.699967
338.0  0.350216  1.349570  1.699785
338.5  0.362735  1.337797  1.700532
339.0  0.375729  1.324775  1.700504
339.5  0.386281  1.315111  1.701392
340.0  0.392916  1.309289  1.702205
340.5  0.396000  1.307097  1.703097
341.0  0.397206  1.306687  1.703893
341.5  0.398560  1.306018  1.704578
342.0  0.401612  1.302959  1.704571
342.5  0.407072  1.297726  1.704798
343.0  0.414837  1.290512  1.705349
343.5  0.424175  1.280837  1.705012
344.0  0.433913  1.271428  1.705342
344.5  0.442637  1.263706  1.706343
345.0  0.449011  1.258260  1.707271
345.5  0.452271  1.254619  1.706890
346.0  0.452725  1.255073  1.707798
346.5  0.451981  1.257902  1.709884
347.0  0.452603  1.260548  1.713151
347.5  0.457144  1.255571  1.712715
348.0  0.466905  1.246947  1.713852
348.5  0.481075  1.236581  1.717656
349.0  0.496821  1.221975  1.718796
349.5  0.510390  1.207954  1.718344
350.0  0.518664  1.198379  1.717043
350.5  0.520334  1.196178  1.716513
351.0  0.516147  1.200327  1.716474
351.5  0.508253  1.208347  1.716601
352.0  0.499138  1.220207  1.719345
352.5  0.490701  1.225797  1.716498
353.0  0.483801  1.233214  1.717015
353.5  0.478252  1.238149  1.716401
354.0  0.473064  1.246006  1.719070
354.5  0.466756  1.248479  1.715235
355.0  0.457703  1.256259  1.713961
355.5  0.444584  1.270814  1.715398
356.0  0.426901  1.290988  1.717889
356.5  0.405431  1.311763  1.717194
357.0  0.382359  1.333710  1.716069
357.5  0.360855  1.355053  1.715907
358.0  0.344090  1.374437  1.718528
358.5  0.334048  1.383272  1.717320
359.0  0.330706  1.386533  1.717239
359.5  0.332111  1.383284  1.715395
360.0  0.335366  1.382457  1.717823
360.5  0.337998  1.377990  1.715988
361.0  0.338963  1.378697  1.717660
361.5  0.338820  1.377689  1.716509
362.0  0.339125  1.378527  1.717652
362.5  0.341525  1.373409  1.714934
363.0  0.347056  1.367241  1.714297
363.5  0.355883  1.359921  1.715804
364.0  0.367397  1.345446  1.712843
364.5  0.380449  1.332591  1.713040
365.0  0.393580  1.314470  1.708050
365.5  0.405271  1.306031  1.711303
366.0  0.414297  1.294959  1.709257
366.5  0.420167  1.291324  1.711491
367.0  0.423497  1.285069  1.708565
367.5  0.426053  1.284761  1.710814
368.0  0.430263  1.280999  1.711262
368.5  0.438243  1.273792  1.712035
369.0  0.450725  1.260621  1.711345
369.5  0.466457  1.244351  1.710809
370.0  0.482517  1.228855  1.711372
370.5  0.495449  1.215885  1.711334
371.0  0.502655  1.208606  1.711261
371.5  0.503307  1.210597  1.713903
372.0  0.498391  1.216124  1.714515
372.5  0.490041  1.226462  1.716503
373.0  0.480621  1.240577  1.721199
373.5  0.472014  1.253500  1.725514
374.0  0.465265  1.262698  1.727963
374.5  0.460507  1.268903  1.729410
375.0  0.457011  1.275712  1.732723
375.5  0.453335  1.281057  1.734391
376.0  0.447679  1.290569  1.738248
376.5  0.438482  1.301314  1.739796
377.0  0.425147  1.310493  1.735640
377.5  0.408587  1.324592  1.733179
378.0  0.391269  1.340749  1.732018
378.5  0.376542  1.350578  1.727119
379.0  0.367392  1.355643  1.723035
379.5  0.365144  1.355841  1.720985
380.0  0.368778  1.349972  1.718750
380.5  0.375314  1.339958  1.715272
381.0  0.381104  1.331180  1.712285
381.5  0.383340  1.329245  1.712585
382.0  0.381010  1.331903  1.712913
382.5  0.374956  1.337001  1.711957
383.0  0.367213  1.345247  1.712460
383.5  0.360124  1.352388  1.712512
384.0  0.355624  1.356430  1.712054
384.5  0.354834  1.356674  1.711508
385.0  0.357878  1.351692  1.709570
385.5  0.363845  1.343692  1.707537
386.0  0.370950  1.336085  1.707035
386.5  0.376992  1.328479  1.705471
387.0  0.380101  1.324766  1.704867
387.5  0.379575  1.324373  1.703948
388.0  0.376428  1.327158  1.703586
388.5  0.373295  1.331810  1.705105
389.0  0.373529  1.333902  1.707431
389.5  0.379739  1.328574  1.708313
390.0  0.392411  1.318371  1.710782
390.5  0.409411  1.306595  1.716006
391.0  0.426756  1.292976  1.719732
391.5  0.440307  1.282808  1.723115
392.0  0.447480  1.277713  1.725193
392.5  0.448124  1.280272  1.728396
393.0  0.444278  1.287422  1.731700
393.5  0.439151  1.293246  1.732397
394.0  0.435941  1.296217  1.732158
394.5  0.436948  1.294539  1.731488
395.0  0.443116  1.287441  1.730557
395.5  0.453903  1.278266  1.732169
396.0  0.467401  1.265221  1.732623
396.5  0.480731  1.251057  1.731788
397.0  0.490765  1.242730  1.733495
397.5  0.495111  1.243268  1.738379
398.0  0.493075  1.249073  1.742147
398.5  0.486164  1.260240  1.746404
399.0  0.477782  1.276149  1.753931
399.5  0.472009  1.289768  1.761777
400.0  0.471865  1.294221  1.766086
400.5  0.477832  1.291436  1.769268
401.0  0.487454  1.284355  1.771810
401.5  0.496330  1.277316  1.773646
402.0  0.499983  1.272880  1.772862
402.5  0.495634  1.273313  1.768948
403.0  0.483050  1.279285  1.762335
403.5  0.464254  1.291356  1.755611
404.0  0.442509  1.308858  1.751367
404.5  0.421179  1.324351  1.745529
405.0  0.402880  1.334197  1.737077
405.5  0.389036  1.342637  1.731673
406.0  0.379715  1.348076  1.727790
406.5  0.373709  1.349878  1.723588
407.0  0.368872  1.352348  1.721220
407.5  0.362785  1.358418  1.721203
408.0  0.353681  1.368318  1.721999
408.5  0.341350  1.380158  1.721508
409.0  0.327618  1.393256  1.720874
409.5  0.316028  1.405440  1.721468
410.0  0.310652  1.409877  1.720529
410.5  0.314379  1.401995  1.716374
411.0  0.327459  1.385851  1.713311
411.5  0.347111  1.363818  1.710929
412.0  0.368507  1.339416  1.707923
412.5  0.386680  1.319092  1.705772
413.0  0.398355  1.306328  1.704683
413.5  0.402872  1.303179  1.706052
414.0  0.401963  1.306973  1.708936
414.5  0.398751  1.312261  1.711012
415.0  0.396588  1.318795  1.715382
415.5  0.398133  1.324778  1.722911
416.0  0.404779  1.325560  1.730339
416.5  0.416369  1.317980  1.734350
417.0  0.431186  1.308056  1.739241
417.5  0.446294  1.299807  1.746101
418.0  0.458322  1.293584  1.751906
418.5  0.464549  1.287068  1.751616
419.0  0.463988  1.287836  1.751824
419.5  0.458001  1.296461  1.754462
420.0  0.450044  1.306537  1.756581
420.5  0.444466  1.312266  1.756732
421.0  0.444703  1.310426  1.755130
421.5  0.451673  1.301303  1.752976
422.0  0.463237  1.289394  1.752631
422.5  0.475097  1.278154  1.753251
423.0  0.482679  1.274249  1.756929
423.5  0.482986  1.277266  1.760253
424.0  0.475537  1.287616  1.763153
424.5  0.462160  1.307093  1.769254
425.0  0.446035  1.332231  1.778267
425.5  0.430571  1.353328  1.783900
426.0  0.418527  1.368643  1.787171
426.5  0.411433  1.379586  1.791019
427.0  0.409264  1.383899  1.793163
427.5  0.410370  1.381538  1.791909
428.0  0.411791  1.375375  1.787166
428.5  0.410055  1.371347  1.781402
429.0  0.402351  1.371474  1.773826
429.5  0.387731  1.376384  1.764115
430.0  0.367839  1.386483  1.754322
430.5  0.346717  1.400122  1.746839
431.0  0.329531  1.410909  1.740440
431.5  0.320585  1.415691  1.736276
432.0  0.321515  1.412791  1.734306
432.5  0.330611  1.401687  1.732298
433.0  0.343699  1.387372  1.731071
433.5  0.356086  1.376286  1.732372
434.0  0.364492  1.368069  1.732561
434.5  0.368066  1.364319  1.732385
435.0  0.368245  1.364806  1.733051
435.5  0.367861  1.365990  1.733851
436.0  0.370062  1.361765  1.731826
436.5  0.377399  1.352079  1.729477
437.0  0.391174  1.335521  1.726695
437.5  0.411023  1.312833  1.723857
438.0  0.434821  1.289149  1.723969
438.5  0.459049  1.265583  1.724632
439.0  0.479690  1.243835  1.723525
439.5  0.493443  1.229196  1.722639
440.0  0.498881  1.227337  1.726218
440.5  0.497052  1.235867  1.732919
441.0  0.491177  1.250079  1.741256
441.5  0.485389  1.263604  1.748992
442.0  0.482938  1.273213  1.756151
442.5  0.484695  1.280387  1.765082
443.0  0.488766  1.285113  1.773880
443.5  0.491473  1.289332  1.780806
444.0  0.489159  1.297053  1.786213
444.5  0.479822  1.311710  1.791532
445.0  0.463823  1.330994  1.794817
445.5  0.443548  1.349813  1.793361
446.0  0.422441  1.370769  1.793210
446.5  0.403938  1.388946  1.792884
447.0  0.390625  1.401620  1.792245
447.5  0.383694  1.406854  1.790548
448.0  0.382708  1.406946  1.789654
448.5  0.385724  1.404794  1.790517
449.0  0.389862  1.402328  1.792190
449.5  0.392261  1.402940  1.795201
450.0  0.391153  1.406750  1.797903
450.5  0.386675  1.417078  1.803753
451.0  0.381029  1.427237  1.808266
451.5  0.377773  1.435016  1.812789
452.0  0.380381  1.435592  1.815974
452.5  0.390604  1.425867  1.816471
453.0  0.407427  1.407465  1.814892
453.5  0.427241  1.383260  1.810502
454.0  0.445233  1.359839  1.805072
454.5  0.457272  1.340705  1.797978
455.0  0.461373  1.327335  1.788708
455.5  0.458105  1.320741  1.778846
456.0  0.449994  1.321924  1.771918
456.5  0.440417  1.325860  1.766277
457.0  0.432504  1.327586  1.760090
457.5  0.428357  1.327685  1.756042
458.0  0.428620  1.325296  1.753917
458.5  0.432364  1.322078  1.754442
459.0  0.437311  1.318408  1.755719
459.5  0.440442  1.316794  1.757237
460.0  0.438931  1.319086  1.758017
460.5  0.431175  1.326232  1.757408
461.0  0.417579  1.340628  1.758207
461.5  0.400712  1.358036  1.758748
462.0  0.384643  1.372494  1.757138
462.5  0.373539  1.380008  1.753546
463.0  0.370012  1.379809  1.749821
463.5  0.374017  1.375587  1.749604
464.0  0.382892  1.367769  1.750661
464.5  0.392586  1.355170  1.747756
465.0  0.399416  1.346844  1.746260
465.5  0.401438  1.349464  1.750903
466.0  0.398872  1.357348  1.756220
466.5  0.393612  1.367684  1.761296
467.0  0.388290  1.378287  1.766578
467.5  0.385377  1.388583  1.773960
468.0  0.386535  1.395374  1.781909
468.5  0.392235  1.396858  1.789093
469.0  0.401601  1.392337  1.793938
469.5  0.412522  1.385773  1.798296
470.0  0.422143  1.379689  1.801831
470.5  0.427704  1.374596  1.802300
471.0  0.427532  1.374733  1.802264
471.5  0.421802  1.380138  1.801940
472.0  0.412723  1.387151  1.799875
472.5  0.403901  1.394098  1.797999
473.0  0.398990  1.397793  1.796784
473.5  0.400127  1.396675  1.796801
474.0  0.406899  1.390603  1.797502
474.5  0.416466  1.381571  1.798036
475.0  0.424812  1.374607  1.799419
475.5  0.428497  1.373532  1.802029
476.0  0.425980  1.378983  1.804963
476.5  0.417992  1.389737  1.807729
477.0  0.407004  1.403576  1.810579
477.5  0.396244  1.413809  1.810053
478.0  0.388722  1.418912  1.807634
478.5  0.386490  1.419090  1.805580
479.0  0.390191  1.412251  1.802442
479.5  0.398901  1.398334  1.797235
480.0  0.410336  1.381344  1.791680
480.5  0.421470  1.366095  1.787566
481.0  0.429470  1.353847  1.783317
481.5  0.432691  1.347753  1.780444
482.0  0.431379  1.346044  1.777423
482.5  0.427763  1.347659  1.775422
483.0  0.425343  1.349375  1.774718
483.5  0.427518  1.348079  1.775597
484.0  0.436025  1.340095  1.776121
484.5  0.449968  1.326108  1.776076
485.0  0.465991  1.309803  1.775793
485.5  0.479608  1.297509  1.777117
486.0  0.486977  1.289722  1.776698
486.5  0.486239  1.289371  1.775610
487.0  0.477902  1.297472  1.775373
487.5  0.464317  1.311617  1.775934
488.0  0.448706  1.326410  1.775116
488.5  0.434157  1.339302  1.773459
489.0  0.422844  1.350112  1.772956
489.5  0.415535  1.357568  1.773103
490.0  0.411462  1.361846  1.773309
490.5  0.408609  1.365344  1.773953
491.0  0.404437  1.372184  1.776621
491.5  0.396881  1.381150  1.778031
492.0  0.385308  1.395674  1.780981
492.5  0.371066  1.414463  1.785529
493.0  0.357336  1.431172  1.788508
493.5  0.348171  1.443795  1.791966
494.0  0.346969  1.447023  1.793992
494.5  0.354973  1.440306  1.795279
495.0  0.370568  1.424749  1.795317
495.5  0.389822  1.405662  1.795484
496.0  0.408070  1.387319  1.795389
496.5  0.421714  1.374178  1.795892
497.0  0.429380  1.368091  1.797471
497.5  0.432018  1.366487  1.798506
498.0  0.432153  1.368045  1.800198
498.5  0.432753  1.369173  1.801926
499.0  0.436181  1.367413  1.803594
499.5  0.443462  1.363086  1.806548
500.0  0.453931  1.354449  1.808380
500.5  0.465328  1.345761  1.811089
501.0  0.474373  1.338423  1.812797
501.5  0.477752  1.335432  1.813184
502.0  0.473281  1.339338  1.812619
502.5  0.460861  1.351943  1.812804
503.0  0.442820  1.371383  1.814203
503.5  0.423387  1.389810  1.813197
504.0  0.407332  1.407098  1.814430
504.5  0.398219  1.417304  1.815523
505.0  0.396996  1.417863  1.814859
505.5  0.401662  1.410269  1.811931
506.0  0.408225  1.405231  1.813456
506.5  0.412501  1.402634  1.815135
507.0  0.411849  1.400806  1.812656
507.5  0.406064  1.406497  1.812561
508.0  0.397203  1.417792  1.814996
508.5  0.388641  1.425703  1.814344
509.0  0.383872  1.430052  1.813924
509.5  0.385462  1.429191  1.814653
510.0  0.394345  1.420197  1.814542
510.5  0.409517  1.403157  1.812674
511.0  0.428167  1.379777  1.807944
511.5  0.446286  1.358644  1.804929
512.0  0.459702  1.343931  1.803633
512.5  0.465311  1.336070  1.801381
513.0  0.462113  1.336625  1.798738
513.5  0.451646  1.345739  1.797385
514.0  0.437532  1.358835  1.796367
514.5  0.424168  1.372394  1.796561
515.0  0.414981  1.383096  1.798077
515.5  0.411013  1.385119  1.796131
516.0  0.410541  1.386831  1.797371
516.5  0.409989  1.388716  1.798705
517.0  0.405656  1.395814  1.801470
517.5  0.395366  1.406263  1.801629
518.0  0.379283  1.420437  1.799720
518.5  0.359684  1.439977  1.799661
519.0  0.340040  1.460600  1.800640
519.5  0.323921  1.475694  1.799615
520.0  0.314116  1.485357  1.799473
520.5  0.312079  1.487559  1.799638
521.0  0.317694  1.481935  1.799629
521.5  0.329328  1.471744  1.801072
522.0  0.344257  1.459154  1.803411
522.5  0.359445  1.446480  1.805925
523.0  0.372554  1.436458  1.809013
523.5  0.382831  1.427424  1.810255
524.0  0.391487  1.420792  1.812279
524.5  0.401280  1.415520  1.816800
525.0  0.415302  1.404345  1.819647
525.5  0.435421  1.387322  1.822744
526.0  0.461117  1.362483  1.823600
526.5  0.489362  1.335213  1.824575
527.0  0.515707  1.309680  1.825387
527.5  0.536002  1.289097  1.825099
528.0  0.547860  1.275461  1.823322
528.5  0.551189  1.269984  1.821173
529.0  0.547734  1.273527  1.821261
529.5  0.540093  1.283533  1.823627
530.0  0.530743  1.294945  1.825687
530.5  0.521393  1.305329  1.826722
531.0  0.512681  1.316358  1.829039
531.5  0.504095  1.327200  1.831295
532.0  0.494109  1.339934  1.834043
532.5  0.480626  1.356902  1.837528
533.0  0.461769  1.378420  1.840190
533.5  0.436870  1.402565  1.839435
534.0  0.407269  1.430903  1.838172
534.5  0.376462  1.460495  1.836957
535.0  0.349314  1.484512  1.833826
535.5  0.330461  1.496311  1.826772
536.0  0.322515  1.498344  1.820859
536.5  0.324955  1.488574  1.813529
537.0  0.334362  1.471822  1.806184
537.5  0.345950  1.453051  1.799001
538.0  0.355603  1.438148  1.793751
538.5  0.361364  1.429178  1.790542
539.0  0.363755  1.423734  1.787489
539.5  0.365002  1.421056  1.786058
540.0  0.367766  1.417717  1.785483
540.5  0.374054  1.414146  1.788200
541.0  0.384612  1.406000  1.790612
541.5  0.398784  1.392836  1.791620
542.0  0.414645  1.377356  1.792001
542.5  0.429352  1.362190  1.791542
543.0  0.439734  1.349340  1.789074
543.5  0.443173  1.343095  1.786268
544.0  0.438592  1.344150  1.782742
544.5  0.427168  1.352591  1.779759
545.0  0.412338  1.364952  1.777291
545.5  0.398860  1.376684  1.775544
546.0  0.391108  1.385508  1.776616
546.5  0.391304  1.387273  1.778578
547.0  0.398574  1.384032  1.782606
547.5  0.409407  1.378946  1.788354
548.0  0.419363  1.377282  1.796645
548.5  0.425130  1.382327  1.807457
549.0  0.425876  1.394096  1.819972
549.5  0.423319  1.408438  1.831756
550.0  0.420678  1.420319  1.840997
550.5  0.421221  1.428437  1.849657
551.0  0.427086  1.430498  1.857584
551.5  0.438751  1.423550  1.862300
552.0  0.455028  1.409684  1.864712
552.5  0.473396  1.390660  1.864055
553.0  0.490489  1.371550  1.862039
553.5  0.502786  1.361994  1.864780
554.0  0.507505  1.354980  1.862486
554.5  0.503551  1.359936  1.863487
555.0  0.492145  1.368887  1.861032
555.5  0.476710  1.384279  1.860988
556.0  0.461779  1.402098  1.863877
556.5  0.451212  1.410266  1.861478
557.0  0.446464  1.418773  1.865237
557.5  0.445835  1.414420  1.860254
558.0  0.445226  1.419582  1.864808
558.5  0.440084  1.422234  1.862318
559.0  0.427528  1.432829  1.860357
559.5  0.407591  1.455731  1.863321
560.0  0.383032  1.474377  1.857409
560.5  0.358037  1.509900  1.867938
561.0  0.336587  1.517445  1.854032
561.5  0.321279  1.548587  1.869866
562.0  0.312923  1.540376  1.853299
562.5  0.310735  1.557506  1.868241
563.0  0.312805  1.544205  1.857010
563.5  0.316603  1.549707  1.866310
564.0  0.319559  1.542438  1.861997
564.5  0.319762  1.544139  1.863901
565.0  0.316724  1.551337  1.868061
565.5  0.311890  1.552420  1.864310
566.0  0.308516  1.560070  1.868586
566.5  0.310679  1.554584  1.865262
567.0  0.321636  1.548415  1.870051
567.5  0.342216  1.525097  1.867313
568.0  0.370096  1.496938  1.867034
568.5  0.400492  1.467031  1.867523
569.0  0.428007  1.439575  1.867582
569.5  0.448729  1.420844  1.869573
570.0  0.461512  1.403883  1.865395
570.5  0.467917  1.400535  1.868452
571.0  0.471041  1.399641  1.870682
571.5  0.474013  1.395000  1.869013
572.0  0.478880  1.392802  1.871682
572.5  0.486198  1.376678  1.862876
573.0  0.495194  1.379620  1.874813
573.5  0.504155  1.358437  1.862592
574.0  0.510873  1.367799  1.878672
574.5  0.513142  1.347755  1.860897
575.0  0.509385  1.366230  1.875615
575.5  0.499314  1.363209  1.862523
576.0  0.484392  1.390914  1.875306
576.5  0.467739  1.399715  1.867454
577.0  0.453292  1.417735  1.871026
577.5  0.444392  1.422237  1.866629
578.0  0.442343  1.425423  1.867766
578.5  0.445723  1.425154  1.870877
579.0  0.450940  1.413165  1.864105
579.5  0.453862  1.414380  1.868242
580.0  0.451687  1.413915  1.865602
580.5  0.444062  1.423033  1.867095
581.0  0.432937  1.432475  1.865412
581.5  0.421418  1.442168  1.863586
582.0  0.412361  1.455690  1.868050
582.5  0.407413  1.456049  1.863462
583.0  0.406749  1.461797  1.868546
583.5  0.409304  1.453608  1.862913
584.0  0.413185  1.454816  1.868001
584.5  0.416072  1.450547  1.866619
585.0  0.415682  1.446659  1.862341
585.5  0.410357  1.460151  1.870508
586.0  0.399729  1.459399  1.859129
586.5  0.385200  1.488207  1.873407
587.0  0.369871  1.487286  1.857157
587.5  0.357716  1.516795  1.874511
588.0  0.352103  1.505224  1.857327
588.5  0.354256  1.518034  1.872291
589.0  0.362493  1.498014  1.860508
589.5  0.372824  1.495905  1.868729
590.0  0.380747  1.484899  1.865646
590.5  0.383311  1.482010  1.865321
591.0  0.380334  1.489123  1.869458
591.5  0.374216  1.489961  1.864177
592.0  0.368642  1.503048  1.871690
592.5  0.366996  1.498491  1.865487
593.0  0.371245  1.501465  1.872710
593.5  0.381582  1.486913  1.868496
594.0  0.396658  1.474401  1.871059
594.5  0.414065  1.456947  1.871012
595.0  0.430902  1.437394  1.868296
595.5  0.444386  1.426626  1.871011
596.0  0.452544  1.414612  1.867156
596.5  0.454888  1.416773  1.871661
597.0  0.452801  1.417108  1.869909
597.5  0.449319  1.419979  1.869298
598.0  0.448164  1.423731  1.871896
598.5  0.452218  1.413449  1.865667
599.0  0.462055  1.415548  1.877602
599.5  0.475353  1.386952  1.862305
600.0  0.487677  1.389576  1.877253
600.5  0.494368  1.364262  1.858630
601.0  0.492567  1.386131  1.878698
601.5  0.482324  1.379248  1.861572
602.0  0.466304  1.409450  1.875755
602.5  0.448452  1.414606  1.863058
603.0  0.432419  1.440330  1.872749
603.5  0.420477  1.448196  1.868673
604.0  0.413171  1.456657  1.869828
604.5  0.409554  1.462265  1.871818
605.0  0.407692  1.460909  1.868601
605.5  0.405261  1.468311  1.873572
606.0  0.400187  1.468283  1.868470
606.5  0.391308  1.481312  1.872619
607.0  0.378922  1.490325  1.869247
607.5  0.365006  1.503816  1.868822
608.0  0.352856  1.517935  1.870791
608.5  0.346108  1.521753  1.867861
609.0  0.347332  1.524379  1.871711
609.5  0.356774  1.509361  1.866135
610.0  0.371910  1.497572  1.869483
610.5  0.388254  1.480805  1.869060
611.0  0.401136  1.467380  1.868516
611.5  0.407599  1.465590  1.873189
612.0  0.407423  1.456610  1.864033
612.5  0.402847  1.474045  1.876892
613.0  0.397280  1.464237  1.861517
613.5  0.393807  1.484919  1.878726
614.0  0.394141  1.466614  1.860755
614.5  0.398323  1.476898  1.875221
615.0  0.404995  1.458520  1.863514
615.5  0.411960  1.460649  1.872609
616.0  0.416806  1.450249  1.867055
616.5  0.417534  1.449089  1.866622
617.0  0.413134  1.457246  1.870380
617.5  0.404037  1.464449  1.868486
618.0  0.392242  1.481773  1.874014
618.5  0.380958  1.485587  1.866545
619.0  0.373720  1.497227  1.870946
619.5  0.373139  1.496963  1.870102
620.0  0.379781  1.494124  1.873905
620.5  0.391772  1.480483  1.872255
621.0  0.405521  1.462872  1.868394
621.5  0.417332  1.454301  1.871633
622.0  0.425079  1.444730  1.869809
622.5  0.429050  1.443777  1.872827
623.0  0.431557  1.438091  1.869648
623.5  0.435680  1.431111  1.866790
624.0  0.443885  1.428495  1.872380
624.5  0.457148  1.408783  1.865931
625.0  0.474777  1.401053  1.875830
625.5  0.494734  1.366071  1.860806
626.0  0.514200  1.362042  1.876241
626.5  0.530189  1.329729  1.859918
627.0  0.540187  1.337190  1.877377
627.5  0.542744  1.318865  1.861609
628.0  0.537890  1.335576  1.873466
628.5  0.527209  1.337264  1.864473
629.0  0.513440  1.357056  1.870496
629.5  0.499600  1.366697  1.866296
630.0  0.487826  1.379719  1.867546
630.5  0.478388  1.391482  1.869870
631.0  0.469422  1.395248  1.864670
631.5  0.457739  1.409563  1.867301
632.0  0.440442  1.424923  1.865365
632.5  0.416530  1.452101  1.868631
633.0  0.387593  1.479218  1.866811
633.5  0.357290  1.508105  1.865395
634.0  0.329976  1.540442  1.870418
634.5  0.309259  1.557482  1.866740
635.0  0.297072  1.571885  1.868957
635.5  0.293458  1.570918  1.864375
636.0  0.296884  1.570670  1.867554
636.5  0.304846  1.564049  1.868895
637.0  0.314595  1.550470  1.865065
637.5  0.323897  1.545252  1.869149
638.0  0.331682  1.529607  1.861289
638.5  0.338388  1.536163  1.874552
639.0  0.345824  1.515610  1.861434
639.5  0.356503  1.516071  1.872574
640.0  0.372583  1.488537  1.861120
640.5  0.394716  1.477875  1.872591
641.0  0.421292  1.442195  1.863487
641.5  0.448545  1.421254  1.869799
642.0  0.471716  1.396453  1.868169
642.5  0.486862  1.380330  1.867192
643.0  0.492437  1.377983  1.870419
643.5  0.489825  1.378728  1.868553
644.0  0.482598  1.392549  1.875147
644.5  0.474958  1.394599  1.869557
645.0  0.470156  1.402657  1.872813
645.5  0.469503  1.402527  1.872030
646.0  0.472163  1.403356  1.875519
646.5  0.475583  1.399997  1.875580
647.0  0.476342  1.396578  1.872920
647.5  0.471193  1.403464  1.874657
648.0  0.458127  1.416236  1.874362
648.5  0.437193  1.437812  1.875005
649.0  0.410791  1.462681  1.873472
649.5  0.383216  1.489681  1.872897
650.0  0.359489  1.517712  1.877201
650.5  0.343769  1.527496  1.871265
651.0  0.337885  1.540702  1.878587
651.5  0.340610  1.530186  1.870797
652.0  0.348120  1.530336  1.878455
652.5  0.355579  1.514640  1.870219
653.0  0.359229  1.517795  1.877024
653.5  0.357964  1.513730  1.871694
654.0  0.353659  1.522770  1.876429
654.5  0.350173  1.524602  1.874775
655.0  0.351627  1.523425  1.875052
655.5  0.360787  1.516297  1.877084
656.0  0.378136  1.495873  1.874009
656.5  0.401778  1.475874  1.877652
657.0  0.428010  1.447095  1.875104
657.5  0.452289  1.427008  1.879297
658.0  0.470394  1.405373  1.875766
658.5  0.479569  1.397227  1.876795
659.0  0.479370  1.398115  1.877485
659.5  0.471905  1.405867  1.877772
660.0  0.461242  1.415761  1.877003
660.5  0.452068  1.424962  1.877030
661.0  0.447996  1.430518  1.878514
661.5  0.450173  1.428883  1.879056
662.0  0.456795  1.419542  1.876337
662.5  0.463856  1.415633  1.879490
663.0  0.466875  1.407741  1.874616
663.5  0.462866  1.415804  1.878670
664.0  0.451625  1.422070  1.873695
664.5  0.435760  1.444069  1.879829
665.0  0.419542  1.455382  1.874924
665.5  0.407210  1.470416  1.877626
666.0  0.401494  1.471747  1.873241
666.5  0.402861  1.474407  1.877267
667.0  0.409549  1.467306  1.876855
667.5  0.418224  1.454874  1.873098
668.0  0.424988  1.448360  1.873348
668.5  0.426515  1.447588  1.874103
669.0  0.421087  1.455602  1.876689
669.5  0.409232  1.463165  1.872397
670.0  0.393713  1.479648  1.873361
670.5  0.378747  1.495033  1.873781
671.0  0.368630  1.506811  1.875441
671.5  0.366203  1.508680  1.874883
672.0  0.371747  1.500828  1.872574
672.5  0.382787  1.489722  1.872509
673.0  0.394996  1.479299  1.874295
673.5  0.403915  1.470929  1.874844
674.0  0.406785  1.469506  1.876291
674.5  0.403636  1.470229  1.873865
675.0  0.397157  1.478353  1.875510
675.5  0.391466  1.483153  1.874618
676.0  0.390422  1.487269  1.877691
676.5  0.396240  1.478980  1.875220
677.0  0.408844  1.467857  1.876701
677.5  0.426025  1.449128  1.875154
678.0  0.444186  1.434426  1.878612
678.5  0.459393  1.416571  1.875964
679.0  0.468514  1.407258  1.875771
679.5  0.470169  1.406203  1.876372
680.0  0.465248  1.409732  1.874980
680.5  0.456741  1.418452  1.875193
681.0  0.448840  1.426548  1.875388
681.5  0.445533  1.430735  1.876268
682.0  0.449141  1.427584  1.876725
682.5  0.459324  1.417349  1.876672
683.0  0.473012  1.404335  1.877347
683.5  0.485405  1.392042  1.877446
684.0  0.491761  1.386869  1.878630
684.5  0.489277  1.388390  1.877667
685.0  0.478184  1.398317  1.876501
685.5  0.461582  1.414538  1.876120
686.0  0.444125  1.432011  1.876135
686.5  0.430235  1.446329  1.876564
687.0  0.422609  1.453386  1.875995
687.5  0.421486  1.452887  1.874373
688.0  0.424761  1.451058  1.875819
688.5  0.428758  1.447304  1.876062
689.0  0.429391  1.444865  1.874256
689.5  0.423436  1.448782  1.872219
690.0  0.409626  1.465490  1.875116
690.5  0.389251  1.484631  1.873882
691.0  0.365992  1.508646  1.874638
691.5  0.344917  1.530073  1.874990
692.0  0.330844  1.544491  1.875335
692.5  0.326591  1.548919  1.875511
693.0  0.331807  1.540874  1.872681
693.5  0.342926  1.533597  1.876522
694.0  0.354428  1.518888  1.873316
694.5  0.360965  1.514230  1.875195
695.0  0.359459  1.511933  1.871392
695.5  0.350252  1.526143  1.876395
696.0  0.336834  1.536291  1.873125
696.5  0.324389  1.550841  1.875230
697.0  0.317855  1.559137  1.876993
697.5  0.320302  1.556311  1.876614
698.0  0.332100  1.544315  1.876415
698.5  0.350980  1.524100  1.875079
699.0  0.372814  1.503770  1.876583
699.5  0.392852  1.485024  1.877876
700.0  0.407113  1.469475  1.876587
700.5  0.413611  1.464472  1.878083
701.0  0.413079  1.463863  1.876942
701.5  0.408869  1.472195  1.881064
702.0  0.405914  1.473178  1.879092
702.5  0.408975  1.471751  1.880726
703.0  0.420741  1.459366  1.880107
703.5  0.440565  1.439774  1.880339
704.0  0.464457  1.418187  1.882644
704.5  0.486469  1.390950  1.877418
705.0  0.500964  1.382207  1.883172
705.5  0.504793  1.370088  1.874881
706.0  0.498436  1.385115  1.883551
706.5  0.485681  1.389261  1.874941
707.0  0.472067  1.412523  1.884590
707.5  0.462811  1.413347  1.876157
708.0  0.461036  1.421993  1.883029
708.5  0.466888  1.412428  1.879316
709.0  0.477685  1.403675  1.881360
709.5  0.488936  1.390820  1.879757
710.0  0.495841  1.383664  1.879505
710.5  0.494822  1.386671  1.881493
711.0  0.484700  1.395921  1.880621
711.5  0.467161  1.416864  1.884025
712.0  0.446349  1.437098  1.883447
712.5  0.427598  1.456728  1.884327
713.0  0.415648  1.467653  1.883301
713.5  0.412922  1.466637  1.879559
714.0  0.418541  1.467490  1.886031
714.5  0.428545  1.451026  1.879571
715.0  0.437331  1.444392  1.881723
715.5  0.439772  1.438783  1.878555
716.0  0.433138  1.449442  1.882580
716.5  0.418033  1.464112  1.882145
717.0  0.398004  1.480130  1.878134
717.5  0.378105  1.506057  1.884162
718.0  0.363053  1.511759  1.874812
718.5  0.355685  1.531505  1.887190
719.0  0.356187  1.516953  1.873139
719.5  0.362214  1.522963  1.885177
720.0  0.369775  1.503553  1.873328
720.5  0.374580  1.510194  1.884775
721.0  0.373463  1.503201  1.876664
721.5  0.365500  1.516522  1.882022
722.0  0.352457  1.527773  1.880230
722.5  0.338377  1.542582  1.880959
723.0  0.328323  1.554673  1.882996
723.5  0.326656  1.553115  1.879772
724.0  0.335411  1.549568  1.884978
724.5  0.353421  1.530471  1.883892
725.0  0.376630  1.508908  1.885539
725.5  0.399549  1.484640  1.884189
726.0  0.417328  1.464193  1.881521
726.5  0.427566  1.460484  1.888050
727.0  0.431092  1.454794  1.885886
727.5  0.431441  1.458733  1.890175
728.0  0.433339  1.452038  1.885377
728.5  0.440862  1.446681  1.887542
729.0  0.455969  1.431346  1.887315
729.5  0.477826  1.406355  1.884181
730.0  0.503029  1.389708  1.892737
730.5  0.526589  1.352598  1.879187
731.0  0.543356  1.349388  1.892744
731.5  0.549533  1.329377  1.878910
732.0  0.543827  1.351619  1.895446
732.5  0.527899  1.352390  1.880289
733.0  0.505884  1.360239  1.866123
733.5  0.483076  1.370489  1.853565
734.0  0.464179  1.384801  1.848980
734.5  0.451736  1.393135  1.844871
735.0  0.445330  1.398794  1.844124
735.5  0.441912  1.405873  1.847785
736.0  0.437171  1.412188  1.849359
736.5  0.427424  1.422986  1.850410
737.0  0.411241  1.443361  1.854601
737.5  0.390121  1.469697  1.859819
738.0  0.367995  1.490160  1.858155
738.5  0.349812  1.503540  1.853352
739.0  0.339832  1.510994  1.850826
739.5  0.340219  1.506960  1.847179
740.0  0.350358  1.490816  1.841175
740.5  0.367021  1.469105  1.836126
741.0  0.385301  1.448522  1.833823
741.5  0.400045  1.434904  1.834950
742.0  0.407400  1.431357  1.838757
742.5  0.405995  1.441894  1.847889
743.0  0.397363  1.461813  1.859176
743.5  0.385387  1.489731  1.875118
744.0  0.374874  1.516406  1.891281
744.5  0.369756  1.540168  1.909924
745.0  0.371546  1.557571  1.929118
745.5  0.378696  1.565566  1.944262
746.0  0.387151  1.565760  1.952911
746.5  0.391943  1.567333  1.959275
747.0  0.389195  1.572408  1.961603
747.5  0.377729  1.582315  1.960044
748.0  0.359598  1.596516  1.956114
748.5  0.339404  1.610377  1.949781
749.0  0.322722  1.620896  1.943618
749.5  0.314276  1.623713  1.937989
750.0  0.316514  1.614306  1.930820
750.5  0.328979  1.597860  1.926839
751.0  0.348578  1.577143  1.925721
751.5  0.370633  1.554570  1.925202
752.0  0.390392  1.537317  1.927709
752.5  0.404588  1.528346  1.932934
753.0  0.412574  1.523965  1.936539
753.5  0.416615  1.523820  1.940435
754.0  0.421099  1.521554  1.942653
754.5  0.430856  1.511320  1.942176
755.0  0.449154  1.487786  1.936941
755.5  0.476197  1.449483  1.925680
756.0  0.508776  1.406001  1.914777
756.5  0.541257  1.359399  1.900656
757.0  0.567484  1.314305  1.881789
757.5  0.582838  1.276368  1.859206
758.0  0.585651  1.256836  1.842487
758.5  0.577521  1.251262  1.828783
759.0  0.562516  1.254529  1.817045
759.5  0.545668  1.258624  1.804291
760.0  0.531302  1.266369  1.797670
760.5  0.521719  1.271378  1.793098
761.0  0.516581  1.272093  1.788674
761.5  0.513125  1.276012  1.789137
762.0  0.507157  1.286098  1.793254
762.5  0.494561  1.303327  1.797888
763.0  0.472897  1.324762  1.797659
763.5  0.442560  1.355341  1.797901
764.0  0.406996  1.391849  1.798846
764.5  0.371763  1.424880  1.796643
765.0  0.342650  1.450717  1.793367
765.5  0.323594  1.464797  1.788390
766.0  0.315281  1.465262  1.780543
766.5  0.315076  1.460900  1.775976
767.0  0.318270  1.453355  1.771625
767.5  0.320065  1.451301  1.771366
768.0  0.317414  1.456720  1.774134
768.5  0.310031  1.469551  1.779582
769.0  0.300267  1.489902  1.790169
769.5  0.292060  1.513504  1.805564
770.0  0.289446  1.532251  1.821697
770.5  0.295164  1.542747  1.837911
771.0  0.309761  1.543877  1.853638
771.5  0.331382  1.536937  1.868320
772.0  0.356257  1.519480  1.875737
772.5  0.379761  1.500914  1.880675
773.0  0.397819  1.487887  1.885706
773.5  0.408270  1.478348  1.886618
774.0  0.411719  1.470560  1.882278
774.5  0.411457  1.465175  1.876632
775.0  0.412330  1.459092  1.871422
775.5  0.418853  1.448182  1.867035
776.0  0.433349  1.429665  1.863014
776.5  0.454909  1.404522  1.859431
777.0  0.479661  1.378612  1.858273
777.5  0.502202  1.360411  1.862613
778.0  0.517580  1.349023  1.866604
778.5  0.523000  1.350319  1.873319
779.0  0.518647  1.361440  1.880087
779.5  0.507415  1.379324  1.886739
780.0  0.493742  1.395099  1.888840
780.5  0.482062  1.407780  1.889843
781.0  0.475405  1.416249  1.891654
781.5  0.474518  1.416003  1.890521
782.0  0.477695  1.404108  1.881803
782.5  0.481315  1.388041  1.869356
783.0  0.480963  1.376913  1.857876
783.5  0.472901  1.372616  1.845516
784.0  0.455500  1.373368  1.828868
784.5  0.430141  1.383172  1.813313
785.0  0.401127  1.399458  1.800585
785.5  0.374444  1.417127  1.791571
786.0  0.355702  1.429266  1.784968
786.5  0.348062  1.430795  1.778857
787.0  0.351051  1.421714  1.772764
787.5  0.360828  1.410861  1.771689
788.0  0.371784  1.399483  1.771267
788.5  0.378745  1.393148  1.771893
789.0  0.378852  1.395662  1.774514
789.5  0.372412  1.401854  1.774266
790.0  0.362502  1.412208  1.774710
790.5  0.353638  1.418685  1.772323
791.0  0.350108  1.418746  1.768854
791.5  0.354559  1.412139  1.766698
792.0  0.367212  1.397224  1.764436
792.5  0.385815  1.371108  1.756922
793.0  0.406251  1.347063  1.753314
793.5  0.423670  1.331956  1.755626
794.0  0.433908  1.323900  1.757809
794.5  0.434865  1.326242  1.761107
795.0  0.427372  1.342744  1.770115
795.5  0.415113  1.365446  1.780559
796.0  0.403419  1.387693  1.791112
796.5  0.397259  1.404614  1.801873
797.0  0.399221  1.415598  1.814819
797.5  0.408423  1.416529  1.824953
798.0  0.420875  1.412228  1.833103
798.5  0.431145  1.410324  1.841469
799.0  0.434572  1.410163  1.844736
799.5  0.429085  1.416229  1.845314
800.0  0.415939  1.428033  1.843972
800.5  0.399212  1.442242  1.841454
801.0  0.384349  1.457049  1.841397
801.5  0.376351  1.461683  1.838035
802.0  0.378236  1.453535  1.831771
802.5  0.390166  1.440329  1.830494
803.0  0.409437  1.425879  1.835316
803.5  0.431250  1.408372  1.839622
804.0  0.450075  1.391776  1.841851
804.5  0.461289  1.386260  1.847549
805.0  0.462682  1.392006  1.854688
805.5  0.455333  1.404630  1.859963
806.0  0.443415  1.419716  1.863131
806.5  0.432771  1.434527  1.867298
807.0  0.428656  1.439731  1.868387
807.5  0.433548  1.432521  1.866068
808.0  0.446040  1.414432  1.860472
808.5  0.461399  1.391207  1.852606
809.0  0.473511  1.370883  1.844393
809.5  0.477313  1.356870  1.834183
810.0  0.470665  1.353243  1.823908
810.5  0.454978  1.359231  1.814209
811.0  0.434537  1.370026  1.804563
811.5  0.414925  1.381317  1.796242
812.0  0.401214  1.388265  1.789480
812.5  0.396515  1.388490  1.785005
813.0  0.401245  1.386470  1.787715
813.5  0.413190  1.373278  1.786467
814.0  0.428258  1.355774  1.784031
814.5  0.441713  1.340798  1.782510
815.0  0.449626  1.333805  1.783431
815.5  0.450185  1.335826  1.786011
816.0  0.444426  1.341857  1.786283
816.5  0.435982  1.346115  1.782097
817.0  0.429726  1.355996  1.785722
817.5  0.429687  1.351762  1.781449
818.0  0.437107  1.349371  1.786478
818.5  0.449609  1.331231  1.780840
819.0  0.461967  1.327277  1.789243
819.5  0.468165  1.313589  1.781754
820.0  0.463797  1.321528  1.785325
820.5  0.447751  1.337645  1.785396
821.0  0.422564  1.362744  1.785309
821.5  0.393452  1.393674  1.787125
822.0  0.366525  1.417887  1.784412
822.5  0.346939  1.441480  1.788419
823.0  0.337540  1.440739  1.778279
823.5  0.338319  1.449631  1.787950
824.0  0.346650  1.436918  1.783568
824.5  0.358178  1.426814  1.784991
825.0  0.368132  1.411255  1.779388
825.5  0.372826  1.412828  1.785654
826.0  0.370960  1.414386  1.785346
826.5  0.364276  1.417896  1.782172
827.0  0.357136  1.422882  1.780018
827.5  0.354959  1.426895  1.781854
828.0  0.361962  1.424867  1.786829
828.5  0.379174  1.407428  1.786602
829.0  0.403712  1.379593  1.783304
829.5  0.429722  1.353573  1.783295
830.0  0.450600  1.331441  1.782041
830.5  0.461449  1.324506  1.785955
831.0  0.460726  1.320986  1.781712
831.5  0.450511  1.333208  1.783718
832.0  0.435471  1.346539  1.782010
832.5  0.421108  1.363466  1.784574
833.0  0.411998  1.372136  1.784134
833.5  0.410553  1.372200  1.782753
834.0  0.416529  1.367045  1.783574
834.5  0.427223  1.351158  1.778381
835.0  0.438273  1.344074  1.782347
835.5  0.444931  1.332519  1.777450
836.0  0.443583  1.340087  1.783670
836.5  0.433153  1.344882  1.778036
837.0  0.415846  1.365126  1.780973
837.5  0.396760  1.380968  1.777728
838.0  0.382272  1.399512  1.781783
838.5  0.377666  1.402836  1.780502
839.0  0.384980  1.394947  1.779928
839.5  0.402098  1.378296  1.780394
840.0  0.423573  1.357819  1.781392
840.5  0.442810  1.335939  1.778748
841.0  0.454606  1.326321  1.780927
841.5  0.456932  1.327985  1.784917
842.0  0.451312  1.331298  1.782611
842.5  0.441855  1.336534  1.778389
843.0  0.433513  1.351382  1.784895
843.5  0.430334  1.352962  1.783296
844.0  0.434264  1.347925  1.782189
844.5  0.444695  1.334290  1.778984
845.0  0.458702  1.324713  1.783415
845.5  0.471829  1.312033  1.783862
846.0  0.479286  1.302230  1.781516
846.5  0.477398  1.303952  1.781350
847.0  0.464931  1.318632  1.783563
847.5  0.443826  1.345827  1.789653
848.0  0.418854  1.366833  1.785687
848.5  0.396100  1.390079  1.786179
849.0  0.380713  1.405042  1.785755
849.5  0.374882  1.414702  1.789584
850.0  0.377027  1.410370  1.787397
850.5  0.382641  1.404564  1.787206
851.0  0.386374  1.401138  1.787512
851.5  0.384354  1.403536  1.787891
852.0  0.375706  1.411885  1.787590
852.5  0.362683  1.423917  1.786601
853.0  0.349593  1.435164  1.784757
853.5  0.341098  1.447880  1.788978
854.0  0.340663  1.446971  1.787634
854.5  0.349582  1.437850  1.787433
855.0  0.366720  1.417926  1.784645
855.5  0.388830  1.400043  1.788873
856.0  0.411343  1.374347  1.785690
856.5  0.429514  1.356612  1.786125
857.0  0.439790  1.343928  1.783718
857.5  0.441050  1.345309  1.786358
858.0  0.435197  1.351377  1.786574
858.5  0.426675  1.357607  1.784282
859.0  0.420843  1.364711  1.785554
859.5  0.421764  1.362531  1.784295
860.0  0.430394  1.354448  1.784842
860.5  0.444110  1.339673  1.783783
861.0  0.457873  1.326854  1.784727
861.5  0.466479  1.315604  1.782083
862.0  0.466806  1.315986  1.782793
862.5  0.459050  1.324949  1.783999
863.0  0.446507  1.337837  1.784344
863.5  0.434183  1.349810  1.783993
864.0  0.426924  1.356661  1.783585
864.5  0.427858  1.355351  1.783209
865.0  0.437567  1.346001  1.783568
865.5  0.454054  1.327704  1.781758
866.0  0.473336  1.310042  1.783378
866.5  0.490455  1.292083  1.782538
867.0  0.500767  1.286723  1.787491
867.5  0.501292  1.281155  1.782448
868.0  0.491763  1.292532  1.784294
868.5  0.474916  1.304323  1.779238
869.0  0.455696  1.328026  1.783722
869.5  0.439477  1.344055  1.783532
870.0  0.429943  1.355926  1.785869
870.5  0.427572  1.355001  1.782573
871.0  0.429482  1.351177  1.780658
871.5  0.430733  1.351655  1.782389
872.0  0.426506  1.358820  1.785326
872.5  0.414134  1.370415  1.784548
873.0  0.394152  1.388268  1.782420
873.5  0.370007  1.413058  1.783065
874.0  0.346703  1.439569  1.786272
874.5  0.329063  1.455854  1.784917
875.0  0.320266  1.462654  1.782920
875.5  0.321069  1.461950  1.783019
876.0  0.329763  1.456437  1.786200
876.5  0.342725  1.442047  1.784772
877.0  0.355416  1.424329  1.779745
877.5  0.363673  1.418306  1.781979
878.0  0.365051  1.417340  1.782391
878.5  0.359784  1.424817  1.784601
879.0  0.350897  1.428817  1.779713
879.5  0.343196  1.441117  1.784313
880.0  0.341408  1.442533  1.783941
880.5  0.348179  1.437741  1.785920
881.0  0.362884  1.417573  1.780456
881.5  0.381815  1.401133  1.782948
882.0  0.399712  1.382980  1.782692
882.5  0.411893  1.369491  1.781385
883.0  0.416072  1.365239  1.781311
883.5  0.413073  1.369763  1.782836
884.0  0.406297  1.377604  1.783901
884.5  0.400290  1.381649  1.781939
885.0  0.399138  1.383363  1.782501
885.5  0.405269  1.381158  1.786428
886.0  0.418931  1.367614  1.786545
886.5  0.438269  1.347384  1.785652
887.0  0.459841  1.321174  1.781015
887.5  0.479476  1.305310  1.784786
888.0  0.493411  1.289131  1.782542
888.5  0.499544  1.284099  1.783643
889.0  0.498355  1.286080  1.784434
889.5  0.492995  1.291575  1.784570
890.0  0.488249  1.297595  1.785844
890.5  0.488617  1.293863  1.782480
891.0  0.496318  1.289409  1.785726
891.5  0.510166  1.270273  1.780439
892.0  0.525906  1.260507  1.786413
892.5  0.537881  1.246891  1.784772
893.0  0.541253  1.245737  1.786990
893.5  0.533779  1.246601  1.780380
894.0  0.516430  1.269694  1.786123
894.5  0.492722  1.293202  1.785925
895.0  0.467236  1.317071  1.784308
895.5  0.444017  1.339435  1.783452
896.0  0.425458  1.363921  1.789379
896.5  0.411874  1.376195  1.788069
897.0  0.401689  1.381810  1.783500
897.5  0.392047  1.391154  1.783201
898.0  0.379731  1.404314  1.784046
898.5  0.362307  1.419037  1.781344
899.0  0.339261  1.445303  1.784564
899.5  0.312730  1.469946  1.782676
900.0  0.287318  1.499231  1.786549
900.5  0.268808  1.513683  1.782491
901.0  0.262063  1.524453  1.786516
901.5  0.268993  1.516921  1.785914
902.0  0.287591  1.498542  1.786133
902.5  0.312578  1.475425  1.788003
903.0  0.337418  1.444603  1.782021
903.5  0.356794  1.430413  1.787207
904.0  0.368434  1.415302  1.783735
904.5  0.373597  1.418196  1.791793
905.0  0.376157  1.408352  1.784509
905.5  0.380834  1.409668  1.790501
906.0  0.391368  1.394704  1.786072
906.5  0.409278  1.380567  1.789845
907.0  0.433447  1.355240  1.788687
907.5  0.460477  1.328956  1.789433
908.0  0.485585  1.300381  1.785966
908.5  0.503857  1.280907  1.784764
909.0  0.511682  1.276629  1.788311
909.5  0.508067  1.279302  1.787369
910.0  0.495336  1.291440  1.786776
910.5  0.478736  1.309527  1.788262
911.0  0.464783  1.321292  1.786075
911.5  0.458812  1.326668  1.785479
912.0  0.462755  1.318725  1.781480
912.5  0.474275  1.315879  1.790154
913.0  0.487732  1.299262  1.786994
913.5  0.496578  1.287429  1.784007
914.0  0.496038  1.282848  1.778886
914.5  0.484902  1.300994  1.785896
915.0  0.465768  1.320216  1.785984
915.5  0.443824  1.336943  1.780767
916.0  0.424842  1.358833  1.783675
916.5  0.413233  1.367593  1.780826
917.0  0.410801  1.373509  1.784310
917.5  0.416404  1.359313  1.775716
918.0  0.426419  1.359118  1.785537
918.5  0.435772  1.342776  1.778548
919.0  0.439335  1.343092  1.782426
919.5  0.433480  1.343359  1.776839
920.0  0.417450  1.364386  1.781836
920.5  0.394017  1.384769  1.778786
921.0  0.368933  1.410107  1.779040
921.5  0.349045  1.431607  1.780651
922.0  0.339639  1.442757  1.782396
922.5  0.342171  1.440677  1.782848
923.0  0.353544  1.428739  1.782283
923.5  0.367375  1.414016  1.781391
924.0  0.376682  1.409482  1.786163
924.5  0.376701  1.407873  1.784575
925.0  0.366630  1.420165  1.786794
925.5  0.349668  1.432684  1.782352
926.0  0.331600  1.456064  1.787664
926.5  0.318648  1.465631  1.784279
927.0  0.315492  1.468128  1.783621
927.5  0.324028  1.459982  1.784010
928.0  0.343027  1.439859  1.782885
928.5  0.368576  1.416415  1.784991
929.0  0.395085  1.382390  1.777476
929.5  0.416730  1.370549  1.787279
930.0  0.429117  1.350805  1.779922
930.5  0.430816  1.354892  1.785707
931.0  0.424138  1.353732  1.777871
931.5  0.414636  1.373538  1.788174
932.0  0.409162  1.375406  1.784568
932.5  0.413118  1.375317  1.788435
933.0  0.428069  1.358834  1.786903
933.5  0.450929  1.338138  1.789067
934.0  0.475188  1.313874  1.789061
934.5  0.493604  1.296558  1.790162
935.0  0.501102  1.290598  1.791700
935.5  0.496580  1.294292  1.790872
936.0  0.483003  1.307209  1.790211
936.5  0.465945  1.327755  1.793701
937.0  0.451401  1.338866  1.790267
937.5  0.443777  1.348851  1.792628
938.0  0.444728  1.342655  1.787383
938.5  0.452973  1.342447  1.795420
939.0  0.464884  1.325866  1.790750
939.5  0.475560  1.318290  1.793850
940.0  0.480176  1.309342  1.789518
940.5  0.475453  1.314223  1.789676
941.0  0.460931  1.331744  1.792675
941.5  0.439556  1.352723  1.792279
942.0  0.417092  1.381041  1.798133
942.5  0.400246  1.389571  1.789818
943.0  0.394071  1.401886  1.795958
943.5  0.399761  1.387364  1.787125
944.0  0.413974  1.381956  1.795931
944.5  0.430127  1.356589  1.786715
945.0  0.441076  1.352554  1.793630
945.5  0.441966  1.347490  1.789455
946.0  0.431972  1.360820  1.792793
946.5  0.414326  1.377051  1.791377
947.0  0.394805  1.399981  1.794786
947.5  0.379492  1.416242  1.795734
948.0  0.372741  1.421414  1.794154
948.5  0.375979  1.416603  1.792582
949.0  0.387546  1.409321  1.796867
949.5  0.403355  1.394555  1.797910
950.0  0.418086  1.380523  1.798609
950.5  0.426673  1.365491  1.792163
951.0  0.425848  1.372652  1.798500
951.5  0.415404  1.379571  1.794975
952.0  0.398664  1.404204  1.802868
952.5  0.381698  1.415527  1.797225
953.0  0.371253  1.427360  1.798612
953.5  0.372033  1.422943  1.794976
954.0  0.384548  1.410645  1.795194
954.5  0.404660  1.395168  1.799828
955.0  0.425155  1.370275  1.795430
955.5  0.438653  1.360448  1.799101
956.0  0.440473  1.351595  1.792069
956.5  0.430252  1.373834  1.804087
957.0  0.411786  1.384755  1.796541
957.5  0.391393  1.410562  1.801955
958.0  0.375618  1.419998  1.795616
958.5  0.369158  1.433767  1.802925
959.0  0.373627  1.428419  1.802046
959.5  0.387351  1.415299  1.802650
960.0  0.406038  1.396086  1.802124
960.5  0.424068  1.376736  1.800805
961.0  0.436134  1.365986  1.802120
961.5  0.438925  1.365381  1.804306
962.0  0.432442  1.371667  1.804109
962.5  0.420382  1.384358  1.804740
963.0  0.409136  1.393290  1.802427
963.5  0.405474  1.401451  1.806925
964.0  0.413682  1.389400  1.803082
964.5  0.433503  1.372532  1.806035
965.0  0.459941  1.341285  1.801226
965.5  0.485144  1.321787  1.806931
966.0  0.501450  1.303146  1.804596
966.5  0.504206  1.300175  1.804381
967.0  0.493189  1.308941  1.802131
967.5  0.472260  1.328456  1.800717
968.0  0.447621  1.357349  1.804970
968.5  0.425534  1.372221  1.797756
969.0  0.410361  1.392928  1.803289
969.5  0.403466  1.391201  1.794667
970.0  0.403140  1.398913  1.802053
970.5  0.405353  1.391429  1.796782
971.0  0.405078  1.397247  1.802326
971.5  0.397905  1.400326  1.798231
972.0  0.381630  1.417830  1.799460
972.5  0.357405  1.439721  1.797126
973.0  0.329890  1.468052  1.797942
973.5  0.306082  1.496371  1.802453
974.0  0.292945  1.510927  1.803871
974.5  0.294696  1.507675  1.802371
975.0  0.310999  1.491949  1.802947
975.5  0.336989  1.463642  1.800631
976.0  0.365200  1.436507  1.801708
976.5  0.388500  1.408423  1.796923
977.0  0.402694  1.397745  1.800439
977.5  0.407759  1.390303  1.798062
978.0  0.407347  1.395828  1.803175
978.5  0.406993  1.393678  1.800671
979.0  0.411879  1.387865  1.799744
979.5  0.425020  1.378377  1.803397
980.0  0.446399  1.355065  1.801463
980.5  0.473093  1.330527  1.803620
981.0  0.500164  1.295599  1.795763
981.5  0.521997  1.279157  1.801154
982.0  0.533821  1.260746  1.794566
982.5  0.533154  1.270588  1.803742
983.0  0.520771  1.277028  1.797799
983.5  0.500732  1.301002  1.801734
984.0  0.479188  1.318417  1.797605
984.5  0.462199  1.338060  1.800259
985.0  0.453372  1.346140  1.799512
985.5  0.452442  1.345320  1.797763
986.0  0.455487  1.341287  1.796774
986.5  0.456704  1.338840  1.795544
987.0  0.450929  1.347840  1.798770
987.5  0.435788  1.361254  1.797042
988.0  0.412632  1.385841  1.798473
988.5  0.385994  1.416338  1.802333
989.0  0.361911  1.437682  1.799593
989.5  0.345844  1.454109  1.799953
990.0  0.340981  1.456147  1.797128
990.5  0.347414  1.455507  1.802921
991.0  0.362286  1.436837  1.799123
991.5  0.380714  1.419789  1.800503
992.0  0.397201  1.402558  1.799759
992.5  0.407241  1.391204  1.798445
993.0  0.408777  1.391996  1.800772
993.5  0.403052  1.392818  1.795870
994.0  0.394403  1.408978  1.803381
994.5  0.388770  1.413031  1.801801
995.0  0.391314  1.414902  1.806216
995.5  0.404123  1.393450  1.797573
996.0  0.425099  1.377169  1.802268
996.5  0.448644  1.350735  1.799379
997.0  0.467828  1.334590  1.802418
997.5  0.477043  1.322335  1.799378
998.0  0.474022  1.326277  1.800299
998.5  0.460486  1.342434  1.802920
999.0  0.441314  1.360681  1.801995
999.5  0.422701  1.378578  1.801279
1000.0  0.410056  1.391893  1.801949
