0.0  1.31018152
0.5  1.33449471
1.0  1.35183235
1.5  1.35834314
2.0  1.35391682
2.5  1.34183387
3.0  1.32633769
3.5  1.31138982
4.0  1.30058556
4.5  1.29551258
5.0  1.29652859
5.5  1.30195117
6.0  1.30660006
6.5  1.30474034
7.0  1.29132014
7.5  1.26525844
8.0  1.22906293
8.5  1.19059215
9.0  1.15831714
9.5  1.13970694
10.0  1.13617638
10.5  1.14487089
11.0  1.16033495
11.5  1.17604407
12.0  1.18968024
12.5  1.19912711
13.0  1.20651217
13.5  1.21420475
14.0  1.22548926
14.5  1.24215700
15.0  1.26450629
15.5  1.29157705
16.0  1.32056886
16.5  1.34772975
17.0  1.36635630
17.5  1.37131910
18.0  1.36038878
18.5  1.33613799
19.0  1.30562429
19.5  1.27549526
20.0  1.25251116
20.5  1.23931937
21.0  1.23430485
21.5  1.23359043
22.0  1.23269429
22.5  1.23020408
23.0  1.22656187
23.5  1.22417763
24.0  1.22471286
24.5  1.22949148
25.0  1.23985196
25.5  1.25552733
26.0  1.27556467
26.5  1.29786049
27.0  1.31875942
27.5  1.33332551
28.0  1.33792450
28.5  1.33184061
29.0  1.31810341
29.5  1.30310050
30.0  1.29466353
30.5  1.29638514
31.0  1.30736843
31.5  1.32347373
32.0  1.33746738
32.5  1.34335442
33.0  1.33827911
33.5  1.32355959
34.0  1.30221250
34.5  1.27700205
35.0  1.25237409
35.5  1.23163157
36.0  1.21675413
36.5  1.20814384
37.0  1.20500712
37.5  1.20464336
38.0  1.20302935
38.5  1.19602395
39.0  1.18194032
39.5  1.16429695
40.0  1.15115557
40.5  1.14820356
41.0  1.16031781
41.5  1.18918243
42.0  1.22903078
42.5  1.27295043
43.0  1.31313889
43.5  1.34542639
44.0  1.36616411
44.5  1.37719200
45.0  1.38085871
45.5  1.37905997
46.0  1.37485913
46.5  1.37166130
47.0  1.36940622
47.5  1.36793094
48.0  1.36462478
48.5  1.35481204
49.0  1.33607726
49.5  1.30551958
50.0  1.26805494
50.5  1.23326216
51.0  1.20751241
51.5  1.19792908
52.0  1.20373871
52.5  1.22284805
53.0  1.24930720
53.5  1.27447937
54.0  1.29404555
54.5  1.30740284
55.0  1.31413993
55.5  1.31600415
56.0  1.31569792
56.5  1.31642310
57.0  1.32143659
57.5  1.33276592
58.0  1.34815954
58.5  1.36276898
59.0  1.37265870
59.5  1.37266517
60.0  1.35722537
60.5  1.33067783
61.0  1.30175302
61.5  1.27627926
62.0  1.25922169
62.5  1.25295202
63.0  1.25462153
63.5  1.25969203
64.0  1.26311014
64.5  1.26296689
65.0  1.25915893
65.5  1.25200393
66.0  1.24398291
66.5  1.23631286
67.0  1.23335523
67.5  1.23740524
68.0  1.24896039
68.5  1.26657192
69.0  1.28746345
69.5  1.30558296
70.0  1.31613636
70.5  1.31754469
71.0  1.31241514
71.5  1.30772175
72.0  1.30782166
72.5  1.31388029
73.0  1.32614754
73.5  1.33923836
74.0  1.34697460
74.5  1.34515457
75.0  1.33267717
75.5  1.31246701
76.0  1.28635186
76.5  1.25793124
77.0  1.23487920
77.5  1.22024978
78.0  1.21496428
78.5  1.22281458
79.0  1.24152696
79.5  1.26542455
80.0  1.28872068
80.5  1.30440411
81.0  1.31136913
81.5  1.31101426
82.0  1.31047645
82.5  1.31529041
83.0  1.32870855
83.5  1.35107567
84.0  1.37591266
84.5  1.39673322
85.0  1.41013236
85.5  1.41195282
86.0  1.40212957
86.5  1.38274054
87.0  1.35685396
87.5  1.33032869
88.0  1.30599316
88.5  1.28832218
89.0  1.27934375
89.5  1.27906707
90.0  1.28210592
90.5  1.28470322
91.0  1.28105364
91.5  1.26694069
92.0  1.24820790
92.5  1.23118863
93.0  1.22041659
93.5  1.22046962
94.0  1.23265282
94.5  1.25234237
95.0  1.27341127
95.5  1.29253747
96.0  1.30678858
96.5  1.31569601
97.0  1.31894284
97.5  1.31888197
98.0  1.31874445
98.5  1.32202962
99.0  1.33139237
99.5  1.34617700
100.0  1.36618148
100.5  1.38546280
101.0  1.39768400
101.5  1.39784251
102.0  1.38404285
102.5  1.35936320
103.0  1.33167302
103.5  1.30845602
104.0  1.29333069
104.5  1.28639004
105.0  1.28684053
105.5  1.29054552
106.0  1.29432083
106.5  1.29641405
107.0  1.29596380
107.5  1.29478554
108.0  1.29368094
108.5  1.29340921
109.0  1.29724967
109.5  1.30777092
110.0  1.32496421
110.5  1.34606279
111.0  1.36728301
111.5  1.38190738
112.0  1.38517096
112.5  1.37655937
113.0  1.35933376
113.5  1.34034465
114.0  1.32475537
114.5  1.31455603
115.0  1.30763776
115.5  1.30146964
116.0  1.29368125
116.5  1.28256844
117.0  1.26943692
117.5  1.25893133
118.0  1.24685869
118.5  1.23948019
119.0  1.23512699
119.5  1.23703633
120.0  1.24616070
120.5  1.25971436
121.0  1.27796502
121.5  1.28874944
122.0  1.29560273
122.5  1.28842170
123.0  1.27424321
123.5  1.25389527
124.0  1.24142098
124.5  1.24193703
125.0  1.25153121
125.5  1.27396108
126.0  1.29167846
126.5  1.31706033
127.0  1.32532879
127.5  1.34181610
128.0  1.34039110
128.5  1.34950395
129.0  1.34830095
129.5  1.35732221
130.0  1.36175695
130.5  1.37633434
131.0  1.39253075
131.5  1.40904693
132.0  1.42053939
132.5  1.42007131
133.0  1.40650605
133.5  1.38222097
134.0  1.35285128
134.5  1.33032039
135.0  1.31618725
135.5  1.31989481
136.0  1.32645222
136.5  1.34060214
137.0  1.34939837
137.5  1.35151712
138.0  1.34865819
138.5  1.33517308
139.0  1.32724619
139.5  1.30598079
140.0  1.29945050
140.5  1.28424676
141.0  1.28872743
141.5  1.28849722
142.0  1.29947528
142.5  1.30375789
143.0  1.30188443
143.5  1.29069444
144.0  1.26610322
144.5  1.24550331
145.0  1.22694262
145.5  1.22955854
146.0  1.24086167
146.5  1.26801726
147.0  1.29690307
147.5  1.32385959
148.0  1.34461348
148.5  1.35564110
149.0  1.36011122
149.5  1.35616973
150.0  1.35115620
150.5  1.34431329
151.0  1.33905737
151.5  1.34205615
152.0  1.34438424
152.5  1.35915663
153.0  1.35977733
153.5  1.36492142
154.0  1.34441145
154.5  1.33382016
155.0  1.30664569
155.5  1.30321961
156.0  1.30259102
156.5  1.32479746
157.0  1.34715618
157.5  1.37246613
158.0  1.39132837
158.5  1.39616822
159.0  1.39343507
159.5  1.37827649
160.0  1.36034341
160.5  1.33657702
161.0  1.31563986
161.5  1.30140871
162.0  1.29304985
162.5  1.29519182
163.0  1.29682027
163.5  1.29799388
164.0  1.29083110
164.5  1.26997301
165.0  1.24942729
165.5  1.22211523
166.0  1.21955981
166.5  1.21646572
167.0  1.24360315
167.5  1.26260227
168.0  1.29436352
168.5  1.30906156
169.0  1.31992594
169.5  1.31862917
170.0  1.30485645
170.5  1.29468686
171.0  1.27724317
171.5  1.27281527
172.0  1.26589744
172.5  1.28101566
173.0  1.29600694
173.5  1.31922527
174.0  1.33663256
174.5  1.34593059
175.0  1.34493126
175.5  1.33546208
176.0  1.32944709
176.5  1.32886938
177.0  1.34051001
177.5  1.36028240
178.0  1.38209492
178.5  1.40435193
179.0  1.40882668
179.5  1.41225424
180.0  1.38975071
180.5  1.37591516
181.0  1.33938420
181.5  1.32397878
182.0  1.29741869
182.5  1.29758815
183.0  1.29698761
183.5  1.31300493
184.0  1.32855103
184.5  1.34223868
185.0  1.34867853
185.5  1.33729864
186.0  1.32725745
186.5  1.31224196
187.0  1.30798575
187.5  1.31042035
188.0  1.32369931
188.5  1.34035881
189.0  1.35048395
189.5  1.35489912
190.0  1.34725237
190.5  1.32934440
191.0  1.30870866
191.5  1.27963453
192.0  1.26423369
192.5  1.24430815
193.0  1.25239505
193.5  1.25689744
194.0  1.28462682
194.5  1.30311302
195.0  1.32630355
195.5  1.33225952
196.0  1.32592589
196.5  1.31549223
197.0  1.29982361
197.5  1.30070823
198.0  1.30037487
198.5  1.32065596
199.0  1.33483571
199.5  1.35735766
200.0  1.36369672
200.5  1.36681770
201.0  1.35832845
201.5  1.34523543
202.0  1.32924925
202.5  1.31700545
203.0  1.31363611
203.5  1.31827026
204.0  1.33324401
204.5  1.35673631
205.0  1.37219498
205.5  1.38558912
206.0  1.37379676
206.5  1.35874360
207.0  1.31963623
207.5  1.29775203
208.0  1.26861714
208.5  1.26605907
209.0  1.26059442
209.5  1.27180050
210.0  1.27638317
210.5  1.28122122
211.0  1.27784067
211.5  1.26723406
212.0  1.25848563
212.5  1.24498001
213.0  1.24186313
213.5  1.24411029
214.0  1.26248021
214.5  1.28885081
215.0  1.32275612
215.5  1.35439246
216.0  1.37329887
216.5  1.37525945
217.0  1.36259663
217.5  1.34013733
218.0  1.32240631
218.5  1.30761683
219.0  1.31483316
219.5  1.32111287
220.0  1.34213791
220.5  1.34969362
221.0  1.36040916
221.5  1.35365518
222.0  1.34303484
222.5  1.32496035
223.0  1.30252892
223.5  1.28904768
224.0  1.27794737
224.5  1.28721828
225.0  1.29780828
225.5  1.32441150
226.0  1.33923955
226.5  1.35053855
227.0  1.33971685
227.5  1.32135372
228.0  1.29464315
228.5  1.27616914
229.0  1.26988223
229.5  1.28003185
230.0  1.30348165
230.5  1.33344946
231.0  1.35998693
231.5  1.38099196
232.0  1.38706904
232.5  1.38649620
233.0  1.36921249
233.5  1.35587260
234.0  1.33254408
234.5  1.32587015
235.0  1.31964374
235.5  1.33339781
236.0  1.34363005
236.5  1.35674414
237.0  1.35539154
237.5  1.33828159
238.0  1.31133810
238.5  1.27543234
239.0  1.25457912
239.5  1.24211957
240.0  1.25823977
240.5  1.28243855
241.0  1.31937423
241.5  1.35132463
242.0  1.37726167
242.5  1.38951772
243.0  1.38754103
243.5  1.37443592
244.0  1.35504246
244.5  1.33548498
245.0  1.32397118
245.5  1.32131109
246.0  1.33336513
246.5  1.34954622
247.0  1.36718812
247.5  1.36960619
248.0  1.35520814
248.5  1.32414640
249.0  1.28340255
249.5  1.25337800
250.0  1.23168019
250.5  1.23811901
251.0  1.25273912
251.5  1.28756501
252.0  1.31162689
252.5  1.33586443
253.0  1.33922262
253.5  1.33667709
254.0  1.31725049
254.5  1.29475352
255.0  1.27099756
255.5  1.25823982
256.0  1.25972104
256.5  1.27549719
257.0  1.30187471
257.5  1.32815676
258.0  1.34431063
258.5  1.34203525
259.0  1.32480201
259.5  1.30362556
260.0  1.28674272
260.5  1.28604557
261.0  1.29903983
261.5  1.32849686
262.0  1.35870244
262.5  1.38553243
263.0  1.39755103
263.5  1.39304466
264.0  1.37623941
264.5  1.34390878
265.0  1.31374617
265.5  1.27851596
266.0  1.26522163
266.5  1.25936686
267.0  1.27854155
267.5  1.30257953
268.0  1.33307136
268.5  1.35037827
269.0  1.34871737
269.5  1.33535376
270.0  1.31212528
270.5  1.30253691
271.0  1.29958522
271.5  1.31807378
272.0  1.34776072
272.5  1.38378767
273.0  1.41031820
273.5  1.42421429
274.0  1.42276313
274.5  1.40490367
275.0  1.37257748
275.5  1.33613219
276.0  1.29942612
276.5  1.27723871
277.0  1.26383151
277.5  1.27407135
278.0  1.28619250
278.5  1.30501127
279.0  1.30160313
279.5  1.29228250
280.0  1.26492998
280.5  1.24125604
281.0  1.22508140
281.5  1.23007118
282.0  1.25717156
282.5  1.29554361
283.0  1.34285860
283.5  1.37634616
284.0  1.40443930
284.5  1.40736447
285.0  1.40178349
285.5  1.37690822
286.0  1.35469962
286.5  1.33248183
287.0  1.32605732
287.5  1.33390150
288.0  1.35918650
288.5  1.39414223
289.0  1.42418715
289.5  1.43666959
290.0  1.42798212
290.5  1.39727798
291.0  1.36147935
291.5  1.32428927
292.0  1.30922988
292.5  1.30342310
293.0  1.31810587
293.5  1.33096677
294.0  1.34366486
294.5  1.34244889
295.0  1.32572081
295.5  1.30120462
296.0  1.25918974
296.5  1.22383695
297.0  1.18601207
297.5  1.17437741
298.0  1.17499338
298.5  1.20609092
299.0  1.24440868
299.5  1.28814555
300.0  1.31773252
300.5  1.32823857
301.0  1.32120795
301.5  1.30350008
302.0  1.29186791
302.5  1.29290845
303.0  1.31125776
303.5  1.34280638
304.0  1.37254859
304.5  1.39996490
305.0  1.40728984
305.5  1.40385598
306.0  1.37707269
306.5  1.34621537
307.0  1.30465829
307.5  1.27410917
308.0  1.25560305
308.5  1.25812230
309.0  1.28148374
309.5  1.31328482
310.0  1.35209261
310.5  1.36710706
311.0  1.37380927
311.5  1.34908954
312.0  1.32959065
312.5  1.30328121
313.0  1.30381933
313.5  1.31376897
314.0  1.34326314
314.5  1.37330926
315.0  1.39987549
315.5  1.41399367
316.0  1.41363521
316.5  1.39771952
317.0  1.37245021
317.5  1.34086998
318.0  1.31690842
318.5  1.29908093
319.0  1.30325299
319.5  1.31291696
320.0  1.33671304
320.5  1.35008031
321.0  1.35233736
321.5  1.33300942
322.0  1.29193771
322.5  1.25377468
323.0  1.21442827
323.5  1.20712491
324.0  1.20348318
324.5  1.23191447
325.0  1.26829872
325.5  1.30421052
326.0  1.33251290
326.5  1.34698401
327.0  1.35021876
327.5  1.34437163
328.0  1.33747402
328.5  1.33582273
329.0  1.34505144
329.5  1.36890360
330.0  1.40549171
330.5  1.44589776
331.0  1.47695436
331.5  1.48826135
332.0  1.47442419
332.5  1.44017706
333.0  1.39948620
333.5  1.36636957
334.0  1.35025125
334.5  1.35364713
335.0  1.37255203
335.5  1.39725418
336.0  1.41858780
336.5  1.42938859
337.0  1.42603327
337.5  1.40818606
338.0  1.37909372
338.5  1.34614909
339.0  1.31869041
339.5  1.30358977
340.0  1.30350745
340.5  1.31788957
341.0  1.34172899
341.5  1.36350362
342.0  1.36995550
342.5  1.35513614
343.0  1.32631423
343.5  1.29302968
344.0  1.26799283
344.5  1.25848581
345.0  1.26500137
345.5  1.28374973
346.0  1.30741627
346.5  1.32600686
347.0  1.33143759
347.5  1.32213759
348.0  1.30086314
348.5  1.27021473
349.0  1.23545357
349.5  1.20731105
350.0  1.19462321
350.5  1.19979607
351.0  1.22150360
351.5  1.25440676
352.0  1.28753293
352.5  1.30718241
353.0  1.30885137
353.5  1.29850227
354.0  1.28699725
354.5  1.28408354
355.0  1.29958479
355.5  1.33467196
356.0  1.38272239
356.5  1.43406258
357.0  1.47824821
357.5  1.50703872
358.0  1.51695998
358.5  1.50766588
359.0  1.48265528
359.5  1.44918241
360.0  1.41657955
360.5  1.39262169
361.0  1.38057531
361.5  1.38210395
362.0  1.38941674
362.5  1.39064365
363.0  1.37909401
363.5  1.35465287
364.0  1.32110018
364.5  1.28981842
365.0  1.27317092
365.5  1.27724932
366.0  1.29665980
366.5  1.32454090
367.0  1.35553460
367.5  1.38068961
368.0  1.39160372
368.5  1.38933310
369.0  1.37804395
369.5  1.36004685
370.0  1.34151660
370.5  1.33173283
371.0  1.33499485
371.5  1.35074040
372.0  1.37498411
372.5  1.39738042
373.0  1.40589388
373.5  1.39435378
374.0  1.36449086
374.5  1.32636761
375.0  1.29293015
375.5  1.27474311
376.0  1.27633675
376.5  1.29523726
377.0  1.32310797
377.5  1.34965721
378.0  1.36766452
378.5  1.37187739
379.0  1.36151356
379.5  1.34032849
380.0  1.31519010
380.5  1.29450334
381.0  1.28677145
381.5  1.29866434
382.0  1.32999870
382.5  1.37211244
383.0  1.41749876
383.5  1.45220386
384.0  1.46704439
384.5  1.46254567
385.0  1.44810989
385.5  1.43563463
386.0  1.43373618
386.5  1.44450176
387.0  1.46508588
387.5  1.48808470
388.0  1.50313269
388.5  1.50245106
389.0  1.48496843
389.5  1.45196523
390.0  1.40655931
390.5  1.35658902
391.0  1.31201447
391.5  1.28082546
392.0  1.27181065
392.5  1.27838652
393.0  1.31162734
393.5  1.33273027
394.0  1.36362818
394.5  1.36142704
395.0  1.36465793
395.5  1.34476067
396.0  1.34461361
396.5  1.35000962
397.0  1.37831581
397.5  1.41491434
398.0  1.45417146
398.5  1.48921153
399.0  1.50955956
399.5  1.51601355
400.0  1.50368180
400.5  1.47872720
401.0  1.45278326
401.5  1.42246950
402.0  1.40955413
402.5  1.40494813
403.0  1.41986972
403.5  1.44262372
404.0  1.45990845
404.5  1.47241226
405.0  1.45148422
405.5  1.43163997
406.0  1.38503906
406.5  1.36772120
407.0  1.34615448
407.5  1.36487454
408.0  1.38107074
408.5  1.41974674
409.0  1.44863176
409.5  1.47334895
410.0  1.48068957
410.5  1.47366358
411.0  1.46100717
411.5  1.44164790
412.0  1.43022445
412.5  1.42601854
413.0  1.43845309
413.5  1.46408759
414.0  1.49383379
414.5  1.51652590
415.0  1.51654396
415.5  1.49644806
416.0  1.45173365
416.5  1.40725515
417.0  1.36573667
417.5  1.34624431
418.0  1.34488097
418.5  1.36101305
419.0  1.38972347
419.5  1.40889664
420.0  1.43056067
420.5  1.42673409
421.0  1.42902737
421.5  1.40633085
422.0  1.39929390
422.5  1.38494696
423.0  1.39572916
423.5  1.41687728
424.0  1.45420737
424.5  1.49851254
425.0  1.52942688
425.5  1.54675849
426.0  1.53025492
426.5  1.50093474
427.0  1.45546279
427.5  1.41949274
428.0  1.39558126
428.5  1.39064218
429.0  1.39975479
429.5  1.41554705
430.0  1.42829539
430.5  1.43561862
431.0  1.42543645
431.5  1.41105953
432.0  1.37821117
432.5  1.35753668
433.0  1.32854953
433.5  1.32921510
434.0  1.32942395
434.5  1.36036529
435.0  1.38765955
435.5  1.42084380
436.0  1.43147394
436.5  1.42462879
437.0  1.40843028
437.5  1.38354347
438.0  1.37807881
438.5  1.38006056
439.0  1.41213653
439.5  1.44580426
440.0  1.49482346
440.5  1.52455549
441.0  1.54950836
441.5  1.55135334
442.0  1.53545944
442.5  1.50576880
443.0  1.47053271
443.5  1.43683701
444.0  1.41146593
444.5  1.40476353
445.0  1.41308963
445.5  1.42428720
446.0  1.43809719
446.5  1.43076961
447.0  1.41487914
447.5  1.37379002
448.0  1.34673712
448.5  1.31954409
449.0  1.32403867
449.5  1.34364076
450.0  1.38166818
450.5  1.42622789
451.0  1.46259642
451.5  1.49570931
452.0  1.50060895
452.5  1.50125320
453.0  1.47564863
453.5  1.45304246
454.0  1.42326135
454.5  1.40837375
455.0  1.40371107
455.5  1.41423880
456.0  1.43128506
456.5  1.44366348
457.0  1.44164787
457.5  1.42052492
458.0  1.38906696
458.5  1.36032935
459.0  1.34202917
459.5  1.34700639
460.0  1.36904225
460.5  1.41319462
461.0  1.45624694
461.5  1.49518341
462.0  1.51851825
462.5  1.52600417
463.0  1.51656729
463.5  1.49006571
464.0  1.46610268
464.5  1.43761461
465.0  1.43397450
465.5  1.43093461
466.0  1.46137286
466.5  1.48105635
467.0  1.51218196
467.5  1.51114981
468.0  1.50429173
468.5  1.47272156
469.0  1.44756643
469.5  1.42913303
470.0  1.43095247
470.5  1.44930811
471.0  1.47611456
471.5  1.50416331
472.0  1.52240127
472.5  1.52455666
473.0  1.51235727
473.5  1.47981303
474.0  1.44331996
474.5  1.39864568
475.0  1.36680407
475.5  1.34232446
476.0  1.34203646
476.5  1.35589906
477.0  1.37092871
477.5  1.38966854
478.0  1.38428661
478.5  1.37670468
479.0  1.34329767
479.5  1.33135375
480.0  1.31596248
480.5  1.32956221
481.0  1.35067428
481.5  1.38632921
482.0  1.41942148
482.5  1.44038798
483.0  1.45447557
483.5  1.44788502
484.0  1.43466753
484.5  1.40899486
485.0  1.39328310
485.5  1.38221351
486.0  1.38705180
486.5  1.40855707
487.0  1.44269299
487.5  1.48019415
488.0  1.50475934
488.5  1.51428033
489.0  1.50527385
489.5  1.48422183
490.0  1.46616177
490.5  1.45389730
491.0  1.46660631
491.5  1.48026886
492.0  1.50920911
492.5  1.51976750
493.0  1.53681850
493.5  1.52142657
494.0  1.50779880
494.5  1.46923196
495.0  1.43955927
495.5  1.40236896
496.0  1.38552490
496.5  1.38279501
497.0  1.39677377
497.5  1.42524588
498.0  1.45130526
498.5  1.47158486
499.0  1.46493563
499.5  1.44577207
500.0  1.41240175
500.5  1.38350219
501.0  1.36454732
501.5  1.36289099
502.0  1.38043012
502.5  1.40350644
503.0  1.42687836
503.5  1.44313230
504.0  1.44476496
504.5  1.43931456
505.0  1.41436827
505.5  1.39755899
506.0  1.37216612
506.5  1.36944644
507.0  1.37117857
507.5  1.39862690
508.0  1.43135170
508.5  1.46464152
509.0  1.49316912
509.5  1.49086085
510.0  1.48308338
510.5  1.44888638
511.0  1.43487522
511.5  1.41557339
512.0  1.43009570
512.5  1.44653807
513.0  1.48320195
513.5  1.51249054
514.0  1.53383576
514.5  1.54095183
515.0  1.53422402
515.5  1.51506497
516.0  1.49071697
516.5  1.46593319
517.0  1.45386716
517.5  1.44994967
518.0  1.47126192
518.5  1.48591553
519.0  1.51169994
519.5  1.50612048
520.0  1.49738302
520.5  1.45183473
521.0  1.41387383
521.5  1.36733819
522.0  1.34980649
522.5  1.34571991
523.0  1.36208321
523.5  1.38780528
524.0  1.40892013
524.5  1.43343714
525.0  1.43145700
525.5  1.42937082
526.0  1.40764712
526.5  1.39303082
527.0  1.37027685
527.5  1.36540544
528.0  1.37524019
528.5  1.39912696
529.0  1.42682703
529.5  1.44720875
530.0  1.45426298
530.5  1.44373245
531.0  1.41161536
531.5  1.38230171
532.0  1.35168470
532.5  1.34891847
533.0  1.35565416
533.5  1.39158140
534.0  1.42305973
534.5  1.46031957
535.0  1.48626192
535.5  1.49402708
536.0  1.49401357
536.5  1.47109370
537.0  1.46020853
537.5  1.43401124
538.0  1.44009156
538.5  1.44099731
539.0  1.47593208
539.5  1.49991080
540.0  1.53130485
540.5  1.53541561
541.0  1.52070517
541.5  1.48618607
542.0  1.44456885
542.5  1.41494574
543.0  1.40340403
543.5  1.41466234
544.0  1.44068641
544.5  1.47093313
545.0  1.50427305
545.5  1.51511445
546.0  1.51739897
546.5  1.48784330
547.0  1.46418097
547.5  1.41835851
548.0  1.39089473
548.5  1.36151305
549.0  1.36470526
549.5  1.37895004
550.0  1.40626603
550.5  1.43206270
551.0  1.43450382
551.5  1.42851937
552.0  1.38904008
552.5  1.36465489
553.0  1.33259383
553.5  1.34182459
554.0  1.35837348
554.5  1.40630203
555.0  1.45109947
555.5  1.49528856
556.0  1.52530569
556.5  1.53582596
557.0  1.52821585
557.5  1.50495411
558.0  1.47203659
558.5  1.44600114
559.0  1.42281887
559.5  1.41365058
560.0  1.42316613
560.5  1.44359467
561.0  1.46174086
561.5  1.46500711
562.0  1.44885553
562.5  1.41893786
563.0  1.38796941
563.5  1.37010600
564.0  1.37498251
564.5  1.40355877
565.0  1.45106746
565.5  1.50433505
566.0  1.55130898
566.5  1.58285700
567.0  1.59322333
567.5  1.58234412
568.0  1.55613006
568.5  1.52275967
569.0  1.49312787
569.5  1.47706669
570.0  1.48098390
570.5  1.50497879
571.0  1.53738872
571.5  1.56577770
572.0  1.57823932
572.5  1.56859912
573.0  1.54198819
573.5  1.51192267
574.0  1.49550344
574.5  1.49976267
575.0  1.52536428
575.5  1.56444247
576.0  1.60450055
576.5  1.63564699
577.0  1.64725055
577.5  1.63645795
578.0  1.60657780
578.5  1.56235747
579.0  1.51272147
579.5  1.46925096
580.0  1.44249578
580.5  1.43871711
581.0  1.45571600
581.5  1.48521888
582.0  1.51246019
582.5  1.52391221
583.0  1.51337445
583.5  1.48707071
584.0  1.45984849
584.5  1.44464182
585.0  1.44873916
585.5  1.47224473
586.0  1.50993680
586.5  1.54869801
587.0  1.57774325
587.5  1.59198332
588.0  1.58734444
588.5  1.56630748
589.0  1.53485614
589.5  1.50176727
590.0  1.47703973
590.5  1.46942667
591.0  1.48598677
591.5  1.52449787
592.0  1.57310643
592.5  1.61847615
593.0  1.64790367
593.5  1.65221262
594.0  1.63540660
594.5  1.61266941
595.0  1.59768240
595.5  1.59572165
596.0  1.61190780
596.5  1.64184544
597.0  1.67508883
597.5  1.70246417
598.0  1.71697630
598.5  1.71524604
599.0  1.69804971
599.5  1.67146218
600.0  1.64214510
600.5  1.61884049
601.0  1.61161408
601.5  1.62533434
602.0  1.65758913
602.5  1.69839552
603.0  1.73221975
603.5  1.74445341
604.0  1.72733041
604.5  1.68559320
605.0  1.63278697
605.5  1.58377356
606.0  1.55196613
606.5  1.53977887
607.0  1.54469204
607.5  1.56086137
608.0  1.57830078
608.5  1.58907954
609.0  1.58893569
609.5  1.57946623
610.0  1.56213833
610.5  1.53965993
611.0  1.52020824
611.5  1.51354440
612.0  1.52412108
612.5  1.55413669
613.0  1.59347283
613.5  1.62934452
614.0  1.64919780
614.5  1.64691514
615.0  1.62309808
615.5  1.58870005
616.0  1.56001477
616.5  1.54823524
617.0  1.55560824
617.5  1.57903748
618.0  1.61274472
618.5  1.65020296
619.0  1.68182003
619.5  1.70089270
620.0  1.70712294
620.5  1.70354242
621.0  1.69398340
621.5  1.68385680
622.0  1.68217906
622.5  1.69348505
623.0  1.71904531
623.5  1.75356501
624.0  1.78384428
624.5  1.79774502
625.0  1.78989988
625.5  1.76240389
626.0  1.72782160
626.5  1.69826980
627.0  1.68352124
627.5  1.68681527
628.0  1.70450598
628.5  1.72969286
629.0  1.75299572
629.5  1.76131163
630.0  1.76267340
630.5  1.74928970
631.0  1.72061353
631.5  1.69432600
632.0  1.65454298
632.5  1.64234382
633.0  1.61703409
633.5  1.63480953
634.0  1.63276197
634.5  1.65362212
635.0  1.64253560
635.5  1.63164906
636.0  1.60462034
636.5  1.57018491
637.0  1.55822907
637.5  1.54539916
638.0  1.57421357
638.5  1.59205344
639.0  1.64145000
639.5  1.67292403
640.0  1.71066079
640.5  1.72960930
641.0  1.74396404
641.5  1.74558552
642.0  1.74189736
642.5  1.73884074
643.0  1.74309789
643.5  1.75137202
644.0  1.77546525
644.5  1.79258537
645.0  1.81719712
645.5  1.80765262
646.0  1.79884411
646.5  1.75272822
647.0  1.72449241
647.5  1.68146624
648.0  1.67350487
648.5  1.66508976
649.0  1.68291393
649.5  1.70000043
650.0  1.71694509
650.5  1.73134256
651.0  1.72560656
651.5  1.72483862
652.0  1.69666099
652.5  1.68586934
653.0  1.65584522
653.5  1.65411786
654.0  1.64773205
654.5  1.66922742
655.0  1.68518783
655.5  1.70588147
656.0  1.71092304
656.5  1.69944539
657.0  1.67301781
657.5  1.64364624
658.0  1.62080601
658.5  1.61693417
659.0  1.61999071
659.5  1.64732542
660.0  1.66331534
660.5  1.69215647
661.0  1.69550566
661.5  1.70222772
662.0  1.68486306
662.5  1.66079417
663.0  1.63694294
663.5  1.60515497
664.0  1.60149020
664.5  1.58643709
665.0  1.61777010
665.5  1.62773698
666.0  1.66796377
666.5  1.67283047
667.0  1.68377237
667.5  1.67360561
668.0  1.66608830
668.5  1.66614101
669.0  1.67519876
669.5  1.70376149
670.0  1.73464874
670.5  1.77212427
671.0  1.80023775
671.5  1.81657877
672.0  1.82421578
672.5  1.80543229
673.0  1.79048628
673.5  1.75316825
674.0  1.73515309
674.5  1.70455611
675.0  1.70350282
675.5  1.70128972
676.0  1.71002269
676.5  1.71237141
677.0  1.69802303
677.5  1.68564386
678.0  1.64341079
678.5  1.63173560
679.0  1.59855698
679.5  1.61634957
680.0  1.61125685
680.5  1.64760499
681.0  1.65820853
681.5  1.69063514
682.0  1.69260384
682.5  1.69663917
683.0  1.68824982
683.5  1.67319991
684.0  1.65504636
684.5  1.64312502
685.0  1.64313073
685.5  1.65742570
686.0  1.68485207
686.5  1.71664965
687.0  1.74327485
687.5  1.75597715
688.0  1.75325500
688.5  1.73921031
689.0  1.71983348
689.5  1.70480317
690.0  1.69583829
690.5  1.69109233
691.0  1.68925551
691.5  1.68596682
692.0  1.67782153
692.5  1.66274665
693.0  1.64209818
693.5  1.61889345
694.0  1.59700914
694.5  1.58037520
695.0  1.57580171
695.5  1.58871142
696.0  1.61848068
696.5  1.66051279
697.0  1.70698804
697.5  1.74693602
698.0  1.77148264
698.5  1.77747528
699.0  1.76806297
699.5  1.75040470
700.0  1.73416001
700.5  1.72233747
701.0  1.71120149
701.5  1.70136665
702.0  1.69241281
702.5  1.68019630
703.0  1.66406745
703.5  1.64318911
704.0  1.62108694
704.5  1.60166758
705.0  1.58847498
705.5  1.58528631
706.0  1.59822873
706.5  1.62856496
707.0  1.67099625
707.5  1.71759082
708.0  1.75866653
708.5  1.78632999
709.0  1.79775800
709.5  1.79642317
710.0  1.79223876
710.5  1.79047900
711.0  1.79424725
711.5  1.80456397
712.0  1.82013991
712.5  1.83724903
713.0  1.84968346
713.5  1.85724233
714.0  1.85759014
714.5  1.84809877
715.0  1.83424212
715.5  1.81367811
716.0  1.79241622
716.5  1.77603052
717.0  1.76425208
717.5  1.75648526
718.0  1.74688327
718.5  1.73134867
719.0  1.70420715
719.5  1.66886490
720.0  1.63125623
720.5  1.60152223
721.0  1.58580081
721.5  1.58711419
722.0  1.60523391
722.5  1.63610475
723.0  1.67214157
723.5  1.71113641
724.0  1.74664501
724.5  1.77609001
725.0  1.79835487
725.5  1.81483415
726.0  1.82546091
726.5  1.83140037
727.0  1.84030208
727.5  1.85349912
728.0  1.86393743
728.5  1.87403795
729.0  1.86418702
729.5  1.83653573
730.0  1.79693953
730.5  1.74115679
731.0  1.70597747
731.5  1.65667253
732.0  1.65260218
732.5  1.62527164
733.0  1.65100250
733.5  1.64039569
734.0  1.67091433
734.5  1.66380731
735.0  1.68511793
735.5  1.68476573
736.0  1.69563258
736.5  1.70827813
737.0  1.72005489
737.5  1.75685811
738.0  1.78380927
738.5  1.83505607
739.0  1.86028960
739.5  1.88793255
740.0  1.88542779
740.5  1.87323340
741.0  1.84775394
741.5  1.82108608
742.0  1.80197361
742.5  1.79340857
743.0  1.78472632
743.5  1.79203951
744.0  1.78021680
744.5  1.78804348
745.0  1.76024674
745.5  1.75559864
746.0  1.71744104
746.5  1.70463619
747.0  1.67369683
747.5  1.66140653
748.0  1.66054931
748.5  1.66400245
749.0  1.69243141
749.5  1.70019454
750.0  1.73292483
750.5  1.72037138
751.0  1.73570919
751.5  1.70957538
752.0  1.72187472
752.5  1.71652415
753.0  1.74687341
753.5  1.76592010
754.0  1.79691152
754.5  1.81914380
755.0  1.83711165
755.5  1.84203991
756.0  1.83189331
756.5  1.81190397
757.0  1.78798283
757.5  1.75594902
758.0  1.73960845
758.5  1.71245877
759.0  1.72423910
759.5  1.71179964
760.0  1.73993422
760.5  1.72359671
761.0  1.73663611
761.5  1.70810062
762.0  1.70259653
762.5  1.69256524
763.0  1.69376709
763.5  1.71982210
764.0  1.73687258
764.5  1.78315779
765.0  1.79692342
765.5  1.83080067
766.0  1.82840439
766.5  1.83245086
767.0  1.81174341
767.5  1.78863580
768.0  1.76100957
768.5  1.74025227
769.0  1.72774995
769.5  1.72456483
770.0  1.72560844
770.5  1.73884614
771.0  1.73160596
771.5  1.73113041
772.0  1.70271622
772.5  1.69382231
773.0  1.67234608
773.5  1.67882847
774.0  1.68723449
774.5  1.71045783
775.0  1.74292468
775.5  1.76238635
776.0  1.79743553
776.5  1.79605433
777.0  1.81892865
777.5  1.79736027
778.0  1.80976846
778.5  1.78217632
779.0  1.79637948
779.5  1.78782619
780.0  1.81034691
780.5  1.81812980
781.0  1.83756874
781.5  1.84103329
782.0  1.83587152
782.5  1.82071183
783.0  1.80235308
783.5  1.78578318
784.0  1.77616470
784.5  1.76788952
785.0  1.77303976
785.5  1.76292431
786.0  1.76789046
786.5  1.74382560
787.0  1.74101087
787.5  1.70818174
788.0  1.69603795
788.5  1.67034448
789.0  1.66017411
789.5  1.66187702
790.0  1.66193495
790.5  1.69545984
791.0  1.70219695
791.5  1.74192026
792.0  1.74053257
792.5  1.76235693
793.0  1.75174514
793.5  1.75742208
794.0  1.75605135
794.5  1.76267933
795.0  1.77349486
795.5  1.77889144
796.0  1.78417712
796.5  1.77866505
797.0  1.76643853
797.5  1.75201502
798.0  1.72642485
798.5  1.71193793
799.0  1.68909720
799.5  1.69110983
800.0  1.69358187
800.5  1.71604584
801.0  1.74068793
801.5  1.76544370
802.0  1.79217412
802.5  1.79423970
803.0  1.80495580
803.5  1.78078671
804.0  1.78601118
804.5  1.76291448
805.0  1.78307256
805.5  1.77131565
806.0  1.79524137
806.5  1.78670818
807.0  1.79845037
807.5  1.78220231
808.0  1.77328165
808.5  1.75115469
809.0  1.73309795
809.5  1.71916350
810.0  1.71221829
810.5  1.71867469
811.0  1.73699330
811.5  1.76008426
812.0  1.78766151
812.5  1.79736627
813.0  1.80341379
813.5  1.78252852
814.0  1.76429210
814.5  1.73172132
815.0  1.71420625
815.5  1.70194600
816.0  1.69752788
816.5  1.70565415
817.0  1.70017972
817.5  1.71645260
818.0  1.70197101
818.5  1.71065690
819.0  1.68733494
819.5  1.69050059
820.0  1.67542621
820.5  1.68249678
821.0  1.69878084
821.5  1.72620640
822.0  1.77019890
822.5  1.80050518
823.0  1.83871700
823.5  1.84302251
824.0  1.84729338
824.5  1.83173888
825.0  1.81856181
825.5  1.80731942
826.0  1.80304373
826.5  1.80814166
827.0  1.81706673
827.5  1.82500191
828.0  1.83436075
828.5  1.82784787
829.0  1.82793123
829.5  1.80263887
830.0  1.79369299
830.5  1.75999654
831.0  1.75926644
831.5  1.73928263
832.0  1.75587488
832.5  1.75137324
833.0  1.77079149
833.5  1.76239229
834.0  1.75398287
834.5  1.72665864
835.0  1.69825962
835.5  1.67843097
836.0  1.66430723
836.5  1.67139696
837.0  1.67711011
837.5  1.70111386
838.0  1.71695938
838.5  1.73993898
839.0  1.75041090
839.5  1.75548574
840.0  1.75316918
840.5  1.74429479
841.0  1.73650245
841.5  1.73175294
842.0  1.73552134
842.5  1.75312059
843.0  1.76391865
843.5  1.78539713
844.0  1.78109171
844.5  1.78282603
845.0  1.75410191
845.5  1.73931416
846.0  1.71706948
846.5  1.71252858
847.0  1.71751656
847.5  1.72654405
848.0  1.75306024
848.5  1.76481886
849.0  1.79252612
849.5  1.78935984
850.0  1.80023788
850.5  1.77987659
851.0  1.77522496
851.5  1.75736063
852.0  1.75673731
852.5  1.76009463
853.0  1.77693356
853.5  1.80024768
854.0  1.81801898
854.5  1.82972788
855.0  1.82569765
855.5  1.80799931
856.0  1.78813542
856.5  1.76636164
857.0  1.76155372
857.5  1.75727996
858.0  1.77239741
858.5  1.77801729
859.0  1.79933174
859.5  1.80084260
860.0  1.80282073
860.5  1.78271288
861.0  1.75853589
861.5  1.73256863
862.0  1.69886489
862.5  1.68095861
863.0  1.66284108
863.5  1.68552392
864.0  1.69645597
864.5  1.70658552
865.0  1.71147046
865.5  1.71078762
866.0  1.70269031
866.5  1.68958375
867.0  1.67907594
867.5  1.67868908
868.0  1.69003654
868.5  1.70812683
869.0  1.72824633
869.5  1.74818545
870.0  1.76207233
870.5  1.76233498
871.0  1.75110326
871.5  1.73272067
872.0  1.70780133
872.5  1.68425330
873.0  1.67225909
873.5  1.67753923
874.0  1.70122846
874.5  1.73483224
875.0  1.77176610
875.5  1.80363577
876.0  1.82009052
876.5  1.82481494
877.0  1.82122035
877.5  1.81486267
878.0  1.81300819
878.5  1.81507784
879.0  1.82185322
879.5  1.82698538
880.0  1.82823025
880.5  1.82170548
881.0  1.80321480
881.5  1.77332493
882.0  1.73554021
882.5  1.69320946
883.0  1.65553736
883.5  1.62967484
884.0  1.61926852
884.5  1.62605283
885.0  1.64595992
885.5  1.66895607
886.0  1.68497822
886.5  1.69029977
887.0  1.68692738
887.5  1.67805375
888.0  1.67065882
888.5  1.67029305
889.0  1.67521488
889.5  1.68359044
890.0  1.69242703
890.5  1.69970888
891.0  1.70071721
891.5  1.69360624
892.0  1.67871153
892.5  1.65576667
893.0  1.63085250
893.5  1.61168920
894.0  1.60510947
894.5  1.61714808
895.0  1.64527557
895.5  1.68169688
896.0  1.71576126
896.5  1.73904320
897.0  1.74406294
897.5  1.73330107
898.0  1.71386214
898.5  1.69283247
899.0  1.67865858
899.5  1.67406438
900.0  1.67763083
900.5  1.69014015
901.0  1.70513810
901.5  1.71703039
902.0  1.72301288
902.5  1.72096922
903.0  1.71120460
903.5  1.69702804
904.0  1.68266728
904.5  1.67595129
905.0  1.68457916
905.5  1.70848530
906.0  1.73745668
906.5  1.76367429
907.0  1.78185509
907.5  1.78336511
908.0  1.76508979
908.5  1.73600996
909.0  1.71005856
909.5  1.68864786
910.0  1.67646408
910.5  1.67468025
911.0  1.68315530
911.5  1.69188798
912.0  1.69832073
912.5  1.69909184
913.0  1.69219191
913.5  1.67214294
914.0  1.64524066
914.5  1.62082307
915.0  1.60373561
915.5  1.59988075
916.0  1.62691755
916.5  1.64673525
917.0  1.69129049
917.5  1.69888455
918.0  1.71868502
918.5  1.69326626
919.0  1.67951850
919.5  1.64705638
920.0  1.63072261
920.5  1.62365473
921.0  1.62257310
921.5  1.64323027
922.0  1.65122491
922.5  1.67915905
923.0  1.67886655
923.5  1.68605290
924.0  1.66538855
924.5  1.65114017
925.0  1.62605161
925.5  1.61640670
926.0  1.62403623
926.5  1.64713717
927.0  1.68075072
927.5  1.71828313
928.0  1.73964103
928.5  1.75063402
929.0  1.72792161
929.5  1.70817269
930.0  1.66657952
930.5  1.64823727
931.0  1.62015756
931.5  1.61776316
932.0  1.62215177
932.5  1.63332154
933.0  1.64769256
933.5  1.64029777
934.0  1.64508551
934.5  1.61593706
935.0  1.60879487
935.5  1.56898932
936.0  1.57187020
936.5  1.56543163
937.0  1.60321212
937.5  1.62869051
938.0  1.67328755
938.5  1.69375019
939.0  1.70685101
939.5  1.69801138
940.0  1.67853119
940.5  1.65602306
941.0  1.64037627
941.5  1.63398091
942.0  1.64483062
942.5  1.65491933
943.0  1.68601270
943.5  1.69296593
944.0  1.71822615
944.5  1.70014354
945.0  1.69988911
945.5  1.65901079
946.0  1.63779601
946.5  1.60962719
947.0  1.60381674
947.5  1.61978160
948.0  1.65047325
948.5  1.68578830
949.0  1.71812987
949.5  1.73959566
950.0  1.74350385
950.5  1.73191012
951.0  1.71766985
951.5  1.70962014
952.0  1.71043529
952.5  1.72152010
953.0  1.74401113
953.5  1.77451619
954.0  1.80428009
954.5  1.82588212
955.0  1.83701030
955.5  1.83525763
956.0  1.82548587
956.5  1.81283139
957.0  1.80527410
957.5  1.80911475
958.0  1.82587423
958.5  1.85150724
959.0  1.87227192
959.5  1.87741801
960.0  1.86351512
960.5  1.83354653
961.0  1.79295657
961.5  1.75040980
962.0  1.71637631
962.5  1.69461284
963.0  1.68591523
963.5  1.69052452
964.0  1.70232954
964.5  1.71120718
965.0  1.71255762
965.5  1.69939852
966.0  1.67183560
966.5  1.63737406
967.0  1.60386600
967.5  1.57995496
968.0  1.57394993
968.5  1.58448227
969.0  1.60628685
969.5  1.62775629
970.0  1.63985309
970.5  1.63857044
971.0  1.62122316
971.5  1.59597215
972.0  1.57077813
972.5  1.55570769
973.0  1.55623551
973.5  1.57057104
974.0  1.59635529
974.5  1.63029585
975.0  1.66291732
975.5  1.68301562
976.0  1.68969275
976.5  1.67990359
977.0  1.65845478
977.5  1.63343761
978.0  1.62002206
978.5  1.62302454
979.0  1.64281566
979.5  1.67175209
980.0  1.70406057
980.5  1.72829442
981.0  1.73879424
981.5  1.73604775
982.0  1.72656164
982.5  1.71683687
983.0  1.71326864
983.5  1.71945264
984.0  1.73254216
984.5  1.74983663
985.0  1.76986736
985.5  1.78057388
986.0  1.77308811
986.5  1.74669414
987.0  1.70590161
987.5  1.65400729
988.0  1.60158399
988.5  1.56073295
989.0  1.54255922
989.5  1.54826585
990.0  1.56653930
990.5  1.58709413
991.0  1.60175744
991.5  1.60185872
992.0  1.58920278
992.5  1.57100949
993.0  1.55238812
993.5  1.53812093
994.0  1.53152850
994.5  1.53465538
995.0  1.54738222
995.5  1.56299290
996.0  1.57258065
996.5  1.57265326
997.0  1.56184496
997.5  1.54056832
998.0  1.50920112
998.5  1.47800656
999.0  1.46628736
999.5  1.47702259
1000.0  1.50542724
