0.0  239.5415
0.5  257.0488
1.0  267.8072
1.5  272.8474
2.0  274.4250
2.5  275.1500
3.0  277.1505
3.5  281.3702
4.0  287.1102
4.5  292.0353
5.0  292.8636
5.5  286.6915
6.0  272.4767
6.5  251.9525
7.0  229.3999
7.5  210.2299
8.0  198.9562
8.5  197.5181
9.0  204.7524
9.5  217.1806
10.0  230.5915
10.5  241.6252
11.0  248.7546
11.5  252.4619
12.0  254.7414
12.5  258.2236
13.0  265.2328
13.5  277.0001
14.0  293.1448
14.5  311.5168
15.0  328.5505
15.5  340.2385
16.0  343.5622
16.5  337.8504
17.0  325.3861
17.5  310.8242
18.0  299.5305
18.5  295.5242
19.0  299.9763
19.5  310.9564
20.0  324.4576
20.5  336.0991
21.0  342.6991
21.5  343.1473
22.0  338.4271
22.5  330.9774
23.0  323.7506
23.5  319.3010
24.0  319.0838
24.5  322.9921
25.0  329.1797
25.5  334.3537
26.0  334.7194
26.5  327.4441
27.0  312.0741
27.5  291.1719
28.0  269.7147
28.5  253.3736
29.0  246.3795
29.5  249.9448
30.0  261.9626
30.5  278.0434
31.0  293.2938
31.5  304.0117
32.0  308.6902
32.5  308.1503
33.0  304.9714
33.5  302.5449
34.0  304.0392
34.5  311.4331
35.0  324.7074
35.5  341.4094
36.0  356.9601
36.5  365.9359
37.0  364.0432
37.5  349.9669
38.0  326.1781
38.5  298.2078
39.0  272.6035
39.5  254.4355
40.0  245.4861
40.5  243.9303
41.0  245.5275
41.5  245.5929
42.0  240.7822
42.5  230.0416
43.0  214.6056
43.5  197.3341
44.0  181.8089
44.5  171.4821
45.0  168.9051
45.5  174.9442
46.0  188.1056
46.5  204.4548
47.0  218.6217
47.5  225.7887
48.0  223.8040
48.5  214.2965
49.0  202.1199
49.5  193.3096
50.0  192.5177
50.5  201.1725
51.0  217.1998
51.5  236.2594
52.0  253.6884
52.5  266.1697
53.0  272.5253
53.5  273.5919
54.0  271.5320
54.5  269.0382
55.0  268.7088
55.5  272.5456
56.0  281.3560
56.5  294.0826
57.0  307.5521
57.5  317.2340
58.0  319.0266
58.5  311.2668
59.0  295.8342
59.5  277.6509
60.0  262.7409
60.5  255.7819
61.0  258.3422
61.5  268.5990
62.0  282.5063
62.5  295.6584
63.0  304.9140
63.5  309.1917
64.0  309.3751
64.5  307.6567
65.0  306.7613
65.5  309.3060
66.0  317.2331
66.5  331.1132
67.0  349.4038
67.5  368.2264
68.0  382.2685
68.5  386.7565
69.0  379.5967
69.5  362.5059
70.0  340.4641
70.5  319.7121
71.0  305.2608
71.5  299.0978
72.0  299.8675
72.5  303.9923
73.0  307.4994
73.5  307.6283
74.0  303.6079
74.5  296.5081
75.0  288.5001
75.5  282.0184
76.0  279.1626
76.5  281.3014
77.0  288.6181
77.5  299.5621
78.0  310.6670
78.5  317.3190
79.0  315.5002
79.5  303.7172
80.0  284.0133
80.5  261.4085
81.0  241.9597
81.5  230.3681
82.0  228.2846
82.5  234.0598
83.0  243.8797
83.5  253.5598
84.0  260.1029
84.5  262.4548
85.0  261.3930
85.5  258.8686
86.0  257.2389
86.5  258.6523
87.0  264.5314
87.5  274.9797
88.0  288.2151
88.5  300.5304
89.0  307.2559
89.5  304.5733
90.0  291.3328
90.5  269.8653
91.0  245.2778
91.5  223.5024
92.0  209.0131
92.5  203.2851
93.0  204.6579
93.5  209.5022
94.0  213.9672
94.5  215.4633
95.0  213.3617
95.5  208.8583
96.0  204.2920
96.5  202.3031
97.0  205.0729
97.5  213.6576
98.0  227.3952
98.5  243.6028
99.0  258.0031
99.5  266.0809
100.0  264.9556
100.5  254.8629
101.0  239.4202
101.5  224.4294
102.0  215.6874
102.5  216.7830
103.0  227.8829
103.5  245.9992
104.0  266.4615
104.5  284.7882
105.0  298.1450
105.5  305.9612
106.0  309.7128
106.5  312.1619
107.0  316.3872
107.5  324.8139
108.0  338.3220
108.5  355.5795
109.0  372.9641
109.5  385.4515
110.0  388.4005
110.5  379.5375
111.0  360.1814
111.5  335.0609
112.0  310.7356
112.5  293.2588
113.0  286.0755
113.5  289.0405
114.0  298.8910
114.5  310.8057
115.0  320.2626
115.5  324.4596
116.0  322.9286
116.5  317.3697
117.0  310.9533
117.5  307.3563
118.0  309.6628
118.5  319.2112
119.0  334.6648
119.5  351.8691
120.0  364.9552
120.5  368.4878
121.0  359.7253
121.5  339.8908
122.0  313.8438
122.5  288.2971
123.0  269.3374
123.5  260.2791
124.0  260.7156
124.5  267.0521
125.0  274.1257
125.5  277.1217
126.0  273.0672
126.5  261.5441
127.0  244.6335
127.5  226.2969
128.0  211.3854
128.5  204.3452
129.0  207.7235
129.5  220.9044
130.0  239.8283
130.5  258.2148
131.0  269.9605
131.5  271.5945
132.0  263.6172
132.5  250.1635
133.0  237.2178
133.5  230.1741
134.0  231.7630
134.5  241.1804
135.0  254.6820
135.5  267.2257
136.0  274.3462
136.5  273.5320
137.0  264.7665
137.5  250.3110
138.0  234.0116
138.5  220.3558
139.0  213.3229
139.5  215.0716
140.0  224.8411
140.5  238.7768
141.0  251.1579
141.5  256.6865
142.0  252.7574
142.5  240.6091
143.0  224.8578
143.5  211.6663
144.0  206.3396
144.5  211.3493
145.0  225.5867
145.5  245.0672
146.0  264.6363
146.5  279.8523
147.0  288.3064
147.5  290.0365
148.0  287.1387
148.5  282.9472
149.0  281.1150
149.5  284.6737
150.0  295.0105
150.5  310.9717
151.0  328.7082
151.5  342.7839
152.0  348.3111
152.5  343.0953
153.0  328.6806
153.5  309.7812
154.0  292.3896
154.5  281.4237
155.0  278.9423
155.5  283.6577
156.0  291.8345
156.5  299.0356
157.0  301.8927
157.5  299.2269
158.0  292.2362
158.5  283.8864
159.0  277.9084
159.5  277.7847
160.0  285.8455
160.5  302.4233
161.0  325.2271
161.5  349.4672
162.0  369.1509
162.5  379.2435
163.0  377.6771
163.5  366.1718
164.0  349.4729
164.5  333.3954
165.0  322.5718
165.5  318.8537
166.0  320.9550
166.5  325.3274
167.0  327.7608
167.5  325.0141
168.0  315.9140
168.5  301.6379
169.0  285.2143
169.5  270.5273
170.0  261.1980
170.5  259.5722
171.0  265.8888
171.5  277.8081
172.0  290.7078
172.5  299.0320
173.0  298.3521
173.5  287.2000
174.0  267.7337
174.5  244.8901
175.0  224.4304
175.5  210.7677
176.0  205.5062
176.5  207.2246
177.0  212.4320
177.5  217.1487
178.0  218.4303
178.5  215.3188
179.0  208.9993
179.5  202.2430
180.0  198.4413
180.5  200.5699
181.0  210.2597
181.5  227.0329
182.0  247.9261
182.5  267.9413
183.0  281.5520
183.5  284.8039
184.0  276.9967
184.5  261.0583
185.0  242.4080
185.5  226.8617
186.0  218.5292
186.5  218.5764
187.0  225.2450
187.5  234.9384
188.0  243.7930
188.5  249.1009
189.0  250.1375
189.5  248.2292
190.0  246.1659
190.5  247.2547
191.0  254.3097
191.5  268.7185
192.0  289.6664
192.5  313.8018
193.0  335.8118
193.5  350.0617
194.0  352.7417
194.5  343.4811
195.0  325.5987
195.5  304.8600
196.0  287.3207
196.5  277.1965
197.0  275.6107
197.5  280.6131
198.0  288.2900
198.5  294.3959
199.0  295.8677
199.5  291.7600
200.0  283.4042
200.5  273.8695
201.0  267.0028
201.5  266.3473
202.0  274.0914
202.5  290.1371
203.0  311.6034
203.5  333.2984
204.0  349.3881
204.5  355.6927
205.0  351.4636
205.5  339.6929
206.0  325.8117
206.5  315.4513
207.0  312.3189
207.5  317.0579
208.0  327.4072
208.5  339.3736
209.0  348.8041
209.5  352.7396
210.0  350.1421
210.5  341.8730
211.0  330.1034
211.5  317.5441
212.0  306.8075
212.5  299.8832
213.0  297.5205
213.5  298.6082
214.0  300.1208
214.5  298.1388
215.0  289.6918
215.5  274.4158
216.0  255.0144
216.5  236.2410
217.0  222.9640
217.5  218.2944
218.0  222.5951
218.5  233.6512
219.0  247.7359
219.5  261.0093
220.0  270.6998
220.5  275.7066
221.0  276.5255
221.5  274.6847
222.0  272.0635
222.5  270.3776
223.0  270.7876
223.5  273.4112
224.0  276.8213
224.5  278.0661
225.0  273.6743
225.5  261.3737
226.0  241.5565
226.5  217.5630
227.0  194.5580
227.5  177.5679
228.0  169.6234
228.5  170.8054
229.0  178.4972
229.5  188.6088
230.0  197.2082
230.5  201.9268
231.0  202.6509
231.5  201.3004
232.0  200.8860
232.5  204.3469
233.0  213.6498
233.5  229.2725
234.0  249.9285
234.5  272.5505
235.0  292.8576
235.5  306.6917
236.0  311.6869
236.5  308.3892
237.0  300.1369
237.5  291.7073
238.0  287.3761
238.5  289.2767
239.0  296.7224
239.5  306.6722
240.0  315.0457
240.5  318.3258
241.0  314.8693
241.5  305.4861
242.0  293.1158
242.5  281.7856
243.0  275.3387
243.5  276.4104
244.0  285.8195
244.5  302.2827
245.0  322.4882
245.5  341.7976
246.0  355.6797
246.5  361.4104
247.0  359.1820
247.5  351.9834
248.0  344.2682
248.5  340.0406
249.0  341.2163
249.5  346.9222
250.0  353.9307
250.5  357.9567
251.0  355.2644
251.5  344.0036
252.0  324.8449
252.5  300.7542
253.0  276.0772
253.5  255.3469
254.0  242.1969
254.5  238.5166
255.0  243.8648
255.5  255.3625
256.0  268.4377
256.5  278.4601
257.0  282.6259
257.5  281.1105
258.0  276.8591
258.5  274.1379
259.0  276.5798
259.5  285.6200
260.0  299.9373
260.5  316.0148
261.0  329.4812
261.5  336.6657
262.0  335.8096
262.5  327.5412
263.0  314.5012
263.5  300.3501
264.0  288.6140
264.5  281.7438
265.0  280.4732
265.5  283.4564
266.0  287.3868
266.5  287.9265
267.0  281.3734
267.5  266.3634
268.0  244.6827
268.5  220.7212
269.0  199.8237
269.5  186.3089
270.0  181.9938
270.5  185.7521
271.0  194.1614
271.5  202.8862
272.0  208.2469
272.5  208.4275
273.0  203.9406
273.5  197.2598
274.0  191.8846
274.5  191.2813
275.0  197.9704
275.5  212.7187
276.0  233.8471
276.5  257.1134
277.0  276.7575
277.5  287.6245
278.0  287.3579
278.5  277.4334
279.0  262.4969
279.5  248.4166
280.0  240.0198
280.5  239.4637
281.0  245.7793
281.5  255.5933
282.0  264.6185
282.5  269.3115
283.0  268.1132
283.5  261.8750
284.0  253.4096
284.5  246.4955
285.0  244.8237
285.5  251.1219
286.0  266.3333
286.5  288.8475
287.0  314.3200
287.5  336.7507
288.0  350.7075
288.5  353.5924
289.0  346.6770
289.5  334.4097
290.0  322.4697
290.5  315.5574
291.0  315.8323
291.5  322.4847
292.0  332.4182
292.5  341.6371
293.0  346.7627
293.5  346.1342
294.0  340.1521
294.5  330.8705
295.0  321.2155
295.5  314.2789
296.0  312.7740
296.5  318.3223
297.0  330.4494
297.5  345.9221
298.0  359.3783
298.5  365.3960
299.0  360.9382
299.5  346.7250
300.0  326.8197
300.5  306.7970
301.0  291.4960
301.5  283.3475
302.0  281.8416
302.5  284.1622
303.0  286.5855
303.5  286.0281
304.0  281.1262
304.5  272.4493
305.0  261.8910
305.5  251.7541
306.0  244.1528
306.5  240.8555
307.0  243.0555
307.5  250.6482
308.0  261.4639
308.5  271.4859
309.0  276.4571
309.5  274.0222
310.0  264.9996
310.5  253.0017
311.0  242.7185
311.5  237.8548
312.0  239.6944
312.5  246.7948
313.0  255.7649
313.5  262.6942
314.0  264.6429
314.5  260.6307
315.0  251.7561
315.5  240.4850
316.0  229.6111
316.5  221.5191
317.0  217.9244
317.5  219.6508
318.0  226.0728
318.5  234.6318
319.0  241.3172
319.5  242.3681
320.0  236.2905
320.5  224.8690
321.0  212.5372
321.5  204.5154
322.0  204.7141
322.5  214.3226
323.0  231.5271
323.5  252.2971
324.0  271.8373
324.5  286.1561
325.0  293.2092
325.5  293.2276
326.0  288.2025
326.5  280.9508
327.0  274.3370
327.5  270.8271
328.0  272.0004
328.5  277.7526
329.0  285.7015
329.5  291.7187
330.0  291.7868
330.5  284.1779
331.0  270.5586
331.5  255.3725
332.0  243.9416
332.5  240.3231
333.0  245.8726
333.5  258.9769
334.0  275.8858
334.5  292.2073
335.0  304.4741
335.5  311.2053
336.0  313.0901
336.5  312.3328
337.0  311.6482
337.5  313.4855
338.0  319.6129
338.5  330.7061
339.0  345.7563
339.5  361.7930
340.0  374.6432
340.5  380.6966
341.0  378.6921
341.5  370.3883
342.0  359.7389
342.5  351.0945
343.0  347.3754
343.5  349.0029
344.0  353.9187
344.5  358.5480
345.0  359.2544
345.5  353.7063
346.0  341.6223
346.5  324.6205
347.0  305.3635
347.5  286.6138
348.0  270.7580
348.5  259.7412
349.0  254.8208
349.5  255.8535
350.0  260.7126
350.5  265.7533
351.0  267.4509
351.5  264.2419
352.0  257.3446
352.5  250.0768
353.0  246.1460
353.5  247.8682
354.0  255.1302
354.5  265.4360
355.0  274.8923
355.5  279.6827
356.0  277.4581
356.5  268.1070
357.0  253.5991
357.5  237.0506
358.0  221.6220
358.5  209.8613
359.0  203.5209
359.5  203.3363
360.0  208.5083
360.5  216.4198
361.0  223.3475
361.5  226.1321
362.0  223.8126
362.5  218.1377
363.0  212.6556
363.5  210.9690
364.0  215.0967
364.5  224.6653
365.0  237.1504
365.5  248.9442
366.0  256.7730
366.5  258.9164
367.0  255.7516
367.5  249.3940
368.0  242.6730
368.5  238.0988
369.0  237.3881
369.5  241.4714
370.0  250.3981
370.5  262.8942
371.0  276.1403
371.5  286.5191
372.0  291.2409
372.5  289.8412
373.0  284.5150
373.5  279.0732
374.0  277.1655
374.5  280.7089
375.0  289.1952
375.5  300.0424
376.0  309.7296
376.5  315.2351
377.0  315.2240
377.5  310.4914
378.0  303.4380
378.5  296.8845
379.0  292.9977
379.5  292.9569
380.0  297.2043
380.5  305.5256
381.0  316.6153
381.5  327.7386
382.0  335.3533
382.5  336.6795
383.0  331.2077
383.5  321.0758
384.0  310.0742
384.5  301.9079
385.0  298.6516
385.5  300.0666
386.0  303.9478
386.5  307.2432
387.0  307.4642
387.5  303.8244
388.0  297.6052
388.5  291.5285
389.0  288.4597
389.5  290.2358
390.0  297.2762
390.5  308.8783
391.0  323.5200
391.5  338.8213
392.0  351.6151
392.5  358.7375
393.0  358.3985
393.5  351.2401
394.0  340.2727
394.5  329.6362
395.0  322.8488
395.5  321.3938
396.0  324.2070
396.5  328.1703
397.0  329.3486
397.5  324.5106
398.0  312.3886
398.5  294.1590
399.0  272.8762
399.5  252.1361
400.0  234.7527
400.5  222.1513
401.0  214.4785
401.5  210.8409
402.0  209.3467
402.5  207.3164
403.0  202.1514
403.5  192.6619
404.0  180.0011
404.5  167.4781
405.0  159.2650
405.5  158.6771
406.0  166.8532
406.5  182.3545
407.0  201.7424
407.5  220.8425
408.0  236.2189
408.5  246.3164
409.0  251.7840
409.5  254.7943
410.0  257.7314
410.5  262.0674
411.0  268.0481
411.5  275.0385
412.0  281.8577
412.5  286.7906
413.0  287.6974
413.5  282.7336
414.0  271.4914
414.5  255.7474
415.0  239.1586
415.5  225.9702
416.0  219.4054
416.5  220.5027
417.0  227.8482
417.5  238.2290
418.0  247.9265
418.5  254.1896
419.0  256.3321
419.5  255.9367
420.0  255.9854
420.5  259.3614
421.0  267.6237
421.5  280.6991
422.0  297.3030
422.5  315.3994
423.0  332.3988
423.5  345.4822
424.0  352.4455
424.5  352.7932
425.0  348.3040
425.5  342.5344
426.0  339.4251
426.5  341.6940
427.0  349.7336
427.5  361.4119
428.0  372.7923
428.5  379.5100
429.0  378.3683
429.5  368.5787
430.0  352.0612
430.5  332.5450
431.0  313.8986
431.5  298.6736
432.0  287.6371
432.5  280.1886
433.0  274.9566
433.5  270.1753
434.0  264.0919
434.5  255.7132
435.0  245.6396
435.5  236.3374
436.0  231.4538
436.5  234.3993
437.0  246.8547
437.5  267.8608
438.0  293.8442
438.5  319.5718
439.0  339.7502
439.5  350.7704
440.0  351.9434
440.5  345.5897
441.0  335.7946
441.5  326.4412
442.0  319.6798
442.5  315.6183
443.0  312.9840
443.5  309.9050
444.0  304.3698
444.5  294.6379
445.0  279.9271
445.5  261.1497
446.0  241.0930
446.5  223.7002
447.0  212.6909
447.5  210.1470
448.0  215.6703
448.5  226.4188
449.0  238.0003
449.5  245.9535
450.0  247.3618
450.5  241.9886
451.0  232.3366
451.5  222.4443
452.0  215.9929
452.5  214.8259
453.0  218.6411
453.5  225.6414
454.0  233.3578
454.5  239.2163
455.0  241.0526
455.5  237.8222
456.0  230.2605
456.5  220.9528
457.0  213.5449
457.5  211.3695
458.0  216.0964
458.5  226.9736
459.0  240.9423
459.5  253.5977
460.0  260.7279
460.5  259.9571
461.0  251.8459
461.5  239.8117
462.0  228.6975
462.5  222.6530
463.0  223.5530
463.5  230.7844
464.0  242.1469
464.5  254.9540
465.0  266.7546
465.5  275.7952
466.0  281.4921
466.5  284.7944
467.0  288.0442
467.5  294.1523
468.0  305.3622
468.5  322.1443
469.0  342.6999
469.5  363.2837
470.0  379.2782
470.5  386.7405
471.0  383.9484
471.5  372.3001
472.0  355.9662
472.5  340.2185
473.0  329.2311
473.5  324.6276
474.0  325.5034
474.5  329.4978
475.0  333.9128
475.5  336.3603
476.0  335.1590
476.5  329.8046
477.0  321.3713
477.5  312.4090
478.0  306.1304
478.5  305.1619
479.0  310.4067
479.5  320.5055
480.0  332.1116
480.5  340.9190
481.0  343.1662
481.5  337.1323
482.0  323.9777
482.5  307.3621
483.0  291.8277
483.5  280.7748
484.0  275.2377
484.5  274.0470
485.0  274.8640
485.5  275.1408
486.0  272.6366
486.5  265.8105
487.0  254.3798
487.5  239.7997
488.0  225.1535
488.5  214.2484
489.0  210.2358
489.5  214.3574
490.0  225.3377
490.5  239.6633
491.0  252.6984
491.5  260.3428
492.0  260.6940
492.5  254.9687
493.0  247.0352
493.5  241.5616
494.0  241.7534
494.5  248.0546
495.0  258.4413
495.5  269.6855
496.0  278.5189
496.5  282.2704
497.0  279.2893
497.5  269.4480
498.0  254.5027
498.5  237.8560
499.0  223.5727
499.5  214.9907
500.0  213.5189
500.5  218.1094
501.0  225.6165
501.5  231.9615
502.0  233.7746
502.5  229.9410
503.0  222.3028
503.5  214.9488
504.0  212.2501
504.5  216.7321
505.0  228.1089
505.5  243.9025
506.0  260.8411
506.5  275.9428
507.0  286.9564
507.5  292.5754
508.0  292.7752
508.5  289.0800
509.0  284.3250
509.5  281.7694
510.0  283.8699
510.5  291.2462
511.0  302.2764
511.5  313.5088
512.0  320.8255
512.5  321.0554
513.0  313.4717
513.5  300.4122
514.0  286.4390
514.5  276.2330
515.0  272.4027
515.5  274.6000
516.0  280.3380
516.5  286.5875
517.0  290.9492
517.5  292.0454
518.0  289.5873
518.5  284.5262
519.0  279.1477
519.5  276.7079
520.0  280.4834
520.5  292.5492
521.0  312.8058
521.5  338.6772
522.0  365.6434
522.5  388.5231
523.0  403.1860
523.5  408.1197
524.0  405.0775
524.5  398.2176
525.0  391.9343
525.5  388.5830
526.0  387.5357
526.5  386.0039
527.0  380.7309
527.5  369.3262
528.0  350.8062
528.5  325.7003
529.0  296.0846
529.5  265.4528
530.0  238.1297
530.5  218.1889
531.0  208.2103
531.5  208.3731
532.0  216.2593
532.5  227.5021
533.0  237.1651
533.5  241.5008
534.0  239.4671
534.5  233.2137
535.0  227.0114
535.5  224.9631
536.0  228.8125
536.5  237.2426
537.0  246.9208
537.5  254.2452
538.0  256.5839
538.5  252.6963
539.0  242.7879
539.5  228.5625
540.0  213.1303
540.5  200.4412
541.0  194.1963
541.5  196.5917
542.0  207.4109
542.5  223.8646
543.0  241.3149
543.5  254.7477
544.0  260.5921
544.5  258.2099
545.0  250.2574
545.5  241.4687
546.0  236.3200
546.5  236.9339
547.0  242.4989
547.5  250.2910
548.0  257.2417
548.5  261.0104
549.0  260.4027
549.5  255.5408
550.0  247.9951
550.5  240.6496
551.0  237.0214
551.5  240.1036
552.0  251.1491
552.5  268.9175
553.0  289.7401
553.5  308.4860
554.0  320.2256
554.5  322.1034
555.0  314.6694
555.5  301.8691
556.0  289.3742
556.5  281.9513
557.0  281.3937
557.5  286.2459
558.0  293.1848
558.5  298.8112
559.0  300.7730
559.5  298.1122
560.0  291.3084
560.5  282.2777
561.0  274.1439
561.5  270.5281
562.0  274.4061
562.5  286.9175
563.0  306.6174
563.5  329.5318
564.0  350.1282
564.5  363.0381
565.0  365.0606
565.5  356.6532
566.0  342.0034
566.5  327.2604
567.0  317.6379
567.5  315.0860
568.0  317.9573
568.5  322.5690
569.0  325.2569
569.5  323.6613
570.0  317.0643
570.5  306.2990
571.0  293.5825
571.5  282.1649
572.0  275.5759
572.5  276.5199
573.0  285.7840
573.5  301.6160
574.0  319.9019
574.5  335.2274
575.0  342.6321
575.5  339.5500
576.0  327.1290
576.5  310.0585
577.0  294.6014
577.5  285.6681
578.0  284.6370
578.5  289.2011
579.0  295.0023
579.5  297.6797
580.0  294.2090
580.5  283.4062
581.0  266.0196
581.5  244.6264
582.0  223.1965
582.5  206.1736
583.0  197.2114
583.5  197.9616
584.0  207.3586
584.5  221.7080
585.0  235.6710
585.5  243.9939
586.0  243.5268
586.5  234.7369
587.0  221.7879
587.5  210.7540
588.0  206.6803
588.5  211.1819
589.0  221.9979
589.5  234.4645
590.0  243.6495
590.5  245.9703
591.0  239.9899
591.5  226.6312
592.0  208.9721
592.5  191.5675
593.0  179.2888
593.5  175.9173
594.0  182.9161
594.5  198.8102
595.0  219.4510
595.5  239.2196
596.0  252.9553
596.5  258.0544
597.0  255.8422
597.5  251.2867
598.0  250.7979
598.5  259.1087
599.0  277.0544
599.5  301.4861
600.0  326.9815
600.5  348.0156
601.0  360.5586
601.5  362.9080
602.0  355.9417
602.5  342.8575
603.0  328.3513
603.5  317.3244
604.0  313.4408
604.5  317.9645
605.0  329.2513
605.5  343.1056
606.0  354.0217
606.5  357.0864
607.0  350.0039
607.5  334.3689
608.0  315.3072
608.5  299.2962
609.0  291.1829
609.5  292.1382
610.0  299.6350
610.5  309.0512
611.0  315.6410
611.5  315.9815
612.0  308.7595
612.5  295.0448
613.0  278.0601
613.5  262.3827
614.0  252.6871
614.5  252.3554
615.0  262.3707
615.5  280.8320
616.0  303.2808
616.5  323.8601
617.0  337.1299
617.5  340.0650
618.0  333.4262
618.5  321.6167
619.0  310.7247
619.5  305.6094
620.0  307.7054
620.5  314.7461
621.0  322.2068
621.5  325.3148
622.0  320.6742
622.5  307.2181
623.0  286.5130
623.5  262.4078
624.0  240.0384
624.5  224.4042
625.0  218.9199
625.5  224.3651
626.0  238.5377
626.5  256.7493
627.0  273.1430
627.5  282.6155
628.0  282.8039
628.5  275.2514
629.0  264.8726
629.5  257.5970
630.0  257.3448
630.5  264.1524
631.0  274.4684
631.5  283.0533
632.0  285.1152
632.5  277.7735
633.0  260.7359
633.5  236.3474
634.0  209.0592
634.5  184.3463
635.0  167.2826
635.5  161.1519
636.0  166.4899
636.5  180.8332
637.0  199.3047
637.5  216.0156
638.0  226.0563
638.5  227.5015
639.0  222.4921
639.5  216.4954
640.0  215.7000
640.5  223.8504
641.0  240.4460
641.5  261.2785
642.0  280.5846
642.5  293.3116
643.0  296.5665
643.5  290.1832
644.0  276.6377
644.5  260.4117
645.0  246.8587
645.5  240.7753
646.0  245.0379
646.5  259.6771
647.0  281.6698
647.5  305.5992
648.0  325.1910
648.5  335.4887
649.0  335.0122
649.5  326.8136
650.0  317.4353
650.5  313.8231
651.0  319.8113
651.5  334.3793
652.0  352.6205
652.5  368.3761
653.0  376.7273
653.5  375.3430
654.0  364.7475
654.5  347.9236
655.0  329.4856
655.5  314.5229
656.0  307.2833
656.5  309.9838
657.0  322.0536
657.5  340.0404
658.0  358.3169
658.5  370.6045
659.0  372.1018
659.5  361.5844
660.0  342.3959
660.5  321.3153
661.0  305.3583
661.5  298.1937
662.0  298.4955
662.5  301.2151
663.0  300.5849
663.5  292.7763
664.0  277.0311
664.5  255.4178
665.0  231.9098
665.5  211.2873
666.0  198.0416
666.5  195.3513
667.0  204.2498
667.5  223.1574
668.0  247.9524
668.5  272.7236
669.0  291.2573
669.5  299.0823
670.0  295.4616
670.5  284.2537
671.0  272.6216
671.5  267.6489
672.0  272.5837
672.5  285.1296
673.0  298.8695
673.5  306.6441
674.0  303.6567
674.5  288.9001
675.0  264.9106
675.5  236.5820
676.0  209.7062
676.5  189.5904
677.0  179.9099
677.5  181.9061
678.0  194.0336
678.5  212.1612
679.0  230.4250
679.5  242.7770
680.0  245.0651
680.5  237.0372
681.0  223.1810
681.5  211.3516
682.0  209.2279
682.5  220.3508
683.0  242.2462
683.5  267.8210
684.0  288.8930
684.5  299.5619
685.0  297.8851
685.5  285.7573
686.0  267.7105
686.5  249.3620
687.0  235.9398
687.5  231.0863
688.0  236.0457
688.5  249.3176
689.0  266.8643
689.5  282.9679
690.0  291.7890
690.5  289.4589
691.0  276.0841
691.5  256.5604
692.0  239.1608
692.5  231.9719
693.0  238.9387
693.5  257.9849
694.0  282.3608
694.5  304.0999
695.0  317.3613
695.5  320.1409
696.0  314.2110
696.5  303.9455
697.0  294.7410
697.5  291.4909
698.0  297.3564
698.5  312.9693
699.0  336.1561
699.5  362.2620
700.0  385.1502
700.5  398.8927
701.0  399.9153
701.5  388.8863
702.0  371.1973
702.5  355.1090
703.0  347.9361
703.5  352.3111
704.0  364.9334
704.5  378.5297
705.0  385.5038
705.5  381.0163
706.0  364.2562
706.5  338.0379
707.0  307.4842
707.5  278.4694
708.0  256.1956
708.5  244.0792
709.0  243.0401
709.5  251.2703
710.0  264.5634
710.5  277.2921
711.0  284.0511
711.5  281.7201
712.0  271.2195
712.5  257.8229
713.0  249.1639
713.5  251.4144
714.0  265.7381
714.5  287.3811
715.0  307.9802
715.5  319.4240
716.0  316.9532
716.5  300.2949
717.0  273.0457
717.5  241.1391
718.0  211.1195
718.5  188.6174
719.0  177.1895
719.5  177.6013
720.0  187.6094
720.5  202.3337
721.0  215.3345
721.5  220.4566
722.0  214.2155
722.5  197.9333
723.0  178.2772
723.5  165.0472
724.0  166.5804
724.5  185.2216
725.0  215.8750
725.5  248.6083
726.0  273.3902
726.5  284.0239
727.0  279.6485
727.5  264.0145
728.0  243.6068
728.5  225.5689
729.0  215.9433
729.5  218.4094
730.0  233.5602
730.5  258.7298
731.0  288.4228
731.5  315.4411
732.0  332.7624
732.5  335.9607
733.0  325.4185
733.5  307.0295
734.0  290.2379
734.5  283.6669
735.0  290.6136
735.5  307.3505
736.0  325.3335
736.5  335.6241
737.0  332.7114
737.5  316.0702
738.0  289.5552
738.5  259.6372
739.0  233.4172
739.5  216.9328
740.0  213.9348
740.5  225.1677
741.0  248.1672
741.5  277.6386
742.0  306.5278
742.5  327.8444
743.0  337.0174
743.5  334.0347
744.0  324.1041
744.5  315.7573
745.0  316.6954
745.5  329.5741
746.0  350.4932
746.5  371.1764
747.0  383.1884
747.5  381.5236
748.0  366.0006
748.5  340.5847
749.0  311.6190
749.5  285.8813
750.0  268.9653
750.5  264.1557
751.0  271.8109
751.5  289.2528
752.0  311.2201
752.5  330.9850
753.0  342.1862
753.5  341.1387
754.0  328.8432
754.5  311.4209
755.0  297.9271
755.5  295.9565
756.0  307.4000
756.5  327.2015
757.0  345.9939
757.5  354.7168
758.0  348.3512
758.5  327.1840
759.0  295.8501
759.5  261.2835
760.0  230.5935
760.5  209.3875
761.0  200.6842
761.5  204.3945
762.0  217.3417
762.5  233.8602
763.0  247.0672
763.5  250.8308
764.0  242.1415
764.5  223.0367
765.0  200.7668
765.5  185.2340
766.0  184.3174
766.5  199.6219
767.0  225.4845
767.5  251.9059
768.0  269.3276
768.5  272.3678
769.0  261.0257
769.5  239.6775
770.0  215.0168
770.5  193.9400
771.0  181.8858
771.5  181.7613
772.0  193.4195
772.5  213.6506
773.0  236.7264
773.5  255.6043
774.0  263.8433
774.5  257.9907
775.0  239.6494
775.5  215.9415
776.0  197.2944
776.5  192.9066
777.0  206.2027
777.5  233.1876
778.0  264.7627
778.5  291.2971
779.0  306.5978
779.5  309.5312
780.0  303.3547
780.5  293.8146
781.0  287.0525
781.5  287.9147
782.0  298.8541
782.5  319.4122
783.0  346.2399
783.5  373.6787
784.0  394.9786
784.5  404.1629
785.0  398.2563
785.5  379.0825
786.0  353.4391
786.5  330.7820
787.0  318.9732
787.5  320.3624
788.0  330.7554
788.5  341.9187
789.0  345.8206
789.5  338.0285
790.0  318.8645
790.5  292.5357
791.0  265.2502
791.5  243.2495
792.0  231.2653
792.5  231.5526
793.0  243.4750
793.5  263.5964
794.0  286.3026
794.5  305.0445
795.0  314.2214
795.5  311.4062
796.0  299.0538
796.5  284.4182
797.0  276.8352
797.5  283.1474
798.0  303.8489
798.5  332.5749
799.0  359.2823
799.5  374.9061
800.0  374.7548
800.5  359.4066
801.0  333.5562
801.5  303.9478
802.0  277.3232
802.5  258.8472
803.0  251.1308
803.5  253.8147
804.0  263.6689
804.5  275.2333
805.0  282.0964
805.5  278.8487
806.0  263.4148
806.5  238.8761
807.0  213.4166
807.5  197.4417
808.0  198.6353
808.5  217.7128
809.0  247.7671
809.5  277.6762
810.0  297.2080
810.5  300.8111
811.0  288.6764
811.5  265.5310
812.0  238.4086
812.5  214.4289
813.0  199.1002
813.5  195.2675
814.0  202.6562
814.5  217.9517
815.0  235.4333
815.5  248.2609
816.0  250.4632
816.5  239.3589
817.0  217.5421
817.5  193.0365
818.0  176.5499
818.5  176.4575
819.0  194.2697
819.5  223.6731
820.0  253.8280
820.5  274.5741
821.0  280.3749
821.5  271.4440
822.0  252.5102
822.5  230.5434
823.0  212.5308
823.5  203.8251
824.0  207.1565
824.5  222.2249
825.0  245.7901
825.5  272.2725
826.0  294.9645
826.5  307.9161
827.0  308.2466
827.5  298.0663
828.0  284.6742
828.5  277.9918
829.0  285.7887
829.5  309.3069
830.0  342.2820
830.5  374.1110
831.0  394.9482
831.5  399.6117
832.0  388.6963
832.5  367.2928
833.0  342.6367
833.5  321.8130
834.0  310.0726
834.5  309.8623
835.0  320.4815
835.5  338.2748
836.0  357.3610
836.5  370.9807
837.0  373.4705
837.5  362.5518
838.0  341.0556
838.5  316.7877
839.0  299.6647
839.5  296.9121
840.0  309.0212
840.5  329.2677
841.0  347.2077
841.5  353.7519
842.0  344.7856
842.5  321.9389
843.0  291.0648
843.5  259.7869
844.0  235.2167
844.5  222.3411
845.0  223.1444
845.5  236.3552
846.0  257.7217
846.5  280.8204
847.0  298.4724
847.5  304.7686
848.0  297.3706
848.5  279.2027
849.0  258.2484
849.5  244.5982
850.0  245.5524
850.5  261.4903
851.0  285.3582
851.5  306.2383
852.0  314.5865
852.5  306.0088
853.0  282.0985
853.5  248.8782
854.0  214.2639
854.5  185.7048
855.0  168.5220
855.5  165.0028
856.0  174.1268
856.5  191.8235
857.0  211.7815
857.5  226.9103
858.0  231.4620
858.5  223.4357
859.0  206.2783
859.5  188.5154
860.0  180.5188
860.5  189.4417
861.0  215.2220
861.5  250.4184
862.0  284.0271
862.5  306.6511
863.0  313.9854
863.5  307.3824
864.0  292.2019
864.5  275.3622
865.0  263.1618
865.5  259.8095
866.0  266.6648
866.5  282.0448
867.0  301.5108
867.5  318.6871
868.0  326.7409
868.5  320.5163
869.0  298.8890
869.5  266.3057
870.0  232.1694
870.5  207.4260
871.0  199.5360
871.5  208.7372
872.0  228.1517
872.5  247.6562
873.0  258.8529
873.5  258.2679
874.0  247.7222
874.5  232.6530
875.0  219.7617
875.5  214.9827
876.0  222.1389
876.5  242.2406
877.0  273.2700
877.5  310.3914
878.0  346.6885
878.5  374.6155
879.0  388.1834
879.5  385.4368
880.0  370.1398
880.5  351.2686
881.0  339.5980
881.5  342.5448
882.0  360.2353
882.5  385.4899
883.0  407.7305
883.5  418.1160
884.0  412.9078
884.5  393.9213
885.0  366.8296
885.5  338.7434
886.0  316.1047
886.5  303.2836
887.0  301.8371
887.5  310.2707
888.0  324.2472
888.5  337.3589
889.0  342.6498
889.5  334.8789
890.0  313.0137
890.5  281.7914
891.0  250.9184
891.5  231.3006
892.0  229.7148
892.5  245.0962
893.0  269.0604
893.5  290.3166
894.0  299.9524
894.5  294.5796
895.0  276.4205
895.5  251.3353
896.0  226.3081
896.5  207.4053
897.0  198.5211
897.5  200.7984
898.0  212.5143
898.5  229.3496
899.0  245.1564
899.5  253.4190
900.0  249.4058
900.5  232.5018
901.0  207.5867
901.5  184.1132
902.0  172.3989
902.5  178.5730
903.0  201.2014
903.5  231.9623
904.0  259.9220
904.5  276.5257
905.0  278.5087
905.5  267.9188
906.0  250.2200
906.5  231.9118
907.0  218.6136
907.5  213.9019
908.0  218.7791
908.5  231.5677
909.0  248.1623
909.5  262.7833
910.0  269.4465
910.5  264.1308
911.0  247.0677
911.5  223.9516
912.0  204.7387
912.5  199.6764
913.0  214.2011
913.5  245.8181
914.0  285.2037
914.5  320.8145
915.0  343.9462
915.5  351.4913
916.0  345.7471
916.5  332.3682
917.0  317.9296
917.5  308.0159
918.0  306.0829
918.5  312.9392
919.0  326.6422
919.5  342.7649
920.0  355.2059
920.5  357.7571
921.0  346.3596
921.5  321.3924
922.0  288.7595
922.5  258.5159
923.0  240.8454
923.5  241.1327
924.0  257.1431
924.5  280.2949
925.0  300.1566
925.5  309.2021
926.0  305.2841
926.5  291.3122
927.0  273.2204
927.5  257.6160
928.0  249.9630
928.5  253.5067
929.0  268.7799
929.5  293.4850
930.0  322.7299
930.5  349.8182
931.0  367.8362
931.5  371.9750
932.0  361.9139
932.5  342.9783
933.0  324.7694
933.5  317.0782
934.0  324.8871
934.5  345.5337
935.0  370.0346
935.5  387.6518
936.0  390.6992
936.5  377.0472
937.0  349.8223
937.5  315.3937
938.0  281.0219
938.5  253.0070
939.0  235.5353
939.5  230.0763
940.0  235.1602
940.5  246.5622
941.0  258.1129
941.5  263.3434
942.0  257.8210
942.5  241.4431
943.0  219.4402
943.5  200.9167
944.0  194.8648
944.5  205.4411
945.0  229.4210
945.5  257.6520
946.0  279.5496
946.5  287.7186
947.0  280.2764
947.5  260.4396
948.0  234.4713
948.5  209.3440
949.0  190.9253
949.5  182.8718
950.0  186.0780
950.5  198.5201
951.0  215.5232
951.5  230.6577
952.0  237.4459
952.5  231.7107
953.0  213.8250
953.5  189.6224
954.0  168.8213
954.5  160.9544
955.0  170.6497
955.5  195.1781
956.0  225.9824
956.5  253.1124
957.0  269.6519
957.5  273.8377
958.0  268.5576
958.5  259.3532
959.0  252.2351
959.5  252.0480
960.0  261.5216
960.5  280.8300
961.0  307.4879
961.5  336.6131
962.0  361.7804
962.5  376.6612
963.0  377.2815
963.5  364.1386
964.0  342.9484
964.5  322.9638
965.0  312.9972
965.5  317.0486
966.0  332.2859
966.5  350.7899
967.0  363.8153
967.5  365.7768
968.0  355.9453
968.5  337.7402
969.0  316.7626
969.5  298.7753
970.0  288.2566
970.5  287.5885
971.0  296.6851
971.5  312.9182
972.0  331.4106
972.5  345.9336
973.0  350.5581
973.5  341.8312
974.0  320.7112
974.5  293.1272
975.0  268.2524
975.5  254.6898
976.0  256.3612
976.5  270.6227
977.0  289.8862
977.5  305.6023
978.0  312.0340
978.5  307.9458
979.0  296.0633
979.5  281.3263
980.0  269.0265
980.5  263.4039
981.0  266.7665
981.5  278.9986
982.0  297.3975
982.5  316.9738
983.0  331.4373
983.5  334.9427
984.0  324.2818
984.5  300.7496
985.0  270.6146
985.5  243.3416
986.0  227.7579
986.5  227.9119
987.0  241.1478
987.5  259.7270
988.0  274.8741
988.5  280.6382
989.0  275.6400
989.5  262.5470
990.0  246.3185
990.5  232.3272
991.0  224.9191
991.5  226.4673
992.0  236.8029
992.5  253.0278
993.0  269.9106
993.5  281.0909
994.0  281.0612
994.5  267.4344
995.0  242.5944
995.5  213.6811
996.0  190.2997
996.5  180.4927
997.0  186.9295
997.5  205.6518
998.0  228.2429
998.5  245.9582
999.0  253.2813
999.5  249.2932
1000.0  236.9441
