0.0  208.7245
0.5  204.9684
1.0  200.1888
1.5  194.4919
2.0  188.1660
2.5  182.0137
3.0  177.5609
3.5  176.8157
4.0  181.4582
4.5  191.7931
5.0  206.1706
5.5  221.4616
6.0  234.4718
6.5  243.4141
7.0  248.4438
7.5  250.9685
8.0  252.3790
8.5  253.1802
9.0  253.0145
9.5  251.2960
10.0  247.8110
10.5  242.8592
11.0  236.9657
11.5  230.4920
12.0  223.4794
12.5  215.8624
13.0  207.9252
13.5  200.6669
14.0  195.7002
14.5  194.5456
15.0  197.6418
15.5  203.7676
16.0  210.4348
16.5  215.1193
17.0  216.4874
17.5  214.7364
18.0  210.9078
18.5  205.8625
19.0  199.7689
19.5  192.3779
20.0  183.6648
20.5  174.2313
21.0  165.1823
21.5  157.6294
22.0  152.1957
22.5  148.8454
23.0  147.1481
23.5  146.8328
24.0  148.2787
24.5  152.5447
25.0  160.7678
25.5  173.2266
26.0  188.7547
26.5  205.0538
27.0  219.7668
27.5  231.4906
28.0  239.9657
28.5  245.4593
29.0  248.0713
29.5  247.6385
30.0  244.2265
30.5  238.6507
31.0  232.5079
31.5  227.6483
32.0  225.4133
32.5  226.0766
33.0  228.7814
33.5  232.0259
34.0  234.4843
34.5  235.7476
35.0  236.5225
35.5  238.0690
36.0  241.1671
36.5  245.3386
37.0  248.9397
37.5  250.0419
38.0  247.3548
38.5  240.5047
39.0  229.6995
39.5  215.3724
40.0  198.2477
40.5  179.6931
41.0  161.8755
41.5  147.3996
42.0  138.5232
42.5  136.3300
43.0  140.2719
43.5  148.3243
44.0  157.7526
44.5  166.2251
45.0  172.7890
45.5  178.1766
46.0  184.1722
46.5  192.3451
47.0  202.9573
47.5  214.7757
48.0  225.7934
48.5  234.1584
49.0  238.6289
49.5  238.5289
50.0  233.6759
50.5  224.5913
51.0  212.8057
51.5  200.8357
52.0  191.6194
52.5  187.5870
53.0  189.7713
53.5  197.3581
54.0  207.8973
54.5  218.1607
55.0  225.3732
55.5  228.3282
56.0  227.8317
56.5  226.1675
57.0  225.8349
57.5  228.3154
58.0  233.5870
58.5  240.4713
59.0  247.2862
59.5  252.3001
60.0  253.9820
60.5  251.3293
61.0  244.3313
61.5  234.2634
62.0  223.4762
62.5  214.6455
63.0  209.7830
63.5  209.4336
64.0  212.3949
64.5  216.0933
65.0  217.5247
65.5  214.4475
66.0  206.3508
66.5  194.7135
67.0  182.3520
67.5  172.1771
68.0  166.0753
68.5  164.4932
69.0  166.7015
69.5  171.2556
70.0  176.3153
70.5  179.9445
71.0  180.6385
71.5  177.9909
72.0  173.0788
72.5  168.2170
73.0  166.1083
73.5  168.7587
74.0  176.6155
74.5  188.2703
75.0  200.8563
75.5  211.0480
76.0  216.3498
76.5  216.1773
77.0  212.1997
77.5  207.6746
78.0  206.0494
78.5  209.5705
79.0  218.5934
79.5  231.7273
80.0  246.4271
80.5  259.6567
81.0  268.5692
81.5  271.2527
82.0  267.3735
82.5  258.3742
83.0  247.0226
83.5  236.4471
84.0  229.0403
84.5  225.6386
85.0  225.2616
85.5  225.5011
86.0  223.4641
86.5  216.9770
87.0  205.5977
87.5  190.9577
88.0  176.2008
88.5  164.7697
89.0  159.1798
89.5  160.3476
90.0  167.5597
90.5  178.7938
91.0  191.1776
91.5  201.6271
92.0  207.6953
92.5  208.3746
93.0  204.4382
93.5  198.0986
94.0  192.1214
94.5  188.7794
95.0  189.0507
95.5  192.3318
96.0  196.7526
96.5  200.0015
97.0  200.3813
97.5  197.6620
98.0  193.2898
98.5  189.7765
99.0  189.5772
99.5  194.1024
100.0  203.3524
100.5  216.1212
101.0  230.3661
101.5  243.5181
102.0  252.8800
102.5  256.2890
103.0  252.8816
103.5  243.5302
104.0  230.6356
104.5  217.3240
105.0  206.3948
105.5  199.4461
106.0  196.4943
106.5  196.2149
107.0  196.7132
107.5  196.5172
108.0  195.3376
108.5  194.1837
109.0  194.7592
109.5  198.5256
110.0  206.0322
110.5  216.8134
111.0  229.6316
111.5  242.6716
112.0  253.6295
112.5  259.9993
113.0  259.7545
113.5  252.1778
114.0  238.3318
114.5  220.8403
115.0  203.0566
115.5  187.9888
116.0  177.4183
116.5  171.5222
117.0  169.1244
117.5  168.4668
118.0  168.1781
118.5  167.9669
119.0  168.6591
119.5  171.5656
120.0  177.6325
120.5  186.9554
121.0  198.8585
121.5  212.2085
122.0  225.5411
122.5  237.0026
123.0  244.4935
123.5  246.2556
124.0  241.6588
124.5  231.6655
125.0  218.6353
125.5  205.5375
126.0  194.9354
126.5  188.1632
127.0  185.0023
127.5  183.9788
128.0  183.1864
128.5  181.3110
129.0  178.3745
129.5  175.7705
130.0  175.5367
130.5  179.3015
131.0  187.5561
131.5  199.5705
132.0  213.7256
132.5  227.8544
133.0  239.5063
133.5  246.3676
134.0  246.9551
134.5  241.3016
135.0  231.1798
135.5  219.6365
136.0  209.9958
136.5  204.7428
137.0  204.7154
137.5  208.9042
138.0  214.9476
138.5  220.1662
139.0  222.7272
139.5  222.3842
140.0  220.3727
140.5  218.5139
141.0  218.1214
141.5  219.4288
142.0  221.7757
142.5  224.1457
143.0  225.5090
143.5  224.8675
144.0  221.3286
144.5  214.4644
145.0  204.7947
145.5  193.9877
146.0  184.5190
146.5  178.8716
147.0  178.6189
147.5  183.7799
148.0  192.7362
148.5  202.8026
149.0  211.2878
149.5  216.6106
150.0  218.8914
150.5  219.6124
151.0  220.4850
151.5  222.2557
152.0  224.2798
152.5  225.0768
153.0  223.2993
153.5  218.3375
154.0  210.3010
154.5  199.7282
155.0  187.4672
155.5  174.7888
156.0  163.4461
156.5  155.4074
157.0  152.2593
157.5  154.5431
158.0  161.3752
158.5  170.6219
159.0  179.6833
159.5  186.6442
160.0  191.2602
160.5  195.1555
161.0  200.9335
161.5  210.5938
162.0  224.2449
162.5  239.9811
163.0  254.9350
163.5  266.6479
164.0  273.8384
164.5  276.3416
165.0  274.6771
165.5  269.7652
166.0  262.8865
166.5  255.6219
167.0  249.5262
167.5  245.5547
168.0  243.5078
168.5  241.8295
169.0  237.9954
169.5  229.4950
170.0  215.0979
170.5  195.8076
171.0  174.8537
171.5  156.4834
172.0  144.0830
172.5  138.7480
173.0  139.1970
173.5  142.9480
174.0  147.7869
174.5  152.5628
175.0  157.1104
175.5  161.7888
176.0  167.1709
176.5  173.9838
177.0  183.0496
177.5  194.9882
178.0  209.7026
178.5  225.9005
179.0  240.9795
179.5  251.5135
180.0  254.3395
180.5  247.9231
181.0  233.3645
181.5  214.3597
182.0  195.8635
182.5  182.0312
183.0  174.6347
183.5  172.9039
184.0  174.6999
184.5  178.0066
185.0  181.7488
185.5  185.7406
186.0  190.2612
186.5  195.7747
187.0  202.8794
187.5  212.2455
188.0  224.3262
188.5  238.8780
189.0  254.5401
189.5  268.7838
190.0  278.4491
190.5  280.8432
191.0  275.0461
191.5  262.7582
192.0  248.0155
192.5  235.6101
193.0  228.9362
193.5  228.5471
194.0  232.3084
194.5  236.8720
195.0  239.3207
195.5  238.0127
196.0  232.5402
196.5  223.3564
197.0  211.5426
197.5  198.7261
198.0  186.8863
198.5  177.8754
199.0  172.7543
199.5  171.2360
200.0  171.5650
200.5  171.0354
201.0  167.1059
201.5  158.7348
202.0  147.2733
202.5  136.2601
203.0  129.9771
203.5  131.4637
204.0  141.1933
204.5  157.1974
205.0  176.3239
205.5  195.5643
206.0  212.6520
206.5  226.0051
207.0  234.6027
207.5  238.1488
208.0  237.3448
208.5  233.8681
209.0  229.8632
209.5  227.1079
210.0  226.2433
210.5  226.4649
211.0  225.9109
211.5  222.6968
212.0  216.1838
212.5  207.7819
213.0  200.6538
213.5  198.2688
214.0  202.6137
214.5  213.2532
215.0  227.8265
215.5  243.4111
216.0  257.6018
216.5  268.6963
217.0  275.3758
217.5  276.6247
218.0  272.1317
218.5  262.7608
219.0  250.5479
219.5  238.0629
220.0  227.4173
220.5  219.3999
221.0  213.1576
221.5  206.6174
222.0  197.5502
222.5  184.8414
223.0  169.3126
223.5  153.5402
224.0  140.6695
224.5  132.9498
225.0  130.9792
225.5  134.0480
226.0  140.9985
226.5  150.6785
227.0  161.7272
227.5  172.3022
228.0  180.4223
228.5  184.8761
229.0  186.0044
229.5  185.7269
230.0  186.7430
230.5  191.3346
231.0  200.3441
231.5  212.7736
232.0  226.1801
232.5  237.7306
233.0  245.4515
233.5  249.0233
234.0  249.6224
234.5  248.8999
235.0  247.8683
235.5  246.5856
236.0  244.7886
236.5  242.6674
237.0  240.8474
237.5  239.5774
238.0  238.0725
238.5  234.8346
239.0  228.7749
239.5  220.2167
240.0  211.0193
240.5  203.7765
241.0  200.6014
241.5  202.1356
242.0  207.2362
242.5  213.4813
243.0  218.2933
243.5  220.1521
244.0  219.2254
244.5  216.9790
245.0  214.9892
245.5  213.8357
246.0  212.9530
246.5  211.4724
247.0  209.1342
247.5  206.3324
248.0  203.3382
248.5  199.6540
249.0  194.2757
249.5  186.6720
250.0  177.6103
250.5  169.1525
251.0  163.8150
251.5  163.4054
252.0  168.1433
252.5  176.4798
253.0  185.7162
253.5  193.1798
254.0  197.4071
254.5  198.6756
255.0  198.5072
255.5  198.4457
256.0  199.0277
256.5  199.7789
257.0  200.1628
257.5  200.4660
258.0  201.6692
258.5  204.4316
259.0  208.2698
259.5  211.8017
260.0  213.8485
260.5  214.4312
261.0  214.8902
261.5  217.1008
262.0  222.3305
262.5  230.3964
263.0  239.5546
263.5  247.1952
264.0  251.0362
264.5  250.2056
265.0  245.5582
265.5  238.9647
266.0  232.0381
266.5  225.2852
267.0  218.3790
267.5  211.2298
268.0  204.7241
268.5  200.3110
269.0  198.8093
269.5  199.6200
270.0  201.1087
270.5  201.7906
271.0  201.3123
271.5  200.5370
272.0  200.7982
272.5  202.8944
273.0  206.4316
273.5  209.8641
274.0  211.2162
274.5  209.1301
275.0  203.6524
275.5  196.2318
276.0  188.8490
276.5  182.8627
277.0  178.4776
277.5  175.2840
278.0  173.3264
278.5  173.5969
279.0  177.3792
279.5  185.0356
280.0  195.4109
280.5  206.4211
281.0  216.3001
281.5  224.4933
282.0  231.6204
282.5  238.6681
283.0  246.0105
283.5  252.8397
284.0  257.3114
284.5  257.3560
285.0  251.7668
285.5  240.9620
286.0  226.8919
286.5  212.0549
287.0  198.2705
287.5  186.1558
288.0  175.7141
288.5  167.4009
289.0  162.5236
289.5  162.4769
290.0  167.5186
290.5  176.2748
291.0  186.4470
291.5  196.1022
292.0  204.5358
292.5  212.1969
293.0  219.8943
293.5  227.8913
294.0  235.4345
294.5  240.9710
295.0  242.9442
295.5  240.7496
296.0  235.2601
296.5  228.4852
297.0  222.4614
297.5  218.1149
298.0  214.9982
298.5  212.1438
299.0  209.2588
299.5  207.1278
300.0  206.8422
300.5  208.6241
301.0  211.3708
301.5  213.3023
302.0  213.1005
302.5  210.6277
303.0  206.7956
303.5  202.8126
304.0  199.3649
304.5  196.2229
305.0  192.4856
305.5  187.3408
306.0  180.9132
306.5  174.6224
307.0  170.6546
307.5  170.7240
308.0  174.9453
308.5  181.7448
309.0  188.9925
309.5  195.4729
310.0  201.4585
310.5  207.9511
311.0  215.3664
311.5  222.8632
312.0  228.8151
312.5  231.8826
313.0  231.7695
313.5  229.1783
314.0  225.1474
314.5  220.3144
315.0  214.5965
315.5  207.4908
316.0  198.8328
316.5  189.5414
317.0  181.7629
317.5  178.0877
318.0  180.1526
318.5  187.5589
319.0  198.0110
319.5  208.6994
320.0  217.8933
320.5  225.5011
321.0  232.2876
321.5  238.6169
322.0  243.8840
322.5  247.0101
323.0  247.3977
323.5  245.4763
324.0  242.4558
324.5  239.5412
325.0  237.1726
325.5  234.7707
326.0  231.1614
326.5  225.4774
327.0  218.0161
327.5  210.4267
328.0  204.9060
328.5  202.7753
329.0  203.4286
329.5  204.5529
330.0  203.5741
330.5  199.2448
331.0  192.1738
331.5  184.0478
332.0  176.3916
332.5  169.9238
333.0  164.8235
333.5  161.3834
334.0  160.3325
334.5  162.5444
335.0  168.3771
335.5  177.1272
336.0  186.9975
336.5  195.7035
337.0  201.5068
337.5  204.1540
338.0  205.0950
338.5  206.6534
339.0  210.5130
339.5  216.5217
340.0  222.7366
340.5  226.7046
341.0  226.9614
341.5  223.6294
342.0  217.8920
342.5  211.0927
343.0  204.3095
343.5  198.5644
344.0  195.1687
344.5  195.6549
345.0  201.1935
345.5  211.8312
346.0  226.0393
346.5  240.9248
347.0  253.1592
347.5  260.3147
348.0  261.9709
348.5  259.8862
349.0  256.9210
349.5  255.2154
350.0  254.7990
350.5  253.6381
351.0  249.0687
351.5  239.5012
352.0  225.2104
352.5  207.9187
353.0  189.8333
353.5  172.9648
354.0  159.0017
354.5  149.4314
355.0  145.4718
355.5  147.6759
356.0  155.4207
356.5  166.6527
357.0  178.1976
357.5  186.7022
358.0  189.9412
358.5  187.8851
359.0  182.8255
359.5  178.2342
360.0  176.8538
360.5  179.2091
361.0  183.5642
361.5  187.2932
362.0  188.5774
362.5  187.2603
363.0  184.5515
363.5  182.1742
364.0  181.7149
364.5  184.4449
365.0  191.3534
365.5  203.0250
366.0  219.2642
366.5  238.6837
367.0  258.6132
367.5  275.5898
368.0  286.4282
368.5  289.5057
369.0  285.5935
369.5  277.5843
370.0  269.0068
370.5  262.0931
371.0  256.6685
371.5  250.6605
372.0  241.8122
372.5  229.3141
373.0  214.2880
373.5  199.0726
374.0  186.0945
374.5  177.1262
375.0  173.1526
375.5  174.5322
376.0  181.0532
376.5  191.7567
377.0  204.7111
377.5  217.0591
378.0  225.5690
378.5  227.6732
379.0  222.6257
379.5  212.1303
380.0  199.8413
380.5  189.7033
381.0  183.9566
381.5  182.0889
382.0  181.4728
382.5  179.2173
383.0  173.9124
383.5  166.2003
384.0  158.1176
384.5  151.9718
385.0  149.5471
385.5  151.8839
386.0  159.3611
386.5  171.7113
387.0  187.8511
387.5  205.7026
388.0  222.3070
388.5  234.4463
389.0  239.7223
389.5  237.6924
390.0  230.3902
390.5  221.6584
391.0  215.3524
391.5  213.3539
392.0  214.7087
392.5  216.5357
393.0  216.0633
393.5  212.3583
394.0  206.6946
394.5  201.6191
395.0  199.6101
395.5  202.1978
396.0  209.7958
396.5  221.9215
397.0  237.3817
397.5  254.2668
398.0  269.9175
398.5  281.1609
399.0  285.0180
399.5  279.7981
400.0  266.1295
400.5  247.2314
401.0  227.9065
401.5  212.4599
402.0  202.6425
402.5  196.9705
403.0  191.9444
403.5  184.3460
404.0  173.0868
404.5  159.5623
405.0  146.6220
405.5  137.0963
406.0  132.8096
406.5  134.3748
407.0  141.4607
407.5  153.0644
408.0  167.5806
408.5  182.7977
409.0  196.1112
409.5  205.1592
410.0  208.7863
410.5  207.8840
411.0  205.4452
411.5  205.4115
412.0  210.6404
412.5  221.1349
413.0  233.7855
413.5  243.9585
414.0  247.9748
414.5  244.9285
415.0  236.8438
415.5  227.3302
416.0  219.7702
416.5  216.1042
417.0  216.6191
417.5  220.4247
418.0  226.0289
418.5  231.6624
419.0  235.4091
419.5  235.4389
420.0  230.5775
420.5  221.1306
421.0  209.4801
421.5  199.7869
422.0  196.4564
422.5  201.8799
423.0  214.7643
423.5  230.3042
424.0  242.3302
424.5  246.2209
425.0  240.8774
425.5  228.7608
426.0  214.2578
426.5  201.5437
427.0  193.1293
427.5  189.5621
428.0  189.9494
428.5  192.6516
429.0  195.7367
429.5  197.2139
430.0  195.3254
430.5  189.1027
431.0  179.0864
431.5  167.7552
432.0  159.0838
432.5  157.0162
433.0  163.4192
433.5  176.7275
434.0  192.3253
434.5  204.6465
435.0  209.8124
435.5  207.2874
436.0  199.7346
436.5  191.4018
437.0  186.1383
437.5  186.1073
438.0  191.5728
438.5  201.4193
439.0  213.7966
439.5  226.5280
440.0  237.3263
440.5  244.0971
441.0  245.5282
441.5  241.8422
442.0  235.2292
442.5  229.3655
443.0  227.8322
443.5  232.0664
444.0  240.1214
444.5  247.2545
445.0  248.2083
445.5  239.8772
446.0  222.8095
446.5  200.8140
447.0  179.1344
447.5  162.3671
448.0  153.1716
448.5  152.0918
449.0  158.0990
449.5  169.2533
450.0  183.1449
450.5  197.1783
451.0  208.9598
451.5  216.9454
452.0  221.1701
452.5  223.5432
453.0  227.1680
453.5  234.6409
454.0  246.1248
454.5  258.4921
455.0  266.3732
455.5  264.7018
456.0  251.3040
456.5  228.0571
457.0  200.0959
457.5  173.6884
458.0  154.0101
458.5  143.8260
459.0  143.3605
459.5  150.9506
460.0  163.8718
460.5  178.9818
461.0  193.2034
461.5  204.0651
462.0  210.4036
462.5  212.9986
463.0  214.6137
463.5  218.9652
464.0  228.7403
464.5  243.6306
465.0  259.7166
465.5  270.8921
466.0  271.7010
466.5  260.0062
467.0  238.0439
467.5  211.4408
468.0  186.8956
468.5  169.7890
469.0  162.7529
469.5  165.5067
470.0  175.5807
470.5  189.3125
471.0  202.7272
471.5  212.2741
472.0  215.5697
472.5  212.1757
473.0  204.1113
473.5  195.5529
474.0  191.3561
474.5  194.7477
475.0  205.3670
475.5  218.9925
476.0  229.3950
476.5  231.3868
477.0  223.3638
477.5  208.0162
478.0  191.0080
478.5  178.5032
479.0  174.8394
479.5  181.3146
480.0  196.2826
480.5  216.0990
481.0  236.2790
481.5  252.4886
482.0  261.3400
482.5  261.1132
483.0  252.3758
483.5  238.1800
484.0  223.3740
484.5  212.8644
485.0  209.3825
485.5  211.9486
486.0  216.1177
486.5  216.1015
487.0  207.6782
487.5  190.3217
488.0  167.5057
488.5  145.1930
489.0  129.4205
489.5  124.1777
490.0  130.3989
490.5  146.1752
491.0  167.7203
491.5  190.5025
492.0  210.2053
492.5  223.5010
493.0  228.7375
493.5  226.4997
494.0  219.7390
494.5  213.0518
495.0  210.9822
495.5  215.8943
496.0  226.5451
496.5  238.3759
497.0  245.5945
497.5  243.9894
498.0  232.9571
498.5  215.7400
499.0  197.9171
499.5  185.0675
500.0  180.7728
500.5  185.7271
501.0  198.0146
501.5  214.0866
502.0  229.8762
502.5  241.7393
503.0  247.1905
503.5  245.5010
504.0  238.0831
504.5  228.3788
505.0  220.9335
505.5  219.6697
506.0  225.9834
506.5  237.7117
507.0  249.7657
507.5  256.2969
508.0  253.3103
508.5  240.3729
509.0  220.6398
509.5  199.3641
510.0  181.7610
510.5  171.2398
511.0  168.6254
511.5  172.3937
512.0  179.5206
512.5  186.4798
513.0  190.1311
513.5  188.4643
514.0  181.2189
514.5  170.2622
515.0  159.4169
515.5  153.4375
516.0  156.2046
516.5  168.8219
517.0  188.6808
517.5  210.2210
518.0  227.1565
518.5  235.0381
519.0  232.8620
519.5  223.0730
520.0  210.1964
520.5  198.9300
521.0  192.5727
521.5  192.2895
522.0  197.2164
522.5  205.0853
523.0  213.0222
523.5  218.3330
524.0  219.2385
524.5  215.5228
525.0  208.9127
525.5  202.8632
526.0  201.4988
526.5  207.8740
527.0  222.2959
527.5  241.7082
528.0  260.6928
528.5  273.6801
529.0  277.1978
529.5  271.0159
530.0  257.7876
530.5  241.6293
531.0  226.4920
531.5  215.0293
532.0  208.2089
532.5  205.5044
533.0  205.3599
533.5  205.7128
534.0  204.5287
534.5  200.3811
535.0  193.0301
535.5  183.7852
536.0  175.3194
536.5  170.7255
537.0  172.0306
537.5  178.8926
538.0  188.3415
538.5  195.9228
539.0  197.7055
539.5  192.0385
540.0  180.1313
540.5  165.3181
541.0  151.5971
541.5  142.2584
542.0  139.1302
542.5  142.4931
543.0  151.4090
543.5  164.1743
544.0  178.7521
544.5  193.1863
545.0  206.0437
545.5  216.8445
546.0  226.3060
546.5  236.1363
547.0  248.2244
547.5  263.4198
548.0  280.5016
548.5  296.0664
549.0  305.6394
549.5  305.5413
550.0  294.5048
550.5  274.1895
551.0  248.4598
551.5  221.9800
552.0  198.8810
552.5  181.9669
553.0  172.4969
553.5  170.3257
554.0  174.1855
554.5  182.0364
555.0  191.5219
555.5  200.5620
556.0  207.9931
556.5  213.9982
557.0  219.9915
557.5  227.7791
558.0  238.2397
558.5  250.2319
559.0  260.5189
559.5  264.9627
560.0  260.3994
560.5  246.1235
561.0  224.1926
561.5  198.5493
562.0  173.5877
562.5  152.9046
563.0  138.6411
563.5  131.4022
564.0  130.5151
564.5  134.4052
565.0  141.0068
565.5  148.2319
566.0  154.5249
566.5  159.4184
567.0  163.8472
567.5  169.9053
568.0  179.8976
568.5  194.9613
569.0  213.9793
569.5  233.5547
570.0  249.2656
570.5  257.5839
571.0  257.3955
571.5  250.3471
572.0  239.9955
572.5  230.3551
573.0  224.5727
573.5  224.1766
574.0  228.9526
574.5  237.2551
575.0  246.5313
575.5  253.9392
576.0  257.0313
576.5  254.4672
577.0  246.5964
577.5  235.6069
578.0  224.9377
578.5  217.9323
579.0  216.2226
579.5  218.7147
580.0  221.8974
580.5  221.4582
581.0  214.3600
581.5  200.2681
582.0  181.6713
582.5  162.8186
583.0  148.1305
583.5  140.8057
584.0  142.0562
584.5  151.0304
585.0  165.2446
585.5  181.2838
586.0  195.6069
586.5  205.3626
587.0  209.1302
587.5  207.4081
588.0  202.5872
588.5  198.1905
589.0  197.4624
589.5  201.8415
590.0  210.1231
590.5  218.8894
591.0  224.0794
591.5  222.8780
592.0  214.9563
592.5  202.5450
593.0  189.4861
593.5  179.8275
594.0  176.5588
594.5  180.8604
595.0  191.9542
595.5  207.4488
596.0  224.0068
596.5  238.1792
597.0  247.2849
597.5  250.1872
598.0  247.7438
598.5  242.6508
599.0  238.5157
599.5  238.3431
600.0  243.0589
600.5  250.8796
601.0  257.9861
601.5  260.2200
602.0  254.9206
602.5  241.9990
603.0  223.8628
603.5  204.4164
604.0  187.6950
604.5  176.6744
605.0  172.5724
605.5  174.7120
606.0  180.8596
606.5  187.8872
607.0  192.6274
607.5  192.7968
608.0  187.8261
608.5  179.3231
609.0  170.8316
609.5  166.6911
610.0  170.2496
610.5  182.2053
611.0  200.0209
611.5  218.8489
612.0  233.5204
612.5  240.5466
613.0  239.1962
613.5  231.3480
614.0  220.4441
614.5  210.1395
615.0  203.1595
615.5  200.6394
616.0  201.9965
616.5  205.2491
617.0  207.6582
617.5  206.5719
618.0  200.3499
618.5  189.1731
619.0  175.4265
619.5  163.2940
620.0  157.4141
620.5  160.9639
621.0  174.0749
621.5  193.5290
622.0  214.0204
622.5  230.3285
623.0  239.2593
623.5  240.4984
624.0  236.2245
624.5  229.9209
625.0  224.9986
625.5  223.7143
626.0  226.6085
626.5  232.4775
627.0  238.7809
627.5  242.3580
628.0  240.3490
628.5  231.2030
629.0  215.5579
629.5  196.6185
630.0  179.5948
630.5  170.0367
631.0  171.5478
631.5  183.9908
632.0  203.2805
632.5  223.0044
633.0  237.0113
633.5  241.6279
634.0  236.5752
634.5  224.4923
635.0  209.5910
635.5  196.1245
636.0  187.1808
636.5  184.0341
637.0  186.0694
637.5  191.1790
638.0  196.4953
638.5  199.3264
639.0  198.1315
639.5  193.2881
640.0  187.2946
640.5  184.0844
641.0  187.4506
641.5  199.1541
642.0  217.7055
642.5  238.6169
643.0  256.0962
643.5  265.3040
644.0  264.0493
644.5  253.2626
645.0  236.2992
645.5  217.5919
646.0  201.2524
646.5  190.0368
647.0  184.8425
647.5  184.7234
648.0  187.3261
648.5  189.6403
649.0  188.9623
649.5  183.9215
650.0  175.2924
650.5  166.1687
651.0  161.1195
651.5  164.3592
652.0  177.6360
652.5  198.9872
653.0  223.1924
653.5  243.7757
654.0  255.4960
654.5  256.1023
655.0  246.7226
655.5  231.0282
656.0  213.7738
656.5  199.3398
657.0  190.6778
657.5  188.8003
658.0  192.7835
658.5  200.1843
659.0  207.7871
659.5  212.6028
660.0  212.9779
660.5  209.4945
661.0  205.1530
661.5  204.3886
662.0  211.0048
662.5  225.9257
663.0  246.1085
663.5  265.4347
664.0  277.1810
664.5  276.7226
665.0  263.1549
665.5  239.3142
666.0  210.5321
666.5  182.8546
667.0  161.3986
667.5  149.2365
668.0  146.9197
668.5  152.5865
669.0  162.5457
669.5  172.2481
670.0  177.5682
670.5  176.2239
671.0  168.9303
671.5  159.6389
672.0  154.3001
672.5  158.2754
673.0  173.5503
673.5  197.3873
674.0  223.3382
674.5  244.0465
675.0  254.2318
675.5  252.4151
676.0  240.9124
676.5  224.5422
677.0  208.8418
677.5  198.4660
678.0  196.1195
678.5  202.1037
679.0  214.4035
679.5  229.2120
680.0  241.8317
680.5  247.9236
681.0  244.9768
681.5  233.6007
682.0  217.9140
682.5  204.3412
683.0  198.8787
683.5  204.0815
684.0  217.6136
684.5  233.3768
685.0  244.5238
685.5  246.5333
686.0  238.8001
686.5  224.3433
687.0  208.2331
687.5  195.6603
688.0  190.3628
688.5  193.7399
689.0  204.6675
689.5  219.8739
690.0  234.7157
690.5  244.2541
691.0  244.5675
691.5  234.1363
692.0  214.8700
692.5  192.0778
693.0  172.8378
693.5  163.0651
694.0  164.7017
694.5  174.7709
695.0  186.9720
695.5  194.8182
696.0  194.4707
696.5  185.9413
697.0  172.5078
697.5  159.0549
698.0  150.2465
698.5  149.1647
699.0  156.6571
699.5  171.3331
700.0  190.0223
700.5  208.5165
701.0  222.5076
701.5  228.6947
702.0  225.9556
702.5  216.2191
703.0  204.3995
703.5  196.8686
704.0  198.7336
704.5  211.2463
705.0  230.9863
705.5  251.4538
706.0  266.1246
706.5  271.1985
707.0  266.7418
707.5  256.0468
708.0  243.9006
708.5  234.6935
709.0  231.0569
709.5  233.3079
710.0  239.6268
710.5  246.7184
711.0  250.7072
711.5  248.1267
712.0  236.9496
712.5  217.5509
713.0  193.2620
713.5  169.9418
714.0  154.1784
714.5  150.5486
715.0  159.3155
715.5  176.0629
716.0  193.6470
716.5  205.3553
717.0  207.5370
717.5  200.5486
718.0  187.9551
718.5  174.7165
719.0  165.2819
719.5  162.2664
720.0  165.9689
720.5  174.6320
721.0  185.1561
721.5  193.9864
722.0  198.0172
722.5  195.4764
723.0  186.7257
723.5  174.6972
724.0  164.4705
724.5  161.6486
725.0  169.9188
725.5  189.0402
726.0  214.5975
726.5  239.8533
727.0  258.6702
727.5  267.9015
728.0  268.1740
728.5  263.0082
729.0  256.9820
729.5  253.8510
730.0  255.3108
730.5  260.6728
731.0  267.3418
731.5  271.7682
732.0  270.5348
732.5  261.3565
733.0  243.8937
733.5  220.2771
734.0  195.0867
734.5  174.4128
735.0  163.8868
735.5  166.2873
736.0  180.0036
736.5  199.4506
737.0  217.3935
737.5  227.9315
738.0  228.5996
738.5  220.7571
739.0  208.4271
739.5  196.3839
740.0  188.3697
740.5  186.0300
741.0  188.7350
741.5  194.1092
742.0  198.9336
742.5  200.1169
743.0  195.5732
743.5  184.9458
744.0  170.0810
744.5  154.9705
745.0  144.7932
745.5  144.0069
746.0  154.1924
746.5  172.9064
747.0  194.4535
747.5  212.2971
748.0  221.7828
748.5  221.7728
749.0  214.5967
749.5  204.6635
750.0  196.5772
750.5  193.5692
751.0  196.7098
751.5  204.9488
752.0  215.7512
752.5  225.9854
753.0  232.7931
753.5  234.3066
754.0  230.2009
754.5  222.0387
755.0  213.2022
755.5  208.0792
756.0  210.4177
756.5  221.4252
757.0  238.7266
757.5  257.0304
758.0  270.2994
758.5  274.2426
759.0  267.8433
759.5  253.3501
760.0  235.0323
760.5  217.4716
761.0  204.1293
761.5  196.5982
762.0  194.5704
762.5  196.3107
763.0  199.3496
763.5  201.1832
764.0  199.8986
764.5  194.7292
765.0  186.4898
765.5  177.6422
766.0  171.6291
766.5  171.4050
767.0  177.7638
767.5  188.5275
768.0  199.3056
768.5  205.4977
769.0  204.3781
769.5  196.1502
770.0  183.6032
770.5  170.7922
771.0  161.5031
771.5  158.1342
772.0  161.2720
772.5  169.8963
773.0  181.9585
773.5  195.0479
774.0  206.9605
774.5  216.1295
775.0  221.9731
775.5  225.1580
776.0  227.5769
776.5  231.7360
777.0  239.5219
777.5  250.9063
778.0  263.4853
778.5  273.3593
779.0  276.9477
779.5  272.6899
780.0  261.7137
780.5  247.2529
781.0  233.2668
781.5  222.9806
782.0  217.9152
782.5  217.6368
783.0  220.1384
783.5  222.5962
784.0  222.2170
784.5  216.9830
785.0  206.2139
785.5  190.9248
786.0  173.8800
786.5  159.1106
787.0  150.7083
787.5  151.1489
788.0  159.9717
788.5  173.7449
789.0  187.5497
789.5  197.2090
790.0  201.0236
790.5  200.1873
791.0  197.8876
791.5  197.7310
792.0  202.2680
792.5  212.1413
793.0  226.0022
793.5  241.0396
794.0  253.8242
794.5  261.1826
795.0  260.9204
795.5  252.3407
796.0  236.5538
796.5  216.4807
797.0  196.3196
797.5  180.3190
798.0  171.1574
798.5  168.7595
799.0  170.3858
799.5  172.1054
800.0  170.8394
800.5  165.8334
801.0  158.8708
801.5  153.3169
802.0  152.6253
802.5  159.0077
803.0  172.7217
803.5  192.0724
804.0  213.9694
804.5  234.7537
805.0  251.0374
805.5  260.3955
806.0  261.8659
806.5  256.2467
807.0  246.0817
807.5  235.1106
808.0  227.0643
808.5  224.1359
809.0  225.9303
809.5  229.6472
810.0  231.5291
810.5  228.7727
811.0  220.8379
811.5  209.5563
812.0  198.1708
812.5  189.9200
813.0  186.8356
813.5  189.1628
814.0  195.4693
814.5  203.2479
815.0  209.7087
815.5  212.4972
816.0  210.2228
816.5  202.8227
817.0  191.8039
817.5  180.2360
818.0  172.1820
818.5  171.3807
819.0  179.5565
819.5  195.3028
820.0  214.4013
820.5  231.5684
821.0  242.6746
821.5  246.2389
822.0  243.5742
822.5  237.7704
823.0  232.1966
823.5  229.2169
824.0  229.5287
824.5  232.1764
825.0  235.0496
825.5  235.5806
826.0  231.4150
826.5  220.9747
827.0  203.9575
827.5  181.8010
828.0  157.9165
828.5  137.2710
829.0  125.0103
829.5  124.4499
830.0  135.4761
830.5  154.4473
831.0  175.7981
831.5  194.4333
832.0  207.5794
832.5  215.2837
833.0  219.6341
833.5  223.3656
834.0  228.5879
834.5  236.0824
835.0  245.2411
835.5  254.4523
836.0  261.6415
836.5  264.7528
837.0  262.1265
837.5  252.8879
838.0  237.4435
838.5  217.9385
839.0  198.2212
839.5  182.8853
840.0  175.5126
840.5  177.0087
841.0  185.1348
841.5  195.6515
842.0  204.3960
842.5  209.0608
843.0  209.7928
843.5  208.5593
844.0  207.8670
844.5  209.5610
845.0  214.1760
845.5  220.9330
846.0  228.1835
846.5  233.9899
847.0  236.5934
847.5  234.7046
848.0  227.7279
848.5  216.0542
849.0  201.3517
849.5  186.5125
850.0  174.9044
850.5  169.0197
851.0  169.2262
851.5  173.4854
852.0  178.3381
852.5  180.5971
853.0  178.7597
853.5  173.4430
854.0  166.8149
854.5  161.5033
855.0  159.5813
855.5  162.0124
856.0  168.6264
856.5  178.4477
857.0  190.1075
857.5  202.1431
858.0  213.1632
858.5  222.0214
859.0  228.1395
859.5  231.9087
860.0  234.8174
860.5  238.9419
861.0  245.8489
861.5  255.5226
862.0  266.0872
862.5  274.6061
863.0  278.4860
863.5  276.6354
864.0  269.7781
864.5  259.9030
865.0  249.2823
865.5  239.5985
866.0  231.5279
866.5  224.8335
867.0  218.7808
867.5  212.5879
868.0  205.6935
868.5  197.8207
869.0  188.9950
869.5  179.6902
870.0  171.0538
870.5  164.8918
871.0  163.1016
871.5  166.6629
872.0  174.8030
872.5  185.0111
873.0  194.0393
873.5  199.3338
874.0  200.0780
874.5  197.3457
875.0  193.4235
875.5  190.7559
876.0  191.0284
876.5  194.7115
877.0  201.1100
877.5  208.7461
878.0  215.8266
878.5  220.6149
879.0  221.6974
879.5  218.2536
880.0  210.4048
880.5  199.4946
881.0  187.9732
881.5  178.6616
882.0  173.6112
882.5  173.2005
883.0  176.0827
883.5  180.0591
884.0  183.3380
884.5  185.4385
885.0  187.3031
885.5  190.6922
886.0  197.2747
886.5  207.8789
887.0  222.1820
887.5  238.8572
888.0  255.9960
888.5  271.5593
889.0  283.6988
889.5  290.9542
890.0  292.4514
890.5  288.1686
891.0  279.1329
891.5  267.2534
892.0  254.6341
892.5  242.6282
893.0  231.2359
893.5  219.3231
894.0  205.5846
894.5  189.6537
895.0  172.6833
895.5  157.1021
896.0  145.7302
896.5  140.7286
897.0  142.8451
897.5  151.2070
898.0  163.6409
898.5  177.3015
899.0  189.3442
899.5  197.4663
900.0  200.2922
900.5  197.6528
901.0  190.7377
901.5  181.9478
902.0  174.2521
902.5  170.1080
903.0  170.4139
903.5  174.1358
904.0  178.9290
904.5  182.4433
905.0  183.5733
905.5  182.9991
906.0  182.8271
906.5  185.6137
907.0  193.2833
907.5  206.3890
908.0  223.9340
908.5  243.7017
909.0  262.8626
909.5  278.6037
910.0  288.6349
910.5  291.5747
911.0  287.2659
911.5  276.9701
912.0  263.2402
912.5  249.2699
913.0  237.7969
913.5  230.0389
914.0  225.2917
914.5  221.4966
915.0  216.4839
915.5  209.1961
916.0  200.2585
916.5  191.6861
917.0  185.9575
917.5  184.9335
918.0  189.0840
918.5  197.2865
919.0  207.1875
919.5  215.9048
920.0  220.7823
920.5  220.0037
921.0  213.0087
921.5  200.7167
922.0  185.4980
922.5  170.7463
923.0  159.9722
923.5  155.6222
924.0  158.1405
924.5  165.8201
925.0  175.5973
925.5  184.4055
926.0  190.4075
926.5  193.5538
927.0  195.3136
927.5  197.8039
928.0  202.7541
928.5  210.7343
929.0  220.9125
929.5  231.3548
930.0  239.6710
930.5  243.7283
931.0  242.2342
931.5  235.1106
932.0  223.6410
932.5  210.3298
933.0  198.3694
933.5  190.7123
934.0  189.0085
934.5  192.9064
935.0  200.1549
935.5  207.5528
936.0  212.3137
936.5  213.2008
937.0  210.9401
937.5  207.7985
938.0  206.5636
938.5  209.3695
939.0  216.8254
939.5  227.7550
940.0  239.5914
940.5  249.2134
941.0  253.8836
941.5  252.0071
942.0  243.5683
942.5  230.2087
943.0  214.9098
943.5  201.2348
944.0  192.2085
944.5  189.1807
945.0  191.2225
945.5  195.4713
946.0  198.3535
946.5  197.1178
947.0  190.9591
947.5  181.2767
948.0  171.0452
948.5  163.6364
949.0  161.5887
949.5  165.7809
950.0  175.2673
950.5  187.7400
951.0  200.3440
951.5  210.5094
952.0  216.5798
952.5  218.1827
953.0  216.3477
953.5  213.3011
954.0  211.8091
954.5  214.0962
955.0  220.7228
955.5  230.0594
956.0  238.8018
956.5  243.3736
957.0  241.5120
957.5  233.2494
958.0  220.8870
958.5  208.0719
959.0  198.4413
959.5  194.3896
960.0  196.3945
960.5  203.0714
961.0  211.8268
961.5  219.7692
962.0  224.5253
962.5  224.7750
963.0  220.5151
963.5  213.1138
964.0  205.1013
964.5  199.5293
965.0  198.8685
965.5  203.8129
966.0  212.6792
966.5  221.9042
967.0  227.5054
967.5  226.7634
968.0  219.2945
968.5  207.0879
969.0  193.6273
969.5  182.5786
970.0  176.6011
970.5  176.6882
971.0  182.1666
971.5  191.1905
972.0  201.4153
972.5  210.5760
973.0  216.8964
973.5  219.4151
974.0  218.2857
974.5  214.8959
975.0  211.5028
975.5  210.2804
976.0  212.1569
976.5  216.1750
977.0  219.8891
977.5  220.6425
978.0  216.9796
978.5  209.4132
979.0  200.2081
979.5  192.3919
980.0  188.5232
980.5  189.7711
981.0  195.6387
981.5  204.3365
982.0  213.5176
982.5  220.9858
983.0  225.1209
983.5  225.0319
984.0  220.6338
984.5  212.7709
985.0  203.2490
985.5  194.4725
986.0  188.5799
986.5  186.4393
987.0  187.1603
987.5  188.5473
988.0  188.3074
988.5  185.3279
989.0  180.3316
989.5  175.6149
990.0  174.0629
990.5  177.9390
991.0  187.9854
991.5  203.1777
992.0  221.1500
992.5  239.0016
993.0  254.0755
993.5  264.4321
994.0  269.0144
994.5  267.6976
995.0  261.3520
995.5  251.8002
996.0  241.4028
996.5  232.2126
997.0  225.0729
997.5  219.2676
998.0  213.0570
998.5  204.8423
999.0  194.2873
999.5  182.7706
1000.0  172.9540
