0.0  0.282521  1.281598  1.564118
0.5  0.285988  1.278200  1.564188
1.0  0.288122  1.276206  1.564329
1.5  0.290693  1.273777  1.564470
2.0  0.296525  1.268118  1.564643
2.5  0.308183  1.256563  1.564746
3.0  0.326269  1.238350  1.564619
3.5  0.348470  1.215833  1.564303
4.0  0.370180  1.193791  1.563971
4.5  0.386446  1.177426  1.563872
5.0  0.394070  1.169831  1.563901
5.5  0.392731  1.171279  1.564010
6.0  0.384742  1.179553  1.564295
6.5  0.373848  1.190683  1.564531
7.0  0.363778  1.200884  1.564662
7.5  0.357090  1.207693  1.564783
8.0  0.354587  1.210207  1.564794
8.5  0.355344  1.209411  1.564755
9.0  0.357222  1.207331  1.564552
9.5  0.357667  1.206717  1.564384
10.0  0.354527  1.209723  1.564250
10.5  0.346683  1.217574  1.564258
11.0  0.334472  1.230378  1.564850
11.5  0.319888  1.245210  1.565098
12.0  0.306423  1.258813  1.565237
12.5  0.298196  1.267397  1.565592
13.0  0.298315  1.267727  1.566042
13.5  0.307170  1.258944  1.566114
14.0  0.321787  1.244015  1.565802
14.5  0.336928  1.228249  1.565177
15.0  0.347378  1.217288  1.564666
15.5  0.350104  1.214520  1.564625
16.0  0.345205  1.219763  1.564968
16.5  0.335427  1.230063  1.565490
17.0  0.324797  1.240766  1.565563
17.5  0.317103  1.248399  1.565502
18.0  0.314743  1.250795  1.565537
18.5  0.318182  1.247632  1.565814
19.0  0.326023  1.239809  1.565832
19.5  0.335562  1.229844  1.565406
20.0  0.343607  1.221617  1.565224
20.5  0.347314  1.217921  1.565235
21.0  0.344875  1.220673  1.565548
21.5  0.336028  1.229664  1.565692
22.0  0.322382  1.243517  1.565899
22.5  0.307314  1.258866  1.566180
23.0  0.295083  1.271361  1.566444
23.5  0.289165  1.277247  1.566411
24.0  0.290563  1.275511  1.566074
24.5  0.297222  1.268429  1.565650
25.0  0.305057  1.260273  1.565331
25.5  0.310009  1.254978  1.564987
26.0  0.309882  1.255310  1.565192
26.5  0.305067  1.260594  1.565661
27.0  0.298041  1.267801  1.565842
27.5  0.292167  1.273746  1.565913
28.0  0.290424  1.275267  1.565691
28.5  0.294502  1.271245  1.565747
29.0  0.304429  1.261120  1.565549
29.5  0.318725  1.247013  1.565738
30.0  0.334956  1.230951  1.565906
30.5  0.350450  1.215316  1.565766
31.0  0.362948  1.202671  1.565619
31.5  0.371049  1.194609  1.565659
32.0  0.374518  1.191055  1.565574
32.5  0.374480  1.191280  1.565760
33.0  0.373321  1.192811  1.566132
33.5  0.373927  1.192570  1.566497
34.0  0.378254  1.187931  1.566186
34.5  0.385988  1.180039  1.566028
35.0  0.394312  1.171421  1.565733
35.5  0.399165  1.167074  1.566239
36.0  0.397268  1.168808  1.566075
36.5  0.387706  1.178744  1.566450
37.0  0.372280  1.194294  1.566573
37.5  0.354674  1.212267  1.566942
38.0  0.339045  1.227860  1.566906
38.5  0.328653  1.238337  1.566990
39.0  0.324961  1.242039  1.567000
39.5  0.327363  1.239356  1.566720
40.0  0.333536  1.233122  1.566658
40.5  0.340270  1.226198  1.566469
41.0  0.344516  1.221802  1.566317
41.5  0.344288  1.222007  1.566295
42.0  0.339206  1.227258  1.566464
42.5  0.330621  1.235828  1.566449
43.0  0.321382  1.245244  1.566626
43.5  0.315154  1.251535  1.566689
44.0  0.315151  1.251565  1.566716
44.5  0.322523  1.243988  1.566510
45.0  0.335267  1.231337  1.566604
45.5  0.348623  1.217591  1.566214
46.0  0.357003  1.208630  1.565632
46.5  0.356441  1.209326  1.565768
47.0  0.346221  1.220061  1.566281
47.5  0.328959  1.237485  1.566444
48.0  0.309398  1.257088  1.566486
48.5  0.292625  1.274016  1.566641
49.0  0.282464  1.284426  1.566891
49.5  0.280475  1.286269  1.566743
50.0  0.285698  1.280947  1.566645
50.5  0.295136  1.271256  1.566392
51.0  0.304769  1.261419  1.566187
51.5  0.310807  1.255244  1.566051
52.0  0.310812  1.255083  1.565895
52.5  0.304386  1.261245  1.565631
53.0  0.293345  1.272341  1.565686
53.5  0.281396  1.284693  1.566089
54.0  0.273225  1.293060  1.566285
54.5  0.272986  1.293252  1.566237
55.0  0.282505  1.283649  1.566154
55.5  0.300162  1.265907  1.566069
56.0  0.321304  1.244299  1.565603
56.5  0.340225  1.225047  1.565272
57.0  0.352636  1.212642  1.565278
57.5  0.357315  1.208036  1.565351
58.0  0.356251  1.209431  1.565682
58.5  0.353482  1.212232  1.565715
59.0  0.353378  1.212879  1.566257
59.5  0.359066  1.207558  1.566625
60.0  0.371454  1.195166  1.566620
60.5  0.388994  1.177294  1.566288
61.0  0.408168  1.157729  1.565898
61.5  0.424498  1.141611  1.566109
62.0  0.433773  1.132263  1.566036
62.5  0.433155  1.132792  1.565946
63.0  0.421909  1.143856  1.565766
63.5  0.401675  1.164485  1.566161
64.0  0.376236  1.190253  1.566489
64.5  0.350650  1.216292  1.566942
65.0  0.329671  1.237267  1.566938
65.5  0.315893  1.251126  1.567019
66.0  0.308621  1.258094  1.566715
66.5  0.304331  1.261956  1.566286
67.0  0.298613  1.267604  1.566216
67.5  0.288488  1.277599  1.566086
68.0  0.273827  1.292371  1.566198
68.5  0.257311  1.309097  1.566408
69.0  0.243210  1.324042  1.567252
69.5  0.235736  1.331616  1.567352
70.0  0.237640  1.329695  1.567335
70.5  0.249437  1.317853  1.567290
71.0  0.269375  1.297658  1.567033
71.5  0.294034  1.273036  1.567070
72.0  0.319329  1.247729  1.567059
72.5  0.341552  1.225244  1.566797
73.0  0.358173  1.208130  1.566303
73.5  0.368265  1.198507  1.566772
74.0  0.372625  1.194795  1.567420
74.5  0.373586  1.194038  1.567623
75.0  0.374331  1.193231  1.567562
75.5  0.377575  1.189777  1.567352
76.0  0.384028  1.183742  1.567769
76.5  0.391612  1.175955  1.567568
77.0  0.396192  1.170759  1.566951
77.5  0.393543  1.173180  1.566723
78.0  0.381446  1.185673  1.567119
78.5  0.360754  1.206721  1.567476
79.0  0.335050  1.232570  1.567620
79.5  0.309269  1.258442  1.567710
80.0  0.288030  1.280084  1.568114
80.5  0.274285  1.294083  1.568368
81.0  0.268655  1.299179  1.567834
81.5  0.269549  1.297716  1.567265
82.0  0.273964  1.293028  1.566992
82.5  0.278679  1.288491  1.567170
83.0  0.281411  1.285845  1.567256
83.5  0.281546  1.285381  1.566927
84.0  0.280267  1.286818  1.567085
84.5  0.280227  1.287737  1.567963
85.0  0.284873  1.283819  1.568692
85.5  0.297414  1.271053  1.568467
86.0  0.319404  1.249165  1.568570
86.5  0.349452  1.219045  1.568498
87.0  0.382985  1.184802  1.567787
87.5  0.413588  1.153689  1.567277
88.0  0.435419  1.131917  1.567336
88.5  0.445397  1.122014  1.567411
89.0  0.444089  1.123429  1.567518
89.5  0.435073  1.133024  1.568097
90.0  0.423295  1.145187  1.568482
90.5  0.413218  1.155285  1.568503
91.0  0.407399  1.161149  1.568548
91.5  0.405823  1.162662  1.568486
92.0  0.406089  1.162069  1.568158
92.5  0.404339  1.163454  1.567792
93.0  0.396635  1.170995  1.567630
93.5  0.380343  1.187671  1.568014
94.0  0.355083  1.212892  1.567974
94.5  0.323039  1.245115  1.568154
95.0  0.288630  1.279784  1.568414
95.5  0.257613  1.310966  1.568579
96.0  0.235611  1.333252  1.568862
96.5  0.226222  1.342544  1.568766
97.0  0.229438  1.339215  1.568653
97.5  0.241397  1.327152  1.568549
98.0  0.255930  1.312037  1.567968
98.5  0.267204  1.300501  1.567705
99.0  0.272062  1.295554  1.567617
99.5  0.270964  1.296969  1.567933
100.0  0.267342  1.301106  1.568448
100.5  0.265956  1.302678  1.568634
101.0  0.271032  1.297352  1.568384
101.5  0.284824  1.283649  1.568473
102.0  0.306910  1.261424  1.568334
102.5  0.334326  1.233791  1.568117
103.0  0.362424  1.205459  1.567883
103.5  0.386186  1.181513  1.567699
104.0  0.401585  1.165839  1.567423
104.5  0.406585  1.161034  1.567619
105.0  0.401591  1.166314  1.567906
105.5  0.389330  1.179235  1.568564
106.0  0.374187  1.195073  1.569260
106.5  0.360916  1.208602  1.569518
107.0  0.352847  1.216795  1.569643
107.5  0.350332  1.219149  1.569481
108.0  0.350466  1.218792  1.569258
108.5  0.348549  1.220272  1.568821
109.0  0.340547  1.227973  1.568521
109.5  0.325159  1.243517  1.568676
110.0  0.304455  1.264485  1.568940
110.5  0.282998  1.286485  1.569483
111.0  0.266087  1.303898  1.569985
111.5  0.257937  1.311786  1.569723
112.0  0.260415  1.308934  1.569349
112.5  0.272618  1.296386  1.569004
113.0  0.291327  1.277647  1.568974
113.5  0.312146  1.257085  1.569232
114.0  0.330940  1.238140  1.569080
114.5  0.345031  1.224320  1.569350
115.0  0.353764  1.216001  1.569765
115.5  0.358378  1.211455  1.569833
116.0  0.361433  1.208402  1.569835
116.5  0.366017  1.203806  1.569822
117.0  0.374685  1.195568  1.570253
117.5  0.388164  1.182349  1.570513
118.0  0.404414  1.166255  1.570669
118.5  0.418918  1.151625  1.570543
119.0  0.426423  1.143909  1.570331
119.5  0.423307  1.146292  1.569599
120.0  0.409239  1.160546  1.569786
120.5  0.387302  1.182523  1.569826
121.0  0.362717  1.207545  1.570262
121.5  0.340887  1.229549  1.570436
122.0  0.325597  1.244557  1.570153
122.5  0.317919  1.252032  1.569951
123.0  0.316087  1.253795  1.569882
123.5  0.316309  1.252951  1.569260
124.0  0.314278  1.254847  1.569124
124.5  0.306849  1.262286  1.569135
125.0  0.293251  1.276046  1.569296
125.5  0.275350  1.294091  1.569441
126.0  0.256967  1.313189  1.570156
126.5  0.242699  1.327605  1.570304
127.0  0.236716  1.332720  1.569436
127.5  0.241607  1.327822  1.569429
128.0  0.257329  1.311895  1.569224
128.5  0.280686  1.288344  1.569030
129.0  0.306006  1.262478  1.568484
129.5  0.327107  1.241149  1.568256
130.0  0.339699  1.228754  1.568454
130.5  0.342986  1.225540  1.568526
131.0  0.339734  1.228790  1.568524
131.5  0.334958  1.234276  1.569235
132.0  0.333923  1.235911  1.569834
132.5  0.340240  1.229911  1.570151
133.0  0.354626  1.215138  1.569764
133.5  0.374597  1.195013  1.569610
134.0  0.395164  1.174314  1.569478
134.5  0.410362  1.158754  1.569116
135.0  0.415190  1.154594  1.569783
135.5  0.407316  1.162578  1.569894
136.0  0.387907  1.183071  1.570978
136.5  0.361305  1.209616  1.570921
137.0  0.333747  1.237575  1.571321
137.5  0.311577  1.260263  1.571840
138.0  0.299362  1.272538  1.571899
138.5  0.298340  1.273245  1.571585
139.0  0.305870  1.266559  1.572428
139.5  0.316398  1.257275  1.573673
140.0  0.323798  1.251535  1.575333
140.5  0.323976  1.253534  1.577509
141.0  0.316498  1.264266  1.580764
141.5  0.304594  1.280510  1.585104
142.0  0.293763  1.295228  1.588991
142.5  0.289714  1.302658  1.592373
143.0  0.296422  1.299022  1.595444
143.5  0.314817  1.283740  1.598558
144.0  0.342418  1.258506  1.600924
144.5  0.373945  1.228039  1.601984
145.0  0.402800  1.199166  1.601966
145.5  0.422999  1.178786  1.601785
146.0  0.430926  1.170578  1.601504
146.5  0.426309  1.175249  1.601558
147.0  0.412073  1.189787  1.601860
147.5  0.393217  1.209012  1.602228
148.0  0.375081  1.228179  1.603260
148.5  0.361488  1.243184  1.604672
149.0  0.353294  1.254562  1.607856
149.5  0.348050  1.261857  1.609908
150.0  0.341171  1.271424  1.612595
150.5  0.328189  1.287645  1.615834
151.0  0.306998  1.312100  1.619098
151.5  0.278985  1.343115  1.622099
152.0  0.248646  1.375219  1.623865
152.5  0.222069  1.402689  1.624758
153.0  0.204981  1.419078  1.624059
153.5  0.201061  1.420822  1.621883
154.0  0.210936  1.407624  1.618560
154.5  0.232071  1.383072  1.615143
155.0  0.259563  1.351475  1.611037
155.5  0.287636  1.319145  1.606781
156.0  0.311419  1.291390  1.602809
156.5  0.328384  1.271961  1.600346
157.0  0.338925  1.260632  1.599556
157.5  0.345867  1.253230  1.599097
158.0  0.353171  1.246203  1.599374
158.5  0.364258  1.235112  1.599370
159.0  0.380439  1.218958  1.599397
159.5  0.399942  1.199660  1.599602
160.0  0.418107  1.180948  1.599055
160.5  0.428961  1.168399  1.597360
161.0  0.427622  1.168432  1.596053
161.5  0.412394  1.182991  1.595385
162.0  0.385554  1.210228  1.595782
162.5  0.352592  1.242886  1.595478
163.0  0.320392  1.275435  1.595827
163.5  0.295128  1.300234  1.595363
164.0  0.280538  1.315015  1.595553
164.5  0.277008  1.320194  1.597203
165.0  0.281659  1.315943  1.597602
165.5  0.289426  1.310572  1.599999
166.0  0.294909  1.307089  1.601998
166.5  0.294451  1.309153  1.603603
167.0  0.287699  1.317562  1.605261
167.5  0.277935  1.329029  1.606964
168.0  0.270974  1.337893  1.608867
168.5  0.273034  1.338428  1.611462
169.0  0.288384  1.322955  1.611340
169.5  0.317531  1.293101  1.610632
170.0  0.356572  1.253818  1.610390
170.5  0.398126  1.211235  1.609361
171.0  0.433706  1.174430  1.608136
171.5  0.456643  1.151315  1.607959
172.0  0.464268  1.145042  1.609310
172.5  0.458447  1.151714  1.610161
173.0  0.444447  1.167274  1.611721
173.5  0.428807  1.184541  1.613349
174.0  0.417066  1.197653  1.614720
174.5  0.412020  1.203851  1.615870
175.0  0.412895  1.204036  1.616932
175.5  0.415596  1.203209  1.618806
176.0  0.413985  1.205548  1.619533
176.5  0.401961  1.217528  1.619489
177.0  0.375766  1.243369  1.619135
177.5  0.335717  1.284303  1.620021
178.0  0.286620  1.334884  1.621504
178.5  0.236571  1.384920  1.621492
179.0  0.194550  1.427611  1.622162
179.5  0.167639  1.456384  1.624023
180.0  0.158800  1.466977  1.625777
180.5  0.166024  1.461642  1.627667
181.0  0.183293  1.446620  1.629913
181.5  0.203090  1.428925  1.632014
182.0  0.219404  1.414747  1.634151
182.5  0.229871  1.406558  1.636429
183.0  0.236219  1.401938  1.638156
183.5  0.243105  1.394595  1.637700
184.0  0.256054  1.379796  1.635851
184.5  0.279319  1.355088  1.634408
185.0  0.314281  1.318049  1.632330
185.5  0.358718  1.270883  1.629601
186.0  0.407087  1.218665  1.625752
186.5  0.451778  1.171832  1.623610
187.0  0.485124  1.136262  1.621386
187.5  0.501632  1.118389  1.620021
188.0  0.499711  1.120087  1.619798
188.5  0.482194  1.137510  1.619703
189.0  0.455375  1.165506  1.620881
189.5  0.426864  1.194422  1.621286
190.0  0.402983  1.218454  1.621438
190.5  0.386593  1.234238  1.620831
191.0  0.376231  1.243426  1.619657
191.5  0.367068  1.248906  1.615974
192.0  0.353384  1.259627  1.613011
192.5  0.331417  1.277781  1.609198
193.0  0.301222  1.304366  1.605588
193.5  0.266803  1.334622  1.601426
194.0  0.234713  1.363407  1.598121
194.5  0.211882  1.382323  1.594205
195.0  0.203502  1.387075  1.590577
195.5  0.211551  1.375577  1.587128
196.0  0.234236  1.350351  1.584586
196.5  0.266442  1.315682  1.582124
197.0  0.301132  1.279492  1.580624
197.5  0.331385  1.249380  1.580766
198.0  0.352515  1.228829  1.581344
198.5  0.363508  1.219141  1.582649
199.0  0.367150  1.216334  1.583484
199.5  0.368701  1.216226  1.584928
200.0  0.373624  1.212685  1.586310
200.5  0.385188  1.201630  1.586819
201.0  0.402850  1.183318  1.586168
201.5  0.422100  1.162871  1.584970
202.0  0.436019  1.149074  1.585093
202.5  0.438033  1.146621  1.584655
203.0  0.424623  1.159618  1.584241
203.5  0.396776  1.188263  1.585039
204.0  0.359651  1.227695  1.587346
204.5  0.320809  1.269530  1.590340
205.0  0.287855  1.306299  1.594154
205.5  0.266276  1.332199  1.598475
206.0  0.258033  1.345642  1.603675
206.5  0.261143  1.347977  1.609120
207.0  0.270351  1.342963  1.613314
207.5  0.278798  1.338181  1.616978
208.0  0.280370  1.339932  1.620302
208.5  0.272063  1.350745  1.622807
209.0  0.255439  1.367265  1.622704
209.5  0.236401  1.385172  1.621572
210.0  0.223152  1.395984  1.619135
210.5  0.223085  1.392769  1.615854
211.0  0.239818  1.371738  1.611556
211.5  0.271551  1.335071  1.606622
212.0  0.311419  1.290591  1.602010
212.5  0.349829  1.249353  1.599182
213.0  0.377899  1.218448  1.596347
213.5  0.390565  1.204762  1.595327
214.0  0.388086  1.207167  1.595253
214.5  0.375510  1.221897  1.597406
215.0  0.360597  1.238173  1.598770
215.5  0.351143  1.247628  1.598771
216.0  0.352573  1.245914  1.598487
216.5  0.366386  1.232856  1.599242
217.0  0.389707  1.209315  1.599021
217.5  0.416055  1.182763  1.598818
218.0  0.437211  1.161054  1.598265
218.5  0.445831  1.151101  1.596933
219.0  0.438083  1.157730  1.595813
219.5  0.415285  1.180858  1.596142
220.0  0.383714  1.213416  1.597130
220.5  0.352446  1.244846  1.597292
221.0  0.330018  1.267576  1.597593
221.5  0.321272  1.276888  1.598160
222.0  0.325653  1.272005  1.597658
222.5  0.337629  1.260124  1.597754
223.0  0.349085  1.249047  1.598133
223.5  0.352683  1.246588  1.599270
224.0  0.344712  1.254612  1.599324
224.5  0.326308  1.274223  1.600530
225.0  0.302737  1.297495  1.600233
225.5  0.281349  1.318519  1.599868
226.0  0.269072  1.330419  1.599491
226.5  0.270275  1.328974  1.599249
227.0  0.285470  1.313848  1.599318
227.5  0.311080  1.288235  1.599315
228.0  0.340327  1.260260  1.600587
228.5  0.365094  1.238517  1.603611
229.0  0.378390  1.230154  1.608544
229.5  0.376708  1.238491  1.615199
230.0  0.361368  1.261859  1.623227
230.5  0.338176  1.294942  1.633118
231.0  0.315340  1.327707  1.643047
231.5  0.300407  1.351098  1.651505
232.0  0.297402  1.359770  1.657172
232.5  0.305306  1.355054  1.660360
233.0  0.318551  1.341414  1.659965
233.5  0.329400  1.326755  1.656154
234.0  0.331203  1.316794  1.647997
234.5  0.321072  1.317446  1.638518
235.0  0.300874  1.327636  1.628510
235.5  0.276363  1.342404  1.618767
236.0  0.255063  1.353890  1.608952
236.5  0.243814  1.356197  1.600011
237.0  0.246745  1.347371  1.594116
237.5  0.264100  1.326650  1.590749
238.0  0.292148  1.295982  1.588130
238.5  0.324184  1.261587  1.585771
239.0  0.352479  1.231745  1.584223
239.5  0.370729  1.214016  1.584745
240.0  0.376244  1.209363  1.585607
240.5  0.370956  1.214590  1.585546
241.0  0.360674  1.224276  1.584950
241.5  0.352777  1.232228  1.585005
242.0  0.353243  1.230818  1.584061
242.5  0.364192  1.219620  1.583812
243.0  0.382901  1.199094  1.581995
243.5  0.402711  1.179041  1.581753
244.0  0.415599  1.167249  1.582848
244.5  0.415366  1.169900  1.585265
245.0  0.400060  1.190226  1.590286
245.5  0.372633  1.223757  1.596391
246.0  0.339767  1.264636  1.604403
246.5  0.309555  1.303140  1.612695
247.0  0.288979  1.334036  1.623015
247.5  0.281909  1.351334  1.633243
248.0  0.288069  1.355621  1.643690
248.5  0.303170  1.349434  1.652604
249.0  0.320213  1.340012  1.660225
249.5  0.331760  1.334627  1.666387
250.0  0.332623  1.338047  1.670670
250.5  0.322037  1.350807  1.672843
251.0  0.304284  1.370348  1.674632
251.5  0.287256  1.388378  1.675633
252.0  0.279375  1.396154  1.675529
252.5  0.286180  1.388826  1.675006
253.0  0.307999  1.366264  1.674264
253.5  0.339640  1.335137  1.674778
254.0  0.372192  1.305708  1.677901
254.5  0.396258  1.287437  1.683694
255.0  0.405308  1.287738  1.693046
255.5  0.397809  1.308662  1.706470
256.0  0.377391  1.344423  1.721814
256.5  0.351266  1.390058  1.741324
257.0  0.327709  1.432662  1.760371
257.5  0.313505  1.465459  1.778965
258.0  0.312050  1.480558  1.792609
258.5  0.322437  1.480464  1.802901
259.0  0.339686  1.466487  1.806173
259.5  0.356137  1.445887  1.802024
260.0  0.363806  1.426903  1.790709
260.5  0.357188  1.416290  1.773478
261.0  0.335582  1.416639  1.752221
261.5  0.303853  1.427463  1.731316
262.0  0.270997  1.440213  1.711210
262.5  0.246883  1.445602  1.692485
263.0  0.238519  1.439042  1.677561
263.5  0.247452  1.419197  1.666649
264.0  0.269360  1.390187  1.659547
264.5  0.295911  1.359049  1.654960
265.0  0.318085  1.335254  1.653338
265.5  0.329558  1.324746  1.654304
266.0  0.328827  1.325147  1.653974
266.5  0.319361  1.335251  1.654612
267.0  0.308027  1.344807  1.652834
267.5  0.302567  1.347471  1.650038
268.0  0.309052  1.336330  1.645381
268.5  0.329977  1.307843  1.637821
269.0  0.363372  1.265417  1.628789
269.5  0.403099  1.215359  1.618458
270.0  0.440349  1.167834  1.608183
270.5  0.466138  1.132769  1.598907
271.0  0.474216  1.115399  1.589616
271.5  0.463407  1.120173  1.583579
272.0  0.438259  1.142228  1.580488
272.5  0.407429  1.173297  1.580727
273.0  0.380272  1.202727  1.582999
273.5  0.363150  1.223880  1.587030
274.0  0.357102  1.236743  1.593845
274.5  0.357846  1.243588  1.601434
275.0  0.357979  1.251009  1.608988
275.5  0.350351  1.267774  1.618125
276.0  0.331136  1.296706  1.627842
276.5  0.301381  1.321717  1.623098
277.0  0.266588  1.360874  1.627461
277.5  0.234764  1.390081  1.624845
278.0  0.213817  1.411492  1.625309
278.5  0.209164  1.416844  1.626007
279.0  0.222157  1.402576  1.624733
279.5  0.249620  1.373196  1.622815
280.0  0.284587  1.339156  1.623743
280.5  0.318203  1.302351  1.620555
281.0  0.342422  1.281869  1.624291
281.5  0.352775  1.264797  1.617572
282.0  0.350121  1.276202  1.626323
282.5  0.340377  1.276308  1.616685
283.0  0.332044  1.296891  1.628935
283.5  0.332512  1.284385  1.616897
284.0  0.344868  1.281888  1.626756
284.5  0.366613  1.250776  1.617388
285.0  0.390722  1.230772  1.621494
285.5  0.408446  1.212288  1.620733
286.0  0.412647  1.204969  1.617616
286.5  0.400376  1.223925  1.624301
287.0  0.373793  1.241621  1.615414
287.5  0.339289  1.287832  1.627121
288.0  0.305354  1.312159  1.617513
288.5  0.280023  1.347653  1.627676
289.0  0.268639  1.351098  1.619736
289.5  0.272407  1.353023  1.625430
290.0  0.288028  1.333548  1.621577
290.5  0.308512  1.315047  1.623559
291.0  0.325159  1.297379  1.622538
291.5  0.330419  1.292306  1.622725
292.0  0.320845  1.302272  1.623117
292.5  0.298943  1.324921  1.623864
293.0  0.272756  1.351616  1.624373
293.5  0.252914  1.374931  1.627845
294.0  0.248263  1.375050  1.623313
294.5  0.262159  1.367440  1.629599
295.0  0.291166  1.329978  1.621145
295.5  0.326595  1.303103  1.629699
296.0  0.357998  1.261202  1.619200
296.5  0.377016  1.252179  1.629194
297.0  0.380094  1.238547  1.618641
297.5  0.369235  1.258904  1.628140
298.0  0.350839  1.270567  1.621406
298.5  0.333336  1.293943  1.627279
299.0  0.324506  1.300246  1.624752
299.5  0.329221  1.296517  1.625738
300.0  0.348039  1.278574  1.626614
300.5  0.376903  1.246538  1.623441
301.0  0.408035  1.219135  1.627170
301.5  0.432022  1.189469  1.621491
302.0  0.440782  1.186504  1.627287
302.5  0.430638  1.191744  1.622382
303.0  0.404251  1.222977  1.627228
303.5  0.370189  1.254425  1.624614
304.0  0.339807  1.287704  1.627510
304.5  0.322599  1.304198  1.626797
305.0  0.322257  1.303518  1.625776
305.5  0.335363  1.291355  1.626718
306.0  0.353202  1.271037  1.624239
306.5  0.365608  1.259838  1.625446
307.0  0.364993  1.258402  1.623395
307.5  0.348924  1.275756  1.624680
308.0  0.320544  1.304624  1.625168
308.5  0.287097  1.335960  1.623056
309.0  0.257402  1.371151  1.628552
309.5  0.239220  1.382970  1.622189
310.0  0.237156  1.392767  1.629923
310.5  0.251470  1.369725  1.621195
311.0  0.277945  1.351426  1.629371
311.5  0.308882  1.310225  1.619107
312.0  0.335180  1.290331  1.625512
312.5  0.349183  1.272211  1.621394
313.0  0.347547  1.275810  1.623358
313.5  0.332947  1.291807  1.624755
314.0  0.313500  1.309331  1.622831
314.5  0.299658  1.328134  1.627792
315.0  0.299751  1.323582  1.623333
315.5  0.316297  1.311517  1.627814
316.0  0.344927  1.278372  1.623299
316.5  0.376325  1.249767  1.626092
317.0  0.400106  1.223231  1.623337
317.5  0.408770  1.216026  1.624796
318.0  0.400146  1.225343  1.625489
318.5  0.377645  1.247699  1.625343
319.0  0.348641  1.276832  1.625473
319.5  0.321884  1.304159  1.626043
320.0  0.304859  1.319837  1.624697
320.5  0.301759  1.325286  1.627045
321.0  0.312427  1.310863  1.623290
321.5  0.332402  1.294096  1.626498
322.0  0.354105  1.266143  1.620248
322.5  0.369056  1.259128  1.628184
323.0  0.370719  1.250013  1.620732
323.5  0.357146  1.271152  1.628298
324.0  0.332257  1.289581  1.621838
324.5  0.304805  1.323990  1.628794
325.0  0.285063  1.338665  1.623728
325.5  0.280575  1.346786  1.627360
326.0  0.292981  1.331592  1.624573
326.5  0.317450  1.308957  1.626406
327.0  0.344828  1.280770  1.625598
327.5  0.365406  1.257868  1.623274
328.0  0.372562  1.251509  1.624070
328.5  0.364873  1.257751  1.622624
329.0  0.346136  1.279402  1.625538
329.5  0.323640  1.301231  1.624870
330.0  0.305570  1.320232  1.625802
330.5  0.298462  1.327262  1.625724
331.0  0.305317  1.318954  1.624271
331.5  0.324720  1.301112  1.625832
332.0  0.351091  1.272530  1.623621
332.5  0.376096  1.248476  1.624572
333.0  0.391062  1.230923  1.621985
333.5  0.389944  1.233817  1.623760
334.0  0.371894  1.252723  1.624617
334.5  0.342227  1.282585  1.624812
335.0  0.310874  1.315286  1.626160
335.5  0.288590  1.335597  1.624186
336.0  0.282522  1.344942  1.627465
336.5  0.293286  1.330926  1.624212
337.0  0.314912  1.311396  1.626307
337.5  0.337532  1.285637  1.623169
338.0  0.351401  1.273303  1.624704
338.5  0.350494  1.273197  1.623691
339.0  0.334359  1.290607  1.624966
339.5  0.307829  1.317142  1.624971
340.0  0.279079  1.346466  1.625545
340.5  0.256921  1.369117  1.626038
341.0  0.248229  1.377700  1.625929
341.5  0.256077  1.369942  1.626020
342.0  0.278885  1.347996  1.626881
342.5  0.310712  1.315720  1.626433
343.0  0.342722  1.283547  1.626269
343.5  0.365682  1.259219  1.624900
344.0  0.373023  1.253777  1.626800
344.5  0.363483  1.263766  1.627249
345.0  0.342085  1.285720  1.627805
345.5  0.318547  1.309615  1.628162
346.0  0.303421  1.325067  1.628488
346.5  0.303629  1.326049  1.629678
347.0  0.319572  1.309247  1.628819
347.5  0.345161  1.282959  1.628119
348.0  0.370587  1.257180  1.627768
348.5  0.386375  1.241057  1.627433
349.0  0.386929  1.242126  1.629055
349.5  0.372272  1.255655  1.627926
350.0  0.347630  1.281348  1.628977
350.5  0.321382  1.307925  1.629307
351.0  0.302299  1.329529  1.631828
351.5  0.296971  1.334562  1.631533
352.0  0.307988  1.322745  1.630732
352.5  0.333202  1.296292  1.629494
353.0  0.366177  1.262648  1.628825
353.5  0.397829  1.231464  1.629293
354.0  0.419072  1.209247  1.628319
354.5  0.423894  1.205818  1.629712
355.0  0.411812  1.217211  1.629023
355.5  0.388471  1.243155  1.631626
356.0  0.363630  1.267225  1.630856
356.5  0.347093  1.284664  1.631758
357.0  0.344423  1.285939  1.630362
357.5  0.354593  1.276480  1.631073
358.0  0.370660  1.259494  1.630154
358.5  0.382923  1.246328  1.629250
359.0  0.382956  1.245975  1.628931
359.5  0.366760  1.262455  1.629214
360.0  0.335972  1.293955  1.629926
360.5  0.297032  1.334247  1.631279
361.0  0.258949  1.371225  1.630175
361.5  0.230588  1.401908  1.632495
362.0  0.218265  1.412324  1.630589
362.5  0.224157  1.408849  1.633006
363.0  0.245749  1.382396  1.628145
363.5  0.276419  1.355005  1.631425
364.0  0.307168  1.320216  1.627384
364.5  0.329266  1.301023  1.630289
365.0  0.337264  1.290823  1.628088
365.5  0.331303  1.296817  1.628120
366.0  0.317497  1.312905  1.630401
366.5  0.305700  1.324374  1.630074
367.0  0.305284  1.327387  1.632671
367.5  0.320855  1.306876  1.627731
368.0  0.350099  1.280792  1.630891
368.5  0.384737  1.241469  1.626207
369.0  0.413950  1.215490  1.629440
369.5  0.428551  1.197990  1.626541
370.0  0.424146  1.202727  1.626873
370.5  0.402273  1.223954  1.626227
371.0  0.369454  1.257790  1.627244
371.5  0.334862  1.293439  1.628301
372.0  0.307527  1.321329  1.628857
372.5  0.293869  1.334325  1.628194
373.0  0.296055  1.332854  1.628908
373.5  0.311448  1.314898  1.626347
374.0  0.333265  1.296792  1.630057
374.5  0.352440  1.272674  1.625114
375.0  0.360480  1.269132  1.629611
375.5  0.352635  1.270312  1.622946
376.0  0.330193  1.299849  1.630042
376.5  0.300604  1.323567  1.624172
377.0  0.274817  1.356836  1.631653
377.5  0.262724  1.363850  1.626574
378.0  0.268901  1.362080  1.630981
378.5  0.290768  1.335980  1.626748
379.0  0.319963  1.307796  1.627759
379.5  0.345967  1.281758  1.627725
380.0  0.360187  1.265354  1.625540
380.5  0.358844  1.269871  1.628715
381.0  0.343804  1.280951  1.624755
381.5  0.321436  1.307716  1.629153
382.0  0.300233  1.325475  1.625708
382.5  0.288101  1.341971  1.630072
383.0  0.290093  1.336837  1.626931
383.5  0.306998  1.321581  1.628579
384.0  0.335018  1.293000  1.628019
384.5  0.366629  1.259662  1.626291
385.0  0.392563  1.233862  1.626426
385.5  0.404669  1.219075  1.623744
386.0  0.398910  1.227599  1.626509
386.5  0.377332  1.247734  1.625066
387.0  0.347806  1.277506  1.625312
387.5  0.321116  1.306234  1.627350
388.0  0.306482  1.317032  1.623515
388.5  0.307680  1.322120  1.629800
389.0  0.321710  1.297656  1.619366
389.5  0.340513  1.288253  1.628767
390.0  0.354603  1.262380  1.616983
390.5  0.356833  1.270353  1.627186
391.0  0.344817  1.273484  1.618301
391.5  0.321360  1.303607  1.624966
392.0  0.293151  1.329702  1.622853
392.5  0.268451  1.354947  1.623398
393.0  0.254601  1.371897  1.626498
393.5  0.256003  1.367326  1.623330
394.0  0.272923  1.356371  1.629293
394.5  0.301287  1.320987  1.622274
395.0  0.333587  1.292884  1.626471
395.5  0.360843  1.260270  1.621113
396.0  0.375378  1.250071  1.625449
396.5  0.373679  1.250337  1.624015
397.0  0.358184  1.265554  1.623737
397.5  0.336844  1.287434  1.624278
398.0  0.320115  1.305656  1.625771
398.5  0.316519  1.311429  1.627949
399.0  0.328935  1.300372  1.629307
399.5  0.353495  1.275911  1.629406
400.0  0.381482  1.247086  1.628568
400.5  0.403051  1.225267  1.628318
401.0  0.410995  1.215128  1.626122
401.5  0.403074  1.220622  1.623696
402.0  0.382333  1.239485  1.621818
402.5  0.355652  1.263551  1.619203
403.0  0.331325  1.284280  1.615605
403.5  0.316510  1.296009  1.612519
404.0  0.315204  1.294245  1.609449
404.5  0.327111  1.278974  1.606085
405.0  0.347596  1.255980  1.603575
405.5  0.368792  1.232689  1.601480
406.0  0.381828  1.217069  1.598897
406.5  0.379817  1.218334  1.598151
407.0  0.360759  1.236727  1.597486
407.5  0.329073  1.267718  1.596792
408.0  0.294580  1.302246  1.596826
408.5  0.268800  1.328152  1.596952
409.0  0.260095  1.336442  1.596538
409.5  0.270124  1.326092  1.596216
410.0  0.293423  1.302066  1.595490
410.5  0.320124  1.275133  1.595257
411.0  0.340155  1.256063  1.596217
411.5  0.346956  1.251563  1.598519
412.0  0.339374  1.263729  1.603103
412.5  0.321434  1.286806  1.608240
413.0  0.300519  1.314750  1.615269
413.5  0.284829  1.339156  1.623985
414.0  0.280930  1.350789  1.631719
414.5  0.291938  1.346854  1.638792
415.0  0.316611  1.329081  1.645691
415.5  0.349487  1.301309  1.650796
416.0  0.382130  1.271080  1.653211
416.5  0.405407  1.246316  1.651723
417.0  0.412443  1.236347  1.648789
417.5  0.401397  1.242302  1.643699
418.0  0.376781  1.259339  1.636120
418.5  0.348208  1.278954  1.627161
419.0  0.326589  1.291300  1.617889
419.5  0.319380  1.290311  1.609692
420.0  0.327350  1.273999  1.601349
420.5  0.344549  1.250395  1.594943
421.0  0.361258  1.229158  1.590416
421.5  0.368195  1.220166  1.588361
422.0  0.359995  1.228045  1.588040
422.5  0.336799  1.251132  1.587931
423.0  0.303787  1.285481  1.589268
423.5  0.269239  1.321484  1.590723
424.0  0.241979  1.349370  1.591349
424.5  0.228958  1.362790  1.591748
425.0  0.233477  1.358666  1.592143
425.5  0.254317  1.337039  1.591356
426.0  0.285926  1.304583  1.590509
426.5  0.319728  1.272289  1.592017
427.0  0.346507  1.247787  1.594294
427.5  0.359449  1.237283  1.596732
428.0  0.356923  1.245002  1.601925
428.5  0.343648  1.266855  1.610503
429.0  0.329132  1.290338  1.619470
429.5  0.323544  1.307091  1.630635
430.0  0.332878  1.308567  1.641445
430.5  0.356030  1.295586  1.651616
431.0  0.385375  1.276318  1.661693
431.5  0.410299  1.260619  1.670918
432.0  0.421636  1.257392  1.679028
432.5  0.414940  1.271865  1.686804
433.0  0.391570  1.300591  1.692161
433.5  0.357712  1.338011  1.695723
434.0  0.322109  1.375810  1.697920
434.5  0.293425  1.405996  1.699421
435.0  0.277952  1.421395  1.699348
435.5  0.278087  1.420485  1.698572
436.0  0.291750  1.406029  1.697779
436.5  0.312874  1.384572  1.697446
437.0  0.332965  1.366912  1.699877
437.5  0.343646  1.362309  1.705955
438.0  0.339690  1.374663  1.714353
438.5  0.321550  1.404816  1.726365
439.0  0.296018  1.449031  1.745049
439.5  0.274058  1.492385  1.766443
440.0  0.266232  1.522711  1.788943
440.5  0.277821  1.533680  1.811501
441.0  0.306309  1.525321  1.831629
441.5  0.342590  1.504644  1.847234
442.0  0.375050  1.480943  1.855993
442.5  0.394232  1.461923  1.856155
443.0  0.395982  1.452415  1.848397
443.5  0.382165  1.453238  1.835403
444.0  0.359286  1.456883  1.816169
444.5  0.335976  1.457708  1.793684
445.0  0.320305  1.451221  1.771526
445.5  0.317605  1.432467  1.750071
446.0  0.329115  1.402373  1.731489
446.5  0.351612  1.364601  1.716213
447.0  0.378064  1.327622  1.705686
447.5  0.399364  1.299310  1.698674
448.0  0.407003  1.287748  1.694751
448.5  0.396170  1.297609  1.693779
449.0  0.368225  1.325824  1.694049
449.5  0.331155  1.363997  1.695152
450.0  0.297112  1.398504  1.695617
450.5  0.277560  1.416752  1.694312
451.0  0.278259  1.411896  1.690155
451.5  0.296801  1.387118  1.683918
452.0  0.323990  1.350613  1.674603
452.5  0.348132  1.316057  1.664189
453.0  0.359855  1.292063  1.651918
453.5  0.355288  1.284103  1.639391
454.0  0.336710  1.291011  1.627721
454.5  0.311034  1.305113  1.616147
455.0  0.287170  1.319554  1.606724
455.5  0.273258  1.325760  1.599019
456.0  0.274473  1.318907  1.593380
456.5  0.291707  1.299824  1.591531
457.0  0.321259  1.270268  1.591526
457.5  0.355586  1.237558  1.593145
458.0  0.385127  1.212365  1.597492
458.5  0.401037  1.201804  1.602841
459.0  0.398298  1.210233  1.608531
459.5  0.378109  1.237267  1.615376
460.0  0.348203  1.273252  1.621456
460.5  0.320269  1.305615  1.625884
461.0  0.305106  1.323890  1.628996
461.5  0.307783  1.321950  1.629733
462.0  0.325416  1.303984  1.629400
462.5  0.348746  1.278641  1.627387
463.0  0.366460  1.258825  1.625285
463.5  0.369898  1.255047  1.624945
464.0  0.356029  1.271447  1.627476
464.5  0.327925  1.303350  1.631274
465.0  0.293127  1.344411  1.637538
465.5  0.260984  1.387431  1.648415
466.0  0.239939  1.420940  1.660879
466.5  0.235415  1.438934  1.674349
467.0  0.248590  1.441863  1.690454
467.5  0.276142  1.429171  1.705313
468.0  0.310985  1.407413  1.718399
468.5  0.344021  1.384314  1.728335
469.0  0.366718  1.368093  1.734812
469.5  0.374037  1.361532  1.735570
470.0  0.366656  1.365883  1.732539
470.5  0.351252  1.374126  1.725378
471.0  0.338057  1.376447  1.714504
471.5  0.336337  1.366032  1.702368
472.0  0.349925  1.340454  1.690379
472.5  0.375291  1.303629  1.678920
473.0  0.403184  1.266287  1.669470
473.5  0.422801  1.238614  1.661415
474.0  0.426206  1.230344  1.656550
474.5  0.411019  1.244154  1.655173
475.0  0.380679  1.273456  1.654135
475.5  0.342736  1.311831  1.654567
476.0  0.306211  1.349465  1.655675
476.5  0.278983  1.377037  1.656020
477.0  0.265826  1.389565  1.655391
477.5  0.267361  1.385210  1.652571
478.0  0.280003  1.369126  1.649128
478.5  0.296923  1.347882  1.644805
479.0  0.309971  1.328571  1.638542
479.5  0.312340  1.319405  1.631745
480.0  0.301343  1.323240  1.624582
480.5  0.280202  1.338164  1.618366
481.0  0.257636  1.354885  1.612521
481.5  0.244713  1.361404  1.606117
482.0  0.250010  1.350877  1.600887
482.5  0.275471  1.321745  1.597217
483.0  0.315300  1.277798  1.593098
483.5  0.358475  1.232336  1.590812
484.0  0.393392  1.197113  1.590505
484.5  0.412191  1.178342  1.590534
485.0  0.413011  1.178949  1.591960
485.5  0.399734  1.195350  1.595084
486.0  0.379930  1.216916  1.596845
486.5  0.362070  1.235687  1.597757
487.0  0.352976  1.245831  1.598806
487.5  0.356024  1.243815  1.599839
488.0  0.370331  1.229555  1.599886
488.5  0.390954  1.207570  1.598524
489.0  0.410077  1.187121  1.597199
489.5  0.419125  1.177898  1.597023
490.0  0.411477  1.185453  1.596929
490.5  0.385147  1.212842  1.597989
491.0  0.344320  1.256125  1.600446
491.5  0.298662  1.304434  1.603096
492.0  0.260079  1.347866  1.607945
492.5  0.238056  1.375305  1.613361
493.0  0.235834  1.382000  1.617834
493.5  0.249461  1.371216  1.620677
494.0  0.270091  1.353495  1.623585
494.5  0.288107  1.338534  1.626641
495.0  0.296941  1.330249  1.627190
495.5  0.295075  1.331558  1.626633
496.0  0.285879  1.339819  1.625699
496.5  0.275856  1.347628  1.623484
497.0  0.272219  1.348733  1.620952
497.5  0.280612  1.336563  1.617175
498.0  0.303463  1.311226  1.614689
498.5  0.339173  1.272284  1.611458
499.0  0.382250  1.226816  1.609066
499.5  0.424392  1.182900  1.607291
500.0  0.456509  1.150035  1.606543
500.5  0.471391  1.136384  1.607774
501.0  0.466329  1.142055  1.608383
501.5  0.444582  1.164114  1.608696
502.0  0.414595  1.194947  1.609542
502.5  0.386747  1.223586  1.610333
503.0  0.368863  1.240586  1.609449
503.5  0.362817  1.244314  1.607131
504.0  0.364100  1.241268  1.605368
504.5  0.364468  1.239099  1.603567
505.0  0.356040  1.246096  1.602135
505.5  0.334716  1.265270  1.599986
506.0  0.301626  1.296927  1.598553
506.5  0.262463  1.334794  1.597257
507.0  0.225443  1.370359  1.595802
507.5  0.198815  1.396118  1.594932
508.0  0.188660  1.406844  1.595505
508.5  0.197423  1.398249  1.595672
509.0  0.223305  1.371077  1.594382
509.5  0.260609  1.333543  1.594152
510.0  0.301027  1.293727  1.594754
510.5  0.335806  1.258670  1.594476
511.0  0.358424  1.235173  1.593598
511.5  0.367005  1.228280  1.595285
512.0  0.365310  1.231160  1.596470
512.5  0.361371  1.235619  1.596990
513.0  0.363844  1.232363  1.596207
513.5  0.377673  1.218783  1.596456
514.0  0.401425  1.194917  1.596342
514.5  0.427814  1.167216  1.595030
515.0  0.447028  1.147178  1.594206
515.5  0.450886  1.143648  1.594533
516.0  0.435818  1.159381  1.595199
516.5  0.403689  1.192651  1.596341
517.0  0.360682  1.236473  1.597156
517.5  0.315108  1.283021  1.598129
518.0  0.275057  1.324919  1.599975
518.5  0.246504  1.353833  1.600338
519.0  0.232148  1.367673  1.599821
519.5  0.231036  1.369340  1.600376
520.0  0.238985  1.361635  1.600620
520.5  0.249778  1.351127  1.600904
521.0  0.257063  1.343753  1.600816
521.5  0.256673  1.344003  1.600676
522.0  0.248650  1.351265  1.599915
522.5  0.237974  1.361938  1.599912
523.0  0.233115  1.367086  1.600201
523.5  0.242516  1.358334  1.600851
524.0  0.270480  1.329831  1.600311
524.5  0.314679  1.285154  1.599833
525.0  0.366772  1.233182  1.599954
525.5  0.415732  1.183737  1.599469
526.0  0.452019  1.147124  1.599144
526.5  0.470594  1.128933  1.599527
527.0  0.471788  1.128830  1.600618
527.5  0.460240  1.140669  1.600909
528.0  0.442751  1.158544  1.601295
528.5  0.425963  1.175464  1.601428
529.0  0.414516  1.187621  1.602138
529.5  0.409934  1.191405  1.601339
530.0  0.410350  1.191654  1.602003
530.5  0.411038  1.191294  1.602332
531.0  0.405751  1.196214  1.601965
531.5  0.388749  1.212463  1.601212
532.0  0.357175  1.244482  1.601657
532.5  0.313024  1.290050  1.603074
533.0  0.263614  1.340598  1.604212
533.5  0.219762  1.385376  1.605138
534.0  0.191885  1.414635  1.606520
534.5  0.185699  1.421071  1.606770
535.0  0.199841  1.405285  1.605126
535.5  0.226754  1.377877  1.604632
536.0  0.256247  1.347876  1.604122
536.5  0.279683  1.322191  1.601874
537.0  0.292845  1.307528  1.600374
537.5  0.296584  1.304650  1.601235
538.0  0.295592  1.305389  1.600980
538.5  0.296186  1.303872  1.600059
539.0  0.304036  1.295757  1.599793
539.5  0.322400  1.277260  1.599659
540.0  0.351153  1.247917  1.599070
540.5  0.386649  1.210958  1.597607
541.0  0.422409  1.174442  1.596851
541.5  0.450597  1.145812  1.596409
542.0  0.464176  1.131603  1.595779
542.5  0.459309  1.137368  1.596677
543.0  0.437214  1.160255  1.597469
543.5  0.404382  1.194120  1.598502
544.0  0.370532  1.227696  1.598227
544.5  0.344756  1.253684  1.598440
545.0  0.331679  1.265894  1.597573
545.5  0.329731  1.267140  1.596871
546.0  0.332464  1.262526  1.594990
546.5  0.332005  1.263042  1.595047
547.0  0.322669  1.271858  1.594528
547.5  0.303086  1.291822  1.594908
548.0  0.276325  1.318348  1.594673
548.5  0.248481  1.346435  1.594916
549.0  0.226568  1.369089  1.595657
549.5  0.216507  1.380113  1.596619
550.0  0.221649  1.377258  1.598907
550.5  0.242010  1.357559  1.599569
551.0  0.274229  1.325866  1.600095
551.5  0.312231  1.288271  1.600503
552.0  0.348594  1.252210  1.600804
552.5  0.376514  1.225316  1.601830
553.0  0.391994  1.210420  1.602414
553.5  0.395488  1.206427  1.601915
554.0  0.392001  1.210477  1.602478
554.5  0.389078  1.212564  1.601642
555.0  0.393209  1.208797  1.602006
555.5  0.406433  1.195036  1.601469
556.0  0.425092  1.177535  1.602628
556.5  0.441506  1.160540  1.602045
557.0  0.447534  1.156100  1.603634
557.5  0.438046  1.168994  1.607040
558.0  0.412728  1.198247  1.610976
558.5  0.375830  1.240053  1.615883
559.0  0.334432  1.287500  1.621932
559.5  0.296173  1.331877  1.628050
560.0  0.267222  1.366553  1.633775
560.5  0.250932  1.388106  1.639038
561.0  0.247293  1.397939  1.645233
561.5  0.253156  1.396663  1.649819
562.0  0.263139  1.389962  1.653101
562.5  0.271151  1.385229  1.656380
563.0  0.272345  1.385911  1.658256
563.5  0.265076  1.393622  1.658698
564.0  0.252103  1.407205  1.659308
564.5  0.240135  1.418157  1.658291
565.0  0.237344  1.418869  1.656213
565.5  0.249621  1.404367  1.653988
566.0  0.277427  1.373740  1.651167
566.5  0.315115  1.332530  1.647645
567.0  0.353187  1.292470  1.645657
567.5  0.382201  1.262097  1.644298
568.0  0.396270  1.248775  1.645046
568.5  0.394682  1.254420  1.649102
569.0  0.381395  1.271566  1.652962
569.5  0.363116  1.295856  1.658972
570.0  0.346920  1.316584  1.663504
570.5  0.338218  1.329980  1.668197
571.0  0.339459  1.332724  1.672183
571.5  0.349690  1.325367  1.675057
572.0  0.364908  1.310551  1.675459
572.5  0.379123  1.293897  1.673020
573.0  0.386018  1.281569  1.667587
573.5  0.380970  1.279449  1.660419
574.0  0.362977  1.287552  1.650529
574.5  0.335696  1.304939  1.640636
575.0  0.306793  1.325194  1.631986
575.5  0.285337  1.338624  1.623961
576.0  0.278107  1.337769  1.615876
576.5  0.286598  1.324629  1.611227
577.0  0.306443  1.302714  1.609157
577.5  0.329560  1.278766  1.608326
578.0  0.347761  1.261995  1.609756
578.5  0.355930  1.258010  1.613941
579.0  0.353476  1.264264  1.617740
579.5  0.343858  1.277115  1.620973
580.0  0.332842  1.289627  1.622469
580.5  0.326350  1.298646  1.624996
581.0  0.328626  1.295463  1.624089
581.5  0.341080  1.280938  1.622018
582.0  0.361926  1.259092  1.621019
582.5  0.386569  1.231822  1.618392
583.0  0.408678  1.206783  1.615462
583.5  0.421838  1.193426  1.615265
584.0  0.421532  1.195585  1.617118
584.5  0.406942  1.213005  1.619947
585.0  0.381766  1.244708  1.626474
585.5  0.353309  1.283273  1.636581
586.0  0.329751  1.321988  1.651738
586.5  0.316652  1.352283  1.668935
587.0  0.314508  1.371094  1.685602
587.5  0.318792  1.386077  1.704869
588.0  0.322426  1.403433  1.725860
588.5  0.319208  1.425426  1.744634
589.0  0.306408  1.453729  1.760136
589.5  0.285558  1.488908  1.774466
590.0  0.261527  1.525741  1.787269
590.5  0.240633  1.554496  1.795129
591.0  0.228643  1.571322  1.799965
591.5  0.229240  1.573999  1.803239
592.0  0.243184  1.561326  1.804510
592.5  0.268191  1.535405  1.803596
593.0  0.299434  1.502347  1.801781
593.5  0.330602  1.471784  1.802386
594.0  0.355441  1.449403  1.804843
594.5  0.369586  1.440353  1.809939
595.0  0.372196  1.446739  1.818935
595.5  0.366609  1.465004  1.831614
596.0  0.359312  1.491031  1.850343
596.5  0.357207  1.514908  1.872115
597.0  0.364290  1.531457  1.895746
597.5  0.379543  1.538412  1.917955
598.0  0.397332  1.540594  1.937926
598.5  0.410088  1.543804  1.953891
599.0  0.411704  1.552099  1.963803
599.5  0.399927  1.563940  1.963867
600.0  0.376861  1.577882  1.954743
600.5  0.347820  1.589264  1.937083
601.0  0.319329  1.593764  1.913093
601.5  0.297151  1.588753  1.885904
602.0  0.284855  1.574938  1.859792
602.5  0.283154  1.550642  1.833796
603.0  0.289954  1.520245  1.810200
603.5  0.300999  1.491585  1.792584
604.0  0.311007  1.471446  1.782453
604.5  0.315200  1.459111  1.774310
605.0  0.310981  1.459090  1.770071
605.5  0.299297  1.471033  1.770330
606.0  0.284931  1.486756  1.771687
606.5  0.275136  1.497837  1.772973
607.0  0.276730  1.496872  1.773602
607.5  0.292857  1.478927  1.771783
608.0  0.321172  1.444866  1.766038
608.5  0.354613  1.403009  1.757623
609.0  0.384355  1.362515  1.746869
609.5  0.403324  1.328542  1.731866
610.0  0.408574  1.306469  1.715043
610.5  0.401700  1.296714  1.698415
611.0  0.387568  1.293105  1.680673
611.5  0.372210  1.291561  1.663771
612.0  0.360772  1.288011  1.648784
612.5  0.356083  1.281822  1.637906
613.0  0.358052  1.273374  1.631426
613.5  0.363857  1.264662  1.628518
614.0  0.368791  1.262307  1.631098
614.5  0.367613  1.270435  1.638047
615.0  0.356191  1.293846  1.650037
615.5  0.333136  1.330333  1.663469
616.0  0.300876  1.375886  1.676762
616.5  0.265547  1.425475  1.691022
617.0  0.235333  1.468915  1.704248
617.5  0.217586  1.497704  1.715290
618.0  0.215933  1.507212  1.723146
618.5  0.228855  1.499079  1.727934
619.0  0.250549  1.480049  1.730598
619.5  0.273581  1.456471  1.730053
620.0  0.291899  1.437186  1.729085
620.5  0.302819  1.424746  1.727566
621.0  0.307387  1.420922  1.728309
621.5  0.309327  1.418591  1.727918
622.0  0.313305  1.418089  1.731395
622.5  0.323204  1.416841  1.740045
623.0  0.340899  1.413517  1.754416
623.5  0.365713  1.408502  1.774215
624.0  0.394527  1.403292  1.797819
624.5  0.422469  1.401102  1.823572
625.0  0.444056  1.407227  1.851284
625.5  0.454664  1.423350  1.878014
626.0  0.452016  1.447805  1.899821
626.5  0.437216  1.476091  1.913306
627.0  0.414719  1.505147  1.919866
627.5  0.390941  1.527007  1.917948
628.0  0.371803  1.537137  1.908940
628.5  0.360325  1.532755  1.893080
629.0  0.355517  1.518859  1.874376
629.5  0.353210  1.502352  1.855562
630.0  0.348284  1.489590  1.837874
630.5  0.337069  1.485852  1.822920
631.0  0.318813  1.492697  1.811510
631.5  0.295806  1.508153  1.803959
632.0  0.272409  1.528122  1.800531
632.5  0.253563  1.546643  1.800206
633.0  0.243347  1.558061  1.801407
633.5  0.243942  1.560440  1.804382
634.0  0.255163  1.552839  1.808003
634.5  0.274527  1.535977  1.810505
635.0  0.297818  1.514437  1.812255
635.5  0.320090  1.492768  1.812858
636.0  0.337015  1.472944  1.809960
636.5  0.346326  1.459017  1.805343
637.0  0.348804  1.449181  1.797985
637.5  0.348188  1.436524  1.784713
638.0  0.349641  1.420743  1.770384
638.5  0.357214  1.396873  1.754088
639.0  0.371599  1.364192  1.735791
639.5  0.389500  1.326103  1.715603
640.0  0.405089  1.291260  1.696349
640.5  0.412653  1.267745  1.680398
641.0  0.408979  1.257980  1.666959
641.5  0.394403  1.259484  1.653887
642.0  0.372347  1.271681  1.644028
642.5  0.347878  1.289999  1.637877
643.0  0.326001  1.308115  1.634117
643.5  0.310289  1.320628  1.630917
644.0  0.302124  1.327870  1.629994
644.5  0.300596  1.329894  1.630490
645.0  0.302931  1.328994  1.631925
645.5  0.305316  1.325833  1.631149
646.0  0.303986  1.325314  1.629300
646.5  0.296467  1.332104  1.628570
647.0  0.282669  1.344809  1.627477
647.5  0.265393  1.359306  1.624698
648.0  0.249739  1.370861  1.620600
648.5  0.241308  1.376783  1.618091
649.0  0.243811  1.372407  1.616218
649.5  0.257281  1.356832  1.614113
650.0  0.277961  1.335219  1.613180
650.5  0.299973  1.313713  1.613686
651.0  0.317821  1.298141  1.615961
651.5  0.328430  1.291396  1.619826
652.0  0.331913  1.292929  1.624841
652.5  0.331017  1.299331  1.630349
653.0  0.329779  1.306206  1.635986
653.5  0.332010  1.309716  1.641726
654.0  0.340103  1.304905  1.645008
654.5  0.354403  1.293659  1.648062
655.0  0.373146  1.277674  1.650820
655.5  0.392897  1.258091  1.650988
656.0  0.409357  1.240420  1.649776
656.5  0.418465  1.229901  1.648366
657.0  0.417641  1.229438  1.647079
657.5  0.406865  1.237458  1.644323
658.0  0.389111  1.253903  1.643015
658.5  0.369673  1.275010  1.644682
659.0  0.354292  1.290446  1.644737
659.5  0.346770  1.297915  1.644685
660.0  0.347265  1.300021  1.647286
660.5  0.352287  1.299770  1.652056
661.0  0.356440  1.299398  1.655838
661.5  0.354922  1.303350  1.658271
662.0  0.345490  1.317272  1.662762
662.5  0.329110  1.339197  1.668307
663.0  0.309312  1.363739  1.673051
663.5  0.290794  1.385994  1.676788
664.0  0.277898  1.402814  1.680712
664.5  0.273440  1.411254  1.684694
665.0  0.278091  1.406928  1.685019
665.5  0.290321  1.393762  1.684083
666.0  0.306828  1.377318  1.684146
666.5  0.323342  1.360081  1.683423
667.0  0.335748  1.343476  1.679224
667.5  0.341324  1.332395  1.673719
668.0  0.339790  1.329481  1.669271
668.5  0.333651  1.331705  1.665356
669.0  0.327417  1.333860  1.661277
669.5  0.325736  1.332952  1.658688
670.0  0.331178  1.325157  1.656334
670.5  0.342837  1.311056  1.653893
671.0  0.356629  1.295294  1.651923
671.5  0.367166  1.283984  1.651150
672.0  0.370145  1.281812  1.651957
672.5  0.364037  1.290217  1.654254
673.0  0.350412  1.305819  1.656231
673.5  0.333074  1.324858  1.657932
674.0  0.316590  1.341377  1.657967
674.5  0.304862  1.351041  1.655903
675.0  0.300156  1.354575  1.654731
675.5  0.302729  1.350170  1.652899
676.0  0.310964  1.338943  1.649907
676.5  0.321895  1.323376  1.645271
677.0  0.331981  1.308091  1.640071
677.5  0.338057  1.297658  1.635715
678.0  0.338360  1.293969  1.632329
678.5  0.333327  1.295436  1.628762
679.0  0.325760  1.300472  1.626232
679.5  0.319997  1.305512  1.625508
680.0  0.320149  1.305083  1.625232
680.5  0.328133  1.298219  1.626352
681.0  0.342554  1.282140  1.624695
681.5  0.359166  1.266580  1.625745
682.0  0.372714  1.255192  1.627907
682.5  0.379160  1.251240  1.630400
683.0  0.377148  1.254103  1.631252
683.5  0.368196  1.263391  1.631587
684.0  0.355781  1.276469  1.632251
684.5  0.343925  1.288352  1.632277
685.0  0.335880  1.295604  1.631484
685.5  0.333302  1.298237  1.631539
686.0  0.336017  1.295847  1.631864
686.5  0.342268  1.290598  1.632866
687.0  0.349277  1.285093  1.634370
687.5  0.353961  1.280608  1.634569
688.0  0.353748  1.282537  1.636286
688.5  0.347398  1.292559  1.639957
689.0  0.335652  1.306817  1.642469
689.5  0.321354  1.322692  1.644046
690.0  0.308723  1.338584  1.647308
690.5  0.301807  1.345636  1.647443
691.0  0.302706  1.346757  1.649463
691.5  0.310521  1.340349  1.650870
692.0  0.321707  1.328880  1.650587
692.5  0.331701  1.320286  1.651987
693.0  0.336921  1.314713  1.651634
693.5  0.336109  1.315324  1.651433
694.0  0.330522  1.321341  1.651862
694.5  0.323095  1.328678  1.651774
695.0  0.317148  1.335626  1.652774
695.5  0.315177  1.337599  1.652777
696.0  0.318121  1.336328  1.654449
696.5  0.325174  1.329678  1.654852
697.0  0.334071  1.320219  1.654290
697.5  0.341681  1.313364  1.655044
698.0  0.344801  1.311693  1.656493
698.5  0.341060  1.315826  1.656886
699.0  0.329803  1.327401  1.657204
699.5  0.312654  1.343785  1.656439
700.0  0.293364  1.363644  1.657008
700.5  0.276727  1.380484  1.657210
701.0  0.266805  1.391148  1.657953
701.5  0.265272  1.392880  1.658152
702.0  0.270780  1.388694  1.659474
702.5  0.279765  1.379228  1.658993
703.0  0.288247  1.371484  1.659731
703.5  0.293645  1.366937  1.660581
704.0  0.295726  1.366006  1.661732
704.5  0.296436  1.367080  1.663516
705.0  0.298905  1.366836  1.665741
705.5  0.306171  1.359928  1.666099
706.0  0.320125  1.344976  1.665100
706.5  0.340923  1.323498  1.664420
707.0  0.366903  1.297092  1.663995
707.5  0.394903  1.267684  1.662587
708.0  0.420865  1.238880  1.659746
708.5  0.440668  1.218507  1.659174
709.0  0.451134  1.207672  1.658806
709.5  0.451036  1.205622  1.656658
710.0  0.441699  1.212680  1.654379
710.5  0.426759  1.226645  1.653404
711.0  0.410882  1.243356  1.654238
711.5  0.397840  1.255935  1.653775
712.0  0.388875  1.263600  1.652475
712.5  0.382291  1.269509  1.651801
713.0  0.374527  1.278300  1.652827
713.5  0.362109  1.290979  1.653088
714.0  0.343411  1.307952  1.651363
714.5  0.319411  1.331535  1.650946
715.0  0.293276  1.357836  1.651111
715.5  0.269198  1.379829  1.649027
716.0  0.251073  1.393705  1.644779
716.5  0.241501  1.401176  1.642678
717.0  0.241307  1.399936  1.641243
717.5  0.249557  1.388552  1.638109
718.0  0.263903  1.370113  1.634016
718.5  0.281111  1.354110  1.635222
719.0  0.297733  1.337159  1.634892
719.5  0.310915  1.323380  1.634294
720.0  0.319235  1.316265  1.635500
720.5  0.323259  1.315442  1.638701
721.0  0.325413  1.318343  1.643756
721.5  0.328988  1.316136  1.645124
722.0  0.336575  1.310723  1.647298
722.5  0.348660  1.302483  1.651143
723.0  0.363193  1.291087  1.654281
723.5  0.376435  1.280732  1.657167
724.0  0.384619  1.274696  1.659315
724.5  0.385540  1.275280  1.660820
725.0  0.379300  1.280532  1.659831
725.5  0.368012  1.291785  1.659797
726.0  0.354803  1.304390  1.659193
726.5  0.342659  1.317732  1.660391
727.0  0.333572  1.326228  1.659799
727.5  0.328188  1.333939  1.662126
728.0  0.325907  1.340140  1.666047
728.5  0.325253  1.347258  1.672511
729.0  0.324347  1.352774  1.677121
729.5  0.321417  1.362696  1.684113
730.0  0.315353  1.375320  1.690672
730.5  0.306227  1.391181  1.697408
731.0  0.295588  1.405466  1.701054
731.5  0.286225  1.413839  1.700064
732.0  0.281283  1.416513  1.697797
732.5  0.282957  1.412023  1.694979
733.0  0.291402  1.398682  1.690084
733.5  0.304516  1.377512  1.682027
734.0  0.318791  1.354521  1.673312
734.5  0.330830  1.336437  1.667267
735.0  0.338693  1.322304  1.660997
735.5  0.342458  1.311051  1.653509
736.0  0.343853  1.305805  1.649658
736.5  0.345303  1.302677  1.647980
737.0  0.348881  1.298161  1.647042
737.5  0.355591  1.291857  1.647448
738.0  0.365141  1.283858  1.648999
738.5  0.376135  1.273008  1.649143
739.0  0.386500  1.260933  1.647434
739.5  0.393974  1.251685  1.645659
740.0  0.396586  1.247814  1.644400
740.5  0.393159  1.250284  1.643443
741.0  0.383790  1.256707  1.640498
741.5  0.370092  1.266444  1.636536
742.0  0.354910  1.277883  1.632794
742.5  0.341404  1.288848  1.630253
743.0  0.331766  1.295587  1.627354
743.5  0.326251  1.297999  1.624250
744.0  0.323128  1.300233  1.623361
744.5  0.319669  1.304678  1.624348
745.0  0.313607  1.311888  1.625495
745.5  0.304265  1.323863  1.628129
746.0  0.292814  1.340034  1.632848
746.5  0.281667  1.356820  1.638488
747.0  0.273435  1.371469  1.644905
747.5  0.269953  1.380214  1.650167
748.0  0.271739  1.381337  1.653076
748.5  0.277990  1.377929  1.655919
749.0  0.286974  1.370744  1.657718
749.5  0.296580  1.362697  1.659278
750.0  0.304844  1.354219  1.659063
750.5  0.310364  1.348089  1.658453
751.0  0.312656  1.346158  1.658814
751.5  0.312391  1.346917  1.659308
752.0  0.311382  1.350392  1.661775
752.5  0.312093  1.353287  1.665380
753.0  0.316679  1.353590  1.670269
753.5  0.325902  1.351205  1.677107
754.0  0.338532  1.348923  1.687454
754.5  0.351701  1.345527  1.697229
755.0  0.362134  1.345372  1.707506
755.5  0.367592  1.349364  1.716956
756.0  0.367790  1.358701  1.726491
756.5  0.364368  1.370899  1.735266
757.0  0.360074  1.377239  1.737313
757.5  0.357621  1.376921  1.734541
758.0  0.358715  1.370239  1.728954
758.5  0.363579  1.356598  1.720177
759.0  0.371009  1.337382  1.708391
759.5  0.378841  1.315971  1.694813
760.0  0.384582  1.297212  1.681793
760.5  0.386022  1.285098  1.671120
761.0  0.381760  1.280667  1.662426
761.5  0.371608  1.283752  1.655359
762.0  0.356830  1.292892  1.649721
762.5  0.340055  1.306500  1.646555
763.0  0.324688  1.320410  1.645098
763.5  0.313824  1.330654  1.644478
764.0  0.309039  1.335549  1.644588
764.5  0.309680  1.334044  1.643724
765.0  0.313150  1.329932  1.643083
765.5  0.316158  1.325769  1.641927
766.0  0.316277  1.324238  1.640515
766.5  0.312999  1.325936  1.638935
767.0  0.307820  1.328089  1.635909
767.5  0.303466  1.327966  1.631432
768.0  0.302717  1.325031  1.627749
768.5  0.307369  1.317515  1.624884
769.0  0.317663  1.305890  1.623552
769.5  0.332277  1.290509  1.622787
770.0  0.348772  1.274351  1.623123
770.5  0.364262  1.260233  1.624495
771.0  0.376131  1.251436  1.627566
771.5  0.382622  1.250969  1.633591
772.0  0.383228  1.256971  1.640199
772.5  0.378786  1.267927  1.646713
773.0  0.371211  1.281842  1.653053
773.5  0.362868  1.297863  1.660731
774.0  0.355690  1.310327  1.666017
774.5  0.350391  1.319094  1.669484
775.0  0.346157  1.325404  1.671562
775.5  0.341104  1.332807  1.673911
776.0  0.333323  1.340229  1.673553
776.5  0.321998  1.351325  1.673323
777.0  0.307955  1.366063  1.674018
777.5  0.293431  1.380886  1.674317
778.0  0.281220  1.395196  1.676416
778.5  0.273670  1.407835  1.681505
779.0  0.271927  1.418463  1.690391
779.5  0.275684  1.424953  1.700637
780.0  0.283407  1.429452  1.712860
780.5  0.292914  1.436012  1.728926
781.0  0.302059  1.446898  1.748957
781.5  0.309334  1.460735  1.770069
782.0  0.314240  1.473856  1.788096
782.5  0.317339  1.484703  1.802041
783.0  0.319965  1.490753  1.810718
783.5  0.323689  1.489356  1.813046
784.0  0.329674  1.478302  1.807977
784.5  0.338133  1.457955  1.796088
785.0  0.348075  1.431974  1.780049
785.5  0.357492  1.404756  1.762248
786.0  0.364031  1.377913  1.741945
786.5  0.365942  1.357064  1.723007
787.0  0.362869  1.344872  1.707741
787.5  0.356067  1.340162  1.696229
788.0  0.347946  1.340359  1.688305
788.5  0.341172  1.342601  1.683773
789.0  0.337742  1.344031  1.681773
789.5  0.338391  1.341944  1.680335
790.0  0.342480  1.337042  1.679522
790.5  0.348332  1.331252  1.679584
791.0  0.353818  1.327120  1.680938
791.5  0.356987  1.323449  1.680436
792.0  0.356591  1.322590  1.679181
792.5  0.352414  1.325120  1.677535
793.0  0.345359  1.328521  1.673881
793.5  0.337226  1.332369  1.669594
794.0  0.330170  1.334330  1.664500
794.5  0.325948  1.334507  1.660455
795.0  0.325168  1.327883  1.653051
795.5  0.326902  1.319328  1.646230
796.0  0.328932  1.310995  1.639927
796.5  0.328674  1.306701  1.635375
797.0  0.324408  1.307094  1.631501
797.5  0.316182  1.314648  1.630830
798.0  0.305924  1.324819  1.630743
798.5  0.296719  1.333717  1.630436
799.0  0.291641  1.336956  1.628596
799.5  0.292676  1.337568  1.630244
800.0  0.300115  1.331894  1.632009
800.5  0.312558  1.319943  1.632501
801.0  0.327413  1.305920  1.633333
801.5  0.341661  1.292463  1.634124
802.0  0.352617  1.281459  1.634077
802.5  0.358543  1.275322  1.633865
803.0  0.359014  1.275870  1.634884
803.5  0.355007  1.281863  1.636870
804.0  0.348630  1.289020  1.637649
804.5  0.342465  1.297413  1.639878
805.0  0.338663  1.306162  1.644825
805.5  0.338085  1.312867  1.650952
806.0  0.339910  1.319649  1.659559
806.5  0.341965  1.327950  1.669915
807.0  0.341760  1.339465  1.681225
807.5  0.337730  1.354807  1.692537
808.0  0.330082  1.372449  1.702530
808.5  0.320800  1.389430  1.710230
809.0  0.312868  1.400709  1.713577
809.5  0.309118  1.404795  1.713913
810.0  0.311229  1.400255  1.711484
810.5  0.319219  1.386175  1.705394
811.0  0.331531  1.364432  1.695963
811.5  0.345568  1.339708  1.685276
812.0  0.358442  1.316159  1.674601
812.5  0.367681  1.295948  1.663629
813.0  0.371772  1.282768  1.654540
813.5  0.370450  1.278017  1.648467
814.0  0.364715  1.277739  1.642454
814.5  0.356511  1.282992  1.639503
815.0  0.348100  1.290204  1.638304
815.5  0.341280  1.296766  1.638046
816.0  0.336755  1.301357  1.638112
816.5  0.333934  1.305056  1.638990
817.0  0.331318  1.307096  1.638414
817.5  0.327320  1.311581  1.638901
818.0  0.321188  1.317370  1.638558
818.5  0.313529  1.321837  1.635366
819.0  0.306190  1.324718  1.630909
819.5  0.301541  1.328415  1.629956
820.0  0.301534  1.328443  1.629977
820.5  0.306974  1.320079  1.627053
821.0  0.317266  1.307311  1.624577
821.5  0.330666  1.292333  1.622999
822.0  0.344881  1.278688  1.623569
822.5  0.357722  1.266584  1.624306
823.0  0.367621  1.260227  1.627848
823.5  0.373895  1.259313  1.633208
824.0  0.376759  1.258981  1.635740
824.5  0.377103  1.262627  1.639729
825.0  0.376100  1.271108  1.647208
825.5  0.374718  1.277386  1.652103
826.0  0.373311  1.280661  1.653972
826.5  0.371443  1.282468  1.653911
827.0  0.368022  1.287103  1.655125
827.5  0.361740  1.294427  1.656167
828.0  0.351701  1.303734  1.655435
828.5  0.337995  1.316939  1.654934
829.0  0.321913  1.334518  1.656431
829.5  0.305643  1.352401  1.658044
830.0  0.291522  1.368995  1.660517
830.5  0.281199  1.383297  1.664496
831.0  0.275072  1.391877  1.666949
831.5  0.272233  1.401456  1.673689
832.0  0.270906  1.410577  1.681484
832.5  0.269203  1.422608  1.691811
833.0  0.265870  1.433384  1.699253
833.5  0.260809  1.444414  1.705223
834.0  0.255205  1.454918  1.710123
834.5  0.251230  1.462370  1.713600
835.0  0.251405  1.460928  1.712334
835.5  0.257752  1.449082  1.706834
836.0  0.271013  1.428652  1.699666
836.5  0.290262  1.400945  1.691207
837.0  0.313068  1.368284  1.681352
837.5  0.336187  1.335731  1.671918
838.0  0.356524  1.307671  1.664195
838.5  0.372053  1.286541  1.658594
839.0  0.382384  1.272000  1.654384
839.5  0.388748  1.264098  1.652845
840.0  0.393387  1.260927  1.654314
840.5  0.398569  1.256749  1.655318
841.0  0.405623  1.249117  1.654741
841.5  0.414359  1.242065  1.656424
842.0  0.423075  1.233962  1.657037
842.5  0.429111  1.227515  1.656626
843.0  0.429726  1.225486  1.655212
843.5  0.422968  1.229545  1.652513
844.0  0.408277  1.242715  1.650992
844.5  0.386685  1.262409  1.649093
845.0  0.360605  1.286653  1.647258
845.5  0.333274  1.317604  1.650878
846.0  0.307957  1.339980  1.647937
846.5  0.287132  1.363263  1.650395
847.0  0.271934  1.378767  1.650701
847.5  0.262072  1.387450  1.649522
848.0  0.256249  1.392559  1.648809
848.5  0.252908  1.396257  1.649165
849.0  0.251016  1.401095  1.652111
849.5  0.250595  1.398552  1.649147
850.0  0.252745  1.398962  1.651708
850.5  0.259159  1.390671  1.649830
851.0  0.271307  1.379874  1.651181
851.5  0.289669  1.357847  1.647517
852.0  0.313338  1.336402  1.649739
852.5  0.340123  1.307134  1.647257
853.0  0.367094  1.281094  1.648188
853.5  0.391298  1.256142  1.647440
854.0  0.410394  1.237697  1.648092
854.5  0.423025  1.226242  1.649267
855.0  0.428911  1.217759  1.646671
855.5  0.428716  1.217781  1.646496
856.0  0.423714  1.222282  1.645996
856.5  0.415301  1.229810  1.645111
857.0  0.404455  1.242155  1.646611
857.5  0.391411  1.254009  1.645420
858.0  0.375726  1.269402  1.645128
858.5  0.356759  1.286553  1.643312
859.0  0.334315  1.312632  1.646948
859.5  0.309190  1.336383  1.645573
860.0  0.283337  1.362520  1.645858
860.5  0.259582  1.384702  1.644284
861.0  0.240932  1.403680  1.644612
861.5  0.229754  1.416806  1.646560
862.0  0.227131  1.417950  1.645081
862.5  0.232652  1.411549  1.644201
863.0  0.244687  1.398546  1.643233
863.5  0.261013  1.384930  1.645943
864.0  0.279497  1.366120  1.645617
864.5  0.298590  1.347527  1.646117
865.0  0.317499  1.326879  1.644378
865.5  0.336093  1.309253  1.645346
866.0  0.354657  1.289884  1.644542
866.5  0.373542  1.273105  1.646648
867.0  0.392720  1.254516  1.647236
867.5  0.411353  1.235133  1.646486
868.0  0.427617  1.218140  1.645757
868.5  0.439002  1.208580  1.647582
869.0  0.443055  1.204906  1.647961
869.5  0.438304  1.209645  1.647949
870.0  0.424930  1.221923  1.646853
870.5  0.404893  1.243949  1.648842
871.0  0.381433  1.267774  1.649206
871.5  0.358093  1.288916  1.647009
872.0  0.337665  1.309167  1.646832
872.5  0.321442  1.326101  1.647543
873.0  0.309062  1.336886  1.645948
873.5  0.298985  1.347476  1.646460
874.0  0.289372  1.356456  1.645828
874.5  0.279004  1.366184  1.645188
875.0  0.267853  1.377543  1.645396
875.5  0.257148  1.388278  1.645426
876.0  0.248991  1.397250  1.646241
876.5  0.245707  1.398231  1.643939
877.0  0.249104  1.394408  1.643512
877.5  0.259777  1.384974  1.644751
878.0  0.276689  1.367368  1.644057
878.5  0.297250  1.347065  1.644315
879.0  0.318002  1.324506  1.642508
879.5  0.335665  1.307769  1.643434
880.0  0.348128  1.294381  1.642509
880.5  0.355028  1.288267  1.643296
881.0  0.357701  1.285935  1.643636
881.5  0.358542  1.285094  1.643636
882.0  0.360010  1.282922  1.642932
882.5  0.363637  1.280151  1.643788
883.0  0.369408  1.273697  1.643105
883.5  0.375768  1.267922  1.643690
884.0  0.380231  1.261772  1.642002
884.5  0.380358  1.261190  1.641548
885.0  0.374695  1.267595  1.642290
885.5  0.363296  1.279679  1.642975
886.0  0.347670  1.295036  1.642706
886.5  0.330282  1.312661  1.642943
887.0  0.313846  1.330253  1.644098
887.5  0.300649  1.343071  1.643721
888.0  0.292026  1.351622  1.643647
888.5  0.288083  1.354072  1.642155
889.0  0.287795  1.357425  1.645220
889.5  0.289459  1.352117  1.641576
890.0  0.291364  1.353568  1.644932
890.5  0.292455  1.349640  1.642095
891.0  0.292756  1.351366  1.644122
891.5  0.293407  1.347622  1.641029
892.0  0.296251  1.344217  1.640468
892.5  0.303082  1.338211  1.641293
893.0  0.314831  1.326727  1.641559
893.5  0.331035  1.311730  1.642765
894.0  0.349824  1.291073  1.640897
894.5  0.368485  1.272826  1.641312
895.0  0.384367  1.256467  1.640834
895.5  0.395721  1.246844  1.642565
896.0  0.402121  1.241700  1.643821
896.5  0.404287  1.237744  1.642031
897.0  0.403491  1.239420  1.642911
897.5  0.400873  1.241136  1.642009
898.0  0.396968  1.246606  1.643575
898.5  0.391573  1.250383  1.641956
899.0  0.383913  1.259451  1.643363
899.5  0.373043  1.271636  1.644679
900.0  0.358349  1.285739  1.644088
900.5  0.339987  1.306071  1.646057
901.0  0.319140  1.325277  1.644417
901.5  0.298004  1.348993  1.646997
902.0  0.279448  1.361704  1.641152
902.5  0.266371  1.380458  1.646829
903.0  0.260903  1.380993  1.641896
903.5  0.263712  1.382251  1.645963
904.0  0.273718  1.367475  1.641193
904.5  0.288388  1.356670  1.645058
905.0  0.304578  1.337128  1.641706
905.5  0.319598  1.323047  1.642646
906.0  0.332078  1.308675  1.640753
906.5  0.342224  1.299524  1.641748
907.0  0.351378  1.289839  1.641217
907.5  0.361129  1.281284  1.642412
908.0  0.372378  1.269479  1.641857
908.5  0.384752  1.257083  1.641835
909.0  0.396499  1.244427  1.640926
909.5  0.404908  1.237467  1.642375
910.0  0.407137  1.232450  1.639587
910.5  0.401180  1.239795  1.640974
911.0  0.386647  1.250738  1.637385
911.5  0.365073  1.276997  1.642070
912.0  0.339668  1.297960  1.637628
912.5  0.314565  1.324708  1.639273
913.0  0.293796  1.345122  1.638917
913.5  0.280237  1.359187  1.639425
914.0  0.274869  1.366694  1.641563
914.5  0.276569  1.359983  1.636552
915.0  0.282568  1.358093  1.640661
915.5  0.289435  1.346971  1.636407
916.0  0.294289  1.347592  1.641881
916.5  0.295782  1.338371  1.634153
917.0  0.294505  1.344438  1.638943
917.5  0.292653  1.344292  1.636945
918.0  0.293130  1.347695  1.640825
918.5  0.298394  1.340872  1.639266
919.0  0.309451  1.330104  1.639555
919.5  0.325329  1.314908  1.640237
920.0  0.343280  1.296789  1.640069
920.5  0.359669  1.281754  1.641423
921.0  0.371208  1.270063  1.641271
921.5  0.376006  1.264818  1.640824
922.0  0.374109  1.267904  1.642013
922.5  0.367400  1.275087  1.642487
923.0  0.358958  1.286676  1.645634
923.5  0.352072  1.289286  1.641359
924.0  0.349190  1.297905  1.647095
924.5  0.351121  1.288892  1.640012
925.0  0.356769  1.289255  1.646024
925.5  0.363501  1.277987  1.641488
926.0  0.368025  1.275674  1.643699
926.5  0.367471  1.273180  1.640651
927.0  0.360303  1.281354  1.641657
927.5  0.346766  1.296522  1.643288
928.0  0.328793  1.311318  1.640111
928.5  0.309454  1.334746  1.644200
929.0  0.292094  1.347937  1.640032
929.5  0.279348  1.365968  1.645316
930.0  0.272341  1.365888  1.638228
930.5  0.270451  1.374415  1.644866
931.0  0.271797  1.367597  1.639394
931.5  0.274220  1.370566  1.644786
932.0  0.276268  1.364020  1.640288
932.5  0.277764  1.367189  1.644953
933.0  0.279825  1.361368  1.641193
933.5  0.284381  1.358427  1.642808
934.0  0.293387  1.352935  1.646322
934.5  0.307991  1.337515  1.645505
935.0  0.327934  1.318281  1.646215
935.5  0.351437  1.295833  1.647269
936.0  0.375621  1.273638  1.649259
936.5  0.397309  1.256242  1.653551
937.0  0.413899  1.245775  1.659674
937.5  0.423971  1.244154  1.668126
938.0  0.427461  1.249767  1.677228
938.5  0.425411  1.263270  1.688682
939.0  0.419477  1.280616  1.700093
939.5  0.411297  1.303906  1.715203
940.0  0.401880  1.326094  1.727974
940.5  0.391215  1.344661  1.735876
941.0  0.378367  1.361911  1.740279
941.5  0.362116  1.378487  1.740603
942.0  0.341811  1.395656  1.737467
942.5  0.318002  1.412322  1.730324
943.0  0.292552  1.449803  1.742355
943.5  0.268252  1.461616  1.729868
944.0  0.248119  1.497433  1.745552
944.5  0.234609  1.497717  1.732326
945.0  0.228967  1.515704  1.744671
945.5  0.230911  1.504814  1.735725
946.0  0.238811  1.503761  1.742572
946.5  0.250327  1.489205  1.739532
947.0  0.263298  1.478085  1.741382
947.5  0.276485  1.465276  1.741761
948.0  0.289874  1.449431  1.739305
948.5  0.304429  1.436601  1.741029
949.0  0.321492  1.417439  1.738931
949.5  0.342102  1.397971  1.740073
950.0  0.366364  1.377022  1.743385
950.5  0.392996  1.345291  1.738287
951.0  0.419217  1.326744  1.745961
951.5  0.441232  1.291721  1.732953
952.0  0.455319  1.294655  1.749974
952.5  0.459070  1.273040  1.732110
953.0  0.452195  1.302993  1.755188
953.5  0.436555  1.294227  1.730782
954.0  0.415504  1.340556  1.756060
954.5  0.392842  1.343400  1.736242
955.0  0.371758  1.384088  1.755846
955.5  0.354035  1.382550  1.736585
956.0  0.339771  1.413013  1.752784
956.5  0.327678  1.412864  1.740542
957.0  0.315879  1.430852  1.746731
957.5  0.302860  1.438272  1.741133
958.0  0.288190  1.454220  1.742410
958.5  0.272695  1.468657  1.741352
959.0  0.258148  1.482533  1.740681
959.5  0.246750  1.493547  1.740298
960.0  0.240685  1.498067  1.738752
960.5  0.241701  1.495731  1.737432
961.0  0.250575  1.490131  1.740706
961.5  0.266533  1.467976  1.734508
962.0  0.287070  1.455474  1.742545
962.5  0.308555  1.422603  1.731157
963.0  0.327437  1.417168  1.744605
963.5  0.341479  1.389417  1.730896
964.0  0.350384  1.392389  1.742773
964.5  0.355613  1.375359  1.730972
965.0  0.359554  1.378323  1.737877
965.5  0.364437  1.369095  1.733532
966.0  0.371406  1.359690  1.731096
966.5  0.380074  1.359715  1.739789
967.0  0.388702  1.337641  1.726342
967.5  0.394897  1.351763  1.746660
968.0  0.396507  1.330225  1.726733
968.5  0.392316  1.354824  1.747140
969.0  0.382257  1.347543  1.729800
969.5  0.367220  1.378234  1.745454
970.0  0.348752  1.387356  1.736108
970.5  0.328862  1.412824  1.741686
971.0  0.309823  1.429659  1.739482
971.5  0.293704  1.446788  1.740492
972.0  0.281654  1.461074  1.742728
972.5  0.273433  1.468522  1.741954
973.0  0.267654  1.477288  1.744943
973.5  0.262704  1.482524  1.745228
974.0  0.257766  1.484463  1.742228
974.5  0.253363  1.495272  1.748635
975.0  0.251188  1.490893  1.742081
975.5  0.253372  1.498945  1.752317
976.0  0.261560  1.477090  1.738651
976.5  0.276174  1.478115  1.754289
977.0  0.296135  1.443922  1.740057
977.5  0.319182  1.438536  1.757718
978.0  0.342636  1.397391  1.740027
978.5  0.364266  1.391260  1.755526
979.0  0.382831  1.358905  1.741736
979.5  0.398069  1.352793  1.750862
980.0  0.410252  1.337260  1.747512
980.5  0.419703  1.327753  1.747456
981.0  0.426533  1.324749  1.751282
981.5  0.430562  1.311019  1.741582
982.0  0.431232  1.320658  1.751890
982.5  0.427534  1.311585  1.739119
983.0  0.418232  1.332913  1.751144
983.5  0.402493  1.337032  1.739525
984.0  0.380637  1.370374  1.751011
984.5  0.354509  1.386942  1.741451
985.0  0.327213  1.420591  1.747805
985.5  0.302312  1.442149  1.744461
986.0  0.282850  1.462544  1.745393
986.5  0.270542  1.474254  1.744796
987.0  0.265388  1.475289  1.740677
987.5  0.265836  1.477652  1.743488
988.0  0.269468  1.471613  1.741080
988.5  0.273986  1.469130  1.743116
989.0  0.278129  1.464914  1.743043
989.5  0.282070  1.456477  1.738546
990.0  0.287150  1.459802  1.746952
990.5  0.295102  1.439423  1.734525
991.0  0.307216  1.443058  1.750274
991.5  0.323771  1.408813  1.732583
992.0  0.343780  1.408233  1.752013
992.5  0.364974  1.370799  1.735773
993.0  0.384081  1.367149  1.751230
993.5  0.397579  1.344783  1.742361
994.0  0.402808  1.343085  1.745893
994.5  0.398981  1.350069  1.749050
995.0  0.387560  1.355444  1.743003
995.5  0.371811  1.380608  1.752419
996.0  0.355759  1.385972  1.741731
996.5  0.342947  1.407130  1.750077
997.0  0.335418  1.405644  1.741062
997.5  0.333198  1.415476  1.748675
998.0  0.334423  1.408020  1.742443
998.5  0.336085  1.409189  1.745274
999.0  0.335195  1.409081  1.744276
999.5  0.329926  1.413113  1.743040
1000.0  0.320286  1.423584  1.743871
