0.0  0.353218  1.396114  1.749332
0.5  0.337144  1.412827  1.749971
1.0  0.332050  1.418383  1.750433
1.5  0.341602  1.408811  1.750413
2.0  0.364833  1.385064  1.749896
2.5  0.396683  1.352833  1.749516
3.0  0.430010  1.319459  1.749469
3.5  0.458016  1.291195  1.749211
4.0  0.476073  1.273900  1.749973
4.5  0.482438  1.267532  1.749969
5.0  0.477984  1.272287  1.750271
5.5  0.465532  1.285128  1.750659
6.0  0.449248  1.301894  1.751142
6.5  0.434055  1.317731  1.751786
7.0  0.424609  1.327496  1.752105
7.5  0.423710  1.328407  1.752118
8.0  0.430765  1.321307  1.752072
8.5  0.441470  1.310275  1.751745
9.0  0.449427  1.302152  1.751579
9.5  0.449141  1.302167  1.751307
10.0  0.438819  1.312416  1.751235
10.5  0.421378  1.330308  1.751686
11.0  0.403132  1.348556  1.751688
11.5  0.390939  1.360759  1.751698
12.0  0.389323  1.362941  1.752264
12.5  0.398890  1.353028  1.751918
13.0  0.416555  1.334327  1.750882
13.5  0.437173  1.313513  1.750687
14.0  0.455571  1.295633  1.751204
14.5  0.468021  1.283110  1.751132
15.0  0.472718  1.278088  1.750806
15.5  0.469527  1.281409  1.750936
16.0  0.459661  1.291894  1.751556
16.5  0.445656  1.306425  1.752082
17.0  0.431330  1.320310  1.751640
17.5  0.421069  1.330348  1.751417
18.0  0.418221  1.333485  1.751706
18.5  0.423315  1.328958  1.752272
19.0  0.433371  1.318336  1.751706
19.5  0.443086  1.307538  1.750624
20.0  0.447416  1.303477  1.750893
20.5  0.444073  1.307539  1.751612
21.0  0.434477  1.317403  1.751879
21.5  0.422728  1.329225  1.751953
22.0  0.413343  1.339024  1.752368
22.5  0.409086  1.343607  1.752693
23.0  0.409960  1.342496  1.752456
23.5  0.413677  1.338800  1.752477
24.0  0.417097  1.334891  1.751988
24.5  0.417718  1.334226  1.751944
25.0  0.414430  1.337552  1.751983
25.5  0.407363  1.344800  1.752164
26.0  0.397355  1.354455  1.751810
26.5  0.385746  1.366196  1.751942
27.0  0.374677  1.377549  1.752226
27.5  0.367288  1.385290  1.752578
28.0  0.367025  1.385768  1.752793
28.5  0.375984  1.376707  1.752691
29.0  0.393241  1.358972  1.752212
29.5  0.414534  1.337341  1.751876
30.0  0.433889  1.318014  1.751902
30.5  0.446415  1.305212  1.751628
31.0  0.450635  1.300625  1.751260
31.5  0.448982  1.302902  1.751884
32.0  0.446311  1.307132  1.753444
32.5  0.447400  1.305682  1.753082
33.0  0.454822  1.297418  1.752240
33.5  0.468141  1.284583  1.752724
34.0  0.484575  1.268882  1.753458
34.5  0.500522  1.252093  1.752614
35.0  0.513004  1.239243  1.752247
35.5  0.520342  1.232819  1.753161
36.0  0.521933  1.231188  1.753122
36.5  0.517729  1.234586  1.752315
37.0  0.508086  1.245073  1.753159
37.5  0.494171  1.260130  1.754301
38.0  0.478309  1.275477  1.753787
38.5  0.463514  1.289263  1.752777
39.0  0.452049  1.301984  1.754032
39.5  0.443877  1.310802  1.754679
40.0  0.436239  1.317055  1.753294
40.5  0.424971  1.327402  1.752373
41.0  0.406927  1.346676  1.753602
41.5  0.382016  1.372322  1.754338
42.0  0.353600  1.400003  1.753604
42.5  0.327072  1.426759  1.753831
43.0  0.307517  1.447244  1.754761
43.5  0.297745  1.457988  1.755733
44.0  0.297586  1.458092  1.755677
44.5  0.304587  1.450778  1.755364
45.0  0.315553  1.439137  1.754690
45.5  0.328025  1.426422  1.754447
46.0  0.340944  1.413945  1.754888
46.5  0.354344  1.400283  1.754627
47.0  0.368628  1.385825  1.754453
47.5  0.384163  1.370273  1.754436
48.0  0.401465  1.352928  1.754393
48.5  0.421459  1.332888  1.754347
49.0  0.445069  1.309440  1.754509
49.5  0.472019  1.282997  1.755017
50.0  0.499664  1.254981  1.754645
50.5  0.523038  1.230720  1.753758
51.0  0.536578  1.216006  1.752584
51.5  0.536731  1.215822  1.752553
52.0  0.523875  1.229013  1.752888
52.5  0.502368  1.251727  1.754094
53.0  0.478726  1.275632  1.754358
53.5  0.458988  1.295473  1.754460
54.0  0.446610  1.307460  1.754070
54.5  0.441794  1.312218  1.754011
55.0  0.442285  1.311637  1.753922
55.5  0.445000  1.309094  1.754094
56.0  0.447510  1.307142  1.754652
56.5  0.448655  1.305743  1.754399
57.0  0.448202  1.306084  1.754287
57.5  0.446156  1.308515  1.754671
58.0  0.442510  1.312247  1.754756
58.5  0.437655  1.317309  1.754964
59.0  0.432873  1.321880  1.754753
59.5  0.430102  1.324559  1.754661
60.0  0.430768  1.324206  1.754974
60.5  0.434441  1.320244  1.754686
61.0  0.438506  1.316373  1.754880
61.5  0.439387  1.315930  1.755317
62.0  0.434687  1.321942  1.756629
62.5  0.424805  1.331822  1.756627
63.0  0.412936  1.342905  1.755840
63.5  0.403470  1.352703  1.756173
64.0  0.399811  1.357467  1.757278
64.5  0.402844  1.353873  1.756717
65.0  0.410770  1.345826  1.756595
65.5  0.420223  1.336846  1.757069
66.0  0.427928  1.328953  1.756881
66.5  0.431992  1.324835  1.756827
67.0  0.432197  1.324433  1.756630
67.5  0.429335  1.328157  1.757493
68.0  0.424253  1.334445  1.758698
68.5  0.417393  1.340431  1.757824
69.0  0.409083  1.348949  1.758032
69.5  0.400084  1.358494  1.758578
70.0  0.391623  1.368031  1.759654
70.5  0.384637  1.375334  1.759971
71.0  0.378820  1.381287  1.760107
71.5  0.372449  1.386790  1.759240
72.0  0.363532  1.396206  1.759738
72.5  0.351648  1.408147  1.759795
73.0  0.339186  1.421529  1.760715
73.5  0.330932  1.430346  1.761278
74.0  0.332106  1.428810  1.760916
74.5  0.345936  1.414528  1.760464
75.0  0.372135  1.389847  1.761982
75.5  0.407012  1.354636  1.761648
76.0  0.445037  1.315772  1.760809
76.5  0.480939  1.280886  1.761825
77.0  0.511258  1.251503  1.762761
77.5  0.534701  1.228250  1.762951
78.0  0.551423  1.211105  1.762528
78.5  0.561991  1.201599  1.763590
79.0  0.566841  1.197164  1.764004
79.5  0.566432  1.197657  1.764089
80.0  0.561620  1.202708  1.764329
80.5  0.553542  1.210766  1.764308
81.0  0.542817  1.220676  1.763492
81.5  0.528675  1.233979  1.762654
82.0  0.508989  1.253850  1.762839
82.5  0.481612  1.281007  1.762619
83.0  0.446392  1.316271  1.762662
83.5  0.406511  1.355850  1.762361
84.0  0.368112  1.394813  1.762924
84.5  0.338228  1.425101  1.763329
85.0  0.322071  1.440584  1.762655
85.5  0.321058  1.441302  1.762360
86.0  0.332542  1.429078  1.761619
86.5  0.351245  1.409863  1.761109
87.0  0.371543  1.389760  1.761303
87.5  0.389369  1.371502  1.760872
88.0  0.402917  1.357621  1.760538
88.5  0.412132  1.349217  1.761350
89.0  0.417756  1.343187  1.760943
89.5  0.420741  1.338613  1.759354
90.0  0.422245  1.336696  1.758940
90.5  0.423724  1.335781  1.759505
91.0  0.426511  1.333363  1.759874
91.5  0.430811  1.328871  1.759682
92.0  0.434826  1.324566  1.759392
92.5  0.434957  1.323644  1.758601
93.0  0.427400  1.331688  1.759088
93.5  0.410413  1.348257  1.758670
94.0  0.385901  1.374579  1.760481
94.5  0.359282  1.402463  1.761746
95.0  0.337579  1.424070  1.761649
95.5  0.326666  1.434212  1.760878
96.0  0.329022  1.432358  1.761380
96.5  0.343055  1.418753  1.761808
97.0  0.364220  1.397201  1.761421
97.5  0.387215  1.373915  1.761130
98.0  0.408029  1.352842  1.760871
98.5  0.424868  1.336079  1.760947
99.0  0.437801  1.325933  1.763734
99.5  0.447843  1.317041  1.764884
100.0  0.456284  1.309243  1.765527
100.5  0.464567  1.298350  1.762917
101.0  0.474276  1.289372  1.763648
101.5  0.486675  1.279280  1.765955
102.0  0.501773  1.265627  1.767400
102.5  0.517582  1.247248  1.764830
103.0  0.530421  1.233006  1.763427
103.5  0.536439  1.227003  1.763443
104.0  0.533624  1.231708  1.765332
104.5  0.523076  1.241650  1.764726
105.0  0.508742  1.255852  1.764593
105.5  0.495686  1.269734  1.765421
106.0  0.487759  1.278493  1.766252
106.5  0.485833  1.278755  1.764588
107.0  0.487470  1.276013  1.763482
107.5  0.488166  1.276110  1.764276
108.0  0.483471  1.280498  1.763969
108.5  0.470849  1.292994  1.763844
109.0  0.450359  1.314809  1.765169
109.5  0.424090  1.341607  1.765697
110.0  0.395055  1.370167  1.765223
110.5  0.366408  1.398003  1.764411
111.0  0.341236  1.423654  1.764891
111.5  0.322464  1.442646  1.765110
112.0  0.312298  1.452514  1.764812
112.5  0.311222  1.453941  1.765163
113.0  0.317292  1.447569  1.764861
113.5  0.326591  1.438296  1.764887
114.0  0.334943  1.429431  1.764373
114.5  0.340026  1.425393  1.765419
115.0  0.342627  1.423815  1.766442
115.5  0.346258  1.419055  1.765313
116.0  0.355315  1.409022  1.764337
116.5  0.372741  1.392534  1.765275
117.0  0.398388  1.368894  1.767282
117.5  0.428870  1.337881  1.766750
118.0  0.458938  1.305571  1.764508
118.5  0.483571  1.280313  1.763884
119.0  0.499634  1.264719  1.764353
119.5  0.506315  1.257427  1.763743
120.0  0.504494  1.258824  1.763318
120.5  0.495851  1.269776  1.765627
121.0  0.482518  1.282520  1.765039
121.5  0.467261  1.296794  1.764055
122.0  0.453459  1.311038  1.764497
122.5  0.444272  1.321976  1.766248
123.0  0.441175  1.324498  1.765673
123.5  0.442879  1.321922  1.764802
124.0  0.445666  1.319934  1.765600
124.5  0.445218  1.320668  1.765886
125.0  0.438966  1.324685  1.763651
125.5  0.427567  1.336348  1.763916
126.0  0.414660  1.350856  1.765516
126.5  0.405091  1.360480  1.765571
127.0  0.402576  1.362632  1.765208
127.5  0.408025  1.357547  1.765572
128.0  0.419331  1.345756  1.765088
128.5  0.432623  1.330666  1.763289
129.0  0.444127  1.320866  1.764993
129.5  0.451565  1.314822  1.766386
130.0  0.454411  1.311484  1.765896
130.5  0.453286  1.309948  1.763234
131.0  0.449299  1.314923  1.764222
131.5  0.443949  1.322117  1.766066
132.0  0.439359  1.325873  1.765232
132.5  0.438094  1.326830  1.764924
133.0  0.442118  1.322447  1.764565
133.5  0.451326  1.313101  1.764427
134.0  0.462776  1.301587  1.764364
134.5  0.471450  1.292562  1.764012
135.0  0.472401  1.291652  1.764054
135.5  0.463114  1.302046  1.765161
136.0  0.444749  1.319765  1.764514
136.5  0.421628  1.342256  1.763884
137.0  0.399306  1.365134  1.764441
137.5  0.382235  1.382598  1.764833
138.0  0.372168  1.392039  1.764207
138.5  0.367993  1.395547  1.763540
139.0  0.366945  1.396378  1.763323
139.5  0.366376  1.397580  1.763956
140.0  0.365034  1.399024  1.764059
140.5  0.363227  1.402453  1.765680
141.0  0.362088  1.406021  1.768109
141.5  0.362812  1.407060  1.769872
142.0  0.366508  1.405640  1.772148
142.5  0.374511  1.400261  1.774773
143.0  0.388357  1.388558  1.776914
143.5  0.408891  1.369739  1.778630
144.0  0.434915  1.345383  1.780298
144.5  0.462521  1.319105  1.781626
145.0  0.485987  1.293736  1.779724
145.5  0.500029  1.278469  1.778498
146.0  0.502142  1.277580  1.779722
146.5  0.493683  1.285779  1.779462
147.0  0.479122  1.299278  1.778399
147.5  0.463920  1.313993  1.777912
148.0  0.452168  1.325321  1.777489
148.5  0.445147  1.331939  1.777087
149.0  0.441443  1.335992  1.777435
149.5  0.438422  1.340955  1.779377
150.0  0.434121  1.347070  1.781191
150.5  0.428399  1.355523  1.783921
151.0  0.422713  1.363864  1.786577
151.5  0.418938  1.369038  1.787975
152.0  0.418277  1.372805  1.791082
152.5  0.421119  1.375218  1.796337
153.0  0.427598  1.371554  1.799153
153.5  0.437891  1.362855  1.800746
154.0  0.451607  1.351386  1.802993
154.5  0.466713  1.338044  1.804756
155.0  0.479202  1.325405  1.804607
155.5  0.484274  1.319382  1.803657
156.0  0.478582  1.325114  1.803695
156.5  0.462184  1.340243  1.802427
157.0  0.438962  1.362415  1.801377
157.5  0.415176  1.385186  1.800362
158.0  0.396887  1.401675  1.798562
158.5  0.387509  1.409872  1.797382
159.0  0.386656  1.410905  1.797561
159.5  0.390799  1.405272  1.796072
160.0  0.395339  1.400978  1.796317
160.5  0.396931  1.399893  1.796823
161.0  0.394811  1.402910  1.797721
161.5  0.390499  1.409497  1.799996
162.0  0.386378  1.415862  1.802240
162.5  0.384375  1.419898  1.804273
163.0  0.385620  1.418337  1.803956
163.5  0.390865  1.413091  1.803957
164.0  0.400660  1.402499  1.803159
164.5  0.414668  1.385689  1.800356
165.0  0.430665  1.364389  1.795054
165.5  0.444428  1.347020  1.791449
166.0  0.451179  1.336697  1.787875
166.5  0.447977  1.336423  1.784400
167.0  0.435614  1.344549  1.780163
167.5  0.418784  1.359949  1.778733
168.0  0.404347  1.373336  1.777684
168.5  0.398524  1.378501  1.777025
169.0  0.404342  1.372566  1.776909
169.5  0.420558  1.356378  1.776936
170.0  0.442515  1.335227  1.777742
170.5  0.464491  1.314387  1.778877
171.0  0.482251  1.296451  1.778702
171.5  0.494426  1.283965  1.778390
172.0  0.502039  1.276123  1.778162
172.5  0.506785  1.270894  1.777679
173.0  0.509522  1.267383  1.776905
173.5  0.510075  1.265072  1.775147
174.0  0.508114  1.266282  1.774396
174.5  0.503839  1.271210  1.775050
175.0  0.497541  1.278687  1.776227
175.5  0.488449  1.288310  1.776759
176.0  0.474223  1.302287  1.776510
176.5  0.451976  1.327918  1.779893
177.0  0.420387  1.363226  1.783613
177.5  0.381461  1.404932  1.786393
178.0  0.340666  1.450116  1.790782
178.5  0.305216  1.489000  1.794216
179.0  0.281345  1.516615  1.797960
179.5  0.271941  1.528411  1.800353
180.0  0.275717  1.525621  1.801338
180.5  0.288328  1.514706  1.803035
181.0  0.304842  1.498858  1.803700
181.5  0.322185  1.481482  1.803667
182.0  0.340148  1.465118  1.805266
182.5  0.360439  1.444451  1.804890
183.0  0.384632  1.420549  1.805181
183.5  0.412661  1.392668  1.805330
184.0  0.442882  1.366375  1.809257
184.5  0.473245  1.338790  1.812035
185.0  0.502163  1.312815  1.814978
185.5  0.528201  1.291251  1.819452
186.0  0.549136  1.275464  1.824599
186.5  0.561695  1.267287  1.828982
187.0  0.562703  1.270534  1.833237
187.5  0.551043  1.285183  1.836226
188.0  0.529022  1.310322  1.839344
188.5  0.502098  1.340261  1.842359
189.0  0.476920  1.366907  1.843827
189.5  0.458645  1.383378  1.842023
190.0  0.448860  1.390966  1.839825
190.5  0.445179  1.392568  1.837746
191.0  0.442746  1.392202  1.834949
191.5  0.436887  1.394356  1.831244
192.0  0.425489  1.402869  1.828358
192.5  0.409775  1.416614  1.826389
193.0  0.393137  1.431708  1.824845
193.5  0.378997  1.446061  1.825058
194.0  0.369324  1.455916  1.825239
194.5  0.364658  1.460541  1.825199
195.0  0.365075  1.461066  1.826141
195.5  0.370693  1.455174  1.825866
196.0  0.381080  1.443065  1.824145
196.5  0.394253  1.427806  1.822059
197.0  0.406597  1.411906  1.818503
197.5  0.414277  1.399445  1.813722
198.0  0.415398  1.394800  1.810198
198.5  0.411415  1.394456  1.805871
199.0  0.406788  1.395179  1.801968
199.5  0.406892  1.393417  1.800309
200.0  0.415245  1.383848  1.799093
200.5  0.431492  1.366494  1.797986
201.0  0.451237  1.347093  1.798330
201.5  0.467918  1.332512  1.800430
202.0  0.475837  1.328024  1.803861
202.5  0.472735  1.335876  1.808611
203.0  0.460472  1.352406  1.812878
203.5  0.443511  1.372926  1.816438
204.0  0.426367  1.393562  1.819929
204.5  0.411826  1.410614  1.822440
205.0  0.400916  1.422079  1.822995
205.5  0.393960  1.430130  1.824090
206.0  0.391262  1.432191  1.823453
206.5  0.392667  1.428430  1.821097
207.0  0.396671  1.423024  1.819695
207.5  0.400380  1.419209  1.819589
208.0  0.400854  1.418935  1.819789
208.5  0.397098  1.424554  1.821651
209.0  0.391274  1.435404  1.826679
209.5  0.388168  1.445911  1.834079
210.0  0.393004  1.448932  1.841936
210.5  0.408723  1.442799  1.851523
211.0  0.434157  1.428477  1.862634
211.5  0.464173  1.409988  1.874162
212.0  0.491814  1.390690  1.882504
212.5  0.511344  1.380327  1.891671
213.0  0.520497  1.381118  1.901615
213.5  0.520653  1.387841  1.908495
214.0  0.515057  1.396723  1.911780
214.5  0.506553  1.405538  1.912090
215.0  0.496548  1.414792  1.911340
215.5  0.485646  1.424994  1.910640
216.0  0.474799  1.431782  1.906581
216.5  0.465510  1.437050  1.902560
217.0  0.458758  1.442157  1.900915
217.5  0.453702  1.447470  1.901172
218.0  0.447584  1.454407  1.901992
218.5  0.437228  1.467189  1.904417
219.0  0.421214  1.486850  1.908065
219.5  0.401263  1.513053  1.914315
220.0  0.381852  1.538441  1.920293
220.5  0.368204  1.554198  1.922401
221.0  0.363697  1.557645  1.921342
221.5  0.368136  1.551972  1.920108
222.0  0.377898  1.537334  1.915232
222.5  0.387945  1.518170  1.906115
223.0  0.394537  1.500328  1.894864
223.5  0.396932  1.484791  1.881723
224.0  0.396993  1.470143  1.867136
224.5  0.397134  1.456817  1.853951
225.0  0.398380  1.443920  1.842300
225.5  0.400094  1.431458  1.831552
226.0  0.401337  1.423920  1.825257
226.5  0.402319  1.420612  1.822931
227.0  0.404449  1.418675  1.823124
227.5  0.408916  1.416122  1.825039
228.0  0.415141  1.413071  1.828212
228.5  0.420554  1.410889  1.831444
229.0  0.422048  1.412345  1.834393
229.5  0.418072  1.417669  1.835742
230.0  0.409902  1.425919  1.835820
230.5  0.401175  1.432903  1.834078
231.0  0.395934  1.435889  1.831824
231.5  0.396313  1.429619  1.825932
232.0  0.401265  1.418059  1.819324
232.5  0.407227  1.405744  1.812971
233.0  0.410446  1.397146  1.807592
233.5  0.409603  1.393782  1.803384
234.0  0.406928  1.393656  1.800583
234.5  0.406911  1.394261  1.801172
235.0  0.413454  1.390539  1.803993
235.5  0.427608  1.383104  1.810711
236.0  0.447530  1.372430  1.819960
236.5  0.470313  1.360184  1.830497
237.0  0.493843  1.350504  1.844347
237.5  0.517124  1.342996  1.860120
238.0  0.539119  1.336129  1.875248
238.5  0.557525  1.330952  1.888477
239.0  0.568830  1.331133  1.899964
239.5  0.569833  1.341397  1.911230
240.0  0.559568  1.359451  1.919019
240.5  0.540258  1.383523  1.923781
241.0  0.516563  1.407745  1.924308
241.5  0.493435  1.430864  1.924299
242.0  0.473707  1.449285  1.922992
242.5  0.456748  1.464351  1.921100
243.0  0.439068  1.482019  1.921087
243.5  0.416678  1.508526  1.925205
244.0  0.387905  1.545280  1.933185
244.5  0.354867  1.586268  1.941135
245.0  0.322557  1.630319  1.952876
245.5  0.296185  1.671797  1.967982
246.0  0.278804  1.703855  1.982659
246.5  0.270878  1.723990  1.994868
247.0  0.271615  1.732376  2.003991
247.5  0.280366  1.727842  2.008208
248.0  0.296696  1.709981  2.006676
248.5  0.319262  1.678977  1.998239
249.0  0.344920  1.639211  1.984131
249.5  0.369201  1.597630  1.966830
250.0  0.388129  1.558574  1.946703
250.5  0.400183  1.526052  1.926235
251.0  0.407116  1.500996  1.908112
251.5  0.413074  1.480214  1.893288
252.0  0.422415  1.458227  1.880642
252.5  0.437354  1.434230  1.871583
253.0  0.456646  1.410483  1.867129
253.5  0.476132  1.388535  1.864667
254.0  0.490971  1.373405  1.864376
254.5  0.498364  1.366323  1.864688
255.0  0.499043  1.367400  1.866443
255.5  0.496469  1.370895  1.867364
256.0  0.494363  1.372343  1.866706
256.5  0.494514  1.367378  1.861893
257.0  0.496519  1.358863  1.855381
257.5  0.499191  1.349402  1.848593
258.0  0.501934  1.337941  1.839875
258.5  0.504668  1.324091  1.828758
259.0  0.506633  1.309223  1.815856
259.5  0.505543  1.298922  1.804465
260.0  0.498209  1.296739  1.794948
260.5  0.482410  1.302439  1.784849
261.0  0.458696  1.318686  1.777382
261.5  0.430886  1.344443  1.775329
262.0  0.404844  1.371214  1.776058
262.5  0.386121  1.390051  1.776172
263.0  0.377606  1.402388  1.779994
263.5  0.378376  1.410068  1.788443
264.0  0.384419  1.413451  1.797871
264.5  0.390963  1.416232  1.807195
265.0  0.395132  1.420545  1.815677
265.5  0.397268  1.425383  1.822651
266.0  0.399996  1.430930  1.830926
266.5  0.405784  1.430845  1.836629
267.0  0.415021  1.423512  1.838533
267.5  0.426078  1.412830  1.838908
268.0  0.436959  1.401927  1.838886
268.5  0.446721  1.392072  1.838793
269.0  0.455365  1.383849  1.839214
269.5  0.462569  1.378633  1.841202
270.0  0.466722  1.378771  1.845493
270.5  0.465337  1.387419  1.852756
271.0  0.456605  1.408052  1.864657
271.5  0.440891  1.438025  1.878915
272.0  0.421091  1.474638  1.895729
272.5  0.401552  1.510941  1.912492
273.0  0.386114  1.541087  1.927201
273.5  0.376328  1.562878  1.939206
274.0  0.370825  1.575537  1.946363
274.5  0.366340  1.580868  1.947208
275.0  0.359996  1.583075  1.943071
275.5  0.351540  1.582550  1.934090
276.0  0.343911  1.577246  1.921157
276.5  0.341463  1.564901  1.906364
277.0  0.346991  1.543515  1.890505
277.5  0.359861  1.515426  1.875286
278.0  0.376744  1.486272  1.863016
278.5  0.394110  1.460255  1.854365
279.0  0.410229  1.436573  1.846802
279.5  0.425163  1.417384  1.842546
280.0  0.439243  1.402679  1.841921
280.5  0.451756  1.389169  1.840925
281.0  0.461084  1.378356  1.839440
281.5  0.466088  1.373796  1.839885
282.0  0.467499  1.373606  1.841105
282.5  0.468124  1.373703  1.841826
283.0  0.471618  1.368240  1.839859
283.5  0.480469  1.355995  1.836464
284.0  0.494313  1.338533  1.832846
284.5  0.509637  1.318778  1.828415
285.0  0.521269  1.298996  1.820266
285.5  0.525119  1.286507  1.811626
286.0  0.520611  1.284705  1.805316
286.5  0.511080  1.288634  1.799714
287.0  0.501512  1.291877  1.793389
287.5  0.495111  1.290871  1.785983
288.0  0.491327  1.288565  1.779892
288.5  0.486821  1.290015  1.776835
289.0  0.478299  1.296351  1.774650
289.5  0.464691  1.307956  1.772647
290.0  0.447151  1.323543  1.770693
290.5  0.427469  1.343544  1.771013
291.0  0.406657  1.363619  1.770276
291.5  0.384893  1.385604  1.770497
292.0  0.362612  1.407796  1.770408
292.5  0.341590  1.428522  1.770112
293.0  0.324997  1.445459  1.770456
293.5  0.316234  1.453858  1.770092
294.0  0.317155  1.452251  1.769406
294.5  0.326700  1.443735  1.770436
295.0  0.340822  1.430250  1.771073
295.5  0.354072  1.419087  1.773159
296.0  0.362289  1.414570  1.776860
296.5  0.364954  1.415412  1.780366
297.0  0.365528  1.421741  1.787269
297.5  0.369219  1.422901  1.792120
298.0  0.379512  1.415297  1.794809
298.5  0.396069  1.402552  1.798621
299.0  0.415496  1.385639  1.801135
299.5  0.434041  1.367463  1.801503
300.0  0.449766  1.350659  1.800426
300.5  0.462636  1.337269  1.799905
301.0  0.473045  1.324052  1.797097
301.5  0.480558  1.312828  1.793387
302.0  0.484055  1.306629  1.790684
302.5  0.483011  1.304210  1.787222
303.0  0.478699  1.304754  1.783453
303.5  0.474229  1.307079  1.781309
304.0  0.473266  1.305935  1.779201
304.5  0.478072  1.299352  1.777424
305.0  0.487949  1.288351  1.776301
305.5  0.499025  1.276527  1.775552
306.0  0.505796  1.270079  1.775875
306.5  0.503948  1.271091  1.775039
307.0  0.492964  1.282955  1.775919
307.5  0.476700  1.302436  1.779136
308.0  0.461081  1.318762  1.779843
308.5  0.450223  1.331300  1.781523
309.0  0.443873  1.340528  1.784401
309.5  0.438204  1.351761  1.789965
310.0  0.429165  1.362206  1.791371
310.5  0.415485  1.378414  1.793898
311.0  0.399094  1.400291  1.799385
311.5  0.383203  1.423566  1.806769
312.0  0.370095  1.439454  1.809549
312.5  0.360412  1.452585  1.812997
313.0  0.354045  1.462346  1.816391
313.5  0.351425  1.467633  1.819058
314.0  0.353916  1.465553  1.819469
314.5  0.362934  1.457740  1.820674
315.0  0.378409  1.442350  1.820759
315.5  0.397632  1.421279  1.818911
316.0  0.415452  1.401539  1.816990
316.5  0.426148  1.389144  1.815292
317.0  0.426349  1.387394  1.813743
317.5  0.417425  1.396453  1.813878
318.0  0.405513  1.408667  1.814180
318.5  0.398509  1.415527  1.814036
319.0  0.401570  1.414272  1.815842
319.5  0.414227  1.403664  1.817891
320.0  0.431230  1.389504  1.820735
320.5  0.446272  1.379634  1.825906
321.0  0.455567  1.375758  1.831326
321.5  0.458887  1.373852  1.832739
322.0  0.458098  1.376501  1.834599
322.5  0.455100  1.385534  1.840634
323.0  0.450937  1.390011  1.840947
323.5  0.446342  1.388761  1.835103
324.0  0.442666  1.387857  1.830523
324.5  0.442026  1.386377  1.828403
325.0  0.446307  1.375682  1.821988
325.5  0.455607  1.356862  1.812469
326.0  0.467148  1.339955  1.807103
326.5  0.475569  1.325494  1.801063
327.0  0.474877  1.319352  1.794229
327.5  0.461449  1.328917  1.790366
328.0  0.436557  1.353346  1.789903
328.5  0.406674  1.385480  1.792154
329.0  0.380792  1.410971  1.791763
329.5  0.366014  1.424548  1.790562
330.0  0.364257  1.428558  1.792815
330.5  0.372279  1.421786  1.794065
331.0  0.384666  1.406939  1.791604
331.5  0.397228  1.393008  1.790236
332.0  0.408421  1.381760  1.790181
332.5  0.418477  1.369818  1.788295
333.0  0.427774  1.359081  1.786856
333.5  0.436079  1.349989  1.786068
334.0  0.443063  1.343822  1.786885
334.5  0.449209  1.335847  1.785056
335.0  0.456006  1.329923  1.785930
335.5  0.465003  1.325125  1.790128
336.0  0.476258  1.317661  1.793919
336.5  0.487218  1.307434  1.794652
337.0  0.492951  1.307897  1.800848
337.5  0.488028  1.319914  1.807942
338.0  0.469416  1.343802  1.813219
338.5  0.438904  1.381294  1.820197
339.0  0.403383  1.423367  1.826750
339.5  0.372284  1.459378  1.831661
340.0  0.353331  1.481523  1.834854
340.5  0.349245  1.489396  1.838641
341.0  0.357488  1.482043  1.839531
341.5  0.372830  1.466611  1.839441
342.0  0.390467  1.448459  1.838927
342.5  0.407519  1.430964  1.838483
343.0  0.422547  1.415686  1.838232
343.5  0.434445  1.404846  1.839291
344.0  0.442121  1.398809  1.840930
344.5  0.445213  1.398957  1.844170
345.0  0.444942  1.404266  1.849208
345.5  0.444073  1.408591  1.852664
346.0  0.445679  1.412493  1.858172
346.5  0.451325  1.413710  1.865035
347.0  0.459742  1.411955  1.871697
347.5  0.466916  1.407606  1.874522
348.0  0.467825  1.407725  1.875551
348.5  0.459165  1.416907  1.876072
349.0  0.441625  1.435176  1.876801
349.5  0.420235  1.454424  1.874659
350.0  0.402202  1.467579  1.869781
350.5  0.393367  1.470530  1.863897
351.0  0.395530  1.462742  1.858271
351.5  0.406350  1.448191  1.854541
352.0  0.421540  1.428831  1.850371
352.5  0.437393  1.407415  1.844808
353.0  0.451834  1.390824  1.842658
353.5  0.463832  1.379203  1.843035
354.0  0.472369  1.371034  1.843403
354.5  0.476254  1.366022  1.842276
355.0  0.474896  1.366224  1.841120
355.5  0.469202  1.373372  1.842574
356.0  0.461588  1.381957  1.843544
356.5  0.454853  1.385525  1.840378
357.0  0.450482  1.384287  1.834769
357.5  0.447415  1.383541  1.830956
358.0  0.442157  1.384420  1.826577
358.5  0.430475  1.391096  1.821571
359.0  0.409999  1.407934  1.817934
359.5  0.382349  1.433869  1.816218
360.0  0.353316  1.461794  1.815110
360.5  0.330597  1.486079  1.816676
361.0  0.320188  1.498326  1.818514
361.5  0.323665  1.497896  1.821561
362.0  0.338074  1.485922  1.823996
362.5  0.358155  1.470080  1.828235
363.0  0.379019  1.450885  1.829905
363.5  0.397486  1.435457  1.832942
364.0  0.411847  1.423984  1.835831
364.5  0.421168  1.416887  1.838055
365.0  0.425195  1.415497  1.840692
365.5  0.424928  1.416094  1.841022
366.0  0.423050  1.420369  1.843419
366.5  0.423431  1.419194  1.842625
367.0  0.429610  1.412402  1.842012
367.5  0.442968  1.398183  1.841151
368.0  0.461603  1.379264  1.840867
368.5  0.480713  1.361589  1.842302
369.0  0.494604  1.345253  1.839856
369.5  0.499520  1.341625  1.841146
370.0  0.495825  1.341517  1.837342
370.5  0.488084  1.356417  1.844501
371.0  0.482685  1.357263  1.839948
371.5  0.484270  1.362059  1.846329
372.0  0.493260  1.345118  1.838378
372.5  0.506022  1.336773  1.842795
373.0  0.517216  1.322691  1.839907
373.5  0.522339  1.320735  1.843074
374.0  0.518887  1.320880  1.839767
374.5  0.506081  1.334128  1.840209
375.0  0.484271  1.357868  1.842139
375.5  0.454922  1.385987  1.840910
376.0  0.421047  1.422490  1.843537
376.5  0.387306  1.456205  1.843511
377.0  0.359139  1.484045  1.843184
377.5  0.341019  1.504251  1.845270
378.0  0.334598  1.508801  1.843399
378.5  0.337738  1.507800  1.845539
379.0  0.345155  1.497337  1.842491
379.5  0.350677  1.494093  1.844770
380.0  0.350249  1.493068  1.843317
380.5  0.344120  1.498614  1.842735
381.0  0.336806  1.508535  1.845342
381.5  0.334572  1.506909  1.841481
382.0  0.341880  1.509972  1.851852
382.5  0.359130  1.485216  1.844345
383.0  0.383034  1.468769  1.851803
383.5  0.408876  1.438722  1.847598
384.0  0.432638  1.422636  1.855273
384.5  0.451663  1.397231  1.848894
385.0  0.464221  1.389045  1.853265
385.5  0.469196  1.383091  1.852287
386.0  0.466584  1.387222  1.853806
386.5  0.458332  1.397390  1.855722
387.0  0.448523  1.407676  1.856200
387.5  0.442334  1.414277  1.856611
388.0  0.444010  1.411638  1.855648
388.5  0.454804  1.402763  1.857567
389.0  0.471965  1.385747  1.857712
389.5  0.489506  1.365278  1.854784
390.0  0.500691  1.354926  1.855617
390.5  0.501208  1.353386  1.854594
391.0  0.491350  1.370779  1.862129
391.5  0.475755  1.382035  1.857791
392.0  0.460646  1.399410  1.860056
392.5  0.450291  1.403099  1.853390
393.0  0.445142  1.414906  1.860048
393.5  0.442735  1.411334  1.854069
394.0  0.440190  1.419251  1.859441
394.5  0.436031  1.419835  1.855866
395.0  0.430202  1.427046  1.857248
395.5  0.422992  1.436327  1.859319
396.0  0.414393  1.442239  1.856632
396.5  0.404571  1.454732  1.859303
397.0  0.394841  1.457176  1.852017
397.5  0.388040  1.472014  1.860054
398.0  0.387692  1.467284  1.854977
398.5  0.396242  1.463786  1.860028
399.0  0.413314  1.441372  1.854687
399.5  0.435027  1.422413  1.857440
400.0  0.454978  1.398325  1.853303
400.5  0.466762  1.387918  1.854680
401.0  0.466973  1.388683  1.855656
401.5  0.457044  1.397424  1.854468
402.0  0.442590  1.410578  1.853167
402.5  0.430273  1.421670  1.851943
403.0  0.424043  1.426390  1.850433
403.5  0.423322  1.431347  1.854669
404.0  0.424274  1.424613  1.848887
404.5  0.422860  1.432597  1.855457
405.0  0.417161  1.429286  1.846446
405.5  0.407564  1.447775  1.855339
406.0  0.395487  1.452689  1.848176
406.5  0.382261  1.470780  1.853041
407.0  0.369133  1.481108  1.850241
407.5  0.357940  1.491801  1.849741
408.0  0.351421  1.503354  1.854775
408.5  0.352487  1.495898  1.848385
409.0  0.362657  1.493488  1.856145
409.5  0.380546  1.466624  1.847170
410.0  0.401418  1.453908  1.855326
410.5  0.418418  1.428835  1.847252
411.0  0.425308  1.430685  1.855992
411.5  0.419598  1.428917  1.848515
412.0  0.404378  1.448992  1.853370
412.5  0.387422  1.465926  1.853348
413.0  0.377594  1.474171  1.851765
413.5  0.380516  1.469572  1.850088
414.0  0.396297  1.454004  1.850300
414.5  0.420641  1.429120  1.849760
415.0  0.448028  1.402893  1.850921
415.5  0.474342  1.375077  1.849419
416.0  0.497434  1.353481  1.850915
416.5  0.516280  1.329189  1.845469
417.0  0.530279  1.323426  1.853705
417.5  0.539485  1.309857  1.849342
418.0  0.545216  1.311494  1.856710
418.5  0.550036  1.291272  1.841307
419.0  0.556628  1.297319  1.853947
419.5  0.565998  1.280028  1.846026
420.0  0.576015  1.281328  1.857343
420.5  0.581312  1.262509  1.843821
421.0  0.574977  1.279475  1.854451
421.5  0.551617  1.295159  1.846776
422.0  0.510468  1.343225  1.853693
422.5  0.456798  1.392374  1.849172
423.0  0.400357  1.450032  1.850389
423.5  0.351278  1.498897  1.850175
424.0  0.315713  1.530872  1.846585
424.5  0.293978  1.552722  1.846700
425.0  0.282191  1.562123  1.844314
425.5  0.275725  1.570326  1.846051
426.0  0.271751  1.572358  1.844109
426.5  0.269549  1.574806  1.844355
427.0  0.269407  1.576918  1.846325
427.5  0.271746  1.572671  1.844417
428.0  0.277263  1.569580  1.846843
428.5  0.287526  1.557173  1.844698
429.0  0.304977  1.541414  1.846391
429.5  0.331847  1.514065  1.845912
430.0  0.368413  1.474195  1.842608
430.5  0.411618  1.437569  1.849187
431.0  0.455062  1.385897  1.840958
431.5  0.490763  1.358807  1.849570
432.0  0.512222  1.324303  1.836525
432.5  0.517435  1.332395  1.849831
433.0  0.510153  1.331359  1.841511
433.5  0.498222  1.351085  1.849307
434.0  0.489538  1.354550  1.844088
434.5  0.487940  1.360645  1.848585
435.0  0.491784  1.356884  1.848668
435.5  0.496003  1.346964  1.842967
436.0  0.495795  1.356615  1.852410
436.5  0.489125  1.360826  1.849951
437.0  0.476737  1.377259  1.853997
437.5  0.460662  1.382098  1.842759
438.0  0.443008  1.407470  1.850479
438.5  0.425937  1.425381  1.851319
439.0  0.412203  1.440310  1.852513
439.5  0.405141  1.446213  1.851354
440.0  0.407576  1.442910  1.850487
440.5  0.420105  1.435581  1.855686
441.0  0.439841  1.408186  1.848028
441.5  0.460621  1.390522  1.851142
442.0  0.475010  1.373181  1.848191
442.5  0.477517  1.378799  1.856316
443.0  0.467501  1.383570  1.851071
443.5  0.450006  1.403028  1.853034
444.0  0.433498  1.422933  1.856432
444.5  0.425388  1.427171  1.852559
445.0  0.428053  1.427378  1.855432
445.5  0.438064  1.409835  1.847899
446.0  0.448974  1.410941  1.859915
446.5  0.455315  1.391263  1.846578
447.0  0.454872  1.401408  1.856280
447.5  0.448268  1.400812  1.849079
448.0  0.437197  1.424091  1.861288
448.5  0.423255  1.426353  1.849608
449.0  0.408044  1.448357  1.856401
449.5  0.393809  1.459085  1.852895
450.0  0.383415  1.472747  1.856161
450.5  0.379243  1.475160  1.854403
451.0  0.381594  1.473215  1.854809
451.5  0.387673  1.465827  1.853500
452.0  0.392071  1.462066  1.854137
452.5  0.388932  1.465072  1.854004
453.0  0.375069  1.479478  1.854547
453.5  0.352513  1.496691  1.849204
454.0  0.328763  1.529499  1.858262
454.5  0.313932  1.538387  1.852319
455.0  0.315881  1.544316  1.860197
455.5  0.336189  1.511263  1.847452
456.0  0.369617  1.487853  1.857470
456.5  0.407268  1.445019  1.852287
457.0  0.441010  1.412177  1.853187
457.5  0.466218  1.386927  1.853146
458.0  0.481835  1.371150  1.852985
458.5  0.488916  1.372338  1.861255
459.0  0.489431  1.360364  1.849795
459.5  0.485997  1.374313  1.860310
460.0  0.481972  1.371614  1.853586
460.5  0.480970  1.385092  1.866062
461.0  0.485536  1.368026  1.853561
461.5  0.495577  1.367160  1.862737
462.0  0.507540  1.352519  1.860060
462.5  0.515111  1.345868  1.860978
463.0  0.511562  1.344787  1.856348
463.5  0.493016  1.366277  1.859293
464.0  0.461154  1.400877  1.862031
464.5  0.423635  1.434730  1.858365
465.0  0.391330  1.464355  1.855685
465.5  0.373351  1.488329  1.861680
466.0  0.372724  1.486743  1.859467
466.5  0.385529  1.475250  1.860778
467.0  0.403875  1.451855  1.855731
467.5  0.420309  1.443936  1.864245
468.0  0.430626  1.422715  1.853340
468.5  0.434000  1.430915  1.864915
469.0  0.431604  1.423983  1.855587
469.5  0.425488  1.443466  1.868954
470.0  0.418384  1.437234  1.855618
470.5  0.413754  1.450378  1.864132
471.0  0.415166  1.440109  1.855275
471.5  0.424815  1.437919  1.862734
472.0  0.441921  1.414139  1.856059
472.5  0.462047  1.396470  1.858517
473.0  0.478073  1.379594  1.857667
473.5  0.482785  1.372071  1.854857
474.0  0.472214  1.385976  1.858190
474.5  0.448134  1.405533  1.853667
475.0  0.418049  1.439617  1.857667
475.5  0.391985  1.462570  1.854554
476.0  0.377451  1.482845  1.860296
476.5  0.375665  1.481643  1.857308
477.0  0.381587  1.474569  1.856157
477.5  0.387581  1.471790  1.859371
478.0  0.387824  1.471539  1.859364
478.5  0.380574  1.477619  1.858193
479.0  0.367612  1.487640  1.855252
479.5  0.352383  1.508220  1.860603
480.0  0.338626  1.519557  1.858184
480.5  0.330062  1.523101  1.853162
481.0  0.330390  1.527676  1.858066
481.5  0.342715  1.511739  1.854454
482.0  0.368226  1.495594  1.863820
482.5  0.404862  1.445263  1.850125
483.0  0.446920  1.412503  1.859423
483.5  0.486282  1.363128  1.849410
484.0  0.515126  1.342533  1.857659
484.5  0.529210  1.322511  1.851721
485.0  0.530106  1.326602  1.856708
485.5  0.524780  1.331712  1.856492
486.0  0.522067  1.330840  1.852907
486.5  0.527666  1.328365  1.856031
487.0  0.540761  1.311844  1.852606
487.5  0.554628  1.302772  1.857400
488.0  0.560662  1.290887  1.851548
488.5  0.552866  1.304634  1.857501
489.0  0.530027  1.324432  1.854459
489.5  0.495053  1.362037  1.857090
490.0  0.453001  1.403634  1.856636
490.5  0.409495  1.447928  1.857423
491.0  0.370079  1.488701  1.858779
491.5  0.339896  1.516932  1.856828
492.0  0.322925  1.537269  1.860194
492.5  0.320686  1.537913  1.858599
493.0  0.331121  1.525601  1.856721
493.5  0.348510  1.509516  1.858026
494.0  0.364975  1.490983  1.855959
494.5  0.373324  1.485627  1.858951
495.0  0.370242  1.482858  1.853100
495.5  0.358252  1.503916  1.862169
496.0  0.345018  1.508111  1.853129
496.5  0.339722  1.523109  1.862831
497.0  0.348242  1.502929  1.851170
497.5  0.370067  1.490430  1.860497
498.0  0.398969  1.449701  1.848670
498.5  0.426732  1.430647  1.857379
499.0  0.447176  1.400497  1.847673
499.5  0.458048  1.392730  1.850777
500.0  0.460474  1.388210  1.848683
500.5  0.457384  1.393272  1.850657
501.0  0.452344  1.398157  1.850500
501.5  0.449100  1.398104  1.847205
502.0  0.451245  1.396654  1.847899
502.5  0.461363  1.389463  1.850826
503.0  0.479753  1.371043  1.850796
503.5  0.503424  1.344495  1.847919
504.0  0.526191  1.318516  1.844706
504.5  0.540277  1.309539  1.849816
505.0  0.539109  1.306374  1.845483
505.5  0.520275  1.330929  1.851204
506.0  0.487167  1.358108  1.845275
506.5  0.448091  1.402124  1.850214
507.0  0.412777  1.437446  1.850223
507.5  0.387989  1.460742  1.848731
508.0  0.374843  1.473055  1.847898
508.5  0.369479  1.476388  1.845866
509.0  0.366300  1.487312  1.853612
509.5  0.361299  1.483415  1.844714
510.0  0.353467  1.496945  1.850412
510.5  0.344205  1.500936  1.845141
511.0  0.336068  1.514854  1.850922
511.5  0.332011  1.515257  1.847268
512.0  0.335224  1.514534  1.849758
512.5  0.348838  1.498614  1.847453
513.0  0.374952  1.471170  1.846122
513.5  0.413166  1.437246  1.850412
514.0  0.459483  1.390179  1.849662
514.5  0.506430  1.341248  1.847678
515.0  0.544804  1.300640  1.845444
515.5  0.566602  1.278170  1.844773
516.0  0.568036  1.275783  1.843819
516.5  0.551143  1.289943  1.841086
517.0  0.522925  1.321533  1.844458
517.5  0.492105  1.349695  1.841800
518.0  0.465175  1.379505  1.844679
518.5  0.444055  1.398006  1.842060
519.0  0.426657  1.416999  1.843656
519.5  0.409536  1.432325  1.841861
520.0  0.390481  1.450987  1.841468
520.5  0.369483  1.473905  1.843388
521.0  0.348158  1.493356  1.841514
521.5  0.328800  1.516600  1.845400
522.0  0.313982  1.527048  1.841029
522.5  0.306582  1.539489  1.846070
523.0  0.309538  1.531227  1.840765
523.5  0.324875  1.522232  1.847108
524.0  0.352335  1.491290  1.843625
524.5  0.388453  1.458553  1.847007
525.0  0.426905  1.411384  1.838289
525.5  0.460302  1.381221  1.841523
526.0  0.482853  1.360156  1.843009
526.5  0.492676  1.351235  1.843911
527.0  0.492522  1.346776  1.839298
527.5  0.488265  1.350795  1.839060
528.0  0.485795  1.358088  1.843883
528.5  0.488052  1.357011  1.845062
529.0  0.494001  1.346031  1.840032
529.5  0.500044  1.339685  1.839728
530.0  0.502584  1.335645  1.838229
530.5  0.499875  1.344653  1.844528
531.0  0.492176  1.347498  1.839674
531.5  0.480777  1.361221  1.841997
532.0  0.467129  1.370170  1.837299
532.5  0.452763  1.390576  1.843339
533.0  0.439639  1.401488  1.841128
533.5  0.430112  1.412262  1.842375
534.0  0.426086  1.415693  1.841779
534.5  0.427729  1.411165  1.838894
535.0  0.432626  1.408254  1.840879
535.5  0.436123  1.401503  1.837625
536.0  0.433042  1.407981  1.841023
536.5  0.420126  1.419398  1.839525
537.0  0.398019  1.444958  1.842976
537.5  0.371555  1.470921  1.842476
538.0  0.347886  1.495755  1.843641
538.5  0.333234  1.509239  1.842473
539.0  0.330122  1.512545  1.842668
539.5  0.336773  1.506251  1.843024
540.0  0.348891  1.493870  1.842761
540.5  0.362374  1.479918  1.842292
541.0  0.375025  1.468109  1.843134
541.5  0.386471  1.454595  1.841065
542.0  0.397000  1.447377  1.844377
542.5  0.406724  1.433850  1.840575
543.0  0.415711  1.429305  1.845016
543.5  0.424633  1.416484  1.841117
544.0  0.434930  1.409980  1.844910
544.5  0.448007  1.394481  1.842488
545.0  0.463855  1.379731  1.843586
545.5  0.480120  1.363152  1.843272
546.0  0.492458  1.352084  1.844543
546.5  0.496303  1.349346  1.845650
547.0  0.489277  1.356215  1.845492
547.5  0.472919  1.369677  1.842596
548.0  0.452547  1.389178  1.841724
548.5  0.435022  1.409467  1.844489
549.0  0.425551  1.420089  1.845640
549.5  0.425432  1.417302  1.842734
550.0  0.432166  1.408066  1.840232
550.5  0.441661  1.400900  1.842561
551.0  0.450776  1.396107  1.846883
551.5  0.458413  1.391508  1.849921
552.0  0.464758  1.387193  1.851951
552.5  0.469829  1.382859  1.852688
553.0  0.472857  1.382532  1.855390
553.5  0.472972  1.389529  1.862501
554.0  0.470352  1.396037  1.866389
554.5  0.466591  1.402649  1.869240
555.0  0.463769  1.409739  1.873508
555.5  0.462802  1.411242  1.874044
556.0  0.462255  1.409022  1.871277
556.5  0.458573  1.410555  1.869128
557.0  0.447823  1.419793  1.867616
557.5  0.428122  1.435100  1.863222
558.0  0.401342  1.456510  1.857852
558.5  0.372900  1.483410  1.856310
559.0  0.349436  1.503248  1.852684
559.5  0.335580  1.513861  1.849440
560.0  0.331783  1.516346  1.848128
560.5  0.334649  1.512884  1.847534
561.0  0.339478  1.506505  1.845983
561.5  0.343148  1.503263  1.846411
562.0  0.345396  1.501818  1.847214
562.5  0.347913  1.496456  1.844369
563.0  0.352437  1.490261  1.842698
563.5  0.359564  1.480809  1.840374
564.0  0.369054  1.467414  1.836468
564.5  0.380970  1.450439  1.831410
565.0  0.396298  1.432721  1.829020
565.5  0.416300  1.408682  1.824982
566.0  0.441002  1.381049  1.822051
566.5  0.468003  1.353572  1.821575
567.0  0.492655  1.329046  1.821701
567.5  0.509841  1.313901  1.823741
568.0  0.516514  1.311874  1.828388
568.5  0.513539  1.318551  1.832090
569.0  0.505532  1.330395  1.835927
569.5  0.498470  1.344218  1.842688
570.0  0.496295  1.352682  1.848977
570.5  0.498639  1.354943  1.853582
571.0  0.501237  1.354306  1.855543
571.5  0.498763  1.360453  1.859216
572.0  0.488072  1.375278  1.863351
572.5  0.469681  1.395290  1.864971
573.0  0.446808  1.415229  1.862037
573.5  0.423198  1.437602  1.860800
574.0  0.401589  1.460755  1.862345
574.5  0.383760  1.477951  1.861711
575.0  0.371488  1.490041  1.861529
575.5  0.367060  1.499145  1.866204
576.0  0.372515  1.497694  1.870209
576.5  0.388061  1.485156  1.873217
577.0  0.410888  1.470495  1.881383
577.5  0.435503  1.454740  1.890243
578.0  0.455775  1.443059  1.898834
578.5  0.467751  1.443486  1.911237
579.0  0.471624  1.452339  1.923963
579.5  0.471496  1.461286  1.932781
580.0  0.472738  1.469971  1.942709
580.5  0.478420  1.473972  1.952392
581.0  0.487087  1.468837  1.955924
581.5  0.493491  1.463048  1.956539
582.0  0.491760  1.464803  1.956563
582.5  0.478775  1.475890  1.954665
583.0  0.455522  1.494337  1.949860
583.5  0.425866  1.519010  1.944876
584.0  0.394150  1.547574  1.941724
584.5  0.363571  1.576125  1.939696
585.0  0.336212  1.601873  1.938084
585.5  0.314024  1.622301  1.936325
586.0  0.299379  1.638314  1.937693
586.5  0.294391  1.644545  1.938935
587.0  0.299456  1.641727  1.941183
587.5  0.312201  1.629981  1.942183
588.0  0.327882  1.612219  1.940101
588.5  0.341392  1.596106  1.937498
589.0  0.349943  1.581653  1.931596
589.5  0.354859  1.568867  1.923725
590.0  0.361160  1.553558  1.914718
590.5  0.374778  1.528164  1.902942
591.0  0.398823  1.490694  1.889517
591.5  0.431238  1.445881  1.877119
592.0  0.465463  1.404320  1.869784
592.5  0.493734  1.370493  1.864226
593.0  0.510785  1.352399  1.863184
593.5  0.515664  1.351511  1.867174
594.0  0.510918  1.362870  1.873787
594.5  0.500401  1.380394  1.880795
595.0  0.487556  1.403750  1.891306
595.5  0.475151  1.428825  1.903975
596.0  0.465907  1.448033  1.913940
596.5  0.462755  1.460164  1.922919
597.0  0.467974  1.462429  1.930403
597.5  0.481637  1.453673  1.935310
598.0  0.500544  1.435365  1.935909
598.5  0.518699  1.415938  1.934637
599.0  0.529501  1.403189  1.932690
599.5  0.528697  1.401568  1.930265
600.0  0.516500  1.410077  1.926577
600.5  0.497497  1.426709  1.924205
601.0  0.478118  1.446812  1.924930
601.5  0.463020  1.463582  1.926603
602.0  0.452612  1.480253  1.932865
602.5  0.443378  1.501450  1.944828
603.0  0.430679  1.528928  1.959607
603.5  0.411947  1.565634  1.977581
604.0  0.388075  1.612001  2.000077
604.5  0.362386  1.662355  2.024741
605.0  0.338470  1.711023  2.049493
605.5  0.318767  1.753721  2.072488
606.0  0.304722  1.787452  2.092174
606.5  0.297766  1.810871  2.108636
607.0  0.299748  1.820459  2.120206
607.5  0.312113  1.814351  2.126464
608.0  0.334354  1.793663  2.128016
608.5  0.362985  1.763813  2.126798
609.0  0.392070  1.728804  2.120874
609.5  0.415324  1.696806  2.112130
610.0  0.428805  1.680026  2.108831
610.5  0.432670  1.676742  2.109411
611.0  0.430869  1.680763  2.111632
611.5  0.428754  1.685244  2.113998
612.0  0.429939  1.693388  2.123327
612.5  0.434392  1.701309  2.135702
613.0  0.439001  1.709119  2.148119
613.5  0.440111  1.716785  2.156897
614.0  0.436129  1.726425  2.162553
614.5  0.428361  1.735843  2.164204
615.0  0.419830  1.739819  2.159650
615.5  0.413356  1.735855  2.149211
616.0  0.410548  1.718647  2.129195
616.5  0.412233  1.689394  2.101627
617.0  0.419442  1.656115  2.075557
617.5  0.433666  1.616978  2.050644
618.0  0.455846  1.568844  2.024690
618.5  0.484784  1.516796  2.001580
619.0  0.516237  1.468002  1.984240
619.5  0.543671  1.431053  1.974723
620.0  0.560575  1.409623  1.970198
620.5  0.563256  1.406248  1.969504
621.0  0.552541  1.420794  1.973335
621.5  0.533286  1.447038  1.980323
622.0  0.511753  1.476150  1.987903
622.5  0.492326  1.501813  1.994140
623.0  0.475583  1.521934  1.997518
623.5  0.458958  1.539033  1.997991
624.0  0.439385  1.556186  1.995572
624.5  0.415898  1.574420  1.990317
625.0  0.390359  1.590728  1.981087
625.5  0.366138  1.603434  1.969573
626.0  0.346135  1.610475  1.956610
626.5  0.331843  1.610573  1.942417
627.0  0.323913  1.604326  1.928239
627.5  0.323252  1.594028  1.917280
628.0  0.331303  1.577507  1.908811
628.5  0.348997  1.556057  1.905055
629.0  0.375111  1.531095  1.906207
629.5  0.405386  1.508444  1.913830
630.0  0.433340  1.493611  1.926951
630.5  0.452656  1.490916  1.943571
631.0  0.459961  1.504375  1.964336
631.5  0.456427  1.530304  1.986730
632.0  0.447101  1.562984  2.010084
632.5  0.438124  1.594866  2.032990
633.0  0.433366  1.618479  2.051845
633.5  0.432583  1.633654  2.066237
634.0  0.432285  1.644222  2.076508
634.5  0.428572  1.654833  2.083406
635.0  0.419804  1.666811  2.086615
635.5  0.407277  1.680109  2.087386
636.0  0.393834  1.692175  2.086009
636.5  0.381946  1.704094  2.086040
637.0  0.372875  1.716703  2.089578
637.5  0.367317  1.727449  2.094767
638.0  0.366454  1.737659  2.104113
638.5  0.372120  1.745943  2.118063
639.0  0.385664  1.752312  2.137976
639.5  0.406323  1.754275  2.160598
640.0  0.430412  1.753285  2.183696
640.5  0.452194  1.752286  2.204480
641.0  0.466221  1.755838  2.222058
641.5  0.469955  1.762378  2.232333
642.0  0.465180  1.766420  2.231600
642.5  0.457220  1.766797  2.224017
643.0  0.452172  1.758656  2.210828
643.5  0.453651  1.734419  2.188070
644.0  0.461069  1.697899  2.158968
644.5  0.470562  1.659493  2.130055
645.0  0.477809  1.626507  2.104316
645.5  0.480602  1.599668  2.080270
646.0  0.479444  1.580748  2.060192
646.5  0.476166  1.571273  2.047439
647.0  0.472139  1.565944  2.038083
647.5  0.467651  1.565443  2.033094
648.0  0.462711  1.566739  2.029450
648.5  0.458154  1.571331  2.029486
649.0  0.455753  1.575196  2.030950
649.5  0.457024  1.573948  2.030972
650.0  0.461588  1.567527  2.029114
650.5  0.466419  1.558316  2.024736
651.0  0.466755  1.551806  2.018561
651.5  0.458365  1.550086  2.008451
652.0  0.439964  1.554789  1.994753
652.5  0.414345  1.562889  1.977234
653.0  0.387399  1.572955  1.960354
653.5  0.365391  1.574981  1.940372
654.0  0.351951  1.568333  1.920284
654.5  0.346628  1.553108  1.899736
655.0  0.345893  1.535569  1.881462
655.5  0.345783  1.521794  1.867577
656.0  0.344239  1.511185  1.855424
656.5  0.341616  1.505487  1.847103
657.0  0.339485  1.505466  1.844951
657.5  0.339154  1.508434  1.847588
658.0  0.341258  1.510283  1.851541
658.5  0.346454  1.510910  1.857364
659.0  0.356164  1.511239  1.867403
659.5  0.372294  1.503454  1.875748
660.0  0.395888  1.483926  1.879814
660.5  0.425675  1.457462  1.883137
661.0  0.457702  1.430608  1.888309
661.5  0.486551  1.401465  1.888016
662.0  0.507610  1.379198  1.886809
662.5  0.519188  1.367426  1.886614
663.0  0.523261  1.359186  1.882447
663.5  0.524332  1.354803  1.879135
664.0  0.526896  1.356363  1.883259
664.5  0.532882  1.356846  1.889728
665.0  0.540635  1.355685  1.896320
665.5  0.546072  1.360623  1.906695
666.0  0.545152  1.377652  1.922805
666.5  0.535900  1.406844  1.942744
667.0  0.518720  1.443760  1.962480
667.5  0.495272  1.483499  1.978771
668.0  0.467272  1.525376  1.992647
668.5  0.436339  1.567744  2.004083
669.0  0.404718  1.604726  2.009444
669.5  0.375785  1.634679  2.010465
670.0  0.353399  1.651083  2.004482
670.5  0.340241  1.655220  1.995461
671.0  0.336238  1.647737  1.983975
671.5  0.338245  1.633204  1.971449
672.0  0.341441  1.618960  1.960401
672.5  0.341780  1.609881  1.951660
673.0  0.338226  1.607515  1.945741
673.5  0.333484  1.608602  1.942086
674.0  0.332717  1.607562  1.940279
674.5  0.340763  1.600036  1.940799
675.0  0.359368  1.582971  1.942339
675.5  0.386085  1.557216  1.943302
676.0  0.415548  1.531406  1.946954
676.5  0.442178  1.507648  1.949826
677.0  0.462434  1.488302  1.950735
677.5  0.475263  1.475663  1.950927
678.0  0.481082  1.465725  1.946807
678.5  0.480671  1.462249  1.942920
679.0  0.475087  1.463182  1.938269
679.5  0.466328  1.463786  1.930114
680.0  0.457630  1.460041  1.917671
680.5  0.452580  1.450683  1.903263
681.0  0.453357  1.439704  1.893060
681.5  0.459305  1.424385  1.883690
682.0  0.466956  1.402981  1.869937
682.5  0.471680  1.384734  1.856413
683.0  0.470124  1.376425  1.846549
683.5  0.462080  1.382151  1.844231
684.0  0.450690  1.389918  1.840609
684.5  0.440807  1.390373  1.831181
685.0  0.436307  1.390599  1.826906
685.5  0.437903  1.392475  1.830378
686.0  0.442792  1.388462  1.831254
686.5  0.446355  1.379812  1.826168
687.0  0.444708  1.379247  1.823954
687.5  0.436384  1.390785  1.827169
688.0  0.422286  1.404523  1.826809
688.5  0.404474  1.419337  1.823811
689.0  0.385131  1.437962  1.823093
689.5  0.366498  1.453457  1.819955
690.0  0.351358  1.463782  1.815140
690.5  0.343058  1.469110  1.812168
691.0  0.344468  1.466583  1.811051
691.5  0.356374  1.452907  1.809281
692.0  0.376464  1.430715  1.807180
692.5  0.399835  1.408941  1.808776
693.0  0.420986  1.391382  1.812368
693.5  0.436298  1.380296  1.816595
694.0  0.445589  1.376344  1.821933
694.5  0.451810  1.373834  1.825644
695.0  0.458949  1.372730  1.831679
695.5  0.469296  1.367250  1.836546
696.0  0.481748  1.356016  1.837764
696.5  0.492247  1.344900  1.837147
697.0  0.496107  1.342620  1.838727
697.5  0.490648  1.348632  1.839280
698.0  0.476423  1.362316  1.838738
698.5  0.456465  1.380889  1.837354
699.0  0.434464  1.402609  1.837073
699.5  0.413381  1.424484  1.837864
700.0  0.395325  1.444038  1.839364
700.5  0.382218  1.460154  1.842372
701.0  0.376093  1.470770  1.846863
701.5  0.378376  1.471813  1.850189
702.0  0.388559  1.465256  1.853815
702.5  0.403448  1.458252  1.861700
703.0  0.417935  1.452156  1.870091
703.5  0.427227  1.448912  1.876139
704.0  0.429352  1.452658  1.882010
704.5  0.426396  1.461290  1.887686
705.0  0.423460  1.469800  1.893260
705.5  0.425696  1.472630  1.898326
706.0  0.435127  1.462674  1.897801
706.5  0.449260  1.447239  1.896499
707.0  0.462469  1.434606  1.897075
707.5  0.469219  1.426617  1.895836
708.0  0.466969  1.425276  1.892246
708.5  0.457016  1.431707  1.888723
709.0  0.443119  1.444426  1.887545
709.5  0.429295  1.456560  1.885855
710.0  0.418430  1.465308  1.883739
710.5  0.412323  1.468321  1.880644
711.0  0.412420  1.466631  1.879050
711.5  0.420038  1.460495  1.880533
712.0  0.435508  1.449996  1.885504
712.5  0.456830  1.431954  1.888784
713.0  0.479125  1.410340  1.889465
713.5  0.495817  1.396950  1.892767
714.0  0.501318  1.395640  1.896959
714.5  0.493847  1.405164  1.899012
715.0  0.476599  1.421509  1.898108
715.5  0.456267  1.439779  1.896046
716.0  0.439488  1.453195  1.892683
716.5  0.429261  1.456917  1.886179
717.0  0.423625  1.454477  1.878102
717.5  0.417398  1.451030  1.868427
718.0  0.405728  1.457276  1.863004
718.5  0.387018  1.471220  1.858238
719.0  0.363514  1.488813  1.852326
719.5  0.339647  1.511676  1.851322
720.0  0.319683  1.533726  1.853409
720.5  0.306345  1.547427  1.853773
721.0  0.300940  1.554120  1.855060
721.5  0.304216  1.552460  1.856676
722.0  0.316744  1.541937  1.858681
722.5  0.338282  1.521083  1.859365
723.0  0.366646  1.491151  1.857797
723.5  0.397250  1.458900  1.856150
724.0  0.424164  1.430572  1.854736
724.5  0.442532  1.411362  1.853894
725.0  0.451119  1.398695  1.849814
725.5  0.453321  1.395432  1.848753
726.0  0.455611  1.397534  1.853145
726.5  0.463907  1.392985  1.856892
727.0  0.479962  1.377727  1.857689
727.5  0.500130  1.361562  1.861693
728.0  0.517442  1.351721  1.869163
728.5  0.525576  1.348532  1.874108
729.0  0.522122  1.359737  1.881859
729.5  0.509255  1.382068  1.891324
730.0  0.491929  1.406774  1.898703
730.5  0.475220  1.428978  1.904198
731.0  0.462613  1.449316  1.911929
731.5  0.455830  1.461641  1.917471
732.0  0.455499  1.464271  1.919770
732.5  0.461512  1.460652  1.922164
733.0  0.472558  1.452350  1.924908
733.5  0.485373  1.437559  1.922932
734.0  0.494770  1.424669  1.919439
734.5  0.495141  1.426183  1.921324
735.0  0.483049  1.438282  1.921331
735.5  0.459554  1.459775  1.919329
736.0  0.430598  1.493377  1.923975
736.5  0.404665  1.527326  1.931991
737.0  0.388591  1.548635  1.937226
737.5  0.383962  1.559245  1.943207
738.0  0.386444  1.564205  1.950649
738.5  0.388567  1.570727  1.959294
739.0  0.384069  1.582968  1.967037
739.5  0.370999  1.603658  1.974657
740.0  0.351973  1.629493  1.981466
740.5  0.332027  1.652472  1.984499
741.0  0.315953  1.668577  1.984530
741.5  0.306803  1.676199  1.983003
742.0  0.305963  1.674084  1.980047
742.5  0.313887  1.660978  1.974865
743.0  0.330376  1.639630  1.970006
743.5  0.354017  1.611649  1.965667
744.0  0.381449  1.578002  1.959451
744.5  0.407499  1.545985  1.953484
745.0  0.426749  1.527490  1.954240
745.5  0.436057  1.519562  1.955619
746.0  0.436624  1.518083  1.954707
746.5  0.434109  1.521136  1.955245
747.0  0.436161  1.518508  1.954669
747.5  0.448387  1.504114  1.952500
748.0  0.471067  1.477132  1.948199
748.5  0.498759  1.443236  1.941995
749.0  0.523127  1.407752  1.930878
749.5  0.537148  1.379092  1.916240
750.0  0.538096  1.368347  1.906442
750.5  0.527799  1.373549  1.901348
751.0  0.510657  1.384823  1.895480
751.5  0.491160  1.396804  1.887965
752.0  0.472516  1.412127  1.884643
752.5  0.456709  1.432212  1.888921
753.0  0.445137  1.445809  1.890946
753.5  0.438735  1.452439  1.891174
754.0  0.437278  1.463423  1.900701
754.5  0.438573  1.468806  1.907379
755.0  0.438580  1.471892  1.910472
755.5  0.432986  1.484017  1.917003
756.0  0.419667  1.506619  1.926286
756.5  0.400616  1.529811  1.930428
757.0  0.381881  1.546043  1.927924
757.5  0.371038  1.555675  1.926713
758.0  0.373353  1.555490  1.928843
758.5  0.388843  1.537778  1.926621
759.0  0.412181  1.508283  1.920465
759.5  0.435534  1.477801  1.913335
760.0  0.452493  1.459349  1.911842
760.5  0.460648  1.455602  1.916251
761.0  0.461497  1.458519  1.920016
761.5  0.458316  1.465084  1.923400
762.0  0.453813  1.476007  1.929820
762.5  0.449117  1.494356  1.943473
763.0  0.444313  1.514613  1.958926
763.5  0.439491  1.534839  1.974330
764.0  0.435128  1.556182  1.991310
764.5  0.431467  1.576102  2.007569
765.0  0.427583  1.594861  2.022444
765.5  0.421182  1.613505  2.034687
766.0  0.409693  1.634804  2.044497
766.5  0.392191  1.657638  2.049829
767.0  0.370910  1.680239  2.051149
767.5  0.351085  1.699604  2.050689
768.0  0.338780  1.709970  2.048750
768.5  0.337746  1.707999  2.045745
769.0  0.347232  1.697379  2.044611
769.5  0.362279  1.685432  2.047711
770.0  0.376445  1.675494  2.051939
770.5  0.385214  1.674946  2.060160
771.0  0.387963  1.678378  2.066341
771.5  0.387455  1.687336  2.074791
772.0  0.387566  1.699201  2.086767
772.5  0.391036  1.703341  2.094377
773.0  0.398641  1.694276  2.092918
773.5  0.409890  1.676724  2.086614
774.0  0.424159  1.656242  2.080401
774.5  0.441129  1.627964  2.069093
775.0  0.460227  1.594103  2.054330
775.5  0.479805  1.550576  2.030381
776.0  0.497041  1.510388  2.007429
776.5  0.509041  1.484647  1.993689
777.0  0.514606  1.465033  1.979639
777.5  0.515447  1.446971  1.962418
778.0  0.515747  1.434872  1.950619
778.5  0.519921  1.429283  1.949204
779.0  0.529748  1.422821  1.952569
779.5  0.542728  1.409569  1.952296
780.0  0.552923  1.396965  1.949887
780.5  0.553949  1.397763  1.951712
781.0  0.542280  1.414558  1.956839
781.5  0.518844  1.439276  1.958119
782.0  0.488104  1.468333  1.956437
782.5  0.455528  1.503087  1.958614
783.0  0.425237  1.526616  1.951853
783.5  0.399194  1.560575  1.959770
784.0  0.377895  1.572533  1.950428
784.5  0.361453  1.600381  1.961834
785.0  0.349983  1.594246  1.944230
785.5  0.343078  1.617040  1.960118
786.0  0.339148  1.604954  1.944101
786.5  0.335579  1.621760  1.957340
787.0  0.330060  1.615534  1.945594
787.5  0.322389  1.628652  1.951041
788.0  0.315489  1.632812  1.948300
788.5  0.314542  1.631593  1.946136
789.0  0.324312  1.628997  1.953310
789.5  0.346008  1.595062  1.941070
790.0  0.375704  1.577895  1.953598
790.5  0.405567  1.534419  1.939987
791.0  0.427381  1.526788  1.954169
791.5  0.436311  1.504942  1.941253
792.0  0.432740  1.516780  1.949520
792.5  0.421322  1.522311  1.943633
793.0  0.408189  1.543193  1.951382
793.5  0.398260  1.552005  1.950265
794.0  0.394094  1.553099  1.947193
794.5  0.396385  1.550083  1.946468
795.0  0.405021  1.543582  1.948604
795.5  0.419560  1.530322  1.949882
796.0  0.438855  1.511118  1.949973
796.5  0.460486  1.481508  1.941994
797.0  0.480928  1.473169  1.954097
797.5  0.496793  1.444037  1.940830
798.0  0.506567  1.449480  1.956047
798.5  0.511654  1.428247  1.939901
799.0  0.515781  1.439312  1.955093
799.5  0.522771  1.416640  1.939411
800.0  0.533864  1.416922  1.950785
800.5  0.546289  1.401159  1.947448
801.0  0.554200  1.389465  1.943666
801.5  0.551571  1.405381  1.956952
802.0  0.535306  1.410826  1.946132
802.5  0.506680  1.456983  1.963663
803.0  0.470364  1.478289  1.948653
803.5  0.431937  1.531894  1.963831
804.0  0.395659  1.552141  1.947800
804.5  0.363788  1.597235  1.961023
805.0  0.337374  1.615923  1.953297
805.5  0.317393  1.643355  1.960747
806.0  0.305073  1.652831  1.957905
806.5  0.301213  1.657040  1.958254
807.0  0.305240  1.651986  1.957226
807.5  0.315063  1.645445  1.960507
808.0  0.328118  1.633424  1.961542
808.5  0.343007  1.616844  1.959851
809.0  0.360462  1.595622  1.956085
809.5  0.382716  1.580439  1.963155
810.0  0.411391  1.542387  1.953778
810.5  0.445227  1.519684  1.964911
811.0  0.479303  1.469383  1.948685
811.5  0.506595  1.462510  1.969105
812.0  0.521142  1.425752  1.946893
812.5  0.520912  1.450083  1.970995
813.0  0.508619  1.439724  1.948344
813.5  0.490060  1.481807  1.971867
814.0  0.471170  1.479199  1.950369
814.5  0.455678  1.511858  1.967536
815.0  0.444551  1.508559  1.953110
815.5  0.436994  1.525274  1.962268
816.0  0.431802  1.525858  1.957660
816.5  0.427987  1.532239  1.960226
817.0  0.424532  1.536712  1.961244
817.5  0.419976  1.537259  1.957234
818.0  0.412623  1.545293  1.957916
818.5  0.401548  1.554848  1.956395
819.0  0.387745  1.571018  1.958763
819.5  0.374407  1.581099  1.955506
820.0  0.365773  1.585142  1.950915
820.5  0.364946  1.590368  1.955313
821.0  0.371948  1.580762  1.952710
821.5  0.383360  1.574601  1.957961
822.0  0.393984  1.567185  1.961169
822.5  0.399697  1.568143  1.967840
823.0  0.399764  1.576321  1.976085
823.5  0.397204  1.584546  1.981750
824.0  0.397029  1.582111  1.979140
824.5  0.403556  1.565738  1.969294
825.0  0.418487  1.539994  1.958481
825.5  0.440672  1.504682  1.945354
826.0  0.467228  1.462868  1.930096
826.5  0.494827  1.414772  1.909600
827.0  0.520280  1.369659  1.889939
827.5  0.540423  1.336938  1.877360
828.0  0.552036  1.317172  1.869208
828.5  0.552466  1.311130  1.863595
829.0  0.540896  1.318815  1.859711
829.5  0.519469  1.341152  1.860621
830.0  0.493203  1.371511  1.864714
830.5  0.468286  1.399504  1.867791
831.0  0.449372  1.421706  1.871078
831.5  0.437343  1.437738  1.875081
832.0  0.428989  1.448946  1.877935
832.5  0.418985  1.457587  1.876572
833.0  0.403104  1.472292  1.875396
833.5  0.380736  1.493064  1.873800
834.0  0.355229  1.512648  1.867876
834.5  0.331994  1.529892  1.861886
835.0  0.315777  1.539312  1.855089
835.5  0.308875  1.543596  1.852471
836.0  0.311142  1.541299  1.852441
836.5  0.321167  1.529416  1.850583
837.0  0.337296  1.515242  1.852538
837.5  0.357695  1.504453  1.862148
838.0  0.379790  1.492731  1.872521
838.5  0.400076  1.485871  1.885946
839.0  0.415049  1.485582  1.900630
839.5  0.422954  1.495741  1.918695
840.0  0.425217  1.510859  1.936076
840.5  0.426330  1.527086  1.953416
841.0  0.431849  1.532882  1.964731
841.5  0.445408  1.531562  1.976971
842.0  0.466494  1.522134  1.988628
842.5  0.490415  1.505088  1.995503
843.0  0.510634  1.485631  1.996266
843.5  0.522091  1.474779  1.996871
844.0  0.523494  1.476216  1.999710
844.5  0.517292  1.483069  2.000360
845.0  0.507598  1.490605  1.998203
845.5  0.497668  1.500466  1.998134
846.0  0.488632  1.514816  2.003447
846.5  0.480023  1.530857  2.010880
847.0  0.471177  1.549229  2.020407
847.5  0.462075  1.569651  2.031725
848.0  0.452959  1.594341  2.047300
848.5  0.443312  1.620195  2.063507
849.0  0.431409  1.645918  2.077327
849.5  0.415220  1.672862  2.088081
850.0  0.394248  1.699264  2.093513
850.5  0.370986  1.721802  2.092789
851.0  0.350686  1.735203  2.085889
851.5  0.339197  1.734382  2.073579
852.0  0.339949  1.717432  2.057381
852.5  0.351904  1.684338  2.036241
853.0  0.369878  1.643900  2.013778
853.5  0.387177  1.609611  1.996788
854.0  0.399008  1.585750  1.984758
854.5  0.404597  1.569440  1.974037
855.0  0.406803  1.560419  1.967223
855.5  0.409671  1.555063  1.964734
856.0  0.415696  1.548940  1.964636
856.5  0.424620  1.540572  1.965192
857.0  0.434261  1.535365  1.969626
857.5  0.442360  1.529653  1.972013
858.0  0.447815  1.526515  1.974330
858.5  0.450499  1.518885  1.969384
859.0  0.450191  1.513988  1.964180
859.5  0.445891  1.510752  1.956643
860.0  0.436432  1.512989  1.949422
860.5  0.422117  1.515962  1.938079
861.0  0.406048  1.521707  1.927755
861.5  0.393825  1.525241  1.919065
862.0  0.391269  1.518940  1.910209
862.5  0.401297  1.500021  1.901318
863.0  0.421898  1.476117  1.898015
863.5  0.446709  1.452609  1.899318
864.0  0.468066  1.431481  1.899548
864.5  0.480766  1.422365  1.903131
865.0  0.484266  1.429745  1.914011
865.5  0.482115  1.444118  1.926233
866.0  0.479210  1.456109  1.935319
866.5  0.478867  1.469718  1.948585
867.0  0.481547  1.480343  1.961890
867.5  0.485664  1.485625  1.971288
868.0  0.489291  1.488898  1.978189
868.5  0.491184  1.492301  1.983485
869.0  0.490446  1.496415  1.986861
869.5  0.485565  1.501740  1.987305
870.0  0.474148  1.513699  1.987846
870.5  0.454083  1.533585  1.987669
871.0  0.425598  1.559140  1.984738
871.5  0.392672  1.593694  1.986366
872.0  0.362437  1.630005  1.992442
872.5  0.342348  1.656387  1.998735
873.0  0.336516  1.668395  2.004912
873.5  0.343410  1.673494  2.016904
874.0  0.356540  1.674993  2.031533
874.5  0.367896  1.676291  2.044186
875.0  0.372059  1.684039  2.056098
875.5  0.368518  1.696633  2.065151
876.0  0.360985  1.709037  2.070023
876.5  0.354560  1.713182  2.067742
877.0  0.352864  1.708225  2.061089
877.5  0.356958  1.697680  2.054638
878.0  0.366237  1.675037  2.041274
878.5  0.379973  1.649458  2.029431
879.0  0.397949  1.621625  2.019574
879.5  0.419708  1.590066  2.009774
880.0  0.443301  1.559989  2.003290
880.5  0.464943  1.532429  1.997372
881.0  0.480312  1.512673  1.992985
881.5  0.486946  1.505777  1.992723
882.0  0.486154  1.510472  1.996627
882.5  0.482960  1.511082  1.994042
883.0  0.483670  1.508498  1.992168
883.5  0.492239  1.499484  1.991722
884.0  0.507622  1.482646  1.990269
884.5  0.523951  1.462198  1.986149
885.0  0.533582  1.443787  1.977370
885.5  0.531143  1.433892  1.965035
886.0  0.516015  1.441643  1.957658
886.5  0.491900  1.461239  1.953140
887.0  0.464158  1.478379  1.942537
887.5  0.437024  1.493864  1.930887
888.0  0.412527  1.509986  1.922513
888.5  0.391326  1.527273  1.918599
889.0  0.374162  1.543515  1.917677
889.5  0.362390  1.552525  1.914915
890.0  0.357131  1.555759  1.912890
890.5  0.357941  1.556968  1.914909
891.0  0.362394  1.559152  1.921546
891.5  0.367294  1.558483  1.925777
892.0  0.370909  1.556117  1.927026
892.5  0.374685  1.555066  1.929751
893.0  0.382987  1.551989  1.934976
893.5  0.400580  1.539774  1.940353
894.0  0.429138  1.509232  1.938371
894.5  0.465069  1.468846  1.933915
895.0  0.500337  1.432544  1.932881
895.5  0.526081  1.404025  1.930106
896.0  0.536809  1.392025  1.928834
896.5  0.532544  1.395779  1.928323
897.0  0.517786  1.408930  1.926716
897.5  0.498305  1.431751  1.930056
898.0  0.478110  1.457585  1.935695
898.5  0.458426  1.483625  1.942050
899.0  0.438778  1.509735  1.948512
899.5  0.418749  1.537100  1.955850
900.0  0.398805  1.565145  1.963951
900.5  0.379695  1.593525  1.973220
901.0  0.361279  1.619607  1.980887
901.5  0.342149  1.640965  1.983114
902.0  0.320731  1.661169  1.981900
902.5  0.297334  1.685915  1.983249
903.0  0.275613  1.708578  1.984190
903.5  0.262042  1.718041  1.980083
904.0  0.263136  1.713308  1.976444
904.5  0.281776  1.690761  1.972537
905.0  0.314987  1.656113  1.971100
905.5  0.354873  1.616654  1.971527
906.0  0.392398  1.580333  1.972731
906.5  0.421706  1.552453  1.974160
907.0  0.442322  1.532191  1.974513
907.5  0.458097  1.517994  1.976091
908.0  0.473992  1.507266  1.981258
908.5  0.493018  1.489970  1.982988
909.0  0.515148  1.469147  1.984295
909.5  0.538297  1.452627  1.990925
910.0  0.560020  1.425249  1.985268
910.5  0.578406  1.411552  1.989958
911.0  0.591772  1.390998  1.982769
911.5  0.597918  1.396505  1.994424
912.0  0.594129  1.391272  1.985401
912.5  0.578422  1.412351  1.990772
913.0  0.551414  1.434206  1.985620
913.5  0.517396  1.475942  1.993338
914.0  0.483407  1.509687  1.993093
914.5  0.456286  1.539042  1.995328
915.0  0.439177  1.552312  1.991489
915.5  0.429715  1.560792  1.990507
916.0  0.421372  1.569238  1.990610
916.5  0.407334  1.582888  1.990222
917.0  0.384511  1.603399  1.987911
917.5  0.355183  1.634090  1.989272
918.0  0.325468  1.661870  1.987339
918.5  0.301958  1.687837  1.989796
919.0  0.288812  1.698011  1.986824
919.5  0.286913  1.704275  1.991188
920.0  0.294938  1.687846  1.982784
920.5  0.310904  1.681024  1.991927
921.0  0.332827  1.651385  1.984212
921.5  0.358260  1.631771  1.990032
922.0  0.383615  1.600654  1.984269
922.5  0.404419  1.583366  1.987785
923.0  0.416909  1.568492  1.985401
923.5  0.420169  1.562943  1.983111
924.0  0.417344  1.569013  1.986357
924.5  0.414724  1.563290  1.978014
925.0  0.418683  1.568486  1.987168
925.5  0.432003  1.549634  1.981637
926.0  0.451882  1.535833  1.987715
926.5  0.471165  1.511178  1.982343
927.0  0.482260  1.501757  1.984017
927.5  0.481286  1.500810  1.982096
928.0  0.469876  1.515871  1.985746
928.5  0.453732  1.534018  1.987750
929.0  0.439250  1.547301  1.986552
929.5  0.430553  1.553458  1.984012
930.0  0.428613  1.558498  1.987110
930.5  0.432357  1.552430  1.984787
931.0  0.440302  1.549731  1.990033
931.5  0.451282  1.531521  1.982802
932.0  0.463965  1.522715  1.986680
932.5  0.476026  1.501703  1.977729
933.0  0.484151  1.504533  1.988684
933.5  0.485334  1.498005  1.983339
934.0  0.478846  1.503318  1.982163
934.5  0.467484  1.517719  1.985203
935.0  0.456890  1.527591  1.984481
935.5  0.452803  1.535235  1.988038
936.0  0.457630  1.520960  1.978590
936.5  0.468556  1.523303  1.991858
937.0  0.478746  1.504117  1.982862
937.5  0.481129  1.510565  1.991695
938.0  0.472353  1.507233  1.979586
938.5  0.454371  1.536207  1.990578
939.0  0.432880  1.554673  1.987554
939.5  0.413967  1.576363  1.990330
940.0  0.401295  1.584975  1.986270
940.5  0.395377  1.591150  1.986527
941.0  0.394721  1.592140  1.986861
941.5  0.397392  1.590652  1.988045
942.0  0.401688  1.589207  1.990895
942.5  0.405740  1.584914  1.990654
943.0  0.406956  1.579412  1.986368
943.5  0.402369  1.589020  1.991389
944.0  0.390163  1.597104  1.987268
944.5  0.371536  1.622440  1.993976
945.0  0.351468  1.630468  1.981936
945.5  0.337342  1.657561  1.994903
946.0  0.335601  1.644559  1.980160
946.5  0.348170  1.649124  1.997294
947.0  0.370954  1.613736  1.984690
947.5  0.395703  1.599786  1.995490
948.0  0.414299  1.571111  1.985410
948.5  0.422792  1.572480  1.995272
949.0  0.422793  1.565981  1.988774
949.5  0.419680  1.568253  1.987933
950.0  0.419138  1.572916  1.992054
950.5  0.424321  1.567294  1.991614
951.0  0.435085  1.557699  1.992785
951.5  0.449098  1.537372  1.986470
952.0  0.463472  1.531226  1.994698
952.5  0.475666  1.517659  1.993325
953.0  0.483408  1.504269  1.987677
953.5  0.484350  1.504489  1.988838
954.0  0.476398  1.513030  1.989428
954.5  0.458967  1.531789  1.990756
955.0  0.434466  1.551713  1.986179
955.5  0.408775  1.580387  1.989162
956.0  0.389769  1.603794  1.993563
956.5  0.384103  1.599874  1.983977
957.0  0.393816  1.600534  1.994349
957.5  0.414931  1.569241  1.984172
958.0  0.439252  1.556570  1.995821
958.5  0.458487  1.520360  1.978846
959.0  0.468222  1.528399  1.996621
959.5  0.469403  1.516081  1.985484
960.0  0.466759  1.526023  1.992782
960.5  0.465557  1.524665  1.990222
961.0  0.468840  1.526360  1.995200
961.5  0.476575  1.519239  1.995814
962.0  0.486552  1.506027  1.992579
962.5  0.495812  1.506847  2.002659
963.0  0.501468  1.492407  1.993875
963.5  0.500721  1.500425  2.001146
964.0  0.490804  1.502852  1.993656
964.5  0.469643  1.531350  2.000993
965.0  0.437341  1.558184  1.995525
965.5  0.397640  1.599551  1.997191
966.0  0.358071  1.644704  2.002776
966.5  0.327980  1.672563  2.000543
967.0  0.314826  1.688243  2.003070
967.5  0.320593  1.677102  1.997695
968.0  0.340546  1.662693  2.003239
968.5  0.365447  1.629496  1.994942
969.0  0.386055  1.611032  1.997087
969.5  0.397238  1.598891  1.996129
970.0  0.399377  1.594116  1.993493
970.5  0.396716  1.603161  1.999877
971.0  0.394232  1.596805  1.991038
971.5  0.395165  1.608924  2.004088
972.0  0.400387  1.587453  1.987839
972.5  0.409228  1.595560  2.004788
973.0  0.420500  1.566804  1.987304
973.5  0.432789  1.573088  2.005878
974.0  0.444116  1.544183  1.988299
974.5  0.451776  1.548396  2.000172
975.0  0.453091  1.536520  1.989611
975.5  0.446995  1.551911  1.998907
976.0  0.435524  1.559165  1.994689
976.5  0.423993  1.570349  1.994342
977.0  0.419208  1.577355  1.996564
977.5  0.426234  1.571408  1.997642
978.0  0.445383  1.550475  1.995858
978.5  0.471421  1.522075  1.993496
979.0  0.495795  1.497651  1.993446
979.5  0.510742  1.486624  1.997366
980.0  0.512836  1.475824  1.988660
980.5  0.503948  1.498164  2.002112
981.0  0.489428  1.503612  1.993041
981.5  0.475006  1.525343  2.000349
982.0  0.464402  1.528861  1.993263
982.5  0.458696  1.540342  1.999038
983.0  0.457084  1.540127  1.997211
983.5  0.457875  1.534501  1.992376
984.0  0.458927  1.544032  2.002958
984.5  0.457593  1.529354  1.986947
985.0  0.450912  1.553761  2.004673
985.5  0.436558  1.547031  1.983589
986.0  0.414359  1.591136  2.005495
986.5  0.387470  1.599907  1.987377
987.0  0.362144  1.641277  2.003421
987.5  0.345659  1.648936  1.994595
988.0  0.343039  1.657759  2.000798
988.5  0.354217  1.644219  1.998437
989.0  0.373506  1.626090  1.999596
989.5  0.392075  1.609329  2.001404
990.0  0.402205  1.595740  1.997945
990.5  0.400842  1.601069  2.001911
991.0  0.390462  1.610876  2.001338
991.5  0.377072  1.631526  2.008598
992.0  0.366930  1.644626  2.011555
992.5  0.364036  1.640108  2.004144
993.0  0.369458  1.645540  2.014998
993.5  0.382083  1.619458  2.001541
994.0  0.399626  1.615688  2.015314
994.5  0.419097  1.580203  1.999300
995.0  0.436875  1.580603  2.017478
995.5  0.449122  1.550816  1.999939
996.0  0.453000  1.561941  2.014941
996.5  0.448326  1.551321  1.999647
997.0  0.438626  1.573248  2.011874
997.5  0.430503  1.575781  2.006284
998.0  0.431046  1.577932  2.008978
998.5  0.444249  1.565166  2.009415
999.0  0.468369  1.530936  1.999305
999.5  0.496046  1.515731  2.011777
1000.0  0.517482  1.485636  2.003118
