0.0  1.26807745
0.5  1.26430052
1.0  1.28377077
1.5  1.32170898
2.0  1.36720030
2.5  1.40741696
3.0  1.43269652
3.5  1.44023302
4.0  1.43413804
4.5  1.42286601
5.0  1.41542107
5.5  1.41806221
6.0  1.43374611
6.5  1.46172724
7.0  1.49663909
7.5  1.52983866
8.0  1.55216819
8.5  1.55631675
9.0  1.53923048
9.5  1.50433040
10.0  1.46165397
10.5  1.42319029
11.0  1.39835260
11.5  1.39137311
12.0  1.39877185
12.5  1.41061278
13.0  1.41476621
13.5  1.40322591
14.0  1.37533382
14.5  1.33669231
15.0  1.29661598
15.5  1.26480410
16.0  1.24861099
16.5  1.25069868
17.0  1.26978524
17.5  1.30100947
18.0  1.33721087
18.5  1.36929223
19.0  1.39024520
19.5  1.39675346
20.0  1.39119837
20.5  1.38146516
21.0  1.37746833
21.5  1.38846294
22.0  1.41741112
22.5  1.45904755
23.0  1.50198970
23.5  1.53275287
24.0  1.54101672
24.5  1.52347525
25.0  1.48533351
25.5  1.43618433
26.0  1.38776944
26.5  1.34885455
27.0  1.32477732
27.5  1.31503477
28.0  1.31529193
28.5  1.31894180
29.0  1.31899808
29.5  1.30967774
30.0  1.28796762
30.5  1.25754870
31.0  1.22710918
31.5  1.20906237
32.0  1.21277582
32.5  1.24202813
33.0  1.29301393
33.5  1.35441826
34.0  1.41338552
34.5  1.45756822
35.0  1.48062827
35.5  1.48448900
36.0  1.47571187
36.5  1.46423290
37.0  1.45700821
37.5  1.45936814
38.0  1.47106831
38.5  1.48803237
39.0  1.50324434
39.5  1.50814827
40.0  1.49702565
40.5  1.46644534
41.0  1.41962642
41.5  1.36564424
42.0  1.31570826
42.5  1.28042635
43.0  1.26654883
43.5  1.27187168
44.0  1.29063806
44.5  1.31139639
45.0  1.32426307
45.5  1.32500375
46.0  1.31583346
46.5  1.30268187
47.0  1.29266610
47.5  1.29468549
48.0  1.31289887
48.5  1.34501520
49.0  1.38732384
49.5  1.43196198
50.0  1.46851879
50.5  1.48898243
51.0  1.49021946
51.5  1.47344367
52.0  1.44579835
52.5  1.41816815
53.0  1.39998148
53.5  1.39646291
54.0  1.40582231
54.5  1.42057910
55.0  1.43212465
55.5  1.43310479
56.0  1.42048203
56.5  1.39819961
57.0  1.37323204
57.5  1.35346464
58.0  1.34607837
58.5  1.35333713
59.0  1.37367430
59.5  1.40373370
60.0  1.43598918
60.5  1.46001112
61.0  1.47040827
61.5  1.46553260
62.0  1.44811853
62.5  1.42495064
63.0  1.40662623
63.5  1.40009366
64.0  1.40832473
64.5  1.42686051
65.0  1.44696058
65.5  1.46084343
66.0  1.46038729
66.5  1.44339201
67.0  1.41596149
67.5  1.38471124
68.0  1.35614070
68.5  1.33647349
69.0  1.32983479
69.5  1.33475635
70.0  1.34508057
70.5  1.35629058
71.0  1.36100201
71.5  1.35343218
72.0  1.33458953
72.5  1.30823943
73.0  1.28398174
73.5  1.27167317
74.0  1.27891433
74.5  1.30695552
75.0  1.34962380
75.5  1.39523794
76.0  1.43180572
76.5  1.45165061
77.0  1.45317329
77.5  1.43835319
78.0  1.41683135
78.5  1.39627322
79.0  1.38264305
79.5  1.37954934
80.0  1.38602741
80.5  1.39713786
81.0  1.40659667
81.5  1.40646792
82.0  1.39253557
82.5  1.36393746
83.0  1.32517332
83.5  1.28645603
84.0  1.26158231
84.5  1.25869923
85.0  1.28034987
85.5  1.32029257
86.0  1.36882544
86.5  1.41272740
87.0  1.44313974
87.5  1.45643671
88.0  1.45568302
88.5  1.44782591
89.0  1.43993266
89.5  1.43851734
90.0  1.44658393
90.5  1.46283190
91.0  1.48387635
91.5  1.50256118
92.0  1.50978874
92.5  1.49993186
93.0  1.47060788
93.5  1.42583133
94.0  1.37529892
94.5  1.33194149
95.0  1.30672176
95.5  1.30344926
96.0  1.31864974
96.5  1.34454922
97.0  1.36927505
97.5  1.38395628
98.0  1.38474724
98.5  1.37419465
99.0  1.35940227
99.5  1.34845118
100.0  1.34682934
100.5  1.35662768
101.0  1.37709581
101.5  1.40516769
102.0  1.43245567
102.5  1.45004139
103.0  1.45171884
103.5  1.43451369
104.0  1.40155045
104.5  1.36275887
105.0  1.32981350
105.5  1.31422471
106.0  1.31881972
106.5  1.34178967
107.0  1.37311825
107.5  1.40207214
108.0  1.42200357
108.5  1.42863065
109.0  1.42454495
109.5  1.41522592
110.0  1.40729213
110.5  1.40568662
111.0  1.41331557
111.5  1.43048381
112.0  1.45396408
112.5  1.47795237
113.0  1.49441667
113.5  1.49681657
114.0  1.48245221
114.5  1.45315771
115.0  1.41673572
115.5  1.38278648
116.0  1.36116389
116.5  1.35439726
117.0  1.35980726
117.5  1.37139094
118.0  1.38049001
118.5  1.38184174
119.0  1.37340403
119.5  1.35859503
120.0  1.34086916
120.5  1.32486299
121.0  1.31625198
121.5  1.31744388
122.0  1.32783893
122.5  1.34467975
123.0  1.36352982
123.5  1.37914374
124.0  1.38528831
124.5  1.37919243
125.0  1.36351952
125.5  1.34495357
126.0  1.33172678
126.5  1.32990458
127.0  1.34185982
127.5  1.36289386
128.0  1.38563714
128.5  1.40210226
129.0  1.40913956
129.5  1.40501458
130.0  1.39130174
130.5  1.37311672
131.0  1.35529106
131.5  1.34150625
132.0  1.33292557
132.5  1.33103643
133.0  1.33459402
133.5  1.33992295
134.0  1.34314776
134.5  1.34030707
135.0  1.33077941
135.5  1.31797128
136.0  1.30910544
136.5  1.31173062
137.0  1.33110177
137.5  1.36608473
138.0  1.41212611
138.5  1.45996179
139.0  1.50141957
139.5  1.53197267
140.0  1.55009663
140.5  1.55801854
141.0  1.55854925
141.5  1.55526787
142.0  1.55024867
142.5  1.54429288
143.0  1.53822501
143.5  1.52865898
144.0  1.51310213
144.5  1.48808246
145.0  1.45100489
145.5  1.40144855
146.0  1.34355480
146.5  1.28802616
147.0  1.24421009
147.5  1.21929893
148.0  1.21476801
148.5  1.22620282
149.0  1.24673714
149.5  1.27044204
150.0  1.29332184
150.5  1.31361605
151.0  1.33411736
151.5  1.35739254
152.0  1.38429286
152.5  1.41538938
153.0  1.44898200
153.5  1.48281220
154.0  1.51288483
154.5  1.53478743
155.0  1.54270521
155.5  1.53285292
156.0  1.50490008
156.5  1.46429504
157.0  1.42009297
157.5  1.38219527
158.0  1.35628618
158.5  1.34286722
159.0  1.33697549
159.5  1.33219843
160.0  1.32284036
160.5  1.30709796
161.0  1.28739118
161.5  1.26931972
162.0  1.25736137
162.5  1.25495924
163.0  1.26361291
163.5  1.28368428
164.0  1.31352568
164.5  1.34940027
165.0  1.38557175
165.5  1.41740831
166.0  1.43982608
166.5  1.45218623
167.0  1.45545964
167.5  1.45780138
168.0  1.46554684
168.5  1.48216726
169.0  1.50574046
169.5  1.52971464
170.0  1.54715020
170.5  1.55156743
171.0  1.54070193
171.5  1.51633440
172.0  1.48178039
172.5  1.44167907
173.0  1.40123573
173.5  1.36426789
174.0  1.33386464
174.5  1.30996490
175.0  1.29240237
175.5  1.27920208
176.0  1.26545849
176.5  1.24798238
177.0  1.22586837
177.5  1.20244375
178.0  1.18546330
178.5  1.18287900
179.0  1.19826592
179.5  1.23190883
180.0  1.27838664
180.5  1.33071989
181.0  1.38144902
181.5  1.42492546
182.0  1.45979624
182.5  1.48585064
183.0  1.50304649
183.5  1.51322315
184.0  1.51783630
184.5  1.51818941
185.0  1.51671110
185.5  1.51297089
186.0  1.50322431
186.5  1.48593552
187.0  1.45824585
187.5  1.42001795
188.0  1.37505507
188.5  1.33231916
189.0  1.30158132
189.5  1.28596471
190.0  1.28828380
190.5  1.30506369
191.0  1.32942952
191.5  1.35960386
192.0  1.38999758
192.5  1.41889719
193.0  1.44464722
193.5  1.46800724
194.0  1.48817765
194.5  1.50486157
195.0  1.51814222
195.5  1.53007075
196.0  1.53906220
196.5  1.54432446
197.0  1.54054661
197.5  1.52558883
198.0  1.49971463
198.5  1.46486601
199.0  1.42683865
199.5  1.39269551
200.0  1.36583976
200.5  1.35022524
201.0  1.34130120
201.5  1.33665808
202.0  1.33423282
202.5  1.33260906
203.0  1.33198335
203.5  1.33155242
204.0  1.33004564
204.5  1.32841569
205.0  1.32685092
205.5  1.32534171
206.0  1.32646474
206.5  1.32923243
207.0  1.33349654
207.5  1.33659280
208.0  1.33498646
208.5  1.32947444
209.0  1.32256339
209.5  1.31811413
210.0  1.31998059
210.5  1.32987885
211.0  1.34542972
211.5  1.36460146
212.0  1.38190773
212.5  1.39620947
213.0  1.40590225
213.5  1.41216851
214.0  1.41489306
214.5  1.41316581
215.0  1.40806168
215.5  1.40181416
216.0  1.39523072
216.5  1.39079239
217.0  1.38877761
217.5  1.38848177
218.0  1.38902657
218.5  1.38652386
219.0  1.37971506
219.5  1.37236420
220.0  1.36669971
220.5  1.36602166
221.0  1.37223546
221.5  1.38440233
222.0  1.40072195
222.5  1.41652418
223.0  1.43193902
223.5  1.44556196
224.0  1.45619990
224.5  1.46434718
225.0  1.46794828
225.5  1.46741432
226.0  1.46234951
226.5  1.45358562
227.0  1.44470219
227.5  1.43622556
228.0  1.42782676
228.5  1.41880977
229.0  1.40734586
229.5  1.39218602
230.0  1.37396540
230.5  1.35558712
231.0  1.33898190
231.5  1.32527146
232.0  1.31573485
232.5  1.30985449
233.0  1.30620358
233.5  1.30558221
234.0  1.31022765
234.5  1.31840900
235.0  1.32949020
235.5  1.34228533
236.0  1.35505466
236.5  1.36660083
237.0  1.37772195
237.5  1.38906128
238.0  1.40147570
238.5  1.41364824
239.0  1.42505714
239.5  1.43346168
240.0  1.43624428
240.5  1.43623079
241.0  1.43500584
241.5  1.43543668
242.0  1.43815898
242.5  1.44229784
243.0  1.44867828
243.5  1.45510436
244.0  1.46147092
244.5  1.46917576
245.0  1.47536889
245.5  1.48055673
246.0  1.48256007
246.5  1.47941902
247.0  1.47374049
247.5  1.46399196
248.0  1.45258837
248.5  1.44208350
249.0  1.43010928
249.5  1.41625173
250.0  1.39894780
250.5  1.37819830
251.0  1.35548588
251.5  1.33447937
252.0  1.31805096
252.5  1.30653373
253.0  1.30151182
253.5  1.30121283
254.0  1.30474088
254.5  1.31236223
255.0  1.32417448
255.5  1.33854335
256.0  1.35325344
256.5  1.36651930
257.0  1.37717542
257.5  1.38367555
258.0  1.38542276
258.5  1.38570918
259.0  1.38661921
259.5  1.38236412
260.0  1.37460813
260.5  1.36059458
261.0  1.34050531
261.5  1.31586916
262.0  1.28969156
262.5  1.26723896
263.0  1.25248302
263.5  1.24480546
264.0  1.24529636
264.5  1.25639182
265.0  1.27766532
265.5  1.30829667
266.0  1.34546096
266.5  1.38434024
267.0  1.42275043
267.5  1.45674274
268.0  1.48338379
268.5  1.50625620
269.0  1.52513487
269.5  1.54161588
270.0  1.55481288
270.5  1.56422699
271.0  1.56691977
271.5  1.55908419
272.0  1.54094127
272.5  1.51454695
273.0  1.48332577
273.5  1.44939429
274.0  1.41462822
274.5  1.38582448
275.0  1.36504744
275.5  1.35118309
276.0  1.34678622
276.5  1.35018596
277.0  1.35671559
277.5  1.36347738
278.0  1.36701859
278.5  1.36865172
279.0  1.36874307
279.5  1.37049488
280.0  1.37599208
280.5  1.38683327
281.0  1.40202946
281.5  1.41866738
282.0  1.43273910
282.5  1.44337526
283.0  1.44858293
283.5  1.44696152
284.0  1.44183203
284.5  1.43262922
285.0  1.42235501
285.5  1.41301525
286.0  1.40622612
286.5  1.40348705
287.0  1.40206245
287.5  1.39832984
288.0  1.39127312
288.5  1.37908096
289.0  1.36149432
289.5  1.34250117
290.0  1.32516923
290.5  1.31409375
291.0  1.30999828
291.5  1.31032082
292.0  1.31405752
292.5  1.32010913
293.0  1.32857733
293.5  1.33820830
294.0  1.34889358
294.5  1.36312627
295.0  1.37970589
295.5  1.39812457
296.0  1.42086428
296.5  1.44658992
297.0  1.47460421
297.5  1.50265381
298.0  1.52535425
298.5  1.54075353
299.0  1.54671352
299.5  1.54257851
300.0  1.53036770
300.5  1.51468565
301.0  1.49797321
301.5  1.48063497
302.0  1.46139793
302.5  1.43910159
303.0  1.41268832
303.5  1.38249376
304.0  1.34939348
304.5  1.31601203
305.0  1.28445524
305.5  1.25718198
306.0  1.23711124
306.5  1.22680339
307.0  1.22901296
307.5  1.24482986
308.0  1.26956529
308.5  1.29819705
309.0  1.32713816
309.5  1.35221617
310.0  1.37159028
310.5  1.38523532
311.0  1.39676446
311.5  1.40662121
312.0  1.41590672
312.5  1.42102950
313.0  1.42170997
313.5  1.41768803
314.0  1.40814554
314.5  1.39395839
315.0  1.37851983
315.5  1.36393921
316.0  1.35086534
316.5  1.34228035
317.0  1.34221901
317.5  1.34994144
318.0  1.36490393
318.5  1.38423761
319.0  1.40313287
319.5  1.41896547
320.0  1.42891797
320.5  1.43358978
321.0  1.43542751
321.5  1.43652535
322.0  1.44113831
322.5  1.45015979
323.0  1.46040800
323.5  1.47036583
324.0  1.47744350
324.5  1.48047935
325.0  1.47923570
325.5  1.47276727
326.0  1.46301519
326.5  1.45356707
327.0  1.44515291
327.5  1.44170243
328.0  1.44360886
328.5  1.45113237
329.0  1.45853863
329.5  1.46375036
330.0  1.46261761
330.5  1.45340250
331.0  1.43682733
331.5  1.41620463
332.0  1.39704152
332.5  1.38361965
333.0  1.37504424
333.5  1.36861389
334.0  1.36457525
334.5  1.35955023
335.0  1.35150188
335.5  1.33860712
336.0  1.32683864
336.5  1.31527240
337.0  1.30619914
337.5  1.30282749
338.0  1.30801482
338.5  1.32185626
339.0  1.34334144
339.5  1.36614342
340.0  1.38551080
340.5  1.39742610
341.0  1.40125279
341.5  1.39832060
342.0  1.39242546
342.5  1.38925737
343.0  1.39364706
343.5  1.40222913
344.0  1.41462688
344.5  1.42635751
345.0  1.43259653
345.5  1.43188984
346.0  1.42261741
346.5  1.40841047
347.0  1.39130810
347.5  1.37316894
348.0  1.36002588
348.5  1.35763781
349.0  1.36572860
349.5  1.38138030
350.0  1.40014734
350.5  1.41684545
351.0  1.42573165
351.5  1.42401468
352.0  1.41499457
352.5  1.40227855
353.0  1.38978557
353.5  1.38175646
354.0  1.37978077
354.5  1.38343133
355.0  1.38961502
355.5  1.39465893
356.0  1.39902067
356.5  1.40136860
357.0  1.40010873
357.5  1.39561552
358.0  1.39022762
358.5  1.38723945
359.0  1.39023412
359.5  1.39976134
360.0  1.41793343
360.5  1.43887533
361.0  1.45666469
361.5  1.46596604
362.0  1.46519395
362.5  1.45351028
363.0  1.43318505
363.5  1.41153846
364.0  1.39022817
364.5  1.37170459
365.0  1.35580528
365.5  1.34308412
366.0  1.33007892
366.5  1.31926175
367.0  1.31042449
367.5  1.30145940
368.0  1.29364003
368.5  1.28966045
369.0  1.29340126
369.5  1.30635403
370.0  1.32859872
370.5  1.36136356
371.0  1.39877269
371.5  1.43383955
372.0  1.46181883
372.5  1.48101876
373.0  1.49192705
373.5  1.49822007
374.0  1.50310654
374.5  1.50847475
375.0  1.51501602
375.5  1.52094822
376.0  1.52389362
376.5  1.52002259
377.0  1.50772659
377.5  1.48751107
378.0  1.46032200
378.5  1.42906679
379.0  1.39694904
379.5  1.37054391
380.0  1.35253813
380.5  1.34544678
381.0  1.34831308
381.5  1.35596477
382.0  1.36476418
382.5  1.37184332
383.0  1.37364129
383.5  1.37201872
384.0  1.37088282
384.5  1.37484472
385.0  1.38903901
385.5  1.40912502
386.0  1.43193011
386.5  1.45441072
387.0  1.47346383
387.5  1.48374399
388.0  1.48354011
388.5  1.47136666
389.0  1.45028564
389.5  1.42296994
390.0  1.39481570
390.5  1.37060923
391.0  1.35263636
391.5  1.34040678
392.0  1.33105198
392.5  1.31993728
393.0  1.30380631
393.5  1.28347327
394.0  1.26123703
394.5  1.24247165
395.0  1.23053270
395.5  1.22971320
396.0  1.24099237
396.5  1.26351353
397.0  1.29303258
397.5  1.32521463
398.0  1.35487034
398.5  1.38064069
399.0  1.40264535
399.5  1.42104637
400.0  1.43646038
400.5  1.45279234
401.0  1.47158890
401.5  1.49303616
402.0  1.51537824
402.5  1.53426383
403.0  1.54501090
403.5  1.54362780
404.0  1.52971209
404.5  1.50548257
405.0  1.47594184
405.5  1.44596124
406.0  1.41944167
406.5  1.39596520
407.0  1.37715789
407.5  1.35991407
408.0  1.34368358
408.5  1.32923297
409.0  1.31724845
409.5  1.30684827
410.0  1.29960256
410.5  1.29940776
411.0  1.30858159
411.5  1.32794335
412.0  1.35729953
412.5  1.39305303
413.0  1.42812449
413.5  1.45711686
414.0  1.47682900
414.5  1.48751644
415.0  1.49272028
415.5  1.49705206
416.0  1.50092389
416.5  1.50697531
417.0  1.51267759
417.5  1.51540574
418.0  1.51141738
418.5  1.49795977
419.0  1.47428688
419.5  1.44239223
420.0  1.40396310
420.5  1.36394088
421.0  1.32708714
421.5  1.29926608
422.0  1.28394741
422.5  1.28206238
423.0  1.29009949
423.5  1.30191143
424.0  1.31205673
424.5  1.31794068
425.0  1.32107760
425.5  1.32375892
426.0  1.33085543
426.5  1.34790149
427.0  1.37713150
427.5  1.41559111
428.0  1.45961652
428.5  1.50245696
429.0  1.53987748
429.5  1.56573332
430.0  1.57751912
430.5  1.57453420
431.0  1.55828145
431.5  1.53401325
432.0  1.50895969
432.5  1.48885555
433.0  1.47326024
433.5  1.46127513
434.0  1.44931198
434.5  1.43063208
435.0  1.40492234
435.5  1.37352032
436.0  1.33865189
436.5  1.30486299
437.0  1.28133268
437.5  1.27239759
438.0  1.27705216
438.5  1.29178239
439.0  1.31506433
439.5  1.34037957
440.0  1.36378974
440.5  1.38380563
441.0  1.39956122
441.5  1.40778155
442.0  1.41128179
442.5  1.41527441
443.0  1.42295670
443.5  1.43496229
444.0  1.44448364
444.5  1.45189896
445.0  1.45073027
445.5  1.43783340
446.0  1.41801373
446.5  1.39537497
447.0  1.37212054
447.5  1.35657533
448.0  1.35442645
448.5  1.36014191
449.0  1.36984575
449.5  1.38209664
450.0  1.39269557
450.5  1.40046132
451.0  1.40617704
451.5  1.40685379
452.0  1.40685842
452.5  1.40838600
453.0  1.41368872
453.5  1.42660270
454.0  1.44629003
454.5  1.47141621
455.0  1.49742980
455.5  1.51772174
456.0  1.52976647
456.5  1.53255388
457.0  1.53020258
457.5  1.52701130
458.0  1.52701772
458.5  1.53139726
459.0  1.53945826
459.5  1.54526798
460.0  1.54594364
460.5  1.53829964
461.0  1.52226885
461.5  1.50041587
462.0  1.47436766
462.5  1.44795251
463.0  1.42404330
463.5  1.40625022
464.0  1.39933965
464.5  1.40113222
465.0  1.40906330
465.5  1.41841729
466.0  1.42669219
466.5  1.42951823
467.0  1.42672909
467.5  1.42398746
468.0  1.42511571
468.5  1.43615669
469.0  1.45682409
469.5  1.48581977
470.0  1.51673819
470.5  1.54429381
471.0  1.56063700
471.5  1.56378602
472.0  1.55523430
472.5  1.53677641
473.0  1.51423551
473.5  1.49376759
474.0  1.47978352
474.5  1.47527407
475.0  1.48023079
475.5  1.48783786
476.0  1.49476083
476.5  1.49307993
477.0  1.48096959
477.5  1.46035843
478.0  1.43520673
478.5  1.40966354
479.0  1.39017223
479.5  1.38190115
480.0  1.38448463
480.5  1.39756683
481.0  1.41576698
481.5  1.43702776
482.0  1.45411089
482.5  1.46544341
483.0  1.47177343
483.5  1.47368262
484.0  1.47612514
484.5  1.48163311
485.0  1.49277340
485.5  1.50786995
486.0  1.52174866
486.5  1.53354896
487.0  1.53791835
487.5  1.53303712
488.0  1.51990437
488.5  1.50521151
489.0  1.49307774
489.5  1.48546764
490.0  1.48463386
490.5  1.49207501
491.0  1.50104618
491.5  1.50937432
492.0  1.51241740
492.5  1.51140727
493.0  1.50529271
493.5  1.49482520
494.0  1.48354531
494.5  1.47595608
495.0  1.47515707
495.5  1.48140707
496.0  1.49253149
496.5  1.50312621
497.0  1.50734140
497.5  1.50291074
498.0  1.49230855
498.5  1.47861113
499.0  1.46683572
499.5  1.46208714
500.0  1.47103904
500.5  1.49236388
501.0  1.52371297
501.5  1.55904192
502.0  1.58915126
502.5  1.60932520
503.0  1.61910294
503.5  1.61802519
504.0  1.60853959
504.5  1.59630553
505.0  1.58516676
505.5  1.57945713
506.0  1.58042775
506.5  1.58866365
507.0  1.59813979
507.5  1.60331726
508.0  1.59994483
508.5  1.58676997
509.0  1.56478841
509.5  1.53896160
510.0  1.51471200
510.5  1.49998134
511.0  1.49533744
511.5  1.49682538
512.0  1.50140780
512.5  1.50651567
513.0  1.51260311
513.5  1.51451738
514.0  1.51745971
514.5  1.51982013
515.0  1.52214863
515.5  1.52889652
516.0  1.54163386
516.5  1.55998280
517.0  1.57835289
517.5  1.59506337
518.0  1.60440161
518.5  1.60575954
519.0  1.59628746
519.5  1.57797419
520.0  1.55509086
520.5  1.53057325
521.0  1.51228963
521.5  1.50170458
522.0  1.49663088
522.5  1.49144205
523.0  1.48222911
523.5  1.46842442
524.0  1.45191425
524.5  1.43355426
525.0  1.41684804
525.5  1.40666587
526.0  1.40143513
526.5  1.40541062
527.0  1.41701883
527.5  1.43309539
528.0  1.45162618
528.5  1.46644515
529.0  1.47391992
529.5  1.47565763
530.0  1.48051103
530.5  1.46900179
531.0  1.45994116
531.5  1.47222216
532.0  1.49213768
532.5  1.50698587
533.0  1.52691628
533.5  1.54944827
534.0  1.56008389
534.5  1.55568982
535.0  1.54849747
535.5  1.54207154
536.0  1.53188859
536.5  1.52538663
537.0  1.51935135
537.5  1.51743333
538.0  1.51795559
538.5  1.51653741
539.0  1.50799542
539.5  1.49128011
540.0  1.46714535
540.5  1.44078933
541.0  1.41691621
541.5  1.40426239
542.0  1.40754812
542.5  1.42741633
543.0  1.45835097
543.5  1.49320732
544.0  1.52488830
544.5  1.54846759
545.0  1.56265708
545.5  1.56972148
546.0  1.57243834
546.5  1.57297059
547.0  1.57396047
547.5  1.57668255
548.0  1.57686345
548.5  1.57424900
549.0  1.56377548
549.5  1.54415159
550.0  1.51433066
550.5  1.47826893
551.0  1.43887691
551.5  1.40498979
552.0  1.38253390
552.5  1.37917205
553.0  1.38968314
553.5  1.41197687
554.0  1.43825675
554.5  1.46051421
555.0  1.47426908
555.5  1.48393791
556.0  1.49141117
556.5  1.49698191
557.0  1.50443364
557.5  1.51892469
558.0  1.53577784
558.5  1.55569906
559.0  1.57376488
559.5  1.58405339
560.0  1.58627046
560.5  1.57858785
561.0  1.56025759
561.5  1.53303120
562.0  1.50750832
562.5  1.48580611
563.0  1.47344084
563.5  1.46833356
564.0  1.47119448
564.5  1.47545997
565.0  1.47533488
565.5  1.46956466
566.0  1.46052056
566.5  1.44939789
567.0  1.44013249
567.5  1.43579070
568.0  1.43856885
568.5  1.44736817
569.0  1.46027034
569.5  1.47276381
570.0  1.48428858
570.5  1.48795720
571.0  1.48107253
571.5  1.46808165
572.0  1.45234129
572.5  1.44116440
573.0  1.43702226
573.5  1.44310350
574.0  1.45586257
574.5  1.46999317
575.0  1.48039301
575.5  1.48446923
576.0  1.48000998
576.5  1.46940084
577.0  1.45575698
577.5  1.44418303
578.0  1.43845014
578.5  1.43816310
579.0  1.44419634
579.5  1.45301061
580.0  1.46145274
580.5  1.46668824
581.0  1.46541439
581.5  1.45582794
582.0  1.44003541
582.5  1.42153868
583.0  1.41236424
583.5  1.41627896
584.0  1.43265494
584.5  1.45814931
585.0  1.48730558
585.5  1.51238656
586.0  1.52759408
586.5  1.53478678
587.0  1.53725536
587.5  1.53830486
588.0  1.53893820
588.5  1.54210909
589.0  1.54882844
589.5  1.55994766
590.0  1.56993267
590.5  1.57582370
591.0  1.57457688
591.5  1.56146744
592.0  1.53683615
592.5  1.50562736
593.0  1.47251783
593.5  1.44492293
594.0  1.43109956
594.5  1.43274217
595.0  1.44735861
595.5  1.46999804
596.0  1.49146341
596.5  1.50617843
597.0  1.51443723
597.5  1.52058354
598.0  1.52762102
598.5  1.53905349
599.0  1.55552060
599.5  1.57291202
600.0  1.59153551
600.5  1.60757134
601.0  1.61388730
601.5  1.61049318
602.0  1.59655079
602.5  1.57222931
603.0  1.54527557
603.5  1.52089336
604.0  1.50652241
604.5  1.50914704
605.0  1.52964227
605.5  1.56093997
606.0  1.59437281
606.5  1.62160272
607.0  1.63502364
607.5  1.63481497
608.0  1.62882851
608.5  1.62168971
609.0  1.61513341
609.5  1.61158074
610.0  1.61228003
610.5  1.61245690
611.0  1.60392193
611.5  1.58995849
612.0  1.56857872
612.5  1.53741502
613.0  1.49783053
613.5  1.45529453
614.0  1.41834735
614.5  1.39188085
615.0  1.38269218
615.5  1.38947049
616.0  1.40938557
616.5  1.43314877
617.0  1.45098343
617.5  1.46063286
618.0  1.46640237
618.5  1.47532738
619.0  1.49328554
619.5  1.52042526
620.0  1.55704967
620.5  1.60143688
621.0  1.65095620
621.5  1.69629659
622.0  1.73073479
622.5  1.75109570
623.0  1.75601670
623.5  1.74547943
624.0  1.72239069
624.5  1.69134050
625.0  1.66291993
625.5  1.64477031
626.0  1.63684687
626.5  1.63569502
627.0  1.63448390
627.5  1.62636899
628.0  1.60812709
628.5  1.58167311
629.0  1.55607023
629.5  1.53725136
630.0  1.53154133
630.5  1.53760456
631.0  1.55707550
631.5  1.58627737
632.0  1.62075275
632.5  1.65479048
633.0  1.68326433
633.5  1.70616504
634.0  1.72001715
634.5  1.72492911
635.0  1.72591024
635.5  1.72807532
636.0  1.73542911
636.5  1.74547766
637.0  1.75967683
637.5  1.76957414
638.0  1.76992709
638.5  1.75778888
639.0  1.73800011
639.5  1.71495125
640.0  1.69406938
640.5  1.67848171
641.0  1.66884113
641.5  1.66160132
642.0  1.65305697
642.5  1.64138034
643.0  1.62470631
643.5  1.60273831
644.0  1.57506710
644.5  1.54596035
645.0  1.52117793
645.5  1.50895813
646.0  1.51451830
646.5  1.54244757
647.0  1.59316968
647.5  1.65679967
648.0  1.72333479
648.5  1.78162104
649.0  1.82950517
649.5  1.86871282
650.0  1.90221001
650.5  1.93342632
651.0  1.96195344
651.5  1.98680618
652.0  2.00763396
652.5  2.02010948
653.0  2.01880617
653.5  2.00014452
654.0  1.96442188
654.5  1.91205987
655.0  1.85071948
655.5  1.78748847
656.0  1.72961210
656.5  1.68691031
657.0  1.66586971
657.5  1.66527787
658.0  1.67849311
658.5  1.69638883
659.0  1.71246903
659.5  1.72544440
660.0  1.73632485
660.5  1.74747787
661.0  1.76305841
661.5  1.78397317
662.0  1.80363577
662.5  1.82065459
663.0  1.83414775
663.5  1.84425714
664.0  1.84510397
664.5  1.83704615
665.0  1.82080773
665.5  1.79847603
666.0  1.77459485
666.5  1.75230202
667.0  1.73890485
667.5  1.73565298
668.0  1.74088955
668.5  1.74594331
669.0  1.74531474
669.5  1.73386667
670.0  1.71353733
670.5  1.69232803
671.0  1.67804811
671.5  1.67665034
672.0  1.69094916
672.5  1.72029193
673.0  1.75913817
673.5  1.80262116
674.0  1.84863665
674.5  1.89287566
675.0  1.93121549
675.5  1.96214725
676.0  1.98693411
676.5  2.00743777
677.0  2.02590759
677.5  2.04619428
678.0  2.07024150
678.5  2.09502856
679.0  2.11233457
679.5  2.11416814
680.0  2.09838631
680.5  2.06719678
681.0  2.02920107
681.5  1.99133872
682.0  1.96115163
682.5  1.94068334
683.0  1.93315963
683.5  1.93458547
684.0  1.94238446
684.5  1.95290519
685.0  1.96378969
685.5  1.97048802
686.0  1.97231236
686.5  1.96910863
687.0  1.96182631
687.5  1.95275697
688.0  1.94786347
688.5  1.94844497
689.0  1.95425552
689.5  1.95685312
690.0  1.95394777
690.5  1.94416649
691.0  1.93098052
691.5  1.92074876
692.0  1.91998445
692.5  1.92976347
693.0  1.95205614
693.5  1.98086117
694.0  2.00716746
694.5  2.02686858
695.0  2.03740766
695.5  2.03481454
696.0  2.01926236
696.5  1.98988668
697.0  1.95473202
697.5  1.91867448
698.0  1.89167817
698.5  1.87996950
699.0  1.89050087
699.5  1.92011122
700.0  1.96226817
700.5  2.00478913
701.0  2.04220986
701.5  2.07189996
702.0  2.09604115
702.5  2.11957931
703.0  2.14701976
703.5  2.18114462
704.0  2.21711240
704.5  2.25093503
705.0  2.27420657
705.5  2.28471691
706.0  2.27757637
706.5  2.25252400
707.0  2.20896743
707.5  2.15001944
708.0  2.08433050
708.5  2.02136889
709.0  1.96936394
709.5  1.93466510
710.0  1.91928963
710.5  1.91641960
711.0  1.91808516
711.5  1.91862402
712.0  1.91779741
712.5  1.91620085
713.0  1.91782537
713.5  1.92769904
714.0  1.94407012
714.5  1.96408187
715.0  1.98568147
715.5  2.00457376
716.0  2.01919703
716.5  2.02696961
717.0  2.02956300
717.5  2.02808867
718.0  2.02349312
718.5  2.01716440
719.0  2.01527219
719.5  2.02080001
720.0  2.03380624
720.5  2.05088038
721.0  2.06384146
721.5  2.06521849
722.0  2.05099607
722.5  2.02839600
723.0  2.00347947
723.5  1.98503908
724.0  1.97838692
724.5  1.98540499
725.0  2.00204769
725.5  2.02600442
726.0  2.05258627
726.5  2.07838030
727.0  2.09675204
727.5  2.10715517
728.0  2.10821209
728.5  2.10075428
729.0  2.08925151
729.5  2.07934910
730.0  2.07690922
730.5  2.08448443
731.0  2.09862124
731.5  2.11305088
732.0  2.11850533
732.5  2.11255278
733.0  2.09615318
733.5  2.07599289
734.0  2.06037314
734.5  2.05642185
735.0  2.06290991
735.5  2.07502686
736.0  2.09134700
736.5  2.10768286
737.0  2.11947129
737.5  2.12288131
738.0  2.11500949
738.5  2.09563378
739.0  2.06448711
739.5  2.02720491
740.0  1.99333322
740.5  1.96747153
741.0  1.95318988
741.5  1.94883270
742.0  1.94920563
742.5  1.94767188
743.0  1.93893819
743.5  1.92622075
744.0  1.91266246
744.5  1.90472588
745.0  1.90608552
745.5  1.91692715
746.0  1.93340165
746.5  1.95415100
747.0  1.97431247
747.5  1.99020269
748.0  1.99785976
748.5  1.99880035
749.0  1.99101168
749.5  1.97479787
750.0  1.95320454
750.5  1.93651529
751.0  1.93170262
751.5  1.93788247
752.0  1.95809510
752.5  1.98488406
753.0  2.00852580
753.5  2.02195584
754.0  2.02839145
754.5  2.03125661
755.0  2.03743814
755.5  2.04965793
756.0  2.06612499
756.5  2.08418496
757.0  2.10004073
757.5  2.11030950
758.0  2.11081193
758.5  2.09703181
759.0  2.06866577
759.5  2.02830239
760.0  1.97682272
760.5  1.92004948
761.0  1.86988670
761.5  1.83516378
762.0  1.81971439
762.5  1.81993403
763.0  1.83136311
763.5  1.84772761
764.0  1.86259332
764.5  1.87548339
765.0  1.89367144
765.5  1.92340239
766.0  1.96030730
766.5  2.00691175
767.0  2.05997275
767.5  2.11127557
768.0  2.15391198
768.5  2.18400002
769.0  2.19920834
769.5  2.19899592
770.0  2.17893252
770.5  2.14364844
771.0  2.09789623
771.5  2.05258073
772.0  2.01432347
772.5  1.98798678
773.0  1.97272440
773.5  1.95946869
774.0  1.94167699
774.5  1.91454103
775.0  1.88082138
775.5  1.84977768
776.0  1.82790936
776.5  1.82192072
777.0  1.83192300
777.5  1.85743535
778.0  1.89454853
778.5  1.93629011
779.0  1.98030461
779.5  2.02217770
780.0  2.05944571
780.5  2.08917587
781.0  2.11259894
781.5  2.13243965
782.0  2.15267378
782.5  2.17724808
783.0  2.21211547
783.5  2.25292944
784.0  2.28771258
784.5  2.30943429
785.0  2.31533883
785.5  2.30210409
786.0  2.27792879
786.5  2.25031468
787.0  2.22735523
787.5  2.20861419
788.0  2.19643858
788.5  2.18970558
789.0  2.18664371
789.5  2.18573048
790.0  2.18672422
790.5  2.18470042
791.0  2.17781943
791.5  2.16716925
792.0  2.15491505
792.5  2.14440696
793.0  2.14226108
793.5  2.15146187
794.0  2.16650383
794.5  2.18113014
795.0  2.18697046
795.5  2.18172216
796.0  2.16763880
796.5  2.14994175
797.0  2.13719710
797.5  2.13306660
798.0  2.13884984
798.5  2.15365481
799.0  2.17097489
799.5  2.18777277
800.0  2.20318272
800.5  2.21158580
801.0  2.20773230
801.5  2.18904142
802.0  2.15766107
802.5  2.12161502
803.0  2.09066090
803.5  2.07185120
804.0  2.06981589
804.5  2.08698425
805.0  2.11390393
805.5  2.14364853
806.0  2.17379373
806.5  2.20038495
807.0  2.22735281
807.5  2.26139839
808.0  2.30624145
808.5  2.35910478
809.0  2.41597586
809.5  2.47332994
810.0  2.52960678
810.5  2.57903024
811.0  2.61665299
811.5  2.63755700
812.0  2.63953444
812.5  2.62200187
813.0  2.58761820
813.5  2.55030001
814.0  2.51796084
814.5  2.49448135
815.0  2.48357328
815.5  2.48191408
816.0  2.47897578
816.5  2.47454359
817.0  2.46834524
817.5  2.46008853
818.0  2.45657883
818.5  2.46070086
819.0  2.46943351
819.5  2.47865320
820.0  2.48556532
820.5  2.48777023
821.0  2.48437404
821.5  2.47535182
822.0  2.46427723
822.5  2.44905351
823.0  2.42850680
823.5  2.41560905
824.0  2.41089021
824.5  2.41803722
825.0  2.43923613
825.5  2.46995506
826.0  2.50126932
826.5  2.51999812
827.0  2.52110300
827.5  2.50992648
828.0  2.49335541
828.5  2.47572831
829.0  2.46183937
829.5  2.45900703
830.0  2.46305742
830.5  2.47869223
831.0  2.50583491
831.5  2.54091334
832.0  2.57927745
832.5  2.62143634
833.0  2.66154890
833.5  2.69533771
834.0  2.72506108
834.5  2.75555366
835.0  2.79433195
835.5  2.83780098
836.0  2.88352534
836.5  2.92613008
837.0  2.95597508
837.5  2.96486571
838.0  2.95690704
838.5  2.93987118
839.0  2.91880276
839.5  2.89428823
840.0  2.87024238
840.5  2.85189540
841.0  2.83986737
841.5  2.83161534
842.0  2.82603870
842.5  2.82515289
843.0  2.82338501
843.5  2.81276097
844.0  2.78985379
844.5  2.76112567
845.0  2.72535722
845.5  2.69132913
846.0  2.66349324
846.5  2.64055859
847.0  2.61832584
847.5  2.59697129
848.0  2.57355289
848.5  2.55116186
849.0  2.53577340
849.5  2.53634430
850.0  2.55219649
850.5  2.58642047
851.0  2.63112825
851.5  2.68193108
852.0  2.73407535
852.5  2.78643579
853.0  2.82612438
853.5  2.85154145
854.0  2.86075035
854.5  2.85050905
855.0  2.82743154
855.5  2.80514661
856.0  2.79016665
856.5  2.78589025
857.0  2.80176690
857.5  2.82934319
858.0  2.85340153
858.5  2.87301742
859.0  2.89125279
859.5  2.90635176
860.0  2.92243349
860.5  2.94373271
861.0  2.97211539
861.5  3.00617263
862.0  3.04459781
862.5  3.08370910
863.0  3.12016848
863.5  3.15003671
864.0  3.16789314
864.5  3.17145872
865.0  3.15914567
865.5  3.13824399
866.0  3.11826634
866.5  3.10876442
867.0  3.11172428
867.5  3.12846140
868.0  3.14985896
868.5  3.16505296
869.0  3.16820889
869.5  3.15924661
870.0  3.13923685
870.5  3.11154193
871.0  3.08158523
871.5  3.04386310
872.0  3.00112841
872.5  2.95834324
873.0  2.91715329
873.5  2.87784132
874.0  2.84195016
874.5  2.80674676
875.0  2.77502790
875.5  2.74552244
876.0  2.72090243
876.5  2.70812027
877.0  2.71573718
877.5  2.74461115
878.0  2.78731589
878.5  2.83416600
879.0  2.87382311
879.5  2.89911777
880.0  2.91380806
880.5  2.92498789
881.0  2.93442923
881.5  2.94570308
882.0  2.96662953
882.5  2.99725462
883.0  3.03727708
883.5  3.08656956
884.0  3.13929556
884.5  3.19129965
885.0  3.23377568
885.5  3.25795057
886.0  3.25872591
886.5  3.23812567
887.0  3.21045805
887.5  3.18396282
888.0  3.16150938
888.5  3.14594629
889.0  3.13391413
889.5  3.11721899
890.0  3.08803713
890.5  3.05174486
891.0  3.01239769
891.5  2.97015678
892.0  2.93190580
892.5  2.90507287
893.0  2.88967311
893.5  2.88557942
894.0  2.89869459
894.5  2.92788863
895.0  2.96413600
895.5  2.99963193
896.0  3.02707380
896.5  3.03915946
897.0  3.03536796
897.5  3.02206553
898.0  3.00838120
898.5  2.99869573
899.0  2.99640184
899.5  2.99759394
900.0  2.99664054
900.5  2.99036362
901.0  2.97941838
901.5  2.96351139
902.0  2.94534673
902.5  2.93147272
903.0  2.91949029
903.5  2.90722149
904.0  2.89812258
904.5  2.89258411
905.0  2.89208043
905.5  2.89610357
906.0  2.89918178
906.5  2.89696563
907.0  2.88953846
907.5  2.87974850
908.0  2.87389598
908.5  2.87924023
909.0  2.90090014
909.5  2.93666001
910.0  2.97846953
910.5  3.01635046
911.0  3.04679516
911.5  3.06306932
912.0  3.07009387
912.5  3.07332715
913.0  3.07140140
913.5  3.06547244
914.0  3.05877255
914.5  3.07609322
915.0  3.07185976
915.5  3.09014511
916.0  3.08316721
916.5  3.08726009
917.0  3.06235584
917.5  3.03510790
918.0  2.98934342
918.5  2.95185773
919.0  2.91939980
919.5  2.90402049
920.0  2.90095379
920.5  2.90322984
921.0  2.90867949
921.5  2.91073569
922.0  2.90509138
922.5  2.90223544
923.0  2.89686210
923.5  2.90090754
924.0  2.90691044
924.5  2.92118241
925.0  2.94047049
925.5  2.96390410
926.0  2.99543608
926.5  3.01714410
927.0  3.03532456
927.5  3.03189413
928.0  3.01657883
928.5  2.98588232
929.0  2.95059901
929.5  2.92192519
930.0  2.90470974
930.5  2.89688081
931.0  2.89274900
931.5  2.88032260
932.0  2.87081247
932.5  2.84935164
933.0  2.83190216
933.5  2.80965819
934.0  2.79668588
934.5  2.79094983
935.0  2.79537300
935.5  2.81379068
936.0  2.84319061
936.5  2.88624565
937.0  2.93357164
937.5  2.97890769
938.0  3.01855343
938.5  3.03484826
939.0  3.05014835
939.5  3.04860750
940.0  3.06382870
940.5  3.06737175
941.0  3.09266693
941.5  3.10107148
942.0  3.10516539
942.5  3.08912236
943.0  3.06519878
943.5  3.03739755
944.0  2.99699754
944.5  2.96180091
945.0  2.91906271
945.5  2.89322517
946.0  2.87303531
946.5  2.86797360
947.0  2.87604979
947.5  2.88685632
948.0  2.90712316
948.5  2.91276500
949.0  2.91743870
949.5  2.90814561
950.0  2.90542259
950.5  2.91875216
951.0  2.93181800
951.5  2.97987008
952.0  3.00132224
952.5  3.05014945
953.0  3.05531328
953.5  3.07417642
954.0  3.05920385
954.5  3.04019162
955.0  3.02149290
955.5  2.98429499
956.0  2.97150409
956.5  2.93578627
957.0  2.93788081
957.5  2.92821053
958.0  2.93979686
958.5  2.93608433
959.0  2.92799283
959.5  2.90463091
960.0  2.87148403
960.5  2.84377456
961.0  2.82979222
961.5  2.83401697
962.0  2.86818092
962.5  2.90387587
963.0  2.95789836
963.5  2.98033038
964.0  3.01986532
964.5  3.02506524
965.0  3.04360096
965.5  3.02981425
966.0  3.02953724
966.5  3.02201044
967.0  3.01712638
967.5  3.03277413
968.0  3.03885043
968.5  3.07737618
969.0  3.07523911
969.5  3.10232535
970.0  3.06743270
970.5  3.06023942
971.0  3.00254548
971.5  2.99174484
972.0  2.95875746
972.5  2.95998157
973.0  2.95410737
973.5  2.95899562
974.0  2.95663046
974.5  2.94595351
975.0  2.92941508
975.5  2.91209391
976.0  2.88247254
976.5  2.87728187
977.0  2.83657856
977.5  2.85123501
978.0  2.82913041
978.5  2.86713679
979.0  2.87098606
979.5  2.90373138
980.0  2.92618720
980.5  2.91868314
981.0  2.94017532
981.5  2.90256098
982.0  2.93989808
982.5  2.91910351
983.0  2.96531412
983.5  2.97455274
984.0  3.00644761
984.5  3.02031554
985.0  3.01459003
985.5  3.01600545
986.0  2.99142628
986.5  2.97469140
987.0  2.94664764
987.5  2.91822334
988.0  2.91006987
988.5  2.88849984
989.0  2.90724714
989.5  2.89924639
990.0  2.93276689
990.5  2.92827900
991.0  2.93646331
991.5  2.92155055
992.0  2.91111722
992.5  2.92552285
993.0  2.92568192
993.5  2.97556697
994.0  2.97526660
994.5  3.04116562
995.0  3.02816468
995.5  3.07612270
996.0  3.03763426
996.5  3.05807712
997.0  3.00971881
997.5  3.01180737
998.0  2.97439756
998.5  2.97301446
999.0  2.96773735
999.5  2.98309006
1000.0  3.00620577
