0.0  261.2094
0.5  264.3264
1.0  262.7031
1.5  259.5073
2.0  258.3818
2.5  261.8339
3.0  269.9688
3.5  280.3173
4.0  288.9269
4.5  292.1185
5.0  287.9901
5.5  277.0350
6.0  261.8016
6.5  245.9167
7.0  232.8948
7.5  225.0855
8.0  222.9991
8.5  225.1556
9.0  228.4856
9.5  229.1857
10.0  223.8301
10.5  210.4848
11.0  189.5402
11.5  163.9427
12.0  138.5346
12.5  118.4840
13.0  107.3130
13.5  105.4839
14.0  110.3799
14.5  117.7200
15.0  123.5871
15.5  126.0054
16.0  125.4581
16.5  124.3890
17.0  126.1088
17.5  133.5711
18.0  148.3524
18.5  170.0508
19.0  196.2197
19.5  222.8520
20.0  245.3119
20.5  259.5141
21.0  263.0920
21.5  256.2566
22.0  242.0013
22.5  225.3498
23.0  211.6493
23.5  204.4824
24.0  204.2297
24.5  208.1257
25.0  211.7850
25.5  211.3035
26.0  204.8505
26.5  193.1772
27.0  179.1191
27.5  166.5176
28.0  158.9925
28.5  158.8840
29.0  166.5759
29.5  180.3432
30.0  196.7692
30.5  211.6442
31.0  221.1375
31.5  222.9686
32.0  217.2605
32.5  206.7235
33.0  195.8795
33.5  189.3634
34.0  189.9148
34.5  197.0953
35.0  207.5183
35.5  216.4818
36.0  220.0598
36.5  216.5877
37.0  207.0333
37.5  194.3900
38.0  182.5397
38.5  175.0191
39.0  173.9909
39.5  179.6274
40.0  190.0438
40.5  201.8138
41.0  210.9532
41.5  214.1302
42.0  209.8009
42.5  198.9513
43.0  185.1191
43.5  173.4511
44.0  168.8817
44.5  174.0735
45.0  188.1553
45.5  207.0249
46.0  225.0921
46.5  237.5091
47.0  241.8103
47.5  238.4177
48.0  230.1090
48.5  220.8733
49.0  214.5918
49.5  213.8858
50.0  219.3867
50.5  229.5961
51.0  241.3651
51.5  250.8536
52.0  254.7035
52.5  251.1360
53.0  240.6920
53.5  226.3402
54.0  212.7210
54.5  204.5452
55.0  204.6616
55.5  212.7224
56.0  225.2385
56.5  237.0524
57.0  243.4315
57.5  241.7492
58.0  232.1399
58.5  217.1195
59.0  200.5400
59.5  186.3076
60.0  177.2311
60.5  174.2760
61.0  176.3995
61.5  180.9863
62.0  184.7268
62.5  184.6702
63.0  179.1805
63.5  168.5783
64.0  155.2705
64.5  143.1819
65.0  136.4558
65.5  137.7807
66.0  147.1128
66.5  161.5521
67.0  176.5320
67.5  187.7001
68.0  192.5361
68.5  191.0457
69.0  185.4416
69.5  179.1330
70.0  175.4743
70.5  176.6730
71.0  183.1509
71.5  193.5061
72.0  205.0433
72.5  214.6651
73.0  219.8364
73.5  219.3638
74.0  213.8175
74.5  205.4684
75.0  197.6488
75.5  193.5787
76.0  195.0051
76.5  201.2899
77.0  209.5177
77.5  215.6755
78.0  216.3302
78.5  209.9931
79.0  197.6282
79.5  182.2414
80.0  167.8395
80.5  158.1682
81.0  155.6178
81.5  160.5990
82.0  171.5438
82.5  185.4911
83.0  199.0347
83.5  209.3289
84.0  214.8946
84.5  216.0460
85.0  214.8106
85.5  214.2457
86.0  217.2154
86.5  225.0129
87.0  236.5035
87.5  248.3566
88.0  256.3653
88.5  257.2096
89.0  249.8106
89.5  235.7330
90.0  218.6047
90.5  202.8902
91.0  192.4841
91.5  189.5666
92.0  194.0494
92.5  203.7464
93.0  215.1603
93.5  224.5885
94.0  229.1958
94.5  227.7913
95.0  221.1535
95.5  211.8102
96.0  203.2268
96.5  198.5228
97.0  199.1415
97.5  204.1214
98.0  210.4445
98.5  214.3664
99.0  213.0703
99.5  205.8573
100.0  194.4149
100.5  182.1770
101.0  173.1136
101.5  170.4029
102.0  175.4185
102.5  187.3330
103.0  203.4279
103.5  219.9513
104.0  233.1976
104.5  240.4817
105.0  240.7870
105.5  234.9855
106.0  225.5662
106.5  215.8432
107.0  208.7648
107.5  205.7223
108.0  205.9407
108.5  206.8538
109.0  205.3400
109.5  199.2037
110.0  188.1993
110.5  174.2039
111.0  160.5692
111.5  150.9736
112.0  148.1978
112.5  153.2263
113.0  164.9516
113.5  180.5433
114.0  196.3123
114.5  208.7491
115.0  215.4295
115.5  215.5942
116.0  210.3123
116.5  202.1703
117.0  194.4605
117.5  190.0054
118.0  190.0293
118.5  193.6372
119.0  198.2462
119.5  200.7941
120.0  199.1155
120.5  192.8407
121.0  183.4949
121.5  173.8671
122.0  166.9686
122.5  164.9739
123.0  168.4964
123.5  176.4179
124.0  186.2911
124.5  195.1318
125.0  200.3104
125.5  200.2944
126.0  195.0962
126.5  186.3507
127.0  176.9447
127.5  170.1662
128.0  168.5410
128.5  172.8103
129.0  181.5988
129.5  192.0266
130.0  200.9834
130.5  206.4265
131.0  208.1178
131.5  207.5756
132.0  207.3705
132.5  210.0914
133.0  217.3467
133.5  229.1260
134.0  243.7228
134.5  258.2250
135.0  269.3770
135.5  274.5133
136.0  272.3121
136.5  263.2234
137.0  249.4913
137.5  234.6843
138.0  222.7100
138.5  216.5171
139.0  216.9877
139.5  222.5929
140.0  230.0513
140.5  235.6808
141.0  236.7924
141.5  232.5429
142.0  224.0104
142.5  213.5899
143.0  204.0007
143.5  197.2685
144.0  194.0340
144.5  193.4158
145.0  193.4413
145.5  191.8306
146.0  186.8266
146.5  177.8316
147.0  165.7283
147.5  152.8171
148.0  142.2953
148.5  137.2824
149.0  139.6445
149.5  149.1372
150.0  163.3686
150.5  178.6833
151.0  191.5460
151.5  199.7716
152.0  203.1195
152.5  203.1279
153.0  202.3602
153.5  203.3716
154.0  207.7440
154.5  215.5084
155.0  225.1459
155.5  234.1404
156.0  239.8441
156.5  240.3405
157.0  235.0716
157.5  225.1133
158.0  213.0240
158.5  202.1939
159.0  195.7336
159.5  195.2292
160.0  199.9535
160.5  207.0351
161.0  212.5948
161.5  213.3082
162.0  207.6708
162.5  196.4853
163.0  182.5019
163.5  169.4376
164.0  160.7358
164.5  158.4589
165.0  162.6669
165.5  171.4776
166.0  181.7553
166.5  190.1444
167.0  194.0994
167.5  192.6461
168.0  186.7285
168.5  179.0260
169.0  173.1495
169.5  172.3036
170.0  177.8627
170.5  188.5730
171.0  200.8998
171.5  210.4130
172.0  213.5210
172.5  208.7605
173.0  197.2076
173.5  182.0237
174.0  167.4146
174.5  157.3573
175.0  154.4500
175.5  159.2137
176.0  170.0492
176.5  183.8416
177.0  196.9791
177.5  206.4626
178.0  210.8292
178.5  210.6780
179.0  208.5917
179.5  208.2879
180.0  213.0975
180.5  224.3391
181.0  240.4528
181.5  257.4624
182.0  270.5608
182.5  275.9782
183.0  272.2728
183.5  260.6568
184.0  244.4634
184.5  228.0783
185.0  215.6740
185.5  210.0529
186.0  211.8970
186.5  219.6443
187.0  230.0327
187.5  239.1305
188.0  243.5458
188.5  241.5061
189.0  233.5256
189.5  222.3762
190.0  212.1577
190.5  206.6100
191.0  207.3515
191.5  213.0023
192.0  219.7522
192.5  223.0631
193.0  219.5627
193.5  208.2541
194.0  190.7139
194.5  170.4514
195.0  151.7899
195.5  138.6136
196.0  133.2845
196.5  136.0106
197.0  144.8607
197.5  156.4217
198.0  166.8807
198.5  173.2075
199.0  174.1308
199.5  170.6471
200.0  165.8090
200.5  163.6507
201.0  167.4765
201.5  178.2374
202.0  193.9102
202.5  210.3040
203.0  222.8634
203.5  228.4951
204.0  226.6051
204.5  219.0988
205.0  209.5739
205.5  202.1021
206.0  199.9718
206.5  204.7104
207.0  215.6408
207.5  230.0987
208.0  244.2272
208.5  254.0890
209.0  256.7838
209.5  251.3045
210.0  238.9200
210.5  222.8813
211.0  207.3595
211.5  195.8564
212.0  189.7548
212.5  187.7943
213.0  186.8088
213.5  183.3190
214.0  175.1328
214.5  162.2489
215.0  146.8394
215.5  132.4898
216.0  123.0400
216.5  121.3813
217.0  128.5442
217.5  143.3494
218.0  162.7342
218.5  182.6372
219.0  199.1441
219.5  209.5626
220.0  213.1621
220.5  211.3832
221.0  207.3634
221.5  204.7795
222.0  206.3381
222.5  212.5886
223.0  221.7130
223.5  230.4359
224.0  235.5427
224.5  235.2238
225.0  229.7028
225.5  221.0600
226.0  212.4707
226.5  207.1664
227.0  207.4087
227.5  213.7473
228.0  224.7914
228.5  237.5919
229.0  248.5249
229.5  254.3962
230.0  253.4363
230.5  245.9163
231.0  234.1796
231.5  221.9751
232.0  213.1710
232.5  210.2689
233.0  213.3957
233.5  220.3273
234.0  227.5448
234.5  231.7484
235.0  231.0947
235.5  225.7107
236.0  217.4554
236.5  209.1570
237.0  203.6094
237.5  202.6036
238.0  206.2641
238.5  212.9158
239.0  219.5620
239.5  222.8354
240.0  220.1111
240.5  210.4358
241.0  194.9906
241.5  176.9011
242.0  160.3386
242.5  149.1059
243.0  145.2196
243.5  148.1627
244.0  155.2206
244.5  162.7339
245.0  167.6189
245.5  168.4733
246.0  165.9196
246.5  162.2180
247.0  160.3792
247.5  163.0606
248.0  171.5521
248.5  185.1744
249.0  201.3405
249.5  216.3051
250.0  226.3513
250.5  229.0009
251.0  223.8698
251.5  212.9177
252.0  199.9804
252.5  189.6117
253.0  185.5069
253.5  189.0742
254.0  198.8237
254.5  210.9248
255.0  220.6910
255.5  224.2988
256.0  220.0502
256.5  208.8197
257.0  193.6823
257.5  178.9088
258.0  168.6130
258.5  165.4227
259.0  169.6169
259.5  179.0763
260.0  190.0917
260.5  198.7143
261.0  202.1383
261.5  199.6627
262.0  192.9659
262.5  185.5982
263.0  181.7691
263.5  184.7509
264.0  195.4943
264.5  212.1004
265.0  230.4401
265.5  245.6284
266.0  253.6709
266.5  252.6506
267.0  243.1572
267.5  227.9768
268.0  211.2017
268.5  196.9805
269.0  188.2285
269.5  185.7214
270.0  187.9548
270.5  191.8632
271.0  194.1116
271.5  192.4434
272.0  186.6133
272.5  178.6209
273.0  172.1570
273.5  171.3452
274.0  179.1229
274.5  195.8791
275.0  219.0139
275.5  243.6962
276.0  264.4765
276.5  277.0146
277.0  279.2656
277.5  271.8451
278.0  257.6425
278.5  240.8839
279.0  225.8781
279.5  215.7370
280.0  211.4527
280.5  211.6903
281.0  213.4166
281.5  213.1377
282.0  208.2757
282.5  198.2061
283.0  184.6219
283.5  171.0701
284.0  161.7168
284.5  159.7120
285.0  165.8228
285.5  178.0212
286.0  192.2639
286.5  204.0620
287.0  210.0799
287.5  209.1450
288.0  202.4556
288.5  193.0951
289.0  185.0597
289.5  182.0184
290.0  186.0911
290.5  197.0324
291.0  212.1847
291.5  227.2996
292.0  237.9455
292.5  240.9842
293.0  235.6120
293.5  223.6395
294.0  208.8867
294.5  195.8031
295.0  187.7438
295.5  185.6172
296.0  187.5697
296.5  189.8734
297.0  188.5460
297.5  180.9282
298.0  166.6337
298.5  147.6896
299.0  127.9767
299.5  112.1656
300.0  104.3754
300.5  106.8850
301.0  119.3380
301.5  138.8076
302.0  160.7627
302.5  180.5676
303.0  194.9415
303.5  202.8882
304.0  205.8338
304.5  206.9299
305.0  209.7001
305.5  216.4831
306.0  227.3297
306.5  239.9033
307.0  250.4380
307.5  255.2591
308.0  252.1627
308.5  241.1736
309.0  224.5639
309.5  206.2441
310.0  190.7016
310.5  181.7044
311.0  181.1109
311.5  188.2298
312.0  200.0611
312.5  212.3857
313.0  221.2697
313.5  224.3942
314.0  221.7738
314.5  215.6810
315.0  209.8046
315.5  207.8554
316.0  212.0642
316.5  222.1997
317.0  235.6038
317.5  248.2491
318.0  256.2925
318.5  257.4225
319.0  251.5388
319.5  240.6770
320.0  228.3232
320.5  218.3284
321.0  213.6669
321.5  215.3782
322.0  222.0956
322.5  230.4293
323.0  236.1227
323.5  235.5380
324.0  226.9077
324.5  210.9460
325.0  190.6721
325.5  170.4969
326.0  154.8009
326.5  146.4431
327.0  145.7951
327.5  150.7657
328.0  157.8091
328.5  163.4137
329.0  165.4010
329.5  163.5941
330.0  159.7614
330.5  156.9621
331.0  158.4902
331.5  166.6705
332.0  181.8623
332.5  202.0795
333.0  223.4670
333.5  241.5069
334.0  252.4826
334.5  254.6534
335.0  248.7722
335.5  237.8303
336.0  226.0892
336.5  217.6351
337.0  214.9082
337.5  217.8154
338.0  223.8686
338.5  229.2911
339.0  230.5436
339.5  225.5980
340.0  214.5513
340.5  199.5263
341.0  184.0065
341.5  171.7911
342.0  165.7962
342.5  167.0336
343.0  174.1730
343.5  183.9431
344.0  192.2726
344.5  195.7180
345.0  192.6347
345.5  183.7209
346.0  171.8028
346.5  160.9165
347.0  154.9065
347.5  155.9822
348.0  163.8283
348.5  175.7086
349.0  187.5268
349.5  195.3326
350.0  196.6283
350.5  191.0664
351.0  180.4463
351.5  168.1041
352.0  157.8540
352.5  152.7289
353.0  153.9198
353.5  160.3636
354.0  169.2236
354.5  177.0833
355.0  181.3372
355.5  181.2297
356.0  178.2139
356.5  175.5526
357.0  177.2522
357.5  186.5893
358.0  204.7224
358.5  230.0042
359.0  258.3850
359.5  284.7547
360.0  304.5981
360.5  315.2858
361.0  316.6277
361.5  310.6743
362.0  300.9222
362.5  291.1350
363.0  284.0651
363.5  280.4845
364.0  278.9354
364.5  276.3578
365.0  269.3462
365.5  255.5174
366.0  234.5046
366.5  208.3177
367.0  180.9969
367.5  157.5788
368.0  142.5480
368.5  138.2386
369.0  143.8895
369.5  155.8891
370.0  169.1488
370.5  178.9514
371.0  182.4687
371.5  179.4647
372.0  172.1221
372.5  164.1757
373.0  159.6179
373.5  161.3102
374.0  169.9377
374.5  183.7158
375.0  198.9986
375.5  211.5323
376.0  217.8546
376.5  216.3794
377.0  207.9171
377.5  195.5219
378.0  183.6145
378.5  176.4805
379.0  176.5960
379.5  183.5375
380.0  194.0996
380.5  203.6157
381.0  207.8150
381.5  204.3725
382.0  193.6341
382.5  178.4481
383.0  163.2794
383.5  152.8579
384.0  150.6916
384.5  157.9058
385.0  172.8674
385.5  191.7757
386.0  209.9631
386.5  223.3818
387.0  229.7971
387.5  229.4207
388.0  224.8435
388.5  220.1684
389.0  219.4277
389.5  224.7885
390.0  235.4058
390.5  247.6079
391.0  256.3700
391.5  257.3044
392.0  248.2436
392.5  229.9013
393.0  205.5892
393.5  180.2253
394.0  158.9195
394.5  145.4837
395.0  141.3166
395.5  145.0941
396.0  153.4022
396.5  162.0283
397.0  167.3878
397.5  167.6394
398.0  163.2537
398.5  156.9164
399.0  152.6716
399.5  154.3841
400.0  164.0075
400.5  180.4922
401.0  199.9958
401.5  217.3440
402.0  227.9949
402.5  229.6108
403.0  222.7311
403.5  210.5011
404.0  197.6529
404.5  189.0095
405.0  187.8987
405.5  195.0099
406.0  208.1846
406.5  223.2580
407.0  235.5755
407.5  241.5602
408.0  239.8329
408.5  231.6586
409.0  220.6398
409.5  211.6244
410.0  208.9836
410.5  214.8184
411.0  227.9452
411.5  244.2672
412.0  258.3956
412.5  265.7073
413.0  263.9368
413.5  253.8054
414.0  238.6634
414.5  223.3607
415.0  212.6632
415.5  209.6462
416.0  214.6162
416.5  225.0126
417.0  236.3395
417.5  243.7144
418.0  243.4225
418.5  234.0233
419.0  216.8126
419.5  195.5634
420.0  175.4922
420.5  161.5741
421.0  156.7211
421.5  160.6472
422.0  170.0443
422.5  180.0017
423.0  185.9420
423.5  185.2094
424.0  177.8087
424.5  166.2309
425.0  154.5446
425.5  147.0219
426.0  146.6695
426.5  154.1498
427.0  167.5257
427.5  182.9403
428.0  195.9303
428.5  202.8551
429.0  202.0099
429.5  194.1784
430.0  182.4861
430.5  171.4708
431.0  165.5049
431.5  167.1016
432.0  175.8992
432.5  188.8797
433.0  201.7042
433.5  210.4530
434.0  212.9843
434.5  209.4896
435.0  202.2420
435.5  194.7384
436.0  190.4988
436.5  191.8407
437.0  199.0193
437.5  210.0775
438.0  221.4885
438.5  229.3382
439.0  230.6085
439.5  224.1689
440.0  211.2244
440.5  195.0766
441.0  180.1609
441.5  170.5649
442.0  168.5566
442.5  173.8010
443.0  183.6558
443.5  194.3674
444.0  202.5501
444.5  206.3232
445.0  205.7819
445.5  202.7833
446.0  200.1871
446.5  200.7629
447.0  206.0829
447.5  215.8018
448.0  227.6503
448.5  238.1748
449.0  243.9235
449.5  242.6270
450.0  233.9992
450.5  219.9463
451.0  204.0971
451.5  190.7047
452.0  183.2114
452.5  183.0208
453.0  189.0442
453.5  198.2458
454.0  206.8955
454.5  211.9418
455.0  211.9855
455.5  207.6210
456.0  201.1396
456.5  195.7073
457.0  194.2144
457.5  198.1436
458.0  206.9019
458.5  217.9511
459.0  227.7157
459.5  232.8873
460.0  231.6118
460.5  224.1704
461.0  212.9698
461.5  201.8207
462.0  194.6631
462.5  194.1309
463.0  200.5291
463.5  211.7025
464.0  223.8619
464.5  232.9683
465.0  236.0848
465.5  232.2451
466.0  222.6562
466.5  210.2544
467.0  198.7380
467.5  191.3232
468.0  189.6164
468.5  193.0544
469.0  199.1714
469.5  204.5789
470.0  206.2386
470.5  202.5537
471.0  193.9662
471.5  182.9164
472.0  173.1453
472.5  168.4602
473.0  171.3264
473.5  181.8460
474.0  197.6077
474.5  214.4955
475.0  228.0752
475.5  234.9745
476.0  233.7957
476.5  225.3651
477.0  212.3271
477.5  198.2151
478.0  186.2563
478.5  178.3044
479.0  174.3155
479.5  172.5846
480.0  170.6076
480.5  166.1738
481.0  158.2810
481.5  147.6181
482.0  136.5032
482.5  128.2486
483.0  126.0470
483.5  131.7098
484.0  144.7909
484.5  162.5586
485.0  180.8803
485.5  195.6254
486.0  203.9939
486.5  205.3108
487.0  201.1005
487.5  194.4784
488.0  189.0509
488.5  187.6606
489.0  191.4247
489.5  199.4568
490.0  209.3775
490.5  218.3514
491.0  224.1915
491.5  226.1388
492.0  225.1239
492.5  223.4690
493.0  224.0806
493.5  229.3157
494.0  239.9049
494.5  254.4168
495.0  269.5747
495.5  281.3274
496.0  286.2209
496.5  282.5400
497.0  270.8710
497.5  253.9630
498.0  235.9261
498.5  220.9504
499.0  211.9172
499.5  209.4264
500.0  211.6798
500.5  215.2870
501.0  216.6156
501.5  213.1116
502.0  204.1448
502.5  191.1880
503.0  177.3347
503.5  166.2667
504.0  160.9376
504.5  162.4285
505.0  169.4784
505.5  178.9424
506.0  186.9816
506.5  190.4679
507.0  188.0724
507.5  180.7247
508.0  171.3545
508.5  163.9761
509.0  162.3211
509.5  168.4322
510.0  181.7786
510.5  199.3322
511.0  216.6165
511.5  229.2676
512.0  234.4666
512.5  231.7612
513.0  223.0943
513.5  212.0876
514.0  202.7844
514.5  198.2282
515.0  199.3947
515.5  204.9318
516.0  211.8191
516.5  216.6291
517.0  216.8444
517.5  211.7732
518.0  202.8340
518.5  193.1717
519.0  186.6766
519.5  186.6258
520.0  194.3788
520.5  208.6802
521.0  225.9453
521.5  241.4444
522.0  250.8727
522.5  251.6836
523.0  243.7768
523.5  229.4197
524.0  212.4686
524.5  197.0900
525.0  186.3481
525.5  181.1774
526.0  180.1841
526.5  180.3669
527.0  178.4099
527.5  171.9864
528.0  160.6268
528.5  145.9492
529.0  131.2425
529.5  120.4930
530.0  117.0642
530.5  122.4373
531.0  135.5300
531.5  152.9559
532.0  170.1543
532.5  182.9076
533.0  188.6529
533.5  187.1870
534.0  180.6337
534.5  172.7204
535.0  167.5376
535.5  168.1289
536.0  175.4238
536.5  187.9762
537.0  202.6229
537.5  215.7374
538.0  224.5244
538.5  227.9049
539.0  226.7875
539.5  223.7152
540.0  221.9719
540.5  224.3542
541.0  232.0033
541.5  243.8078
542.0  256.7152
542.5  266.8486
543.0  270.9260
543.5  267.4064
544.0  257.0110
544.5  242.5456
545.0  228.1082
545.5  217.8583
546.0  214.6743
546.5  219.1702
547.0  229.5039
547.5  242.0804
548.0  252.8320
548.5  258.5372
549.0  257.7347
549.5  251.0335
550.0  240.8042
550.5  230.3202
551.0  222.5304
551.5  218.8452
552.0  218.4696
552.5  218.6689
553.0  215.8948
553.5  207.2484
554.0  191.6492
554.5  170.3199
555.0  146.5263
555.5  124.7072
556.0  109.2243
556.5  103.0592
557.0  106.8848
557.5  118.8859
558.0  135.4299
558.5  152.3182
559.0  166.1308
559.5  175.2170
560.0  180.0711
560.5  183.0052
561.0  187.1773
561.5  195.2255
562.0  208.0068
562.5  224.0324
563.0  239.9318
563.5  251.7414
564.0  256.3934
564.5  252.7743
565.0  242.0439
565.5  227.2452
566.0  212.4028
566.5  201.3491
567.0  196.5760
567.5  198.4647
568.0  205.1995
568.5  213.4277
569.0  219.4228
569.5  220.3222
570.0  215.0375
570.5  204.5890
571.0  191.7722
571.5  180.2076
572.0  173.0243
572.5  171.6614
573.0  175.3400
573.5  181.4861
574.0  186.8843
574.5  188.9761
575.0  186.7468
575.5  180.9635
576.0  173.8268
576.5  168.2273
577.0  166.8068
577.5  171.0500
578.0  180.6841
578.5  193.6419
579.0  206.6589
579.5  216.3131
580.0  220.1375
580.5  217.4250
581.0  209.4742
581.5  199.1747
582.0  190.0119
582.5  184.7881
583.0  184.5652
583.5  188.3364
584.0  193.6020
584.5  197.5458
585.0  198.2229
585.5  195.2714
586.0  189.9853
586.5  184.8543
587.0  182.7674
587.5  186.0807
588.0  195.7789
588.5  210.9998
589.0  229.1413
589.5  246.5754
590.0  259.7398
590.5  266.2334
591.0  265.5649
591.5  259.3218
592.0  250.6733
592.5  243.2794
593.0  239.9244
593.5  241.4203
594.0  246.3218
594.5  251.6114
595.0  253.9917
595.5  251.1446
596.0  242.4611
596.5  229.1103
597.0  213.5804
597.5  198.9035
598.0  187.7593
598.5  181.6667
599.0  180.5096
599.5  182.5902
600.0  185.2352
600.5  185.7589
601.0  182.4557
601.5  175.2973
602.0  166.0930
602.5  157.9908
603.0  154.3795
603.5  157.5316
604.0  167.5731
604.5  182.3273
605.0  198.1471
605.5  211.3062
606.0  219.2715
606.5  221.3646
607.0  218.7048
607.5  213.6003
608.0  208.6482
608.5  205.8044
609.0  205.6841
609.5  207.3275
610.0  208.5341
610.5  206.6692
611.0  199.6693
611.5  186.9241
612.0  169.7681
612.5  151.3972
613.0  136.1182
613.5  128.0272
614.0  129.5220
614.5  140.3064
615.0  157.4327
615.5  176.4119
616.0  192.8408
616.5  203.8044
617.0  208.5669
617.5  208.4705
618.0  206.2182
618.5  204.8112
619.0  206.4493
619.5  211.7327
620.0  219.4503
620.5  227.0429
621.0  231.5598
621.5  230.7491
622.0  223.9205
622.5  212.3299
623.0  198.9571
623.5  187.6652
624.0  181.9114
624.5  183.4419
625.0  191.5591
625.5  203.3643
626.0  214.8851
626.5  222.5398
627.0  224.3093
627.5  220.2596
628.0  212.3773
628.5  203.8598
629.0  198.0675
629.5  197.4119
630.0  202.5367
630.5  212.1058
631.0  223.3001
631.5  232.8199
632.0  238.0108
632.5  237.7378
633.0  232.7697
633.5  225.5573
634.0  219.3967
634.5  217.1578
635.0  220.0229
635.5  226.8323
636.0  234.4187
636.5  238.7954
637.0  236.6231
637.5  226.3460
638.0  208.6816
638.5  186.4499
639.0  163.8535
639.5  145.3663
640.0  134.4812
640.5  132.7030
641.0  139.1804
641.5  151.1379
642.0  164.9185
642.5  177.2204
643.0  186.1183
643.5  191.6063
644.0  195.5252
644.5  200.8225
645.0  210.2634
645.5  225.0313
646.0  243.8872
646.5  263.3914
647.0  279.1102
647.5  287.1918
648.0  285.5991
648.5  274.6217
649.0  256.6712
649.5  235.5405
650.0  215.3399
650.5  199.3588
651.0  189.1766
651.5  184.3382
652.0  182.7169
652.5  181.4156
653.0  177.8673
653.5  170.7941
654.0  160.7655
654.5  150.1669
655.0  142.4586
655.5  140.8324
656.0  146.7538
656.5  159.1296
657.0  174.6102
657.5  188.8928
658.0  198.3335
658.5  201.1328
659.0  197.7393
659.5  190.5069
660.0  182.8234
660.5  177.9726
661.0  178.0408
661.5  183.2244
662.0  191.8014
662.5  200.7735
663.0  206.9094
663.5  207.8116
664.0  202.7058
664.5  192.7795
665.0  180.9506
665.5  170.9987
666.0  166.1897
666.5  167.8940
667.0  174.9079
667.5  183.9273
668.0  190.9646
668.5  192.9837
669.0  189.0334
669.5  180.5567
670.0  170.9226
670.5  164.3854
671.0  164.7326
671.5  173.9910
672.0  191.6447
672.5  214.7104
673.0  238.6666
673.5  258.8636
674.0  271.8952
674.5  276.5296
675.0  273.9930
675.5  267.5299
676.0  261.2655
676.5  258.6286
677.0  260.9169
677.5  266.7090
678.0  272.4723
678.5  274.0612
679.0  268.3610
679.5  254.4170
680.0  233.7735
680.5  210.0653
681.0  188.0092
681.5  172.0090
682.0  164.7425
682.5  166.2486
683.0  173.9346
683.5  183.5340
684.0  190.6048
684.5  191.9842
685.0  186.7515
685.5  176.4925
686.0  164.8173
686.5  156.1821
687.0  154.2735
687.5  160.5268
688.0  173.4795
688.5  189.3221
689.0  203.3678
689.5  211.7194
690.0  212.4806
690.5  206.2274
691.0  195.7555
691.5  185.2038
692.0  178.7199
692.5  179.0069
693.0  186.2966
693.5  198.2311
694.0  210.7451
694.5  219.5539
695.0  221.6338
695.5  216.2100
696.0  205.0370
696.5  191.9324
697.0  181.6212
697.5  178.1379
698.0  183.3224
698.5  196.0929
699.0  212.8839
699.5  229.0279
700.0  240.4068
700.5  244.7151
701.0  242.0097
701.5  234.5168
702.0  225.7908
702.5  219.4141
703.0  217.6083
703.5  220.2932
704.0  225.0445
704.5  227.9991
705.0  225.3077
705.5  214.5481
706.0  195.6451
706.5  171.0855
707.0  145.3739
707.5  123.7824
708.0  110.6703
708.5  107.9761
709.0  114.5848
709.5  126.9143
710.0  140.4023
710.5  151.1615
711.0  157.1584
711.5  158.6538
712.0  157.9365
712.5  158.4667
713.0  163.6053
713.5  175.2653
714.0  192.9954
714.5  213.9431
715.0  233.7737
715.5  248.1737
716.0  254.3373
716.5  251.9267
717.0  243.2334
717.5  232.4805
718.0  224.4074
718.5  222.5497
719.0  227.8885
719.5  238.5084
720.0  250.4383
720.5  259.2215
721.0  261.4729
721.5  255.8681
722.0  243.4053
722.5  227.0341
723.0  210.7898
723.5  198.5995
724.0  193.0486
724.5  194.5307
725.0  201.1607
725.5  209.5277
726.0  215.9998
726.5  218.0750
727.0  215.3106
727.5  209.5305
728.0  204.2009
728.5  203.1002
729.0  208.7153
729.5  221.0541
730.0  237.4734
730.5  253.6155
731.0  264.9462
731.5  268.1716
732.0  262.0506
732.5  247.5211
733.0  227.2859
733.5  205.0259
734.0  184.3994
734.5  168.0479
735.0  156.9179
735.5  150.1643
736.0  145.6988
736.5  141.1776
737.0  135.0603
737.5  127.3706
738.0  119.8875
738.5  115.6379
739.0  117.7644
739.5  128.1453
740.0  146.3867
740.5  169.7358
741.0  193.9942
741.5  214.9525
742.0  229.6593
742.5  237.0734
743.0  238.0429
743.5  234.7916
744.0  230.1345
744.5  226.6109
745.0  225.7348
745.5  227.5769
746.0  230.8279
746.5  233.3372
747.0  232.9519
747.5  228.3801
748.0  219.8053
748.5  209.0184
749.0  198.9207
749.5  192.4471
750.0  191.2789
750.5  194.9793
751.0  201.0731
751.5  206.0779
752.0  206.9311
752.5  202.1123
753.0  192.0547
753.5  178.8654
754.0  165.5985
754.5  155.3527
755.0  150.4125
755.5  151.6302
756.0  158.2126
756.5  167.9879
757.0  178.0783
757.5  185.7822
758.0  189.4199
758.5  188.9069
759.0  185.8472
759.5  182.9967
760.0  183.1390
760.5  187.7689
761.0  196.2498
761.5  205.9875
762.0  213.5762
762.5  216.2873
763.0  213.1460
763.5  205.2057
764.0  195.0929
764.5  186.1349
765.0  181.3848
765.5  182.7774
766.0  190.5978
766.5  203.3894
767.0  218.3433
767.5  232.0791
768.0  241.6210
768.5  245.3156
769.0  243.4253
769.5  238.1428
770.0  232.8693
770.5  230.8676
771.0  233.8012
771.5  240.9130
772.0  249.3480
772.5  255.4570
773.0  256.3561
773.5  250.9858
774.0  240.3448
774.5  227.0139
775.0  214.2825
775.5  205.1657
776.0  201.5452
776.5  203.6322
777.0  209.9060
777.5  217.5645
778.0  223.3641
778.5  224.6110
779.0  220.0285
779.5  210.2502
780.0  197.7353
780.5  186.0052
781.0  178.3446
781.5  176.4584
782.0  179.7636
782.5  185.7363
783.0  191.1148
783.5  193.2833
784.0  191.1754
784.5  185.4496
785.0  178.0710
785.5  171.5754
786.0  168.2493
786.5  169.4080
787.0  174.9464
787.5  183.3075
788.0  191.9125
788.5  197.9366
789.0  199.2008
789.5  194.9213
790.0  186.0898
790.5  175.3119
791.0  166.0333
791.5  161.3074
792.0  162.5744
792.5  169.0742
793.0  178.2475
793.5  186.9068
794.0  192.5325
794.5  194.0994
795.0  192.2232
795.5  188.7627
796.0  186.1221
796.5  186.4595
797.0  190.9694
797.5  199.4260
798.0  210.1487
798.5  220.4441
799.0  227.4051
799.5  228.8261
800.0  223.9707
800.5  213.9652
801.0  201.6336
801.5  190.6807
802.0  184.3686
802.5  184.1924
803.0  189.2495
803.5  196.7003
804.0  203.0710
804.5  205.6748
805.0  203.4967
805.5  197.3227
806.0  189.2792
806.5  182.0656
807.0  178.1077
807.5  178.8141
808.0  184.1237
808.5  192.5037
809.0  201.4358
809.5  208.2490
810.0  211.0380
810.5  209.3847
811.0  204.6567
811.5  199.7172
812.0  198.0001
812.5  202.1572
813.0  212.8206
813.5  228.1456
814.0  244.4553
814.5  257.6641
815.0  264.7358
815.5  264.5446
816.0  257.9476
816.5  247.2549
817.0  235.3909
817.5  224.9972
818.0  217.6746
818.5  213.5538
819.0  211.3356
819.5  208.8092
820.0  203.6968
820.5  194.5629
821.0  181.5168
821.5  166.4782
822.0  152.8303
822.5  144.4171
823.0  144.1289
823.5  152.6657
824.0  168.1515
824.5  186.8652
825.0  204.6957
825.5  218.5563
826.0  227.1671
826.5  231.0711
827.0  232.0955
827.5  232.5461
828.0  234.3650
828.5  238.4445
829.0  244.2819
829.5  250.1109
830.0  253.4998
830.5  252.2327
831.0  245.1830
831.5  232.8921
832.0  217.6384
832.5  202.8863
833.0  192.1721
833.5  187.7629
834.0  189.6774
834.5  195.6214
835.0  201.9272
835.5  205.0133
836.0  202.6430
836.5  194.5033
837.0  182.0629
837.5  167.9417
838.0  155.0660
838.5  145.8208
839.0  141.3771
839.5  141.3754
840.0  144.0854
840.5  147.0229
841.0  147.8352
841.5  145.1796
842.0  139.3234
842.5  132.2597
843.0  127.2055
843.5  127.5042
844.0  135.2490
844.5  150.2360
845.0  169.8459
845.5  189.9821
846.0  206.5835
846.5  216.9646
847.0  220.4792
847.5  218.4369
848.0  213.4957
848.5  208.7934
849.0  207.0349
849.5  209.7299
850.0  216.7786
850.5  226.5482
851.0  236.4357
851.5  243.7428
852.0  246.5923
852.5  244.6167
853.0  239.1958
853.5  233.0812
854.0  229.3943
854.5  230.2888
855.0  235.8877
855.5  244.1089
856.0  251.5286
856.5  254.8154
857.0  251.9971
857.5  243.0574
858.0  229.8004
858.5  215.2082
859.0  202.5646
859.5  194.5646
860.0  192.5955
860.5  196.3653
861.0  203.9966
861.5  212.5807
862.0  219.0455
862.5  221.1035
863.0  218.0201
863.5  210.9423
864.0  202.5671
864.5  196.1115
865.0  193.9119
865.5  196.3180
866.0  201.5085
866.5  206.3370
867.0  207.7082
867.5  203.7723
868.0  194.4891
868.5  181.5286
869.0  167.7133
869.5  156.2300
870.0  149.7902
870.5  149.9150
871.0  156.5255
871.5  167.9762
872.0  181.5403
872.5  194.2175
873.0  203.6449
873.5  208.8570
874.0  210.6272
874.5  211.1594
875.0  213.1014
875.5  218.2411
876.0  226.5650
876.5  236.2426
877.0  244.5333
877.5  249.0422
878.0  248.6482
878.5  243.7755
879.0  236.0914
879.5  227.8924
880.0  221.4038
880.5  218.1387
881.0  218.4362
881.5  221.3068
882.0  224.6642
882.5  225.9173
883.0  222.7729
883.5  214.0350
884.0  200.1618
884.5  183.3382
885.0  166.8927
885.5  154.1243
886.0  146.9940
886.5  145.3619
887.0  147.2175
887.5  149.7460
888.0  150.5930
888.5  148.7066
889.0  144.5221
889.5  139.6227
890.0  136.1295
890.5  136.0196
891.0  140.5046
891.5  149.5926
892.0  161.9624
892.5  175.2172
893.0  186.4790
893.5  193.1746
894.0  193.8278
894.5  188.6519
895.0  179.7134
895.5  170.4506
896.0  164.5352
896.5  164.4736
897.0  170.6524
897.5  181.3759
898.0  193.8365
898.5  205.4085
899.0  214.5979
899.5  221.3422
900.0  226.7487
900.5  232.5140
901.0  240.2422
901.5  250.8179
902.0  263.9815
902.5  278.2362
903.0  291.1409
903.5  299.9245
904.0  302.2619
904.5  297.0254
905.0  284.8151
905.5  268.0444
906.0  250.3727
906.5  235.5059
907.0  225.8021
907.5  221.4063
908.0  220.4249
908.5  220.0152
909.0  217.7305
909.5  212.4483
910.0  204.5972
910.5  195.7899
911.0  188.1311
911.5  183.4527
912.0  182.6790
912.5  185.4899
913.0  190.3819
913.5  195.1076
914.0  197.3497
914.5  195.4376
915.0  188.9431
915.5  179.0150
916.0  168.2791
916.5  160.1418
917.0  157.5572
917.5  161.7355
918.0  171.5111
918.5  183.8084
919.0  194.9631
919.5  202.1633
920.0  204.3336
920.5  202.2304
921.0  197.9098
921.5  193.8740
922.0  192.1745
922.5  193.7078
923.0  197.9023
923.5  202.9047
924.0  206.2185
924.5  205.5894
925.0  199.8620
925.5  189.5664
926.0  177.0490
926.5  166.0135
927.0  160.4433
927.5  163.1444
928.0  174.5057
928.5  192.1671
929.0  211.8703
929.5  229.0769
930.0  240.5312
930.5  245.1151
931.0  243.8231
931.5  239.0775
932.0  233.7286
932.5  230.0563
933.0  229.0316
933.5  230.0311
934.0  231.0812
934.5  229.5455
935.0  223.0425
935.5  210.3320
936.0  191.9377
936.5  170.3073
937.0  149.3469
937.5  133.2941
938.0  125.2093
938.5  125.7254
939.0  132.7572
939.5  142.4077
940.0  150.6129
940.5  154.6907
941.0  154.1517
941.5  150.6135
942.0  147.0387
942.5  146.6510
943.0  151.8717
943.5  163.5645
944.0  180.7872
944.5  201.0996
945.0  221.2961
945.5  238.3181
946.0  250.0920
946.5  256.1044
947.0  257.5732
947.5  257.0910
948.0  257.6970
948.5  261.5827
949.0  268.9673
949.5  277.7772
950.0  284.4008
950.5  285.1685
951.0  277.8189
951.5  262.3217
952.0  240.8456
952.5  217.0361
953.0  194.9350
953.5  177.8923
954.0  167.7721
954.5  164.6504
955.0  167.0446
955.5  172.5465
956.0  178.6385
956.5  183.4744
957.0  186.4594
957.5  188.4756
958.0  191.5955
958.5  198.2109
959.0  209.7953
959.5  225.8674
960.0  243.7901
960.5  259.6205
961.0  269.5937
961.5  271.4848
962.0  265.2669
962.5  252.9288
963.0  237.6708
963.5  222.8384
964.0  210.9403
964.5  203.0208
965.0  198.5348
965.5  195.7132
966.0  192.2621
966.5  186.1700
967.0  176.4200
967.5  163.4526
968.0  149.2424
968.5  136.8504
969.0  129.4261
969.5  128.9255
970.0  135.1387
970.5  145.6283
971.0  156.7126
971.5  164.9980
972.0  168.6835
972.5  168.0887
973.0  165.3313
973.5  163.4226
974.0  165.1665
974.5  172.2085
975.0  184.4861
975.5  200.2010
976.0  216.2894
976.5  229.2378
977.0  236.0352
977.5  235.0487
978.0  226.6192
978.5  213.1585
979.0  198.5603
979.5  186.9382
980.0  181.0960
980.5  181.4543
981.0  186.0525
981.5  191.6482
982.0  195.2956
982.5  195.5955
983.0  193.1336
983.5  190.0999
984.0  189.3884
984.5  193.5432
985.0  203.8704
985.5  219.9423
986.0  239.6064
986.5  259.4710
987.0  275.7195
987.5  285.0464
988.0  285.5133
988.5  277.1302
989.0  261.9657
989.5  243.6133
990.0  226.0302
990.5  212.1198
991.0  202.7145
991.5  196.5149
992.0  191.0065
992.5  183.8196
993.0  173.8374
993.5  161.6332
994.0  149.2204
994.5  139.3388
995.0  134.5635
995.5  136.4946
996.0  145.2392
996.5  159.3202
997.0  176.0324
997.5  192.1389
998.0  204.7268
998.5  212.0174
999.0  213.9308
999.5  212.1912
1000.0  209.8005
