0.0  1.41696575
0.5  1.44732938
1.0  1.46928910
1.5  1.47386388
2.0  1.45742671
2.5  1.42607752
3.0  1.39189775
3.5  1.36924854
4.0  1.36755372
4.5  1.38750578
5.0  1.42077506
5.5  1.45450047
6.0  1.47752715
6.5  1.48504184
7.0  1.47702768
7.5  1.45874721
8.0  1.43432901
8.5  1.40943331
9.0  1.38904027
9.5  1.37828319
10.0  1.37922515
10.5  1.38903873
11.0  1.40061064
11.5  1.40304037
12.0  1.38789865
12.5  1.35267781
13.0  1.30527155
13.5  1.25948555
14.0  1.23127377
14.5  1.22923087
15.0  1.25279714
15.5  1.29173604
16.0  1.33303300
16.5  1.36593946
17.0  1.38538734
17.5  1.39168850
18.0  1.38938536
18.5  1.38357759
19.0  1.37911623
19.5  1.38096059
20.0  1.39441670
20.5  1.42055028
21.0  1.45684391
21.5  1.49365896
22.0  1.51995304
22.5  1.52537711
23.0  1.50784514
23.5  1.47457257
24.0  1.43932639
24.5  1.41776174
25.0  1.41897117
25.5  1.44309413
26.0  1.47937869
26.5  1.51583410
27.0  1.53977755
27.5  1.54479670
28.0  1.53111390
28.5  1.50368644
29.0  1.46946908
29.5  1.43552813
30.0  1.40877706
30.5  1.39566136
31.0  1.39807762
31.5  1.41253396
32.0  1.42949102
32.5  1.43641791
33.0  1.42421289
33.5  1.39151655
34.0  1.34465295
34.5  1.29927555
35.0  1.27051410
35.5  1.26856704
36.0  1.29469198
36.5  1.33879769
37.0  1.38810324
37.5  1.42839645
38.0  1.45359178
38.5  1.46128557
39.0  1.45524076
39.5  1.44089377
40.0  1.42408333
40.5  1.41277947
41.0  1.41242308
41.5  1.42358026
42.0  1.44295041
42.5  1.46192432
43.0  1.47018305
43.5  1.45888611
44.0  1.42666434
44.5  1.38174771
45.0  1.33905717
45.5  1.31211826
46.0  1.30689533
46.5  1.32069466
47.0  1.34597791
47.5  1.37079069
48.0  1.38455996
48.5  1.38221749
49.0  1.36701884
49.5  1.34464151
50.0  1.32004375
50.5  1.30033935
51.0  1.29347426
51.5  1.30407624
52.0  1.33028869
52.5  1.36638963
53.0  1.40489825
53.5  1.43437230
54.0  1.44407288
54.5  1.43684902
55.0  1.42128280
55.5  1.41166961
56.0  1.41888620
56.5  1.44681335
57.0  1.49031449
57.5  1.53902147
58.0  1.57725252
58.5  1.59565140
59.0  1.59047658
59.5  1.56480596
60.0  1.52450171
60.5  1.47786137
61.0  1.43342494
61.5  1.39915572
62.0  1.38036928
62.5  1.37749823
63.0  1.38475260
63.5  1.39040100
64.0  1.38265411
64.5  1.35451245
65.0  1.30895445
65.5  1.25709186
66.0  1.21454319
66.5  1.19569641
67.0  1.20576738
67.5  1.24062275
68.0  1.28970073
68.5  1.33979793
69.0  1.37975392
69.5  1.40437161
70.0  1.41577517
70.5  1.41687189
71.0  1.41478351
71.5  1.41660029
72.0  1.42942420
72.5  1.45748057
73.0  1.49952689
73.5  1.54905806
74.0  1.59095651
74.5  1.61045902
75.0  1.60076989
75.5  1.56267265
76.0  1.50866556
76.5  1.45576250
77.0  1.41800031
77.5  1.40170897
78.0  1.40325354
78.5  1.41381701
79.0  1.42279823
79.5  1.42159117
80.0  1.40762727
80.5  1.38468268
81.0  1.35680240
81.5  1.33114033
82.0  1.31564019
82.5  1.31641754
83.0  1.33736203
83.5  1.37678885
84.0  1.42709382
84.5  1.47377429
85.0  1.50233528
85.5  1.50492125
86.0  1.48458446
86.5  1.45279324
87.0  1.42484697
87.5  1.41538718
88.0  1.42575218
88.5  1.45052424
89.0  1.48113242
89.5  1.50361568
90.0  1.50814466
90.5  1.49343783
91.0  1.46417874
91.5  1.42385627
92.0  1.37840099
92.5  1.33976616
93.0  1.31364169
93.5  1.30124387
94.0  1.30332033
94.5  1.31438765
95.0  1.32216339
95.5  1.31316007
96.0  1.28585145
96.5  1.24556102
97.0  1.20335378
97.5  1.17744300
98.0  1.18023396
98.5  1.21267461
99.0  1.26833545
99.5  1.33422678
100.0  1.39541248
100.5  1.44246562
101.0  1.47379020
101.5  1.49109404
102.0  1.49928766
102.5  1.50502327
103.0  1.51371793
103.5  1.52872420
104.0  1.55257747
104.5  1.58169850
105.0  1.60686841
105.5  1.61656288
106.0  1.60030368
106.5  1.55440806
107.0  1.48699609
107.5  1.41457735
108.0  1.35606085
108.5  1.32315528
109.0  1.31939904
109.5  1.33760681
110.0  1.36422000
110.5  1.38564155
111.0  1.39474129
111.5  1.38951302
112.0  1.37381831
112.5  1.35425394
113.0  1.33900149
113.5  1.33328096
114.0  1.34281822
114.5  1.37049994
115.0  1.41311830
115.5  1.46014080
116.0  1.49726763
116.5  1.51244279
117.0  1.49806584
117.5  1.45916180
118.0  1.41243001
118.5  1.37467683
119.0  1.35834471
119.5  1.36824425
120.0  1.39619792
120.5  1.42963664
121.0  1.45597144
121.5  1.46734205
122.0  1.46148046
122.5  1.44184326
123.0  1.41432293
123.5  1.38487060
124.0  1.36013141
124.5  1.34693833
125.0  1.34883368
125.5  1.36525519
126.0  1.38905955
126.5  1.40947052
127.0  1.41445017
127.5  1.39953226
128.0  1.37105010
128.5  1.33921670
129.0  1.32126162
129.5  1.32973059
130.0  1.36284824
130.5  1.41187871
131.0  1.46585534
131.5  1.51106781
132.0  1.53748329
132.5  1.54267902
133.0  1.53060000
133.5  1.50796167
134.0  1.48235467
134.5  1.46111088
135.0  1.45099023
135.5  1.45480337
136.0  1.47057655
136.5  1.48881827
137.0  1.49668883
137.5  1.48466810
138.0  1.44763481
138.5  1.39135642
139.0  1.33470626
139.5  1.29374861
140.0  1.27804480
140.5  1.29255413
141.0  1.32898546
141.5  1.37092754
142.0  1.40549124
142.5  1.42257214
143.0  1.41904981
143.5  1.39547614
144.0  1.36067176
144.5  1.32349355
145.0  1.29206182
145.5  1.27632576
146.0  1.28213231
146.5  1.30596626
147.0  1.33970367
147.5  1.37027113
148.0  1.38284447
148.5  1.37239086
149.0  1.34442868
149.5  1.31343134
150.0  1.29497953
150.5  1.30273501
151.0  1.33819950
151.5  1.39382463
152.0  1.45769443
152.5  1.51502230
153.0  1.55628301
153.5  1.57731312
154.0  1.57777285
154.5  1.56260389
155.0  1.54085071
155.5  1.52041255
156.0  1.50931772
156.5  1.51412650
157.0  1.53582554
157.5  1.56427569
158.0  1.58596762
158.5  1.58850105
159.0  1.56263948
159.5  1.51096322
160.0  1.44966976
160.5  1.39578041
161.0  1.35976667
161.5  1.34645012
162.0  1.35472835
162.5  1.37366792
163.0  1.38940184
163.5  1.39432887
164.0  1.38487791
164.5  1.36106280
165.0  1.32632883
165.5  1.28974126
166.0  1.26043358
166.5  1.24825413
167.0  1.26020906
167.5  1.29864444
168.0  1.35477904
168.5  1.41575731
169.0  1.46514376
169.5  1.49122165
170.0  1.49456973
170.5  1.48315268
171.0  1.46896861
171.5  1.46710345
172.0  1.47927949
172.5  1.50449334
173.0  1.53182309
173.5  1.55399436
174.0  1.56051415
174.5  1.54864744
175.0  1.51757679
175.5  1.47156477
176.0  1.41737941
176.5  1.36365863
177.0  1.31926154
177.5  1.29451915
178.0  1.28893972
178.5  1.30015212
179.0  1.31337319
179.5  1.32146380
180.0  1.31282548
180.5  1.29125855
181.0  1.26387615
181.5  1.24653016
182.0  1.24871495
182.5  1.27427010
183.0  1.32043947
183.5  1.37610413
184.0  1.43256133
184.5  1.47901455
185.0  1.51338567
185.5  1.52747092
186.0  1.53622591
186.5  1.53175946
187.0  1.52107882
187.5  1.51837328
188.0  1.52887218
188.5  1.55181714
189.0  1.58054779
189.5  1.59934012
190.0  1.59724598
190.5  1.57012410
191.0  1.51844648
191.5  1.44614557
192.0  1.37812196
192.5  1.32361603
193.0  1.29273280
193.5  1.28153062
194.0  1.28295232
194.5  1.28894862
195.0  1.29239434
195.5  1.28915061
196.0  1.27398241
196.5  1.25750358
197.0  1.24176925
197.5  1.23731336
198.0  1.25069875
198.5  1.28830134
199.0  1.34757030
199.5  1.42046376
200.0  1.48979230
200.5  1.54072365
201.0  1.56100923
201.5  1.55286533
202.0  1.52880979
202.5  1.50081614
203.0  1.48271231
203.5  1.48251466
204.0  1.49846685
204.5  1.52215197
205.0  1.54566406
205.5  1.56236106
206.0  1.56318328
206.5  1.54878145
207.0  1.51926649
207.5  1.48179272
208.0  1.44502243
208.5  1.41860942
209.0  1.40712800
209.5  1.41142623
210.0  1.42637624
210.5  1.44189155
211.0  1.44601851
211.5  1.43021678
212.0  1.39912059
212.5  1.36206008
213.0  1.33153405
213.5  1.31871054
214.0  1.32900325
214.5  1.36016295
215.0  1.39993003
215.5  1.44123251
216.0  1.47728973
216.5  1.50112456
217.0  1.51038828
217.5  1.50519502
218.0  1.49281060
218.5  1.47961950
219.0  1.47119104
219.5  1.47462085
220.0  1.49332944
220.5  1.51810918
221.0  1.53693259
221.5  1.53457014
222.0  1.50607567
222.5  1.45261878
223.0  1.38996151
223.5  1.33118345
224.0  1.29284983
224.5  1.28151086
225.0  1.29103531
225.5  1.31473280
226.0  1.34222294
226.5  1.36375187
227.0  1.37339154
227.5  1.36780583
228.0  1.35071949
228.5  1.32933739
229.0  1.31322762
229.5  1.30976312
230.0  1.32565643
230.5  1.36543313
231.0  1.41977994
231.5  1.47155332
232.0  1.50901473
232.5  1.51932106
233.0  1.50459963
233.5  1.47702379
234.0  1.45332804
234.5  1.44601433
235.0  1.45820202
235.5  1.48791576
236.0  1.52688527
236.5  1.56107077
237.0  1.58005157
237.5  1.58072806
238.0  1.55954687
238.5  1.52229966
239.0  1.47503953
239.5  1.42857451
240.0  1.39502365
240.5  1.38177517
241.0  1.38952286
241.5  1.41085983
242.0  1.43166923
242.5  1.43751987
243.0  1.41892632
243.5  1.37823184
244.0  1.32882289
244.5  1.28914250
245.0  1.27181255
245.5  1.28157593
246.0  1.31667974
246.5  1.36463322
247.0  1.41512532
247.5  1.45560090
248.0  1.47789140
248.5  1.48074009
249.0  1.46777216
249.5  1.44297701
250.0  1.41942187
250.5  1.40847778
251.0  1.41837739
251.5  1.44958851
252.0  1.49485334
252.5  1.53701198
253.0  1.56167625
253.5  1.55639243
254.0  1.52168506
254.5  1.47178091
255.0  1.42374295
255.5  1.39003208
256.0  1.37867908
256.5  1.39040754
257.0  1.41472211
257.5  1.43922308
258.0  1.45727925
258.5  1.46143621
259.0  1.44861500
259.5  1.42210372
260.0  1.39066678
260.5  1.36090802
261.0  1.34659646
261.5  1.35486662
262.0  1.38725031
262.5  1.43564679
263.0  1.48479135
263.5  1.51636550
264.0  1.52164116
264.5  1.50310526
265.0  1.46987339
265.5  1.43726812
266.0  1.42124039
266.5  1.42865597
267.0  1.45136530
267.5  1.48195804
268.0  1.51323902
268.5  1.52974089
269.0  1.52600738
269.5  1.50168727
270.0  1.46003672
270.5  1.40931962
271.0  1.36017274
271.5  1.32522360
272.0  1.31398999
272.5  1.32802645
273.0  1.35935022
273.5  1.39142398
274.0  1.41048037
274.5  1.40195699
275.0  1.36914641
275.5  1.32489575
276.0  1.28363771
276.5  1.26019552
277.0  1.26115395
277.5  1.28352918
278.0  1.32018671
278.5  1.35774510
279.0  1.38986218
279.5  1.40660148
280.0  1.41016136
280.5  1.39640990
281.0  1.37931094
281.5  1.36527447
282.0  1.36896353
282.5  1.39251121
283.0  1.44064911
283.5  1.50186738
284.0  1.55863101
284.5  1.59599659
285.0  1.60104481
285.5  1.57930392
286.0  1.54051249
286.5  1.50319936
287.0  1.47765092
287.5  1.47294300
288.0  1.48585047
288.5  1.50488592
289.0  1.52019215
289.5  1.52349190
290.0  1.51041179
290.5  1.48082249
291.0  1.43586556
291.5  1.38615915
292.0  1.34238761
292.5  1.31911485
293.0  1.31740920
293.5  1.34275453
294.0  1.37840148
294.5  1.41496897
295.0  1.43013184
295.5  1.41636375
296.0  1.37995949
296.5  1.33500528
297.0  1.30143071
297.5  1.28632102
298.0  1.29907887
298.5  1.33179078
299.0  1.37641581
299.5  1.41843971
300.0  1.45192307
300.5  1.47078607
301.0  1.47203421
301.5  1.46076122
302.0  1.44561001
302.5  1.43623518
303.0  1.44114025
303.5  1.46383610
304.0  1.50820365
304.5  1.55753605
305.0  1.59830394
305.5  1.60993870
306.0  1.59115018
306.5  1.54268000
307.0  1.48390765
307.5  1.43023749
308.0  1.39653287
308.5  1.38574047
309.0  1.39333053
309.5  1.41165369
310.0  1.42708047
310.5  1.43283973
311.0  1.42174200
311.5  1.39335962
312.0  1.35490889
312.5  1.31395628
313.0  1.28372181
313.5  1.26972117
314.0  1.28278582
314.5  1.32131431
315.0  1.37438031
315.5  1.42771622
316.0  1.46046641
316.5  1.46983843
317.0  1.45186419
317.5  1.42517797
318.0  1.40204017
318.5  1.39900680
319.0  1.41577016
319.5  1.44998636
320.0  1.49041676
320.5  1.52642471
321.0  1.54948657
321.5  1.54913636
322.0  1.52643047
322.5  1.48418142
323.0  1.43255526
323.5  1.38043650
324.0  1.34011363
324.5  1.32184196
325.0  1.32305307
325.5  1.33812649
326.0  1.35103540
326.5  1.34882504
327.0  1.32403812
327.5  1.28002051
328.0  1.23644135
328.5  1.20490508
329.0  1.20487429
329.5  1.23038973
330.0  1.28137830
330.5  1.34279694
331.0  1.40734245
331.5  1.46021819
332.0  1.49583659
332.5  1.51063189
333.0  1.51125493
333.5  1.50748817
334.0  1.50601840
334.5  1.51528423
335.0  1.53983083
335.5  1.58170843
336.0  1.62955511
336.5  1.66337934
337.0  1.66914429
337.5  1.65232748
338.0  1.60094906
338.5  1.53716144
339.0  1.47933883
339.5  1.44217838
340.0  1.42442796
340.5  1.42426813
341.0  1.42701043
341.5  1.43125176
342.0  1.42013414
342.5  1.39912139
343.0  1.36068622
343.5  1.31572509
344.0  1.27190803
344.5  1.24262315
345.0  1.23759365
345.5  1.26096927
346.0  1.31365881
346.5  1.37657595
347.0  1.43633991
347.5  1.47433909
348.0  1.48511301
348.5  1.47545682
349.0  1.45710072
349.5  1.44742047
350.0  1.45544101
350.5  1.48213092
351.0  1.52189467
351.5  1.56344122
352.0  1.59479550
352.5  1.60600966
353.0  1.59275262
353.5  1.55620861
354.0  1.50101121
354.5  1.43918031
355.0  1.38113225
355.5  1.34367859
356.0  1.33342063
356.5  1.34954690
357.0  1.37737050
357.5  1.40068812
358.0  1.40867900
358.5  1.39424464
359.0  1.36307908
359.5  1.33117373
360.0  1.31183869
360.5  1.31723688
361.0  1.34681628
361.5  1.39417669
362.0  1.44957488
362.5  1.50193189
363.0  1.54077709
363.5  1.55826959
364.0  1.55487796
364.5  1.53462671
365.0  1.50645239
365.5  1.48120840
366.0  1.46604046
366.5  1.46966344
367.0  1.49315635
367.5  1.52429244
368.0  1.54285674
368.5  1.53877571
369.0  1.51071605
369.5  1.46278119
370.0  1.40582199
370.5  1.35831899
371.0  1.32911121
371.5  1.32004968
372.0  1.32684534
372.5  1.34309249
373.0  1.35601862
373.5  1.36317397
374.0  1.35998264
374.5  1.34364255
375.0  1.31728136
375.5  1.29007265
376.0  1.27411950
376.5  1.27800517
377.0  1.30843305
377.5  1.36068241
378.0  1.42546322
378.5  1.48665384
379.0  1.53051311
379.5  1.54819516
380.0  1.54354091
380.5  1.52648054
381.0  1.50955928
381.5  1.50193294
382.0  1.50760539
382.5  1.52451424
383.0  1.54210805
383.5  1.55363280
384.0  1.55371483
384.5  1.53846060
385.0  1.50895313
385.5  1.47085722
386.0  1.42730889
386.5  1.39519903
387.0  1.38448679
387.5  1.39849388
388.0  1.43345527
388.5  1.47638209
389.0  1.51165947
389.5  1.52668899
390.0  1.51818676
390.5  1.49199132
391.0  1.45792690
391.5  1.43171449
392.0  1.42164222
392.5  1.42836669
393.0  1.44798989
393.5  1.47202746
394.0  1.49152426
394.5  1.49997962
395.0  1.49272537
395.5  1.46997771
396.0  1.43401146
396.5  1.39583694
397.0  1.36858276
397.5  1.36359297
398.0  1.38222867
398.5  1.42188612
399.0  1.46752480
399.5  1.50366239
400.0  1.51804819
400.5  1.50497518
401.0  1.47276827
401.5  1.42972627
402.0  1.39085286
402.5  1.36870268
403.0  1.36671316
403.5  1.38311781
404.0  1.40760978
404.5  1.43349476
405.0  1.45243578
405.5  1.46058598
406.0  1.45150667
406.5  1.42548345
407.0  1.39677984
407.5  1.37687488
408.0  1.37111508
408.5  1.38388661
409.0  1.41195182
409.5  1.44796556
410.0  1.47775211
410.5  1.48831527
411.0  1.47639954
411.5  1.44871019
412.0  1.41672641
412.5  1.39109853
413.0  1.38047203
413.5  1.38998045
414.0  1.41766588
414.5  1.45132382
415.0  1.48435724
415.5  1.51006695
416.0  1.52251516
416.5  1.51764947
417.0  1.50286481
417.5  1.48395737
418.0  1.47108586
418.5  1.47279443
419.0  1.49264852
419.5  1.52689491
420.0  1.56169596
420.5  1.58353530
421.0  1.58201871
421.5  1.55457889
422.0  1.50731636
422.5  1.45544551
423.0  1.41304389
423.5  1.38829954
424.0  1.37934940
424.5  1.38526210
425.0  1.39980235
425.5  1.41298680
426.0  1.41564206
426.5  1.40225224
427.0  1.37525408
427.5  1.34010812
428.0  1.30791509
428.5  1.28647545
429.0  1.28909377
429.5  1.31703709
430.0  1.36739292
430.5  1.42885624
431.0  1.48603173
431.5  1.52609849
432.0  1.54167148
432.5  1.53634879
433.0  1.52406357
433.5  1.51832856
434.0  1.52593860
434.5  1.54936849
435.0  1.58392314
435.5  1.62301404
436.0  1.65694965
436.5  1.67368379
437.0  1.66790837
437.5  1.64235855
438.0  1.59554268
438.5  1.54219316
439.0  1.49291912
439.5  1.46055857
440.0  1.44707559
440.5  1.45368889
441.0  1.47028376
441.5  1.47939343
442.0  1.47032235
442.5  1.44335823
443.0  1.40399474
443.5  1.36419373
444.0  1.33745433
444.5  1.33464669
445.0  1.35865208
445.5  1.40149367
446.0  1.45087554
446.5  1.49900942
447.0  1.53416927
447.5  1.54778686
448.0  1.53467475
448.5  1.50321144
449.0  1.46717596
449.5  1.43317808
450.0  1.41378420
450.5  1.41574458
451.0  1.43896914
451.5  1.47111126
452.0  1.49888260
452.5  1.50430218
453.0  1.48715637
453.5  1.45165383
454.0  1.41104043
454.5  1.37922527
455.0  1.36088323
455.5  1.36912344
456.0  1.38825236
456.5  1.41547177
457.0  1.43762817
457.5  1.44902825
458.0  1.44373130
458.5  1.41683564
459.0  1.37747541
459.5  1.33815458
460.0  1.31041019
460.5  1.30143884
461.0  1.31873843
461.5  1.36295170
462.0  1.41370213
462.5  1.46322655
463.0  1.49518330
463.5  1.51168521
464.0  1.50941575
464.5  1.50332245
465.0  1.50619607
465.5  1.51949548
466.0  1.55032619
466.5  1.58925830
467.0  1.62648451
467.5  1.64902702
468.0  1.65699615
468.5  1.63856180
469.0  1.59937979
469.5  1.54135158
470.0  1.48705637
470.5  1.44102385
471.0  1.41603662
471.5  1.41408982
472.0  1.43170340
472.5  1.45865260
473.0  1.48110340
473.5  1.48077692
474.0  1.46010734
474.5  1.42269728
475.0  1.38658843
475.5  1.36084225
476.0  1.35939926
476.5  1.38538337
477.0  1.42580072
477.5  1.47246473
478.0  1.50627393
478.5  1.52974037
479.0  1.52485258
479.5  1.49975269
480.0  1.45189037
480.5  1.40568564
481.0  1.36896073
481.5  1.35895231
482.0  1.37892032
482.5  1.42129278
483.0  1.47525286
483.5  1.52471930
484.0  1.54859453
484.5  1.54339833
485.0  1.50675772
485.5  1.46359520
486.0  1.42403025
486.5  1.40683967
487.0  1.41010410
487.5  1.43864077
488.0  1.47697255
488.5  1.51550801
489.0  1.53607338
489.5  1.53050799
490.0  1.50640281
490.5  1.46707483
491.0  1.42680036
491.5  1.39461171
492.0  1.39199933
492.5  1.41591609
493.0  1.46608086
493.5  1.52267774
494.0  1.56987885
494.5  1.59296635
495.0  1.58793701
495.5  1.55713193
496.0  1.51747400
496.5  1.48456950
497.0  1.47283757
497.5  1.47694666
498.0  1.49915439
498.5  1.52422320
499.0  1.54370096
499.5  1.53764314
500.0  1.50991587
500.5  1.45657465
501.0  1.38884288
501.5  1.32306793
502.0  1.27091449
502.5  1.24705095
503.0  1.25294806
503.5  1.28721245
504.0  1.32731446
504.5  1.36476908
505.0  1.38172054
505.5  1.37487656
506.0  1.34659747
506.5  1.31754755
507.0  1.30270319
507.5  1.31164424
508.0  1.34713905
508.5  1.40483735
509.0  1.47045880
509.5  1.53171445
510.0  1.56871036
510.5  1.58478734
511.0  1.56895361
511.5  1.53907828
512.0  1.50088237
512.5  1.47401962
513.0  1.46914516
513.5  1.48803128
514.0  1.52904864
514.5  1.56969677
515.0  1.60310529
515.5  1.60420015
516.0  1.57949179
516.5  1.52578078
517.0  1.47117401
517.5  1.42356493
518.0  1.40236155
518.5  1.40623492
519.0  1.43428631
519.5  1.47273612
520.0  1.50746048
520.5  1.52590664
521.0  1.52140267
521.5  1.49042496
522.0  1.45057982
522.5  1.40644795
523.0  1.38207589
523.5  1.37469848
524.0  1.40050504
524.5  1.44211060
525.0  1.49679323
525.5  1.53758718
526.0  1.55379931
526.5  1.54328753
527.0  1.50638695
527.5  1.46982847
528.0  1.43325535
528.5  1.42392833
529.0  1.42922885
529.5  1.46237702
530.0  1.49795647
530.5  1.53170122
531.0  1.54389485
531.5  1.53106424
532.0  1.49542506
532.5  1.44266007
533.0  1.38590478
533.5  1.33902334
534.0  1.30985524
534.5  1.31320236
535.0  1.33274153
535.5  1.36856873
536.0  1.39462144
536.5  1.41191436
537.0  1.40531945
537.5  1.39139448
538.0  1.37395322
538.5  1.36778350
539.0  1.38688945
539.5  1.42093395
540.0  1.47659117
540.5  1.52984731
541.0  1.58203449
541.5  1.60676172
542.0  1.61237866
542.5  1.58858759
543.0  1.54770350
543.5  1.50157100
544.0  1.46710680
544.5  1.45191863
545.0  1.45671846
545.5  1.47540654
546.0  1.49589504
546.5  1.50174082
547.0  1.49226722
547.5  1.45992342
548.0  1.42523463
548.5  1.38715609
549.0  1.37566339
549.5  1.38053677
550.0  1.41416859
550.5  1.45652266
551.0  1.49918400
551.5  1.52978659
552.0  1.53320401
552.5  1.51525300
553.0  1.46972990
553.5  1.41899109
554.0  1.36708274
554.5  1.34239673
555.0  1.34275600
555.5  1.36932471
556.0  1.40930132
556.5  1.45122602
557.0  1.47487939
557.5  1.47278237
558.0  1.44949609
558.5  1.41871278
559.0  1.39163755
559.5  1.38418198
560.0  1.39641754
560.5  1.43521423
561.0  1.47536674
561.5  1.52117310
562.0  1.54675700
562.5  1.55061735
563.0  1.52637481
563.5  1.48496009
564.0  1.43871655
564.5  1.39719858
565.0  1.38409427
565.5  1.39728739
566.0  1.44606931
566.5  1.50185367
567.0  1.56453554
567.5  1.60205457
568.0  1.61470815
568.5  1.59752552
569.0  1.56643586
569.5  1.53577676
570.0  1.51923251
570.5  1.51879632
571.0  1.53537058
571.5  1.56279873
572.0  1.58896137
572.5  1.59595352
573.0  1.58518557
573.5  1.54353849
574.0  1.48784101
574.5  1.42139120
575.0  1.36857898
575.5  1.33600614
576.0  1.33347018
576.5  1.36028285
577.0  1.40119761
577.5  1.44971309
578.0  1.47480582
578.5  1.48648973
579.0  1.46722028
579.5  1.44849544
580.0  1.42675255
580.5  1.42339479
581.0  1.44325666
581.5  1.48076917
582.0  1.51812398
582.5  1.55394328
583.0  1.57284361
583.5  1.56429703
584.0  1.52646378
584.5  1.46783419
585.0  1.39931971
585.5  1.34628974
586.0  1.30938398
586.5  1.31059671
587.0  1.33241428
587.5  1.37257575
588.0  1.41338574
588.5  1.43462536
589.0  1.43521727
589.5  1.40942998
590.0  1.38430868
590.5  1.35947687
591.0  1.36483951
591.5  1.38677023
592.0  1.44020110
592.5  1.50090404
593.0  1.55864696
593.5  1.59784554
594.0  1.61405457
594.5  1.60107733
595.0  1.56549319
595.5  1.52375608
596.0  1.48867000
596.5  1.46731857
597.0  1.47638477
597.5  1.50421511
598.0  1.54853400
598.5  1.57753337
599.0  1.59108397
599.5  1.57009277
600.0  1.53058165
600.5  1.47540125
601.0  1.42739659
601.5  1.39928173
602.0  1.39335614
602.5  1.41671054
603.0  1.44700461
603.5  1.48443936
604.0  1.50162786
604.5  1.50472131
605.0  1.47880343
605.5  1.43817481
606.0  1.38976254
606.5  1.35497076
607.0  1.34037866
607.5  1.35625733
608.0  1.39528837
608.5  1.44686510
609.0  1.49367136
609.5  1.52320735
610.0  1.52678114
610.5  1.51389907
611.0  1.48262438
611.5  1.45835092
612.0  1.44804746
612.5  1.46063512
613.0  1.49610962
613.5  1.53316716
614.0  1.56990512
614.5  1.58605062
615.0  1.58435960
615.5  1.55289027
616.0  1.50806989
616.5  1.45233418
617.0  1.41077687
617.5  1.38440312
618.0  1.38587437
618.5  1.40479268
619.0  1.43667094
619.5  1.46297718
620.0  1.47771653
620.5  1.47567027
621.0  1.46052391
621.5  1.44341303
622.0  1.43661562
622.5  1.45011864
623.0  1.48489747
623.5  1.53714730
624.0  1.59544241
624.5  1.64577297
625.0  1.68191786
625.5  1.69108403
626.0  1.67636093
626.5  1.64046710
627.0  1.59222513
627.5  1.55519915
628.0  1.52707554
628.5  1.52094922
629.0  1.52113203
629.5  1.52634190
630.0  1.51570883
630.5  1.48875802
631.0  1.44274391
631.5  1.38733217
632.0  1.33148107
632.5  1.28956325
633.0  1.27114331
633.5  1.28145982
634.0  1.31298637
634.5  1.35656182
635.0  1.39726770
635.5  1.43068755
636.0  1.44250171
636.5  1.43234694
637.0  1.40837293
637.5  1.38553021
638.0  1.37440172
638.5  1.38147246
639.0  1.41371666
639.5  1.45692940
640.0  1.50508429
640.5  1.54231837
641.0  1.56283372
641.5  1.55910425
642.0  1.54304136
642.5  1.51890748
643.0  1.50600548
643.5  1.51664258
644.0  1.54165594
644.5  1.58097252
645.0  1.62685603
645.5  1.66140360
646.0  1.67414046
646.5  1.65562346
647.0  1.61186396
647.5  1.54564862
648.0  1.48202999
648.5  1.42128408
649.0  1.38737944
649.5  1.38347617
650.0  1.40299839
650.5  1.42987791
651.0  1.45129816
651.5  1.46188417
652.0  1.44903593
652.5  1.42649890
653.0  1.40431208
653.5  1.40044803
654.0  1.41267651
654.5  1.45223575
655.0  1.51060288
655.5  1.57444668
656.0  1.62959506
656.5  1.66261241
657.0  1.66474301
657.5  1.63601678
658.0  1.58676866
658.5  1.53060067
659.0  1.48174375
659.5  1.45203080
660.0  1.44409532
660.5  1.45736412
661.0  1.47435507
661.5  1.48519873
662.0  1.47614002
662.5  1.44920580
663.0  1.41670399
663.5  1.37722420
664.0  1.35480528
664.5  1.35213653
665.0  1.37643997
665.5  1.41870849
666.0  1.46881978
666.5  1.51205733
667.0  1.54096316
667.5  1.54483670
668.0  1.52541049
668.5  1.48867378
669.0  1.45339531
669.5  1.42808831
670.0  1.42536490
670.5  1.44708458
671.0  1.48931005
671.5  1.53268698
672.0  1.56960227
672.5  1.58349468
673.0  1.57392561
673.5  1.54736533
674.0  1.51758264
674.5  1.49561164
675.0  1.48806452
675.5  1.50934348
676.0  1.54618069
676.5  1.58806683
677.0  1.61751063
677.5  1.62988776
678.0  1.60882900
678.5  1.56134935
679.0  1.49269873
679.5  1.42633099
680.0  1.37667321
680.5  1.35395706
681.0  1.35984959
681.5  1.38657277
682.0  1.42272536
682.5  1.45237935
683.0  1.45995665
683.5  1.45330939
684.0  1.42574428
684.5  1.39910672
685.0  1.37530569
685.5  1.37725110
686.0  1.39812458
686.5  1.44100534
687.0  1.49090771
687.5  1.53386273
688.0  1.56161066
688.5  1.56045681
689.0  1.53988794
689.5  1.50094635
690.0  1.46125806
690.5  1.43005836
691.0  1.42732457
691.5  1.45337815
692.0  1.48951653
692.5  1.52812387
693.0  1.56144280
693.5  1.57400829
694.0  1.56916089
694.5  1.54803947
695.0  1.52797139
695.5  1.50795630
696.0  1.50702606
696.5  1.52292214
697.0  1.55790597
697.5  1.59315693
698.0  1.62567226
698.5  1.63484544
699.0  1.62709570
699.5  1.59283226
700.0  1.54455386
700.5  1.49904425
701.0  1.46859937
701.5  1.46186201
702.0  1.47810804
702.5  1.51484209
703.0  1.55112830
703.5  1.57275543
704.0  1.57305773
704.5  1.55204796
705.0  1.51932620
705.5  1.48491495
706.0  1.46187108
706.5  1.46077889
707.0  1.48194683
707.5  1.51802625
708.0  1.55170809
708.5  1.58719228
709.0  1.59582527
709.5  1.58565710
710.0  1.54583803
710.5  1.49981536
711.0  1.45102449
711.5  1.42004653
712.0  1.41932740
712.5  1.44356643
713.0  1.48169712
713.5  1.52024879
714.0  1.54725938
714.5  1.54351277
715.0  1.52075498
715.5  1.48316307
716.0  1.44831852
716.5  1.42748563
717.0  1.43016605
717.5  1.45857443
718.0  1.50239764
718.5  1.54977414
719.0  1.58859356
719.5  1.60063509
720.0  1.58959980
720.5  1.54886324
721.0  1.49952499
721.5  1.44692827
722.0  1.41593295
722.5  1.41042006
723.0  1.43626265
723.5  1.47631939
724.0  1.51744232
724.5  1.54371685
725.0  1.53910561
725.5  1.51656492
726.0  1.48015206
726.5  1.44645587
727.0  1.42459821
727.5  1.43602251
728.0  1.46257665
728.5  1.51083266
729.0  1.56121079
729.5  1.60216526
730.0  1.61792180
730.5  1.60449358
731.0  1.56598040
731.5  1.50997433
732.0  1.45589664
732.5  1.42001555
733.0  1.40644722
733.5  1.42259379
734.0  1.44610873
734.5  1.48037094
735.0  1.49308414
735.5  1.49036431
736.0  1.46307593
736.5  1.42746158
737.0  1.39769571
737.5  1.38246118
738.0  1.39710374
738.5  1.43284755
739.0  1.49381569
739.5  1.55518316
740.0  1.60657075
740.5  1.63027187
741.0  1.63143489
741.5  1.60405809
742.0  1.56023166
742.5  1.52250112
743.0  1.50192806
743.5  1.50403565
744.0  1.53086863
744.5  1.56731740
745.0  1.60032437
745.5  1.61025678
746.0  1.60012112
746.5  1.55422630
747.0  1.50658965
747.5  1.46003176
748.0  1.43412179
748.5  1.43247094
749.0  1.45904470
749.5  1.50319018
750.0  1.54243564
750.5  1.58177413
751.0  1.59184143
751.5  1.58278165
752.0  1.54159201
752.5  1.49808733
753.0  1.46118116
753.5  1.44728139
754.0  1.46033089
754.5  1.50035162
755.0  1.55072095
755.5  1.59640729
756.0  1.62243014
756.5  1.61869078
757.0  1.58810216
757.5  1.54993307
758.0  1.50915931
758.5  1.49358733
759.0  1.50241340
759.5  1.54345651
760.0  1.58839132
760.5  1.62859816
761.0  1.65692859
761.5  1.65305758
762.0  1.62313211
762.5  1.55837667
763.0  1.48814794
763.5  1.41439457
764.0  1.37207247
764.5  1.35138682
765.0  1.35830513
765.5  1.38129098
766.0  1.40803667
766.5  1.42415068
767.0  1.41691757
767.5  1.39248075
768.0  1.36587918
768.5  1.35074692
769.0  1.35719522
769.5  1.38577243
770.0  1.43720801
770.5  1.50528208
771.0  1.57561254
771.5  1.63095184
772.0  1.65940865
772.5  1.66221791
773.0  1.64151676
773.5  1.60693157
774.0  1.57378501
774.5  1.55970569
775.0  1.56960557
775.5  1.59299618
776.0  1.61850609
776.5  1.63363163
777.0  1.62797045
777.5  1.59562232
778.0  1.54374179
778.5  1.49177395
779.0  1.44888792
779.5  1.42474899
780.0  1.42683845
780.5  1.44685283
781.0  1.48041291
781.5  1.51342794
782.0  1.53234664
782.5  1.53264225
783.0  1.51420748
783.5  1.48313684
784.0  1.45210638
784.5  1.43538909
785.0  1.44623613
785.5  1.48420736
786.0  1.54764203
786.5  1.60880434
787.0  1.65260486
787.5  1.66956079
788.0  1.65990181
788.5  1.63281245
789.0  1.59837544
789.5  1.56803554
790.0  1.55906788
790.5  1.57169024
791.0  1.59541909
791.5  1.62092250
792.0  1.64153525
792.5  1.64131151
793.0  1.61706315
793.5  1.56859938
794.0  1.50508978
794.5  1.44051190
795.0  1.39679651
795.5  1.38207409
796.0  1.39913747
796.5  1.44431161
797.0  1.49488519
797.5  1.52761078
798.0  1.54100708
798.5  1.53680279
799.0  1.51894316
799.5  1.49884841
800.0  1.48844030
800.5  1.50300907
801.0  1.54477616
801.5  1.60108143
802.0  1.65811626
802.5  1.70688720
803.0  1.73744013
803.5  1.73944673
804.0  1.71572913
804.5  1.66559459
805.0  1.61197948
805.5  1.57427219
806.0  1.56606886
806.5  1.58342755
807.0  1.61480853
807.5  1.64033799
808.0  1.64629467
808.5  1.62717565
809.0  1.57901055
809.5  1.51117796
810.0  1.44777538
810.5  1.40542078
811.0  1.39089512
811.5  1.39854516
812.0  1.43125390
812.5  1.47687218
813.0  1.52300240
813.5  1.55368878
814.0  1.55765007
814.5  1.53637785
815.0  1.50206895
815.5  1.47246947
816.0  1.46085467
816.5  1.47166939
817.0  1.50853197
817.5  1.56301072
818.0  1.61578387
818.5  1.64133668
819.0  1.63131956
819.5  1.59273433
820.0  1.54282702
820.5  1.49400030
821.0  1.45894365
821.5  1.44613460
822.0  1.46574454
822.5  1.50398840
823.0  1.54930356
823.5  1.58966516
824.0  1.61597794
824.5  1.61965426
825.0  1.59852357
825.5  1.55767664
826.0  1.52807086
826.5  1.51695506
827.0  1.53669909
827.5  1.58157220
828.0  1.63729146
828.5  1.68162756
829.0  1.70834642
829.5  1.70717701
830.0  1.67675718
830.5  1.63092762
831.0  1.58567522
831.5  1.55669061
832.0  1.55635199
832.5  1.57473386
833.0  1.60399401
833.5  1.63919811
834.0  1.66733506
834.5  1.67509589
835.0  1.65500720
835.5  1.61028172
836.0  1.55354008
836.5  1.49981058
837.0  1.46293219
837.5  1.46048620
838.0  1.48780237
838.5  1.52826743
839.0  1.56141182
839.5  1.57788548
840.0  1.57009126
840.5  1.53586328
841.0  1.48340523
841.5  1.43301166
842.0  1.40948035
842.5  1.41402839
843.0  1.44035905
843.5  1.48503542
844.0  1.53872378
844.5  1.59022429
845.0  1.62314171
845.5  1.62762934
846.0  1.60736843
846.5  1.57701181
847.0  1.54587509
847.5  1.53190796
848.0  1.54310637
848.5  1.57917134
849.0  1.62998915
849.5  1.67476637
850.0  1.69297444
850.5  1.68064876
851.0  1.64558514
851.5  1.59800913
852.0  1.55185845
852.5  1.52567852
853.0  1.52284886
853.5  1.54132020
854.0  1.58037918
854.5  1.62887115
855.0  1.66691281
855.5  1.68020678
856.0  1.66746196
856.5  1.63637138
857.0  1.59244862
857.5  1.54335489
858.0  1.50638872
858.5  1.49750329
859.0  1.51438093
859.5  1.54493749
860.0  1.56985742
860.5  1.57439134
861.0  1.55307987
861.5  1.51302847
862.0  1.46770739
862.5  1.43225265
863.0  1.41646013
863.5  1.42220374
864.0  1.45160228
864.5  1.49796494
865.0  1.54853015
865.5  1.58460840
866.0  1.59587053
866.5  1.58835347
867.0  1.55707911
867.5  1.51159259
868.0  1.47031041
868.5  1.45144417
869.0  1.46515368
869.5  1.50637886
870.0  1.55731460
870.5  1.59986814
871.0  1.62816751
871.5  1.62576167
872.0  1.60290786
872.5  1.57269319
873.0  1.54971272
873.5  1.53835211
874.0  1.54909311
874.5  1.57976373
875.0  1.61948600
875.5  1.65506051
876.0  1.67605425
876.5  1.67568271
877.0  1.64748573
877.5  1.59891184
878.0  1.54586000
878.5  1.50526010
879.0  1.48544775
879.5  1.50091643
880.0  1.54459992
880.5  1.59858064
881.0  1.64432553
881.5  1.66431768
882.0  1.65598968
882.5  1.62773714
883.0  1.59573954
883.5  1.56957573
884.0  1.56340548
884.5  1.57526044
885.0  1.61139682
885.5  1.65417631
886.0  1.69490184
886.5  1.72378829
887.0  1.72854159
887.5  1.70644843
888.0  1.66245163
888.5  1.61274853
889.0  1.56904300
889.5  1.54379930
890.0  1.53819745
890.5  1.56103522
891.0  1.58726714
891.5  1.60023757
892.0  1.58217024
892.5  1.54464014
893.0  1.49170005
893.5  1.43593908
894.0  1.39069054
894.5  1.37171629
895.0  1.37758137
895.5  1.40505609
896.0  1.44748917
896.5  1.49197398
897.0  1.53117451
897.5  1.54758691
898.0  1.54433923
898.5  1.52477185
899.0  1.50458343
899.5  1.49730901
900.0  1.51818951
900.5  1.56319466
901.0  1.62540472
901.5  1.68751873
902.0  1.73634702
902.5  1.75882450
903.0  1.74608025
903.5  1.70980279
904.0  1.67115814
904.5  1.64528010
905.0  1.63534068
905.5  1.64530606
906.0  1.67222785
906.5  1.70662382
907.0  1.72997351
907.5  1.73409279
908.0  1.71245887
908.5  1.66170130
909.0  1.59597020
909.5  1.53050411
910.0  1.48096206
910.5  1.45834008
911.0  1.46905305
911.5  1.50688284
912.0  1.55249757
912.5  1.58564949
913.0  1.58961259
913.5  1.56226751
914.0  1.51789748
914.5  1.47514520
915.0  1.45142534
915.5  1.45605194
916.0  1.48291017
916.5  1.52774459
917.0  1.57745792
917.5  1.62475949
918.0  1.65391171
918.5  1.65461223
919.0  1.62603971
919.5  1.58404304
920.0  1.54049651
920.5  1.51302372
921.0  1.51753514
921.5  1.55585377
922.0  1.61236542
922.5  1.66017186
923.0  1.69332053
923.5  1.69264778
924.0  1.65592227
924.5  1.59225160
925.0  1.52386992
925.5  1.47279398
926.0  1.45240076
926.5  1.45635091
927.0  1.48434331
927.5  1.52573424
928.0  1.56399365
928.5  1.58643137
929.0  1.58658091
929.5  1.56570141
930.0  1.53524324
930.5  1.50626654
931.0  1.49791224
931.5  1.52242877
932.0  1.58438595
932.5  1.66422113
933.0  1.74104069
933.5  1.79763983
934.0  1.81522246
934.5  1.79331904
935.0  1.74462146
935.5  1.68673167
936.0  1.64027487
936.5  1.61898415
937.0  1.61235920
937.5  1.63203529
938.0  1.66456806
938.5  1.68893584
939.0  1.69004325
939.5  1.66533801
940.0  1.61413869
940.5  1.54811059
941.0  1.48278521
941.5  1.43273640
942.0  1.41408722
942.5  1.43018255
943.0  1.46286198
943.5  1.49805890
944.0  1.52127407
944.5  1.51449292
945.0  1.47924598
945.5  1.42884435
946.0  1.38322122
946.5  1.35898011
947.0  1.36827227
947.5  1.41055515
948.0  1.47544790
948.5  1.55121213
949.0  1.61945475
949.5  1.66818475
950.0  1.69019315
950.5  1.67750352
951.0  1.64531294
951.5  1.60671277
952.0  1.58443375
952.5  1.58507890
953.0  1.61082355
953.5  1.65879103
954.0  1.69669834
954.5  1.70603656
955.0  1.68459583
955.5  1.62111773
956.0  1.55224594
956.5  1.47466890
957.0  1.42353575
957.5  1.39577535
958.0  1.41714715
958.5  1.44726597
959.0  1.49959657
959.5  1.54689465
960.0  1.57056053
960.5  1.56929994
961.0  1.54570628
961.5  1.50934337
962.0  1.46926921
962.5  1.45306126
963.0  1.47212513
963.5  1.52151351
964.0  1.58992052
964.5  1.65992194
965.0  1.70957643
965.5  1.71508293
966.0  1.68760528
966.5  1.63884532
967.0  1.58290518
967.5  1.54253343
968.0  1.52149782
968.5  1.53093482
969.0  1.55221182
969.5  1.59312721
970.0  1.60824841
970.5  1.61356204
971.0  1.58025790
971.5  1.52628908
972.0  1.45611780
972.5  1.39845155
973.0  1.36264719
973.5  1.36193414
974.0  1.40176382
974.5  1.46248484
975.0  1.52715409
975.5  1.57055608
976.0  1.59191043
976.5  1.58129524
977.0  1.54501258
977.5  1.51925824
978.0  1.51103098
978.5  1.52293521
979.0  1.56306074
979.5  1.62245184
980.0  1.68957603
980.5  1.73581775
981.0  1.76331831
981.5  1.74620446
982.0  1.71173486
982.5  1.64892882
983.0  1.59494468
983.5  1.55482328
984.0  1.54966531
984.5  1.57775906
985.0  1.61829774
985.5  1.65713581
986.0  1.67412592
986.5  1.65930475
987.0  1.60894453
987.5  1.54903620
988.0  1.49111458
988.5  1.44662427
989.0  1.43267299
989.5  1.44972355
990.0  1.48045138
990.5  1.50877592
991.0  1.53475129
991.5  1.54386771
992.0  1.51302684
992.5  1.46836966
993.0  1.40968855
993.5  1.36253692
994.0  1.33406732
994.5  1.34699247
995.0  1.39184360
995.5  1.45589375
996.0  1.51972808
996.5  1.56553379
997.0  1.57370008
997.5  1.54979546
998.0  1.51061534
998.5  1.47419379
999.0  1.45383923
999.5  1.45951940
1000.0  1.48821692
