9.993178960292290469e-01 -1.385131542679264973e-03 7.219343224696310793e-07 -3.976269282515347211e-03
1.393706084279444082e-03 9.993186463083459925e-01 9.650765551212590944e-06 -2.221904598789780911e-04
1.240690770542828914e-06 -5.929529937036625924e-06 9.993098250523030357e-01 -4.415206204654910935e-04
3.997455672434162624e-03 2.160535256887414113e-04 4.396868041061000151e-04 9.992870823276319703e-01
