# Step S0->S0 S0->S1 S0->S2 S0->S3 S0->S4 S0->S5 S0->S6 S0->S7 S0->S8 S0->S9
0.0  0.00132 -0.02288 -0.01660 0.62324 0.06532 -0.06124 -0.09756 0.11260 -0.06568 -0.08220
0.5  -0.00112 -0.02120 -0.02628 0.45472 0.42744 -0.04700 -0.12316 0.01644 0.12044 -0.08484
1.0  -0.00212 -0.01928 -0.03472 0.24212 0.57284 -0.03484 -0.13224 0.03660 0.11836 -0.08296
1.5  -0.00168 -0.01700 -0.04180 0.19824 0.58784 -0.02644 -0.12668 0.07012 0.11928 -0.07660
2.0  0.00016 -0.01456 -0.04732 0.18504 0.59120 -0.02272 -0.12776 0.07860 0.12112 -0.06680
2.5  0.00316 -0.01200 -0.05100 0.18008 0.59276 -0.02420 -0.13352 0.07716 0.12232 -0.05600
3.0  0.00684 -0.00944 -0.05292 0.17696 0.59476 -0.03284 -0.13976 0.07144 0.12252 -0.04616
3.5  0.01084 -0.00712 -0.05316 0.17296 0.59812 -0.05360 -0.14216 0.06340 0.12136 -0.03816
4.0  0.01468 -0.00508 -0.05184 0.16640 0.60300 -0.09764 -0.12668 0.05396 0.11880 -0.03220
4.5  0.01792 -0.00344 -0.04912 0.15568 0.60952 -0.14680 -0.07876 0.04372 0.11496 -0.02832
5.0  0.02008 -0.00224 -0.04508 0.13948 0.61748 -0.16660 -0.04092 0.03336 0.11000 -0.02632
5.5  0.02084 -0.00144 -0.04004 0.11700 0.62644 -0.17372 -0.01880 0.02340 0.10416 -0.02520
6.0  0.01992 -0.00116 -0.03424 0.08796 0.63536 -0.17600 -0.00348 0.01432 0.09748 -0.02404
6.5  0.01716 -0.00124 -0.02780 0.05300 0.64316 -0.17544 0.00884 0.00660 0.09012 -0.02260
7.0  0.01248 -0.00168 -0.02104 0.01372 0.64860 -0.17276 0.01944 0.00028 0.08232 -0.02052
7.5  0.00616 -0.00232 -0.01416 -0.02756 0.65100 -0.16832 0.02860 -0.00480 0.07416 -0.01780
8.0  -0.00152 -0.00316 -0.00736 -0.06864 0.65020 -0.16252 0.03664 -0.00916 0.06564 -0.01468
8.5  -0.01004 -0.00412 -0.00068 -0.10808 0.64648 -0.15548 0.04348 -0.01320 0.05688 -0.01124
9.0  -0.01864 -0.00516 0.00580 -0.14552 0.64012 -0.14740 0.04936 -0.01752 0.04764 -0.00756
9.5  -0.02672 -0.00624 0.01192 -0.18164 0.63120 -0.13844 0.05400 -0.02260 0.03764 -0.00388
10.0  -0.03348 -0.00728 0.01772 -0.21760 0.61956 -0.12876 0.05688 -0.02852 0.02636 0.00004
10.5  -0.03848 -0.00828 0.02308 -0.25536 0.60416 -0.11892 0.05700 -0.03500 0.01284 0.01552
11.0  -0.04128 -0.00932 0.02796 -0.29740 0.58328 -0.10980 0.05264 -0.03972 0.00320 0.06336
11.5  -0.04172 -0.01032 0.03220 -0.34608 0.55392 -0.10060 0.04796 -0.03888 0.01996 0.07124
12.0  -0.03996 -0.01136 0.03572 -0.40248 0.51192 -0.08132 0.06308 -0.02896 0.03272 0.07768
12.5  -0.03620 -0.01244 0.03836 -0.46348 0.45428 -0.03980 0.08792 -0.01344 0.03884 0.08264
13.0  -0.03092 -0.01336 0.03988 -0.52008 0.38432 -0.02284 0.08780 0.00208 0.03936 0.08584
13.5  -0.02448 -0.01428 0.04032 -0.56324 0.31328 -0.02224 0.08256 0.01492 0.03656 0.08724
14.0  -0.01740 -0.01512 0.03960 -0.59104 0.25212 -0.02652 0.07644 0.02512 0.03240 0.08692
14.5  -0.01012 -0.01596 0.03764 -0.60732 0.20492 -0.03260 0.07008 0.03304 0.02784 0.08484
15.0  -0.00292 -0.01656 0.03440 -0.61672 0.17036 -0.03872 0.06348 0.03928 0.02336 0.08128
15.5  0.00380 -0.01720 0.03000 -0.62256 0.14532 -0.04408 0.05668 0.04416 0.01928 0.07636
16.0  0.00976 -0.01756 0.02444 -0.62676 0.12688 -0.04792 0.04984 0.04796 0.01568 0.07020
16.5  0.01464 -0.01768 0.01780 -0.63032 0.11288 -0.05008 0.04312 0.05100 0.01260 0.06308
17.0  0.01832 -0.01752 0.01012 -0.63376 0.10152 -0.05016 0.03644 0.05348 0.00960 0.05508
17.5  0.02052 -0.01708 0.00160 -0.63732 0.09100 -0.04844 0.03000 0.05560 0.00680 0.04644
18.0  0.02124 -0.01628 -0.00764 -0.64116 0.07936 -0.04504 0.02380 0.05732 0.00360 0.03724
18.5  0.02056 -0.01516 -0.01732 -0.64532 0.06348 -0.04020 0.01788 0.05868 -0.00056 0.02752
19.0  0.01872 -0.01368 -0.02712 -0.64964 0.03724 -0.03412 0.01232 0.05940 -0.00632 0.01748
19.5  0.01604 -0.01180 -0.03676 -0.65268 -0.01208 -0.02696 0.00728 0.05844 -0.01536 0.00748
20.0  0.01304 -0.00952 -0.04568 -0.64488 -0.11196 -0.01896 0.00256 0.05180 -0.03112 -0.00216
20.5  0.01012 -0.00688 -0.05368 -0.59264 -0.28092 -0.01152 -0.00216 0.03328 -0.04916 -0.01108
21.0  0.00780 -0.00380 -0.06032 -0.50048 -0.42548 -0.00796 -0.00792 0.01648 -0.05456 -0.01864
21.5  0.00632 -0.00040 -0.06544 -0.43692 -0.49148 -0.01016 -0.01440 0.00788 -0.05260 -0.02456
22.0  0.00588 0.00324 -0.06868 -0.40620 -0.51764 -0.01564 -0.01944 0.00436 -0.04824 -0.02912
22.5  0.00652 0.00704 -0.06984 -0.39368 -0.52728 -0.02232 -0.02236 0.00440 -0.04328 -0.03264
23.0  0.00804 0.01080 -0.06940 -0.39076 -0.52940 -0.02964 -0.02300 0.00660 -0.03840 -0.03576
23.5  0.01028 0.01448 -0.06712 -0.39304 -0.52732 -0.03712 -0.02124 0.00972 -0.03388 -0.03876
24.0  0.01300 0.01788 -0.06320 -0.39828 -0.52288 -0.04448 -0.01740 0.01264 -0.02980 -0.04160
24.5  0.01584 0.02080 -0.05776 -0.40492 -0.51700 -0.05132 -0.01256 0.01396 -0.02604 -0.04440
25.0  0.01852 0.02324 -0.05108 -0.41224 -0.51044 -0.05756 -0.00824 0.01328 -0.02256 -0.04652
25.5  0.02076 0.02504 -0.04336 -0.41952 -0.50368 -0.06296 -0.00492 0.01104 -0.01932 -0.04820
26.0  0.02224 0.02616 -0.03480 -0.42604 -0.49724 -0.06756 -0.00260 0.00796 -0.01612 -0.04896
26.5  0.02260 0.02664 -0.02564 -0.43128 -0.49184 -0.07128 -0.00136 0.00436 -0.01300 -0.04880
27.0  0.02156 0.02644 -0.01608 -0.43432 -0.48832 -0.07412 -0.00184 0.00028 -0.00968 -0.04724
27.5  0.01888 0.02560 -0.00644 -0.43420 -0.48760 -0.07572 -0.00932 -0.00412 -0.00580 -0.04436
28.0  0.01440 0.02428 0.00300 -0.43024 -0.49028 -0.04620 -0.06244 -0.00888 -0.00064 -0.03992
28.5  0.00808 0.02256 0.01212 -0.42368 -0.49532 -0.02400 -0.07436 -0.01280 0.00792 -0.03384
29.0  0.00020 0.02060 0.02060 -0.41940 -0.49840 -0.02124 -0.07400 -0.00840 0.02344 -0.02624
29.5  -0.00884 0.01848 0.02832 -0.42716 -0.49136 -0.02124 -0.05900 0.03204 0.04240 -0.01748
30.0  -0.01844 0.01632 0.03516 -0.45460 -0.46572 -0.02228 -0.02176 0.04604 0.06204 -0.00808
30.5  -0.02792 0.01432 0.04092 -0.49564 -0.42144 -0.02384 -0.01244 0.02640 0.07540 0.00096
31.0  -0.03648 0.01248 0.04592 -0.53440 -0.37080 -0.02584 -0.00816 0.00996 0.08000 0.00880
31.5  -0.04344 0.01084 0.04972 -0.56224 -0.32668 -0.02860 -0.00604 -0.00116 0.08044 0.01452
32.0  -0.04820 0.00952 0.05240 -0.58016 -0.29272 -0.03224 -0.00568 -0.00912 0.07900 0.01784
32.5  -0.05040 0.00844 0.05388 -0.59164 -0.26772 -0.03700 -0.00652 -0.01524 0.07652 0.01868
33.0  -0.04992 0.00760 0.05420 -0.59884 -0.24916 -0.04308 -0.00760 -0.02016 0.07332 0.01752
33.5  -0.04688 0.00700 0.05336 -0.60316 -0.23544 -0.05052 -0.00812 -0.02400 0.06952 0.01512
34.0  -0.04160 0.00652 0.05136 -0.60552 -0.22548 -0.05860 -0.00780 -0.02704 0.06528 0.01432
34.5  -0.03444 0.00624 0.04820 -0.60628 -0.21920 -0.06560 -0.00668 -0.02952 0.06096 0.01368
35.0  -0.02600 0.00596 0.04396 -0.60616 -0.21612 -0.06908 -0.00472 -0.03148 0.05668 0.01332
35.5  -0.01684 0.00580 0.03876 -0.60552 -0.21632 -0.06704 -0.00212 -0.03308 0.05252 0.01332
36.0  -0.00752 0.00560 0.03252 -0.60440 -0.21952 -0.06016 0.00136 -0.03456 0.04872 0.01340
36.5  0.00136 0.00556 0.02536 -0.60236 -0.22616 -0.05036 0.00564 -0.03600 0.04528 0.01328
37.0  0.00932 0.00524 0.01756 -0.59848 -0.23776 -0.03944 0.01096 -0.03768 0.04232 0.01280
37.5  0.01584 0.00508 0.00904 -0.59160 -0.25592 -0.02872 0.01736 -0.03960 0.03968 0.01188
38.0  0.02068 0.00496 -0.00004 -0.58036 -0.28204 -0.01936 0.02504 -0.04188 0.03732 0.01012
38.5  0.02356 0.00480 -0.00936 -0.56324 -0.31640 -0.01192 0.03400 -0.04436 0.03488 0.00568
39.0  0.02452 0.00472 -0.01876 -0.53928 -0.35728 -0.00780 0.04440 -0.04668 0.03208 -0.00940
39.5  0.02372 0.00488 -0.02784 -0.50940 -0.40020 -0.00992 0.05580 -0.04876 0.02872 -0.03160
40.0  0.02156 0.00508 -0.03620 -0.47700 -0.43976 -0.02608 0.06436 -0.05012 0.02464 -0.05148
40.5  0.01860 0.00544 -0.04360 -0.44648 -0.47224 -0.05380 0.06260 -0.05076 0.01952 -0.04700
41.0  0.01548 0.00592 -0.04948 -0.42068 -0.49688 -0.07424 0.05936 -0.05080 0.01336 -0.04068
41.5  0.01284 0.00656 -0.05364 -0.40028 -0.51540 -0.08816 0.05920 -0.04992 0.00624 -0.03388
42.0  0.01116 0.00716 -0.05580 -0.38432 -0.52948 -0.09812 0.05992 -0.04780 -0.00148 -0.02668
42.5  0.01080 0.00784 -0.05580 -0.37096 -0.54172 -0.10440 0.06028 -0.04424 -0.00928 -0.01944
43.0  0.01196 0.00848 -0.05364 -0.35784 -0.55388 -0.10696 0.05948 -0.03912 -0.01676 -0.01224
43.5  0.01444 0.00900 -0.04944 -0.34244 -0.56744 -0.10580 0.05708 -0.03252 -0.02376 -0.00532
44.0  0.01800 0.00928 -0.04336 -0.32156 -0.58344 -0.10140 0.05300 -0.02456 -0.03024 0.00136
44.5  0.02208 0.00936 -0.03572 -0.29116 -0.60284 -0.09440 0.04732 -0.01564 -0.03620 0.00764
45.0  0.02620 0.00912 -0.02672 -0.24616 -0.62532 -0.08512 0.04068 -0.00648 -0.04180 0.01356
45.5  0.02988 0.00852 -0.01676 -0.18220 -0.64868 -0.07392 0.03360 0.00244 -0.04688 0.01884
46.0  0.03268 0.00748 -0.00604 -0.10056 -0.66700 -0.06120 0.02676 0.01048 -0.05140 0.02356
46.5  0.03428 0.00596 0.00472 -0.01368 -0.67416 -0.04736 0.02076 0.01740 -0.05500 0.02752
47.0  0.03452 0.00392 0.01556 0.06148 -0.67024 -0.03292 0.01604 0.02332 -0.05748 0.03064
47.5  0.03324 0.00136 0.02580 0.11652 -0.66084 -0.01852 0.01284 0.02872 -0.05916 0.03268
48.0  0.03044 -0.00168 0.03516 0.15284 -0.65076 -0.00468 0.01148 0.03376 -0.05928 0.03340
48.5  0.02620 -0.00512 0.04328 0.17552 -0.64192 -0.00808 0.01228 0.03856 -0.05832 0.03180
49.0  0.02064 -0.00892 0.04976 0.18956 -0.63452 -0.01908 0.01568 0.04304 -0.05616 0.02736
49.5  0.01392 -0.01292 0.05444 0.19960 -0.62824 -0.02748 0.02192 0.04700 -0.05308 0.02092
50.0  0.00632 -0.01696 0.05696 0.21080 -0.62152 -0.03228 0.03100 0.05020 -0.04940 0.01504
50.5  -0.00176 -0.02084 0.05776 0.23100 -0.61180 -0.03292 0.04196 0.05252 -0.04564 0.01072
51.0  -0.00992 -0.02448 0.05628 0.27812 -0.59000 -0.03000 0.05304 0.05392 -0.04196 0.00784
51.5  -0.01768 -0.02764 0.05324 0.39476 -0.51784 -0.02504 0.06292 0.05400 -0.03876 0.00580
52.0  -0.02464 -0.03020 0.04840 0.56256 -0.32696 -0.01924 0.07136 0.05260 -0.03616 0.00424
52.5  -0.03040 -0.03216 0.04204 0.62492 -0.18160 -0.01296 0.07848 0.04948 -0.03460 0.00308
53.0  -0.03468 -0.03344 0.03432 0.63852 -0.12792 -0.00628 0.08444 0.04420 -0.03444 0.00216
53.5  -0.03732 -0.03388 0.02572 0.64228 -0.11236 0.00112 0.08900 0.03676 -0.03580 0.00164
54.0  -0.03824 -0.03368 0.01660 0.64300 -0.11360 0.00944 0.09144 0.02776 -0.03876 0.00164
54.5  -0.03756 -0.03280 0.00688 0.64216 -0.12400 0.01900 0.09120 0.01908 -0.04284 0.00188
55.0  -0.03540 -0.03136 -0.00296 0.63956 -0.14088 0.02980 0.08836 0.01328 -0.04768 0.00220
55.5  -0.03196 -0.02952 -0.01276 0.63476 -0.16356 0.04196 0.08296 0.01144 -0.05256 0.00300
56.0  -0.02752 -0.02732 -0.02212 0.62680 -0.19312 0.05480 0.07532 0.01280 -0.05748 0.00380
56.5  -0.02232 -0.02496 -0.03084 0.61344 -0.23264 0.06740 0.06528 0.01532 -0.06232 0.00484
57.0  -0.01672 -0.02252 -0.03864 0.58912 -0.28868 0.07828 0.05360 0.01760 -0.06744 0.00620
57.5  -0.01100 -0.02016 -0.04536 0.53836 -0.37456 0.08612 0.04332 0.01816 -0.07308 0.00788
58.0  -0.00552 -0.01788 -0.05088 0.42432 -0.49956 0.08992 0.03936 0.01796 -0.07908 0.01012
58.5  -0.00064 -0.01576 -0.05512 0.24300 -0.60820 0.08992 0.04244 0.03396 -0.08160 0.01268
59.0  0.00332 -0.01384 -0.05804 0.09592 -0.64708 0.08764 0.04936 0.07284 -0.06404 0.01584
59.5  0.00612 -0.01200 -0.05956 0.00800 -0.65300 0.08724 0.05496 0.08828 -0.05836 0.01920
60.0  0.00764 -0.01024 -0.05976 -0.04624 -0.65004 0.09360 0.09292 0.06008 -0.06132 0.02300
60.5  0.00784 -0.00852 -0.05864 -0.08264 -0.64448 0.10656 0.09644 0.05856 -0.06620 0.02636
61.0  0.00692 -0.00680 -0.05616 -0.10800 -0.63832 0.12208 0.09984 0.05500 -0.07156 0.02912
61.5  0.00520 -0.00504 -0.05236 -0.12516 -0.63240 0.13784 0.10460 0.04980 -0.07680 0.03108
62.0  0.00308 -0.00328 -0.04712 -0.13496 -0.62724 0.15288 0.11052 0.04308 -0.08208 0.03224
62.5  0.00104 -0.00156 -0.04072 -0.13648 -0.62392 0.16620 0.11660 0.03452 -0.08716 0.03252
63.0  -0.00056 0.00008 -0.03304 -0.12728 -0.62364 0.17632 0.12152 0.02388 -0.09196 0.03216
63.5  -0.00128 0.00168 -0.02416 -0.10340 -0.62724 0.18188 0.12404 0.01068 -0.09628 0.03140
64.0  -0.00100 0.00312 -0.01428 -0.05980 -0.63388 0.18152 0.12308 -0.00556 -0.09980 0.03064
64.5  0.00044 0.00432 -0.00384 0.00540 -0.63964 0.17460 0.11768 -0.02484 -0.10228 0.02948
65.0  0.00292 0.00532 0.00696 0.08380 -0.63848 0.16144 0.10680 -0.04712 -0.10332 0.02776
65.5  0.00620 0.00604 0.01780 0.15812 -0.62904 0.14264 0.08956 -0.07148 -0.10244 0.02500
66.0  0.01004 0.00648 0.02836 0.21692 -0.61572 0.11900 0.06556 -0.09532 -0.09920 0.02108
66.5  0.01400 0.00660 0.03828 0.25968 -0.60228 0.09100 0.03636 -0.11472 -0.09336 0.01612
67.0  0.01776 0.00640 0.04736 0.29072 -0.58964 0.05976 0.00768 -0.12600 -0.08488 0.01020
67.5  0.02096 0.00584 0.05524 0.31448 -0.57768 0.02756 -0.01464 -0.12888 -0.07448 0.00360
68.0  0.02324 0.00488 0.06168 0.33464 -0.56528 -0.00232 -0.02756 -0.12572 -0.06300 -0.00328
68.5  0.02424 0.00360 0.06640 0.35420 -0.55132 -0.02780 -0.03212 -0.11908 -0.05164 -0.01020
69.0  0.02380 0.00208 0.06932 0.37648 -0.53400 -0.04800 -0.03052 -0.11092 -0.04164 -0.01680
69.5  0.02172 0.00036 0.07024 0.40532 -0.50996 -0.06296 -0.02464 -0.10224 -0.03364 -0.02220
70.0  0.01804 -0.00140 0.06924 0.44472 -0.47348 -0.07324 -0.01624 -0.09376 -0.02764 -0.02620
70.5  0.01276 -0.00324 0.06624 0.49716 -0.41572 -0.07924 -0.00696 -0.08596 -0.02368 -0.02840
71.0  0.00620 -0.00500 0.06136 0.55616 -0.33056 -0.08180 0.00232 -0.07876 -0.02156 -0.02900
71.5  -0.00124 -0.00656 0.05496 0.60392 -0.23036 -0.08160 0.01060 -0.07232 -0.02132 -0.02836
72.0  -0.00904 -0.00788 0.04696 0.63024 -0.14276 -0.07924 0.01756 -0.06628 -0.02280 -0.02696
72.5  -0.01660 -0.00884 0.03780 0.64144 -0.07980 -0.07484 0.02320 -0.06044 -0.02556 -0.02504
73.0  -0.02332 -0.00948 0.02772 0.64584 -0.03736 -0.06900 0.02780 -0.05444 -0.02932 -0.02272
73.5  -0.02872 -0.00964 0.01684 0.64768 -0.00844 -0.06136 0.03220 -0.04772 -0.03356 -0.02012
74.0  -0.03240 -0.00932 0.00560 0.64820 0.01268 -0.05176 0.03652 -0.03980 -0.03768 -0.01724
74.5  -0.03408 -0.00840 -0.00588 0.64896 0.03000 -0.04056 0.03984 -0.03052 -0.04144 -0.01468
75.0  -0.03384 -0.00696 -0.01716 0.64884 0.04632 -0.02816 0.04016 -0.02140 -0.04492 -0.01236
75.5  -0.03176 -0.00496 -0.02824 0.64788 0.06492 -0.01504 0.03664 -0.01504 -0.04808 -0.01064
76.0  -0.02820 -0.00256 -0.03880 0.64524 0.08964 -0.00200 0.03008 -0.01264 -0.05088 -0.00916
76.5  -0.02352 0.00024 -0.04848 0.63940 0.12488 0.01032 0.02124 -0.01392 -0.05312 -0.00812
77.0  -0.01820 0.00328 -0.05708 0.62704 0.17600 0.02104 0.01048 -0.01872 -0.05460 -0.00728
77.5  -0.01264 0.00640 -0.06412 0.60284 0.24524 0.02904 -0.00132 -0.02768 -0.05456 -0.00652
78.0  -0.00728 0.00952 -0.06956 0.56396 0.32344 0.03316 -0.01056 -0.04260 -0.05108 -0.00600
78.5  -0.00252 0.01248 -0.07312 0.51852 0.39100 0.03248 0.00604 -0.06500 -0.04128 -0.00576
79.0  0.00136 0.01524 -0.07456 0.48004 0.43640 0.02600 0.04552 -0.07372 -0.02236 -0.00568
79.5  0.00416 0.01768 -0.07392 0.45448 0.46200 0.01004 0.06504 -0.07932 0.00380 -0.00596
80.0  0.00572 0.01992 -0.07104 0.44080 0.47408 -0.03336 0.06744 -0.08004 0.02848 -0.00628
80.5  0.00604 0.02184 -0.06608 0.43572 0.47780 -0.07284 0.04168 -0.07876 0.04672 -0.00672
81.0  0.00524 0.02352 -0.05904 0.43620 0.47628 -0.08988 0.02404 -0.07784 0.05972 -0.00700
81.5  0.00356 0.02500 -0.05012 0.43984 0.47160 -0.10272 0.01028 -0.07736 0.06924 -0.00692
82.0  0.00136 0.02628 -0.03956 0.44480 0.46536 -0.11456 -0.00216 -0.07680 0.07656 -0.00624
82.5  -0.00096 0.02728 -0.02760 0.44924 0.45920 -0.12588 -0.01272 -0.07568 0.08248 -0.00508
83.0  -0.00304 0.02804 -0.01460 0.45124 0.45488 -0.13668 -0.02036 -0.07452 0.08744 -0.00332
83.5  -0.00448 0.02860 -0.00084 0.44832 0.45500 -0.14684 -0.02380 -0.07432 0.09136 -0.00092
84.0  -0.00508 0.02888 0.01332 0.43564 0.46412 -0.15616 -0.02264 -0.07556 0.09444 0.00208
84.5  -0.00468 0.02896 0.02728 0.40208 0.49008 -0.16432 -0.01548 -0.07884 0.09668 0.00492
85.0  -0.00336 0.02888 0.04080 0.32120 0.54324 -0.17132 0.00228 -0.08348 0.09736 0.00796
85.5  -0.00128 0.02864 0.05372 0.17180 0.60392 -0.17728 0.03944 -0.08112 0.09488 0.01060
86.0  0.00136 0.02824 0.06512 0.03748 0.62340 -0.18248 0.07864 -0.06648 0.08472 0.01268
86.5  0.00424 0.02756 0.07484 -0.02436 0.62028 -0.18788 0.10748 -0.05812 0.05660 0.01436
87.0  0.00712 0.02660 0.08260 -0.03920 0.61564 -0.19480 0.12728 -0.03268 0.02212 0.01600
87.5  0.00976 0.02540 0.08820 -0.02476 0.61272 -0.20464 0.12584 0.00016 0.01020 0.01736
88.0  0.01200 0.02368 0.09156 0.01788 0.60940 -0.21812 0.10872 -0.01744 0.00784 0.01900
88.5  0.01372 0.02156 0.09228 0.10712 0.59736 -0.23264 0.07992 -0.02512 0.00832 0.02048
89.0  0.01480 0.01900 0.09076 0.27804 0.53724 -0.24304 0.04632 -0.02728 0.00932 0.02216
89.5  0.01508 0.01612 0.08684 0.45028 0.40304 -0.24656 0.01744 -0.02620 0.01016 0.02360
90.0  0.01436 0.01300 0.08084 0.52472 0.30116 -0.24472 -0.00264 -0.02304 0.01040 0.02476
90.5  0.01260 0.00980 0.07284 0.55472 0.24636 -0.23940 -0.01548 -0.01868 0.00988 0.02536
91.0  0.00960 0.00668 0.06332 0.57064 0.21628 -0.23144 -0.02372 -0.01360 0.00868 0.02540
91.5  0.00532 0.00376 0.05216 0.58096 0.19984 -0.22120 -0.02928 -0.00824 0.00664 0.02476
92.0  -0.00012 0.00116 0.04008 0.58848 0.19240 -0.20912 -0.03364 -0.00296 0.00404 0.02328
92.5  -0.00656 -0.00104 0.02732 0.59408 0.19180 -0.19540 -0.03764 0.00208 0.00108 0.02112
93.0  -0.01360 -0.00284 0.01432 0.59788 0.19720 -0.18000 -0.04184 0.00652 -0.00204 0.01848
93.5  -0.02076 -0.00416 0.00136 0.59972 0.20860 -0.16288 -0.04620 0.01016 -0.00496 0.01552
94.0  -0.02748 -0.00504 -0.01112 0.59900 0.22640 -0.14404 -0.05028 0.01260 -0.00756 0.01256
94.5  -0.03316 -0.00548 -0.02284 0.59480 0.25112 -0.12348 -0.05324 0.01384 -0.00992 0.00968
95.0  -0.03728 -0.00548 -0.03344 0.58552 0.28400 -0.10172 -0.05420 0.01372 -0.01180 0.00712
95.5  -0.03948 -0.00516 -0.04268 0.56904 0.32516 -0.07980 -0.05220 0.01228 -0.01320 0.00504
96.0  -0.03952 -0.00448 -0.05040 0.54328 0.37404 -0.05928 -0.04688 0.00972 -0.01376 0.00396
96.5  -0.03736 -0.00352 -0.05628 0.50692 0.42760 -0.04156 -0.03872 0.00628 -0.01344 0.00440
97.0  -0.03324 -0.00248 -0.06052 0.46112 0.48076 -0.02776 -0.02860 0.00228 -0.01172 0.00628
97.5  -0.02744 -0.00148 -0.06288 0.41016 0.52828 -0.01840 -0.01796 -0.00152 -0.00828 0.00940
98.0  -0.02040 -0.00056 -0.06340 0.35892 0.56680 -0.01328 -0.00820 -0.00440 -0.00272 0.01332
98.5  -0.01268 -0.00012 -0.06220 0.31032 0.59704 -0.01228 -0.00096 -0.00528 0.00456 0.01700
99.0  -0.00476 -0.00060 -0.05936 0.26496 0.61996 -0.01380 0.00276 -0.00364 0.01308 0.02068
99.5  0.00268 -0.00072 -0.05496 0.22196 0.63804 -0.01572 0.00376 -0.00016 0.02176 0.02396
100.0  0.00920 -0.00056 -0.04908 0.18004 0.65244 -0.01640 0.00368 0.00440 0.03000 0.02716
100.5  0.01432 -0.00016 -0.04244 0.13820 0.66296 -0.01572 0.00356 0.00960 0.03724 0.02980
101.0  0.01776 0.00052 -0.03484 0.09620 0.67068 -0.01384 0.00376 0.01524 0.04364 0.03224
101.5  0.01928 0.00140 -0.02660 0.05484 0.67524 -0.01080 0.00436 0.02100 0.04924 0.03448
102.0  0.01896 0.00240 -0.01816 0.01524 0.67700 -0.00664 0.00568 0.02692 0.05376 0.03676
102.5  0.01700 0.00356 -0.00956 -0.02088 0.67628 -0.00116 0.00776 0.03276 0.05768 0.03916
103.0  0.01384 0.00476 -0.00092 -0.05300 0.67364 0.00552 0.01076 0.03840 0.06064 0.04180
103.5  0.00996 0.00592 0.00748 -0.08064 0.66964 0.01336 0.01456 0.04396 0.06316 0.04468
104.0  0.00608 0.00716 0.01556 -0.10404 0.66476 0.02172 0.01924 0.04948 0.06480 0.04748
104.5  0.00284 0.00840 0.02324 -0.12404 0.65968 0.02988 0.02444 0.05508 0.06564 0.05012
105.0  0.00068 0.00960 0.03020 -0.14188 0.65396 0.03676 0.02996 0.06104 0.06572 0.05192
105.5  0.00004 0.01072 0.03640 -0.15888 0.64784 0.04164 0.03560 0.06716 0.06492 0.05272
106.0  0.00100 0.01184 0.04180 -0.17712 0.64064 0.04420 0.04112 0.07332 0.06292 0.05176
106.5  0.00348 0.01292 0.04612 -0.19916 0.63212 0.04472 0.04656 0.07944 0.05944 0.04812
107.0  0.00720 0.01404 0.04932 -0.22888 0.61964 0.04448 0.05136 0.08528 0.05436 0.04084
107.5  0.01168 0.01516 0.05060 -0.27196 0.59956 0.04528 0.05508 0.09056 0.04732 0.03256
108.0  0.01640 0.01632 0.05052 -0.33480 0.56440 0.04816 0.05740 0.09508 0.03824 0.02492
108.5  0.02084 0.01768 0.04880 -0.41648 0.50428 0.05248 0.05864 0.09828 0.02780 0.01816
109.0  0.02456 0.01896 0.04528 -0.49696 0.42188 0.05756 0.05920 0.09984 0.01728 0.01180
109.5  0.02724 0.02032 0.04032 -0.55228 0.34272 0.06232 0.05936 0.10012 0.00792 0.00624
110.0  0.02856 0.02164 0.03380 -0.58196 0.28580 0.06616 0.05940 0.09964 0.00012 0.00108
110.5  0.02848 0.02284 0.02600 -0.59656 0.25044 0.06876 0.05948 0.09872 -0.00624 -0.00336
111.0  0.02692 0.02388 0.01712 -0.60332 0.23060 0.07000 0.05968 0.09764 -0.01156 -0.00736
111.5  0.02392 0.02456 0.00740 -0.60612 0.22100 0.07000 0.05996 0.09644 -0.01624 -0.01072
112.0  0.01960 0.02496 -0.00280 -0.60660 0.21844 0.06896 0.06028 0.09496 -0.02048 -0.01332
112.5  0.01408 0.02488 -0.01328 -0.60544 0.22124 0.06716 0.06052 0.09312 -0.02440 -0.01520
113.0  0.00764 0.02448 -0.02360 -0.60288 0.22872 0.06500 0.06072 0.09076 -0.02796 -0.01568
113.5  0.00060 0.02352 -0.03344 -0.59836 0.24168 0.06260 0.05784 0.08988 -0.03096 -0.01508
114.0  -0.00664 0.02204 -0.04252 -0.59048 0.26264 0.06032 0.07952 0.06740 -0.03220 -0.01352
114.5  -0.01376 0.02004 -0.05040 -0.57424 0.29968 0.05852 0.07116 0.07340 -0.02776 -0.01072
115.0  -0.02024 0.01764 -0.05680 -0.52500 0.38244 0.05896 0.05556 0.08360 -0.01164 -0.00732
115.5  -0.02572 0.01468 -0.06160 -0.28216 0.58772 0.06432 0.00876 0.09164 -0.00648 -0.00352
116.0  -0.02996 0.01148 -0.06452 0.02472 0.65416 0.03920 -0.01320 0.09880 -0.01500 0.00044
116.5  -0.03272 0.00800 -0.06532 0.11920 0.64648 0.01100 0.00568 0.10252 -0.01812 0.00444
117.0  -0.03396 0.00440 -0.06416 0.15804 0.64096 -0.01848 0.02848 0.09588 -0.01900 0.00828
117.5  -0.03380 0.00084 -0.06112 0.17716 0.63832 -0.04592 0.03180 0.08648 -0.01916 0.01136
118.0  -0.03232 -0.00256 -0.05616 0.18452 0.63824 -0.06872 0.02104 0.07848 -0.01936 0.01324
118.5  -0.02984 -0.00564 -0.04956 0.18144 0.64060 -0.08660 0.00452 0.06992 -0.01984 0.01368
119.0  -0.02656 -0.00840 -0.04180 0.16628 0.64568 -0.10092 -0.01232 0.05812 -0.02048 0.01272
119.5  -0.02276 -0.01064 -0.03300 0.13580 0.65312 -0.11272 -0.02452 0.04200 -0.02088 0.01064
120.0  -0.01868 -0.01236 -0.02356 0.08644 0.66140 -0.12284 -0.02792 0.02348 -0.02048 0.00764
120.5  -0.01448 -0.01360 -0.01384 0.01748 0.66616 -0.13088 -0.02252 0.00516 -0.01892 0.00384
121.0  -0.01048 -0.01432 -0.00384 -0.06248 0.66232 -0.13580 -0.01328 -0.01140 -0.01632 -0.00064
121.5  -0.00688 -0.01452 0.00576 -0.13712 0.64944 -0.13736 -0.00616 -0.02580 -0.01308 -0.00556
122.0  -0.00392 -0.01432 0.01500 -0.19464 0.63264 -0.13636 -0.00436 -0.03800 -0.00948 -0.01088
122.5  -0.00176 -0.01376 0.02348 -0.23412 0.61692 -0.13344 -0.00816 -0.04784 -0.00572 -0.01672
123.0  -0.00056 -0.01284 0.03120 -0.26000 0.60408 -0.12888 -0.01608 -0.05508 -0.00180 -0.02284
123.5  -0.00032 -0.01172 0.03788 -0.27680 0.59404 -0.12272 -0.02564 -0.05992 0.00240 -0.02916
124.0  -0.00100 -0.01052 0.04340 -0.28908 0.58576 -0.11500 -0.03412 -0.06360 0.00744 -0.03556
124.5  -0.00240 -0.00928 0.04792 -0.30008 0.57792 -0.10576 -0.03992 -0.06736 0.01396 -0.04200
125.0  -0.00412 -0.00804 0.05128 -0.31448 0.56792 -0.09484 -0.04204 -0.07196 0.02252 -0.04824
125.5  -0.00584 -0.00700 0.05352 -0.33912 0.55156 -0.08148 -0.04120 -0.07688 0.03320 -0.05368
126.0  -0.00712 -0.00604 0.05468 -0.38808 0.51640 -0.06232 -0.05076 -0.07612 0.04456 -0.05740
126.5  -0.00748 -0.00520 0.05456 -0.48564 0.42404 -0.03760 -0.07580 -0.05528 0.05428 -0.05884
127.0  -0.00668 -0.00456 0.05352 -0.59952 0.23388 -0.01776 -0.08352 -0.03424 0.06048 -0.05752
127.5  -0.00448 -0.00408 0.05164 -0.63752 0.08044 -0.00692 -0.08304 -0.01712 0.06228 -0.05392
128.0  -0.00080 -0.00372 0.04888 -0.64184 0.00960 -0.00176 -0.08040 -0.00328 0.06044 -0.04896
128.5  0.00424 -0.00348 0.04536 -0.64100 -0.02272 0.00064 -0.07712 0.00700 0.05648 -0.04312
129.0  0.01032 -0.00332 0.04092 -0.63996 -0.03856 0.00156 -0.07356 0.01420 0.05152 -0.03652
129.5  0.01716 -0.00308 0.03572 -0.63928 -0.04664 0.00180 -0.06964 0.01896 0.04664 -0.02928
130.0  0.02420 -0.00276 0.02972 -0.63900 -0.05052 0.00164 -0.06572 0.02180 0.04204 -0.02220
130.5  0.03092 -0.00248 0.02316 -0.63892 -0.05408 0.00136 -0.06148 0.02332 0.03824 -0.01464
131.0  0.03676 -0.00216 0.01588 -0.63908 -0.05688 0.00096 -0.05712 0.02388 0.03500 -0.00680
131.5  0.04124 -0.00184 0.00800 -0.63908 -0.06172 0.00044 -0.05256 0.02380 0.03216 0.00116
132.0  0.04376 -0.00160 -0.00040 -0.63880 -0.06932 -0.00024 -0.04792 0.02332 0.02944 0.00904
132.5  0.04408 -0.00156 -0.00904 -0.63780 -0.08196 -0.00116 -0.04332 0.02244 0.02672 0.01664
133.0  0.04188 -0.00180 -0.01780 -0.63540 -0.10236 -0.00244 -0.03872 0.02120 0.02348 0.02360
133.5  0.03724 -0.00236 -0.02640 -0.63008 -0.13360 -0.00428 -0.03444 0.01936 0.01956 0.02976
134.0  0.03032 -0.00336 -0.03456 -0.61936 -0.17852 -0.00656 -0.03052 0.01656 0.01492 0.03456
134.5  0.02164 -0.00480 -0.04176 -0.60028 -0.23620 -0.00816 -0.02772 0.01228 0.00944 0.03704
135.0  0.01180 -0.00668 -0.04768 -0.57256 -0.29840 -0.00752 -0.02676 0.00588 0.00368 0.03376
135.5  0.00164 -0.00900 -0.05208 -0.54116 -0.35348 -0.00316 -0.02836 -0.00272 -0.00084 0.02560
136.0  -0.00804 -0.01164 -0.05464 -0.51324 -0.39404 0.00680 -0.03140 -0.01336 0.00356 0.01880
136.5  -0.01640 -0.01448 -0.05492 -0.49252 -0.42064 0.02268 -0.03180 -0.02548 0.00476 0.01400
137.0  -0.02288 -0.01740 -0.05312 -0.47884 -0.43652 0.04116 -0.02788 -0.03852 0.00504 0.01072
137.5  -0.02700 -0.02016 -0.04936 -0.47104 -0.44480 0.05904 -0.02132 -0.05188 0.00436 0.00828
138.0  -0.02864 -0.02268 -0.04352 -0.46756 -0.44820 0.07480 -0.01316 -0.06520 0.00288 0.00632
138.5  -0.02796 -0.02468 -0.03580 -0.46644 -0.44884 0.08668 -0.00456 -0.07804 0.00052 0.00464
139.0  -0.02532 -0.02624 -0.02676 -0.46616 -0.44892 0.09372 0.00380 -0.09012 -0.00292 0.00336
139.5  -0.02124 -0.02724 -0.01672 -0.46504 -0.45028 0.09592 0.01112 -0.10140 -0.00732 0.00260
140.0  -0.01640 -0.02764 -0.00592 -0.46056 -0.45528 0.09408 0.01688 -0.11172 -0.01300 0.00224
140.5  -0.01136 -0.02752 0.00532 -0.44840 -0.46768 0.08912 0.02064 -0.12116 -0.01988 0.00232
141.0  -0.00664 -0.02676 0.01656 -0.41776 -0.49528 0.08192 0.02172 -0.12964 -0.02828 0.00308
141.5  -0.00264 -0.02536 0.02748 -0.33556 -0.55396 0.07328 0.01908 -0.13684 -0.03824 0.00464
142.0  0.00028 -0.02344 0.03780 -0.13768 -0.63212 0.06404 0.01220 -0.14188 -0.05000 0.00724
142.5  0.00208 -0.02100 0.04704 0.05952 -0.64304 0.05528 0.00224 -0.14304 -0.06376 0.01120
143.0  0.00268 -0.01808 0.05508 0.14564 -0.62764 0.04816 -0.00772 -0.13864 -0.08048 0.01652
143.5  0.00220 -0.01492 0.06156 0.17896 -0.61712 0.04336 -0.01560 -0.12540 -0.10208 0.02332
144.0  0.00088 -0.01152 0.06636 0.19196 -0.61116 0.04100 -0.02092 -0.09484 -0.13060 0.03148
144.5  -0.00100 -0.00800 0.06948 0.19740 -0.60720 0.04088 -0.02388 -0.04128 -0.15432 0.04056
145.0  -0.00316 -0.00460 0.07088 0.20456 -0.60256 0.04240 -0.02520 0.00476 -0.15704 0.04996
145.5  -0.00516 -0.00136 0.07068 0.24468 -0.58516 0.04512 -0.02548 0.03012 -0.15044 0.05924
146.0  -0.00664 0.00160 0.06900 0.63168 -0.02704 0.04864 -0.02520 0.04352 -0.14240 0.06780
146.5  -0.00736 0.00412 0.06604 0.62384 0.09144 0.05252 -0.02472 0.05048 -0.13452 0.07532
147.0  -0.00708 0.00636 0.06204 0.62104 0.09948 0.05660 -0.02424 0.05360 -0.12704 0.08188
147.5  -0.00564 0.00800 0.05724 0.62052 0.09548 0.06044 -0.02392 0.05404 -0.12008 0.08716
148.0  -0.00312 0.00928 0.05172 0.62088 0.08808 0.06376 -0.02380 0.05268 -0.11380 0.09108
148.5  0.00040 0.01040 0.04572 0.62172 0.07956 0.06632 -0.02388 0.05004 -0.10796 0.09352
149.0  0.00472 0.01104 0.03936 0.62328 0.07092 0.06792 -0.02416 0.04656 -0.10264 0.09452
149.5  0.00952 0.01148 0.03276 0.62516 0.06228 0.06840 -0.02440 0.04248 -0.09756 0.09400
150.0  0.01448 0.01172 0.02580 0.62764 0.05408 0.06788 -0.02464 0.03816 -0.09264 0.09228
150.5  0.01932 0.01200 0.01876 0.63056 0.04616 0.06656 -0.02468 0.03380 -0.08764 0.08972
151.0  0.02372 0.01228 0.01160 0.63400 0.03872 0.06460 -0.02436 0.02948 -0.08244 0.08672
151.5  0.02744 0.01272 0.00440 0.63784 0.03168 0.06232 -0.02356 0.02520 -0.07704 0.08316
152.0  0.03024 0.01332 -0.00288 0.64208 0.02532 0.05980 -0.02272 0.02060 -0.07140 0.07884
152.5  0.03184 0.01408 -0.01024 0.64648 0.02004 0.05720 -0.02380 0.01144 -0.06548 0.07368
153.0  0.03204 0.01496 -0.01752 0.65088 0.01704 0.05460 -0.02180 -0.00440 -0.05900 0.06756
153.5  0.03072 0.01592 -0.02480 0.65516 0.02020 0.05064 -0.02260 -0.00444 -0.05132 0.06076
154.0  0.02776 0.01680 -0.03188 0.65792 0.04724 -0.01560 0.05296 -0.02356 -0.03080 0.05332
154.5  0.02316 0.01752 -0.03864 0.52748 0.40248 -0.01452 0.05372 -0.00160 -0.01888 0.04556
155.0  0.01704 0.01808 -0.04496 0.13316 0.65356 -0.01388 0.04096 -0.01160 -0.02072 0.03804
155.5  0.00976 0.01820 -0.05056 0.10288 0.66188 -0.01256 0.02876 -0.00772 -0.02152 0.03096
156.0  0.00164 0.01788 -0.05528 0.09988 0.66452 -0.00728 0.01692 -0.00196 -0.02068 0.02492
156.5  -0.00672 0.01716 -0.05872 0.10312 0.66536 0.00584 0.00832 0.00344 -0.01880 0.01984
157.0  -0.01480 0.01596 -0.06084 0.10860 0.66448 0.02712 0.00348 0.00824 -0.01636 0.01584
157.5  -0.02192 0.01440 -0.06140 0.11464 0.66172 0.05652 0.00124 0.01200 -0.01356 0.01264
158.0  -0.02760 0.01260 -0.06036 0.12028 0.65592 0.09360 0.00088 0.01464 -0.01068 0.01004
158.5  -0.03140 0.01068 -0.05752 0.12464 0.64644 0.13656 0.00276 0.01584 -0.00788 0.00740
159.0  -0.03304 0.00876 -0.05304 0.12696 0.63340 0.18084 0.00752 0.01544 -0.00512 0.00512
159.5  -0.03252 0.00700 -0.04700 0.12592 0.61872 0.22068 0.01576 0.01336 -0.00272 0.00280
160.0  -0.02996 0.00556 -0.03956 0.11928 0.60532 0.25172 0.02760 0.00956 -0.00068 0.00048
160.5  -0.02572 0.00456 -0.03104 0.10388 0.59572 0.27244 0.04276 0.00424 0.00072 -0.00188
161.0  -0.02024 0.00408 -0.02160 0.07588 0.59088 0.28316 0.06032 -0.00216 0.00136 -0.00448
161.5  -0.01408 0.00416 -0.01188 0.03228 0.58912 0.28504 0.07944 -0.00912 0.00068 -0.00684
162.0  -0.00776 0.00488 -0.00204 -0.02556 0.58672 0.27924 0.09932 -0.01624 -0.00140 -0.00868
162.5  -0.00188 0.00616 0.00744 -0.08840 0.58068 0.26684 0.11936 -0.02288 -0.00536 -0.00976
163.0  0.00312 0.00804 0.01620 -0.14516 0.57108 0.24828 0.13904 -0.02848 -0.01148 -0.01000
163.5  0.00688 0.01036 0.02368 -0.19208 0.56084 0.22392 0.15816 -0.03252 -0.01948 -0.00952
164.0  0.00920 0.01296 0.02980 -0.23312 0.55016 0.19364 0.17648 -0.03488 -0.02860 -0.00844
164.5  0.00996 0.01568 0.03404 -0.27548 0.53620 0.15628 0.19356 -0.03592 -0.03864 -0.00668
165.0  0.00924 0.01828 0.03620 -0.32796 0.51204 0.10976 0.20816 -0.03592 -0.04932 -0.00380
165.5  0.00736 0.02076 0.03644 -0.39812 0.46608 0.05204 0.21600 -0.03524 -0.05996 0.00040
166.0  0.00460 0.02284 0.03476 -0.48004 0.38796 -0.01212 0.20940 -0.03380 -0.07104 0.00604
166.5  0.00148 0.02440 0.03148 -0.54692 0.29328 -0.06784 0.18628 -0.03164 -0.08184 0.01296
167.0  -0.00148 0.02536 0.02692 -0.58436 0.21616 -0.10628 0.15520 -0.02852 -0.09168 0.02104
167.5  -0.00376 0.02556 0.02124 -0.60164 0.16744 -0.13016 0.12340 -0.02372 -0.10000 0.02992
168.0  -0.00496 0.02504 0.01496 -0.60924 0.14072 -0.14436 0.09412 -0.01676 -0.10568 0.03912
168.5  -0.00476 0.02380 0.00832 -0.61228 0.12892 -0.15196 0.06812 -0.00796 -0.10808 0.04816
169.0  -0.00304 0.02180 0.00164 -0.61304 0.12680 -0.15440 0.04508 0.00112 -0.10808 0.05656
169.5  0.00012 0.01908 -0.00488 -0.61280 0.13040 -0.15228 0.02444 0.00864 -0.10608 0.06424
170.0  0.00452 0.01580 -0.01100 -0.61224 0.13680 -0.14644 0.00616 0.01392 -0.10296 0.07076
170.5  0.00976 0.01204 -0.01656 -0.61188 0.14360 -0.13800 -0.01008 0.01716 -0.09884 0.07588
171.0  0.01540 0.00800 -0.02144 -0.61192 0.14936 -0.12788 -0.02484 0.01908 -0.09452 0.07932
171.5  0.02096 0.00388 -0.02552 -0.61280 0.15248 -0.11652 -0.03904 0.02060 -0.08996 0.08092
172.0  0.02592 -0.00016 -0.02900 -0.61512 0.15060 -0.10340 -0.05392 0.02272 -0.08468 0.08000
172.5  0.02984 -0.00388 -0.03160 -0.62016 0.13784 -0.08660 -0.07016 0.02644 -0.07828 0.07592
173.0  0.03232 -0.00724 -0.03356 -0.63120 0.09036 -0.06412 -0.08640 0.03296 -0.06944 0.06668
173.5  0.03300 -0.01008 -0.03468 -0.62292 -0.14828 -0.03820 -0.09740 0.04284 -0.05616 0.05500
174.0  0.03176 -0.01236 -0.03532 -0.41084 -0.49488 -0.01488 -0.10080 0.05312 -0.03592 0.04544
174.5  0.02848 -0.01412 -0.03556 -0.33860 -0.55052 0.00408 -0.09824 0.05792 -0.01168 0.03968
175.0  0.02320 -0.01544 -0.03540 -0.31832 -0.56628 0.01948 -0.09044 0.05672 0.00956 0.03672
175.5  0.01624 -0.01636 -0.03472 -0.31180 -0.57376 0.03060 -0.07808 0.05464 0.02480 0.03564
176.0  0.00792 -0.01704 -0.03340 -0.31004 -0.57852 0.03564 -0.06656 0.05064 0.03420 0.03556
176.5  -0.00128 -0.01756 -0.03168 -0.31000 -0.58224 0.03456 -0.06240 0.04080 0.03932 0.03612
177.0  -0.01068 -0.01804 -0.02944 -0.31004 -0.58560 0.02912 -0.06196 0.02924 0.04148 0.03692
177.5  -0.01968 -0.01860 -0.02672 -0.30972 -0.58880 0.02108 -0.06216 0.01868 0.04180 0.03760
178.0  -0.02768 -0.01916 -0.02340 -0.30836 -0.59188 0.01156 -0.06228 0.00944 0.04072 0.03812
178.5  -0.03412 -0.01980 -0.01960 -0.30592 -0.59464 0.00160 -0.06236 0.00156 0.03904 0.03844
179.0  -0.03864 -0.02052 -0.01524 -0.30264 -0.59684 -0.00796 -0.06248 -0.00508 0.03688 0.03868
179.5  -0.04104 -0.02128 -0.01044 -0.29956 -0.59796 -0.01636 -0.06288 -0.01012 0.03472 0.03860
180.0  -0.04128 -0.02196 -0.00520 -0.29908 -0.59680 -0.02288 -0.06416 -0.01208 0.03280 0.03852
180.5  -0.03960 -0.02256 0.00028 -0.30780 -0.58992 -0.02708 -0.06692 -0.00420 0.03212 0.03864
181.0  -0.03628 -0.02296 0.00624 -0.34608 -0.56480 -0.02844 -0.06276 -0.02772 0.03384 0.03892
181.5  -0.03176 -0.02308 0.01212 -0.48096 -0.45008 -0.02568 -0.05616 -0.03572 0.04416 0.03992
182.0  -0.02656 -0.02284 0.01772 -0.63112 -0.17348 -0.01440 -0.05528 0.00680 0.06360 0.04180
182.5  -0.02112 -0.02220 0.02360 -0.64696 -0.06312 0.01424 -0.04348 0.03528 0.06532 0.04512
183.0  -0.01596 -0.02112 0.02900 -0.64392 -0.04248 0.02200 -0.03828 0.03436 0.06828 0.05024
183.5  -0.01144 -0.01964 0.03392 -0.63896 -0.04816 0.01476 -0.04656 0.02228 0.07092 0.05716
184.0  -0.00788 -0.01756 0.03820 -0.63340 -0.06308 0.01184 -0.05072 0.01044 0.07176 0.06444
184.5  -0.00544 -0.01516 0.04180 -0.62764 -0.08072 0.01064 -0.05308 0.00184 0.07088 0.06956
185.0  -0.00420 -0.01248 0.04436 -0.62212 -0.09840 0.01032 -0.05420 -0.00332 0.06924 0.07192
185.5  -0.00408 -0.00960 0.04584 -0.61736 -0.11476 0.01036 -0.05440 -0.00588 0.06768 0.07160
186.0  -0.00500 -0.00668 0.04600 -0.61328 -0.12928 0.01096 -0.05376 -0.00680 0.06632 0.06988
186.5  -0.00664 -0.00392 0.04468 -0.61024 -0.14188 0.01224 -0.05216 -0.00684 0.06536 0.06676
187.0  -0.00864 -0.00140 0.04204 -0.60856 -0.15276 0.01448 -0.04984 -0.00656 0.06464 0.06268
187.5  -0.01068 0.00072 0.03788 -0.60760 -0.16312 0.01816 -0.04676 -0.00636 0.06412 0.05776
188.0  -0.01232 0.00248 0.03248 -0.60744 -0.17272 0.02360 -0.04304 -0.00692 0.06396 0.05232
188.5  -0.01308 0.00348 0.02588 -0.60736 -0.18248 0.03104 -0.03872 -0.00832 0.06368 0.04636
189.0  -0.01260 0.00368 0.01816 -0.60688 -0.19300 0.04016 -0.03360 -0.01080 0.06328 0.03996
189.5  -0.01060 0.00316 0.00992 -0.60552 -0.20536 0.05020 -0.02752 -0.01428 0.06272 0.03328
190.0  -0.00692 0.00184 0.00108 -0.60248 -0.22044 0.06028 -0.02008 -0.01876 0.06176 0.02648
190.5  -0.00160 -0.00020 -0.00776 -0.59704 -0.24000 0.06936 -0.01108 -0.02404 0.05980 0.01920
191.0  0.00520 -0.00292 -0.01636 -0.58816 -0.26492 0.07640 0.00004 -0.03032 0.05660 0.01200
191.5  0.01312 -0.00608 -0.02420 -0.57508 -0.29536 0.08060 0.01440 -0.03740 0.05144 0.00504
192.0  0.02160 -0.00952 -0.03112 -0.55740 -0.32988 0.07900 0.03568 -0.04480 0.04368 -0.00028
192.5  0.03012 -0.01300 -0.03696 -0.53608 -0.36532 0.05684 0.07132 -0.05100 0.03348 0.00428
193.0  0.03796 -0.01640 -0.04136 -0.51344 -0.39796 0.01160 0.09496 -0.05464 0.02196 0.00088
193.5  0.04456 -0.01952 -0.04424 -0.49216 -0.42512 -0.01580 0.09920 -0.05524 0.01024 -0.00240
194.0  0.04932 -0.02216 -0.04560 -0.47392 -0.44620 -0.03288 0.10012 -0.05344 -0.00064 -0.00616
194.5  0.05180 -0.02424 -0.04532 -0.45916 -0.46208 -0.04552 0.10052 -0.05024 -0.01056 -0.00932
195.0  0.05168 -0.02564 -0.04328 -0.44704 -0.47408 -0.05540 0.10116 -0.04624 -0.01960 -0.01260
195.5  0.04888 -0.02632 -0.04004 -0.43624 -0.48416 -0.06332 0.10220 -0.04176 -0.02752 -0.01500
196.0  0.04344 -0.02628 -0.03564 -0.42504 -0.49384 -0.06996 0.10376 -0.03708 -0.03460 -0.01692
196.5  0.03560 -0.02552 -0.03024 -0.41176 -0.50464 -0.07548 0.10568 -0.03252 -0.04072 -0.01796
197.0  0.02592 -0.02416 -0.02392 -0.39480 -0.51768 -0.08008 0.10764 -0.02820 -0.04616 -0.01800
197.5  0.01492 -0.02232 -0.01692 -0.37288 -0.53348 -0.08368 0.10928 -0.02428 -0.05100 -0.01704
198.0  0.00340 -0.02008 -0.00936 -0.34480 -0.55212 -0.08652 0.11016 -0.02068 -0.05568 -0.01512
198.5  0.00792 -0.01756 -0.00148 -0.30988 -0.57268 -0.08844 0.10968 -0.01736 -0.06000 -0.01216
199.0  0.01824 -0.01504 0.00664 -0.26944 -0.59352 -0.08960 0.10732 -0.01432 -0.06404 -0.00828
199.5  0.02688 -0.01236 0.01480 -0.22572 -0.61240 -0.09036 0.10252 -0.01156 -0.06792 -0.00364
200.0  0.03332 -0.00976 0.02280 -0.18308 -0.62752 -0.09132 0.09508 -0.00936 -0.07168 0.00116
200.5  0.03728 -0.00732 0.03032 -0.14608 -0.63812 -0.09280 0.08484 -0.00816 -0.07512 0.00568
201.0  0.03864 -0.00496 0.03736 -0.11764 -0.64484 -0.09500 0.07156 -0.01056 -0.07780 0.00912
201.5  0.03764 -0.00272 0.04340 -0.09904 -0.64840 -0.09732 0.05580 -0.05232 -0.06184 0.01076
202.0  0.03460 -0.00048 0.04848 -0.09176 -0.64952 -0.09928 0.03784 -0.08116 -0.01504 0.00980
202.5  0.03008 0.00172 0.05248 -0.10216 -0.64760 -0.10164 0.00868 -0.08172 -0.00952 0.00632
203.0  0.02468 0.00404 0.05528 -0.19284 -0.62592 -0.11544 0.04440 -0.03288 -0.00576 0.00060
203.5  0.01912 0.00648 0.05656 -0.64632 -0.10060 -0.10716 0.06288 -0.01776 -0.00164 -0.00624
204.0  0.01396 0.00904 0.05664 -0.65304 -0.01096 -0.09864 0.07276 -0.01120 0.00220 -0.01348
204.5  0.00980 0.01172 0.05552 -0.65212 0.01032 -0.09572 0.07288 -0.00820 0.00532 -0.02008
205.0  0.00696 0.01444 0.05320 -0.65104 0.02136 -0.09336 0.07036 -0.01568 0.00780 -0.02572
205.5  0.00568 0.01720 0.04980 -0.65024 0.02928 -0.09036 0.02368 -0.06692 0.00944 -0.03024
206.0  0.00592 0.01992 0.04532 -0.64976 0.03596 -0.08640 0.03780 -0.05932 0.01084 -0.03344
206.5  0.00756 0.02244 0.03988 -0.64964 0.04236 -0.08096 0.06020 -0.03652 0.01204 -0.03540
207.0  0.01024 0.02472 0.03356 -0.64984 0.04892 -0.07368 0.06684 -0.02492 0.01324 -0.03608
207.5  0.01344 0.02668 0.02640 -0.65032 0.05604 -0.06392 0.07028 -0.02084 0.01408 -0.03568
208.0  0.01672 0.02816 0.01852 -0.65092 0.06428 -0.05188 0.07308 -0.01856 0.01472 -0.03444
208.5  0.01944 0.02920 0.01000 -0.65148 0.07428 -0.04020 0.07524 0.00868 0.01440 -0.03224
209.0  0.02120 0.02968 0.00092 -0.65152 0.08748 -0.03284 0.03236 0.06576 0.01304 -0.02956
209.5  0.02148 0.02960 -0.00848 -0.65004 0.10780 -0.03104 0.03312 0.06076 0.01096 -0.02632
210.0  0.02008 0.02896 -0.01804 -0.64168 0.15560 -0.03388 0.03540 0.05088 0.01960 -0.02296
210.5  0.01684 0.02780 -0.02760 -0.28804 0.59536 -0.04020 0.03732 0.00836 0.04636 -0.01952
211.0  0.01176 0.02616 -0.03692 0.03188 0.66108 -0.04956 0.03828 0.00820 0.03884 -0.01588
211.5  0.00512 0.02412 -0.04560 0.07208 0.65788 -0.06212 0.03668 0.01000 0.03108 -0.01180
212.0  -0.00276 0.02184 -0.05356 0.09244 0.65468 -0.07884 0.02732 0.01204 0.02352 -0.00720
212.5  -0.01136 0.01940 -0.06052 0.10704 0.65112 -0.09672 0.00468 0.01416 0.01616 -0.00212
213.0  -0.02008 0.01680 -0.06624 0.11880 0.64672 -0.11176 -0.01844 0.01636 0.00904 0.00308
213.5  -0.02832 0.01428 -0.07072 0.12836 0.64116 -0.13064 -0.03232 0.01876 0.00216 0.00824
214.0  -0.03552 0.01176 -0.07360 0.13600 0.63316 -0.15860 -0.03956 0.02160 -0.00452 0.01328
214.5  -0.04120 0.00952 -0.07496 0.14152 0.62076 -0.19872 -0.04276 0.02480 -0.01108 0.01832
215.0  -0.04496 0.00756 -0.07464 0.14452 0.60124 -0.25108 -0.04308 0.02868 -0.01760 0.02324
215.5  -0.04656 0.00584 -0.07264 0.14464 0.57508 -0.30740 -0.04144 0.03316 -0.02416 0.02784
216.0  -0.04596 0.00448 -0.06900 0.14084 0.55324 -0.34780 -0.03844 0.03824 -0.03100 0.03220
216.5  -0.04328 0.00348 -0.06372 0.13224 0.55560 -0.34832 -0.03456 0.04408 -0.03776 0.03608
217.0  -0.03868 0.00284 -0.05700 0.11768 0.59164 -0.28960 -0.03016 0.05052 -0.04444 0.03944
217.5  -0.03264 0.00268 -0.04892 0.09600 0.63576 -0.18456 -0.02540 0.05772 -0.05084 0.04240
218.0  -0.02548 0.00288 -0.03968 0.06636 0.65864 -0.09208 -0.02020 0.06584 -0.05672 0.04472
218.5  -0.01780 0.00340 -0.02944 0.02796 0.66556 -0.03588 -0.01448 0.07516 -0.06160 0.04632
219.0  -0.01004 0.00424 -0.01840 -0.01916 0.66496 -0.00492 -0.00820 0.08576 -0.06484 0.04720
219.5  -0.00268 0.00528 -0.00692 -0.07380 0.65852 0.01180 -0.00052 0.09836 -0.06568 0.04716
220.0  0.00380 0.00640 0.00464 -0.13364 0.64544 0.01996 0.00892 0.11276 -0.06292 0.04620
220.5  0.00916 0.00744 0.01600 -0.19628 0.62500 0.02152 0.02144 0.12824 -0.05532 0.04344
221.0  0.01312 0.00836 0.02676 -0.26096 0.59584 0.01096 0.03988 0.14292 -0.04224 0.03116
221.5  0.01560 0.00904 0.03664 -0.32896 0.55540 -0.05512 0.02088 0.15336 -0.02412 0.01132
222.0  0.01660 0.00940 0.04504 -0.40060 0.49948 -0.08420 0.00952 0.15576 -0.00324 0.00668
222.5  0.01624 0.00936 0.05208 -0.47084 0.42608 -0.11412 0.00376 0.14840 0.01676 0.00532
223.0  0.01476 0.00904 0.05740 -0.52776 0.34408 -0.14076 0.00412 0.13496 0.03256 0.00500
223.5  0.01248 0.00840 0.06088 -0.56420 0.27072 -0.16160 0.00728 0.12016 0.04372 0.00508
224.0  0.00976 0.00752 0.06244 -0.58316 0.21664 -0.17680 0.00980 0.10656 0.05152 0.00520
224.5  0.00700 0.00640 0.06228 -0.59232 0.18184 -0.18736 0.01024 0.09496 0.05704 0.00512
225.0  0.00452 0.00520 0.06044 -0.59668 0.16204 -0.19408 0.00864 0.08492 0.06152 0.00460
225.5  0.00276 0.00396 0.05704 -0.59896 0.15276 -0.19780 0.00504 0.07592 0.06524 0.00352
226.0  0.00200 0.00272 0.05208 -0.60048 0.15032 -0.19900 -0.00040 0.06720 0.06876 0.00228
226.5  0.00240 0.00152 0.04576 -0.60188 0.15180 -0.19828 -0.00752 0.05788 0.07220 0.00168
227.0  0.00408 0.00036 0.03824 -0.60348 0.15452 -0.19604 -0.01624 0.04728 0.07576 0.00172
227.5  0.00688 -0.00084 0.02972 -0.60576 0.15608 -0.19240 -0.02636 0.03428 0.07964 0.00200
228.0  0.01064 -0.00208 0.02048 -0.60924 0.15312 -0.18712 -0.03760 0.01788 0.08356 0.00168
228.5  0.01496 -0.00336 0.01080 -0.61508 0.13980 -0.17948 -0.05028 -0.00324 0.08660 -0.00012
229.0  0.01936 -0.00484 0.00104 -0.62488 0.10252 -0.16752 -0.06688 -0.03024 0.08576 -0.00936
229.5  0.02328 -0.00652 -0.00848 -0.63544 0.00352 -0.14344 -0.09576 -0.06128 0.07664 -0.03404
230.0  0.02612 -0.00844 -0.01736 -0.60248 -0.20824 -0.07708 -0.14344 -0.08868 0.05976 -0.04164
230.5  0.02736 -0.01056 -0.02536 -0.51284 -0.38180 -0.00704 -0.15172 -0.10756 0.04260 -0.04608
231.0  0.02660 -0.01296 -0.03216 -0.45844 -0.44816 0.02468 -0.13840 -0.11956 0.02900 -0.04924
231.5  0.02364 -0.01552 -0.03768 -0.43440 -0.47376 0.04380 -0.12224 -0.12680 0.01812 -0.05148
232.0  0.01848 -0.01824 -0.04160 -0.42428 -0.48492 0.05832 -0.10540 -0.13028 0.00960 -0.05264
232.5  0.01128 -0.02092 -0.04404 -0.42072 -0.49000 0.07012 -0.08816 -0.13092 0.00244 -0.05272
233.0  0.00256 -0.02344 -0.04500 -0.42040 -0.49232 0.07960 -0.07048 -0.12924 -0.00356 -0.05156
233.5  -0.00708 -0.02576 -0.04440 -0.42164 -0.49332 0.08652 -0.05248 -0.12564 -0.00880 -0.04968
234.0  -0.01688 -0.02768 -0.04248 -0.42336 -0.49376 0.09100 -0.03408 -0.12056 -0.01304 -0.04692
234.5  -0.02612 -0.02920 -0.03948 -0.42488 -0.49444 0.09308 -0.01520 -0.11384 -0.01644 -0.04336
235.0  -0.03396 -0.03024 -0.03516 -0.42572 -0.49544 0.09308 0.00436 -0.10536 -0.01856 -0.03936
235.5  -0.03980 -0.03068 -0.02992 -0.42540 -0.49736 0.09140 0.02520 -0.09364 -0.01932 -0.03476
236.0  -0.04316 -0.03064 -0.02380 -0.42308 -0.50056 0.08836 0.04668 -0.07692 -0.01856 -0.02932
236.5  -0.04380 -0.03004 -0.01688 -0.41784 -0.50584 0.08432 0.06544 -0.05320 -0.01580 -0.02316
237.0  -0.04172 -0.02892 -0.00936 -0.40832 -0.51404 0.07944 0.07556 -0.02656 -0.01092 -0.01620
237.5  -0.03712 -0.02736 -0.00144 -0.39264 -0.52612 0.07424 0.07660 -0.00440 -0.00384 -0.00884
238.0  -0.03040 -0.02536 0.00680 -0.36912 -0.54252 0.06952 0.07256 0.01080 0.00540 -0.00132
238.5  -0.02212 -0.02304 0.01508 -0.33880 -0.56108 0.06716 0.06496 0.01940 0.01624 0.00608
239.0  -0.01300 -0.02044 0.02324 -0.31264 -0.57472 0.07064 0.05196 0.02152 0.02788 0.01296
239.5  -0.00372 -0.01772 0.03112 -0.32332 -0.56680 0.07628 0.03760 0.01672 0.03876 0.01892
240.0  0.00504 -0.01500 0.03844 -0.42312 -0.49368 0.07972 0.03612 0.00388 0.04604 0.02356
240.5  0.01264 -0.01236 0.04496 -0.54528 -0.34868 0.08556 0.03560 -0.02632 0.04600 0.02672
241.0  0.01872 -0.00988 0.05052 -0.58852 -0.26020 0.09640 0.00440 -0.05716 0.03740 0.02812
241.5  0.02292 -0.00768 0.05488 -0.59884 -0.22272 0.11208 -0.00700 -0.06680 0.02324 0.02840
242.0  0.02516 -0.00584 0.05784 -0.59968 -0.20452 0.13084 -0.01212 -0.07076 0.00808 0.02760
242.5  0.02552 -0.00432 0.05936 -0.59720 -0.19320 0.15076 -0.01632 -0.07092 -0.00584 0.02620
243.0  0.02428 -0.00312 0.05932 -0.59328 -0.18472 0.17016 -0.02072 -0.06852 -0.01796 0.02460
243.5  0.02184 -0.00220 0.05764 -0.58908 -0.17728 0.18788 -0.02540 -0.06428 -0.02876 0.02288
244.0  0.01868 -0.00168 0.05436 -0.58540 -0.17048 0.20284 -0.02984 -0.05872 -0.03828 0.02120
244.5  0.01524 -0.00132 0.04964 -0.58288 -0.16388 0.21428 -0.03384 -0.05188 -0.04704 0.01960
245.0  0.01204 -0.00116 0.04356 -0.58188 -0.15764 0.22176 -0.03716 -0.04364 -0.05512 0.01796
245.5  0.00948 -0.00120 0.03628 -0.58248 -0.15228 0.22512 -0.03980 -0.03352 -0.06280 0.01664
246.0  0.00780 -0.00136 0.02816 -0.58444 -0.14880 0.22440 -0.04184 -0.02076 -0.07000 0.01536
246.5  0.00720 -0.00156 0.01908 -0.58696 -0.14868 0.22004 -0.04324 -0.00428 -0.07632 0.01428
247.0  0.00768 -0.00184 0.00964 -0.58908 -0.15504 0.21196 -0.04388 0.01768 -0.08132 0.01344
247.5  0.00912 -0.00216 0.00008 -0.58852 -0.17280 0.19976 -0.04224 0.04732 -0.08360 0.01280
248.0  0.01136 -0.00256 -0.00940 -0.58132 -0.20844 0.18224 -0.03364 0.08472 -0.08084 0.01260
248.5  0.01404 -0.00300 -0.01836 -0.55976 -0.27016 0.15932 -0.00996 0.12356 -0.06964 0.01320
249.0  0.01688 -0.00348 -0.02648 -0.51588 -0.35280 0.12364 0.05548 0.15232 -0.04768 0.01364
249.5  0.01944 -0.00400 -0.03352 -0.45840 -0.42900 -0.02016 0.12152 0.16588 -0.01756 0.00824
250.0  0.02136 -0.00460 -0.03912 -0.40992 -0.47820 -0.06044 0.10768 0.16672 0.01136 0.00488
250.5  0.02228 -0.00532 -0.04304 -0.37900 -0.50472 -0.09052 0.09568 0.16104 0.03184 0.00264
251.0  0.02192 -0.00612 -0.04520 -0.36164 -0.51828 -0.11620 0.08428 0.15388 0.04432 0.00084
251.5  0.02004 -0.00704 -0.04548 -0.35188 -0.52576 -0.13792 0.07280 0.14684 0.05148 -0.00100
252.0  0.01652 -0.00796 -0.04396 -0.34484 -0.53148 -0.15516 0.06084 0.14016 0.05556 -0.00288
252.5  0.01148 -0.00888 -0.04084 -0.33692 -0.53864 -0.16712 0.04844 0.13356 0.05788 -0.00488
253.0  0.00500 -0.00972 -0.03612 -0.32448 -0.54936 -0.17336 0.03576 0.12672 0.05916 -0.00696
253.5  -0.00252 -0.01040 -0.03020 -0.30380 -0.56568 -0.17416 0.02288 0.11960 0.05960 -0.00864
254.0  -0.01060 -0.01076 -0.02316 -0.27072 -0.58736 -0.17040 0.01000 0.11152 0.05944 -0.00952
254.5  -0.01876 -0.01084 -0.01536 -0.22132 -0.61288 -0.16324 -0.00292 0.10252 0.05868 -0.00936
255.0  -0.02636 -0.01048 -0.00712 -0.15476 -0.63784 -0.15392 -0.01584 0.09228 0.05728 -0.00836
255.5  -0.03280 -0.00964 0.00140 -0.07740 -0.65600 -0.14344 -0.02888 0.08040 0.05500 -0.00660
256.0  -0.03764 -0.00832 0.00976 -0.00180 -0.66404 -0.13252 -0.04188 0.06644 0.05156 -0.00424
256.5  -0.04040 -0.00648 0.01760 0.06204 -0.66372 -0.12136 -0.05396 0.05028 0.04688 -0.00144
257.0  -0.04088 -0.00408 0.02492 0.11148 -0.65912 -0.11000 -0.06384 0.03264 0.04056 0.00192
257.5  -0.03900 -0.00124 0.03112 0.14900 -0.65272 -0.09788 -0.07116 0.01556 0.03272 0.00584
258.0  -0.03484 0.00208 0.03616 0.17856 -0.64580 -0.08368 -0.07696 0.00080 0.02408 0.01160
258.5  -0.02864 0.00580 0.03972 0.20452 -0.63800 -0.06616 -0.08248 -0.01092 0.01464 0.02068
259.0  -0.02080 0.00980 0.04196 0.23100 -0.62840 -0.04600 -0.08656 -0.01748 0.00536 0.02780
259.5  -0.01184 0.01384 0.04264 0.26228 -0.61512 -0.02732 -0.08744 -0.01748 -0.00308 0.03012
260.0  -0.00228 0.01792 0.04204 0.30412 -0.59424 -0.01356 -0.08564 -0.01196 -0.00916 0.03124
260.5  0.00724 0.02180 0.04020 0.36012 -0.56020 -0.00504 -0.08276 -0.00360 -0.01132 0.03208
261.0  0.01608 0.02528 0.03744 0.43048 -0.50648 -0.00044 -0.07928 0.00520 -0.01028 0.03288
261.5  0.02372 0.02836 0.03372 0.50108 -0.43400 0.00116 -0.07544 0.01356 -0.00756 0.03404
262.0  0.02964 0.03080 0.02956 0.55536 -0.35924 0.00024 -0.07088 0.02148 -0.00424 0.03488
262.5  0.03348 0.03272 0.02488 0.58836 -0.29812 -0.00284 -0.06544 0.02896 -0.00072 0.03584
263.0  0.03508 0.03396 0.01992 0.60652 -0.25504 -0.00780 -0.05876 0.03564 0.00248 0.03704
263.5  0.03440 0.03452 0.01480 0.61588 -0.22684 -0.01416 -0.05084 0.04136 0.00532 0.03804
264.0  0.03172 0.03444 0.00944 0.62048 -0.20964 -0.02136 -0.04172 0.04596 0.00780 0.03864
264.5  0.02748 0.03380 0.00388 0.62212 -0.20076 -0.02872 -0.03152 0.04936 0.00988 0.03884
265.0  0.02224 0.03260 -0.00188 0.62172 -0.19888 -0.03556 -0.02048 0.05168 0.01176 0.03828
265.5  0.01672 0.03104 -0.00792 0.61940 -0.20396 -0.04116 -0.00860 0.05312 0.01344 0.03680
266.0  0.01156 0.02916 -0.01416 0.61460 -0.21720 -0.04508 0.00400 0.05408 0.01508 0.03440
266.5  0.00744 0.02708 -0.02064 0.60540 -0.24176 -0.04736 0.01736 0.05468 0.01688 0.03092
267.0  0.00480 0.02496 -0.02728 0.58688 -0.28436 -0.04820 0.03148 0.05508 0.01876 0.02636
267.5  0.00392 0.02280 -0.03396 0.54572 -0.35760 -0.04880 0.04604 0.05524 0.02112 0.02132
268.0  0.00484 0.02072 -0.04052 0.45068 -0.47184 -0.05516 0.05776 0.05476 0.02444 0.01620
268.5  0.00740 0.01876 -0.04672 0.29296 -0.58248 -0.09596 0.01024 0.04912 0.03516 0.01116
269.0  0.01124 0.01696 -0.05232 0.15488 -0.63156 -0.11712 -0.01112 -0.00600 0.06020 0.00704
269.5  0.01576 0.01524 -0.05700 0.06840 -0.64320 -0.14340 -0.01016 -0.01436 0.05808 0.00412
270.0  0.02036 0.01368 -0.06052 0.01344 -0.64096 -0.17432 -0.00696 -0.01536 0.05632 0.00228
270.5  0.02444 0.01216 -0.06272 -0.02492 -0.63220 -0.20832 -0.00460 -0.01444 0.05420 0.00168
271.0  0.02740 0.01060 -0.06324 -0.05332 -0.61980 -0.24256 -0.00444 -0.01244 0.05164 0.00208
271.5  0.02876 0.00896 -0.06208 -0.07424 -0.60644 -0.27300 -0.00708 -0.01008 0.04864 0.00280
272.0  0.02812 0.00720 -0.05912 -0.08752 -0.59536 -0.29552 -0.01264 -0.00768 0.04536 0.00428
272.5  0.02536 0.00532 -0.05428 -0.09120 -0.58980 -0.30732 -0.02052 -0.00588 0.04216 0.00580
273.0  0.02048 0.00328 -0.04788 -0.08176 -0.59156 -0.30800 -0.02972 -0.00508 0.03888 0.00752
273.5  0.01364 0.00124 -0.03996 -0.05492 -0.59964 -0.29868 -0.03912 -0.00588 0.03568 0.00944
274.0  0.00528 -0.00080 -0.03068 -0.00788 -0.61004 -0.28180 -0.04796 -0.00856 0.03240 0.01124
274.5  -0.00412 -0.00264 -0.02036 0.05668 -0.61644 -0.26036 -0.05568 -0.01352 0.02884 0.01268
275.0  -0.01384 -0.00424 -0.00936 0.12812 -0.61428 -0.23664 -0.06216 -0.02084 0.02440 0.01336
275.5  -0.02324 -0.00556 0.00176 0.19388 -0.60440 -0.21240 -0.06748 -0.03020 0.01848 0.01296
276.0  -0.03168 -0.00644 0.01308 0.24784 -0.59052 -0.18840 -0.07168 -0.04016 0.01032 0.01148
276.5  -0.03856 -0.00692 0.02380 0.29072 -0.57536 -0.16464 -0.07540 -0.04872 -0.00092 0.00876
277.0  -0.04352 -0.00696 0.03356 0.32648 -0.55928 -0.14092 -0.07948 -0.05288 -0.01528 0.00624
277.5  -0.04632 -0.00652 0.04212 0.35996 -0.54072 -0.11624 -0.08468 -0.05084 -0.03072 0.00340
278.0  -0.04696 -0.00568 0.04908 0.39648 -0.51616 -0.08864 -0.09120 -0.04408 -0.04380 0.00176
278.5  -0.04560 -0.00440 0.05424 0.44140 -0.47940 -0.05480 -0.09712 -0.03588 -0.05300 0.00008
279.0  -0.04252 -0.00280 0.05748 0.49824 -0.42068 -0.01864 -0.09512 -0.02836 -0.05864 0.00300
279.5  -0.03808 -0.00096 0.05872 0.56080 -0.33344 0.00564 -0.08360 -0.02160 -0.06136 0.00676
280.0  -0.03272 -0.00100 0.05804 0.61008 -0.23128 0.01780 -0.07016 -0.01508 -0.06180 0.01116
280.5  -0.02676 -0.00288 0.05568 0.63652 -0.14308 0.02404 -0.05832 -0.00852 -0.06060 0.01568
281.0  -0.02064 -0.00464 0.05180 0.64728 -0.08084 0.02804 -0.04832 -0.00212 -0.05804 0.02032
281.5  -0.01464 -0.00608 0.04676 0.65080 -0.03948 0.03136 -0.03964 0.00380 -0.05456 0.02488
282.0  -0.00904 -0.00712 0.04092 0.65140 -0.01184 0.03464 -0.03204 0.00876 -0.05084 0.02796
282.5  -0.00408 -0.00764 0.03440 0.65084 0.00760 0.03816 -0.02508 0.01284 -0.04668 0.01400
283.0  0.00004 -0.00748 0.02764 0.64964 0.02220 0.04168 -0.01864 0.01588 -0.04268 -0.00096
283.5  0.00312 -0.00688 0.02108 0.64852 0.03456 0.04504 -0.01244 0.01804 -0.03908 -0.00344
284.0  0.00504 -0.00548 0.01464 0.64712 0.04616 0.04792 -0.00656 0.01948 -0.03604 -0.00448
284.5  0.00580 -0.00352 0.00876 0.64552 0.05844 0.05020 -0.00080 0.02036 -0.03408 -0.00336
285.0  0.00552 -0.00100 0.00352 0.64400 0.07248 0.05172 0.00472 0.02088 -0.03272 -0.06044
285.5  0.00440 0.00200 -0.00092 0.64152 0.08940 0.05260 0.01016 0.02136 -0.03188 -0.06604
286.0  0.00272 0.00532 -0.00448 0.63848 0.11028 0.05292 0.01556 0.02200 -0.03084 -0.06964
286.5  0.00092 0.00880 -0.00720 0.63400 0.13636 0.05280 0.02100 0.02312 -0.02936 -0.07316
287.0  -0.00052 0.01236 -0.00912 0.62720 0.16848 0.05224 0.02672 0.02492 -0.02656 -0.07436
287.5  -0.00128 0.01580 -0.01016 0.61696 0.20724 0.05084 0.03348 0.02764 -0.02176 -0.04620
288.0  -0.00096 0.01896 -0.01060 0.60184 0.25196 0.04228 0.04692 0.02996 -0.01464 -0.03204
288.5  0.00060 0.02172 -0.01040 0.58148 0.30036 -0.03040 0.05792 0.03044 -0.00592 -0.02348
289.0  0.00348 0.02400 -0.00976 0.55636 0.34860 -0.04040 0.05408 0.02836 0.00268 -0.01600
289.5  0.00760 0.02572 -0.00872 0.52856 0.39308 -0.04480 0.05232 0.02468 0.01072 -0.00864
290.0  0.01268 0.02672 -0.00736 0.50004 0.43176 -0.04616 0.05160 0.02032 0.01780 -0.00112
290.5  0.01832 0.02720 -0.00580 0.47296 0.46400 -0.04404 0.05284 0.01532 0.02364 0.00656
291.0  0.02400 0.02700 -0.00400 0.44744 0.49064 -0.03860 0.05620 0.00912 0.02792 0.01448
291.5  0.02928 0.02632 -0.00208 0.42316 0.51296 -0.03040 0.06016 0.00196 0.03080 0.02216
292.0  0.03356 0.02516 0.00004 0.39960 0.53184 -0.01972 0.06412 -0.00528 0.03256 0.02944
292.5  0.03636 0.02364 0.00232 0.37592 0.54808 -0.00680 0.06772 -0.01192 0.03368 0.03644
293.0  0.03724 0.02184 0.00476 0.35184 0.56204 0.00760 0.07112 -0.01776 0.03416 0.04256
293.5  0.03592 0.01992 0.00744 0.32760 0.57356 0.02200 0.07432 -0.02260 0.03424 0.04788
294.0  0.03228 0.01792 0.01040 0.30412 0.58268 0.03420 0.07712 -0.02660 0.03412 0.05212
294.5  0.02636 0.01596 0.01364 0.28376 0.58892 0.04232 0.07948 -0.02968 0.03396 0.05532
295.0  0.01840 0.01408 0.01716 0.27040 0.59132 0.04540 0.08128 -0.03176 0.03388 0.05768
295.5  0.00888 0.01232 0.02096 0.27080 0.58764 0.04356 0.08252 -0.03276 0.03440 0.05980
296.0  -0.00160 0.01064 0.02488 0.29736 0.57144 0.03724 0.08304 -0.03272 0.03652 0.06280
296.5  -0.01232 0.00900 0.02892 0.37308 0.52204 0.02624 0.07952 -0.03696 0.04240 0.06732
297.0  -0.02248 0.00736 0.03280 0.49756 0.40180 0.00904 0.00216 -0.08112 0.05400 0.07404
297.5  -0.03140 0.00572 0.03644 0.58048 0.26400 -0.01144 0.01060 -0.06700 0.06556 0.08236
298.0  -0.03852 0.00372 0.03960 0.60868 0.18552 0.00112 0.03364 -0.04740 0.07208 0.08880
298.5  -0.04336 0.00164 0.04204 0.61804 0.14752 -0.00640 0.03928 -0.03220 0.07520 0.09036
299.0  -0.04572 -0.00060 0.04372 0.62184 0.12820 -0.01412 0.03968 -0.02212 0.07692 0.08924
299.5  -0.04564 -0.00308 0.04432 0.62388 0.11772 -0.02292 0.03808 -0.01532 0.07828 0.08656
300.0  -0.04336 -0.00568 0.04388 0.62540 0.11180 -0.03292 0.03536 -0.01044 0.07980 0.08264
300.5  -0.03916 -0.00824 0.04228 0.62680 0.10812 -0.04388 0.03180 -0.00672 0.08160 0.07788
301.0  -0.03356 -0.01080 0.03960 0.62828 0.10560 -0.05524 0.02752 -0.00332 0.08364 0.07216
301.5  -0.02704 -0.01312 0.03584 0.62984 0.10368 -0.06648 0.02256 0.00024 0.08564 0.06544
302.0  -0.02016 -0.01512 0.03112 0.63144 0.10224 -0.07688 0.01700 0.00452 0.08764 0.05776
302.5  -0.01336 -0.01668 0.02548 0.63296 0.10176 -0.08592 0.01096 0.01016 0.08940 0.04920
303.0  -0.00720 -0.01764 0.01916 0.63412 0.10312 -0.09304 0.00448 0.01732 0.09084 0.03968
303.5  -0.00204 -0.01800 0.01228 0.63464 0.10776 -0.09792 -0.00284 0.02632 0.09172 0.02940
304.0  0.00184 -0.01772 0.00516 0.63392 0.11832 -0.10024 -0.01152 0.03692 0.09168 0.01852
304.5  0.00424 -0.01672 -0.00200 0.63040 0.13964 -0.09952 -0.02224 0.04900 0.09056 0.00740
305.0  0.00508 -0.01512 -0.00888 0.62000 0.18160 -0.09480 -0.03648 0.06232 0.08764 -0.00368
305.5  0.00452 -0.01304 -0.01528 0.58980 0.26400 -0.08272 -0.05680 0.07736 0.08136 -0.01408
306.0  0.00288 -0.01052 -0.02092 0.50864 0.39800 -0.05268 -0.08320 0.09468 0.06908 -0.02280
306.5  0.00060 -0.00772 -0.02552 0.38680 0.51656 -0.00860 -0.09608 0.11284 0.04720 -0.02616
307.0  -0.00180 -0.00476 -0.02904 0.29832 0.57144 0.02560 -0.09092 0.12640 0.01804 -0.01172
307.5  -0.00380 -0.00184 -0.03132 0.25008 0.59308 0.05312 -0.07568 0.13312 -0.00960 -0.00628
308.0  -0.00492 -0.00100 -0.03236 0.22344 0.60260 0.07832 -0.05140 0.13396 -0.03216 -0.01344
308.5  -0.00484 -0.00360 -0.03220 0.20624 0.60780 0.10024 -0.02960 0.12624 -0.05068 -0.01676
309.0  -0.00340 -0.00580 -0.03088 0.19160 0.61180 0.11760 -0.02364 0.11228 -0.06604 -0.01868
309.5  -0.00064 -0.00752 -0.02852 0.17496 0.61636 0.13080 -0.02800 0.09696 -0.07860 -0.01976
310.0  0.00316 -0.00872 -0.02520 0.15268 0.62220 0.14116 -0.03536 0.08152 -0.08860 -0.02020
310.5  0.00768 -0.00932 -0.02100 0.12232 0.62924 0.14920 -0.04240 0.06608 -0.09684 -0.02032
311.0  0.01232 -0.00924 -0.01624 0.08336 0.63636 0.15516 -0.04788 0.05060 -0.10336 -0.01972
311.5  0.01668 -0.00852 -0.01088 0.03816 0.64208 0.15868 -0.05156 0.03524 -0.10844 -0.01852
312.0  0.02024 -0.00712 -0.00508 -0.00828 0.64516 0.15920 -0.05332 0.01992 -0.11244 -0.01668
312.5  0.02264 -0.00512 0.00088 -0.05088 0.64572 0.15652 -0.05296 0.00456 -0.11548 -0.01464
313.0  0.02360 -0.00268 0.00688 -0.08684 0.64472 0.15012 -0.05032 -0.01060 -0.11748 -0.01280
313.5  0.02292 0.00020 0.01280 -0.11608 0.64308 0.14004 -0.04504 -0.02592 -0.11856 -0.01104
314.0  0.02060 0.00328 0.01840 -0.13996 0.64104 0.12664 -0.03676 -0.04108 -0.11820 -0.00928
314.5  0.01672 0.00648 0.02352 -0.16048 0.63824 0.11004 -0.02524 -0.05616 -0.11640 -0.00740
315.0  0.01140 0.00960 0.02800 -0.18016 0.63408 0.09052 -0.01024 -0.07088 -0.11236 -0.00500
315.5  0.00492 0.01256 0.03176 -0.20152 0.62764 0.06716 0.00660 -0.08492 -0.10496 -0.00156
316.0  -0.00228 0.01524 0.03460 -0.22804 0.61736 0.03936 0.02048 -0.09816 -0.09228 0.00664
316.5  -0.00980 0.01764 0.03652 -0.26404 0.60056 0.01016 0.02624 -0.10996 -0.07152 0.02416
317.0  -0.01716 0.01964 0.03732 -0.31504 0.57228 -0.01636 0.02568 -0.11628 -0.04340 0.03616
317.5  -0.02384 0.02132 0.03712 -0.38412 0.52420 -0.03864 0.02224 -0.11276 -0.01828 0.04576
318.0  -0.02944 0.02260 0.03584 -0.46260 0.45156 -0.05608 0.01624 -0.10248 -0.00336 0.05396
318.5  -0.03364 0.02364 0.03352 -0.52772 0.36784 -0.06792 0.00756 -0.09012 0.00344 0.06084
319.0  -0.03624 0.02436 0.03024 -0.56772 0.29696 -0.07344 -0.00336 -0.07776 0.00560 0.06664
319.5  -0.03712 0.02488 0.02604 -0.58880 0.24784 -0.07232 -0.01520 -0.06620 0.00512 0.07096
320.0  -0.03640 0.02520 0.02096 -0.59992 0.21696 -0.06440 -0.02648 -0.05516 0.00284 0.07392
320.5  -0.03420 0.02536 0.01516 -0.60640 0.19828 -0.05008 -0.03608 -0.04452 -0.00100 0.07568
321.0  -0.03072 0.02540 0.00876 -0.61048 0.18712 -0.03064 -0.04352 -0.03376 -0.00628 0.07604
321.5  -0.02620 0.02524 0.00184 -0.61304 0.18068 -0.00804 -0.04856 -0.02252 -0.01256 0.07500
322.0  -0.02088 0.02488 -0.00532 -0.61428 0.17808 0.01508 -0.05136 -0.01032 -0.01952 0.07268
322.5  -0.01504 0.02440 -0.01268 -0.61400 0.17988 0.03620 -0.05280 0.00308 -0.02692 0.06932
323.0  -0.00888 0.02368 -0.02012 -0.61144 0.18812 0.05336 -0.05428 0.01776 -0.03464 0.06496
323.5  -0.00272 0.02260 -0.02732 -0.60560 0.20560 0.06536 -0.05760 0.03324 -0.04236 0.05976
324.0  0.00308 0.02120 -0.03412 -0.59352 0.23708 0.07176 -0.06480 0.04848 -0.04988 0.05384
324.5  0.00832 0.01928 -0.04028 -0.56744 0.29260 0.07344 -0.07688 0.06132 -0.05760 0.04712
325.0  0.01256 0.01692 -0.04556 -0.50216 0.39236 0.07228 -0.09276 -0.00484 -0.09608 0.03976
325.5  0.01560 0.01412 -0.04964 -0.34572 0.53332 0.07152 -0.10968 -0.04940 -0.09320 0.03188
326.0  0.01724 0.01084 -0.05236 -0.15948 0.61292 0.07640 -0.12360 -0.05040 -0.10072 0.02388
326.5  0.01752 0.00720 -0.05364 -0.04648 0.62896 0.09948 -0.12420 -0.05044 -0.10744 0.01660
327.0  0.01652 0.00332 -0.05336 0.01756 0.62776 0.15096 -0.08008 -0.05144 -0.11280 0.01092
327.5  0.01460 -0.00084 -0.05152 0.05836 0.62284 0.17648 -0.03348 -0.05388 -0.11700 0.00724
328.0  0.01216 -0.00500 -0.04832 0.08628 0.61772 0.18408 -0.01572 -0.05756 -0.12012 0.00508
328.5  0.00968 -0.00920 -0.04380 0.10476 0.61372 0.18580 -0.00836 -0.06220 -0.12228 0.00448
329.0  0.00772 -0.01316 -0.03820 0.11316 0.61192 0.18352 -0.00540 -0.06736 -0.12380 0.00484
329.5  0.00664 -0.01692 -0.03172 0.10628 0.61348 0.17792 -0.00520 -0.07316 -0.12492 0.00580
330.0  0.00668 -0.02032 -0.02456 0.06792 0.61960 0.16956 -0.00788 -0.07932 -0.12556 0.00700
330.5  0.00788 -0.02324 -0.01692 -0.04580 0.62256 0.15928 -0.01452 -0.08532 -0.12600 0.00796
331.0  0.01016 -0.02560 -0.00900 -0.24844 0.57364 0.14764 -0.02696 -0.08996 -0.12640 0.00816
331.5  0.01324 -0.02720 -0.00080 -0.37404 0.50188 0.13528 -0.04740 -0.09032 -0.12680 0.00764
332.0  0.01672 -0.02812 0.00724 -0.41728 0.46716 0.12204 -0.07412 -0.08296 -0.12704 0.00632
332.5  0.02016 -0.02828 0.01512 -0.43064 0.45508 0.10640 -0.10164 -0.06944 -0.12684 0.00464
333.0  0.02308 -0.02764 0.02264 -0.43340 0.45212 0.07524 -0.13364 -0.05356 -0.12604 0.00284
333.5  0.02508 -0.02640 0.02948 -0.43416 0.45072 -0.06416 -0.14900 -0.01632 -0.12608 0.00148
334.0  0.02584 -0.02440 0.03552 -0.44036 0.44352 -0.11792 -0.13684 0.08180 -0.06080 0.00064
334.5  0.02504 -0.02208 0.04088 -0.46540 0.41572 -0.14104 -0.14256 0.04340 -0.04132 0.00088
335.0  0.02260 -0.01948 0.04520 -0.53680 0.31628 -0.16032 -0.11568 0.07260 0.01652 0.00200
335.5  0.01844 -0.01684 0.04844 -0.61636 0.08252 -0.17776 -0.09332 0.04000 0.05884 0.00428
336.0  0.01268 -0.01428 0.05068 -0.61748 -0.06440 -0.19140 -0.06964 0.03092 0.05828 0.00704
336.5  0.00556 -0.01196 0.05196 -0.60996 -0.11064 -0.19984 -0.04788 0.02452 0.05540 0.01000
337.0  -0.00244 -0.01000 0.05228 -0.60700 -0.12268 -0.20364 -0.03092 0.01932 0.05232 0.01196
337.5  -0.01084 -0.00848 0.05168 -0.60668 -0.12236 -0.20408 -0.01896 0.01508 0.04932 0.01260
338.0  -0.01908 -0.00740 0.05028 -0.60760 -0.11728 -0.20212 -0.01124 0.01168 0.04680 0.01132
338.5  -0.02652 -0.00684 0.04812 -0.60916 -0.11056 -0.19820 -0.00656 0.00928 0.04440 0.00816
339.0  -0.03260 -0.00672 0.04540 -0.61104 -0.10412 -0.19276 -0.00400 0.00756 0.04220 0.00344
339.5  -0.03700 -0.00700 0.04204 -0.61312 -0.09852 -0.18572 -0.00296 0.00664 0.04024 -0.00236
340.0  -0.03952 -0.00764 0.03816 -0.61520 -0.09488 -0.17712 -0.00304 0.00644 0.03840 -0.00896
340.5  -0.04004 -0.00848 0.03376 -0.61732 -0.09364 -0.16676 -0.00396 0.00688 0.03604 -0.01596
341.0  -0.03880 -0.00952 0.02900 -0.61936 -0.09544 -0.15448 -0.00544 0.00780 0.03344 -0.02264
341.5  -0.03600 -0.01056 0.02384 -0.62112 -0.10124 -0.14008 -0.00752 0.00924 0.03036 -0.02820
342.0  -0.03204 -0.01152 0.01832 -0.62228 -0.11188 -0.12332 -0.00996 0.01096 0.02704 -0.03132
342.5  -0.02724 -0.01244 0.01248 -0.62220 -0.12872 -0.10404 -0.01252 0.01288 0.02352 -0.03084
343.0  -0.02192 -0.01320 0.00644 -0.61996 -0.15260 -0.08228 -0.01504 0.01472 0.01972 -0.02652
343.5  -0.01632 -0.01380 0.00032 -0.61416 -0.18464 -0.05820 -0.01708 0.01600 0.01580 -0.01864
344.0  -0.01076 -0.01428 -0.00572 -0.60300 -0.22492 -0.03240 -0.01812 0.01632 0.01196 -0.00816
344.5  -0.00540 -0.01464 -0.01164 -0.58536 -0.27132 -0.00572 -0.01764 0.01508 0.00928 0.00504
345.0  -0.00040 -0.01496 -0.01712 -0.56116 -0.32000 0.02068 -0.01496 0.01224 0.00848 0.02032
345.5  0.00396 -0.01524 -0.02220 -0.53304 -0.36540 0.04572 -0.00668 0.00836 0.00996 0.03552
346.0  0.00752 -0.01548 -0.02636 -0.50364 -0.40436 0.06280 0.02236 0.00368 0.01352 0.04700
346.5  0.01016 -0.01568 -0.02976 -0.47612 -0.43604 0.05668 0.06188 -0.00088 0.01888 0.05308
347.0  0.01184 -0.01596 -0.03216 -0.45184 -0.46100 0.05452 0.08152 -0.00488 0.02568 0.05496
347.5  0.01256 -0.01616 -0.03340 -0.43080 -0.48104 0.05824 0.09200 -0.00752 0.03368 0.05432
348.0  0.01256 -0.01636 -0.03356 -0.41276 -0.49688 0.06488 0.09724 -0.00816 0.04240 0.05200
348.5  0.01212 -0.01648 -0.03252 -0.39676 -0.51036 0.07272 0.09856 -0.00672 0.05136 0.04868
349.0  0.01164 -0.01648 -0.03036 -0.38216 -0.52232 0.08024 0.09660 -0.00304 0.06040 0.04468
349.5  0.01152 -0.01636 -0.02704 -0.36760 -0.53340 0.08656 0.09172 0.00264 0.06924 0.04028
350.0  0.01208 -0.01612 -0.02272 -0.35196 -0.54452 0.09092 0.08412 0.00976 0.07768 0.03576
350.5  0.01360 -0.01572 -0.01744 -0.33392 -0.55624 0.09312 0.07400 0.01800 0.08536 0.03132
351.0  0.01616 -0.01512 -0.01136 -0.31216 -0.56872 0.09324 0.06168 0.02668 0.09224 0.02700
351.5  0.01968 -0.01428 -0.00464 -0.28564 -0.58204 0.09152 0.04748 0.03560 0.09784 0.02308
352.0  0.02396 -0.01328 0.00268 -0.25376 -0.59568 0.08824 0.03152 0.04496 0.10192 0.01960
352.5  0.02864 -0.01188 0.01028 -0.21748 -0.60820 0.08328 0.01352 0.05516 0.10436 0.01692
353.0  0.03340 -0.01012 0.01792 -0.18132 -0.61788 0.07544 -0.00760 0.06700 0.10464 0.01536
353.5  0.03780 -0.00804 0.02516 -0.15416 -0.62264 0.06004 -0.03280 0.08148 0.10172 0.01540
354.0  0.04152 -0.00552 0.03188 -0.15760 -0.61888 0.03376 -0.05224 0.09892 0.09408 0.01776
354.5  0.04424 -0.00264 0.03780 -0.27380 -0.57352 0.00836 -0.05636 0.11856 0.08008 0.02204
355.0  0.04564 0.00048 0.04276 -0.55468 -0.30376 -0.01188 -0.05060 0.13724 0.06088 0.02744
355.5  0.04552 0.00388 0.04628 -0.60536 -0.17228 -0.02964 -0.03528 0.15244 0.04024 0.03268
356.0  0.04380 0.00736 0.04832 -0.61200 -0.13504 -0.04712 0.00188 0.16152 0.02152 0.03668
356.5  0.04032 0.01080 0.04888 -0.61348 -0.11724 -0.06572 0.07208 0.14452 0.00592 0.03972
357.0  0.03512 0.01408 0.04780 -0.61436 -0.10420 -0.08620 0.10844 0.11192 -0.00668 0.04164
357.5  0.02832 0.01704 0.04528 -0.61580 -0.09196 -0.10780 0.11032 0.09208 -0.01644 0.04268
358.0  0.02016 0.01956 0.04132 -0.61820 -0.07920 -0.12740 0.09768 0.07900 -0.02416 0.04288
358.5  0.01108 0.02152 0.03604 -0.62160 -0.06532 -0.14120 0.07916 0.06868 -0.03020 0.04220
359.0  0.00152 0.02288 0.02964 -0.62572 -0.05000 -0.14788 0.06056 0.05940 -0.03492 0.04104
359.5  -0.00784 0.02352 0.02220 -0.63064 -0.03288 -0.14860 0.04452 0.05028 -0.03860 0.03888
360.0  -0.01644 0.02352 0.01388 -0.63584 -0.01360 -0.14508 0.03140 0.04064 -0.04136 0.03616
360.5  -0.02376 0.02288 0.00484 -0.64088 0.00848 -0.13868 0.02036 0.02964 -0.04352 0.03280
361.0  -0.02936 0.02172 -0.00456 -0.64500 0.03416 -0.13052 0.00888 0.01696 -0.04496 0.02892
361.5  -0.03300 0.02008 -0.01440 -0.64736 0.06568 -0.12008 -0.00928 0.00288 -0.04540 0.02460
362.0  -0.03456 0.01816 -0.02424 -0.64576 0.11008 -0.09944 -0.04540 -0.01256 -0.04404 0.01976
362.5  -0.03420 0.01604 -0.03376 -0.62316 0.21388 -0.05728 -0.07856 -0.03168 -0.03860 0.01444
363.0  -0.03216 0.01384 -0.04264 -0.13300 0.64836 -0.02472 -0.07328 -0.06044 -0.02628 0.00868
363.5  -0.02876 0.01172 -0.05052 0.05104 0.66212 -0.00184 -0.00320 -0.09584 -0.00904 0.00252
364.0  -0.02444 0.00980 -0.05720 0.10360 0.65748 0.01820 0.03332 -0.08604 0.00336 -0.00412
364.5  -0.01960 0.00804 -0.06232 0.13640 0.65200 0.03800 0.03964 -0.07800 0.00884 -0.01060
365.0  -0.01468 0.00664 -0.06572 0.16060 0.64604 0.05860 0.03916 -0.07320 0.01004 -0.01676
365.5  -0.01004 0.00552 -0.06724 0.17860 0.63988 0.08040 0.03564 -0.07032 0.00904 -0.02224
366.0  -0.00604 0.00472 -0.06680 0.19088 0.63384 0.10304 0.03024 -0.06840 0.00732 -0.02700
366.5  -0.00300 0.00412 -0.06456 0.19712 0.62868 0.12540 0.02316 -0.06696 0.00504 -0.03060
367.0  -0.00108 0.00388 -0.06056 0.19672 0.62520 0.14552 0.01456 -0.06532 0.00316 -0.03316
367.5  -0.00032 0.00376 -0.05496 0.18880 0.62444 0.16152 0.00444 -0.06312 0.00144 -0.03472
368.0  -0.00064 0.00388 -0.04796 0.17240 0.62688 0.17244 -0.00708 -0.05988 -0.00008 -0.03548
368.5  -0.00180 0.00416 -0.03988 0.14720 0.63232 0.17840 -0.01924 -0.05524 -0.00152 -0.03544
369.0  -0.00332 0.00452 -0.03096 0.11312 0.63912 0.18036 -0.03140 -0.04896 -0.00296 -0.03488
369.5  -0.00476 0.00504 -0.02148 0.07196 0.64528 0.17964 -0.04244 -0.04108 -0.00480 -0.03420
370.0  -0.00568 0.00568 -0.01184 0.02652 0.64904 0.17736 -0.05144 -0.03224 -0.00724 -0.03316
370.5  -0.00552 0.00648 -0.00236 -0.01956 0.64952 0.17408 -0.05824 -0.02356 -0.01060 -0.03236
371.0  -0.00408 0.00740 0.00664 -0.06352 0.64676 0.16996 -0.06340 -0.01620 -0.01472 -0.03172
371.5  -0.00124 0.00840 0.01480 -0.10448 0.64124 0.16460 -0.06824 -0.01092 -0.01948 -0.03108
372.0  0.00292 0.00948 0.02192 -0.14340 0.63336 0.15700 -0.07448 -0.00824 -0.02408 -0.02888
372.5  0.00816 0.01060 0.02764 -0.18272 0.62292 0.14544 -0.08396 -0.00796 -0.02820 -0.02084
373.0  0.01400 0.01168 0.03200 -0.22600 0.60852 0.12648 -0.09856 -0.00996 -0.03128 -0.00876
373.5  0.02000 0.01272 0.03496 -0.27704 0.58728 0.09728 -0.11544 -0.01392 -0.03304 -0.00192
374.0  0.02572 0.01372 0.03656 -0.33844 0.55480 0.06584 -0.12296 -0.01916 -0.03324 0.00212
374.5  0.03072 0.01464 0.03688 -0.40788 0.50700 0.04536 -0.11772 -0.02472 -0.03184 0.00500
375.0  0.03464 0.01540 0.03604 -0.47536 0.44536 0.03624 -0.10560 -0.03000 -0.02936 0.00740
375.5  0.03732 0.01604 0.03424 -0.52960 0.38040 0.03444 -0.09076 -0.03468 -0.02620 0.00924
376.0  0.03860 0.01660 0.03152 -0.56712 0.32232 0.03684 -0.07484 -0.03872 -0.02244 0.01080
376.5  0.03840 0.01696 0.02812 -0.59128 0.27492 0.04152 -0.05900 -0.04208 -0.01828 0.01208
377.0  0.03672 0.01716 0.02404 -0.60660 0.23756 0.04664 -0.04376 -0.04472 -0.01376 0.01316
377.5  0.03364 0.01720 0.01944 -0.61632 0.20788 0.05112 -0.02948 -0.04676 -0.00888 0.01436
378.0  0.02920 0.01692 0.01440 -0.62272 0.18416 0.05396 -0.01620 -0.04832 -0.00368 0.01516
378.5  0.02360 0.01636 0.00900 -0.62696 0.16488 0.05512 -0.00388 -0.04916 0.00168 0.01600
379.0  0.01708 0.01552 0.00316 -0.62996 0.14888 0.05508 0.00744 -0.04944 0.00712 0.01680
379.5  0.00996 0.01432 -0.00296 -0.63228 0.13520 0.05452 0.01768 -0.04940 0.01264 0.01772
380.0  0.00256 0.01276 -0.00940 -0.63436 0.12220 0.05416 0.02680 -0.04912 0.01800 0.01856
380.5  -0.00472 0.01096 -0.01612 -0.63668 0.10744 0.05472 0.03456 -0.04876 0.02324 0.01936
381.0  -0.01140 0.00876 -0.02308 -0.64000 0.08480 0.05696 0.04072 -0.04876 0.02840 0.01980
381.5  -0.01720 0.00628 -0.03012 -0.64480 0.03424 0.06136 0.04476 -0.04956 0.03272 0.01984
382.0  -0.02180 0.00352 -0.03712 -0.62980 -0.14384 0.06764 0.04660 -0.05512 0.03088 0.01940
382.5  -0.02504 0.00056 -0.04400 -0.43200 -0.48092 0.07448 0.04744 -0.06180 -0.02764 0.01852
383.0  -0.02684 -0.00264 -0.05036 -0.32688 -0.55844 0.08008 0.05032 -0.06320 -0.03576 0.01660
383.5  -0.02724 -0.00588 -0.05604 -0.30044 -0.57368 0.08208 0.06668 -0.06260 -0.03308 0.01440
384.0  -0.02632 -0.00916 -0.06064 -0.29748 -0.57576 0.07508 0.10124 0.04260 -0.02528 0.01176
384.5  -0.02428 -0.01240 -0.06420 -0.30444 -0.57256 0.03436 0.12576 0.05764 -0.01724 0.00912
385.0  -0.02124 -0.01548 -0.06624 -0.31624 -0.56624 -0.03728 0.12880 0.07000 -0.01292 0.00632
385.5  -0.01752 -0.01832 -0.06664 -0.33064 -0.55788 -0.06948 0.11024 0.09184 -0.01160 0.00356
386.0  -0.01340 -0.02084 -0.06528 -0.34620 -0.54800 -0.08692 0.06876 0.12532 -0.01196 0.00072
386.5  -0.00912 -0.02300 -0.06208 -0.36204 -0.53712 -0.09932 0.02692 0.14084 -0.01320 -0.00200
387.0  -0.00508 -0.02476 -0.05704 -0.37740 -0.52568 -0.10836 0.00820 0.14404 -0.01516 -0.00488
387.5  -0.00156 -0.02612 -0.05020 -0.39192 -0.51432 -0.11420 0.00048 0.14524 -0.01760 -0.00752
388.0  0.00104 -0.02708 -0.04168 -0.40528 -0.50340 -0.11656 -0.00252 0.14628 -0.02036 -0.01004
388.5  0.00260 -0.02756 -0.03156 -0.41728 -0.49324 -0.11520 -0.00348 0.14752 -0.02364 -0.01220
389.0  0.00300 -0.02780 -0.02012 -0.42760 -0.48424 -0.11028 -0.00376 0.14892 -0.02724 -0.01400
389.5  0.00232 -0.02768 -0.00752 -0.43580 -0.47676 -0.10196 -0.00456 0.15024 -0.03132 -0.01532
390.0  0.00088 -0.02736 0.00588 -0.44056 -0.47204 -0.09096 -0.00692 0.15124 -0.03608 -0.01608
390.5  -0.00100 -0.02684 0.01976 -0.43452 -0.47672 -0.07832 -0.01176 0.15108 -0.04220 -0.01628
391.0  -0.00280 -0.02616 0.03356 0.32380 -0.55668 -0.06548 -0.01924 0.14840 -0.05100 -0.01568
391.5  -0.00404 -0.02532 0.04692 0.42656 -0.48048 -0.05452 -0.02900 0.14080 -0.06468 -0.01468
392.0  -0.00432 -0.02440 0.05940 0.43528 -0.47004 -0.04732 -0.03948 0.12276 -0.08788 -0.01308
392.5  -0.00336 -0.02332 0.07052 0.44824 -0.45472 -0.04492 -0.04940 0.08644 -0.11708 -0.01120
393.0  -0.00108 -0.02204 0.07988 0.48072 -0.41664 -0.04752 -0.05772 0.04812 -0.13056 -0.00892
393.5  0.00248 -0.02060 0.08720 0.55552 -0.30508 -0.05460 -0.06392 0.02508 -0.13000 -0.00640
394.0  0.00704 -0.01900 0.09228 0.62716 -0.07376 -0.06520 -0.06776 0.01204 -0.12492 -0.00380
394.5  0.01232 -0.01716 0.09496 0.62480 0.07544 -0.07844 -0.06928 0.00400 -0.11860 -0.00152
395.0  0.01784 -0.01516 0.09524 0.61428 0.12752 -0.09348 -0.06860 -0.00152 -0.11180 0.00020
395.5  0.02328 -0.01300 0.09320 0.60888 0.14324 -0.10952 -0.06580 -0.00556 -0.10484 0.00168
396.0  0.02820 -0.01068 0.08884 0.60704 0.14440 -0.12536 -0.06104 -0.00860 -0.09764 0.00248
396.5  0.03216 -0.00840 0.08248 0.60736 0.13892 -0.13924 -0.05432 -0.01092 -0.09040 0.00300
397.0  0.03492 -0.00616 0.07412 0.60920 0.13172 -0.14912 -0.04596 -0.01280 -0.08292 0.00324
397.5  0.03612 -0.00416 0.06416 0.61220 0.12592 -0.15296 -0.03620 -0.01428 -0.07520 0.00320
398.0  0.03552 -0.00248 0.05272 0.61596 0.12568 -0.14940 -0.02544 -0.01540 -0.06700 0.00340
398.5  0.03296 -0.00124 0.04020 0.61940 0.13236 -0.13936 -0.01440 -0.01612 -0.05824 0.00380
399.0  0.02840 -0.00044 0.02692 0.62108 0.14808 -0.12468 -0.00384 -0.01636 -0.04860 0.00444
399.5  0.02192 -0.00024 0.01320 0.61952 0.17360 -0.10728 0.00596 -0.01592 -0.03812 0.00516
400.0  0.01384 -0.00048 -0.00052 0.61236 0.21040 -0.08928 0.01496 -0.01456 -0.02648 0.00580
400.5  0.00456 -0.00124 -0.01380 0.59664 0.25992 -0.07084 0.02440 -0.01124 -0.01384 0.00636
401.0  -0.00532 -0.00228 -0.02628 0.56932 0.32016 -0.04848 0.03712 -0.00520 -0.00068 0.00520
401.5  -0.01516 -0.00356 -0.03768 0.53088 0.38328 -0.02788 0.04076 0.00500 -0.01140 -0.01784
402.0  -0.02420 -0.00492 -0.04768 0.48728 0.43848 -0.02700 0.03264 0.01928 -0.02052 -0.01828
402.5  -0.03184 -0.00624 -0.05620 0.44648 0.47944 -0.04036 0.02348 0.03608 -0.02472 -0.01428
403.0  -0.03768 -0.00736 -0.06288 0.41276 0.50628 -0.06384 0.01544 0.05276 -0.02396 -0.00956
403.5  -0.04132 -0.00824 -0.06772 0.38648 0.52172 -0.09536 0.00848 0.06704 -0.01956 -0.00404
404.0  -0.04268 -0.00880 -0.07064 0.36604 0.52848 -0.13224 0.00252 0.07812 -0.01324 0.00200
404.5  -0.04192 -0.00892 -0.07164 0.34960 0.52852 -0.17136 -0.00160 0.08628 -0.00596 0.00856
405.0  -0.03924 -0.00868 -0.07076 0.33552 0.52468 -0.20912 -0.00240 0.09204 0.00168 0.01540
405.5  -0.03508 -0.00804 -0.06800 0.32200 0.51988 -0.24196 0.00104 0.09580 0.00988 0.02244
406.0  -0.02980 -0.00696 -0.06356 0.30688 0.51724 -0.26756 0.00944 0.09756 0.01844 0.02976
406.5  -0.02396 -0.00560 -0.05744 0.28796 0.51972 -0.28472 0.02316 0.09708 0.02740 0.03716
407.0  -0.01800 -0.00388 -0.04984 0.26204 0.52856 -0.29312 0.04200 0.09384 0.03680 0.04456
407.5  -0.01236 -0.00204 -0.04116 0.22608 0.54400 -0.29308 0.06556 0.08720 0.04628 0.05172
408.0  -0.00744 -0.00000 -0.03136 0.17780 0.56304 -0.28468 0.09256 0.07648 0.05572 0.05788
408.5  -0.00352 0.00204 -0.02100 0.11796 0.58176 -0.26960 0.12140 0.06060 0.06476 0.06200
409.0  -0.00084 0.00416 -0.01000 0.05116 0.59544 -0.24696 0.14944 0.03820 0.07280 0.06300
409.5  0.00052 0.00624 0.00100 -0.01584 0.60156 -0.21828 0.17400 0.00816 0.07840 0.05608
410.0  0.00064 0.00832 0.01184 -0.07916 0.60032 -0.18492 0.19216 -0.03004 0.07840 0.03748
410.5  -0.00028 0.01024 0.02216 -0.13848 0.59260 -0.14760 0.20260 -0.07396 0.06628 0.02296
411.0  -0.00188 0.01208 0.03160 -0.19624 0.57848 -0.10600 0.20600 -0.11324 0.03696 0.01444
411.5  -0.00372 0.01372 0.03996 -0.25632 0.55632 -0.05992 0.20464 -0.13520 0.00028 0.00900
412.0  -0.00528 0.01528 0.04700 -0.32196 0.52244 -0.01320 0.19924 -0.13992 -0.02972 0.00556
412.5  -0.00612 0.01676 0.05236 -0.39332 0.47216 0.02772 0.19012 -0.13448 -0.05104 0.00372
413.0  -0.00588 0.01812 0.05608 -0.46296 0.40524 0.05964 0.17848 -0.12496 -0.06612 0.00336
413.5  -0.00432 0.01936 0.05812 -0.51900 0.33212 0.08368 0.16548 -0.11488 -0.07704 0.00408
414.0  -0.00140 0.02048 0.05840 -0.55644 0.26748 0.10180 0.15152 -0.10600 -0.08528 0.00544
414.5  0.00276 0.02156 0.05700 -0.57900 0.21908 0.11572 0.13652 -0.09864 -0.09176 0.00664
415.0  0.00788 0.02252 0.05396 -0.59252 0.18668 0.12612 0.12028 -0.09296 -0.09676 0.00708
415.5  0.01364 0.02336 0.04936 -0.60100 0.16764 0.13380 0.10260 -0.08828 -0.10088 0.00684
416.0  0.01964 0.02412 0.04340 -0.60644 0.15916 0.13932 0.08348 -0.08376 -0.10428 0.00604
416.5  0.02548 0.02468 0.03612 -0.60984 0.15944 0.14304 0.06360 -0.07780 -0.10684 0.00520
417.0  0.03076 0.02508 0.02772 -0.61112 0.16740 0.14540 0.04540 -0.06796 -0.10860 0.00440
417.5  0.03508 0.02524 0.01852 -0.61012 0.18316 0.14652 0.03432 -0.05216 -0.10924 0.00384
418.0  0.03824 0.02512 0.00860 -0.60536 0.20784 0.14464 0.03876 -0.02956 -0.10856 0.00348
418.5  0.03984 0.02472 -0.00156 -0.59436 0.24476 0.13092 0.06748 -0.00004 -0.10600 0.00320
419.0  0.03972 0.02400 -0.01184 -0.57084 0.30032 0.10100 0.09624 0.03664 -0.10048 0.00272
419.5  0.03768 0.02288 -0.02180 -0.52008 0.38524 0.07756 0.09488 0.07836 -0.08784 0.00208
420.0  0.03368 0.02140 -0.03112 -0.41396 0.49976 0.06200 0.07580 0.12128 -0.05044 0.00080
420.5  0.02780 0.01948 -0.03956 -0.26104 0.59640 0.04896 0.04876 0.13824 0.02800 -0.00128
421.0  0.02024 0.01732 -0.04680 -0.13312 0.63916 0.03576 -0.00300 0.12824 0.06844 -0.00412
421.5  0.01148 0.01484 -0.05272 -0.05044 0.65296 0.02048 -0.08548 0.07288 0.08348 -0.00744
422.0  0.00196 0.01212 -0.05720 0.00272 0.65732 0.00264 -0.08788 0.04144 0.08948 -0.01076
422.5  -0.00764 0.00928 -0.06016 0.03868 0.65884 -0.01216 -0.07640 0.02404 0.09112 -0.01352
423.0  -0.01668 0.00648 -0.06172 0.06364 0.65956 -0.01444 -0.06240 0.01104 0.09000 -0.01552
423.5  -0.02456 0.00376 -0.06180 0.08072 0.66040 -0.00376 -0.05072 0.00052 0.08696 -0.01676
424.0  -0.03084 0.00124 -0.06060 0.09120 0.66092 0.01736 -0.04156 -0.00796 0.08256 -0.01748
424.5  -0.03516 -0.00096 -0.05820 0.09604 0.66060 0.04780 -0.03428 -0.01460 0.07728 -0.01736
425.0  -0.03736 -0.00288 -0.05472 0.09588 0.65832 0.08680 -0.02832 -0.01956 0.07148 -0.01660
425.5  -0.03748 -0.00432 -0.05024 0.09132 0.65264 0.13220 -0.02368 -0.02292 0.06524 -0.01548
426.0  -0.03568 -0.00528 -0.04488 0.08248 0.64336 0.17916 -0.02072 -0.02460 0.05892 -0.01384
426.5  -0.03236 -0.00568 -0.03872 0.06912 0.63220 0.22156 -0.01972 -0.02444 0.05240 -0.01188
427.0  -0.02780 -0.00560 -0.03196 0.05036 0.62152 0.25436 -0.02116 -0.02228 0.04572 -0.00948
427.5  -0.02252 -0.00496 -0.02484 0.02508 0.61356 0.27556 -0.02576 -0.01760 0.03916 -0.00644
428.0  -0.01700 -0.00384 -0.01716 -0.00680 0.60816 0.28524 -0.03480 -0.00984 0.03244 -0.00288
428.5  -0.01164 -0.00236 -0.00928 -0.04424 0.60432 0.28416 -0.05048 0.00128 0.02600 0.00140
429.0  -0.00700 -0.00052 -0.00140 -0.08616 0.60028 0.27140 -0.07776 0.01536 0.02024 0.00692
429.5  -0.00336 0.00152 0.00632 -0.13300 0.59388 0.23980 -0.12400 0.03148 0.01592 0.01340
430.0  -0.00104 0.00376 0.01372 -0.18832 0.58180 0.17860 -0.17944 0.04736 0.01480 0.01824
430.5  -0.00016 0.00588 0.02096 -0.25856 0.55712 0.11172 -0.20556 0.06032 0.01936 0.01852
431.0  -0.00068 0.00804 0.02732 -0.35072 0.50684 0.06384 -0.20484 0.06688 0.03132 0.01548
431.5  -0.00240 0.00988 0.03300 -0.45504 0.41752 0.02856 -0.19496 0.06636 0.04556 0.01096
432.0  -0.00492 0.01136 0.03760 -0.53616 0.30708 -0.00108 -0.18272 0.06348 0.05480 0.00552
432.5  -0.00776 0.01256 0.04108 -0.57896 0.21444 -0.02792 -0.17012 0.06124 0.05852 -0.00032
433.0  -0.01032 0.01336 0.04332 -0.59780 0.14996 -0.05280 -0.15756 0.05996 0.05900 -0.00628
433.5  -0.01200 0.01348 0.04420 -0.60552 0.10664 -0.07556 -0.14476 0.05948 0.05756 -0.01204
434.0  -0.01240 0.01320 0.04376 -0.60856 0.07732 -0.09604 -0.13180 0.05976 0.05528 -0.01740
434.5  -0.01116 0.01236 0.04208 -0.60964 0.05768 -0.11380 -0.11848 0.06060 0.05324 -0.02168
435.0  -0.00812 0.01112 0.03920 -0.61024 0.04496 -0.12840 -0.10468 0.06176 0.05252 -0.02460
435.5  -0.00332 0.00940 0.03508 -0.61112 0.03712 -0.13972 -0.09044 0.06300 0.05360 -0.02616
436.0  0.00296 0.00740 0.02984 -0.61264 0.03244 -0.14792 -0.07556 0.06392 0.05624 -0.02688
436.5  0.01040 0.00512 0.02364 -0.61492 0.02888 -0.15324 -0.05980 0.06396 0.06000 -0.02724
437.0  0.01848 0.00268 0.01656 -0.61800 0.02400 -0.15644 -0.04296 0.06208 0.06444 -0.02712
437.5  0.02672 0.00008 0.00880 -0.62160 0.01520 -0.15820 -0.02500 0.05596 0.06988 -0.02604
438.0  0.03460 -0.00260 0.00056 -0.62516 -0.00164 -0.15928 -0.00660 0.04260 0.07532 -0.02392
438.5  0.04156 -0.00544 -0.00796 -0.62752 -0.03272 -0.16000 0.00984 0.01744 0.07844 -0.02024
439.0  0.04716 -0.00828 -0.01632 -0.62516 -0.08716 -0.15880 0.02200 -0.02176 0.07320 -0.01236
439.5  0.05092 -0.01120 -0.02440 -0.60972 -0.17228 -0.14692 0.04528 -0.06612 0.05468 -0.00692
440.0  0.05256 -0.01420 -0.03164 -0.57312 -0.27456 -0.09796 0.10728 -0.09312 0.02740 -0.00188
440.5  0.05188 -0.01728 -0.03780 -0.52696 -0.35792 -0.04264 0.13708 -0.09736 0.00064 0.00340
441.0  0.04880 -0.02044 -0.04272 -0.49096 -0.40784 -0.01556 0.14452 -0.08984 -0.01980 0.00808
441.5  0.04352 -0.02360 -0.04608 -0.46992 -0.43348 -0.00100 0.14752 -0.07868 -0.03304 0.01192
442.0  0.03636 -0.02680 -0.04776 -0.46028 -0.44504 0.00812 0.14876 -0.06716 -0.04084 0.01516
442.5  0.02780 -0.02984 -0.04768 -0.45812 -0.44868 0.01444 0.14888 -0.05676 -0.04464 0.01752
443.0  0.01848 -0.03272 -0.04596 -0.46056 -0.44772 0.01932 0.14824 -0.04784 -0.04608 0.01920
443.5  0.00912 -0.03532 -0.04248 -0.46576 -0.44404 0.02364 0.14716 -0.04020 -0.04564 0.02028
444.0  0.00028 -0.03756 -0.03744 -0.47244 -0.43876 0.02804 0.14572 -0.03368 -0.04440 0.02000
444.5  -0.00744 -0.03932 -0.03096 -0.47988 -0.43220 0.03312 0.14404 -0.02788 -0.04320 0.01788
445.0  -0.01368 -0.04056 -0.02312 -0.48732 -0.42532 0.03924 0.14208 -0.02244 -0.04212 0.01412
445.5  -0.01820 -0.04120 -0.01416 -0.49424 -0.41848 0.04688 0.13972 -0.01712 -0.04056 0.00972
446.0  -0.02100 -0.04120 -0.00428 -0.50004 -0.41236 0.05604 0.13652 -0.01160 -0.03860 0.00560
446.5  -0.02216 -0.04048 0.00628 -0.50372 -0.40816 0.06656 0.13220 -0.00604 -0.03600 0.00216
447.0  -0.02196 -0.03908 0.01728 -0.50360 -0.40788 0.07772 0.12664 -0.00084 -0.03292 -0.00044
447.5  -0.02064 -0.03708 0.02828 -0.49640 -0.41564 0.08868 0.11980 0.00360 -0.02956 -0.00176
448.0  -0.01848 -0.03452 0.03904 -0.47580 -0.43784 0.09852 0.11208 0.00728 -0.02544 -0.00208
448.5  -0.01588 -0.03136 0.04912 -0.43620 -0.47592 0.10688 0.10352 0.01000 -0.02100 -0.00144
449.0  -0.01312 -0.02784 0.05828 -0.40096 -0.50456 0.11340 0.09416 0.01236 -0.01564 -0.00016
449.5  -0.01048 -0.02400 0.06612 -0.42468 -0.48336 0.11788 0.08396 -0.01660 -0.00052 0.00132
450.0  -0.00832 -0.01996 0.07244 -0.49444 -0.41052 0.12012 0.07264 -0.00968 0.00980 0.00256
450.5  -0.00692 -0.01580 0.07708 -0.54964 -0.33180 0.11972 0.06048 -0.00476 0.01068 0.00296
451.0  -0.00644 -0.01168 0.08004 -0.58048 -0.27372 0.11612 0.04812 -0.00068 0.01084 0.00192
451.5  -0.00708 -0.00772 0.08124 -0.59832 -0.23256 0.10912 0.03644 0.00260 0.01084 -0.00004
452.0  -0.00880 -0.00396 0.08080 -0.60984 -0.20144 0.09864 0.02616 0.00488 0.01092 -0.00384
452.5  -0.01152 -0.00044 0.07880 -0.61808 -0.17664 0.08508 0.01780 0.00624 0.01104 -0.00864
453.0  -0.01488 0.00268 0.07536 -0.62432 -0.15612 0.06900 0.01136 0.00656 0.01144 -0.01484
453.5  -0.01844 0.00532 0.07056 -0.62896 -0.13900 0.05112 0.00672 0.00600 0.01192 -0.02192
454.0  -0.02176 0.00744 0.06460 -0.63240 -0.12488 0.03224 0.00364 0.00468 0.01252 -0.02964
454.5  -0.02428 0.00892 0.05748 -0.63476 -0.11364 0.01312 0.00204 0.00288 0.01296 -0.03728
455.0  -0.02544 0.00980 0.04936 -0.63616 -0.10548 -0.00528 0.00160 0.00088 0.01332 -0.04460
455.5  -0.02488 0.01008 0.04032 -0.63680 -0.10084 -0.02240 0.00228 -0.00104 0.01352 -0.05116
456.0  -0.02240 0.00980 0.03052 -0.63672 -0.10068 -0.03764 0.00396 -0.00216 0.01344 -0.05668
456.5  -0.01784 0.00900 0.02004 -0.63584 -0.10672 -0.05104 0.00624 -0.00148 0.01316 -0.06120
457.0  -0.01144 0.00784 0.00912 -0.63328 -0.12228 -0.06248 0.00740 0.00388 0.01232 -0.06440
457.5  -0.00344 0.00632 -0.00192 -0.62708 -0.15332 -0.07068 -0.00252 0.01788 0.00984 -0.06628
458.0  0.00568 0.00472 -0.01308 -0.61160 -0.20960 -0.06388 -0.03180 0.03928 0.00048 -0.06708
458.5  0.01532 0.00296 -0.02396 -0.57400 -0.30024 -0.05188 -0.04296 0.03980 -0.04060 -0.06584
459.0  0.02484 0.00152 -0.03416 -0.50416 -0.40912 -0.04456 -0.04672 -0.01528 -0.06612 -0.05940
459.5  0.03348 0.00004 -0.04340 -0.42492 -0.49320 -0.03280 -0.05204 -0.01196 -0.07560 -0.04812
460.0  0.04056 -0.00104 -0.05176 -0.36464 -0.54136 -0.01292 -0.06016 -0.00868 -0.08108 -0.04072
460.5  0.04544 -0.00196 -0.05844 -0.32616 -0.56748 0.00176 -0.06216 -0.00608 -0.08468 -0.03720
461.0  0.04760 -0.00264 -0.06360 -0.30168 -0.58304 0.01060 -0.06216 -0.00396 -0.08736 -0.03528
461.5  0.04676 -0.00312 -0.06700 -0.28480 -0.59344 0.01772 -0.06108 -0.00204 -0.08960 -0.03380
462.0  0.04288 -0.00336 -0.06852 -0.27152 -0.60164 0.02472 -0.05904 -0.00016 -0.09168 -0.03224
462.5  0.03620 -0.00348 -0.06824 -0.25912 -0.60880 0.03168 -0.05584 0.00212 -0.09372 -0.03004
463.0  0.02724 -0.00352 -0.06620 -0.24556 -0.61588 0.03848 -0.05152 0.00480 -0.09588 -0.02712
463.5  0.01680 -0.00352 -0.06240 -0.22920 -0.62340 0.04460 -0.04616 0.00812 -0.09804 -0.02328
464.0  0.00572 -0.00348 -0.05700 -0.20832 -0.63160 0.04972 -0.03996 0.01240 -0.10004 -0.01892
464.5  -0.00500 -0.00344 -0.05016 -0.18076 -0.64056 0.05368 -0.03308 0.01776 -0.10136 -0.01492
465.0  -0.01452 -0.00336 -0.04200 -0.14436 -0.64976 0.05644 -0.02548 0.02452 -0.10200 -0.01228
465.5  -0.02216 -0.00316 -0.03272 -0.09704 -0.65812 0.05808 -0.01716 0.03272 -0.10172 -0.01196
466.0  -0.02756 -0.00280 -0.02260 -0.03836 -0.66324 0.05860 -0.00808 0.04236 -0.10028 -0.01336
466.5  -0.03060 -0.00216 -0.01180 0.02912 -0.66220 0.05800 0.00184 0.05364 -0.09724 -0.01576
467.0  -0.03132 -0.00112 -0.00068 0.09908 -0.65340 0.05596 0.01288 0.06676 -0.09196 -0.01884
467.5  -0.03012 0.00024 0.01052 0.16452 -0.63748 0.05180 0.02524 0.08180 -0.08360 -0.02336
468.0  -0.02748 0.00200 0.02152 0.22188 -0.61680 0.04400 0.03916 0.09792 -0.07060 -0.03184
468.5  -0.02392 0.00424 0.03176 0.27156 -0.59296 0.02940 0.05404 0.11288 -0.05352 -0.04980
469.0  -0.02000 0.00672 0.04112 0.31676 -0.56624 0.00468 0.06560 0.12444 -0.03448 -0.07592
469.5  -0.01616 0.00952 0.04924 0.36152 -0.53428 -0.02568 0.06740 0.13184 -0.01608 -0.08896
470.0  -0.01280 0.01244 0.05592 0.40856 -0.49504 -0.05376 0.06088 0.13528 0.00068 -0.09284
470.5  -0.01024 0.01536 0.06080 0.45864 -0.44436 -0.07892 0.05112 0.13396 0.01600 -0.09304
471.0  -0.00872 0.01816 0.06420 0.50720 -0.38324 -0.10196 0.04128 0.12744 0.02952 -0.09100
471.5  -0.00832 0.02072 0.06564 0.54692 -0.31944 -0.12204 0.03508 0.11608 0.04068 -0.08716
472.0  -0.00900 0.02292 0.06524 0.57384 -0.26392 -0.13816 0.03460 0.10164 0.04952 -0.08164
472.5  -0.01068 0.02464 0.06304 0.58984 -0.22300 -0.15000 0.03824 0.08604 0.05596 -0.07444
473.0  -0.01308 0.02588 0.05912 0.59888 -0.19676 -0.15800 0.04236 0.07072 0.06064 -0.06580
473.5  -0.01592 0.02664 0.05352 0.60388 -0.18284 -0.16276 0.04424 0.05728 0.06380 -0.05608
474.0  -0.01868 0.02676 0.04636 0.60656 -0.17844 -0.16464 0.04348 0.04652 0.06588 -0.04580
474.5  -0.02096 0.02632 0.03776 0.60768 -0.18124 -0.16408 0.04080 0.03804 0.06716 -0.03548
475.0  -0.02232 0.02532 0.02792 0.60756 -0.18960 -0.16120 0.03676 0.03124 0.06812 -0.02576
475.5  -0.02236 0.02372 0.01700 0.60608 -0.20228 -0.15632 0.03192 0.02548 0.06932 -0.01712
476.0  -0.02088 0.02168 0.00532 0.60296 -0.21884 -0.14972 0.02664 0.02032 0.07088 -0.01000
476.5  -0.01776 0.01912 -0.00692 0.59728 -0.24000 -0.14188 0.02132 0.01512 0.07320 -0.00468
477.0  -0.01312 0.01616 -0.01916 0.58660 -0.26944 -0.13308 0.01580 0.00944 0.07644 -0.00176
477.5  -0.00708 0.01292 -0.03112 0.56276 -0.31880 -0.12392 0.00824 0.00240 0.08088 -0.00092
478.0  -0.00000 0.00944 -0.04224 0.47584 -0.43900 -0.11500 -0.00992 -0.00992 0.08440 -0.00172
478.5  0.00768 0.00588 -0.05208 0.10152 -0.63948 -0.10712 -0.02836 0.04340 0.07472 -0.00348
479.0  0.01556 0.00228 -0.06036 -0.10380 -0.63856 -0.10400 -0.04636 0.05492 0.06024 -0.00528
479.5  0.02308 -0.00116 -0.06660 -0.16944 -0.62344 -0.11068 -0.04276 0.05612 0.05460 -0.00652
480.0  0.02984 -0.00436 -0.07068 -0.20344 -0.61228 -0.11040 -0.05072 0.06188 0.05308 -0.00692
480.5  0.03524 -0.00724 -0.07256 -0.22552 -0.60344 -0.12008 -0.03940 0.06428 0.05324 -0.00604
481.0  0.03888 -0.00960 -0.07220 -0.24104 -0.59696 -0.12828 -0.03368 0.06108 0.05452 -0.00444
481.5  0.04036 -0.01152 -0.06976 -0.25140 -0.59320 -0.13200 -0.03236 0.05548 0.05656 -0.00204
482.0  0.03940 -0.01292 -0.06544 -0.25728 -0.59284 -0.12912 -0.03276 0.04920 0.05940 0.00096
482.5  0.03588 -0.01376 -0.05940 -0.25688 -0.59624 -0.11884 -0.03348 0.04324 0.06304 0.00416
483.0  0.02984 -0.01416 -0.05180 -0.25004 -0.60320 -0.10212 -0.03344 0.03824 0.06740 0.00760
483.5  0.02164 -0.01412 -0.04308 -0.23428 -0.61324 -0.08104 -0.03180 0.03488 0.07220 0.01112
484.0  0.01176 -0.01380 -0.03336 -0.20580 -0.62612 -0.05840 -0.02780 0.03372 0.07760 0.01428
484.5  0.00096 -0.01324 -0.02304 -0.15832 -0.64100 -0.03664 -0.02072 0.03528 0.08296 0.01712
485.0  -0.01000 -0.01252 -0.01248 -0.08292 -0.65472 -0.01764 -0.01012 0.04028 0.08756 0.01992
485.5  -0.02024 -0.01176 -0.00188 0.02636 -0.65776 -0.00260 0.00420 0.04928 0.09016 0.02244
486.0  -0.02900 -0.01100 0.00840 0.15668 -0.63636 0.00724 0.02196 0.06208 0.08936 0.02504
486.5  -0.03568 -0.01024 0.01804 0.27688 -0.58936 0.01056 0.04276 0.07756 0.08356 0.02820
487.0  -0.03992 -0.00948 0.02676 0.37204 -0.52812 0.00476 0.06532 0.09284 0.07268 0.03204
487.5  -0.04160 -0.00872 0.03424 0.44752 -0.45732 -0.01476 0.08592 0.10492 0.05844 0.03696
488.0  -0.04084 -0.00792 0.04044 0.50952 -0.37544 -0.05064 0.09628 0.11260 0.04300 0.04272
488.5  -0.03788 -0.00712 0.04516 0.55656 -0.28500 -0.09108 0.09240 0.11608 0.02752 0.04876
489.0  -0.03320 -0.00624 0.04840 0.58528 -0.19744 -0.12444 0.08276 0.11600 0.01180 0.05380
489.5  -0.02736 -0.00532 0.05012 0.59740 -0.12472 -0.15056 0.07292 0.11252 -0.00420 0.05728
490.0  -0.02088 -0.00440 0.05036 0.59940 -0.07032 -0.17092 0.06444 0.10568 -0.02036 0.05916
490.5  -0.01432 -0.00352 0.04928 0.59692 -0.03212 -0.18644 0.05760 0.09540 -0.03612 0.06012
491.0  -0.00832 -0.00272 0.04688 0.59328 -0.00584 -0.19736 0.05292 0.08208 -0.05072 0.06036
491.5  -0.00328 -0.00208 0.04356 0.59036 0.01216 -0.20392 0.05004 0.06620 -0.06308 0.06060
492.0  0.00036 -0.00164 0.03920 0.58884 0.02468 -0.20648 0.04840 0.04884 -0.07272 0.06112
492.5  -0.00228 -0.00144 0.03404 0.58884 0.03392 -0.20544 0.04692 0.03100 -0.07968 0.06152
493.0  -0.00240 -0.00152 0.02828 0.59028 0.04180 -0.20132 0.04464 0.01360 -0.08444 0.06176
493.5  -0.00080 -0.00192 0.02196 0.59272 0.04956 -0.19468 0.04056 -0.00272 -0.08764 0.06152
494.0  0.00220 -0.00268 0.01508 0.59580 0.05924 -0.18620 0.03428 -0.01760 -0.08988 0.06040
494.5  0.00604 -0.00372 0.00808 0.59904 0.07264 -0.17644 0.02556 -0.03092 -0.09188 0.05808
495.0  0.01012 -0.00508 0.00072 0.60144 0.09188 -0.16572 0.01380 -0.04276 -0.09400 0.05412
495.5  0.01364 -0.00672 -0.00676 0.60160 0.11976 -0.15388 -0.00188 -0.05380 -0.09608 0.04840
496.0  0.01584 -0.00868 -0.01424 0.59748 0.15896 -0.13960 -0.02340 -0.06532 -0.09752 0.04100
496.5  0.01620 -0.01088 -0.02148 0.58624 0.21044 -0.11832 -0.05316 -0.07888 -0.09660 0.03248
497.0  0.01432 -0.01332 -0.02828 0.56584 0.26972 -0.08284 -0.08520 -0.09568 -0.09048 0.02664
497.5  0.01008 -0.01588 -0.03448 0.53876 0.32672 -0.04156 -0.10160 -0.11460 -0.07708 0.02060
498.0  0.00364 -0.01860 -0.03964 0.51160 0.37208 -0.00676 -0.10328 -0.13068 -0.05948 0.01792
498.5  -0.00464 -0.02116 -0.04352 0.48992 0.40248 0.02300 -0.09876 -0.14124 -0.04380 0.01508
499.0  -0.01412 -0.02376 -0.04588 0.47644 0.41992 0.05064 -0.09124 -0.14704 -0.03260 0.01208
499.5  -0.02420 -0.02620 -0.04656 0.46960 0.42704 0.07756 -0.08184 -0.14972 -0.02516 0.00912
500.0  -0.03408 -0.02836 -0.04544 0.46832 0.42664 0.10400 -0.07084 -0.15016 -0.02028 0.00640
500.5  -0.04308 -0.03012 -0.04252 0.47104 0.42032 0.12960 -0.05840 -0.14876 -0.01716 0.00404
501.0  -0.05056 -0.03144 -0.03784 0.47648 0.40960 0.15316 -0.04464 -0.14580 -0.01504 0.00228
501.5  -0.05600 -0.03220 -0.03168 0.48364 0.39656 0.17264 -0.02996 -0.14136 -0.01372 0.00112
502.0  -0.05892 -0.03236 -0.02404 0.49140 0.38372 0.18520 -0.01480 -0.13556 -0.01296 0.00080
502.5  -0.05912 -0.03180 -0.01512 0.49860 0.37500 0.18812 0.00020 -0.12844 -0.01284 0.00128
503.0  -0.05652 -0.03056 -0.00548 0.50276 0.37516 0.17944 0.01432 -0.12004 -0.01316 0.00252
503.5  -0.05120 -0.02872 0.00460 0.49860 0.39012 0.15936 0.02680 -0.11052 -0.01408 0.00408
504.0  -0.04356 -0.02628 0.01508 0.47436 0.42936 0.13040 0.03708 -0.10004 -0.01560 0.00644
504.5  -0.03404 -0.02332 0.02520 0.39920 0.50756 0.09676 0.04488 -0.08880 -0.01800 0.00916
505.0  -0.02336 -0.01996 0.03508 0.23612 0.60548 0.06276 0.05000 -0.07700 -0.02156 0.01288
505.5  -0.01224 -0.01632 0.04396 0.07956 0.64720 0.03136 0.05280 -0.06444 -0.02712 0.01760
506.0  -0.00144 -0.01252 0.05180 0.00564 0.65264 0.00372 0.05384 -0.04424 -0.04212 0.02328
506.5  0.00832 -0.00856 0.05812 -0.01156 0.65212 -0.02004 0.05468 0.02548 -0.04776 0.02872
507.0  0.01652 -0.00472 0.06276 0.03284 0.64988 -0.04048 0.05976 0.03092 -0.03424 0.03252
507.5  0.02280 -0.00096 0.06540 0.43052 0.48504 -0.06000 0.07104 0.02148 -0.02072 0.03356
508.0  0.02696 0.00260 0.06600 0.61628 0.19236 -0.08644 0.04992 0.05324 -0.00640 0.03108
508.5  0.02908 0.00592 0.06464 0.62700 0.13784 -0.11448 0.00272 0.06236 0.00792 0.02528
