# Step S0->S0 S0->S1 S0->S2 S0->S3 S0->S4
0.0  0.01120 0.01884 -0.04440 0.01592 -0.66624
1.0  0.01488 0.01608 -0.01516 -0.00604 -0.66492
2.0  0.02092 0.01272 0.01760 -0.00572 -0.66144
3.0  0.02744 0.00948 0.04980 0.07912 -0.65144
4.0  0.03116 0.00680 0.07724 0.28272 -0.58536
5.0  0.02896 0.00472 0.09644 0.42016 -0.48856
6.0  0.01980 0.00304 0.10540 0.47604 -0.42880
7.0  0.00524 0.00140 0.10324 0.50696 -0.39052
8.0  -0.01116 -0.00028 0.09016 0.53068 -0.36092
9.0  -0.02540 -0.00204 0.06732 0.55164 -0.33380
10.0  -0.03448 -0.00380 0.03684 0.56956 -0.30680
11.0  -0.03700 -0.00528 0.00204 0.58064 -0.28568
12.0  -0.03320 -0.00632 -0.03304 0.56444 -0.31172
13.0  -0.02484 -0.00668 -0.06452 0.18836 -0.61224
14.0  -0.01472 -0.00644 -0.08964 0.01820 -0.63532
15.0  -0.00580 -0.00544 -0.10712 0.01200 -0.63148
16.0  0.00000 -0.00416 -0.11636 0.01016 -0.63004
17.0  0.00256 -0.00292 -0.11724 -0.01440 -0.63168
18.0  0.00316 -0.00208 -0.10980 -0.09884 -0.62856
19.0  0.00372 -0.00244 -0.09440 -0.37536 -0.52044
20.0  0.00568 -0.00400 -0.07196 -0.59256 -0.25676
21.0  0.00980 -0.00652 -0.04404 -0.63200 -0.13916
22.0  0.01596 -0.00936 -0.01332 -0.64148 -0.06876
23.0  0.02308 -0.01188 -0.01692 -0.64012 -0.01300
24.0  0.02912 -0.01336 -0.04316 -0.63300 0.03248
25.0  0.03132 -0.01340 -0.06228 -0.62436 0.06652
26.0  0.02776 -0.01208 -0.07232 -0.61840 0.09112
27.0  0.01832 -0.00972 -0.07244 -0.61696 0.11068
28.0  0.00508 -0.00708 -0.06312 -0.61980 0.12480
29.0  -0.00868 -0.00480 -0.04544 -0.62576 0.12724
30.0  -0.02000 -0.00324 -0.02176 -0.63500 0.10772
31.0  -0.02676 -0.00236 0.00472 -0.64764 0.01560
32.0  -0.02792 -0.00176 0.03032 -0.39332 -0.51708
33.0  -0.02380 -0.00116 0.05156 -0.22748 -0.60944
34.0  -0.01600 0.00012 0.06620 -0.18340 -0.62540
35.0  -0.00740 0.00224 0.07304 -0.16096 -0.63476
36.0  -0.00096 0.00484 0.07180 -0.14832 -0.64324
37.0  0.00148 0.00740 0.06260 -0.13972 -0.65128
38.0  0.00024 0.00896 0.04600 -0.12768 -0.65888
39.0  -0.00288 0.00896 0.02296 -0.10088 -0.66664
40.0  -0.00560 0.00716 -0.00440 -0.04248 -0.67344
41.0  -0.00616 0.00432 -0.03340 0.06048 -0.67000
42.0  -0.00360 0.00084 -0.06084 0.18036 -0.64372
43.0  0.00212 -0.00228 -0.08368 0.26516 -0.60796
44.0  0.00992 -0.00424 -0.09960 0.30936 -0.58112
45.0  0.01740 -0.00460 -0.10708 0.32912 -0.56676
46.0  0.02180 -0.00324 -0.10512 0.33380 -0.56416
47.0  0.02116 -0.00060 -0.09352 0.32388 -0.57364
48.0  0.01524 0.00256 -0.07276 0.29268 -0.59608
49.0  0.00572 0.00560 -0.04452 0.23196 -0.62796
50.0  -0.00500 0.00828 -0.01192 0.15124 -0.65572
51.0  -0.01448 0.01048 0.02064 0.08280 -0.66868
52.0  -0.02080 0.01228 0.04852 0.04392 -0.67132
53.0  -0.02256 0.01348 0.06808 0.02656 -0.67032
54.0  -0.01936 0.01416 0.07732 0.01612 -0.66824
55.0  -0.01228 0.01440 0.07596 0.00140 -0.66768
56.0  -0.00416 0.01448 0.06508 -0.02256 -0.66808
57.0  0.00160 0.01436 0.04664 -0.05288 -0.66660
58.0  0.00268 0.01384 0.02300 -0.07412 -0.66304
59.0  -0.00064 0.01248 -0.00300 0.03468 -0.66268
60.0  -0.00604 0.00984 -0.02852 0.58624 -0.29924
61.0  -0.01044 0.00584 -0.05080 0.59916 -0.25640
62.0  -0.01112 0.00072 -0.06756 0.59860 -0.24084
63.0  -0.00688 -0.00472 -0.07716 0.60016 -0.22212
64.0  0.00176 -0.00964 -0.07868 0.60524 -0.19768
65.0  0.01244 -0.01312 -0.07160 0.61352 -0.16828
66.0  0.02136 -0.01456 -0.05588 0.62408 -0.13584
67.0  0.02480 -0.01404 -0.03216 0.63544 -0.10060
68.0  0.02100 -0.01220 -0.00208 0.64576 -0.06080
69.0  0.01088 -0.01012 0.03120 0.65260 -0.00844
70.0  -0.00236 -0.00856 0.06364 0.64648 0.10008
71.0  -0.01500 -0.00808 0.09124 0.37868 0.53184
72.0  -0.02400 -0.00864 0.11108 0.14096 0.63332
73.0  -0.02768 -0.00972 0.12132 0.08868 0.63628
74.0  -0.02564 -0.01060 0.12124 0.07880 0.63040
75.0  -0.01900 -0.01068 0.11096 0.12032 0.61896
76.0  -0.01044 -0.00984 0.09148 0.44608 0.44424
77.0  -0.00336 -0.00844 0.06452 0.62028 0.11472
78.0  -0.00044 -0.00712 0.03292 0.63108 0.03548
79.0  -0.00204 -0.00648 -0.00008 0.63180 -0.02288
80.0  -0.00628 -0.00668 -0.03096 0.62560 -0.08428
81.0  -0.01024 -0.00780 -0.05664 0.61324 -0.14548
82.0  -0.01136 -0.00940 -0.07496 0.59848 -0.19848
83.0  -0.00836 -0.01096 -0.08500 0.58500 -0.23972
84.0  -0.00132 -0.01184 -0.08644 0.57488 -0.27152
85.0  0.00860 -0.01140 -0.07972 0.56768 -0.29740
86.0  0.01888 -0.00924 -0.06552 0.55936 -0.32532
87.0  0.02648 -0.00540 -0.04492 0.52632 -0.38804
88.0  0.02864 -0.00040 -0.01976 0.28200 -0.59704
89.0  0.02464 0.00488 -0.00732 0.01524 -0.66496
90.0  0.01568 0.00956 -0.03292 -0.02680 -0.66712
91.0  0.00440 0.01272 -0.05380 -0.02564 -0.66668
92.0  -0.00656 0.01392 -0.06732 -0.01848 -0.66328
93.0  -0.01504 0.01308 -0.07168 -0.01672 -0.65844
94.0  -0.01940 0.01064 -0.06592 -0.02404 -0.65720
95.0  -0.01876 0.00748 -0.05020 -0.03552 -0.66084
96.0  -0.01380 0.00460 -0.02616 -0.03532 -0.66588
97.0  -0.00712 0.00256 0.00296 0.00232 -0.66916
98.0  -0.00216 0.00160 0.03300 0.09952 -0.66052
99.0  -0.00132 0.00132 0.05980 0.22228 -0.62600
100.0  -0.00480 0.00132 0.08044 0.30496 -0.58520
