0.0  1.29415652
0.5  1.29018887
1.0  1.28185016
1.5  1.27086432
2.0  1.25934692
2.5  1.24999041
3.0  1.24466025
3.5  1.24337782
4.0  1.24454397
4.5  1.24475132
5.0  1.24028317
5.5  1.22924154
6.0  1.21126217
6.5  1.18942288
7.0  1.16699306
7.5  1.14871502
8.0  1.13653907
8.5  1.13167791
9.0  1.13225513
9.5  1.13677384
10.0  1.14238473
10.5  1.14757656
11.0  1.15224666
11.5  1.15645588
12.0  1.16178403
12.5  1.17002269
13.0  1.18445334
13.5  1.20566385
14.0  1.23312699
14.5  1.26362644
15.0  1.29305327
15.5  1.31693782
16.0  1.33229241
16.5  1.33844052
17.0  1.33729215
17.5  1.33233288
18.0  1.32782949
18.5  1.32539032
19.0  1.32521068
19.5  1.32624802
20.0  1.32725567
20.5  1.32594719
21.0  1.32094239
21.5  1.31177082
22.0  1.29989344
22.5  1.28641339
23.0  1.27419693
23.5  1.26572221
24.0  1.26240270
24.5  1.26370671
25.0  1.26666351
25.5  1.26807679
26.0  1.26469890
26.5  1.25511263
27.0  1.24055249
27.5  1.22410435
28.0  1.21004006
28.5  1.20214501
29.0  1.20180429
29.5  1.20766946
30.0  1.21775380
30.5  1.22833544
31.0  1.23666133
31.5  1.24113919
32.0  1.24110156
32.5  1.23672369
33.0  1.23068607
33.5  1.22597612
34.0  1.22512502
34.5  1.22811330
35.0  1.23278384
35.5  1.23618866
36.0  1.23466560
36.5  1.22510220
37.0  1.20639001
37.5  1.18050537
38.0  1.15371113
38.5  1.13298711
39.0  1.12305211
39.5  1.12581758
40.0  1.14051932
40.5  1.16432615
41.0  1.19362916
41.5  1.22394550
42.0  1.25181640
42.5  1.27548816
43.0  1.29545369
43.5  1.31270355
44.0  1.33043601
44.5  1.35090101
45.0  1.37496834
45.5  1.40066546
46.0  1.42361687
46.5  1.43833214
47.0  1.43945496
47.5  1.42519223
48.0  1.39837947
48.5  1.36491684
49.0  1.33171087
49.5  1.30473142
50.0  1.28755744
50.5  1.27973775
51.0  1.27808763
51.5  1.27853243
52.0  1.27738229
52.5  1.27040375
53.0  1.25638855
53.5  1.23643822
54.0  1.21283085
54.5  1.19023863
55.0  1.17292647
55.5  1.16357454
56.0  1.16217211
56.5  1.16533208
57.0  1.16763189
57.5  1.16357587
58.0  1.15133569
58.5  1.13277307
59.0  1.11435249
59.5  1.10315263
60.0  1.10380231
60.5  1.11789279
61.0  1.14393828
61.5  1.17694891
62.0  1.21101081
62.5  1.23996913
63.0  1.26082915
63.5  1.27177127
64.0  1.27351602
64.5  1.27073066
65.0  1.26715999
65.5  1.26816756
66.0  1.27614893
66.5  1.28979417
67.0  1.30547848
67.5  1.31664205
68.0  1.31801827
68.5  1.30754557
69.0  1.28800660
69.5  1.26634413
70.0  1.25089950
70.5  1.24633139
71.0  1.25426944
71.5  1.27108372
72.0  1.29405807
72.5  1.31649863
73.0  1.33231726
73.5  1.33817115
74.0  1.33288804
74.5  1.31843261
75.0  1.29941603
75.5  1.28155841
76.0  1.27047900
76.5  1.26820790
77.0  1.27344879
77.5  1.28247684
78.0  1.28928346
78.5  1.28736757
79.0  1.27432512
79.5  1.25316069
80.0  1.23106925
80.5  1.21432924
81.0  1.20780578
81.5  1.21184549
82.0  1.22442844
82.5  1.23982970
83.0  1.25290271
83.5  1.25876492
84.0  1.25516955
84.5  1.24168284
85.0  1.21989838
85.5  1.19452642
86.0  1.17235523
86.5  1.15835641
87.0  1.15557238
87.5  1.16288353
88.0  1.17565425
88.5  1.18773649
89.0  1.19401343
89.5  1.19314471
90.0  1.18676859
90.5  1.18101386
91.0  1.18077942
91.5  1.19018849
92.0  1.20761802
92.5  1.23128391
93.0  1.25808472
93.5  1.28302471
94.0  1.30196657
94.5  1.31329979
95.0  1.31717368
95.5  1.31513163
96.0  1.31041649
96.5  1.30819257
97.0  1.31191045
97.5  1.32388311
98.0  1.34090258
98.5  1.35953677
99.0  1.37290328
99.5  1.37712614
100.0  1.37123798
100.5  1.35738564
101.0  1.34074396
101.5  1.32660009
102.0  1.31771888
102.5  1.31330250
103.0  1.31060124
103.5  1.30643348
104.0  1.29722018
104.5  1.27986941
105.0  1.25581401
105.5  1.22643854
106.0  1.19552211
106.5  1.16678038
107.0  1.14537913
107.5  1.13592527
108.0  1.13781146
108.5  1.14831903
109.0  1.16150697
109.5  1.17175767
110.0  1.17383733
110.5  1.16679226
111.0  1.15587730
111.5  1.14725980
112.0  1.14690671
112.5  1.15624691
113.0  1.17342154
113.5  1.19373916
114.0  1.21350065
114.5  1.22769541
115.0  1.23477346
115.5  1.23452861
116.0  1.22990599
116.5  1.22440792
117.0  1.22295133
117.5  1.23013936
118.0  1.24836165
118.5  1.27675924
119.0  1.30968656
119.5  1.33961617
120.0  1.35946874
120.5  1.36605072
121.0  1.35828453
121.5  1.34105002
122.0  1.32115469
122.5  1.30557850
123.0  1.29720231
123.5  1.29556624
124.0  1.29799648
124.5  1.30078539
125.0  1.30010036
125.5  1.29531058
126.0  1.28648867
126.5  1.27464621
127.0  1.26337936
127.5  1.25705615
128.0  1.25896687
128.5  1.27060268
129.0  1.28925789
129.5  1.31044214
130.0  1.32823858
130.5  1.33444546
131.0  1.32670355
131.5  1.30702610
132.0  1.28112066
132.5  1.25490028
133.0  1.23417389
133.5  1.22155735
134.0  1.21545873
134.5  1.21278029
135.0  1.20991374
135.5  1.20382060
136.0  1.19274899
136.5  1.17882200
137.0  1.16359394
137.5  1.15245799
138.0  1.14841045
138.5  1.15479978
139.0  1.17271665
139.5  1.19916438
140.0  1.22823023
140.5  1.25271180
141.0  1.26711730
141.5  1.26879716
142.0  1.25985742
142.5  1.24629057
143.0  1.23582005
143.5  1.23380941
144.0  1.24234749
144.5  1.25946754
145.0  1.28165183
145.5  1.30466047
146.0  1.32381036
146.5  1.33710324
147.0  1.34464056
147.5  1.34765996
148.0  1.34982826
148.5  1.35389926
149.0  1.36302278
149.5  1.37820050
150.0  1.39649216
150.5  1.41258714
151.0  1.42021470
151.5  1.41395615
152.0  1.39194128
152.5  1.35742091
153.0  1.31806407
153.5  1.28178226
154.0  1.25480106
154.5  1.24100698
155.0  1.23865149
155.5  1.24337821
156.0  1.25077370
156.5  1.25570654
157.0  1.25435998
157.5  1.24554059
158.0  1.23024911
158.5  1.21201300
159.0  1.19534443
159.5  1.18471716
160.0  1.18238433
160.5  1.18725553
161.0  1.19531346
161.5  1.20032835
162.0  1.19766876
162.5  1.18572763
163.0  1.16734481
163.5  1.14922274
164.0  1.13617434
164.5  1.13630470
165.0  1.14740232
165.5  1.17216283
166.0  1.19912164
166.5  1.23005688
167.0  1.25382764
167.5  1.27260055
168.0  1.27877265
168.5  1.27858063
169.0  1.27275702
169.5  1.26707526
170.0  1.26681717
170.5  1.27214895
171.0  1.28494907
171.5  1.29743585
172.0  1.30747748
172.5  1.31008166
173.0  1.30535781
173.5  1.29561708
174.0  1.28583693
174.5  1.28149493
175.0  1.28588561
175.5  1.29886438
176.0  1.31843188
176.5  1.33783742
177.0  1.35576852
177.5  1.36434299
178.0  1.36703765
178.5  1.35783972
179.0  1.34469599
179.5  1.32624355
180.0  1.31162347
180.5  1.30076310
181.0  1.29748726
181.5  1.29862203
182.0  1.29923896
182.5  1.29441645
183.0  1.27974039
183.5  1.25837060
184.0  1.23221570
184.5  1.20929994
185.0  1.19172914
185.5  1.18415551
186.0  1.18382648
186.5  1.18783932
187.0  1.19157041
187.5  1.19031373
188.0  1.18394564
188.5  1.16979455
189.0  1.15050589
189.5  1.12988823
190.0  1.11284174
190.5  1.10618524
191.0  1.11080806
191.5  1.13043036
192.0  1.15809173
192.5  1.19338564
193.0  1.22234157
193.5  1.24532063
194.0  1.25751527
194.5  1.26529882
195.0  1.27119463
195.5  1.28026822
196.0  1.29571240
196.5  1.31524890
197.0  1.33668027
197.5  1.35499185
198.0  1.36756810
198.5  1.37020852
199.0  1.36354671
199.5  1.34857973
200.0  1.32824779
200.5  1.30745089
201.0  1.29183420
201.5  1.28566824
202.0  1.29027282
202.5  1.30158706
203.0  1.31545284
203.5  1.32488461
204.0  1.32771470
204.5  1.31846697
205.0  1.30502105
205.5  1.28891720
206.0  1.27735208
206.5  1.26977139
207.0  1.26875602
207.5  1.27018410
208.0  1.26969891
208.5  1.26545991
209.0  1.25484601
209.5  1.23707471
210.0  1.21376087
210.5  1.18851481
211.0  1.16573584
211.5  1.15103360
212.0  1.14715429
212.5  1.15681310
213.0  1.17539439
213.5  1.19693320
214.0  1.21490812
214.5  1.22412876
215.0  1.22386166
215.5  1.21753304
216.0  1.20967985
216.5  1.20550074
217.0  1.20716008
217.5  1.21541322
218.0  1.22714775
218.5  1.23964616
219.0  1.24872463
219.5  1.25429489
220.0  1.25280881
220.5  1.24737249
221.0  1.24055510
221.5  1.23610757
222.0  1.23856759
222.5  1.24964882
223.0  1.27019694
223.5  1.29689636
224.0  1.32331562
224.5  1.34263967
225.0  1.35153765
225.5  1.34900038
226.0  1.33889537
226.5  1.32714015
227.0  1.31855644
227.5  1.31644417
228.0  1.32022118
228.5  1.32755537
229.0  1.33512228
229.5  1.33955816
230.0  1.33807016
230.5  1.32910820
231.0  1.31410982
231.5  1.29668897
232.0  1.28028643
232.5  1.26874811
233.0  1.26617604
233.5  1.27281082
234.0  1.28521501
234.5  1.29657195
235.0  1.30128453
235.5  1.29422329
236.0  1.27385482
236.5  1.24518217
237.0  1.21324642
237.5  1.18495369
238.0  1.16417200
238.5  1.15185502
239.0  1.14569272
239.5  1.14481312
240.0  1.14652209
240.5  1.14742786
241.0  1.14604726
241.5  1.14326029
242.0  1.13844204
242.5  1.13521941
243.0  1.13919964
243.5  1.15012309
244.0  1.17120208
244.5  1.19826518
245.0  1.22929614
245.5  1.25517979
246.0  1.27395169
246.5  1.28388142
247.0  1.28680773
247.5  1.28553933
248.0  1.28639443
248.5  1.29250664
249.0  1.30282361
249.5  1.31723165
250.0  1.33339157
250.5  1.34807707
251.0  1.35865401
251.5  1.36442231
252.0  1.36437288
252.5  1.35911418
253.0  1.35138766
253.5  1.34396350
254.0  1.33905738
254.5  1.33800345
255.0  1.33954561
255.5  1.34085482
256.0  1.33490237
256.5  1.32304394
257.0  1.30250423
257.5  1.27896002
258.0  1.25404075
258.5  1.23545270
259.0  1.22436806
259.5  1.22156759
260.0  1.22497013
260.5  1.23080544
261.0  1.23761514
261.5  1.24003159
262.0  1.23827711
262.5  1.23000960
263.0  1.21868209
263.5  1.20587909
264.0  1.19657879
264.5  1.19208032
265.0  1.19307324
265.5  1.19860855
266.0  1.20452006
266.5  1.20656923
267.0  1.20312969
267.5  1.19428739
268.0  1.18551784
268.5  1.17946226
269.0  1.18264971
269.5  1.19281550
270.0  1.21198079
270.5  1.23387360
271.0  1.25816266
271.5  1.27576792
272.0  1.29007383
272.5  1.29583353
273.0  1.29645353
273.5  1.29165653
274.0  1.28641983
274.5  1.28543083
275.0  1.28893388
275.5  1.29905640
276.0  1.31144800
276.5  1.32348574
277.0  1.32855967
277.5  1.32732038
278.0  1.31979453
278.5  1.31078427
279.0  1.30411094
279.5  1.30317913
280.0  1.30889578
280.5  1.32088489
281.0  1.33436357
281.5  1.34575224
282.0  1.34895482
282.5  1.34653747
283.0  1.33347794
283.5  1.31470743
284.0  1.28861369
284.5  1.26499189
285.0  1.24329705
285.5  1.22888628
286.0  1.22119520
286.5  1.21838900
287.0  1.21805682
287.5  1.21279907
288.0  1.20563691
288.5  1.19487194
289.0  1.19016377
289.5  1.18733259
290.0  1.19400032
290.5  1.20588617
291.0  1.22247892
291.5  1.23722441
292.0  1.24688049
292.5  1.24833863
293.0  1.23884850
293.5  1.21989345
294.0  1.19501904
294.5  1.16818934
295.0  1.14574405
295.5  1.13287963
296.0  1.13402109
296.5  1.14412602
297.0  1.16630994
297.5  1.18866026
298.0  1.21361457
298.5  1.23234305
299.0  1.25179246
299.5  1.26847390
300.0  1.28920923
300.5  1.31212154
301.0  1.33703366
301.5  1.36293020
302.0  1.38423366
302.5  1.40109028
303.0  1.40686064
303.5  1.40390726
304.0  1.39102124
304.5  1.37316942
305.0  1.35174536
305.5  1.33283628
306.0  1.32009457
306.5  1.31599449
307.0  1.31818883
307.5  1.32446265
308.0  1.32820816
308.5  1.32720991
309.0  1.31697486
309.5  1.30380726
310.0  1.28564835
310.5  1.27421648
311.0  1.26393088
311.5  1.26179701
312.0  1.26004577
312.5  1.25920909
313.0  1.25545240
313.5  1.24645169
314.0  1.23231783
314.5  1.21135892
315.0  1.19066462
315.5  1.16945695
316.0  1.15756022
316.5  1.15421764
317.0  1.16323997
317.5  1.17999443
318.0  1.20221681
318.5  1.22359313
319.0  1.23934684
319.5  1.24558001
320.0  1.24287273
320.5  1.23668517
321.0  1.23151908
321.5  1.22873089
322.0  1.23158363
322.5  1.23466175
323.0  1.24175128
323.5  1.24436782
324.0  1.24816893
324.5  1.24560407
325.0  1.24794998
325.5  1.24438731
326.0  1.24578736
326.5  1.25238224
327.0  1.26995336
327.5  1.29728013
328.0  1.32839186
328.5  1.36121755
329.0  1.38647496
329.5  1.40394305
330.0  1.40849406
330.5  1.40584644
331.0  1.39612366
331.5  1.38563026
332.0  1.37550404
332.5  1.36571286
333.0  1.35622596
333.5  1.34414972
334.0  1.32633601
334.5  1.30380817
335.0  1.27653793
335.5  1.25050916
336.0  1.22121262
336.5  1.20105379
337.0  1.18376950
337.5  1.18068901
338.0  1.18470571
338.5  1.19768027
339.0  1.20906673
339.5  1.21847310
340.0  1.22036393
340.5  1.21727600
341.0  1.21117080
341.5  1.20704341
342.0  1.20789490
342.5  1.21222234
343.0  1.22267294
343.5  1.23450325
344.0  1.24705477
344.5  1.25496041
345.0  1.25586114
345.5  1.24875050
346.0  1.23925430
346.5  1.22931943
347.0  1.22219879
347.5  1.22000924
348.0  1.22603773
348.5  1.24142354
349.0  1.26133891
349.5  1.28015147
350.0  1.29279753
350.5  1.29693219
351.0  1.29202839
351.5  1.28467145
352.0  1.28049088
352.5  1.28418295
353.0  1.29693480
353.5  1.31762232
354.0  1.34307082
354.5  1.36944891
355.0  1.39221111
355.5  1.40900405
356.0  1.41834979
356.5  1.41987605
357.0  1.41695448
357.5  1.41210750
358.0  1.40850095
358.5  1.41083556
359.0  1.41690739
359.5  1.42220551
360.0  1.42263364
360.5  1.41279002
361.0  1.38945700
361.5  1.35463431
362.0  1.31452609
362.5  1.27629897
363.0  1.24541606
363.5  1.22651761
364.0  1.21818528
364.5  1.21636763
365.0  1.21716233
365.5  1.21767341
366.0  1.21306565
366.5  1.20315577
367.0  1.18996976
367.5  1.17497523
368.0  1.16422484
368.5  1.16371457
369.0  1.16970140
369.5  1.18880273
370.0  1.21149391
370.5  1.23333749
371.0  1.24763743
371.5  1.25361477
372.0  1.24945402
372.5  1.24084663
373.0  1.23881501
373.5  1.24239040
374.0  1.25237066
374.5  1.27223582
375.0  1.29370970
375.5  1.31236992
376.0  1.32281548
376.5  1.32816499
377.0  1.31971957
377.5  1.30653830
378.0  1.29008602
378.5  1.27618287
379.0  1.26921285
379.5  1.27158818
380.0  1.28240706
380.5  1.29920010
381.0  1.31531535
381.5  1.32385942
382.0  1.32559582
382.5  1.32094439
383.0  1.31628715
383.5  1.31549103
384.0  1.32460890
384.5  1.34063417
385.0  1.36205269
385.5  1.38294499
386.0  1.39878623
386.5  1.40443203
387.0  1.39909360
387.5  1.38011480
388.0  1.35173939
388.5  1.31768902
389.0  1.28472848
389.5  1.25247722
390.0  1.23255934
390.5  1.22069491
391.0  1.21563806
391.5  1.20789902
392.0  1.19649782
392.5  1.18206557
393.0  1.16441290
393.5  1.14957969
394.0  1.14084494
394.5  1.14526443
395.0  1.15825043
395.5  1.17998350
396.0  1.20355059
396.5  1.22713022
397.0  1.24397446
397.5  1.25548704
398.0  1.26063291
398.5  1.25769751
399.0  1.25218452
399.5  1.24873130
400.0  1.24945806
400.5  1.25899440
401.0  1.27588504
401.5  1.29836808
402.0  1.32050041
402.5  1.33867751
403.0  1.34856457
403.5  1.35459338
404.0  1.35648137
404.5  1.36018323
405.0  1.36613137
405.5  1.37476908
406.0  1.38339795
406.5  1.39051027
407.0  1.39249033
407.5  1.38691503
408.0  1.37649427
408.5  1.35910974
409.0  1.33824367
409.5  1.31600479
410.0  1.29906063
410.5  1.28616392
411.0  1.28020805
411.5  1.28108170
412.0  1.28641116
412.5  1.29102832
413.0  1.29078185
413.5  1.28695248
414.0  1.27926764
414.5  1.27234732
415.0  1.26534912
415.5  1.26284569
416.0  1.26325979
416.5  1.26317967
417.0  1.26033005
417.5  1.25369325
418.0  1.24314608
418.5  1.22614751
419.0  1.20470442
419.5  1.18167261
420.0  1.16260996
420.5  1.14883393
421.0  1.14563669
421.5  1.15234587
422.0  1.16546578
422.5  1.18434195
423.0  1.20231437
423.5  1.21662147
424.0  1.22678804
424.5  1.23464095
425.0  1.24177918
425.5  1.25247445
426.0  1.26628070
426.5  1.28224213
427.0  1.30010357
427.5  1.31381781
428.0  1.32347939
428.5  1.32803056
429.0  1.32811426
429.5  1.32083006
430.0  1.31286292
430.5  1.30600209
431.0  1.30055809
431.5  1.29837561
432.0  1.30389516
432.5  1.31186392
433.0  1.31926395
433.5  1.32408949
434.0  1.32219435
434.5  1.31469102
435.0  1.30630713
435.5  1.29978595
436.0  1.29784931
436.5  1.30083459
437.0  1.30748933
437.5  1.31475863
438.0  1.32197553
438.5  1.32756022
439.0  1.32874115
439.5  1.32629169
440.0  1.31988090
440.5  1.31239419
441.0  1.30307935
441.5  1.29695937
442.0  1.29014723
442.5  1.28757795
443.0  1.28621375
443.5  1.28195617
444.0  1.27190931
444.5  1.25418135
445.0  1.23344676
445.5  1.20960695
446.0  1.18931455
446.5  1.17136234
447.0  1.16246135
447.5  1.15814758
448.0  1.15814150
448.5  1.16105118
449.0  1.16356208
449.5  1.16618673
450.0  1.17118684
450.5  1.17788138
451.0  1.18536731
451.5  1.19529002
452.0  1.21148122
452.5  1.23173054
453.0  1.25990888
453.5  1.28828754
454.0  1.31769557
454.5  1.33847687
455.0  1.35627560
455.5  1.36432757
456.0  1.37091599
456.5  1.37419198
457.0  1.38051742
457.5  1.38729068
458.0  1.39606481
458.5  1.40525039
459.0  1.41051614
459.5  1.41377118
460.0  1.41026702
460.5  1.40174557
461.0  1.38621037
461.5  1.36665648
462.0  1.34442316
462.5  1.32193370
463.0  1.30228316
463.5  1.28630865
464.0  1.27178269
464.5  1.25758038
465.0  1.23819715
465.5  1.21795533
466.0  1.19474783
466.5  1.17676811
467.0  1.16015112
467.5  1.15483032
468.0  1.15552281
468.5  1.16640569
469.0  1.18109638
469.5  1.19824035
470.0  1.21351227
470.5  1.22557943
471.0  1.23567976
471.5  1.23970139
472.0  1.24224918
472.5  1.23998470
473.0  1.24183577
473.5  1.24279936
474.0  1.24798979
474.5  1.25192814
475.0  1.25455416
475.5  1.25089728
476.0  1.24278640
476.5  1.23290012
477.0  1.22320328
477.5  1.21701612
478.0  1.21794529
478.5  1.22621045
479.0  1.24214946
479.5  1.25949516
480.0  1.28004902
480.5  1.29433082
481.0  1.30965600
481.5  1.31506541
482.0  1.32074670
482.5  1.31937024
483.0  1.32076868
483.5  1.31984552
484.0  1.32424613
484.5  1.33072358
485.0  1.33646429
485.5  1.34161197
486.0  1.34046468
486.5  1.33765139
487.0  1.32893134
487.5  1.32365328
488.0  1.32050749
488.5  1.32449194
489.0  1.33389886
489.5  1.34708972
490.0  1.35792954
490.5  1.36403620
491.0  1.36344580
491.5  1.35500704
492.0  1.33688583
492.5  1.31425597
493.0  1.28378641
493.5  1.25793276
494.0  1.22959786
494.5  1.21099669
495.0  1.19413242
495.5  1.18368119
496.0  1.17311042
496.5  1.16429000
497.0  1.15673613
497.5  1.14960873
498.0  1.14869354
498.5  1.15121450
499.0  1.16581618
499.5  1.18380507
500.0  1.20887214
500.5  1.23106875
501.0  1.25264315
501.5  1.26857405
502.0  1.27741007
502.5  1.27888436
503.0  1.27503042
503.5  1.26851339
504.0  1.26107689
504.5  1.25621090
505.0  1.25796577
505.5  1.26387944
506.0  1.27479099
