0.0  1.22451735
0.5  1.19530629
1.0  1.18735269
1.5  1.20438777
2.0  1.23933583
2.5  1.28326408
3.0  1.32249982
3.5  1.34621959
4.0  1.34913555
4.5  1.33332840
5.0  1.30948173
5.5  1.29028701
6.0  1.28898305
6.5  1.31012922
7.0  1.34990950
7.5  1.39612314
8.0  1.43278067
8.5  1.44624568
9.0  1.43016228
9.5  1.38966460
10.0  1.33653191
10.5  1.28514603
11.0  1.24975145
11.5  1.23716203
12.0  1.25043769
12.5  1.28112104
13.0  1.32118265
13.5  1.35466073
14.0  1.37268682
14.5  1.36846356
15.0  1.34668928
15.5  1.31783066
16.0  1.29689268
16.5  1.29709532
17.0  1.32276331
17.5  1.36983865
18.0  1.42477729
18.5  1.47108875
19.0  1.49377093
19.5  1.48674526
20.0  1.45433855
20.5  1.40784914
21.0  1.36289567
21.5  1.33126266
22.0  1.32050196
22.5  1.33038956
23.0  1.35325015
23.5  1.37907922
24.0  1.39314846
24.5  1.38664969
25.0  1.35313960
25.5  1.30108886
26.0  1.24132769
26.5  1.19379110
27.0  1.17001871
27.5  1.17779484
28.0  1.21250487
28.5  1.26188554
29.0  1.30806127
29.5  1.33605118
30.0  1.33963106
30.5  1.32223207
31.0  1.29453939
31.5  1.26958490
32.0  1.25824607
32.5  1.26794309
33.0  1.29778049
33.5  1.34302500
34.0  1.38983353
34.5  1.42612199
35.0  1.43940340
35.5  1.42485421
36.0  1.38670088
36.5  1.33499910
37.0  1.28876313
37.5  1.26001514
38.0  1.26017606
38.5  1.28357931
39.0  1.32160536
39.5  1.35467553
40.0  1.37139903
40.5  1.36402236
41.0  1.33682515
41.5  1.29988277
42.0  1.26628691
42.5  1.24618427
43.0  1.24554060
43.5  1.26466118
44.0  1.29727657
44.5  1.33126258
45.0  1.35531046
45.5  1.35720760
46.0  1.33694512
46.5  1.29556562
47.0  1.24777137
47.5  1.20648044
48.0  1.18788439
48.5  1.19733331
49.0  1.23320081
49.5  1.28191880
50.0  1.32741371
50.5  1.35706698
51.0  1.36356268
51.5  1.35353874
52.0  1.33383700
52.5  1.31852129
53.0  1.31559524
53.5  1.33137846
54.0  1.36443990
54.5  1.40762210
55.0  1.44911220
55.5  1.47667872
56.0  1.48040962
56.5  1.45629208
57.0  1.40919246
57.5  1.35160131
58.0  1.30128604
58.5  1.27319239
59.0  1.27367745
59.5  1.30069911
60.0  1.34235130
60.5  1.38239895
61.0  1.40643949
61.5  1.40815828
62.0  1.38997673
62.5  1.36074568
63.0  1.33280951
63.5  1.31603684
64.0  1.31729070
64.5  1.33594426
65.0  1.36618057
65.5  1.40014554
66.0  1.42575653
66.5  1.43358043
67.0  1.42090216
67.5  1.39235875
68.0  1.35963990
68.5  1.33669896
69.0  1.33500693
69.5  1.36019374
70.0  1.39387313
70.5  1.44571547
71.0  1.48161474
71.5  1.49869197
72.0  1.49622217
72.5  1.45924450
73.0  1.43295910
73.5  1.38263155
74.0  1.37604789
74.5  1.35377985
75.0  1.37872455
75.5  1.38742415
76.0  1.41745927
76.5  1.41910819
77.0  1.40985616
77.5  1.37396843
78.0  1.32400326
78.5  1.27166182
79.0  1.23092673
79.5  1.21536224
80.0  1.23003474
80.5  1.26382609
81.0  1.31531580
81.5  1.34804028
82.0  1.37999865
82.5  1.36852807
83.0  1.36139897
83.5  1.32571852
84.0  1.31678911
84.5  1.30523489
85.0  1.32142648
85.5  1.35305794
86.0  1.38841982
86.5  1.43630375
87.0  1.45172682
87.5  1.47229170
88.0  1.44504081
88.5  1.42649808
89.0  1.38187360
89.5  1.36569695
90.0  1.35618414
90.5  1.37649417
91.0  1.40561202
91.5  1.43719296
92.0  1.45459163
92.5  1.44880796
93.0  1.41574263
93.5  1.36732471
94.0  1.30710685
94.5  1.26759686
95.0  1.22936701
95.5  1.23374929
96.0  1.23444572
96.5  1.27752909
97.0  1.29527215
97.5  1.33269424
98.0  1.33216473
98.5  1.33281958
99.0  1.31382786
99.5  1.30424483
100.0  1.31196342
100.5  1.33551000
101.0  1.39627244
101.5  1.45659626
102.0  1.52881835
102.5  1.56891195
103.0  1.59073459
103.5  1.57588102
104.0  1.54182737
104.5  1.49935696
105.0  1.45951110
105.5  1.43845456
106.0  1.43218793
106.5  1.44424305
107.0  1.46693109
107.5  1.47829134
108.0  1.48676867
108.5  1.45479444
109.0  1.42493237
109.5  1.35526934
110.0  1.31466998
110.5  1.26484605
111.0  1.26030554
111.5  1.26748756
112.0  1.30068003
112.5  1.33821390
113.0  1.36082576
113.5  1.37428275
114.0  1.35528461
114.5  1.33657741
115.0  1.30424948
115.5  1.29340455
116.0  1.29452868
116.5  1.32145334
117.0  1.36597865
117.5  1.41480687
118.0  1.46145116
118.5  1.48215940
119.0  1.48408529
119.5  1.45778733
120.0  1.41699621
120.5  1.37992980
121.0  1.34635242
121.5  1.35044779
122.0  1.35248881
122.5  1.39340077
123.0  1.40686766
123.5  1.43600969
124.0  1.41657623
124.5  1.39748558
125.0  1.35103466
125.5  1.31979989
126.0  1.29490722
126.5  1.29135588
127.0  1.31336389
127.5  1.34885050
128.0  1.39411581
128.5  1.42691469
129.0  1.44100257
129.5  1.43467462
130.0  1.39969457
130.5  1.36035048
131.0  1.31108455
131.5  1.29449658
132.0  1.28985520
132.5  1.31868622
133.0  1.35132369
133.5  1.38678987
134.0  1.41197475
134.5  1.40548214
135.0  1.39453961
135.5  1.34966660
136.0  1.32943468
136.5  1.29860522
137.0  1.31495234
137.5  1.33415542
138.0  1.38358905
138.5  1.42916075
139.0  1.47041239
139.5  1.48861303
140.0  1.47761871
140.5  1.44384397
141.0  1.39499777
141.5  1.34799531
142.0  1.31972456
142.5  1.30839656
143.0  1.33085307
143.5  1.35353183
144.0  1.39067487
144.5  1.39570687
145.0  1.39617297
145.5  1.36344618
146.0  1.32893052
146.5  1.29508450
147.0  1.27251644
147.5  1.28402402
148.0  1.30560862
148.5  1.36395577
149.0  1.40839191
149.5  1.46467466
150.0  1.47905213
150.5  1.48231983
151.0  1.44842817
151.5  1.41183705
152.0  1.37564751
152.5  1.36104732
153.0  1.37133131
153.5  1.40549567
154.0  1.45221768
154.5  1.50235306
155.0  1.52802735
155.5  1.54049271
156.0  1.51290922
156.5  1.48957374
157.0  1.44262814
157.5  1.42416957
158.0  1.40733151
158.5  1.42028632
159.0  1.44384990
159.5  1.46619793
160.0  1.48856723
160.5  1.47466280
161.0  1.45318051
161.5  1.38878651
162.0  1.33592911
162.5  1.27306610
163.0  1.24504569
163.5  1.23485471
164.0  1.25651801
164.5  1.29045814
165.0  1.32645835
165.5  1.34974674
166.0  1.35597694
166.5  1.34000031
167.0  1.31839802
167.5  1.28817256
168.0  1.28446974
168.5  1.28357688
169.0  1.32501628
169.5  1.38386674
170.0  1.44698790
170.5  1.50104821
171.0  1.53302007
171.5  1.53576800
172.0  1.51407355
172.5  1.48054951
173.0  1.45074586
173.5  1.43782633
174.0  1.44395517
174.5  1.46771555
175.0  1.49930327
175.5  1.52362159
176.0  1.52742981
176.5  1.50839966
177.0  1.47023580
177.5  1.42260952
178.0  1.37713338
178.5  1.34807282
179.0  1.34074554
179.5  1.35626395
180.0  1.38685012
180.5  1.42274021
181.0  1.44851505
181.5  1.45432883
182.0  1.43700302
182.5  1.41861644
183.0  1.37986847
183.5  1.39207908
184.0  1.38949877
184.5  1.46107287
185.0  1.50935338
185.5  1.60611987
186.0  1.65718773
186.5  1.70778567
187.0  1.71246890
187.5  1.69810282
188.0  1.66283143
188.5  1.62225972
189.0  1.59166625
189.5  1.57934328
190.0  1.57748109
190.5  1.59816029
191.0  1.59796443
191.5  1.61100695
192.0  1.57041077
192.5  1.53915752
193.0  1.45809400
193.5  1.40554411
194.0  1.34760181
194.5  1.32674827
195.0  1.34313403
195.5  1.36460122
196.0  1.42780172
196.5  1.44912373
197.0  1.49957812
197.5  1.48266901
198.0  1.48985748
198.5  1.45341940
199.0  1.45053474
199.5  1.44199303
200.0  1.46874209
200.5  1.50969081
201.0  1.56518033
201.5  1.61902991
202.0  1.65806634
202.5  1.66685736
203.0  1.65733828
203.5  1.61277914
204.0  1.58639659
204.5  1.53729821
205.0  1.54700180
205.5  1.53417614
206.0  1.58042854
206.5  1.59100583
207.0  1.62109629
207.5  1.61248446
208.0  1.58222851
208.5  1.54580603
209.0  1.48000121
209.5  1.45677309
210.0  1.41248592
210.5  1.43478065
211.0  1.44208602
211.5  1.49739683
212.0  1.52588134
212.5  1.55953767
213.0  1.55721686
213.5  1.53431970
214.0  1.49581972
214.5  1.45411967
215.0  1.42680926
215.5  1.42293564
216.0  1.43213045
216.5  1.47557997
217.0  1.49453888
217.5  1.54017840
218.0  1.52007435
218.5  1.52892999
219.0  1.46860081
219.5  1.45678427
220.0  1.40851540
220.5  1.41536558
221.0  1.42667690
221.5  1.46538723
222.0  1.52071771
222.5  1.55729415
223.0  1.60059807
223.5  1.58829659
224.0  1.57997742
224.5  1.53248359
225.0  1.50063118
225.5  1.46628871
226.0  1.45726897
226.5  1.46926811
227.0  1.48436611
227.5  1.50985234
228.0  1.50861346
228.5  1.49568022
229.0  1.45587682
229.5  1.40182711
230.0  1.36246388
230.5  1.31515077
231.0  1.33423390
231.5  1.33470973
232.0  1.36102188
232.5  1.40325668
233.0  1.44454607
233.5  1.47190839
234.0  1.48062250
234.5  1.46924906
235.0  1.44525614
235.5  1.42579593
236.0  1.42442390
236.5  1.44554260
237.0  1.49031046
237.5  1.54623395
238.0  1.59888900
238.5  1.63102263
239.0  1.63267440
239.5  1.60493572
240.0  1.55653646
240.5  1.50398924
241.0  1.46223155
241.5  1.44423860
242.0  1.45604786
242.5  1.49242623
243.0  1.54044198
243.5  1.58513096
244.0  1.60919616
244.5  1.60526033
245.0  1.57361887
245.5  1.52482969
246.0  1.47540280
246.5  1.44030143
247.0  1.42945954
247.5  1.44320371
248.0  1.47539331
248.5  1.51346623
249.0  1.54375325
249.5  1.55299650
250.0  1.54113698
250.5  1.51753444
251.0  1.49344277
251.5  1.48116881
252.0  1.49145722
252.5  1.52908738
253.0  1.58539435
253.5  1.64684524
254.0  1.69422699
254.5  1.71663380
255.0  1.70263317
255.5  1.65790303
256.0  1.59341849
256.5  1.52686888
257.0  1.47557848
257.5  1.44739613
258.0  1.44626518
258.5  1.46297048
259.0  1.48652486
259.5  1.50098049
260.0  1.49749706
260.5  1.47394770
261.0  1.43549974
261.5  1.39401484
262.0  1.36354601
262.5  1.35323739
263.0  1.36493646
263.5  1.39536101
264.0  1.42916043
264.5  1.45303475
265.0  1.45146723
265.5  1.42140454
266.0  1.36795250
266.5  1.30571738
267.0  1.25420810
267.5  1.22749008
268.0  1.23329749
268.5  1.27081546
269.0  1.33316085
269.5  1.39836473
270.0  1.45430808
270.5  1.48979741
271.0  1.50070170
271.5  1.48992418
272.0  1.47115062
272.5  1.45761497
273.0  1.45687692
273.5  1.47695191
274.0  1.51180093
274.5  1.54711562
275.0  1.56844674
275.5  1.56757745
276.0  1.54007110
276.5  1.49329546
277.0  1.43960814
277.5  1.40074668
278.0  1.38928150
278.5  1.40778878
279.0  1.45721289
279.5  1.52509995
280.0  1.59114373
280.5  1.63780397
281.0  1.65957262
281.5  1.65239946
282.0  1.61957469
282.5  1.57839732
283.0  1.54752159
283.5  1.53703925
284.0  1.54837128
284.5  1.58012934
285.0  1.62178324
285.5  1.65541006
286.0  1.66714047
286.5  1.65397969
287.0  1.61944631
287.5  1.57864455
288.0  1.54829732
288.5  1.53735500
289.0  1.55086003
289.5  1.58370774
290.0  1.62615568
290.5  1.66054835
291.0  1.67087223
291.5  1.64717775
292.0  1.59224759
292.5  1.51511073
293.0  1.43288987
293.5  1.36623965
294.0  1.32966143
294.5  1.32686916
295.0  1.35342154
295.5  1.39621648
296.0  1.43564488
296.5  1.45476454
297.0  1.45031007
297.5  1.42564639
298.0  1.38975322
298.5  1.35812213
299.0  1.34622456
299.5  1.35674436
300.0  1.38796623
300.5  1.43156848
301.0  1.47062657
301.5  1.49514393
302.0  1.49864322
302.5  1.48347189
303.0  1.45425388
303.5  1.42626122
304.0  1.41520851
304.5  1.43161254
305.0  1.47394647
305.5  1.50243767
306.0  1.56705730
306.5  1.60331833
307.0  1.62017973
307.5  1.61598365
308.0  1.57347409
308.5  1.54825748
309.0  1.49571009
309.5  1.49821020
310.0  1.49261465
310.5  1.53724339
311.0  1.56509498
311.5  1.60580046
312.0  1.61612619
312.5  1.60434791
313.0  1.56664931
313.5  1.51121103
314.0  1.45526121
314.5  1.41724561
315.0  1.39851754
315.5  1.42450369
316.0  1.45013557
316.5  1.51913981
317.0  1.54113856
317.5  1.58721177
318.0  1.56390318
318.5  1.56556550
319.0  1.52561994
319.5  1.51987526
320.0  1.52333286
320.5  1.55037355
321.0  1.60288813
321.5  1.64626475
322.0  1.70385819
322.5  1.71580840
323.0  1.71687985
323.5  1.67593023
324.0  1.62545136
324.5  1.56484517
325.0  1.51619188
325.5  1.49658730
326.0  1.50042243
326.5  1.52458952
327.0  1.55666019
327.5  1.56822963
328.0  1.57393755
328.5  1.52714645
329.0  1.49406063
329.5  1.42122336
330.0  1.40124863
330.5  1.37028453
331.0  1.40124439
331.5  1.43412923
332.0  1.49609089
332.5  1.55617072
333.0  1.59733667
333.5  1.62756326
334.0  1.61682326
334.5  1.60694351
335.0  1.57737138
335.5  1.57117193
336.0  1.57986306
336.5  1.61400148
337.0  1.66689174
337.5  1.71724120
338.0  1.75630121
338.5  1.76171584
339.0  1.72995581
339.5  1.68198182
340.0  1.60878350
340.5  1.56493177
341.0  1.50869363
341.5  1.51680045
342.0  1.51104358
342.5  1.55210199
343.0  1.56445291
343.5  1.58493925
344.0  1.57610025
344.5  1.55143927
345.0  1.52128598
345.5  1.47957412
346.0  1.46989959
346.5  1.47039986
347.0  1.50764703
347.5  1.55473220
348.0  1.61054372
348.5  1.65107006
349.0  1.65799110
349.5  1.64159072
350.0  1.59674225
350.5  1.54336770
351.0  1.50327391
351.5  1.47444935
352.0  1.48879500
352.5  1.49574905
353.0  1.54985612
353.5  1.56325411
354.0  1.59654086
354.5  1.57126643
355.0  1.56064622
355.5  1.51133480
356.0  1.47434104
356.5  1.44609012
357.0  1.44173611
357.5  1.47548400
358.0  1.50825283
358.5  1.56293730
359.0  1.59037041
359.5  1.60542701
360.0  1.58913839
360.5  1.54731564
361.0  1.49654153
361.5  1.45470430
362.0  1.43419002
362.5  1.43699359
363.0  1.46345661
363.5  1.50571187
364.0  1.55183392
364.5  1.58654568
365.0  1.60509621
365.5  1.60589451
366.0  1.59693030
366.5  1.59205398
367.0  1.60088178
367.5  1.63113036
368.0  1.68181194
368.5  1.74613399
369.0  1.80534801
369.5  1.84462723
370.0  1.85214030
370.5  1.82854790
371.0  1.78716502
371.5  1.74273220
372.0  1.71210719
372.5  1.70805294
373.0  1.73542536
373.5  1.78844446
374.0  1.84944145
374.5  1.90365414
375.0  1.93716694
375.5  1.93774362
376.0  1.90529083
376.5  1.84843997
377.0  1.78153179
377.5  1.72084192
378.0  1.67764408
378.5  1.65816066
379.0  1.65542410
379.5  1.65920705
380.0  1.65425298
380.5  1.62974375
381.0  1.58729727
381.5  1.54328257
382.0  1.49360507
382.5  1.46070292
383.0  1.45481003
383.5  1.47671187
384.0  1.51464982
384.5  1.56128590
385.0  1.60450079
385.5  1.62529255
386.0  1.61729825
386.5  1.58870869
387.0  1.54849416
387.5  1.52193662
388.0  1.49929068
388.5  1.50148094
389.0  1.54110243
389.5  1.57376407
390.0  1.64315047
390.5  1.65166429
391.0  1.68420855
391.5  1.64084949
392.0  1.62970348
392.5  1.57221103
393.0  1.55726899
393.5  1.54641675
394.0  1.57175319
394.5  1.61034325
395.0  1.64910672
395.5  1.68903056
396.0  1.70061059
396.5  1.68865502
397.0  1.64588340
397.5  1.58372339
398.0  1.53349065
398.5  1.47810678
399.0  1.47061882
399.5  1.47022912
400.0  1.50799724
400.5  1.53127398
401.0  1.55343837
401.5  1.55901706
402.0  1.52358051
402.5  1.50598194
403.0  1.45136369
403.5  1.46115541
404.0  1.43690057
404.5  1.49455594
405.0  1.52515616
405.5  1.59547977
406.0  1.62646148
406.5  1.66108195
407.0  1.66463936
407.5  1.63836789
408.0  1.59563871
408.5  1.54816593
409.0  1.52266987
409.5  1.51662227
410.0  1.53101162
410.5  1.56943578
411.0  1.58828508
411.5  1.61729591
412.0  1.59096520
412.5  1.57596584
413.0  1.51238485
413.5  1.48379168
414.0  1.45043858
414.5  1.45099873
415.0  1.47787135
415.5  1.50259355
416.0  1.56614229
416.5  1.58405869
417.0  1.63309995
417.5  1.60912115
418.0  1.61803827
418.5  1.57321701
419.0  1.56561913
419.5  1.54871850
420.0  1.57347235
420.5  1.61057784
421.0  1.66315750
421.5  1.71366284
422.0  1.74277478
422.5  1.73849584
423.0  1.72038600
423.5  1.66293618
424.0  1.63712897
424.5  1.58770036
425.0  1.59905709
425.5  1.58723149
426.0  1.62301612
426.5  1.63341146
427.0  1.65112243
427.5  1.65683196
428.0  1.62087434
428.5  1.60690084
429.0  1.53988671
429.5  1.53275356
430.0  1.49202241
430.5  1.52835463
431.0  1.58260727
431.5  1.64475845
432.0  1.69810884
432.5  1.72498825
433.0  1.71911558
433.5  1.68603479
434.0  1.63996548
434.5  1.59596385
435.0  1.56937881
435.5  1.56594472
436.0  1.58693478
436.5  1.62711290
437.0  1.67871275
437.5  1.72692299
438.0  1.76199849
438.5  1.78013261
439.0  1.78514955
439.5  1.78337158
440.0  1.78880240
440.5  1.80874072
441.0  1.84744666
441.5  1.90093607
442.0  1.95727608
442.5  2.00020364
443.0  2.01600679
443.5  1.99730421
444.0  1.95285850
444.5  1.89770331
445.0  1.84939006
445.5  1.81609240
446.0  1.80893695
446.5  1.82906131
447.0  1.86276996
447.5  1.89565476
448.0  1.92150593
448.5  1.92881178
449.0  1.90666519
449.5  1.85976635
450.0  1.80438727
450.5  1.75048763
451.0  1.70457700
451.5  1.67562474
452.0  1.66987091
452.5  1.67563649
453.0  1.67555836
453.5  1.66040145
454.0  1.62838002
454.5  1.58534862
455.0  1.54073473
455.5  1.50759359
456.0  1.49840589
456.5  1.51890672
457.0  1.56213137
457.5  1.61585044
458.0  1.66618657
458.5  1.70443707
459.0  1.72060635
459.5  1.71017201
460.0  1.67147051
460.5  1.62336147
461.0  1.58277147
461.5  1.56055040
462.0  1.56403326
462.5  1.59565062
463.0  1.64450200
463.5  1.69241661
464.0  1.72621600
464.5  1.73967050
465.0  1.73634114
465.5  1.72568192
466.0  1.72029907
466.5  1.73159228
467.0  1.76411746
467.5  1.81119938
468.0  1.86403457
468.5  1.91497281
469.0  1.95029887
469.5  1.96151959
470.0  1.94963796
470.5  1.91906127
471.0  1.88494738
471.5  1.86123460
472.0  1.85752746
472.5  1.88558593
473.0  1.94020928
473.5  2.00417204
474.0  2.05952864
474.5  2.09125708
475.0  2.09118672
475.5  2.06029286
476.0  2.00935003
476.5  1.95726368
477.0  1.96607095
477.5  1.93872358
478.0  2.01500128
478.5  2.01665507
479.0  2.10840768
479.5  2.10647511
480.0  2.14877325
480.5  2.11856747
481.0  2.10048294
481.5  2.05760499
482.0  2.02077448
482.5  2.00378606
483.0  2.00842937
483.5  2.03175503
484.0  2.06704292
484.5  2.07484162
485.0  2.08637996
485.5  2.02818974
486.0  2.00226227
486.5  1.90808713
487.0  1.89164436
487.5  1.83443320
488.0  1.85901333
488.5  1.87162880
489.0  1.92382280
489.5  1.98069964
490.0  2.00724168
490.5  2.05638084
491.0  2.02682461
491.5  2.04022136
492.0  1.97897596
492.5  1.99004962
493.0  1.95930975
493.5  1.99912909
494.0  2.02722589
494.5  2.08445390
495.0  2.11741249
495.5  2.12990135
496.0  2.11610986
496.5  2.07991649
497.0  2.02839591
497.5  1.99609601
498.0  1.95511655
498.5  1.97242657
499.0  1.95115674
499.5  2.01169042
500.0  2.00086172
500.5  2.05063768
501.0  2.01209656
501.5  2.01317731
502.0  1.96675306
502.5  1.92554634
503.0  1.90535592
503.5  1.88223284
504.0  1.93314043
504.5  1.95198593
505.0  2.03321567
505.5  2.05929982
506.0  2.10634806
506.5  2.09490187
507.0  2.08413659
507.5  2.05899040
508.0  2.03920232
508.5  2.03614995
509.0  2.05336347
509.5  2.08006655
510.0  2.12653772
510.5  2.13934945
511.0  2.18067584
511.5  2.13904922
512.0  2.14961734
512.5  2.06095331
513.0  2.05257428
513.5  1.97786558
514.0  1.98902425
514.5  1.98326956
515.0  2.02634812
515.5  2.07333777
516.0  2.09357282
516.5  2.12189227
517.0  2.08547132
517.5  2.07310557
518.0  2.01290614
518.5  1.98691492
519.0  1.95499315
519.5  1.95520332
520.0  1.97053421
520.5  1.98695684
521.0  2.01603774
521.5  2.02267501
522.0  2.02117465
522.5  2.00217501
523.0  1.96181142
523.5  1.95172494
524.0  1.90769095
524.5  1.95141748
525.0  1.94690179
525.5  2.04169342
526.0  2.05854474
526.5  2.13775776
527.0  2.13751481
527.5  2.14914408
528.0  2.12499885
528.5  2.08998182
529.0  2.07926450
529.5  2.05184911
530.0  2.07417701
530.5  2.07519346
531.0  2.10463252
531.5  2.11356032
532.0  2.10991648
532.5  2.09524601
533.0  2.03933088
533.5  1.99676058
534.0  1.92768026
534.5  1.87468285
535.0  1.85673355
535.5  1.87597466
536.0  1.92613222
536.5  1.99362584
537.0  2.06420596
537.5  2.12103913
538.0  2.16325127
538.5  2.19145546
539.0  2.21564391
539.5  2.24378323
540.0  2.28211735
540.5  2.33135429
541.0  2.38610830
541.5  2.44063589
542.0  2.48121268
542.5  2.50627443
543.0  2.51206196
543.5  2.49609500
544.0  2.46526002
544.5  2.43665991
545.0  2.42567405
545.5  2.43992852
546.0  2.48152502
546.5  2.54005414
547.0  2.60244342
547.5  2.64447829
548.0  2.65650499
548.5  2.63888826
549.0  2.59272931
549.5  2.52976349
550.0  2.46633768
550.5  2.41305556
551.0  2.37364412
551.5  2.35125427
552.0  2.34304632
552.5  2.33970668
553.0  2.33461018
553.5  2.32466764
554.0  2.30571340
554.5  2.28250283
555.0  2.26440883
555.5  2.26066905
556.0  2.27512115
556.5  2.30620914
557.0  2.34420340
557.5  2.37118930
558.0  2.37183270
558.5  2.33717215
559.0  2.26791555
559.5  2.17733054
560.0  2.08376024
560.5  2.00619105
561.0  1.95790817
561.5  1.94644477
562.0  1.96934234
562.5  2.01972001
563.0  2.08686268
563.5  2.15744863
564.0  2.21390487
564.5  2.25252769
565.0  2.27338876
565.5  2.28461879
566.0  2.29797687
566.5  2.32098305
567.0  2.35314861
567.5  2.38114229
568.0  2.41248711
568.5  2.42078256
569.0  2.40629324
569.5  2.35786106
570.0  2.32011497
570.5  2.23885065
571.0  2.22912087
571.5  2.16055973
572.0  2.20409151
572.5  2.16356029
573.0  2.23611136
573.5  2.22185819
574.0  2.27752753
574.5  2.26544910
575.0  2.25844931
575.5  2.25576155
576.0  2.22001783
576.5  2.25299255
577.0  2.23663031
577.5  2.31835963
578.0  2.33635214
578.5  2.41511582
579.0  2.42514587
579.5  2.44629288
580.0  2.42337848
580.5  2.39120331
581.0  2.35925734
581.5  2.32849801
582.0  2.31455092
582.5  2.32045325
583.0  2.31886453
583.5  2.35127676
584.0  2.32143826
584.5  2.35949176
585.0  2.28027108
585.5  2.29427404
586.0  2.18239782
586.5  2.19232263
587.0  2.11180885
587.5  2.14420960
588.0  2.14289668
588.5  2.19357213
589.0  2.23987126
589.5  2.25741587
590.0  2.29144946
590.5  2.26584188
591.0  2.27669134
591.5  2.24891083
592.0  2.27270959
592.5  2.29210255
593.0  2.33433370
593.5  2.39222482
594.0  2.43096833
594.5  2.48692253
595.0  2.48517566
595.5  2.49799062
596.0  2.45172134
596.5  2.40803991
597.0  2.36607779
597.5  2.31215381
598.0  2.33277807
598.5  2.29396526
599.0  2.37146469
599.5  2.33063456
600.0  2.39733689
600.5  2.33389284
601.0  2.34336914
601.5  2.27691302
602.0  2.25919139
602.5  2.23561336
603.0  2.22825917
603.5  2.25250323
604.0  2.26992119
604.5  2.30972102
605.0  2.33352610
605.5  2.34060254
606.0  2.33976392
606.5  2.29766904
607.0  2.28723179
607.5  2.22869881
608.0  2.24266615
608.5  2.23230539
609.0  2.28360558
609.5  2.32672024
610.0  2.36469006
610.5  2.42008926
611.0  2.38834163
611.5  2.42863431
612.0  2.35232785
612.5  2.38765496
613.0  2.32549558
613.5  2.37556628
614.0  2.35930114
614.5  2.40522183
615.0  2.42079398
615.5  2.43777443
616.0  2.43568867
616.5  2.40428359
617.0  2.36697878
617.5  2.31192661
618.0  2.25895992
618.5  2.24286199
619.0  2.21453097
619.5  2.25711623
620.0  2.24891017
620.5  2.31398035
621.0  2.28516746
621.5  2.31010486
622.0  2.26138002
622.5  2.24897935
623.0  2.23252599
623.5  2.21434651
624.0  2.25693088
624.5  2.24733930
625.0  2.33280952
625.5  2.32542308
626.0  2.40266090
626.5  2.37359564
627.0  2.40313001
627.5  2.36005501
628.0  2.34673605
628.5  2.30653832
629.0  2.29732879
629.5  2.30470111
630.0  2.32914623
630.5  2.35942695
631.0  2.38717700
631.5  2.37514204
632.0  2.37180143
632.5  2.30244808
633.0  2.29000480
633.5  2.20464486
634.0  2.21829337
634.5  2.16012990
635.0  2.20313367
635.5  2.19031652
636.0  2.23518545
636.5  2.24600932
637.0  2.25313160
637.5  2.26989027
638.0  2.23152366
638.5  2.24815069
639.0  2.20914678
639.5  2.25323219
640.0  2.25922591
640.5  2.33403370
641.0  2.38106565
641.5  2.43667009
642.0  2.46124570
642.5  2.46348964
643.0  2.44945468
643.5  2.42009667
644.0  2.38334616
644.5  2.37065038
645.0  2.33918518
645.5  2.37057872
646.0  2.34971489
646.5  2.40630884
647.0  2.37517029
647.5  2.42066419
648.0  2.37257172
648.5  2.37576239
649.0  2.32993034
649.5  2.30704546
650.0  2.30649052
650.5  2.30238561
651.0  2.35433154
651.5  2.36191289
652.0  2.41560510
652.5  2.40925371
653.0  2.41742086
653.5  2.38318502
654.0  2.35234894
654.5  2.31768108
655.0  2.28872856
655.5  2.27517262
656.0  2.27086746
656.5  2.26995949
657.0  2.29150781
657.5  2.28081687
658.0  2.31612369
658.5  2.27010253
659.0  2.28929792
659.5  2.22145302
660.0  2.24934159
660.5  2.21329842
661.0  2.26063002
661.5  2.28524595
662.0  2.32876280
662.5  2.37052223
663.0  2.37327873
663.5  2.40228945
664.0  2.36428639
664.5  2.36735377
665.0  2.33475316
665.5  2.33815982
666.0  2.32663129
666.5  2.32705665
667.0  2.33970248
667.5  2.34426246
668.0  2.35168766
668.5  2.33887778
669.0  2.30849376
669.5  2.28697568
670.0  2.22619463
670.5  2.22521047
671.0  2.16740745
671.5  2.22378202
672.0  2.20638521
672.5  2.28034584
673.0  2.26580180
673.5  2.31168625
674.0  2.29578956
674.5  2.29685029
675.0  2.28973686
675.5  2.28517574
676.0  2.30406006
676.5  2.30527204
677.0  2.34561342
677.5  2.36946936
678.0  2.40337482
678.5  2.42645875
679.0  2.43020087
679.5  2.43098239
680.0  2.39121629
680.5  2.37362039
681.0  2.32832453
681.5  2.30893436
682.0  2.29839485
682.5  2.29232230
683.0  2.31478808
683.5  2.28041590
684.0  2.30641847
684.5  2.24135050
685.0  2.25731434
685.5  2.19220875
686.0  2.21001427
686.5  2.18453067
687.0  2.21699059
687.5  2.23662184
688.0  2.27063684
688.5  2.30788883
689.0  2.33224944
689.5  2.35459933
690.0  2.35892058
690.5  2.34395901
691.0  2.33963809
691.5  2.31453208
692.0  2.33776792
692.5  2.33444311
693.0  2.38392050
693.5  2.39841739
694.0  2.42618013
694.5  2.43909266
695.0  2.41600637
695.5  2.42183180
696.0  2.36754599
696.5  2.31245306
697.0  2.26367123
697.5  2.22892531
698.0  2.20869900
698.5  2.20138016
699.0  2.20461370
699.5  2.20586411
700.0  2.19960058
700.5  2.18510278
701.0  2.15777749
701.5  2.12198999
702.0  2.08806772
702.5  2.06362255
703.0  2.05244179
703.5  2.04710086
704.0  2.03662814
704.5  2.01898416
705.0  1.98916361
705.5  1.95306740
706.0  1.90972695
706.5  1.87719604
707.0  1.86586648
707.5  1.87258187
708.0  1.90371370
708.5  1.95166554
709.0  2.01225375
709.5  2.07827036
710.0  2.13541622
710.5  2.17862583
711.0  2.20262192
711.5  2.20459202
712.0  2.19328260
712.5  2.18189075
713.0  2.17813631
713.5  2.18804180
714.0  2.20583828
714.5  2.22720451
715.0  2.24705937
715.5  2.26298571
716.0  2.27106133
716.5  2.27432829
717.0  2.28299315
717.5  2.30404136
718.0  2.33024124
718.5  2.35356703
719.0  2.38237538
719.5  2.41065536
720.0  2.42650904
720.5  2.42375588
721.0  2.40782576
721.5  2.37127081
722.0  2.31473809
722.5  2.25695959
723.0  2.21286299
723.5  2.19117912
724.0  2.18894079
724.5  2.20492340
725.0  2.23712386
725.5  2.27401441
726.0  2.30511278
726.5  2.32771419
727.0  2.34250569
727.5  2.35257401
728.0  2.35288068
728.5  2.34438658
729.0  2.32831752
729.5  2.30480590
730.0  2.26970261
730.5  2.22347028
731.0  2.17007790
731.5  2.10945406
732.0  2.04140597
732.5  1.97507490
733.0  1.91982112
733.5  1.88665317
734.0  1.88080217
734.5  1.90105392
735.0  1.93377535
735.5  1.97026725
736.0  2.00109865
736.5  2.02178156
737.0  2.02934948
737.5  2.02852568
738.0  2.01967918
738.5  2.00625446
739.0  1.99591897
739.5  1.98658568
740.0  1.98465480
740.5  1.98881965
741.0  2.00544430
741.5  2.02919383
742.0  2.06013229
742.5  2.09100177
743.0  2.12792565
743.5  2.17387614
744.0  2.23183057
744.5  2.29440596
745.0  2.35910192
745.5  2.42297615
746.0  2.47378199
746.5  2.50000801
747.0  2.49734379
747.5  2.47474961
748.0  2.44431738
748.5  2.40812061
749.0  2.36920004
749.5  2.37898822
750.0  2.35793935
750.5  2.35991570
751.0  2.35748189
751.5  2.34316302
752.0  2.34815534
752.5  2.31726756
753.0  2.31371182
753.5  2.26961931
754.0  2.25116283
754.5  2.23028282
755.0  2.21636730
755.5  2.25487512
756.0  2.23819986
756.5  2.30928001
757.0  2.26292499
757.5  2.33259998
758.0  2.27319881
758.5  2.32712206
759.0  2.27783649
759.5  2.31683642
760.0  2.29805794
760.5  2.32437120
761.0  2.33473303
761.5  2.34924319
762.0  2.36975740
762.5  2.37576161
763.0  2.38040582
763.5  2.36652174
764.0  2.33077110
764.5  2.32090337
765.0  2.27301841
765.5  2.28883245
766.0  2.32371616
766.5  2.36633047
767.0  2.40118108
767.5  2.42200127
768.0  2.42861274
768.5  2.42001568
769.0  2.39563037
769.5  2.35851883
770.0  2.31348952
770.5  2.27024149
771.0  2.23098887
771.5  2.19721747
772.0  2.17074007
772.5  2.15639154
773.0  2.15580462
773.5  2.15571868
774.0  2.15083537
774.5  2.14944498
775.0  2.15030557
775.5  2.15767679
776.0  2.17384576
776.5  2.19366059
777.0  2.20743056
777.5  2.20698647
778.0  2.18690936
778.5  2.14766863
779.0  2.09403356
779.5  2.03350445
780.0  1.97300662
780.5  1.91807549
781.0  1.87350128
781.5  1.84277544
782.0  1.82624277
782.5  1.81990660
783.0  1.82975165
783.5  1.84737077
784.0  1.86591897
784.5  1.88283129
785.0  1.89899731
785.5  1.91222619
786.0  1.92888485
786.5  1.95178527
787.0  1.98066802
787.5  2.00335354
788.0  2.01186858
788.5  2.00579960
789.0  1.98794647
789.5  1.96873884
790.0  1.94993961
790.5  1.94153877
791.0  1.94712246
791.5  1.96764587
792.0  2.00202481
792.5  2.04646100
793.0  2.10222951
793.5  2.15726796
794.0  2.20715162
794.5  2.24104726
795.0  2.25863378
795.5  2.26077590
796.0  2.25098885
796.5  2.23831524
797.0  2.23044524
797.5  2.23013061
798.0  2.23064769
798.5  2.22764317
799.0  2.21736980
799.5  2.20504376
800.0  2.19172955
800.5  2.18553151
801.0  2.18578726
801.5  2.19719478
802.0  2.21402310
802.5  2.23244100
803.0  2.24990358
803.5  2.26294330
804.0  2.26506590
804.5  2.25204420
805.0  2.22404377
805.5  2.17652072
806.0  2.11094903
806.5  2.03912779
807.0  1.97446462
807.5  1.92519659
808.0  1.88825989
808.5  1.86472069
809.0  1.84834243
809.5  1.83235540
810.0  1.81496643
810.5  1.80495207
811.0  1.80227498
811.5  1.80486068
812.0  1.81158890
812.5  1.82231676
813.0  1.83685646
813.5  1.84354225
814.0  1.84438369
814.5  1.83686251
815.0  1.82094781
815.5  1.78775571
816.0  1.74117535
816.5  1.68924223
817.0  1.64017419
817.5  1.60333181
818.0  1.59280151
818.5  1.60301766
819.0  1.62930854
819.5  1.66780252
820.0  1.70827604
820.5  1.74216897
821.0  1.77385561
821.5  1.80300584
822.0  1.82874609
822.5  1.84889477
823.0  1.86405941
823.5  1.87542066
824.0  1.88298533
824.5  1.88364503
825.0  1.88442898
825.5  1.88722601
826.0  1.89084056
826.5  1.89572617
827.0  1.90022659
827.5  1.91738007
828.0  1.95106787
828.5  2.00274517
829.0  2.06231364
829.5  2.12582639
830.0  2.18019052
830.5  2.21761814
831.0  2.23797176
831.5  2.24014457
832.0  2.22809337
832.5  2.20339941
833.0  2.16945657
833.5  2.13252544
834.0  2.09208244
834.5  2.04854736
835.0  2.00378284
835.5  1.96626930
836.0  1.93486081
836.5  1.89805595
837.0  1.85973806
837.5  1.83153171
838.0  1.81364831
838.5  1.79869006
839.0  1.79430312
839.5  1.79803724
840.0  1.79390433
840.5  1.78615389
841.0  1.77551623
841.5  1.75741637
842.0  1.73242982
842.5  1.71263877
843.0  1.70578108
843.5  1.70921438
844.0  1.71855798
844.5  1.72799391
845.0  1.74479539
845.5  1.76764012
846.0  1.78812467
846.5  1.80105043
847.0  1.81390409
847.5  1.81933794
848.0  1.81344423
848.5  1.80343556
849.0  1.79288210
849.5  1.78846697
850.0  1.79447368
850.5  1.80267334
851.0  1.80890910
851.5  1.81378105
852.0  1.81772319
852.5  1.82681529
853.0  1.83905253
853.5  1.85657004
854.0  1.87977244
854.5  1.90887981
855.0  1.93749786
855.5  1.96547289
856.0  1.99970538
856.5  2.02970511
857.0  2.05342573
857.5  2.07093695
858.0  2.08222540
858.5  2.08185552
859.0  2.07372290
859.5  2.07010442
860.0  2.07398440
860.5  2.08319276
861.0  2.09348500
861.5  2.10433001
862.0  2.10973075
862.5  2.09213334
863.0  2.08622944
863.5  2.05139265
864.0  2.04287816
864.5  2.01709673
865.0  2.00011437
865.5  1.99783224
866.0  1.97013787
866.5  1.99560393
867.0  1.96735935
867.5  2.01285553
868.0  1.98669186
868.5  2.02592719
869.0  1.99550798
869.5  2.01376173
870.0  2.00418649
870.5  2.01295569
871.0  2.02672067
871.5  2.03174370
872.0  2.05456991
872.5  2.05012747
873.0  2.05578045
873.5  2.04718906
874.0  2.03700756
874.5  2.03506987
875.0  2.01310564
875.5  2.01620602
876.0  1.99298442
876.5  1.99388481
877.0  1.98287952
877.5  1.97895585
878.0  1.99583192
878.5  1.98194070
879.0  2.01422462
879.5  1.98226438
880.0  2.02300616
880.5  1.98904625
881.0  2.03726825
881.5  2.02236300
882.0  2.06681304
882.5  2.06822628
883.0  2.09122261
883.5  2.10531441
884.0  2.11467056
884.5  2.12895049
885.0  2.12908658
885.5  2.13209233
886.0  2.13377408
886.5  2.11362255
887.0  2.10965774
887.5  2.07276494
888.0  2.07866932
888.5  2.03896975
889.0  2.04293194
889.5  2.00389597
890.0  1.99574199
890.5  1.97977662
891.0  1.95713904
891.5  1.96604203
892.0  1.93898087
892.5  1.97719606
893.0  1.94350215
893.5  1.97999335
894.0  1.94766326
894.5  1.98657831
895.0  1.98262261
895.5  2.00490765
896.0  2.01504284
896.5  2.03269244
897.0  2.04155749
897.5  2.04249186
898.0  2.04651173
898.5  2.05468315
899.0  2.04845978
899.5  2.06048767
900.0  2.02763149
900.5  2.03206222
901.0  1.98323100
901.5  1.98804335
902.0  1.94531091
902.5  1.95994095
903.0  1.94733429
903.5  1.93929003
904.0  1.94743613
904.5  1.92907964
905.0  1.96781387
905.5  1.94899626
906.0  1.99789880
906.5  1.97608899
907.0  2.02260335
907.5  2.00576247
908.0  2.02702909
908.5  2.00940603
909.0  2.01836658
909.5  2.02120792
910.0  2.02596600
910.5  2.02579390
911.0  2.02192875
911.5  2.01289754
912.0  2.01969200
912.5  2.00539109
913.0  2.03465303
913.5  2.01577702
914.0  2.06623158
914.5  2.03858486
915.0  2.08656349
915.5  2.06770899
916.0  2.10802769
916.5  2.10623754
917.0  2.12203567
917.5  2.13529961
918.0  2.11504697
918.5  2.13216652
919.0  2.09556377
919.5  2.11438126
920.0  2.08376378
920.5  2.09717226
921.0  2.07075686
921.5  2.05990767
922.0  2.03698869
922.5  2.01922074
923.0  2.00595890
923.5  1.99730280
924.0  1.98448137
924.5  1.99153943
925.0  1.96601994
925.5  1.99098380
926.0  1.95318908
926.5  1.99760310
927.0  1.95838791
927.5  2.00143161
928.0  1.96165533
928.5  1.98568324
929.0  1.96336332
929.5  1.96595169
930.0  1.97636774
930.5  1.97785969
931.0  2.02071045
931.5  2.01643770
932.0  2.01011434
932.5  2.00807674
933.0  2.00141013
933.5  1.99597063
934.0  2.00051280
934.5  2.00844614
935.0  2.01456804
935.5  2.01771317
936.0  2.02223897
936.5  2.02698173
937.0  2.02850450
937.5  2.01988308
938.0  1.99708306
938.5  1.96136909
939.0  1.91349122
939.5  1.85376765
940.0  1.78477006
940.5  1.72323382
941.0  1.67857529
941.5  1.64060140
942.0  1.61066398
942.5  1.59438569
943.0  1.59343519
943.5  1.60112133
944.0  1.61945286
944.5  1.64895548
945.0  1.68370539
945.5  1.71354649
946.0  1.73711861
946.5  1.75915965
947.0  1.77660469
947.5  1.78278717
948.0  1.77675200
948.5  1.76763535
949.0  1.74827946
949.5  1.72088366
950.0  1.69489658
950.5  1.68381781
951.0  1.68659489
951.5  1.70913161
952.0  1.74241774
952.5  1.78543273
953.0  1.83026557
953.5  1.86970585
954.0  1.90374435
954.5  1.93426542
955.0  1.96000105
955.5  1.98548378
956.0  2.00249405
956.5  2.01348487
957.0  2.01982043
957.5  2.02050824
958.0  2.01542230
958.5  2.01067810
959.0  2.00350632
959.5  1.99402752
960.0  1.98761088
960.5  1.99103419
961.0  2.00174802
961.5  2.02639698
962.0  2.06533949
962.5  2.10855372
963.0  2.14632212
963.5  2.17171715
964.0  2.18137223
964.5  2.17736943
965.0  2.16498881
965.5  2.14457068
966.0  2.12191422
966.5  2.09938192
967.0  2.07587548
967.5  2.05256459
968.0  2.03353176
968.5  2.01409718
969.0  1.99731766
969.5  1.97914482
970.0  1.95580229
970.5  1.93112048
971.0  1.90709112
971.5  1.88901996
972.0  1.87456788
972.5  1.86427493
973.0  1.85241755
973.5  1.82670324
974.0  1.78991942
974.5  1.73765303
975.0  1.68223355
975.5  1.63360775
976.0  1.59657326
976.5  1.58370929
977.0  1.59550902
977.5  1.62555109
978.0  1.66884429
978.5  1.72573209
979.0  1.78525541
979.5  1.83791452
980.0  1.87959577
980.5  1.90947865
981.0  1.93219004
981.5  1.91886291
982.0  1.93244748
982.5  1.93871024
983.0  1.95937356
983.5  1.98013562
984.0  1.99002123
984.5  1.98001168
985.0  1.96530727
985.5  1.91897382
986.0  1.89790418
986.5  1.84325903
987.0  1.84638976
987.5  1.79670721
988.0  1.81936633
988.5  1.79496342
989.0  1.82825217
989.5  1.82047204
990.0  1.82990833
990.5  1.83343743
991.0  1.82489941
991.5  1.84406817
992.0  1.81606730
992.5  1.85389330
993.0  1.84769127
993.5  1.90539515
994.0  1.91318888
994.5  1.95311197
995.0  1.95617932
995.5  1.95744096
996.0  1.93286504
996.5  1.90571952
997.0  1.88409894
997.5  1.87286241
998.0  1.85680781
998.5  1.87768642
999.0  1.87209181
999.5  1.91563699
1000.0  1.89683386
