0.0  1.29301135
0.5  1.28552263
1.0  1.26796710
1.5  1.24577195
2.0  1.22476770
2.5  1.21152150
3.0  1.20901004
3.5  1.21618368
4.0  1.22937844
4.5  1.24147827
5.0  1.24749567
5.5  1.24331532
6.0  1.23065430
6.5  1.21251583
7.0  1.19480894
7.5  1.18252345
8.0  1.17918546
8.5  1.18442120
9.0  1.19593552
9.5  1.20931143
10.0  1.21924544
10.5  1.22132888
11.0  1.21468610
11.5  1.20066800
12.0  1.18430831
12.5  1.17096163
13.0  1.16747202
13.5  1.17530703
14.0  1.19393269
14.5  1.21740159
15.0  1.24050011
15.5  1.25680386
16.0  1.26424252
16.5  1.26325610
17.0  1.25785831
17.5  1.25304134
18.0  1.25280086
18.5  1.25968647
19.0  1.27266207
19.5  1.28916853
20.0  1.30375858
20.5  1.31195050
21.0  1.30934823
21.5  1.29508097
22.0  1.27137147
22.5  1.24305925
23.0  1.21639448
23.5  1.19699132
24.0  1.18726605
24.5  1.18593016
25.0  1.18845314
25.5  1.18965036
26.0  1.18422718
26.5  1.17159070
27.0  1.15206463
27.5  1.13112073
28.0  1.11349232
28.5  1.10354532
29.0  1.10383379
29.5  1.11440241
30.0  1.13288197
30.5  1.15389493
31.0  1.17385115
31.5  1.18840831
32.0  1.19642920
32.5  1.19821580
33.0  1.19868174
33.5  1.20215849
34.0  1.21294995
34.5  1.23152200
35.0  1.25618743
35.5  1.28119596
36.0  1.30048086
36.5  1.30947974
37.0  1.30705545
37.5  1.29460959
38.0  1.27705276
38.5  1.25906615
39.0  1.24573058
39.5  1.23793321
40.0  1.23608594
40.5  1.23650530
41.0  1.23629378
41.5  1.23129704
42.0  1.22069826
42.5  1.20352178
43.0  1.18247678
43.5  1.16306396
44.0  1.15150188
44.5  1.15173201
45.0  1.16264896
45.5  1.18188777
46.0  1.20403454
46.5  1.22399527
47.0  1.23556583
47.5  1.23715029
48.0  1.23168878
48.5  1.22472799
49.0  1.22117294
49.5  1.22289630
50.0  1.23108055
50.5  1.24596743
51.0  1.26426072
51.5  1.28078464
52.0  1.28980103
52.5  1.29029010
53.0  1.28164544
53.5  1.26647167
54.0  1.24906876
54.5  1.23548293
55.0  1.22830155
55.5  1.22867142
56.0  1.23452328
56.5  1.23999283
57.0  1.24017007
57.5  1.23141018
58.0  1.21486913
58.5  1.19277870
59.0  1.17119929
59.5  1.15489192
60.0  1.14851143
60.5  1.15292101
61.0  1.16676470
61.5  1.18481950
62.0  1.20298352
62.5  1.21752794
63.0  1.22587210
63.5  1.22771600
64.0  1.22542483
64.5  1.22366306
65.0  1.22847276
65.5  1.24146687
66.0  1.26071585
66.5  1.28433115
67.0  1.30646701
67.5  1.31996663
68.0  1.32066127
68.5  1.30963985
69.0  1.29078302
69.5  1.26734396
70.0  1.24499009
70.5  1.22765869
71.0  1.21848821
71.5  1.21400826
72.0  1.21162422
72.5  1.20885589
73.0  1.20373303
73.5  1.19226632
74.0  1.17491322
74.5  1.15666264
75.0  1.14125949
75.5  1.13320780
76.0  1.13355276
76.5  1.14330730
77.0  1.15874633
77.5  1.17439319
78.0  1.18515859
78.5  1.18950344
79.0  1.18836805
79.5  1.18372296
80.0  1.18003386
80.5  1.18290130
81.0  1.19232568
81.5  1.20801826
82.0  1.22743756
82.5  1.24597613
83.0  1.26031888
83.5  1.26780564
84.0  1.26671733
84.5  1.25882633
85.0  1.24843423
85.5  1.24012354
86.0  1.23716677
86.5  1.24188992
87.0  1.25347528
87.5  1.26807257
88.0  1.27945213
88.5  1.28310108
89.0  1.27813050
89.5  1.26494422
90.0  1.24656999
90.5  1.23031325
91.0  1.22179650
91.5  1.22057287
92.0  1.22620565
92.5  1.23622009
93.0  1.24813283
93.5  1.25359248
94.0  1.25055603
94.5  1.23889925
95.0  1.22255528
95.5  1.20257861
96.0  1.18335681
96.5  1.17228930
97.0  1.17225860
97.5  1.17923128
98.0  1.19091589
98.5  1.20455776
99.0  1.21274130
99.5  1.21592250
100.0  1.21327699
100.5  1.21013605
101.0  1.21058781
101.5  1.21680799
102.0  1.23230821
102.5  1.25519127
103.0  1.27959355
103.5  1.30228578
104.0  1.31868594
104.5  1.32588300
105.0  1.32317253
105.5  1.31139068
106.0  1.29499416
106.5  1.27870079
107.0  1.26564326
107.5  1.25804289
108.0  1.25542486
108.5  1.25344227
109.0  1.24645138
109.5  1.23165057
110.0  1.20923401
110.5  1.17984868
111.0  1.15008077
111.5  1.12717725
112.0  1.11615960
112.5  1.11372801
113.0  1.12290191
113.5  1.14097346
114.0  1.16196714
114.5  1.17968852
115.0  1.19183163
115.5  1.19958062
116.0  1.20387814
116.5  1.20639007
117.0  1.21009504
117.5  1.22101067
118.0  1.23961177
118.5  1.26304264
119.0  1.28631909
119.5  1.30376504
120.0  1.31132848
120.5  1.30969851
121.0  1.29880913
121.5  1.28159201
122.0  1.26457666
122.5  1.25198718
123.0  1.24427558
123.5  1.24143988
124.0  1.23922026
124.5  1.23423550
125.0  1.22565458
125.5  1.21253089
126.0  1.19455061
126.5  1.17501152
127.0  1.15827264
127.5  1.14816094
128.0  1.14715873
128.5  1.15613488
129.0  1.17230843
129.5  1.19051562
130.0  1.20701496
130.5  1.21821287
131.0  1.21978333
131.5  1.21640881
132.0  1.21312838
132.5  1.21224475
133.0  1.21605772
133.5  1.22797358
134.0  1.24314282
134.5  1.25765596
135.0  1.26796665
135.5  1.27286488
136.0  1.26798115
136.5  1.25532098
137.0  1.23974319
137.5  1.22575544
138.0  1.21455569
138.5  1.21242016
139.0  1.22114704
139.5  1.23562411
140.0  1.25170630
140.5  1.26352830
141.0  1.26727833
141.5  1.26264075
142.0  1.25236240
142.5  1.23920037
143.0  1.22899323
143.5  1.22624679
144.0  1.23213469
144.5  1.24205255
145.0  1.25179928
145.5  1.25864487
146.0  1.26132733
146.5  1.25684704
147.0  1.24441289
147.5  1.22928499
148.0  1.21759958
148.5  1.21047257
149.0  1.21112217
149.5  1.22081149
150.0  1.23862351
150.5  1.25624423
151.0  1.26932468
151.5  1.27647945
152.0  1.27446241
152.5  1.26670670
153.0  1.25901734
153.5  1.25606277
154.0  1.25826898
154.5  1.26711196
155.0  1.27937900
155.5  1.28975717
156.0  1.29690471
156.5  1.29586821
157.0  1.28553695
157.5  1.26613874
158.0  1.24469688
158.5  1.22224401
159.0  1.20322346
159.5  1.19149982
160.0  1.18782427
160.5  1.19041084
161.0  1.19165279
161.5  1.18583575
162.0  1.17397083
162.5  1.15739457
163.0  1.13783057
163.5  1.11840069
164.0  1.10881748
164.5  1.11319645
165.0  1.12659568
165.5  1.14717232
166.0  1.17521951
166.5  1.20294659
167.0  1.22370930
167.5  1.23644568
168.0  1.24592816
168.5  1.25176039
169.0  1.25572581
169.5  1.26223958
170.0  1.27716496
170.5  1.29541368
171.0  1.31468581
171.5  1.32958686
172.0  1.33661276
172.5  1.33106788
173.0  1.31527622
173.5  1.29185724
174.0  1.26957243
174.5  1.25134072
175.0  1.24096342
175.5  1.23839829
176.0  1.24084314
176.5  1.24623788
177.0  1.24839904
177.5  1.24525814
178.0  1.23758963
178.5  1.22622233
179.0  1.21337475
179.5  1.20385864
180.0  1.20172979
180.5  1.20588654
181.0  1.21696886
181.5  1.23131378
182.0  1.24212286
182.5  1.24583989
183.0  1.24114594
183.5  1.22882747
184.0  1.21080706
184.5  1.19454911
185.0  1.18454408
185.5  1.18164047
186.0  1.18741586
186.5  1.19884060
187.0  1.21113042
187.5  1.22024983
188.0  1.22429741
188.5  1.22519460
189.0  1.22284033
189.5  1.21947831
190.0  1.22044883
190.5  1.22951026
191.0  1.24430139
191.5  1.26401170
192.0  1.28807222
192.5  1.30917506
193.0  1.32126255
193.5  1.32269352
194.0  1.31573433
194.5  1.30382795
195.0  1.29124940
195.5  1.28320165
196.0  1.28173171
196.5  1.28615582
197.0  1.29269337
197.5  1.29480489
198.0  1.29212812
198.5  1.28397875
199.0  1.26691600
199.5  1.24579172
200.0  1.22650728
200.5  1.21000153
201.0  1.20223453
201.5  1.20446538
202.0  1.21816499
202.5  1.23327802
203.0  1.24617051
203.5  1.25408901
204.0  1.25441275
204.5  1.24612384
205.0  1.23521353
205.5  1.22969951
206.0  1.22770007
206.5  1.23450307
207.0  1.24983801
207.5  1.26612199
208.0  1.27730356
208.5  1.28065041
209.0  1.27662137
209.5  1.26050202
210.0  1.23578717
210.5  1.20971182
211.0  1.18602474
211.5  1.17118837
212.0  1.16112880
212.5  1.15931159
213.0  1.16411352
213.5  1.16874780
214.0  1.16834791
214.5  1.16561360
215.0  1.16232031
215.5  1.15800580
216.0  1.15985071
216.5  1.17394533
217.0  1.19759758
217.5  1.22819294
218.0  1.26426226
218.5  1.29932973
219.0  1.32435196
219.5  1.34158905
220.0  1.35077039
220.5  1.34980503
221.0  1.34347378
221.5  1.33938859
222.0  1.33684524
222.5  1.33506518
223.0  1.33868058
223.5  1.34168373
224.0  1.33879146
224.5  1.32654701
225.0  1.30478684
225.5  1.27600331
226.0  1.24543825
226.5  1.21707567
227.0  1.19705140
227.5  1.18873901
228.0  1.18928856
228.5  1.19462867
229.0  1.20422975
229.5  1.21258736
230.0  1.21483940
230.5  1.21535839
231.0  1.21330123
231.5  1.20882662
232.0  1.20792942
232.5  1.21465717
233.0  1.22819651
233.5  1.24701224
234.0  1.26709649
234.5  1.28595299
235.0  1.29713646
235.5  1.29969056
236.0  1.29301068
236.5  1.28202780
237.0  1.27056510
237.5  1.26275718
238.0  1.25989568
238.5  1.26065964
239.0  1.26251403
239.5  1.26372206
240.0  1.26065440
240.5  1.25276671
241.0  1.24273815
241.5  1.23062031
242.0  1.22028990
242.5  1.21317819
243.0  1.21552698
243.5  1.22437744
244.0  1.24037949
244.5  1.25727842
245.0  1.27290340
245.5  1.28089059
246.0  1.28110423
246.5  1.27530914
247.0  1.26605483
247.5  1.25823543
248.0  1.25743424
248.5  1.25965155
249.0  1.26507477
249.5  1.27100496
250.0  1.27626787
250.5  1.27430221
251.0  1.26412998
251.5  1.24839850
252.0  1.23312893
252.5  1.21881222
253.0  1.20892771
253.5  1.20645403
254.0  1.21488022
254.5  1.23092598
255.0  1.24782867
255.5  1.26176064
256.0  1.27127978
256.5  1.27519069
257.0  1.27073038
257.5  1.26241474
258.0  1.25731262
258.5  1.25752409
259.0  1.26170220
259.5  1.26865955
260.0  1.27719634
260.5  1.28126077
261.0  1.27709719
261.5  1.26741530
262.0  1.25315501
262.5  1.23334228
263.0  1.21473814
263.5  1.19888416
264.0  1.18969300
264.5  1.18883351
265.0  1.19199683
265.5  1.19613381
266.0  1.19940611
266.5  1.19892728
267.0  1.19478042
267.5  1.18830159
268.0  1.18359248
268.5  1.18594623
269.0  1.19837440
269.5  1.21817329
270.0  1.24384291
270.5  1.27355427
271.0  1.29857435
271.5  1.31503824
272.0  1.32718115
272.5  1.33069035
273.0  1.32610591
273.5  1.32271496
274.0  1.32336015
274.5  1.32027707
275.0  1.32454412
275.5  1.33208961
276.0  1.33464087
276.5  1.32828002
277.0  1.31745290
277.5  1.29748902
278.0  1.26858340
278.5  1.24019557
279.0  1.21845874
279.5  1.20211929
280.0  1.19762802
280.5  1.20360787
281.0  1.21210225
281.5  1.22174297
282.0  1.22830621
282.5  1.23364400
283.0  1.23724382
283.5  1.23715355
284.0  1.23710991
284.5  1.24413343
285.0  1.25616218
285.5  1.26875929
286.0  1.28656306
286.5  1.30494669
287.0  1.31774394
287.5  1.32064370
288.0  1.31666908
288.5  1.30803116
289.0  1.29552526
289.5  1.28367586
290.0  1.27553293
290.5  1.27248232
291.0  1.27233724
291.5  1.27281440
292.0  1.27380254
292.5  1.26876717
293.0  1.25670232
293.5  1.24199570
294.0  1.22421229
294.5  1.20815114
295.0  1.19512021
295.5  1.18841421
296.0  1.18956186
296.5  1.19543181
297.0  1.20156465
297.5  1.20695622
298.0  1.20620978
298.5  1.19967923
299.0  1.19185788
299.5  1.18680902
300.0  1.18528628
300.5  1.19042729
301.0  1.20256215
301.5  1.22295938
302.0  1.24522003
302.5  1.26635383
303.0  1.28159655
303.5  1.29219906
304.0  1.29727017
304.5  1.29949805
305.0  1.29904408
305.5  1.29994300
306.0  1.30437259
306.5  1.31281070
307.0  1.32304304
307.5  1.33267344
308.0  1.33643470
308.5  1.33289514
309.0  1.32031393
309.5  1.30194590
310.0  1.28579712
310.5  1.27298778
311.0  1.26640007
311.5  1.26383825
312.0  1.26610799
312.5  1.26794319
313.0  1.26664822
313.5  1.26067153
314.0  1.25045241
314.5  1.23354271
315.0  1.21548886
315.5  1.19946558
316.0  1.18818997
316.5  1.18273855
317.0  1.18278982
317.5  1.19258106
318.0  1.20225833
318.5  1.20883855
319.0  1.21382886
319.5  1.21483064
320.0  1.21506664
320.5  1.21379551
321.0  1.21726221
321.5  1.22891856
322.0  1.24647111
322.5  1.26864527
323.0  1.29100748
323.5  1.31008317
324.0  1.32511796
324.5  1.33460012
325.0  1.33608033
325.5  1.33048388
326.0  1.32136552
326.5  1.31693550
327.0  1.31460890
327.5  1.31606643
328.0  1.31958849
328.5  1.32337430
329.0  1.32555509
329.5  1.32315798
330.0  1.31577492
330.5  1.30401992
331.0  1.29188138
331.5  1.28417821
332.0  1.28045167
332.5  1.28044346
333.0  1.28143857
333.5  1.28613603
334.0  1.28871386
334.5  1.28662715
335.0  1.28108792
335.5  1.27348315
336.0  1.26423634
336.5  1.25424818
337.0  1.24914063
337.5  1.25004057
338.0  1.25571108
338.5  1.26388696
339.0  1.27546357
339.5  1.28167305
340.0  1.27993833
340.5  1.27343359
341.0  1.26504084
341.5  1.25239249
342.0  1.24086819
342.5  1.23471973
343.0  1.23359803
343.5  1.23590972
344.0  1.24006163
344.5  1.24258296
345.0  1.23980091
345.5  1.23533948
346.0  1.22978272
346.5  1.22132216
347.0  1.21176105
347.5  1.20505122
348.0  1.20551934
348.5  1.21414729
349.0  1.22651502
349.5  1.24108701
350.0  1.25620172
350.5  1.26819894
351.0  1.27549844
351.5  1.28039111
352.0  1.28641178
352.5  1.29363127
353.0  1.30764656
353.5  1.32465373
354.0  1.34327133
354.5  1.36261148
355.0  1.37948329
355.5  1.39484421
356.0  1.40336254
356.5  1.40589004
357.0  1.40348342
357.5  1.40006516
358.0  1.39555056
358.5  1.39131030
359.0  1.38906363
359.5  1.38711382
360.0  1.38317891
360.5  1.37147418
361.0  1.35537972
361.5  1.33488832
362.0  1.31254030
362.5  1.29219459
363.0  1.27811675
363.5  1.27018184
364.0  1.27211780
364.5  1.27568599
365.0  1.28104234
365.5  1.28778688
366.0  1.29158453
366.5  1.28706206
367.0  1.27864541
367.5  1.27145795
368.0  1.26426327
368.5  1.25742793
369.0  1.25559723
369.5  1.26392902
370.0  1.27904948
370.5  1.29401307
371.0  1.30754025
371.5  1.32061700
372.0  1.32929426
372.5  1.33275075
373.0  1.33394034
373.5  1.33714796
374.0  1.34191646
374.5  1.34726287
375.0  1.35733155
375.5  1.36938895
376.0  1.38141195
376.5  1.39219284
377.0  1.39884478
377.5  1.40149309
378.0  1.40175881
378.5  1.39785417
379.0  1.39534554
379.5  1.39462222
380.0  1.39546729
380.5  1.39916141
381.0  1.40484201
381.5  1.40265842
382.0  1.39684932
382.5  1.39054224
383.0  1.37968542
383.5  1.36480315
384.0  1.35617405
384.5  1.35168093
385.0  1.34497180
385.5  1.34249781
386.0  1.34823468
386.5  1.35200676
387.0  1.35213500
387.5  1.35435634
388.0  1.35535505
388.5  1.35306159
389.0  1.34882092
389.5  1.34790197
390.0  1.34953272
390.5  1.35484136
391.0  1.36273843
391.5  1.36992359
392.0  1.37534175
392.5  1.37485575
393.0  1.36887093
393.5  1.35989504
394.0  1.34687205
394.5  1.33150909
395.0  1.31970189
395.5  1.31256755
396.0  1.30984416
396.5  1.31180346
397.0  1.31669653
397.5  1.32182919
398.0  1.32660650
398.5  1.33005633
399.0  1.32864257
399.5  1.32441346
400.0  1.32266759
400.5  1.32427696
401.0  1.32985163
401.5  1.33981326
402.0  1.35299578
402.5  1.36673446
403.0  1.38095205
403.5  1.39216596
404.0  1.40491219
404.5  1.41985226
405.0  1.43441519
405.5  1.45132754
406.0  1.47095877
406.5  1.48951467
407.0  1.50643387
407.5  1.52043384
408.0  1.52922523
408.5  1.52858569
409.0  1.52151128
409.5  1.50766670
410.0  1.48598612
410.5  1.46143901
411.0  1.44059370
411.5  1.42171113
412.0  1.40437023
412.5  1.38707627
413.0  1.37360908
413.5  1.35986386
414.0  1.34510996
414.5  1.33293794
415.0  1.32620178
415.5  1.32570629
416.0  1.33051469
416.5  1.34026305
417.0  1.35477254
417.5  1.36969614
418.0  1.38577033
418.5  1.39951645
419.0  1.41032174
419.5  1.41510241
420.0  1.41443858
420.5  1.41290484
421.0  1.41683928
421.5  1.42082266
422.0  1.42654317
422.5  1.43787663
423.0  1.44985438
423.5  1.45611312
424.0  1.45722383
424.5  1.45392484
425.0  1.44588692
425.5  1.43375885
426.0  1.42421761
426.5  1.41511286
427.0  1.41057632
427.5  1.40906455
428.0  1.40804038
428.5  1.40628921
429.0  1.40567000
429.5  1.40195463
430.0  1.39529695
430.5  1.38453982
431.0  1.37479356
431.5  1.36973634
432.0  1.37070966
432.5  1.37278643
433.0  1.38089305
433.5  1.39074945
434.0  1.39342668
434.5  1.39162071
435.0  1.38769833
435.5  1.37861034
436.0  1.37480480
436.5  1.36716763
437.0  1.37004315
437.5  1.36907152
438.0  1.38180886
438.5  1.39047933
439.0  1.40792146
439.5  1.41970645
440.0  1.43266215
440.5  1.43862813
441.0  1.44169723
441.5  1.44342644
442.0  1.44414026
442.5  1.45029016
443.0  1.45885938
443.5  1.47003994
444.0  1.48056392
444.5  1.48830208
445.0  1.48833409
445.5  1.48047371
446.0  1.46725039
446.5  1.45099948
447.0  1.43270412
447.5  1.41754069
448.0  1.40207244
448.5  1.39220851
449.0  1.38243331
449.5  1.38093644
450.0  1.37335029
450.5  1.36584406
451.0  1.35604467
451.5  1.34792773
452.0  1.33949489
452.5  1.33389730
453.0  1.33825718
453.5  1.34779796
454.0  1.36612678
454.5  1.38446286
455.0  1.40694616
455.5  1.42039830
456.0  1.43284047
456.5  1.43981971
457.0  1.44787982
457.5  1.45401127
458.0  1.46358708
458.5  1.47125586
459.0  1.48121834
459.5  1.49373500
460.0  1.50135052
460.5  1.50480743
461.0  1.50170712
461.5  1.49538254
462.0  1.47977146
462.5  1.46331359
463.0  1.44831668
463.5  1.43703730
464.0  1.42686175
464.5  1.42070213
465.0  1.41751546
465.5  1.41088501
466.0  1.40047008
466.5  1.38672190
467.0  1.37545037
467.5  1.36581006
468.0  1.35730004
468.5  1.35541931
469.0  1.35719784
469.5  1.36518690
470.0  1.37537274
470.5  1.38647617
471.0  1.39697681
471.5  1.40277261
472.0  1.40549480
472.5  1.40181729
473.0  1.40518853
473.5  1.40482186
474.0  1.41415484
474.5  1.42124154
475.0  1.43282454
475.5  1.44047261
476.0  1.44518332
476.5  1.44312879
477.0  1.43155442
477.5  1.42006900
478.0  1.40607878
478.5  1.40145747
479.0  1.39422307
479.5  1.39632480
480.0  1.39701444
480.5  1.40439823
481.0  1.40993141
481.5  1.41212025
482.0  1.40725173
482.5  1.39554618
483.0  1.38131438
483.5  1.36618053
484.0  1.35243156
484.5  1.34762124
485.0  1.34669532
485.5  1.35895423
486.0  1.36559883
486.5  1.38004830
487.0  1.38141864
487.5  1.39190393
488.0  1.38599981
488.5  1.38818333
489.0  1.38500011
489.5  1.39594373
490.0  1.40599706
490.5  1.42064481
491.0  1.44293726
491.5  1.45939823
492.0  1.47875012
492.5  1.48445504
493.0  1.49034010
493.5  1.48067040
494.0  1.47396293
494.5  1.46539638
495.0  1.45668855
495.5  1.45265706
496.0  1.45143672
496.5  1.44922712
497.0  1.44370066
497.5  1.43523403
498.0  1.42230772
498.5  1.40661992
499.0  1.39252367
499.5  1.38275551
500.0  1.37833953
500.5  1.37580500
501.0  1.37733912
501.5  1.38275860
502.0  1.38960125
502.5  1.39116328
503.0  1.38788003
503.5  1.38072416
504.0  1.37142714
504.5  1.36272936
505.0  1.35910857
505.5  1.36317626
506.0  1.37871151
506.5  1.40019509
507.0  1.42369462
507.5  1.44465105
508.0  1.45557588
508.5  1.45793147
509.0  1.45273583
509.5  1.44557965
510.0  1.43576803
510.5  1.42650827
511.0  1.41921652
511.5  1.41551107
512.0  1.41345006
512.5  1.40867497
513.0  1.40051631
513.5  1.38650965
514.0  1.36853750
514.5  1.34773504
515.0  1.32902747
515.5  1.31722092
516.0  1.31227929
516.5  1.31734130
517.0  1.33137436
517.5  1.34596245
518.0  1.35544621
518.5  1.36050891
519.0  1.36295780
519.5  1.35987538
520.0  1.35469698
520.5  1.35434416
521.0  1.36037468
521.5  1.36915734
522.0  1.38154972
522.5  1.39730048
523.0  1.41175584
523.5  1.41493435
524.0  1.41826854
524.5  1.40839225
525.0  1.39803939
525.5  1.38711150
526.0  1.37805281
526.5  1.38532162
527.0  1.38539485
527.5  1.40885491
528.0  1.41176410
528.5  1.43364675
529.0  1.42579967
529.5  1.43012705
530.0  1.41621247
530.5  1.41190218
531.0  1.40757470
531.5  1.40644275
532.0  1.41963305
532.5  1.42688950
533.0  1.44306541
533.5  1.44584440
534.0  1.45270471
534.5  1.44315290
535.0  1.42646489
535.5  1.40268565
536.0  1.37635370
536.5  1.36195847
537.0  1.34876701
537.5  1.35009305
538.0  1.35320570
538.5  1.36560313
539.0  1.37462190
539.5  1.37491486
540.0  1.37685612
540.5  1.36305181
541.0  1.37009104
541.5  1.35873624
542.0  1.37813419
542.5  1.37743505
543.0  1.40891637
543.5  1.42036713
544.0  1.44560552
544.5  1.45370397
545.0  1.46003182
545.5  1.45535146
546.0  1.44350368
546.5  1.43765129
547.0  1.42643944
547.5  1.42643367
548.0  1.43214882
548.5  1.44276308
549.0  1.45114672
549.5  1.44947621
550.0  1.44337221
550.5  1.42627746
551.0  1.40394892
551.5  1.38441928
552.0  1.36082845
552.5  1.36146270
553.0  1.35138571
553.5  1.36957969
554.0  1.36886360
554.5  1.39103237
555.0  1.38868824
555.5  1.39717160
556.0  1.39595285
556.5  1.39412154
557.0  1.39807326
557.5  1.39754575
558.0  1.42261421
558.5  1.43889479
559.0  1.47384425
559.5  1.48964531
560.0  1.51116109
560.5  1.50974915
561.0  1.50286252
561.5  1.48350094
562.0  1.46340524
562.5  1.44540177
563.0  1.42977246
563.5  1.41978664
564.0  1.41342232
564.5  1.40452518
565.0  1.39982663
565.5  1.37898195
566.0  1.36411730
566.5  1.32896941
567.0  1.31629280
567.5  1.28447259
568.0  1.28642045
568.5  1.27720869
569.0  1.30026641
569.5  1.31093177
570.0  1.33521575
570.5  1.34709863
571.0  1.35471221
571.5  1.36004613
572.0  1.35619061
572.5  1.36514770
573.0  1.36983386
573.5  1.38974170
574.0  1.40932685
574.5  1.43733581
575.0  1.46182225
575.5  1.47983098
576.0  1.49026477
576.5  1.49177473
577.0  1.48328925
577.5  1.47466183
578.0  1.45565296
578.5  1.45482018
579.0  1.44699722
579.5  1.45913806
580.0  1.45576249
580.5  1.45941462
581.0  1.45019485
581.5  1.43225486
582.0  1.41167878
582.5  1.37969385
583.0  1.36758369
583.5  1.34663411
584.0  1.35492506
584.5  1.35210309
585.0  1.37379184
585.5  1.38312176
586.0  1.39874845
586.5  1.39868106
587.0  1.39544137
587.5  1.38147805
588.0  1.36627683
588.5  1.35440572
589.0  1.35063428
589.5  1.35646923
590.0  1.37323696
590.5  1.38819616
591.0  1.41065589
591.5  1.41411324
592.0  1.41804339
592.5  1.39884477
593.0  1.39426497
593.5  1.37691978
594.0  1.38213085
594.5  1.38543464
595.0  1.40492249
595.5  1.42468127
596.0  1.44186886
596.5  1.46177003
597.0  1.46202863
597.5  1.46257768
598.0  1.44032756
598.5  1.42785308
599.0  1.40542870
599.5  1.39741320
600.0  1.39235395
600.5  1.39892330
601.0  1.40969993
601.5  1.41699773
602.0  1.41796268
602.5  1.40974892
603.0  1.39554652
603.5  1.38154215
604.0  1.36568773
604.5  1.36220608
605.0  1.36787475
605.5  1.38304247
606.0  1.40195064
606.5  1.41646431
607.0  1.43353401
607.5  1.43054809
608.0  1.43105567
608.5  1.41186781
609.0  1.40604692
609.5  1.39084696
610.0  1.39514983
610.5  1.40248241
611.0  1.42357010
611.5  1.44383850
612.0  1.45946226
612.5  1.46587869
613.0  1.45475477
613.5  1.43753043
614.0  1.41333729
614.5  1.39743198
615.0  1.38299755
615.5  1.38111448
616.0  1.38414563
616.5  1.38962890
617.0  1.39301088
617.5  1.38733813
618.0  1.37383586
618.5  1.34759103
619.0  1.31855072
619.5  1.28869023
620.0  1.26770081
620.5  1.26236977
621.0  1.26807582
621.5  1.29200706
622.0  1.31668338
622.5  1.34732159
623.0  1.36074073
623.5  1.37338169
624.0  1.37384271
624.5  1.37876723
625.0  1.38386499
625.5  1.40000230
626.0  1.42386345
626.5  1.45012646
627.0  1.48087495
627.5  1.50536003
628.0  1.52187894
628.5  1.52213586
629.0  1.51050741
629.5  1.48989869
630.0  1.46611491
630.5  1.44437349
631.0  1.43009970
631.5  1.42610632
632.0  1.43049707
632.5  1.43437439
633.0  1.43607577
633.5  1.42503548
634.0  1.40564934
634.5  1.37772243
635.0  1.35507897
635.5  1.33637739
636.0  1.32968215
636.5  1.33687653
637.0  1.35235376
637.5  1.37271867
638.0  1.38755335
638.5  1.40072911
639.0  1.39913531
639.5  1.39153205
640.0  1.37194038
640.5  1.36036046
641.0  1.34944623
641.5  1.35686792
642.0  1.37682736
642.5  1.41051614
643.0  1.44279544
643.5  1.47231835
644.0  1.48634559
644.5  1.48469233
645.0  1.47310515
645.5  1.45564816
646.0  1.44308148
646.5  1.43547210
647.0  1.44093286
647.5  1.44915702
648.0  1.46624600
648.5  1.47565865
649.0  1.47630139
649.5  1.46563702
650.0  1.44393418
650.5  1.41357965
651.0  1.38233917
651.5  1.35714946
652.0  1.34303404
652.5  1.33999384
653.0  1.35068319
653.5  1.36050488
654.0  1.37089547
654.5  1.36950407
655.0  1.36328394
655.5  1.35079939
656.0  1.33633167
656.5  1.33507510
657.0  1.33760012
657.5  1.35918103
658.0  1.37946396
658.5  1.41102015
659.0  1.43066182
659.5  1.44983259
660.0  1.45108336
660.5  1.44424907
661.0  1.43172376
661.5  1.41785548
662.0  1.41680724
662.5  1.42221806
663.0  1.44298215
663.5  1.46875728
664.0  1.49700545
664.5  1.50976769
665.0  1.50786232
665.5  1.49089801
666.0  1.46311161
666.5  1.43408883
667.0  1.40688916
667.5  1.39271695
668.0  1.38883124
668.5  1.39257221
669.0  1.39936715
669.5  1.40051161
670.0  1.39774463
670.5  1.37659815
671.0  1.35662773
671.5  1.31947437
672.0  1.30168909
672.5  1.28057614
673.0  1.28669349
673.5  1.29800745
674.0  1.33111111
674.5  1.35788239
675.0  1.38323684
675.5  1.39837235
676.0  1.40029298
676.5  1.39841815
677.0  1.39220111
677.5  1.39859690
678.0  1.40860112
678.5  1.43094814
679.0  1.45866015
679.5  1.48675104
680.0  1.50445103
680.5  1.51020589
681.0  1.50283663
681.5  1.48450535
682.0  1.45009827
682.5  1.42822693
683.0  1.40121791
683.5  1.39838997
684.0  1.39621331
684.5  1.41129351
685.0  1.42008679
685.5  1.42339892
686.0  1.41698549
686.5  1.39111669
687.0  1.37573417
687.5  1.35147612
688.0  1.35096330
688.5  1.34726696
689.0  1.37707454
689.5  1.40075474
690.0  1.43605502
690.5  1.46027847
691.0  1.47972248
691.5  1.48058180
692.0  1.46933754
692.5  1.45278423
693.0  1.43594849
693.5  1.42431573
694.0  1.42719485
694.5  1.43514116
695.0  1.45727323
695.5  1.46597777
696.0  1.47942579
696.5  1.45933295
697.0  1.44397594
697.5  1.40158546
698.0  1.38191295
698.5  1.35377530
699.0  1.35134320
699.5  1.35170022
700.0  1.36666350
700.5  1.38552855
701.0  1.39125374
701.5  1.39715886
702.0  1.37946232
702.5  1.36828139
703.0  1.33778683
703.5  1.32230303
704.0  1.30961313
704.5  1.31417949
705.0  1.33148859
705.5  1.35658762
706.0  1.38383835
706.5  1.40089582
707.0  1.40023346
707.5  1.39051882
708.0  1.37591662
708.5  1.36335937
709.0  1.35967214
709.5  1.36835977
710.0  1.38953303
710.5  1.41701262
711.0  1.44828680
711.5  1.47453062
712.0  1.49098274
712.5  1.49527430
713.0  1.48856225
713.5  1.47780838
714.0  1.46883968
714.5  1.46852784
715.0  1.48234135
715.5  1.50359141
716.0  1.52675603
716.5  1.54386582
717.0  1.54867196
717.5  1.53578451
718.0  1.51025959
718.5  1.47935046
719.0  1.45377525
719.5  1.43837488
720.0  1.43270934
720.5  1.43962702
721.0  1.45582971
721.5  1.46942020
722.0  1.47681799
722.5  1.47664112
723.0  1.46631114
723.5  1.44975671
724.0  1.43265941
724.5  1.42321350
725.0  1.42667628
725.5  1.44427592
726.0  1.47140126
726.5  1.50321980
727.0  1.52909577
727.5  1.53933098
728.0  1.53644887
728.5  1.52617500
729.0  1.51256793
729.5  1.50443229
730.0  1.52121279
730.5  1.53772302
731.0  1.56296450
731.5  1.58632364
732.0  1.60581908
732.5  1.61352846
733.0  1.60571558
733.5  1.57872417
734.0  1.54976606
734.5  1.50507312
735.0  1.47964001
735.5  1.45300886
736.0  1.45391860
736.5  1.46269149
737.0  1.47354001
737.5  1.49244559
738.0  1.48503747
738.5  1.49049980
739.0  1.45923278
739.5  1.46104070
740.0  1.43905501
740.5  1.46096771
741.0  1.46855166
741.5  1.50690239
742.0  1.53429911
742.5  1.56927655
743.0  1.58425912
743.5  1.58815317
744.0  1.58361816
744.5  1.56043478
745.0  1.53628922
745.5  1.52057514
746.0  1.51076993
746.5  1.51410344
747.0  1.52341091
747.5  1.54297622
748.0  1.53541141
748.5  1.53470941
749.0  1.49739742
749.5  1.46896595
750.0  1.42510157
750.5  1.40629821
751.0  1.38664593
751.5  1.38537521
752.0  1.40294105
752.5  1.41097347
753.0  1.43427021
753.5  1.43113591
754.0  1.44403068
754.5  1.41852580
755.0  1.41372518
755.5  1.38790252
756.0  1.38818758
756.5  1.39385042
757.0  1.42166367
757.5  1.46243322
758.0  1.50300390
758.5  1.54211491
759.0  1.56321942
759.5  1.56971426
760.0  1.56565989
760.5  1.55210466
761.0  1.54846466
761.5  1.54822858
762.0  1.55878895
762.5  1.57881564
763.0  1.59340164
763.5  1.61405559
764.0  1.60468726
764.5  1.60627427
765.0  1.56972990
765.5  1.55084159
766.0  1.50745023
766.5  1.49290856
767.0  1.47383806
767.5  1.48231878
768.0  1.49206896
768.5  1.50256211
769.0  1.51057355
769.5  1.49855236
770.0  1.48183726
770.5  1.44909253
771.0  1.42876644
771.5  1.40948013
772.0  1.40836590
772.5  1.41713180
773.0  1.43651600
773.5  1.46171353
774.0  1.47392625
774.5  1.48851812
775.0  1.48310446
775.5  1.47708056
776.0  1.46133372
776.5  1.45302388
777.0  1.45197961
777.5  1.46174264
778.0  1.49860843
778.5  1.52489061
779.0  1.56805410
779.5  1.57988145
780.0  1.59554064
780.5  1.57633998
781.0  1.56203764
781.5  1.53716858
782.0  1.52240657
782.5  1.52126617
783.0  1.52141816
783.5  1.53512805
784.0  1.54588602
784.5  1.55521349
785.0  1.54659856
785.5  1.52881510
786.0  1.50030896
786.5  1.46331304
787.0  1.42795060
787.5  1.40525065
788.0  1.39462220
788.5  1.40455779
789.0  1.41687360
789.5  1.44787563
790.0  1.45704025
790.5  1.46897478
791.0  1.45611457
791.5  1.45513254
792.0  1.44464382
792.5  1.45303970
793.0  1.46684283
793.5  1.49451416
794.0  1.53238734
794.5  1.56617162
795.0  1.59635346
795.5  1.60553952
796.0  1.61011651
796.5  1.58745699
797.0  1.56473494
797.5  1.53523299
798.0  1.51677602
798.5  1.50432167
799.0  1.50828435
799.5  1.51852159
800.0  1.52673168
800.5  1.52669828
801.0  1.50872414
801.5  1.48249157
802.0  1.45342830
802.5  1.42403189
803.0  1.40958105
803.5  1.40610025
804.0  1.42298341
804.5  1.43847677
805.0  1.46840515
805.5  1.48311201
806.0  1.49434761
806.5  1.48679748
807.0  1.47481667
807.5  1.45396859
808.0  1.43474186
808.5  1.42664983
809.0  1.42965919
809.5  1.45410689
810.0  1.47986129
810.5  1.50956926
811.0  1.52755248
811.5  1.53699480
812.0  1.53101688
812.5  1.51811713
813.0  1.50943544
813.5  1.50719650
814.0  1.51338238
814.5  1.53216826
815.0  1.55837486
815.5  1.58006725
816.0  1.58947736
816.5  1.59220350
817.0  1.57977586
817.5  1.55382122
818.0  1.52246399
818.5  1.49513577
819.0  1.47848623
819.5  1.47652765
820.0  1.49074525
820.5  1.50627965
821.0  1.52295747
821.5  1.52562265
822.0  1.51665045
822.5  1.49543959
823.0  1.47204312
823.5  1.45312370
824.0  1.44647585
824.5  1.44985289
825.0  1.46498522
825.5  1.48700275
826.0  1.50821070
826.5  1.52035134
827.0  1.52343300
827.5  1.51546766
828.0  1.49589036
828.5  1.47449745
829.0  1.45529897
829.5  1.45242079
830.0  1.46118795
830.5  1.48725284
831.0  1.51429208
831.5  1.54073647
832.0  1.55149764
832.5  1.54589398
833.0  1.53067839
833.5  1.51087025
834.0  1.49108483
834.5  1.47642946
835.0  1.47676873
835.5  1.48368886
836.0  1.49365047
836.5  1.49730384
837.0  1.49666963
837.5  1.48451151
838.0  1.45946370
838.5  1.42540331
839.0  1.39375830
839.5  1.36969759
840.0  1.36291943
840.5  1.36626559
841.0  1.39497621
841.5  1.42868496
842.0  1.46522845
842.5  1.48544800
843.0  1.50141790
843.5  1.50664258
844.0  1.50393579
844.5  1.51113721
845.0  1.52298106
845.5  1.55177938
846.0  1.57686313
846.5  1.61647057
847.0  1.63939081
847.5  1.65837746
848.0  1.65559916
848.5  1.64118882
849.0  1.60787133
849.5  1.57046163
850.0  1.53387761
850.5  1.50630476
851.0  1.49156549
851.5  1.48835338
852.0  1.48759379
852.5  1.48668528
853.0  1.47123222
853.5  1.45343009
854.0  1.41707086
854.5  1.39356524
855.0  1.36466713
855.5  1.36413885
856.0  1.36483356
856.5  1.39097029
857.0  1.41348452
857.5  1.44240877
858.0  1.46255718
858.5  1.47078675
859.0  1.47599678
859.5  1.46596241
860.0  1.46750565
860.5  1.46045129
861.0  1.47830513
861.5  1.50003129
862.0  1.53722890
862.5  1.56646161
863.0  1.59035189
863.5  1.59886218
864.0  1.58859957
864.5  1.56614485
865.0  1.54164660
865.5  1.51957960
866.0  1.51267308
866.5  1.51122648
867.0  1.52597802
867.5  1.53748701
868.0  1.55178818
868.5  1.55689897
869.0  1.54598732
869.5  1.53176656
870.0  1.49785104
870.5  1.48223121
871.0  1.45479616
871.5  1.46334840
872.0  1.46278402
872.5  1.49802371
873.0  1.51713988
873.5  1.54770343
874.0  1.55023040
874.5  1.54528236
875.0  1.52837891
875.5  1.51151261
876.0  1.49909327
876.5  1.49054404
877.0  1.49804833
877.5  1.50859474
878.0  1.51873162
878.5  1.52622331
879.0  1.51976557
879.5  1.50930377
880.0  1.47732837
880.5  1.45556965
881.0  1.41713263
881.5  1.40341559
882.0  1.39112845
882.5  1.40504496
883.0  1.42388769
883.5  1.44253408
884.0  1.46380213
884.5  1.45652677
885.0  1.45644409
885.5  1.42874574
886.0  1.40372615
886.5  1.38710378
887.0  1.38561941
887.5  1.39878170
888.0  1.42325183
888.5  1.44986087
889.0  1.47026158
889.5  1.48341100
890.0  1.48394152
890.5  1.46839837
891.0  1.44324479
891.5  1.41757205
892.0  1.39788946
892.5  1.38964486
893.0  1.39924053
893.5  1.42029850
894.0  1.44414437
894.5  1.46424622
895.0  1.47602286
895.5  1.47788728
896.0  1.47677099
896.5  1.47914267
897.0  1.48977856
897.5  1.51409254
898.0  1.55028172
898.5  1.59208900
899.0  1.63267559
899.5  1.66473860
900.0  1.68230616
900.5  1.68363535
901.0  1.66743778
901.5  1.63644983
902.0  1.59966737
902.5  1.56875390
903.0  1.54732836
903.5  1.53641936
904.0  1.53248372
904.5  1.53307191
905.0  1.53169641
905.5  1.52068978
906.0  1.50038325
906.5  1.47761078
907.0  1.46185648
907.5  1.45978001
908.0  1.47117449
908.5  1.49698443
909.0  1.53213456
909.5  1.56447796
910.0  1.58790511
910.5  1.60307102
911.0  1.60437057
911.5  1.58942509
912.0  1.56773830
912.5  1.55002887
913.0  1.54152884
913.5  1.54706799
914.0  1.56929340
914.5  1.60170102
915.0  1.63283294
915.5  1.65308908
916.0  1.65570144
916.5  1.64141505
917.0  1.61431198
917.5  1.58401913
918.0  1.56069803
918.5  1.54666367
919.0  1.54035610
919.5  1.54377894
920.0  1.55166266
920.5  1.55615578
921.0  1.55343009
921.5  1.54460176
922.0  1.52856095
922.5  1.50869080
923.0  1.49350226
923.5  1.48952888
924.0  1.50372969
924.5  1.53325614
925.0  1.57462676
925.5  1.61148164
926.0  1.64165826
926.5  1.66172534
927.0  1.66740445
927.5  1.66112967
928.0  1.65538770
928.5  1.65860639
929.0  1.66834302
929.5  1.68200363
930.0  1.70005150
930.5  1.72291719
931.0  1.73603447
931.5  1.73291762
932.0  1.71949718
932.5  1.69888119
933.0  1.67133777
933.5  1.64356976
934.0  1.62629731
934.5  1.62282271
935.0  1.63065309
935.5  1.64436948
936.0  1.65460193
936.5  1.65269445
937.0  1.63641864
937.5  1.60829076
938.0  1.57645915
938.5  1.54877910
939.0  1.53361227
939.5  1.53455194
940.0  1.55119614
940.5  1.57641274
941.0  1.60375849
941.5  1.62736218
942.0  1.64091267
942.5  1.63883164
943.0  1.62400864
943.5  1.60288438
944.0  1.57920803
944.5  1.56207425
945.0  1.55949304
945.5  1.57237535
946.0  1.59621934
946.5  1.62161347
947.0  1.64027974
947.5  1.64891324
948.0  1.65137381
948.5  1.64994339
949.0  1.64864447
949.5  1.65696562
950.0  1.67691931
950.5  1.70576951
951.0  1.73570589
951.5  1.76291090
952.0  1.78315804
952.5  1.78914429
953.0  1.77731031
953.5  1.75228759
954.0  1.72100302
954.5  1.68880002
955.0  1.66560934
955.5  1.65573753
956.0  1.65843619
956.5  1.67345124
957.0  1.68900849
957.5  1.69495341
958.0  1.69003322
958.5  1.67737431
959.0  1.66198971
959.5  1.64801627
960.0  1.64248873
960.5  1.64915340
961.0  1.66521154
961.5  1.68479230
962.0  1.70425570
962.5  1.71768363
963.0  1.71779972
963.5  1.70454787
964.0  1.68224775
964.5  1.65591996
965.0  1.63359976
965.5  1.62296684
966.0  1.62945051
966.5  1.64896917
967.0  1.67358673
967.5  1.69674647
968.0  1.70892934
968.5  1.70498798
969.0  1.68815838
969.5  1.66432398
970.0  1.64004759
970.5  1.62224382
971.0  1.61567770
971.5  1.61755927
972.0  1.62432995
972.5  1.63252353
973.0  1.64016983
973.5  1.64042318
974.0  1.63311891
974.5  1.61885924
975.0  1.60238306
975.5  1.59459008
976.0  1.59897279
976.5  1.61455764
977.0  1.64091531
977.5  1.67436725
978.0  1.70516670
978.5  1.72221381
979.0  1.72315050
979.5  1.71402973
980.0  1.70287250
980.5  1.69183156
981.0  1.68838646
981.5  1.69603617
982.0  1.71249207
982.5  1.73184354
983.0  1.74914374
983.5  1.76126324
984.0  1.76244173
984.5  1.75102944
985.0  1.73096626
985.5  1.70688221
986.0  1.68341712
986.5  1.67029314
987.0  1.66984689
987.5  1.67484420
988.0  1.68133345
988.5  1.68560911
989.0  1.67803494
989.5  1.65525995
990.0  1.62697247
990.5  1.60051471
991.0  1.57903792
991.5  1.56843595
992.0  1.57341068
992.5  1.59113831
993.0  1.61166319
993.5  1.63175869
994.0  1.64888800
994.5  1.65773797
995.0  1.65383974
995.5  1.64161464
996.0  1.62806941
996.5  1.62079694
997.0  1.62334586
997.5  1.63644247
998.0  1.66080486
998.5  1.69050232
999.0  1.71326386
999.5  1.72305933
1000.0  1.72160506
