0.0  336.5923
0.5  327.5298
1.0  318.6565
1.5  312.2411
2.0  310.5407
2.5  315.0883
3.0  325.6795
3.5  339.6986
4.0  352.6346
4.5  359.9767
5.0  359.4818
5.5  352.2394
6.0  341.7581
6.5  331.8041
7.0  324.5394
7.5  320.0067
8.0  316.8513
8.5  313.4434
9.0  308.6756
9.5  302.2303
10.0  294.5022
10.5  286.4348
11.0  279.4178
11.5  275.2536
12.0  276.0746
12.5  283.9865
13.0  300.2585
13.5  324.2457
14.0  352.7705
14.5  380.7938
15.0  403.4166
15.5  418.0541
16.0  425.2571
16.5  427.6364
17.0  427.8063
17.5  426.8594
18.0  424.1978
18.5  418.4204
19.0  408.3960
19.5  393.8789
20.0  375.5669
20.5  354.8327
21.0  333.3947
21.5  313.0729
22.0  295.6690
22.5  282.9104
23.0  276.2828
23.5  276.5553
24.0  283.0607
24.5  293.2842
25.0  303.4858
25.5  310.4361
26.0  313.2348
26.5  313.7730
27.0  315.3291
27.5  320.2945
28.0  328.6723
28.5  338.2426
29.0  345.9632
29.5  349.4957
30.0  348.0290
30.5  342.2701
31.0  333.9310
31.5  325.1049
32.0  317.7832
32.5  313.6109
33.0  313.8242
33.5  319.1508
34.0  329.4108
34.5  342.8644
35.0  355.9211
35.5  364.0191
36.0  363.7305
36.5  354.8810
37.0  341.0103
37.5  327.5724
38.0  319.0303
38.5  316.8065
39.0  319.2330
39.5  323.0922
40.0  325.4607
40.5  324.8329
41.0  321.3024
41.5  316.1390
42.0  311.1930
42.5  308.3949
43.0  309.4376
43.5  315.5817
44.0  327.3997
44.5  344.2847
45.0  363.8606
45.5  381.9084
46.0  393.4848
46.5  395.1116
47.0  386.7850
47.5  372.2644
48.0  357.1944
48.5  346.2188
49.0  340.9434
49.5  339.8239
50.0  339.6227
50.5  337.2338
51.0  330.8787
51.5  320.4062
52.0  306.9702
52.5  292.4820
53.0  279.1132
53.5  268.9611
54.0  263.8422
54.5  265.0308
55.0  272.7445
55.5  285.4823
56.0  299.8209
56.5  311.3782
57.0  316.8825
57.5  316.1556
58.0  312.4891
58.5  310.9265
59.0  315.5228
59.5  327.3592
60.0  344.3859
60.5  362.8024
61.0  378.8536
61.5  390.0682
62.0  395.6371
62.5  396.1552
63.0  393.0870
63.5  388.2314
64.0  383.3284
64.5  379.8250
65.0  378.6580
65.5  379.8586
66.0  382.0337
66.5  382.2587
67.0  377.0243
67.5  364.1564
68.0  344.5521
68.5  322.3178
69.0  302.9574
69.5  290.7401
70.0  286.9335
70.5  289.8032
71.0  295.9859
71.5  302.1546
72.0  306.1288
72.5  307.2152
73.0  306.0110
73.5  303.9776
74.0  302.9890
74.5  304.9526
75.0  311.4954
75.5  323.5864
76.0  340.9451
76.5  361.3909
77.0  380.7795
77.5  394.1989
78.0  398.2176
78.5  392.8388
79.0  381.6646
79.5  369.9871
80.0  362.0506
80.5  359.2201
81.0  359.9396
81.5  361.0732
82.0  359.5571
82.5  353.5183
83.0  342.6177
83.5  327.8062
84.0  310.7896
84.5  293.4706
85.0  277.5957
85.5  264.7166
86.0  256.2926
86.5  253.5061
87.0  256.5632
87.5  263.9739
88.0  272.7991
88.5  280.2379
89.0  285.5539
89.5  290.7138
90.0  299.0682
90.5  313.0464
91.0  332.5526
91.5  355.0060
92.0  376.6687
92.5  394.2121
93.0  405.6969
93.5  410.7611
94.0  410.2334
94.5  405.4921
95.0  397.8570
95.5  388.2677
96.0  377.3868
96.5  365.9719
97.0  355.0272
97.5  345.3409
98.0  336.7098
98.5  327.7991
99.0  317.2162
99.5  305.0893
100.0  293.6555
100.5  286.1195
101.0  284.6236
101.5  288.9210
102.0  296.6284
102.5  304.6342
103.0  310.5842
103.5  313.6657
104.0  314.5609
104.5  314.8535
105.0  316.2315
105.5  319.7734
106.0  325.5781
106.5  332.9174
107.0  340.8065
107.5  348.5212
108.0  355.5786
108.5  361.2802
109.0  364.5687
109.5  364.7502
110.0  362.5461
110.5  360.2391
111.0  360.3785
111.5  363.9529
112.0  369.5258
112.5  373.9694
113.0  374.1406
113.5  368.3498
114.0  356.9347
114.5  341.9556
115.0  326.3829
115.5  313.1343
116.0  304.2352
116.5  300.3586
117.0  300.9307
117.5  304.7140
118.0  310.4288
118.5  316.9521
119.0  323.1429
119.5  327.8898
120.0  330.7734
120.5  332.8263
121.0  336.3550
121.5  343.5017
122.0  354.5141
122.5  367.1193
123.0  377.4990
123.5  382.1233
124.0  379.2678
124.5  369.5397
125.0  355.4483
125.5  340.4110
126.0  327.6034
126.5  319.0007
127.0  314.9327
127.5  314.3482
128.0  315.6236
128.5  317.3527
129.0  318.5717
129.5  318.4946
130.0  316.4546
130.5  312.5172
131.0  308.2259
131.5  306.3703
132.0  309.4424
132.5  317.8260
133.0  329.2004
133.5  339.6413
134.0  345.5783
134.5  345.3574
135.0  339.7329
135.5  331.3689
136.0  323.7710
136.5  320.0526
137.0  321.8767
137.5  328.9348
138.0  339.2135
138.5  349.9224
139.0  358.4917
139.5  363.0433
140.0  362.3591
140.5  355.9860
141.0  344.8492
141.5  331.7589
142.0  320.7632
142.5  315.2287
143.0  315.9033
143.5  320.4658
144.0  324.8763
144.5  325.5042
145.0  320.7261
145.5  311.3768
146.0  300.2053
146.5  290.7929
147.0  286.3367
147.5  288.6386
148.0  297.6280
148.5  311.6207
149.0  328.1330
149.5  344.6920
150.0  359.1660
150.5  369.7654
151.0  375.3250
151.5  376.0710
152.0  374.1328
152.5  372.8344
153.0  374.8280
153.5  380.3757
154.0  387.1224
154.5  391.4776
155.0  390.5364
155.5  383.3628
156.0  371.1827
156.5  356.7322
157.0  343.2123
157.5  333.2031
158.0  327.8261
158.5  326.4544
159.0  327.1667
159.5  327.7419
160.0  326.5762
160.5  322.9535
161.0  316.7759
161.5  308.4560
162.0  299.3477
162.5  292.0837
163.0  289.8406
163.5  294.5588
164.0  305.4429
164.5  319.0703
165.0  331.0985
165.5  338.3391
166.0  339.9647
166.5  337.4703
167.0  333.7539
167.5  331.8566
168.0  333.7718
168.5  339.6502
169.0  347.7213
169.5  355.0722
170.0  358.9522
170.5  357.8322
171.0  351.6123
171.5  341.1731
172.0  328.0801
172.5  314.8212
173.0  304.8982
173.5  301.8459
174.0  307.3727
174.5  320.0283
175.0  335.6165
175.5  349.1517
176.0  357.0398
176.5  358.2962
177.0  354.4883
177.5  348.7734
178.0  344.5377
178.5  344.0490
179.0  347.5219
179.5  353.0085
180.0  357.2925
180.5  357.3882
181.0  351.7621
181.5  340.5771
182.0  325.1394
182.5  307.4183
183.0  290.1294
183.5  276.7960
184.0  270.8672
184.5  273.9816
185.0  284.6757
185.5  298.7504
186.0  311.1854
186.5  318.3601
187.0  319.3761
187.5  316.0908
188.0  312.1511
188.5  311.5165
189.0  316.9220
189.5  328.7667
190.0  344.9316
190.5  361.7352
191.0  375.5849
191.5  384.3365
192.0  387.5812
192.5  386.0232
193.0  380.8998
193.5  374.0531
194.0  368.1272
194.5  365.8908
195.0  368.6308
195.5  374.8488
196.0  380.5393
196.5  381.0414
197.0  373.2587
197.5  356.9967
198.0  334.9692
198.5  311.7433
199.0  292.1403
199.5  279.6032
200.0  275.0833
200.5  276.9566
201.0  282.1016
201.5  287.5683
202.0  291.8023
202.5  294.7413
203.0  297.1251
203.5  300.0153
204.0  304.9754
204.5  314.2113
205.0  329.7288
205.5  351.6941
206.0  377.3559
206.5  401.6516
207.0  419.2354
207.5  426.6313
208.0  423.3888
208.5  411.9626
209.0  396.6610
209.5  382.1171
210.0  371.6967
210.5  366.3279
211.0  364.2920
211.5  362.2076
212.0  356.7406
212.5  346.0362
213.0  330.1157
213.5  310.4124
214.0  289.2757
214.5  269.8560
215.0  255.8274
215.5  250.2562
216.0  253.9542
216.5  264.6136
217.0  277.6387
217.5  288.2469
218.0  293.5341
218.5  293.4836
219.0  290.7352
219.5  289.4699
220.0  293.8380
220.5  306.3247
221.0  326.5816
221.5  351.3250
222.0  375.5540
222.5  394.5521
223.0  405.5347
223.5  408.0714
224.0  403.4552
224.5  393.9610
225.0  382.5634
225.5  372.6438
226.0  366.9721
226.5  366.2138
227.0  368.1677
227.5  368.6016
228.0  363.2753
228.5  349.9229
229.0  329.2351
229.5  304.6528
230.0  281.2641
230.5  264.1694
231.0  256.7122
231.5  259.1753
232.0  268.6440
232.5  280.3334
233.0  289.8046
233.5  294.8014
234.0  295.6861
234.5  294.5789
235.0  294.2332
235.5  297.4273
236.0  306.5947
236.5  323.0164
237.0  345.7053
237.5  371.0028
238.0  393.6108
238.5  408.6235
239.0  413.4078
239.5  408.4732
240.0  397.1920
240.5  384.6422
241.0  375.8958
241.5  374.1399
242.0  379.2642
242.5  387.6773
243.0  393.7059
243.5  392.0308
244.0  379.8872
244.5  357.9174
245.0  329.5635
245.5  299.8066
246.0  274.0084
246.5  256.8763
247.0  251.2561
247.5  257.0183
248.0  270.8698
248.5  287.5547
249.0  301.9196
249.5  310.7875
250.0  313.8951
250.5  313.7702
251.0  314.7418
251.5  321.3139
252.0  336.2577
252.5  359.0911
253.0  385.7675
253.5  409.9673
254.0  425.4796
254.5  428.4482
255.0  418.4098
255.5  397.9511
256.0  371.6386
256.5  344.8651
257.0  322.6868
257.5  308.5000
258.0  302.8912
258.5  303.4343
259.0  305.8149
259.5  305.7576
260.0  300.7574
260.5  290.9350
261.0  278.9277
261.5  269.0160
262.0  265.6930
262.5  271.9517
263.0  287.8654
263.5  310.2083
264.0  333.5158
264.5  352.1596
265.0  362.3548
265.5  363.1569
266.0  356.3119
266.5  345.4862
267.0  335.3205
267.5  330.2675
268.0  333.1483
268.5  343.9238
269.0  359.5144
269.5  374.9920
270.0  385.5409
270.5  388.1843
271.0  382.6371
271.5  371.2148
272.0  357.9823
272.5  347.3315
273.0  342.2805
273.5  343.1097
274.0  347.0966
274.5  349.6895
275.0  346.5916
275.5  335.6206
276.0  317.4532
276.5  295.2242
277.0  273.5594
277.5  257.4853
278.0  251.2063
278.5  256.7512
279.0  272.9874
279.5  295.7174
280.0  319.0380
280.5  337.3462
281.0  347.0880
281.5  347.6855
282.0  341.5393
282.5  333.1842
283.0  327.7199
283.5  328.8558
284.0  337.3093
284.5  350.4372
285.0  363.4503
285.5  371.6014
286.0  372.1273
286.5  365.0398
287.0  352.7697
287.5  339.2856
288.0  329.1214
288.5  326.2518
289.0  332.7475
289.5  347.6856
290.0  367.0926
290.5  385.2036
291.0  396.4819
291.5  397.4655
292.0  387.8067
292.5  370.3342
293.0  350.1871
293.5  333.1411
294.0  323.5054
294.5  322.3947
295.0  327.3096
295.5  333.3833
296.0  335.6442
296.5  331.0306
297.0  319.2548
297.5  302.5586
298.0  284.9677
298.5  271.3834
299.0  266.3489
299.5  272.4574
300.0  289.0544
300.5  312.1633
301.0  335.8925
301.5  354.5942
302.0  364.7154
302.5  365.7280
303.0  360.0925
303.5  352.4015
304.0  347.8257
304.5  350.1564
305.0  360.1503
305.5  375.0620
306.0  389.7524
306.5  398.8016
307.0  398.4630
307.5  387.6314
308.0  367.8652
308.5  342.9579
309.0  318.2120
309.5  299.1274
310.0  289.4994
310.5  289.7548
311.0  296.6513
311.5  304.6899
312.0  308.4465
312.5  304.6230
313.0  293.0908
313.5  276.8542
314.0  261.1145
314.5  251.6179
315.0  252.6216
315.5  265.1938
316.0  286.7211
316.5  311.9921
317.0  335.2778
317.5  352.2378
318.0  360.8302
318.5  361.3230
319.0  356.0053
319.5  348.8143
320.0  344.4629
320.5  346.7766
321.0  356.8445
321.5  372.2022
322.0  387.7461
322.5  397.8934
323.0  398.8147
323.5  389.8096
324.0  373.5288
324.5  355.1183
325.0  340.4883
325.5  334.1386
326.0  337.3603
326.5  347.7370
327.0  360.2934
327.5  369.6371
328.0  371.8585
328.5  365.3523
329.0  350.7008
329.5  330.2988
330.0  308.0144
330.5  288.5039
331.0  275.8201
331.5  271.7626
332.0  275.0323
332.5  281.8656
333.0  287.8035
333.5  289.6189
334.0  286.5859
334.5  280.7757
335.0  276.3699
335.5  278.1234
336.0  289.3817
336.5  310.4652
337.0  338.3216
337.5  367.7401
338.0  393.4272
338.5  411.7237
339.0  421.2008
339.5  422.3451
340.0  417.0514
340.5  408.2502
341.0  399.3472
341.5  393.1369
342.0  390.5320
342.5  389.9693
343.0  388.0392
343.5  381.0480
344.0  366.6995
344.5  345.2031
345.0  319.4962
345.5  294.5105
346.0  275.5708
346.5  266.3605
347.0  267.3436
347.5  275.5772
348.0  286.1423
348.5  294.3704
349.0  297.5738
349.5  295.5290
350.0  289.9809
350.5  283.9197
351.0  280.9794
351.5  284.6680
352.0  297.1593
352.5  318.0666
353.0  344.0956
353.5  370.0478
354.0  390.7194
354.5  402.7323
355.0  405.5727
355.5  401.6157
356.0  395.2031
356.5  390.9604
357.0  391.8124
357.5  397.5364
358.0  404.7048
358.5  408.1747
359.0  403.2998
359.5  387.6316
360.0  361.4412
360.5  327.3483
361.0  289.7255
361.5  254.0793
362.0  226.0340
362.5  209.7164
363.0  206.1659
363.5  212.8540
364.0  224.8149
364.5  236.7976
365.0  245.3050
365.5  249.7122
366.0  252.2846
366.5  257.2397
367.0  269.0785
367.5  290.6058
368.0  321.4147
368.5  357.6765
369.0  393.4613
369.5  422.8616
370.0  441.7445
370.5  448.4587
371.0  443.7240
371.5  430.2897
372.0  412.5018
372.5  395.3865
373.0  383.0533
373.5  377.0366
374.0  375.6578
374.5  374.9452
375.0  370.5952
375.5  359.8957
376.0  342.8200
376.5  322.0895
377.0  302.3306
377.5  288.5276
378.0  284.1495
378.5  289.6818
379.0  302.3722
379.5  317.4354
380.0  330.0463
380.5  336.9997
381.0  337.3603
381.5  332.2752
382.0  324.4908
382.5  317.7698
383.0  315.9493
383.5  321.5320
384.0  334.3687
384.5  351.3412
385.0  367.4595
385.5  377.8536
386.0  379.6438
386.5  372.9305
387.0  360.6868
387.5  347.6865
388.0  338.7519
388.5  336.8368
389.0  341.7367
389.5  350.1513
390.0  357.1528
390.5  358.2499
391.0  350.9459
391.5  335.2470
392.0  313.3890
392.5  289.3194
393.0  268.0526
393.5  254.5871
394.0  252.2951
394.5  261.4169
395.0  278.6683
395.5  298.4298
396.0  314.9707
396.5  324.5978
397.0  326.8513
397.5  324.4701
398.0  322.2704
398.5  325.2718
399.0  336.6399
399.5  356.2621
400.0  380.6824
400.5  404.4476
401.0  422.0968
401.5  429.7776
402.0  426.0063
402.5  411.7796
403.0  390.3925
403.5  366.9009
404.0  346.8874
404.5  334.5619
405.0  330.9933
405.5  333.5690
406.0  337.1554
406.5  336.3729
407.0  327.8258
407.5  311.3716
408.0  290.1240
408.5  269.3386
409.0  254.5551
409.5  249.5968
410.0  255.2276
410.5  269.1010
411.0  286.9619
411.5  304.3317
412.0  317.7898
412.5  325.5315
413.0  327.4880
413.5  325.3155
414.0  322.1231
414.5  321.5784
415.0  326.4177
415.5  337.0509
416.0  351.1540
416.5  364.5946
417.0  373.1897
417.5  374.3905
418.0  368.2061
418.5  357.1588
419.0  345.3840
419.5  337.1535
420.0  335.2934
420.5  340.1548
421.0  349.6606
421.5  360.3676
422.0  368.8628
422.5  372.7475
423.0  370.9992
423.5  364.0140
424.0  353.5862
424.5  342.6468
425.0  334.4311
425.5  331.1764
426.0  333.0391
426.5  337.9773
427.0  342.7300
427.5  344.3212
428.0  341.3019
428.5  334.2708
429.0  325.6273
429.5  318.7147
430.0  316.5816
430.5  320.7359
431.0  330.4414
431.5  342.9833
432.0  354.7916
432.5  362.7621
433.0  365.1089
433.5  361.6036
434.0  353.4863
434.5  343.2300
435.0  333.9850
435.5  328.5348
436.0  328.0852
436.5  331.6125
437.0  336.2857
437.5  338.7784
438.0  336.7544
438.5  329.8337
439.0  319.7614
439.5  309.8526
440.0  303.9067
440.5  304.8349
441.0  313.4136
441.5  327.7459
442.0  343.8268
442.5  357.0003
443.0  363.5381
443.5  361.6164
444.0  351.5282
444.5  335.4308
445.0  316.8438
445.5  299.8136
446.0  287.6890
446.5  281.9088
447.0  281.5106
447.5  283.7570
448.0  285.5689
448.5  284.9915
449.0  282.0397
449.5  278.7219
450.0  278.3802
450.5  284.5636
451.0  299.6785
451.5  323.8191
452.0  354.3393
452.5  386.5206
453.0  415.0809
453.5  435.7469
454.0  446.1952
454.5  446.2488
455.0  437.6440
455.5  423.5687
456.0  407.8526
456.5  393.7465
457.0  382.6987
457.5  373.8497
458.0  364.6508
458.5  352.2878
459.0  335.1293
459.5  313.5464
460.0  289.9129
460.5  267.9426
461.0  251.6007
461.5  243.8338
462.0  245.4822
462.5  254.8690
463.0  268.3785
463.5  281.8065
464.0  291.8053
464.5  296.7952
465.0  297.1904
465.5  295.1340
466.0  293.8866
466.5  296.8305
467.0  306.1931
467.5  321.9957
468.0  341.8709
468.5  361.9645
469.0  378.4651
469.5  388.9765
470.0  393.1785
470.5  392.6847
471.0  390.3176
471.5  389.0672
472.0  390.9769
472.5  396.2739
473.0  403.1325
473.5  408.2879
474.0  408.2755
474.5  400.7070
475.0  385.0519
475.5  362.7747
476.0  336.9733
476.5  311.6650
477.0  290.7708
477.5  276.9660
478.0  270.8281
478.5  270.7661
479.0  273.8560
479.5  277.1861
480.0  279.0619
480.5  279.5835
481.0  280.4764
481.5  284.3313
482.0  293.5200
482.5  309.1088
483.0  330.1652
483.5  353.8215
484.0  376.1549
484.5  393.4916
485.0  403.5115
485.5  405.7327
486.0  401.3836
486.5  392.9047
487.0  383.2549
487.5  375.0752
488.0  369.8341
488.5  367.2763
489.0  365.5207
489.5  361.8677
490.0  353.9893
490.5  340.9839
491.0  323.8805
491.5  305.4283
492.0  289.2395
492.5  278.5392
493.0  274.9504
493.5  277.8462
494.0  284.6355
494.5  291.8887
495.0  296.7291
495.5  297.8121
496.0  295.5703
496.5  291.8505
497.0  289.2458
497.5  290.3117
498.0  296.7450
498.5  308.6827
499.0  324.4203
499.5  340.7966
500.0  354.1986
500.5  361.8208
501.0  362.6937
501.5  358.1063
502.0  351.2562
502.5  346.1765
503.0  346.2325
503.5  352.7339
504.0  364.3061
504.5  377.3893
505.0  387.6475
505.5  391.5694
506.0  387.5416
506.5  376.1179
507.0  359.6628
507.5  341.6608
508.0  325.8424
508.5  315.1979
509.0  311.0857
509.5  312.7883
510.0  317.7923
510.5  322.7447
511.0  324.7244
511.5  322.3533
512.0  316.3740
512.5  309.4811
513.0  305.3886
513.5  307.3693
514.0  316.8218
514.5  332.5607
515.0  351.2417
515.5  368.7031
516.0  381.4857
516.5  387.8164
517.0  387.8089
517.5  383.0845
518.0  376.1158
518.5  369.4441
519.0  364.8417
519.5  362.6100
520.0  361.3348
520.5  358.3187
521.0  350.5937
521.5  336.1328
522.0  314.8178
522.5  288.8392
523.0  262.3749
523.5  240.5515
524.0  227.9228
524.5  226.9844
525.0  237.3821
525.5  256.2066
526.0  279.1959
526.5  302.2044
527.0  322.3003
527.5  338.2381
528.0  350.3964
528.5  360.3414
529.0  370.0929
529.5  381.1993
530.0  393.9047
530.5  406.7987
531.0  417.1798
531.5  422.0134
532.0  419.0949
532.5  407.9865
533.0  390.4215
533.5  370.0147
534.0  351.2682
534.5  338.1004
535.0  332.4338
535.5  333.5143
536.0  338.3407
536.5  342.9753
537.0  344.0410
537.5  339.7539
538.0  330.2569
538.5  317.3774
539.0  304.0028
539.5  293.1940
540.0  287.1876
540.5  286.5874
541.0  290.1081
541.5  295.0489
542.0  298.3403
542.5  297.7594
543.0  292.8765
543.5  285.4092
544.0  278.8188
544.5  277.1760
545.0  283.6097
545.5  298.9504
546.0  321.2264
546.5  346.2916
547.0  369.2474
547.5  385.9489
548.0  394.0197
548.5  393.2216
549.0  385.3074
549.5  373.4809
550.0  361.4923
550.5  352.4795
551.0  347.8969
551.5  347.0013
552.0  347.1947
552.5  345.1304
553.0  338.1531
553.5  325.5281
554.0  309.0038
554.5  292.4489
555.0  280.5948
555.5  277.2910
556.0  284.0096
556.5  299.3118
557.0  319.5034
557.5  340.0440
558.0  356.9617
558.5  367.7578
559.0  371.7439
559.5  369.9881
560.0  364.9520
560.5  359.7695
561.0  357.2131
561.5  358.6624
562.0  363.5385
562.5  369.5142
563.0  373.4463
563.5  372.6611
564.0  366.1095
564.5  354.9583
565.0  342.3432
565.5  332.2730
566.0  328.0527
566.5  330.9129
567.0  339.5186
567.5  350.5752
568.0  360.1332
568.5  364.9123
569.0  363.1599
569.5  354.9648
570.0  342.1393
570.5  327.7296
571.0  315.1511
571.5  307.0874
572.0  304.5244
572.5  306.3659
573.0  309.8484
573.5  311.6136
574.0  309.0344
574.5  301.3263
575.0  290.0442
575.5  278.7172
576.0  271.6325
576.5  272.1717
577.0  281.4220
577.5  297.7445
578.0  317.4825
578.5  336.3629
579.0  350.8739
579.5  359.1328
580.0  361.1661
580.5  358.7214
581.0  354.6788
581.5  352.0908
582.0  353.0570
582.5  357.8642
583.0  364.8243
583.5  370.9239
584.0  373.0131
584.5  369.0639
585.0  359.0687
585.5  345.2742
586.0  331.5998
586.5  322.3188
587.0  320.4282
587.5  326.4131
588.0  338.0180
588.5  351.1262
589.0  361.2631
589.5  365.0348
590.0  361.0616
590.5  350.3168
591.0  335.8874
591.5  322.1207
592.0  313.2041
592.5  311.5759
593.0  316.8706
593.5  325.9755
594.0  334.2178
594.5  337.1317
595.0  332.0837
595.5  319.2171
596.0  301.4786
596.5  283.7230
597.0  271.1320
597.5  267.4628
598.0  273.8082
598.5  288.3819
599.0  307.3382
599.5  326.1551
600.0  340.9971
600.5  349.7250
601.0  352.4601
601.5  351.6048
602.0  351.1176
602.5  355.0031
603.0  365.4764
603.5  381.6943
604.0  399.8023
604.5  414.3277
605.0  420.2304
605.5  414.7104
606.0  398.1589
606.5  374.0441
607.0  347.8242
607.5  325.2147
608.0  310.3791
608.5  304.7216
609.0  306.7390
609.5  312.8823
610.0  318.9323
610.5  321.3518
611.0  318.3321
611.5  310.4533
612.0  300.7883
612.5  294.1369
613.0  295.2832
613.5  306.8089
614.0  327.5671
614.5  352.7711
615.0  375.7461
615.5  390.4488
616.0  393.5888
616.5  385.5935
617.0  370.2470
617.5  353.2596
618.0  340.2792
618.5  335.0226
619.0  338.1819
619.5  347.4392
620.0  358.4272
620.5  366.1456
621.0  366.3918
621.5  356.9969
622.0  338.7160
622.5  315.4323
623.0  293.2337
623.5  278.3036
624.0  274.3766
624.5  281.0735
625.0  294.1004
625.5  307.1960
626.0  314.7461
626.5  313.8500
627.0  305.1600
627.5  292.4396
628.0  281.1491
628.5  276.5598
629.0  282.0075
629.5  297.8684
630.0  321.5429
630.5  348.3045
631.0  372.6056
631.5  389.4952
632.0  395.9672
632.5  392.0177
633.0  380.9404
633.5  368.3522
634.0  359.9543
634.5  358.9303
635.0  364.3909
635.5  371.7930
636.0  375.0656
636.5  369.2584
637.0  352.4941
637.5  326.6160
638.0  296.5371
638.5  268.6564
639.0  248.8972
639.5  241.0250
640.0  245.8049
640.5  261.1646
641.0  283.0704
641.5  306.6524
642.0  327.3431
642.5  342.0364
643.0  350.1515
643.5  354.0808
644.0  358.3846
644.5  367.6671
645.0  384.0583
645.5  405.7564
646.0  427.5471
646.5  442.9733
647.0  446.9386
647.5  437.5414
648.0  416.5710
648.5  388.7089
649.0  359.8541
649.5  335.1999
650.0  317.7697
650.5  307.9238
651.0  303.8433
651.5  302.5162
652.0  300.6909
652.5  295.6521
653.0  286.0071
653.5  272.5110
654.0  258.4381
654.5  248.8030
655.0  248.3104
655.5  258.9620
656.0  278.7851
656.5  302.5471
657.0  324.0229
657.5  338.5198
658.0  344.4876
658.5  343.7429
659.0  340.4740
659.5  339.5183
660.0  344.5523
660.5  356.8448
661.0  374.9955
661.5  395.6006
662.0  414.3565
662.5  427.1077
663.0  430.7153
663.5  423.8996
664.0  407.9894
664.5  387.0428
665.0  366.7276
665.5  352.0606
666.0  345.1016
666.5  344.0184
667.0  344.1261
667.5  340.2364
668.0  328.9990
668.5  310.2162
669.0  286.8231
669.5  263.7648
670.0  246.2533
670.5  238.0225
671.0  240.2165
671.5  251.3041
672.0  267.8942
672.5  285.9039
673.0  301.5687
673.5  312.2040
674.0  316.9003
674.5  317.0972
675.0  316.5177
675.5  319.9284
676.0  330.9250
676.5  349.8766
677.0  373.3467
677.5  395.4172
678.0  410.1375
678.5  413.8022
679.0  406.1331
679.5  390.1303
680.0  370.8407
680.5  353.5267
681.0  341.8695
681.5  336.8778
682.0  336.9030
682.5  338.6082
683.0  338.2884
683.5  332.9832
684.0  321.2547
684.5  303.7755
685.0  283.6500
685.5  265.9987
686.0  256.4081
686.5  258.6117
687.0  272.6058
687.5  294.4068
688.0  317.6646
688.5  336.2136
689.0  346.2756
689.5  347.4995
690.0  342.6930
690.5  336.5333
691.0  333.7461
691.5  337.3785
692.0  347.8096
692.5  362.8533
693.0  378.7601
693.5  391.5247
694.0  397.9906
694.5  396.6456
695.0  388.1931
695.5  375.7437
696.0  364.1716
696.5  358.3994
697.0  361.1650
697.5  371.4876
698.0  384.8398
698.5  394.9832
699.0  396.4572
699.5  386.5445
700.0  366.0660
700.5  338.9622
701.0  310.9531
701.5  287.7181
702.0  273.1755
702.5  268.4677
703.0  271.9928
703.5  280.3051
704.0  289.3418
704.5  295.5360
705.0  296.7346
705.5  292.9637
706.0  286.7935
706.5  282.7803
707.0  285.7314
707.5  298.3759
708.0  319.7124
708.5  345.0947
709.0  368.0581
709.5  382.8641
710.0  386.5272
710.5  379.6000
711.0  365.6486
711.5  349.7728
712.0  336.7546
712.5  329.5313
713.0  328.5741
713.5  332.2912
714.0  338.0149
714.5  342.9340
715.0  344.7016
715.5  341.9423
716.0  334.9071
716.5  326.0019
717.0  319.4669
717.5  319.7701
718.0  329.2713
718.5  346.5551
719.0  366.6087
719.5  382.8227
720.0  389.6650
720.5  384.6866
721.0  369.1411
721.5  347.2389
722.0  324.5000
722.5  305.8605
723.0  294.2218
723.5  289.9508
724.0  291.3702
724.5  295.7617
725.0  300.2781
725.5  302.5393
726.0  301.1443
726.5  296.3230
727.0  290.4348
727.5  287.6112
728.0  292.1398
728.5  306.1730
729.0  328.1350
729.5  352.9570
730.0  374.0824
730.5  386.0901
731.0  386.6276
731.5  376.9631
732.0  361.1964
732.5  344.6130
733.0  331.8444
733.5  325.5163
734.0  325.8373
734.5  331.1027
735.0  338.6192
735.5  345.5008
736.0  349.1845
736.5  347.9380
737.0  341.5668
737.5  332.0161
738.0  323.1629
738.5  319.3825
739.0  323.3824
739.5  334.5713
740.0  349.0671
740.5  361.4022
741.0  366.9369
741.5  363.7374
742.0  353.1639
742.5  339.1005
743.0  326.2786
743.5  318.4443
744.0  317.1609
744.5  321.7095
745.0  329.9200
745.5  339.2486
746.0  347.4601
746.5  352.8288
747.0  354.2793
747.5  351.8232
748.0  347.0617
748.5  343.0647
749.0  343.1594
749.5  349.0382
750.0  359.3648
750.5  369.9321
751.0  375.4244
751.5  371.8088
752.0  358.1121
752.5  336.8264
753.0  312.9059
753.5  291.8888
754.0  277.9784
754.5  272.8935
755.0  275.8749
755.5  284.5747
756.0  296.1171
756.5  307.7607
757.0  317.1752
757.5  322.7584
758.0  324.2513
758.5  323.3106
759.0  323.3168
759.5  328.0127
760.0  339.4729
760.5  356.6263
761.0  375.3726
761.5  390.3155
762.0  397.1308
762.5  394.3393
763.0  383.7330
763.5  369.4104
764.0  355.9485
764.5  346.5593
765.0  342.0627
765.5  341.0602
766.0  340.9901
766.5  339.2838
767.0  334.0144
767.5  324.0580
768.0  309.2404
768.5  290.7628
769.0  271.5958
769.5  256.1454
770.0  248.8252
770.5  252.0546
771.0  264.8822
771.5  283.2079
772.0  301.5685
772.5  315.4875
773.0  323.1891
773.5  325.9670
774.0  327.2108
774.5  330.6518
775.0  338.6762
775.5  351.4793
776.0  367.3335
776.5  383.5710
777.0  397.5206
777.5  406.9184
778.0  409.9699
778.5  405.6106
779.0  394.2077
779.5  378.2437
780.0  362.1184
780.5  350.6235
781.0  346.6747
781.5  349.6838
782.0  355.7184
782.5  359.4247
783.0  356.5699
783.5  345.8274
784.0  329.0477
784.5  310.1115
785.0  293.0850
785.5  280.6242
786.0  273.3642
786.5  270.4264
787.0  270.4780
787.5  272.4945
788.0  275.7888
788.5  279.6352
789.0  283.2392
789.5  286.4201
790.0  290.5152
790.5  298.4780
791.0  313.5655
791.5  337.1726
792.0  367.2953
792.5  398.8434
793.0  425.7275
793.5  443.4441
794.0  450.7070
794.5  449.4223
795.0  443.2472
795.5  435.5966
796.0  428.1037
796.5  420.2390
797.0  410.1278
797.5  395.9063
798.0  376.7013
798.5  352.7443
799.0  324.9178
799.5  294.4858
800.0  263.4568
800.5  235.2036
801.0  214.3763
801.5  205.4622
802.0  210.4836
802.5  227.3563
803.0  250.2849
803.5  272.2007
804.0  287.8306
804.5  295.6803
805.0  298.0482
805.5  299.3497
806.0  303.7924
806.5  313.5876
807.0  328.4534
807.5  346.3884
808.0  364.9664
808.5  382.2078
809.0  396.5926
809.5  406.6019
810.0  410.6274
810.5  407.7465
811.0  398.9694
811.5  387.8137
812.0  379.2042
812.5  376.8656
813.0  380.8011
813.5  386.7748
814.0  388.3918
814.5  380.4755
815.0  361.6294
815.5  334.6447
816.0  304.8764
816.5  277.7644
817.0  256.8765
817.5  243.3021
818.0  236.3388
818.5  234.6753
819.0  237.1456
819.5  242.6787
820.0  249.8733
820.5  257.0140
821.0  262.9738
821.5  268.5353
822.0  276.9295
822.5  292.5710
823.0  318.2478
823.5  352.5325
824.0  389.4589
824.5  420.9731
825.0  440.6085
825.5  446.0931
826.0  439.5937
826.5  425.9242
827.0  410.0632
827.5  395.3524
828.0  383.0590
828.5  373.0802
829.0  364.9456
829.5  358.2908
830.0  352.5861
830.5  346.6538
831.0  338.7807
831.5  327.7813
832.0  314.4650
832.5  302.2892
833.0  296.1892
833.5  299.8152
834.0  312.8754
834.5  330.6094
835.0  345.9956
835.5  353.2871
836.0  350.6379
836.5  340.4439
837.0  327.5955
837.5  316.9262
838.0  311.2945
838.5  311.0998
839.0  315.0816
839.5  321.5222
840.0  328.9295
840.5  335.9056
841.0  340.7194
841.5  341.4187
842.0  336.8626
842.5  328.1340
843.0  319.0939
843.5  315.0647
844.0  319.9164
844.5  333.3576
845.0  350.5210
845.5  364.3926
846.0  369.5180
846.5  364.6176
847.0  352.7327
847.5  339.2149
848.0  328.9916
848.5  324.6358
849.0  326.0368
849.5  331.4131
850.0  338.6630
850.5  346.0612
851.0  352.0588
851.5  354.8133
852.0  352.3503
852.5  343.6939
853.0  330.2958
853.5  316.4349
854.0  307.6447
854.5  307.6684
855.0  315.9162
855.5  327.4246
856.0  335.5543
856.5  335.6375
857.0  327.2642
857.5  314.0777
858.0  301.5771
858.5  294.3921
859.0  294.4830
859.5  300.9917
860.0  311.4426
860.5  323.2522
861.0  334.5123
861.5  343.7763
862.0  349.4940
862.5  350.0526
863.0  344.8102
863.5  335.4706
864.0  326.4506
864.5  323.2698
865.0  329.4569
865.5  343.9855
866.0  361.2769
866.5  374.0061
867.0  376.8751
867.5  369.0216
868.0  353.9291
868.5  337.3116
869.0  324.3685
869.5  317.8140
870.0  317.4641
870.5  321.2279
871.0  326.5760
871.5  331.4426
872.0  334.1904
872.5  333.1898
873.0  326.9563
873.5  315.2684
874.0  300.6175
874.5  288.5514
875.0  285.8029
875.5  296.7019
876.0  320.1375
876.5  349.4629
877.0  375.6862
877.5  391.8519
878.0  395.8940
878.5  390.6447
879.0  381.5671
879.5  373.8078
880.0  370.1205
880.5  370.4433
881.0  372.8909
881.5  375.1657
882.0  375.3613
882.5  371.8624
883.0  362.9483
883.5  347.0342
884.0  323.9232
884.5  296.3730
885.0  270.5059
885.5  253.9250
886.0  252.0155
886.5  264.7194
887.0  286.2304
887.5  308.0102
888.0  323.0685
888.5  328.8303
889.0  327.3237
889.5  323.2437
890.0  321.3612
890.5  324.6151
891.0  333.5387
891.5  346.8597
892.0  362.5114
892.5  378.2433
893.0  391.5868
893.5  399.6746
894.0  399.6931
894.5  390.2496
895.0  372.9881
895.5  353.0861
896.0  337.5609
896.5  331.7801
897.0  336.2748
897.5  346.2177
898.0  354.0905
898.5  353.7102
899.0  343.0348
899.5  324.4157
900.0  302.7367
900.5  282.8838
901.0  267.9374
901.5  258.7843
902.0  254.9240
902.5  255.5635
903.0  260.0872
903.5  267.6850
904.0  276.7755
904.5  285.1435
905.0  291.1599
905.5  295.4266
906.0  301.4494
906.5  314.2123
907.0  336.9871
907.5  368.4188
908.0  402.2089
908.5  429.9100
909.0  444.9861
909.5  445.5409
910.0  434.3705
910.5  416.8418
911.0  398.1544
911.5  381.4791
912.0  367.6575
912.5  356.1233
913.0  346.0418
913.5  336.7557
914.0  327.4100
914.5  316.4601
915.0  301.9742
915.5  283.0320
916.0  261.4801
916.5  242.5702
917.0  233.2930
917.5  238.7697
918.0  258.8985
918.5  287.8014
919.0  316.6820
919.5  338.1498
920.0  349.2397
920.5  351.6969
921.0  350.0347
921.5  348.9226
922.0  351.3433
922.5  358.1484
923.0  368.7053
923.5  381.7440
924.0  395.6312
924.5  408.0249
925.0  415.6112
925.5  414.7657
926.0  403.3246
926.5  382.6092
927.0  358.1300
927.5  337.7618
928.0  327.8266
928.5  329.4422
929.0  337.8041
929.5  345.0197
930.0  344.4731
930.5  333.8916
931.0  315.6639
931.5  294.9038
932.0  276.8096
932.5  264.7864
933.0  260.0151
933.5  262.1665
934.0  270.3111
934.5  283.1785
935.0  298.7093
935.5  313.6532
936.0  324.1220
936.5  327.3320
937.0  323.6942
937.5  317.6708
938.0  316.1476
938.5  324.6861
939.0  343.9427
939.5  368.9010
940.0  391.5920
940.5  405.3436
941.0  407.7517
941.5  400.9098
942.0  389.4155
942.5  377.7610
943.0  368.6062
943.5  362.5686
944.0  359.1224
944.5  357.5785
945.0  357.2940
945.5  357.0841
946.0  354.6359
946.5  346.8858
947.0  331.6659
947.5  309.8288
948.0  286.2432
948.5  268.2869
949.0  262.0787
949.5  268.7482
950.0  283.5465
950.5  298.6041
951.0  307.3325
951.5  307.5082
952.0  301.5037
952.5  294.2117
953.0  290.3213
953.5  292.4596
954.0  300.8546
954.5  314.1723
955.0  330.5690
955.5  348.1096
956.0  364.4466
956.5  376.4347
957.0  380.5637
957.5  374.5331
958.0  359.2860
958.5  339.9913
959.0  324.5770
959.5  319.9119
960.0  327.8239
960.5  343.8634
961.0  359.8635
961.5  368.4554
962.0  366.4921
962.5  355.6400
963.0  340.5422
963.5  326.1914
964.0  316.0595
964.5  311.6524
965.0  313.1333
965.5  320.0751
966.0  331.5760
966.5  345.7272
967.0  359.1385
967.5  367.3664
968.0  366.5717
968.5  355.8282
969.0  338.7021
969.5  322.5943
970.0  315.4324
970.5  321.3245
971.0  338.1000
971.5  358.6026
972.0  374.7602
972.5  381.5173
973.0  378.3247
973.5  368.0171
974.0  354.5228
974.5  341.0578
975.0  329.5982
975.5  321.3306
976.0  317.1579
976.5  317.5391
977.0  321.7129
977.5  327.0609
978.0  329.4636
978.5  324.9662
979.0  312.1796
979.5  294.0599
980.0  277.5419
980.5  270.4962
981.0  277.4379
981.5  296.8370
982.0  322.0379
982.5  345.0544
983.0  360.4596
983.5  367.0333
984.0  366.8727
984.5  363.2953
985.0  359.0955
985.5  355.9345
986.0  354.6423
986.5  355.6455
987.0  358.8793
987.5  363.2076
988.0  365.9840
988.5  363.4820
989.0  352.4414
989.5  332.1875
990.0  306.1003
990.5  281.1131
991.0  264.8570
991.5  261.7980
992.0  270.8952
992.5  286.4933
993.0  301.7556
993.5  312.1599
994.0  316.9605
994.5  318.3186
995.0  319.2984
995.5  322.2048
996.0  328.0519
996.5  336.9641
997.0  348.7117
997.5  362.7089
998.0  377.4750
998.5  390.1863
999.0  397.0456
999.5  394.7134
1000.0  382.2857
