0.0  0.539888  1.288950  1.828837
0.5  0.541774  1.287692  1.829465
1.0  0.537046  1.292436  1.829482
1.5  0.529853  1.300112  1.829965
2.0  0.524358  1.305666  1.830024
2.5  0.523407  1.306897  1.830304
3.0  0.527802  1.302367  1.830169
3.5  0.536224  1.293639  1.829862
4.0  0.545660  1.284242  1.829902
4.5  0.552242  1.277274  1.829517
5.0  0.552426  1.277491  1.829916
5.5  0.544353  1.284966  1.829319
6.0  0.528973  1.300991  1.829965
6.5  0.510276  1.319688  1.829964
7.0  0.494235  1.336262  1.830497
7.5  0.486693  1.343985  1.830677
8.0  0.491057  1.339707  1.830764
8.5  0.506912  1.323487  1.830399
9.0  0.530176  1.299754  1.829930
9.5  0.554703  1.275021  1.829723
10.0  0.574540  1.254904  1.829444
10.5  0.585858  1.243552  1.829410
11.0  0.587820  1.241841  1.829660
11.5  0.582250  1.247535  1.829785
12.0  0.572475  1.257705  1.830180
12.5  0.561960  1.268360  1.830320
13.0  0.553250  1.277446  1.830696
13.5  0.547422  1.282886  1.830308
14.0  0.544011  1.286470  1.830481
14.5  0.541283  1.289001  1.830284
15.0  0.536831  1.293553  1.830384
15.5  0.528498  1.301648  1.830146
16.0  0.515471  1.314844  1.830315
16.5  0.499090  1.331617  1.830707
17.0  0.482818  1.347871  1.830689
17.5  0.471112  1.360417  1.831529
18.0  0.467581  1.363318  1.830899
18.5  0.473306  1.357899  1.831206
19.0  0.486176  1.344838  1.831014
19.5  0.501575  1.329258  1.830834
20.0  0.514105  1.315866  1.829971
20.5  0.519545  1.310708  1.830253
21.0  0.516226  1.313751  1.829977
21.5  0.505304  1.325126  1.830431
22.0  0.490001  1.340808  1.830809
22.5  0.474300  1.356569  1.830869
23.0  0.461722  1.369252  1.830974
23.5  0.454563  1.376421  1.830983
24.0  0.453622  1.377564  1.831185
24.5  0.458274  1.372872  1.831146
25.0  0.466749  1.364032  1.830782
25.5  0.476677  1.354284  1.830961
26.0  0.485947  1.344752  1.830698
26.5  0.493733  1.337369  1.831102
27.0  0.501184  1.329678  1.830862
27.5  0.511220  1.320130  1.831350
28.0  0.527279  1.304037  1.831316
28.5  0.551482  1.280130  1.831612
29.0  0.583167  1.247966  1.831132
29.5  0.618571  1.212145  1.830716
30.0  0.651873  1.178513  1.830387
30.5  0.677116  1.153115  1.830231
31.0  0.690125  1.140318  1.830443
31.5  0.689633  1.140634  1.830267
32.0  0.677229  1.153424  1.830653
32.5  0.656376  1.174100  1.830476
33.0  0.631084  1.200003  1.831087
33.5  0.604821  1.226109  1.830930
34.0  0.579952  1.250986  1.830938
34.5  0.557595  1.273275  1.830870
35.0  0.537706  1.293274  1.830979
35.5  0.519266  1.311593  1.830859
36.0  0.500716  1.330225  1.830941
36.5  0.480746  1.350009  1.830755
37.0  0.459339  1.371573  1.830912
37.5  0.438535  1.392724  1.831259
38.0  0.422278  1.409278  1.831556
38.5  0.415105  1.416304  1.831409
39.0  0.420146  1.411820  1.831966
39.5  0.437424  1.393864  1.831289
40.0  0.463397  1.367968  1.831366
40.5  0.492002  1.338911  1.830913
41.0  0.516722  1.313952  1.830674
41.5  0.532726  1.298069  1.830795
42.0  0.538157  1.292730  1.830887
42.5  0.534204  1.297188  1.831392
43.0  0.524176  1.307401  1.831577
43.5  0.512193  1.319842  1.832035
44.0  0.502052  1.329787  1.831839
44.5  0.496518  1.336027  1.832545
45.0  0.496966  1.335065  1.832030
45.5  0.503221  1.328875  1.832097
46.0  0.513612  1.318450  1.832062
46.5  0.525387  1.306628  1.832015
47.0  0.535643  1.296066  1.831709
47.5  0.542578  1.289031  1.831609
48.0  0.546469  1.285752  1.832221
48.5  0.549729  1.283158  1.832887
49.0  0.555776  1.277107  1.832884
49.5  0.567180  1.265339  1.832519
50.0  0.584060  1.248356  1.832416
50.5  0.603611  1.229498  1.833110
51.0  0.621030  1.211884  1.832914
51.5  0.631352  1.201419  1.832770
52.0  0.631297  1.200712  1.832009
52.5  0.620280  1.211941  1.832221
53.0  0.600304  1.231623  1.831927
53.5  0.575011  1.258503  1.833514
54.0  0.548488  1.284796  1.833283
54.5  0.524287  1.309182  1.833470
55.0  0.504833  1.328181  1.833015
55.5  0.491110  1.341969  1.833079
56.0  0.482534  1.350774  1.833308
56.5  0.477069  1.355814  1.832883
57.0  0.471773  1.361234  1.833007
57.5  0.463868  1.368875  1.832743
58.0  0.452098  1.381068  1.833166
58.5  0.437738  1.395312  1.833050
59.0  0.424597  1.409473  1.834070
59.5  0.417762  1.416354  1.834116
60.0  0.421537  1.412545  1.834082
60.5  0.437529  1.396287  1.833816
61.0  0.463786  1.369319  1.833105
61.5  0.495394  1.337514  1.832907
62.0  0.526224  1.306610  1.832834
62.5  0.551025  1.281058  1.832084
63.0  0.566946  1.265581  1.832527
63.5  0.573989  1.258690  1.832679
64.0  0.574473  1.258573  1.833045
64.5  0.571966  1.261062  1.833029
65.0  0.570153  1.263301  1.833454
65.5  0.571868  1.261129  1.832997
66.0  0.578350  1.255361  1.833710
66.5  0.588752  1.244406  1.833158
67.0  0.600102  1.232688  1.832791
67.5  0.607949  1.224189  1.832138
68.0  0.607754  1.224014  1.831768
68.5  0.596667  1.235286  1.831953
69.0  0.574950  1.257756  1.832706
69.5  0.546266  1.286450  1.832716
70.0  0.516556  1.316275  1.832830
70.5  0.491917  1.341862  1.833779
71.0  0.476460  1.357132  1.833592
71.5  0.471060  1.362954  1.834014
72.0  0.473460  1.360087  1.833546
72.5  0.479536  1.352927  1.832463
73.0  0.485048  1.347498  1.832546
73.5  0.487111  1.346279  1.833390
74.0  0.484897  1.348220  1.833117
74.5  0.479542  1.354107  1.833649
75.0  0.473553  1.360205  1.833758
75.5  0.469999  1.363545  1.833544
76.0  0.471636  1.361766  1.833403
76.5  0.480004  1.353774  1.833778
77.0  0.494642  1.338931  1.833573
77.5  0.512764  1.320568  1.833331
78.0  0.529746  1.302546  1.832291
78.5  0.540548  1.291850  1.832398
79.0  0.541677  1.290802  1.832479
79.5  0.532856  1.300154  1.833009
80.0  0.517544  1.315297  1.832841
80.5  0.501886  1.331536  1.833421
81.0  0.492474  1.341126  1.833600
81.5  0.493905  1.339662  1.833567
82.0  0.507209  1.326268  1.833477
82.5  0.529767  1.303235  1.833002
83.0  0.556577  1.276447  1.833024
83.5  0.582165  1.250664  1.832828
84.0  0.602257  1.230052  1.832309
84.5  0.614699  1.217771  1.832470
85.0  0.619558  1.213274  1.832831
85.5  0.618677  1.214086  1.832763
86.0  0.614974  1.218648  1.833622
86.5  0.611576  1.222180  1.833756
87.0  0.610835  1.223041  1.833876
87.5  0.613380  1.220720  1.834100
88.0  0.617542  1.216551  1.834093
88.5  0.619598  1.214023  1.833621
89.0  0.614989  1.218869  1.833858
89.5  0.600212  1.233189  1.833401
90.0  0.574634  1.258880  1.833514
90.5  0.541334  1.292088  1.833421
91.0  0.506458  1.328011  1.834469
91.5  0.477238  1.357604  1.834843
92.0  0.459472  1.375153  1.834625
92.5  0.455537  1.378902  1.834439
93.0  0.463754  1.370693  1.834447
93.5  0.479233  1.354577  1.833810
94.0  0.495698  1.337528  1.833225
94.5  0.507438  1.326197  1.833635
95.0  0.510741  1.322515  1.833256
95.5  0.504551  1.328624  1.833175
96.0  0.490442  1.343053  1.833495
96.5  0.472059  1.361796  1.833856
97.0  0.454110  1.380150  1.834260
97.5  0.441005  1.393160  1.834165
98.0  0.435454  1.399040  1.834494
98.5  0.437524  1.396946  1.834470
99.0  0.444660  1.389514  1.834174
99.5  0.452859  1.381017  1.833876
100.0  0.458608  1.375160  1.833768
100.5  0.460744  1.372864  1.833608
101.0  0.461323  1.372430  1.833753
101.5  0.464982  1.369522  1.834505
102.0  0.476968  1.357521  1.834489
102.5  0.500696  1.333646  1.834341
103.0  0.535968  1.298009  1.833976
103.5  0.578662  1.255493  1.834155
104.0  0.621961  1.211001  1.832962
104.5  0.658459  1.174386  1.832845
105.0  0.682223  1.150388  1.832611
105.5  0.690109  1.142119  1.832228
106.0  0.682184  1.150253  1.832437
106.5  0.661410  1.171820  1.833230
107.0  0.632794  1.200865  1.833659
107.5  0.602147  1.231858  1.834005
108.0  0.574576  1.259771  1.834347
108.5  0.553043  1.280892  1.833935
109.0  0.537484  1.296454  1.833938
109.5  0.524998  1.308854  1.833851
110.0  0.511208  1.322879  1.834087
110.5  0.492386  1.341486  1.833872
111.0  0.467485  1.366161  1.833645
111.5  0.439165  1.395305  1.834470
112.0  0.413252  1.421954  1.835206
112.5  0.396753  1.438914  1.835667
113.0  0.395211  1.440554  1.835765
113.5  0.410526  1.424597  1.835123
114.0  0.440178  1.394799  1.834978
114.5  0.478099  1.356758  1.834857
115.0  0.516668  1.317978  1.834646
115.5  0.548927  1.285074  1.834002
116.0  0.570238  1.263305  1.833543
116.5  0.579044  1.255158  1.834202
117.0  0.576807  1.258165  1.834971
117.5  0.567279  1.267563  1.834842
118.0  0.555291  1.279286  1.834577
118.5  0.545257  1.289616  1.834873
119.0  0.539764  1.295545  1.835309
119.5  0.538766  1.296768  1.835534
120.0  0.539785  1.295109  1.834894
120.5  0.539166  1.295176  1.834341
121.0  0.533953  1.300517  1.834470
121.5  0.523570  1.311552  1.835122
122.0  0.510497  1.324829  1.835326
122.5  0.499536  1.336067  1.835603
123.0  0.495889  1.340016  1.835905
123.5  0.502889  1.332717  1.835606
124.0  0.520427  1.315229  1.835656
124.5  0.544794  1.290689  1.835483
125.0  0.569943  1.264609  1.834551
125.5  0.589510  1.244612  1.834122
126.0  0.598737  1.235649  1.834386
126.5  0.595652  1.238996  1.834648
127.0  0.581360  1.253028  1.834388
127.5  0.559577  1.274848  1.834425
128.0  0.535607  1.298774  1.834381
128.5  0.514929  1.320354  1.835283
129.0  0.501632  1.333893  1.835525
129.5  0.497093  1.338087  1.835180
130.0  0.499414  1.335323  1.834738
130.5  0.504042  1.330409  1.834451
131.0  0.505535  1.328812  1.834348
131.5  0.499945  1.334422  1.834366
132.0  0.486812  1.347675  1.834487
132.5  0.469809  1.365380  1.835189
133.0  0.455521  1.379989  1.835510
133.5  0.450767  1.385180  1.835948
134.0  0.459634  1.377171  1.836805
134.5  0.481656  1.355189  1.836845
135.0  0.511960  1.324286  1.836246
135.5  0.543182  1.292806  1.835988
136.0  0.568120  1.267691  1.835811
136.5  0.581975  1.253910  1.835885
137.0  0.583492  1.252345  1.835837
137.5  0.574957  1.261031  1.835989
138.0  0.561320  1.275459  1.836779
138.5  0.548785  1.288337  1.837123
139.0  0.543112  1.293780  1.836891
139.5  0.547896  1.288658  1.836554
140.0  0.563263  1.273791  1.837054
140.5  0.585474  1.251120  1.836594
141.0  0.607808  1.228180  1.835988
141.5  0.622690  1.212900  1.835590
142.0  0.624457  1.210912  1.835370
142.5  0.611739  1.223971  1.835710
143.0  0.588350  1.247807  1.836158
143.5  0.562046  1.274482  1.836528
144.0  0.541448  1.295790  1.837238
144.5  0.532461  1.305703  1.838164
145.0  0.535887  1.301404  1.837292
145.5  0.547362  1.290129  1.837491
146.0  0.559435  1.277841  1.837276
146.5  0.564589  1.272469  1.837059
147.0  0.557818  1.279597  1.837415
147.5  0.537944  1.299394  1.837338
148.0  0.507655  1.330215  1.837870
148.5  0.472594  1.365345  1.837939
149.0  0.439868  1.398945  1.838813
149.5  0.416220  1.422987  1.839207
150.0  0.406158  1.433259  1.839417
150.5  0.410468  1.428859  1.839327
151.0  0.425707  1.413408  1.839115
151.5  0.445058  1.393681  1.838739
152.0  0.460536  1.377136  1.837672
152.5  0.465936  1.371721  1.837657
153.0  0.459458  1.379112  1.838570
153.5  0.444823  1.394110  1.838933
154.0  0.430106  1.409220  1.839326
154.5  0.424511  1.415783  1.840294
155.0  0.434426  1.406815  1.841241
155.5  0.460667  1.379260  1.839927
156.0  0.498245  1.341092  1.839336
156.5  0.538591  1.300890  1.839481
157.0  0.572897  1.266384  1.839281
157.5  0.594997  1.244000  1.838998
158.0  0.602846  1.236514  1.839360
158.5  0.598543  1.241150  1.839692
159.0  0.587319  1.252298  1.839617
159.5  0.575940  1.264443  1.840382
160.0  0.570806  1.269120  1.839926
160.5  0.576074  1.264177  1.840251
161.0  0.592191  1.247508  1.839699
161.5  0.615393  1.224163  1.839557
162.0  0.638510  1.200274  1.838784
162.5  0.653094  1.185116  1.838211
163.0  0.652337  1.184863  1.837199
163.5  0.633787  1.204231  1.838018
164.0  0.600730  1.238612  1.839342
164.5  0.561380  1.278438  1.839818
165.0  0.525936  1.314834  1.840770
165.5  0.502663  1.338317  1.840980
166.0  0.494843  1.346553  1.841396
166.5  0.500036  1.341264  1.841300
167.0  0.511789  1.328727  1.840516
167.5  0.522649  1.317612  1.840261
168.0  0.526930  1.313511  1.840441
168.5  0.522257  1.317839  1.840096
169.0  0.509749  1.330782  1.840532
169.5  0.493246  1.348482  1.841728
170.0  0.477990  1.364246  1.842236
170.5  0.469047  1.372467  1.841514
171.0  0.469713  1.372519  1.842232
171.5  0.480255  1.362616  1.842871
172.0  0.497458  1.344979  1.842437
172.5  0.515340  1.325758  1.841098
173.0  0.527039  1.314053  1.841092
173.5  0.527380  1.314246  1.841625
174.0  0.515177  1.326964  1.842141
174.5  0.494195  1.347581  1.841776
175.0  0.472048  1.370566  1.842614
175.5  0.457251  1.386861  1.844113
176.0  0.455683  1.387240  1.842923
176.5  0.468225  1.373483  1.841707
177.0  0.490751  1.350221  1.840972
177.5  0.516297  1.325539  1.841835
178.0  0.538069  1.303541  1.841610
178.5  0.551820  1.289393  1.841213
179.0  0.556791  1.283916  1.840707
179.5  0.555329  1.285462  1.840790
180.0  0.551726  1.290036  1.841762
180.5  0.550773  1.291709  1.842482
181.0  0.556286  1.285447  1.841733
181.5  0.569807  1.271097  1.840904
182.0  0.589737  1.252032  1.841769
182.5  0.611282  1.231382  1.842664
183.0  0.627466  1.213379  1.840845
183.5  0.631197  1.208453  1.839651
184.0  0.617867  1.222723  1.840590
184.5  0.587572  1.254008  1.841580
185.0  0.545884  1.294717  1.840601
185.5  0.502466  1.338600  1.841066
186.0  0.467765  1.374515  1.842280
186.5  0.449136  1.393220  1.842356
187.0  0.448267  1.392796  1.841063
187.5  0.461135  1.380300  1.841436
188.0  0.480318  1.361478  1.841795
188.5  0.498221  1.342246  1.840467
189.0  0.509659  1.330516  1.840175
189.5  0.512958  1.327403  1.840361
190.0  0.509718  1.331570  1.841288
190.5  0.503784  1.337623  1.841407
191.0  0.499918  1.342026  1.841945
191.5  0.502389  1.340117  1.842506
192.0  0.513619  1.328901  1.842520
192.5  0.533164  1.308285  1.841449
193.0  0.557396  1.283640  1.841036
193.5  0.580227  1.260351  1.840578
194.0  0.594888  1.245751  1.840639
194.5  0.596358  1.245014  1.841372
195.0  0.583559  1.257846  1.841405
195.5  0.560302  1.280789  1.841091
196.0  0.534257  1.307576  1.841833
196.5  0.514074  1.328290  1.842365
197.0  0.505884  1.336643  1.842527
197.5  0.510902  1.331014  1.841915
198.0  0.525366  1.316297  1.841663
198.5  0.542639  1.298616  1.841255
199.0  0.556167  1.284513  1.840680
199.5  0.561768  1.278729  1.840498
200.0  0.558494  1.282306  1.840799
200.5  0.548224  1.292826  1.841050
201.0  0.534610  1.306494  1.841104
201.5  0.521849  1.319917  1.841766
202.0  0.513484  1.328391  1.841876
202.5  0.511336  1.330321  1.841657
203.0  0.514751  1.326106  1.840856
203.5  0.520488  1.320992  1.841480
204.0  0.523526  1.317289  1.840815
204.5  0.518772  1.321787  1.840559
205.0  0.503247  1.337372  1.840619
205.5  0.477909  1.363846  1.841754
206.0  0.448156  1.394221  1.842377
206.5  0.422389  1.420088  1.842476
207.0  0.408915  1.433584  1.842499
207.5  0.412535  1.430285  1.842820
208.0  0.432551  1.409535  1.842086
208.5  0.463274  1.377843  1.841117
209.0  0.496623  1.343428  1.840051
209.5  0.525298  1.315053  1.840351
210.0  0.544970  1.295575  1.840545
210.5  0.554839  1.286071  1.840909
211.0  0.556940  1.284027  1.840967
211.5  0.554923  1.286606  1.841528
212.0  0.552808  1.288846  1.841654
212.5  0.553884  1.288128  1.842011
213.0  0.559748  1.281766  1.841513
213.5  0.569679  1.271244  1.840923
214.0  0.580615  1.259830  1.840445
214.5  0.587977  1.252345  1.840322
215.0  0.587286  1.252896  1.840182
215.5  0.576148  1.263652  1.839800
216.0  0.555816  1.284271  1.840087
216.5  0.531494  1.309301  1.840795
217.0  0.510882  1.331216  1.842098
217.5  0.501299  1.340803  1.842102
218.0  0.506639  1.334681  1.841320
218.5  0.525716  1.315417  1.841134
219.0  0.552902  1.288027  1.840929
219.5  0.580611  1.260140  1.840751
220.0  0.602195  1.238265  1.840459
220.5  0.613845  1.226444  1.840288
221.0  0.614994  1.225623  1.840616
221.5  0.607629  1.233188  1.840818
222.0  0.595210  1.245663  1.840872
222.5  0.581597  1.259213  1.840811
223.0  0.570080  1.271634  1.841714
223.5  0.562459  1.279113  1.841572
224.0  0.558386  1.282832  1.841218
224.5  0.555272  1.285385  1.840657
225.0  0.549041  1.292190  1.841231
225.5  0.535698  1.305458  1.841156
226.0  0.513262  1.327575  1.840838
226.5  0.483275  1.357469  1.840744
227.0  0.451010  1.391085  1.842096
227.5  0.423924  1.419747  1.843670
228.0  0.408749  1.434048  1.842797
228.5  0.408587  1.433460  1.842047
229.0  0.421566  1.420408  1.841974
229.5  0.441866  1.401129  1.842995
230.0  0.462445  1.380078  1.842523
230.5  0.477917  1.363550  1.841467
231.0  0.486149  1.355223  1.841371
231.5  0.488240  1.354586  1.842827
232.0  0.487437  1.355371  1.842808
232.5  0.487781  1.354518  1.842299
233.0  0.492932  1.349427  1.842359
233.5  0.505225  1.337718  1.842943
234.0  0.524928  1.318621  1.843550
234.5  0.549864  1.293844  1.843708
235.0  0.575641  1.269279  1.844920
235.5  0.596701  1.250447  1.847148
236.0  0.608042  1.242935  1.850977
236.5  0.607168  1.248002  1.855170
237.0  0.595445  1.264940  1.860385
237.5  0.578076  1.278744  1.856819
238.0  0.562318  1.297517  1.859835
238.5  0.554470  1.304431  1.858902
239.0  0.557040  1.300689  1.857729
239.5  0.567654  1.291953  1.859607
240.0  0.580338  1.276622  1.856960
240.5  0.588372  1.271589  1.859961
241.0  0.587079  1.268782  1.855861
241.5  0.575247  1.284501  1.859748
242.0  0.554945  1.303078  1.858024
242.5  0.530372  1.329758  1.860131
243.0  0.506509  1.351958  1.858467
243.5  0.487947  1.371477  1.859424
244.0  0.477917  1.381459  1.859376
244.5  0.477502  1.381608  1.859110
245.0  0.485206  1.372793  1.857999
245.5  0.497157  1.360815  1.857971
246.0  0.508121  1.348326  1.856447
246.5  0.513175  1.346007  1.859182
247.0  0.509554  1.346979  1.856533
247.5  0.497950  1.362534  1.860484
248.0  0.482535  1.373986  1.856521
248.5  0.469437  1.391371  1.860809
249.0  0.464151  1.394862  1.859013
249.5  0.469099  1.392133  1.861232
250.0  0.482680  1.376039  1.858719
250.5  0.500305  1.357277  1.857582
251.0  0.516735  1.343337  1.860072
251.5  0.528327  1.329558  1.857884
252.0  0.534094  1.327245  1.861339
252.5  0.535462  1.322378  1.857841
253.0  0.535286  1.326373  1.861659
253.5  0.536777  1.322060  1.858837
254.0  0.542632  1.320043  1.862675
254.5  0.554322  1.306543  1.860866
255.0  0.571524  1.290456  1.861979
255.5  0.591854  1.268628  1.860482
256.0  0.611176  1.249234  1.860411
256.5  0.624595  1.235822  1.860417
257.0  0.627976  1.232535  1.860512
257.5  0.619525  1.240218  1.859743
258.0  0.600738  1.260000  1.860738
258.5  0.576156  1.284070  1.860226
259.0  0.551751  1.309773  1.861524
259.5  0.532497  1.325456  1.857953
260.0  0.520307  1.341532  1.861838
260.5  0.513453  1.344298  1.857752
261.0  0.507822  1.354326  1.862148
261.5  0.499212  1.358440  1.857652
262.0  0.485367  1.376706  1.862073
262.5  0.466800  1.391715  1.858515
263.0  0.446354  1.414570  1.860924
263.5  0.428085  1.432071  1.860156
264.0  0.416089  1.444329  1.860418
264.5  0.413525  1.447884  1.861409
265.0  0.421877  1.438136  1.860013
265.5  0.440450  1.420653  1.861102
266.0  0.466287  1.392330  1.858617
266.5  0.494692  1.365643  1.860335
267.0  0.520381  1.338793  1.859173
267.5  0.539027  1.319645  1.858672
268.0  0.548705  1.310012  1.858717
268.5  0.550629  1.308417  1.859046
269.0  0.548754  1.309976  1.858729
269.5  0.548173  1.309867  1.858040
270.0  0.552923  1.305200  1.858123
270.5  0.564202  1.295412  1.859613
271.0  0.579962  1.278154  1.858116
271.5  0.596082  1.264052  1.860135
272.0  0.608396  1.248240  1.856636
272.5  0.614421  1.245514  1.859935
273.0  0.614029  1.242637  1.856666
273.5  0.609040  1.250998  1.860038
274.0  0.602272  1.254619  1.856891
274.5  0.596553  1.262963  1.859516
275.0  0.593926  1.264877  1.858802
275.5  0.595064  1.263761  1.858825
276.0  0.598924  1.260969  1.859894
276.5  0.602798  1.254675  1.857472
277.0  0.602892  1.256095  1.858987
277.5  0.595448  1.259598  1.855046
278.0  0.578116  1.279619  1.857735
278.5  0.551131  1.304571  1.855702
279.0  0.517734  1.339525  1.857259
279.5  0.483482  1.372797  1.856280
280.0  0.454490  1.402571  1.857061
280.5  0.435237  1.422412  1.857648
281.0  0.426944  1.429889  1.856833
281.5  0.427381  1.429442  1.856823
282.0  0.432211  1.423497  1.855708
282.5  0.437089  1.418337  1.855426
283.0  0.439398  1.417690  1.857088
283.5  0.438915  1.416845  1.855760
284.0  0.437420  1.421129  1.858549
284.5  0.437737  1.416945  1.854682
285.0  0.442680  1.416249  1.858929
285.5  0.454123  1.401187  1.855311
286.0  0.472293  1.386928  1.859221
286.5  0.495404  1.358884  1.854288
287.0  0.519807  1.336653  1.856460
287.5  0.540769  1.313706  1.854476
288.0  0.553767  1.302210  1.855977
288.5  0.555982  1.300608  1.856591
289.0  0.547496  1.308712  1.856208
289.5  0.531696  1.326810  1.858505
290.0  0.514530  1.342490  1.857021
290.5  0.502682  1.354796  1.857478
291.0  0.501212  1.355445  1.856657
291.5  0.511712  1.346564  1.858277
292.0  0.531885  1.326875  1.858759
292.5  0.556757  1.300207  1.856963
293.0  0.580816  1.277001  1.857817
293.5  0.599933  1.257862  1.857795
294.0  0.612304  1.246136  1.858440
294.5  0.618372  1.238201  1.856573
295.0  0.620117  1.235752  1.855869
295.5  0.620116  1.237926  1.858042
296.0  0.620580  1.235049  1.855629
296.5  0.622487  1.236063  1.858550
297.0  0.625028  1.228931  1.853959
297.5  0.625594  1.233136  1.858729
298.0  0.620450  1.233096  1.853546
298.5  0.605987  1.251311  1.857298
299.0  0.580199  1.274130  1.854329
299.5  0.543868  1.312972  1.856840
300.0  0.500970  1.356121  1.857091
300.5  0.457961  1.398784  1.856745
301.0  0.421992  1.436300  1.858292
301.5  0.398620  1.458632  1.857252
302.0  0.389971  1.468528  1.858499
302.5  0.394292  1.462311  1.856602
303.0  0.407112  1.450379  1.857492
303.5  0.423333  1.434196  1.857529
304.0  0.439126  1.417937  1.857063
304.5  0.452868  1.404525  1.857393
305.0  0.465053  1.390908  1.855961
305.5  0.477565  1.379744  1.857308
306.0  0.492739  1.364084  1.856823
306.5  0.512413  1.344726  1.857139
307.0  0.537085  1.319990  1.857075
307.5  0.565368  1.290489  1.855857
308.0  0.593989  1.264243  1.858232
308.5  0.618448  1.236730  1.855177
309.0  0.634248  1.225061  1.859310
309.5  0.638335  1.216329  1.854664
310.0  0.630279  1.229078  1.859357
310.5  0.612745  1.241949  1.854694
311.0  0.590932  1.269025  1.859957
311.5  0.570971  1.285721  1.856693
312.0  0.557742  1.302571  1.860313
312.5  0.553005  1.304522  1.857527
313.0  0.554792  1.304011  1.858803
313.5  0.558438  1.299317  1.857754
314.0  0.558699  1.298007  1.856706
314.5  0.551863  1.304743  1.856606
315.0  0.536955  1.319172  1.856127
315.5  0.515794  1.340599  1.856393
316.0  0.492213  1.364607  1.856820
316.5  0.470857  1.384869  1.855725
317.0  0.455894  1.402355  1.858250
317.5  0.449886  1.405829  1.855714
318.0  0.453058  1.404474  1.857532
318.5  0.463235  1.392064  1.855299
319.0  0.476497  1.381058  1.857556
319.5  0.488430  1.367362  1.855792
320.0  0.495580  1.359974  1.855553
320.5  0.496675  1.360299  1.856974
321.0  0.493182  1.361350  1.854531
321.5  0.488904  1.371075  1.859979
322.0  0.488613  1.365326  1.853939
322.5  0.496084  1.363627  1.859711
323.0  0.512323  1.342679  1.855002
323.5  0.534875  1.324054  1.858930
324.0  0.558652  1.297788  1.856439
324.5  0.577882  1.280080  1.857962
325.0  0.588229  1.268569  1.856798
325.5  0.588156  1.267399  1.855555
326.0  0.579170  1.278369  1.857539
326.5  0.565109  1.291342  1.856451
327.0  0.550867  1.306967  1.857834
327.5  0.540943  1.315955  1.856898
328.0  0.538171  1.319254  1.857425
328.5  0.542936  1.314827  1.857763
329.0  0.553118  1.303668  1.856786
329.5  0.564799  1.293312  1.858110
330.0  0.573546  1.281773  1.855318
330.5  0.575894  1.281269  1.857163
331.0  0.570573  1.284805  1.855378
331.5  0.559052  1.298096  1.857149
332.0  0.545115  1.311684  1.856799
332.5  0.533432  1.322135  1.855567
333.0  0.527562  1.330744  1.858306
333.5  0.528215  1.326390  1.854605
334.0  0.532701  1.326997  1.859698
334.5  0.535974  1.317788  1.853762
335.0  0.532790  1.326430  1.859219
335.5  0.519931  1.332165  1.852096
336.0  0.497533  1.361119  1.858653
336.5  0.469138  1.385275  1.854413
337.0  0.440637  1.418403  1.859040
337.5  0.418578  1.437932  1.856509
338.0  0.408322  1.449245  1.857567
338.5  0.412536  1.444833  1.857370
339.0  0.430409  1.427338  1.857746
339.5  0.457837  1.399513  1.857350
340.0  0.488559  1.367046  1.855605
340.5  0.515937  1.339636  1.855573
341.0  0.534888  1.321896  1.856784
341.5  0.543407  1.312501  1.855908
342.0  0.543161  1.314703  1.857864
342.5  0.538858  1.315803  1.854661
343.0  0.536415  1.323190  1.859605
343.5  0.540499  1.316166  1.856665
344.0  0.552432  1.306183  1.858615
344.5  0.569499  1.287046  1.856545
345.0  0.586063  1.270412  1.856475
345.5  0.595931  1.262510  1.858441
346.0  0.594847  1.259922  1.854769
346.5  0.582064  1.278396  1.860459
347.0  0.560554  1.294098  1.854652
347.5  0.536019  1.326038  1.862057
348.0  0.515159  1.340503  1.855662
348.5  0.503737  1.357981  1.861718
349.0  0.504973  1.352423  1.857396
349.5  0.518640  1.341219  1.859859
350.0  0.541136  1.316954  1.858090
350.5  0.566491  1.291590  1.858081
351.0  0.588069  1.271015  1.859084
351.5  0.600494  1.256684  1.857178
352.0  0.601264  1.256509  1.857773
352.5  0.591522  1.266488  1.858009
353.0  0.575607  1.283155  1.858761
353.5  0.559375  1.299814  1.859189
354.0  0.547811  1.309450  1.857261
354.5  0.542935  1.316496  1.859431
355.0  0.543045  1.313334  1.856379
355.5  0.543706  1.315190  1.858896
356.0  0.539951  1.315571  1.855522
356.5  0.528589  1.329764  1.858353
357.0  0.509609  1.347785  1.857394
357.5  0.486268  1.371524  1.857792
358.0  0.464007  1.395821  1.859828
358.5  0.448702  1.407788  1.856490
359.0  0.444810  1.417087  1.861897
359.5  0.453943  1.401686  1.855628
360.0  0.474257  1.388274  1.862531
360.5  0.500838  1.353994  1.854832
361.0  0.526978  1.334013  1.860990
361.5  0.546020  1.308444  1.854464
362.0  0.553288  1.306235  1.859522
362.5  0.547565  1.307786  1.855351
363.0  0.531634  1.326983  1.858617
363.5  0.511548  1.347179  1.858727
364.0  0.494638  1.364878  1.859515
364.5  0.486840  1.372257  1.859097
365.0  0.490421  1.368903  1.859324
365.5  0.503211  1.355051  1.858262
366.0  0.519777  1.338199  1.857976
366.5  0.533953  1.322480  1.856433
367.0  0.541447  1.317848  1.859295
367.5  0.541404  1.314111  1.855515
368.0  0.536456  1.324938  1.861394
368.5  0.531492  1.324735  1.856227
369.0  0.531746  1.329533  1.861279
369.5  0.540886  1.314851  1.855736
370.0  0.559667  1.301444  1.861111
370.5  0.585499  1.271651  1.857150
371.0  0.613013  1.244615  1.857628
371.5  0.635441  1.223521  1.858962
372.0  0.646438  1.208836  1.855274
372.5  0.641864  1.217587  1.859451
373.0  0.621074  1.232841  1.853915
373.5  0.587315  1.274011  1.861326
374.0  0.546963  1.308707  1.855671
374.5  0.507634  1.353340  1.860974
375.0  0.475695  1.381492  1.857187
375.5  0.454154  1.406565  1.860719
376.0  0.441940  1.417174  1.859114
376.5  0.434985  1.424161  1.859146
377.0  0.428561  1.430621  1.859182
377.5  0.419693  1.439120  1.858813
378.0  0.408586  1.450696  1.859282
378.5  0.398580  1.461019  1.859599
379.0  0.394850  1.464076  1.858926
379.5  0.402420  1.459151  1.861571
380.0  0.424223  1.435130  1.859353
380.5  0.459809  1.401874  1.861682
381.0  0.505092  1.352055  1.857147
381.5  0.553204  1.308992  1.862195
382.0  0.596176  1.261531  1.857707
382.5  0.626981  1.232722  1.859702
383.0  0.641378  1.217436  1.858814
383.5  0.639100  1.219267  1.858367
384.0  0.623979  1.236271  1.860251
384.5  0.602848  1.254727  1.857575
385.0  0.583306  1.280345  1.863651
385.5  0.571012  1.286239  1.857252
386.0  0.567578  1.295569  1.863147
386.5  0.570120  1.286329  1.856449
387.0  0.572805  1.290304  1.863109
387.5  0.569653  1.287381  1.857034
388.0  0.557249  1.304283  1.861532
388.5  0.536230  1.322489  1.858719
389.0  0.511104  1.350713  1.861817
389.5  0.488676  1.371342  1.860018
390.0  0.475729  1.384755  1.860485
390.5  0.476745  1.384343  1.861088
391.0  0.492353  1.368453  1.860806
391.5  0.518968  1.340509  1.859478
392.0  0.549722  1.310514  1.860236
392.5  0.576370  1.282616  1.858987
393.0  0.591624  1.269331  1.860955
393.5  0.591234  1.266245  1.857479
394.0  0.575281  1.286257  1.861539
394.5  0.548273  1.309132  1.857405
395.0  0.517864  1.345955  1.863819
395.5  0.492395  1.365350  1.857745
396.0  0.477957  1.385513  1.863470
396.5  0.476157  1.383913  1.860069
397.0  0.483654  1.376997  1.860651
397.5  0.493782  1.367360  1.861142
398.0  0.499465  1.357566  1.857030
398.5  0.496090  1.365610  1.861700
399.0  0.483168  1.374526  1.857694
399.5  0.464352  1.398967  1.863319
400.0  0.446044  1.412275  1.858319
400.5  0.435170  1.427642  1.862813
401.0  0.436857  1.423339  1.860196
401.5  0.452691  1.408790  1.861481
402.0  0.480117  1.379985  1.860102
402.5  0.513159  1.346338  1.859497
403.0  0.544259  1.315787  1.860046
403.5  0.566651  1.293399  1.860050
404.0  0.576530  1.283588  1.860118
404.5  0.574360  1.285769  1.860130
405.0  0.564847  1.294209  1.859055
405.5  0.555419  1.308150  1.863569
406.0  0.553535  1.306057  1.859591
406.5  0.563688  1.298729  1.862418
407.0  0.585390  1.272882  1.858271
407.5  0.613147  1.248770  1.861917
408.0  0.638549  1.220138  1.858687
408.5  0.653463  1.206767  1.860230
409.0  0.652899  1.206871  1.859769
409.5  0.636491  1.223668  1.860159
410.0  0.608293  1.254412  1.862705
410.5  0.575229  1.284105  1.859334
411.0  0.544838  1.319643  1.864481
411.5  0.522967  1.336723  1.859691
412.0  0.512078  1.352299  1.864377
412.5  0.510638  1.348468  1.859105
413.0  0.513802  1.349740  1.863542
413.5  0.515169  1.344699  1.859868
414.0  0.509069  1.352275  1.861343
414.5  0.492669  1.368037  1.860706
415.0  0.467252  1.395439  1.862690
415.5  0.438186  1.425090  1.863276
416.0  0.413418  1.450043  1.863461
416.5  0.400780  1.463380  1.864160
417.0  0.404977  1.460123  1.865100
417.5  0.425526  1.437666  1.863191
418.0  0.456717  1.408175  1.864892
418.5  0.489737  1.372015  1.861752
419.0  0.515960  1.348427  1.864387
419.5  0.529945  1.329772  1.859717
420.0  0.530982  1.334558  1.865540
420.5  0.522870  1.338478  1.861348
421.0  0.512268  1.353090  1.865358
421.5  0.506315  1.356582  1.862897
422.0  0.510265  1.353722  1.863988
422.5  0.525822  1.337874  1.863696
423.0  0.550641  1.311565  1.862206
423.5  0.579122  1.285401  1.864523
424.0  0.604212  1.255681  1.859893
424.5  0.619642  1.244705  1.864347
425.0  0.621906  1.238406  1.860312
425.5  0.611420  1.251671  1.863091
426.0  0.592482  1.267791  1.860273
426.5  0.571914  1.291482  1.863396
427.0  0.556676  1.305417  1.862093
427.5  0.551178  1.311703  1.862881
428.0  0.555431  1.307695  1.863126
428.5  0.564968  1.296511  1.861479
429.0  0.572712  1.287047  1.859759
429.5  0.571906  1.288897  1.860803
430.0  0.558785  1.301260  1.860045
430.5  0.533910  1.328125  1.862036
431.0  0.501875  1.356877  1.858752
431.5  0.469695  1.394977  1.864672
432.0  0.444543  1.416587  1.861130
432.5  0.431526  1.432264  1.863790
433.0  0.432174  1.429114  1.861287
433.5  0.444061  1.419234  1.863295
434.0  0.461710  1.400276  1.861986
434.5  0.478467  1.381966  1.860433
435.0  0.488752  1.374000  1.862752
435.5  0.489968  1.370208  1.860177
436.0  0.483456  1.380235  1.863691
436.5  0.474133  1.386772  1.860905
437.0  0.468822  1.396476  1.865298
437.5  0.473666  1.388595  1.862261
438.0  0.491518  1.372144  1.863662
438.5  0.520429  1.342154  1.862584
439.0  0.554053  1.308447  1.862500
439.5  0.583908  1.275734  1.859642
440.0  0.602508  1.257535  1.860044
440.5  0.605987  1.253663  1.859650
441.0  0.595273  1.264109  1.859382
441.5  0.575600  1.283289  1.858889
442.0  0.554722  1.305905  1.860628
442.5  0.540491  1.319051  1.859542
443.0  0.538497  1.323158  1.861655
443.5  0.550435  1.308068  1.858504
444.0  0.573673  1.288077  1.861750
444.5  0.602140  1.255591  1.857731
445.0  0.628251  1.232187  1.860439
445.5  0.645222  1.210864  1.856085
446.0  0.649024  1.209113  1.858137
446.5  0.639413  1.218239  1.857652
447.0  0.619697  1.239655  1.859352
447.5  0.595335  1.263413  1.858748
448.0  0.571779  1.286243  1.858023
448.5  0.552343  1.307953  1.860295
449.0  0.536974  1.321708  1.858683
449.5  0.522557  1.337826  1.860383
450.0  0.504627  1.353554  1.858181
450.5  0.479702  1.380743  1.860445
451.0  0.447168  1.412902  1.860070
451.5  0.409992  1.450014  1.860005
452.0  0.374104  1.486408  1.860511
452.5  0.346749  1.515780  1.862529
453.0  0.334356  1.528112  1.862468
453.5  0.340562  1.520914  1.861476
454.0  0.364999  1.494591  1.859590
454.5  0.403286  1.459586  1.862872
455.0  0.448287  1.410680  1.858967
455.5  0.492235  1.368581  1.860816
456.0  0.528998  1.329493  1.858492
456.5  0.555707  1.306102  1.861808
457.0  0.573184  1.285912  1.859096
457.5  0.585073  1.276379  1.861452
458.0  0.595968  1.265832  1.861799
458.5  0.609231  1.252083  1.861314
459.0  0.625335  1.236883  1.862218
459.5  0.641409  1.219600  1.861009
460.0  0.652272  1.211339  1.863611
460.5  0.652508  1.207674  1.860182
461.0  0.638731  1.223994  1.862725
461.5  0.611113  1.250409  1.861522
462.0  0.573695  1.290711  1.864406
462.5  0.533458  1.330065  1.863524
463.0  0.498503  1.365666  1.864169
463.5  0.475841  1.388728  1.864570
464.0  0.469399  1.395602  1.865001
464.5  0.478840  1.385937  1.864777
465.0  0.499660  1.364177  1.863837
465.5  0.524620  1.339095  1.863715
466.0  0.546077  1.318201  1.864279
466.5  0.558402  1.303023  1.861425
467.0  0.559613  1.304542  1.864155
467.5  0.551665  1.310885  1.862550
468.0  0.539343  1.327423  1.866766
468.5  0.528205  1.335339  1.863544
469.0  0.522350  1.344859  1.867209
469.5  0.522838  1.340975  1.863813
470.0  0.527372  1.338070  1.865442
470.5  0.531356  1.332022  1.863378
471.0  0.529879  1.334713  1.864592
471.5  0.519762  1.344440  1.864202
472.0  0.500899  1.362527  1.863426
472.5  0.476476  1.388817  1.865293
473.0  0.452126  1.412196  1.864322
473.5  0.434319  1.432408  1.866728
474.0  0.428425  1.436989  1.865414
474.5  0.436993  1.428028  1.865021
475.0  0.458794  1.406185  1.864979
475.5  0.489041  1.375563  1.864604
476.0  0.520826  1.343371  1.864196
476.5  0.547316  1.316354  1.863669
477.0  0.563921  1.300536  1.864456
477.5  0.569625  1.295107  1.864731
478.0  0.567016  1.296147  1.863163
478.5  0.561070  1.305178  1.866248
479.0  0.557162  1.307552  1.864714
479.5  0.559014  1.310022  1.869036
480.0  0.567302  1.296501  1.863803
480.5  0.579444  1.287197  1.866641
481.0  0.590667  1.273334  1.864001
481.5  0.595924  1.270319  1.866243
482.0  0.591857  1.271790  1.863647
482.5  0.578059  1.285504  1.863562
483.0  0.557263  1.307965  1.865227
483.5  0.534509  1.330453  1.864962
484.0  0.515614  1.349668  1.865282
484.5  0.505358  1.358025  1.863383
485.0  0.505900  1.359656  1.865555
485.5  0.515925  1.347645  1.863570
486.0  0.530903  1.332724  1.863628
486.5  0.544480  1.317967  1.862447
487.0  0.550594  1.311312  1.861906
487.5  0.545564  1.316397  1.861961
488.0  0.529379  1.333089  1.862468
488.5  0.505727  1.357144  1.862871
489.0  0.480784  1.382023  1.862806
489.5  0.461155  1.401983  1.863138
490.0  0.451665  1.413318  1.864983
490.5  0.453737  1.408656  1.862393
491.0  0.464998  1.401914  1.866912
491.5  0.480314  1.382118  1.862432
492.0  0.493833  1.372491  1.866324
492.5  0.501163  1.361466  1.862629
493.0  0.500854  1.366408  1.867263
493.5  0.494765  1.367955  1.862720
494.0  0.487338  1.377845  1.865183
494.5  0.484111  1.381864  1.865975
495.0  0.489890  1.377045  1.866935
495.5  0.507092  1.359396  1.866488
496.0  0.534772  1.329799  1.864571
496.5  0.568718  1.297264  1.865982
497.0  0.602656  1.262310  1.864966
497.5  0.630164  1.234917  1.865082
498.0  0.646627  1.217816  1.864444
498.5  0.650535  1.214887  1.865422
499.0  0.643739  1.221616  1.865355
499.5  0.630635  1.234429  1.865063
500.0  0.616538  1.250486  1.867024
500.5  0.605755  1.259131  1.864886
501.0  0.600013  1.265840  1.865853
501.5  0.597888  1.266486  1.864374
502.0  0.595536  1.269294  1.864829
502.5  0.588406  1.277619  1.866025
503.0  0.573162  1.288841  1.862003
503.5  0.549032  1.317057  1.866089
504.0  0.518188  1.343182  1.861370
504.5  0.485153  1.381832  1.866985
505.0  0.455487  1.405462  1.860949
505.5  0.434143  1.432238  1.866380
506.0  0.423925  1.439905  1.863830
506.5  0.424583  1.440809  1.865392
507.0  0.432887  1.431835  1.864722
507.5  0.443750  1.420019  1.863768
508.0  0.452023  1.412407  1.864430
508.5  0.454299  1.408837  1.863136
509.0  0.450070  1.416472  1.866542
509.5  0.441877  1.422046  1.863923
510.0  0.434398  1.432754  1.867152
510.5  0.432765  1.433892  1.866657
511.0  0.440616  1.425604  1.866220
511.5  0.458571  1.408088  1.866659
512.0  0.483800  1.381585  1.865385
512.5  0.510942  1.354479  1.865421
513.0  0.534007  1.331127  1.865134
513.5  0.548451  1.316652  1.865103
514.0  0.552629  1.314894  1.867523
514.5  0.548222  1.318303  1.866526
515.0  0.539629  1.329670  1.869299
515.5  0.532563  1.331982  1.864545
516.0  0.532261  1.338711  1.870973
516.5  0.541784  1.322676  1.864460
517.0  0.560965  1.308480  1.869446
517.5  0.586395  1.277781  1.864176
518.0  0.612471  1.256749  1.869220
518.5  0.633166  1.231154  1.864320
519.0  0.643884  1.223802  1.867687
519.5  0.642830  1.224122  1.866952
520.0  0.631523  1.237064  1.868587
520.5  0.614315  1.253290  1.867606
521.0  0.596980  1.270703  1.867683
521.5  0.584659  1.284839  1.869498
522.0  0.579863  1.287230  1.867093
522.5  0.581405  1.287967  1.869372
523.0  0.584859  1.283449  1.868308
523.5  0.584376  1.283575  1.867951
524.0  0.575013  1.292703  1.867716
524.5  0.554597  1.312400  1.866998
525.0  0.524494  1.343681  1.868175
525.5  0.489203  1.377509  1.866712
526.0  0.455029  1.413937  1.868965
526.5  0.428264  1.439204  1.867468
527.0  0.413446  1.454243  1.867689
527.5  0.412177  1.456338  1.868515
528.0  0.422899  1.443249  1.866148
528.5  0.441631  1.428354  1.869985
529.0  0.463365  1.401909  1.865273
529.5  0.483594  1.387888  1.871482
530.0  0.499517  1.365099  1.864616
530.5  0.510632  1.361879  1.872511
531.0  0.518621  1.348684  1.867305
531.5  0.526480  1.344910  1.871390
532.0  0.537051  1.334020  1.871071
532.5  0.551441  1.319379  1.870820
533.0  0.568084  1.303908  1.871992
533.5  0.583040  1.286618  1.869658
534.0  0.591464  1.279354  1.870817
534.5  0.589553  1.278130  1.867683
535.0  0.576103  1.295962  1.872065
535.5  0.553079  1.318326  1.871405
536.0  0.525114  1.346673  1.871787
536.5  0.498185  1.373106  1.871290
537.0  0.477918  1.393343  1.871261
537.5  0.468051  1.405766  1.873817
538.0  0.469501  1.403757  1.873259
538.5  0.480346  1.393190  1.873537
539.0  0.496667  1.376195  1.872862
539.5  0.513929  1.359293  1.873222
540.0  0.528420  1.346186  1.874606
540.5  0.538310  1.334640  1.872949
541.0  0.544073  1.333749  1.877822
541.5  0.548155  1.324159  1.872314
542.0  0.553862  1.325926  1.879788
542.5  0.563721  1.308414  1.872135
543.0  0.577930  1.300589  1.878519
543.5  0.593702  1.277643  1.871345
544.0  0.605991  1.271389  1.877381
544.5  0.609360  1.261453  1.870813
545.0  0.600116  1.274327  1.874443
545.5  0.577791  1.294589  1.872380
546.0  0.545470  1.328402  1.873872
546.5  0.508985  1.365552  1.874537
547.0  0.475329  1.398876  1.874206
547.5  0.450812  1.426153  1.876964
548.0  0.439453  1.435861  1.875314
548.5  0.442074  1.433362  1.875436
549.0  0.456325  1.418791  1.875117
549.5  0.477619  1.398686  1.876304
550.0  0.500607  1.376612  1.877219
550.5  0.520751  1.352293  1.873043
551.0  0.535502  1.338963  1.874465
551.5  0.544821  1.327076  1.871897
552.0  0.550855  1.324613  1.875468
552.5  0.556793  1.317288  1.874082
553.0  0.565191  1.310100  1.875292
553.5  0.576442  1.299917  1.876358
554.0  0.588203  1.284902  1.873105
554.5  0.596211  1.282050  1.878261
555.0  0.596117  1.276280  1.872397
555.5  0.585440  1.294032  1.879472
556.0  0.564741  1.306700  1.871441
556.5  0.537617  1.340794  1.878411
557.0  0.509665  1.363293  1.872958
557.5  0.486855  1.391257  1.878112
558.0  0.473851  1.402444  1.876295
558.5  0.472733  1.404076  1.876809
559.0  0.482454  1.394668  1.877123
559.5  0.499197  1.376315  1.875512
560.0  0.517495  1.361606  1.879101
560.5  0.531823  1.346085  1.877908
561.0  0.538175  1.340492  1.878667
561.5  0.535235  1.340304  1.875539
562.0  0.524758  1.352123  1.876881
562.5  0.510980  1.367710  1.878690
563.0  0.499036  1.379124  1.878160
563.5  0.492845  1.386722  1.879567
564.0  0.493347  1.383943  1.877290
564.5  0.498035  1.381151  1.879185
565.0  0.502132  1.375535  1.877667
565.5  0.500825  1.376821  1.877646
566.0  0.491428  1.387952  1.879380
566.5  0.474552  1.401484  1.876036
567.0  0.453962  1.427656  1.881618
567.5  0.435402  1.440886  1.876287
568.0  0.424894  1.459485  1.884379
568.5  0.427057  1.451178  1.878235
569.0  0.443843  1.440895  1.884738
569.5  0.474023  1.402924  1.876946
570.0  0.513498  1.367538  1.881036
570.5  0.556351  1.321025  1.877376
571.0  0.596296  1.281862  1.878158
571.5  0.628161  1.249378  1.877538
572.0  0.649034  1.229783  1.878817
572.5  0.658831  1.220893  1.879724
573.0  0.660063  1.217740  1.877803
573.5  0.656721  1.220758  1.877479
574.0  0.652509  1.226253  1.878762
574.5  0.649123  1.229501  1.878624
575.0  0.645503  1.233624  1.879127
575.5  0.638541  1.238826  1.877367
576.0  0.624889  1.255752  1.880641
576.5  0.602871  1.274255  1.877127
577.0  0.573557  1.306132  1.879690
577.5  0.540635  1.335188  1.875822
578.0  0.509307  1.370746  1.880053
578.5  0.484744  1.393976  1.878721
579.0  0.470608  1.407926  1.878534
579.5  0.468065  1.410703  1.878767
580.0  0.475516  1.399820  1.875336
580.5  0.489099  1.390933  1.880032
581.0  0.503781  1.370391  1.874172
581.5  0.514738  1.364136  1.878874
582.0  0.518648  1.352732  1.871381
582.5  0.514610  1.362583  1.877193
583.0  0.504445  1.369590  1.874035
583.5  0.492199  1.385670  1.877870
584.0  0.482777  1.393344  1.876122
584.5  0.479994  1.396724  1.876718
585.0  0.484846  1.392408  1.877254
585.5  0.494947  1.380173  1.875119
586.0  0.505556  1.369759  1.875316
586.5  0.511701  1.363001  1.874702
587.0  0.510280  1.364383  1.874663
587.5  0.501208  1.374033  1.875240
588.0  0.487259  1.388315  1.875573
588.5  0.472930  1.404956  1.877886
589.0  0.462883  1.412092  1.874975
589.5  0.460493  1.418069  1.878562
590.0  0.466917  1.409258  1.876174
590.5  0.480868  1.394902  1.875769
591.0  0.499105  1.379484  1.878589
591.5  0.517453  1.359677  1.877129
592.0  0.532030  1.346582  1.878612
592.5  0.540362  1.332076  1.872438
593.0  0.542144  1.337633  1.879777
593.5  0.539457  1.334537  1.873994
594.0  0.536258  1.343985  1.880243
594.5  0.537023  1.337208  1.874231
595.0  0.544880  1.335483  1.880363
595.5  0.560007  1.314876  1.874883
596.0  0.579256  1.299581  1.878837
596.5  0.597345  1.280090  1.877436
597.0  0.609033  1.269207  1.878240
597.5  0.611136  1.266520  1.877656
598.0  0.603507  1.273700  1.877207
598.5  0.588754  1.289725  1.878478
599.0  0.571075  1.308050  1.879125
599.5  0.554770  1.325870  1.880640
600.0  0.542922  1.337937  1.880859
600.5  0.536579  1.341703  1.878282
601.0  0.534615  1.346119  1.880733
601.5  0.534271  1.344227  1.878498
602.0  0.532186  1.349637  1.881823
602.5  0.525604  1.352502  1.878106
603.0  0.513395  1.367925  1.881321
603.5  0.496639  1.381618  1.878257
604.0  0.478563  1.400945  1.879508
604.5  0.463727  1.415695  1.879423
605.0  0.456503  1.421519  1.878023
605.5  0.459283  1.422142  1.881425
606.0  0.471262  1.405524  1.876786
606.5  0.488540  1.393012  1.881552
607.0  0.505647  1.370258  1.875905
607.5  0.517725  1.362553  1.880278
608.0  0.522297  1.354624  1.876921
608.5  0.519899  1.360266  1.880166
609.0  0.513526  1.364075  1.877601
609.5  0.507330  1.370690  1.878019
610.0  0.505117  1.374116  1.879233
610.5  0.509117  1.369994  1.879111
611.0  0.519324  1.361613  1.880937
611.5  0.533569  1.347037  1.880606
612.0  0.548284  1.332354  1.880638
612.5  0.559707  1.320420  1.880127
613.0  0.565144  1.314808  1.879952
613.5  0.563906  1.319052  1.882959
614.0  0.557685  1.323943  1.881628
614.5  0.550207  1.332724  1.882931
615.0  0.546125  1.335564  1.881689
615.5  0.549258  1.333639  1.882898
616.0  0.560740  1.322213  1.882953
616.5  0.577983  1.303320  1.881303
617.0  0.595242  1.287163  1.882405
617.5  0.605695  1.271534  1.877228
618.0  0.604052  1.275757  1.879808
618.5  0.588451  1.287971  1.876422
619.0  0.560937  1.322213  1.883149
619.5  0.526578  1.352805  1.879384
620.0  0.491802  1.390888  1.882690
620.5  0.462540  1.417401  1.879942
621.0  0.442721  1.439440  1.882161
621.5  0.433433  1.447405  1.880837
622.0  0.432967  1.447395  1.880362
622.5  0.437718  1.442711  1.880429
623.0  0.443640  1.436331  1.879971
623.5  0.447774  1.431312  1.879086
624.0  0.449358  1.428895  1.878253
624.5  0.450212  1.428304  1.878516
625.0  0.454261  1.427520  1.881781
625.5  0.466206  1.413856  1.880062
626.0  0.489548  1.392595  1.882143
626.5  0.524592  1.354689  1.879281
627.0  0.567451  1.313951  1.881402
627.5  0.610835  1.267838  1.878673
628.0  0.646473  1.234752  1.881225
628.5  0.667995  1.211750  1.879745
629.0  0.672929  1.209210  1.882139
629.5  0.663080  1.219905  1.882986
630.0  0.643475  1.237512  1.880987
630.5  0.620527  1.263452  1.883979
631.0  0.600104  1.282124  1.882228
631.5  0.585991  1.298058  1.884048
632.0  0.579061  1.301544  1.880605
632.5  0.577356  1.306066  1.883422
633.0  0.577021  1.302610  1.879630
633.5  0.573816  1.307678  1.881495
634.0  0.564698  1.314249  1.878947
634.5  0.548972  1.331561  1.880533
635.0  0.528714  1.351729  1.880442
635.5  0.508330  1.371705  1.880035
636.0  0.493256  1.387315  1.880571
636.5  0.487924  1.393938  1.881862
637.0  0.493633  1.387896  1.881529
637.5  0.507381  1.374082  1.881463
638.0  0.522578  1.356638  1.879216
638.5  0.531521  1.351481  1.883002
639.0  0.528410  1.351323  1.879733
639.5  0.511417  1.368273  1.879690
640.0  0.483065  1.394937  1.878003
640.5  0.449094  1.431641  1.880735
641.0  0.416526  1.462841  1.879367
641.5  0.391655  1.486688  1.878343
642.0  0.378441  1.502921  1.881362
642.5  0.377681  1.501055  1.878736
643.0  0.387130  1.493646  1.880776
643.5  0.402570  1.474398  1.876968
644.0  0.419464  1.461744  1.881208
644.5  0.434607  1.443940  1.878547
645.0  0.447199  1.434286  1.881485
645.5  0.459017  1.419844  1.878861
646.0  0.473695  1.406186  1.879880
646.5  0.495279  1.384522  1.879800
647.0  0.526334  1.353744  1.880078
647.5  0.566180  1.313240  1.879420
648.0  0.610150  1.268674  1.878824
648.5  0.650606  1.226204  1.876811
649.0  0.679506  1.198210  1.877717
649.5  0.691309  1.183963  1.875272
650.0  0.684827  1.192250  1.877077
650.5  0.663350  1.210038  1.873387
651.0  0.633298  1.244093  1.877391
651.5  0.602141  1.272043  1.874183
652.0  0.576306  1.300992  1.877298
652.5  0.559570  1.313995  1.873565
653.0  0.552282  1.323959  1.876240
653.5  0.551599  1.322398  1.873997
654.0  0.552731  1.321446  1.874177
654.5  0.550817  1.323100  1.873917
655.0  0.542786  1.330302  1.873087
655.5  0.528532  1.346744  1.875276
656.0  0.511006  1.361491  1.872497
656.5  0.495202  1.381364  1.876567
657.0  0.486338  1.387842  1.874181
657.5  0.487714  1.387031  1.874745
658.0  0.499007  1.374107  1.873114
658.5  0.515884  1.358825  1.874709
659.0  0.531421  1.342987  1.874408
659.5  0.538835  1.335019  1.873854
660.0  0.534193  1.339747  1.873940
660.5  0.517822  1.356035  1.873857
661.0  0.493987  1.379515  1.873502
661.5  0.469268  1.405993  1.875261
662.0  0.450444  1.422391  1.872835
662.5  0.442539  1.433365  1.875905
663.0  0.447485  1.425081  1.872566
663.5  0.463654  1.413188  1.876842
664.0  0.486425  1.386855  1.873281
664.5  0.509697  1.366131  1.875828
665.0  0.527911  1.346684  1.874594
665.5  0.537885  1.338046  1.875931
666.0  0.539783  1.337199  1.876982
666.5  0.536885  1.337871  1.874756
667.0  0.534327  1.343550  1.877877
667.5  0.537221  1.338294  1.875515
668.0  0.548638  1.330128  1.878766
668.5  0.568062  1.305751  1.873813
669.0  0.591042  1.286616  1.877659
669.5  0.610541  1.263517  1.874058
670.0  0.619587  1.255063  1.874651
670.5  0.614032  1.258959  1.872991
671.0  0.594093  1.280457  1.874550
671.5  0.564178  1.310900  1.875078
672.0  0.531317  1.343846  1.875163
672.5  0.502980  1.372257  1.875237
673.0  0.484952  1.391424  1.876376
673.5  0.479784  1.394941  1.874725
674.0  0.486180  1.390106  1.876286
674.5  0.499542  1.373727  1.873269
675.0  0.513615  1.362853  1.876468
675.5  0.522715  1.347893  1.870609
676.0  0.523709  1.352846  1.876555
676.5  0.516958  1.354586  1.871545
677.0  0.505929  1.370623  1.876552
677.5  0.495755  1.376067  1.871822
678.0  0.491357  1.383879  1.875237
678.5  0.495706  1.378665  1.874370
679.0  0.508636  1.366159  1.874796
679.5  0.526695  1.347780  1.874475
680.0  0.544286  1.327938  1.872225
680.5  0.555831  1.318812  1.874643
681.0  0.557998  1.313179  1.871177
681.5  0.550960  1.323599  1.874558
682.0  0.538199  1.334156  1.872354
682.5  0.525144  1.349901  1.875045
683.0  0.517263  1.354933  1.872197
683.5  0.518256  1.354299  1.872555
684.0  0.528820  1.344399  1.873219
684.5  0.546358  1.326593  1.872951
685.0  0.565781  1.306357  1.872138
685.5  0.581272  1.289751  1.871024
686.0  0.588420  1.282314  1.870734
686.5  0.585843  1.286181  1.872023
687.0  0.575593  1.293791  1.869385
687.5  0.562171  1.312020  1.874190
688.0  0.550678  1.318763  1.869441
688.5  0.544960  1.330597  1.875557
689.0  0.546321  1.322406  1.868728
689.5  0.553084  1.321598  1.874682
690.0  0.561053  1.308859  1.869913
690.5  0.564886  1.308027  1.872913
691.0  0.560027  1.311014  1.871041
691.5  0.544495  1.327120  1.871615
692.0  0.519733  1.353891  1.873624
692.5  0.490208  1.380847  1.871054
693.0  0.461983  1.412696  1.874679
693.5  0.440825  1.430631  1.871456
694.0  0.430407  1.444264  1.874671
694.5  0.431117  1.440466  1.871584
695.0  0.439859  1.433434  1.873293
695.5  0.451043  1.421113  1.872156
696.0  0.458604  1.413400  1.872005
696.5  0.458375  1.415076  1.873451
697.0  0.449870  1.422803  1.872673
697.5  0.436658  1.435796  1.872453
698.0  0.425112  1.448067  1.873179
698.5  0.422090  1.451862  1.873952
699.0  0.432466  1.442947  1.875413
699.5  0.457376  1.414068  1.871444
700.0  0.493679  1.383314  1.876993
700.5  0.534823  1.336573  1.871396
701.0  0.572875  1.304077  1.876952
701.5  0.601064  1.267776  1.868840
702.0  0.615832  1.259989  1.875821
702.5  0.617662  1.251323  1.868985
703.0  0.610514  1.265403  1.875917
703.5  0.600246  1.272026  1.872272
704.0  0.592594  1.282263  1.874857
704.5  0.591303  1.281387  1.872689
705.0  0.596885  1.276495  1.873381
705.5  0.606430  1.268215  1.874645
706.0  0.614638  1.258982  1.873621
706.5  0.615884  1.260043  1.875927
707.0  0.606571  1.268494  1.875065
707.5  0.586845  1.289128  1.875973
708.0  0.560872  1.314880  1.875752
708.5  0.535533  1.339955  1.875488
709.0  0.518065  1.359209  1.877274
709.5  0.513531  1.361751  1.875283
710.0  0.523007  1.355524  1.878531
710.5  0.543041  1.331513  1.874554
711.0  0.566661  1.308589  1.875250
711.5  0.585655  1.287424  1.873079
712.0  0.593314  1.281162  1.874476
712.5  0.586550  1.289205  1.875755
713.0  0.566655  1.305756  1.872411
713.5  0.538600  1.338099  1.876699
714.0  0.509288  1.362747  1.872035
714.5  0.485366  1.396128  1.881494
715.0  0.471188  1.402175  1.873362
715.5  0.467464  1.410724  1.878188
716.0  0.471059  1.401555  1.872613
716.5  0.476141  1.400917  1.877059
717.0  0.476444  1.398860  1.875304
717.5  0.467839  1.406826  1.874664
718.0  0.450230  1.424320  1.874550
718.5  0.427949  1.446831  1.874780
719.0  0.408476  1.470353  1.878829
719.5  0.400001  1.476194  1.876194
720.0  0.408659  1.467845  1.876504
720.5  0.436319  1.439636  1.875956
721.0  0.479604  1.397216  1.876820
721.5  0.530577  1.346902  1.877479
722.0  0.579047  1.295596  1.874643
722.5  0.615708  1.259952  1.875660
723.0  0.634882  1.239330  1.874211
723.5  0.635879  1.241532  1.877411
724.0  0.622670  1.252915  1.875585
724.5  0.602197  1.273015  1.875212
725.0  0.581992  1.296157  1.878149
725.5  0.567791  1.308702  1.876492
726.0  0.561835  1.318599  1.880433
726.5  0.562404  1.310466  1.872870
727.0  0.564823  1.315048  1.879871
727.5  0.563596  1.309252  1.872848
728.0  0.554863  1.326612  1.881475
728.5  0.538126  1.335225  1.873352
729.0  0.516587  1.363271  1.879858
729.5  0.496014  1.378107  1.874121
730.0  0.482717  1.397859  1.880576
730.5  0.481362  1.395995  1.877357
731.0  0.493274  1.384418  1.877692
731.5  0.515686  1.361931  1.877617
732.0  0.542309  1.334771  1.877081
732.5  0.565235  1.311939  1.877174
733.0  0.577587  1.298191  1.875777
733.5  0.575839  1.300226  1.876065
734.0  0.560890  1.316718  1.877609
734.5  0.537589  1.338196  1.875785
735.0  0.513011  1.364927  1.877938
735.5  0.494122  1.380959  1.875081
736.0  0.485521  1.394571  1.880092
736.5  0.487957  1.386802  1.874759
737.0  0.498154  1.380308  1.878462
737.5  0.510118  1.364225  1.874344
738.0  0.517515  1.357892  1.875407
738.5  0.516188  1.360806  1.876994
739.0  0.505796  1.369218  1.875014
739.5  0.489917  1.389311  1.879228
740.0  0.474672  1.399019  1.873691
740.5  0.466517  1.415031  1.881548
741.0  0.470030  1.404465  1.874495
741.5  0.486341  1.395408  1.881749
742.0  0.512584  1.362899  1.875483
742.5  0.542624  1.336182  1.878805
743.0  0.568932  1.307124  1.876056
743.5  0.585052  1.293295  1.878347
744.0  0.587702  1.291070  1.878771
744.5  0.577735  1.299638  1.877373
745.0  0.559702  1.319506  1.879207
745.5  0.540252  1.339510  1.879762
746.0  0.525936  1.354746  1.880682
746.5  0.521036  1.359422  1.880458
747.0  0.526109  1.352494  1.878603
747.5  0.537817  1.343838  1.881655
748.0  0.550218  1.327415  1.877633
748.5  0.557124  1.323949  1.881073
749.0  0.554603  1.322437  1.877041
749.5  0.542562  1.338457  1.881019
750.0  0.524760  1.353524  1.878285
750.5  0.507301  1.371844  1.879145
751.0  0.496291  1.382202  1.878493
751.5  0.495559  1.383543  1.879102
752.0  0.505187  1.377098  1.882285
752.5  0.521308  1.356609  1.877917
753.0  0.537302  1.347698  1.885000
753.5  0.546084  1.331453  1.877537
754.0  0.542660  1.341039  1.883699
754.5  0.525983  1.352221  1.878204
755.0  0.499423  1.383617  1.883039
755.5  0.469800  1.409541  1.879342
756.0  0.445374  1.437616  1.882990
756.5  0.433384  1.446794  1.880179
757.0  0.437810  1.443587  1.881397
757.5  0.458020  1.422765  1.880785
758.0  0.488861  1.390869  1.879729
758.5  0.522340  1.357225  1.879565
759.0  0.550430  1.329642  1.880072
759.5  0.567953  1.309405  1.877359
760.0  0.574366  1.305655  1.880020
760.5  0.573696  1.304175  1.877871
761.0  0.572671  1.309794  1.882466
761.5  0.577849  1.299585  1.877434
762.0  0.592892  1.288348  1.881240
762.5  0.616988  1.259060  1.876048
763.0  0.644948  1.237098  1.882046
763.5  0.668927  1.208197  1.877124
764.0  0.681119  1.197388  1.878508
764.5  0.676407  1.201663  1.878070
765.0  0.654009  1.223427  1.877436
765.5  0.617690  1.262445  1.880135
766.0  0.574630  1.303347  1.877977
766.5  0.533418  1.350747  1.884165
767.0  0.501682  1.377322  1.879004
767.5  0.483924  1.400137  1.884061
768.0  0.480131  1.401143  1.881273
768.5  0.485728  1.398428  1.884156
769.0  0.493087  1.388471  1.881558
769.5  0.494253  1.387100  1.881353
770.0  0.483958  1.396940  1.880897
770.5  0.461768  1.420641  1.882409
771.0  0.432467  1.451707  1.884174
771.5  0.404450  1.479640  1.884090
772.0  0.386703  1.495264  1.881967
772.5  0.385503  1.500297  1.885801
773.0  0.402103  1.482077  1.884179
773.5  0.432286  1.454766  1.887052
774.0  0.467970  1.412806  1.880776
774.5  0.500126  1.385215  1.885340
775.0  0.521811  1.361064  1.882875
775.5  0.530176  1.354853  1.885029
776.0  0.526923  1.356360  1.883282
776.5  0.517343  1.366749  1.884092
777.0  0.508431  1.377709  1.886140
777.5  0.506615  1.376550  1.883165
778.0  0.515667  1.369849  1.885516
778.5  0.535342  1.346167  1.881510
779.0  0.561266  1.325485  1.886750
779.5  0.586268  1.296867  1.883134
780.0  0.602847  1.282747  1.885595
780.5  0.605920  1.274439  1.880359
781.0  0.594803  1.288110  1.882914
781.5  0.573639  1.308746  1.882385
782.0  0.550031  1.335029  1.885060
782.5  0.532363  1.353897  1.886260
783.0  0.526760  1.359543  1.886304
783.5  0.534864  1.351224  1.886087
784.0  0.553298  1.331794  1.885092
784.5  0.575070  1.308057  1.883126
785.0  0.592294  1.291621  1.883915
785.5  0.599055  1.285121  1.884175
786.0  0.593279  1.292846  1.886125
786.5  0.577087  1.305142  1.882228
787.0  0.555757  1.331681  1.887439
787.5  0.535837  1.348914  1.884750
788.0  0.522986  1.365676  1.888663
788.5  0.520122  1.362422  1.882544
789.0  0.526342  1.361004  1.887346
789.5  0.537028  1.348062  1.885090
790.0  0.545252  1.338219  1.883472
790.5  0.544129  1.338243  1.882372
791.0  0.529376  1.351809  1.881184
791.5  0.501162  1.383687  1.884849
792.0  0.464525  1.416896  1.881421
792.5  0.428080  1.456425  1.884505
793.0  0.401367  1.482017  1.883384
793.5  0.391675  1.493679  1.885354
794.0  0.401533  1.481737  1.883270
794.5  0.427916  1.455521  1.883437
795.0  0.463546  1.418897  1.882443
795.5  0.499694  1.383247  1.882940
796.0  0.529226  1.353931  1.883157
796.5  0.548652  1.334938  1.883590
797.0  0.558607  1.323953  1.882561
797.5  0.562921  1.321858  1.884780
798.0  0.566828  1.315233  1.882061
798.5  0.574911  1.311335  1.886246
799.0  0.589340  1.294145  1.883485
799.5  0.608847  1.277967  1.886814
800.0  0.628830  1.252212  1.881042
800.5  0.642645  1.239744  1.882390
801.0  0.643779  1.237515  1.881294
801.5  0.628209  1.255224  1.883433
802.0  0.596141  1.287512  1.883653
802.5  0.552499  1.331352  1.883851
803.0  0.505864  1.380130  1.885994
803.5  0.466099  1.416659  1.882758
804.0  0.441311  1.443643  1.884953
804.5  0.435234  1.447776  1.883010
805.0  0.446124  1.439002  1.885126
805.5  0.467717  1.414991  1.882708
806.0  0.491830  1.391398  1.883228
806.5  0.511391  1.371231  1.882623
807.0  0.522626  1.359605  1.882231
807.5  0.525725  1.357235  1.882960
808.0  0.524082  1.358226  1.882309
808.5  0.522608  1.361453  1.884061
809.0  0.525729  1.358095  1.883824
809.5  0.535627  1.347503  1.883130
810.0  0.551220  1.332379  1.883599
810.5  0.568261  1.312783  1.881044
811.0  0.580648  1.302214  1.882862
811.5  0.582572  1.295814  1.878387
812.0  0.570812  1.312824  1.883636
812.5  0.546318  1.333750  1.880068
813.0  0.514460  1.370450  1.884910
813.5  0.483699  1.398112  1.881811
814.0  0.462992  1.422415  1.885407
814.5  0.458722  1.424598  1.883319
815.0  0.472347  1.410871  1.883218
815.5  0.499807  1.383751  1.883558
816.0  0.533044  1.349626  1.882670
816.5  0.562968  1.320521  1.883488
817.0  0.582543  1.299668  1.882211
817.5  0.588789  1.294677  1.883467
818.0  0.583179  1.300341  1.883519
818.5  0.570631  1.313824  1.884454
819.0  0.557649  1.327371  1.885020
819.5  0.550174  1.333426  1.883600
820.0  0.551666  1.333409  1.885075
820.5  0.561926  1.322064  1.883990
821.0  0.577026  1.306382  1.883408
821.5  0.590492  1.291981  1.882473
822.0  0.595429  1.285866  1.881295
822.5  0.586931  1.297713  1.884644
823.0  0.563989  1.316688  1.880676
823.5  0.530218  1.354463  1.884682
824.0  0.493069  1.388884  1.881953
824.5  0.461585  1.427356  1.888941
825.0  0.443340  1.440452  1.883792
825.5  0.441649  1.445157  1.886806
826.0  0.454291  1.429622  1.883913
826.5  0.474435  1.411471  1.885906
827.0  0.493360  1.388932  1.882292
827.5  0.503695  1.376336  1.880031
828.0  0.501780  1.380118  1.881898
828.5  0.488444  1.393368  1.881812
829.0  0.468263  1.414495  1.882758
829.5  0.447825  1.433248  1.881073
830.0  0.433579  1.448413  1.881991
830.5  0.429851  1.453675  1.883527
831.0  0.437539  1.443996  1.881535
831.5  0.453912  1.427294  1.881206
832.0  0.473669  1.405940  1.879609
832.5  0.490951  1.389618  1.880569
833.0  0.501610  1.378003  1.879613
833.5  0.504934  1.376289  1.881223
834.0  0.504152  1.377244  1.881396
834.5  0.505424  1.375735  1.881159
835.0  0.515529  1.368765  1.884294
835.5  0.539001  1.341016  1.880017
836.0  0.575836  1.309103  1.884939
836.5  0.620867  1.258641  1.879509
837.0  0.665247  1.217716  1.882963
837.5  0.699404  1.177866  1.877270
838.0  0.716177  1.167059  1.883236
838.5  0.712843  1.167276  1.880119
839.0  0.691530  1.190874  1.882404
839.5  0.658163  1.222279  1.880442
840.0  0.620531  1.261763  1.882295
840.5  0.586048  1.296389  1.882437
841.0  0.559737  1.321944  1.881681
841.5  0.542959  1.337791  1.880750
842.0  0.533257  1.347907  1.881163
842.5  0.525453  1.355350  1.880803
843.0  0.513700  1.367623  1.881323
843.5  0.493847  1.385654  1.879501
844.0  0.465341  1.416711  1.882052
844.5  0.432000  1.448555  1.880555
845.0  0.401232  1.483615  1.884848
845.5  0.381755  1.500261  1.882016
846.0  0.380406  1.504865  1.885270
846.5  0.399245  1.484504  1.883748
847.0  0.434322  1.446267  1.880589
847.5  0.476855  1.404766  1.881621
848.0  0.516352  1.362365  1.878717
848.5  0.544199  1.341358  1.885557
849.0  0.556187  1.323649  1.879836
849.5  0.553217  1.331844  1.885061
850.0  0.540357  1.340095  1.880452
850.5  0.524855  1.361470  1.886325
851.0  0.513808  1.370425  1.884233
851.5  0.512037  1.374318  1.886355
852.0  0.520691  1.365185  1.885877
852.5  0.536985  1.348106  1.885091
853.0  0.555194  1.328829  1.884023
853.5  0.568650  1.316446  1.885097
854.0  0.572134  1.312824  1.884958
854.5  0.563868  1.320996  1.884864
855.0  0.546453  1.336682  1.883135
855.5  0.526278  1.358095  1.884373
856.0  0.511409  1.373090  1.884499
856.5  0.508520  1.379823  1.888343
857.0  0.520078  1.361177  1.881256
857.5  0.543137  1.342200  1.885337
858.0  0.570462  1.310802  1.881264
858.5  0.593444  1.292893  1.886337
859.0  0.605355  1.275458  1.880813
859.5  0.603492  1.279658  1.883150
860.0  0.589628  1.293350  1.882979
860.5  0.568997  1.315290  1.884287
861.0  0.548426  1.338289  1.886715
861.5  0.534217  1.349675  1.883891
862.0  0.530258  1.357787  1.888045
862.5  0.536818  1.346922  1.883740
863.0  0.550387  1.337676  1.888063
863.5  0.564693  1.317550  1.882243
864.0  0.572656  1.313727  1.886383
864.5  0.568716  1.314722  1.883438
865.0  0.550827  1.335645  1.886472
865.5  0.521456  1.364955  1.886411
866.0  0.487107  1.402110  1.889217
866.5  0.456295  1.432304  1.888599
867.0  0.436482  1.449685  1.886167
867.5  0.431185  1.455768  1.886953
868.0  0.438685  1.449934  1.888619
868.5  0.453074  1.433135  1.886209
869.0  0.467066  1.421533  1.888599
869.5  0.475077  1.409770  1.884847
870.0  0.475173  1.415486  1.890659
870.5  0.469353  1.414615  1.883967
871.0  0.462480  1.427431  1.889911
871.5  0.460465  1.425283  1.885748
872.0  0.468287  1.421290  1.889576
872.5  0.488319  1.397849  1.886169
873.0  0.519390  1.368098  1.887488
873.5  0.556867  1.332138  1.889006
874.0  0.593808  1.291365  1.885173
874.5  0.622836  1.265620  1.888456
875.0  0.638192  1.244869  1.883061
875.5  0.637375  1.251818  1.889193
876.0  0.621954  1.262972  1.884926
876.5  0.597237  1.293457  1.890694
877.0  0.570735  1.317463  1.888198
877.5  0.549648  1.341216  1.890865
878.0  0.538241  1.350491  1.888732
878.5  0.536302  1.351534  1.887836
879.0  0.539590  1.347730  1.887320
879.5  0.542063  1.345501  1.887564
880.0  0.538686  1.347777  1.886463
880.5  0.527468  1.359997  1.887465
881.0  0.510028  1.375617  1.885644
881.5  0.490804  1.396729  1.887533
882.0  0.475417  1.407853  1.883270
882.5  0.468759  1.419401  1.888160
883.0  0.473346  1.410748  1.884094
883.5  0.488376  1.400364  1.888740
884.0  0.509830  1.370352  1.880182
884.5  0.531583  1.356007  1.887590
885.0  0.547202  1.335634  1.882836
885.5  0.551841  1.335260  1.887100
886.0  0.543731  1.341105  1.884835
886.5  0.524869  1.361661  1.886529
887.0  0.500652  1.388051  1.888703
887.5  0.478366  1.407287  1.885653
888.0  0.464775  1.424244  1.889019
888.5  0.463663  1.422601  1.886264
889.0  0.474502  1.415661  1.890163
889.5  0.493015  1.391240  1.884255
890.0  0.513324  1.372794  1.886117
890.5  0.530494  1.353850  1.884343
891.0  0.542251  1.343108  1.885360
891.5  0.549356  1.336384  1.885740
892.0  0.554794  1.331850  1.886644
892.5  0.562303  1.325950  1.888254
893.0  0.574745  1.310244  1.884988
893.5  0.592813  1.293684  1.886497
894.0  0.614493  1.272422  1.886915
894.5  0.635463  1.250592  1.886055
895.0  0.650307  1.235938  1.886245
895.5  0.654112  1.227922  1.882034
896.0  0.643934  1.243905  1.887840
896.5  0.619791  1.261233  1.881024
897.0  0.584987  1.304100  1.889087
897.5  0.545649  1.335699  1.881348
898.0  0.509315  1.379501  1.888816
898.5  0.482701  1.399794  1.882494
899.0  0.469362  1.417278  1.886640
899.5  0.468402  1.415870  1.884272
900.0  0.475067  1.407849  1.882917
900.5  0.482992  1.400640  1.883632
901.0  0.486895  1.394690  1.881584
901.5  0.484453  1.400792  1.885245
902.0  0.476747  1.405075  1.881823
902.5  0.467416  1.417330  1.884745
903.0  0.461022  1.422182  1.883204
903.5  0.461241  1.425423  1.886665
904.0  0.469429  1.415889  1.885318
904.5  0.484040  1.399176  1.883216
905.0  0.501113  1.383338  1.884451
905.5  0.515623  1.368617  1.884240
906.0  0.523175  1.361296  1.884471
906.5  0.521471  1.362315  1.883786
907.0  0.511176  1.372494  1.883670
907.5  0.496010  1.388568  1.884578
908.0  0.481989  1.400179  1.882168
908.5  0.475749  1.411941  1.887690
909.0  0.482238  1.399095  1.881333
909.5  0.502594  1.385806  1.888400
910.0  0.533361  1.346175  1.879536
910.5  0.567651  1.320150  1.887801
911.0  0.597758  1.281389  1.879147
911.5  0.617924  1.268421  1.886346
912.0  0.626036  1.254573  1.880609
912.5  0.623803  1.262861  1.886665
913.0  0.615642  1.269528  1.885170
913.5  0.606786  1.280775  1.887562
914.0  0.601265  1.287054  1.888319
914.5  0.600372  1.286439  1.886812
915.0  0.602173  1.284038  1.886211
915.5  0.602233  1.282485  1.884718
916.0  0.595291  1.290448  1.885739
916.5  0.577220  1.306974  1.884193
917.0  0.546649  1.337414  1.884064
917.5  0.505835  1.380099  1.885934
918.0  0.460593  1.423189  1.883782
918.5  0.419192  1.467514  1.886705
919.0  0.390177  1.493581  1.883758
919.5  0.379593  1.507687  1.887279
920.0  0.388656  1.494859  1.883514
920.5  0.413139  1.471625  1.884764
921.0  0.444970  1.438540  1.883510
921.5  0.475285  1.406593  1.881878
922.0  0.497456  1.387410  1.884866
922.5  0.508889  1.371594  1.880483
923.0  0.511214  1.374587  1.885801
923.5  0.509141  1.369623  1.878764
924.0  0.508469  1.380049  1.888518
924.5  0.513852  1.366765  1.880618
925.0  0.527003  1.357557  1.884560
925.5  0.545975  1.334205  1.880180
926.0  0.565831  1.318213  1.884043
926.5  0.580410  1.301493  1.881904
927.0  0.584486  1.294710  1.879197
927.5  0.575564  1.308931  1.884495
928.0  0.554859  1.328233  1.883092
928.5  0.527284  1.355511  1.882795
929.0  0.500352  1.382494  1.882846
929.5  0.482066  1.403534  1.885600
930.0  0.478237  1.407300  1.885538
930.5  0.490234  1.391844  1.882078
931.0  0.514329  1.370718  1.885047
931.5  0.543115  1.339766  1.882881
932.0  0.568347  1.315424  1.883771
932.5  0.583841  1.297067  1.880908
933.0  0.587309  1.296535  1.883844
933.5  0.580667  1.303180  1.883847
934.0  0.568986  1.315128  1.884114
934.5  0.558507  1.328881  1.887388
935.0  0.554346  1.330291  1.884637
935.5  0.558643  1.330086  1.888729
936.0  0.569844  1.314505  1.884349
936.5  0.583372  1.306891  1.890264
937.0  0.593337  1.289178  1.882515
937.5  0.594558  1.295436  1.889994
938.0  0.584223  1.299530  1.883753
938.5  0.562833  1.326878  1.889710
939.0  0.534283  1.352951  1.887235
939.5  0.504983  1.384843  1.889826
940.0  0.481950  1.405511  1.887461
940.5  0.470292  1.417701  1.887993
941.0  0.471094  1.416482  1.887576
941.5  0.480897  1.403921  1.884818
942.0  0.493225  1.390576  1.883801
942.5  0.501382  1.383036  1.884419
943.0  0.501140  1.380687  1.881827
943.5  0.492179  1.392694  1.884874
944.0  0.477985  1.405014  1.882998
944.5  0.464463  1.422290  1.886754
945.0  0.457826  1.423419  1.881245
945.5  0.462392  1.422474  1.884865
946.0  0.479044  1.403334  1.882378
946.5  0.504915  1.382489  1.887404
947.0  0.534394  1.349338  1.883732
947.5  0.560984  1.321276  1.882261
948.0  0.579246  1.304986  1.884232
948.5  0.586235  1.295001  1.881236
949.0  0.582212  1.304176  1.886388
949.5  0.570606  1.309708  1.880314
950.0  0.557155  1.328889  1.886043
950.5  0.548156  1.333966  1.882122
951.0  0.548126  1.338015  1.886141
951.5  0.557795  1.324662  1.882457
952.0  0.573592  1.311677  1.885268
952.5  0.589072  1.293829  1.882900
953.0  0.597616  1.285585  1.883201
953.5  0.595039  1.287991  1.883030
954.0  0.581026  1.302250  1.883276
954.5  0.559073  1.324574  1.883647
955.0  0.535164  1.348571  1.883734
955.5  0.515710  1.368733  1.884443
956.0  0.505383  1.381831  1.887214
956.5  0.505552  1.378439  1.883991
957.0  0.513916  1.372146  1.886062
957.5  0.525445  1.356328  1.881774
958.0  0.534200  1.353421  1.887621
958.5  0.535265  1.348866  1.884131
959.0  0.526190  1.360389  1.886580
959.5  0.507686  1.376661  1.884346
960.0  0.483509  1.401029  1.884538
960.5  0.459500  1.428160  1.887660
961.0  0.441740  1.443457  1.885197
961.5  0.434278  1.454656  1.888933
962.0  0.437434  1.447728  1.885162
962.5  0.447706  1.443454  1.891160
963.0  0.459489  1.425402  1.884891
963.5  0.467693  1.421479  1.889172
964.0  0.469921  1.416186  1.886107
964.5  0.467336  1.420992  1.888328
965.0  0.464112  1.423478  1.887590
965.5  0.465857  1.423814  1.889671
966.0  0.477535  1.412336  1.889871
966.5  0.501515  1.389299  1.890813
967.0  0.536401  1.352733  1.889134
967.5  0.577176  1.310911  1.888087
968.0  0.616624  1.271991  1.888616
968.5  0.647466  1.242378  1.889844
969.0  0.664354  1.221468  1.885822
969.5  0.665144  1.223508  1.888652
970.0  0.651273  1.234617  1.885890
970.5  0.627331  1.263779  1.891110
971.0  0.599871  1.286940  1.886811
971.5  0.575503  1.315145  1.890648
972.0  0.558673  1.328735  1.887408
972.5  0.550038  1.340691  1.890728
973.0  0.546412  1.342978  1.889391
973.5  0.542482  1.346365  1.888847
974.0  0.533418  1.356883  1.890301
974.5  0.517096  1.373420  1.890516
975.0  0.495013  1.398036  1.893049
975.5  0.471757  1.416266  1.888023
976.0  0.453379  1.437010  1.890389
976.5  0.445248  1.444248  1.889496
977.0  0.450076  1.441273  1.891349
977.5  0.466827  1.422327  1.889154
978.0  0.490956  1.397264  1.888220
978.5  0.515885  1.373106  1.888991
979.0  0.535070  1.354513  1.889583
979.5  0.543857  1.343914  1.887771
980.0  0.540585  1.346245  1.886829
980.5  0.526860  1.361660  1.888520
981.0  0.507108  1.384935  1.892043
981.5  0.487464  1.399453  1.886917
982.0  0.474010  1.416500  1.890510
982.5  0.470719  1.418981  1.889700
983.0  0.477923  1.415320  1.893243
983.5  0.492240  1.396284  1.888524
984.0  0.508155  1.381138  1.889294
984.5  0.520494  1.369352  1.889846
985.0  0.526539  1.363918  1.890457
985.5  0.526951  1.365980  1.892930
986.0  0.525314  1.365077  1.890391
986.5  0.526631  1.366210  1.892842
987.0  0.535317  1.355194  1.890512
987.5  0.553348  1.340392  1.893740
988.0  0.579261  1.311877  1.891138
988.5  0.608423  1.284923  1.893346
989.0  0.634464  1.255773  1.890237
989.5  0.651240  1.240925  1.892166
990.0  0.654551  1.238354  1.892905
990.5  0.643151  1.249204  1.892355
991.0  0.619001  1.272489  1.891490
991.5  0.586882  1.302089  1.888971
992.0  0.553372  1.338001  1.891373
992.5  0.525149  1.365742  1.890891
993.0  0.506875  1.380639  1.887514
993.5  0.499519  1.388657  1.888176
994.0  0.500106  1.385646  1.885751
994.5  0.503237  1.387275  1.890513
995.0  0.503636  1.383054  1.886690
995.5  0.498438  1.390997  1.889435
996.0  0.488251  1.396113  1.884364
996.5  0.476717  1.412842  1.889559
997.0  0.468933  1.419008  1.887941
997.5  0.469357  1.419041  1.888398
998.0  0.479929  1.406056  1.885985
998.5  0.499115  1.385628  1.884742
999.0  0.522256  1.362681  1.884936
999.5  0.543054  1.341086  1.884140
1000.0  0.555536  1.329403  1.884939
