0.0  359.9252
0.5  361.1824
1.0  358.0309
1.5  353.2353
2.0  349.5719
2.5  348.9379
3.0  351.8683
3.5  357.4825
4.0  363.7733
4.5  368.1616
5.0  368.2837
5.5  362.9020
6.0  352.6489
6.5  340.1840
7.0  329.4903
7.5  324.4617
8.0  327.3713
8.5  337.9414
9.0  353.4509
9.5  369.8017
10.0  383.0264
10.5  390.5717
11.0  391.8799
11.5  388.1666
12.0  381.6498
12.5  374.6401
13.0  368.8335
13.5  364.9482
14.0  362.6740
14.5  360.8552
15.0  357.8873
15.5  352.3321
16.0  343.6471
16.5  332.7265
17.0  321.8786
17.5  314.0747
18.0  311.7208
18.5  315.5376
19.0  324.1175
19.5  334.3835
20.0  342.7364
20.5  346.3632
21.0  344.1506
21.5  336.8696
22.0  326.6673
22.5  316.1998
23.0  307.8147
23.5  303.0418
24.0  302.4146
24.5  305.5159
25.0  311.1663
25.5  317.7847
26.0  323.9645
26.5  329.1553
27.0  334.1224
27.5  340.8135
28.0  351.5194
28.5  367.6547
29.0  388.7778
29.5  412.3804
30.0  434.5822
30.5  451.4105
31.0  460.0835
31.5  459.7554
32.0  451.4860
32.5  437.5842
33.0  420.7224
33.5  403.2141
34.0  386.6346
34.5  371.7302
35.0  358.4704
35.5  346.1773
36.0  333.8105
36.5  320.4973
37.0  306.2263
37.5  292.3567
38.0  281.5185
38.5  276.7369
39.0  280.0973
39.5  291.6162
40.0  308.9317
40.5  328.0011
41.0  344.4814
41.5  355.1505
42.0  358.7711
42.5  356.1360
43.0  349.4510
43.5  341.4621
44.0  334.7013
44.5  331.0121
45.0  331.3104
45.5  335.4808
46.0  342.4080
46.5  350.2577
47.0  357.0956
47.5  361.7188
48.0  364.3127
48.5  366.4862
49.0  370.5175
49.5  378.1200
50.0  389.3733
50.5  402.4075
51.0  414.0197
51.5  420.9012
52.0  420.8645
52.5  413.5202
53.0  400.2027
53.5  383.3407
54.0  365.6585
54.5  349.5249
55.0  336.5556
55.5  327.4065
56.0  321.6890
56.5  318.0461
57.0  314.5154
57.5  309.2457
58.0  301.3988
58.5  291.8254
59.0  283.0648
59.5  278.5081
60.0  281.0250
60.5  291.6862
61.0  309.1909
61.5  330.2624
62.0  350.8159
62.5  367.3502
63.0  377.9639
63.5  382.6590
64.0  382.9818
64.5  381.3109
65.0  380.1018
65.5  381.2451
66.0  385.5663
66.5  392.5013
67.0  400.0681
67.5  405.2995
68.0  405.1694
68.5  397.7782
69.0  383.2998
69.5  364.1774
70.0  344.3704
70.5  327.9447
71.0  317.6401
71.5  314.0398
72.0  315.6398
72.5  319.6905
73.0  323.3654
73.5  324.7410
74.0  323.2649
74.5  319.6950
75.0  315.7020
75.5  313.3327
76.0  314.4243
76.5  320.0025
77.0  329.7612
77.5  341.8424
78.0  353.1638
78.5  360.3655
79.0  361.1178
79.5  355.2370
80.0  345.0290
80.5  334.5904
81.0  328.3160
81.5  329.2697
82.0  338.1391
82.5  353.1777
83.0  371.0516
83.5  388.1099
84.0  401.5045
84.5  409.7996
85.0  413.0385
85.5  412.4512
86.0  409.9826
86.5  407.7171
87.0  407.2236
87.5  408.9198
88.0  411.6944
88.5  413.0655
89.0  409.9927
89.5  400.1414
90.0  383.0892
90.5  360.8890
91.0  337.6386
91.5  318.1589
92.0  306.3145
92.5  303.6913
93.0  309.1691
93.5  319.4887
94.0  330.4651
94.5  338.2920
95.0  340.4941
95.5  336.3672
96.0  326.9611
96.5  314.7062
97.0  302.7400
97.5  294.0031
98.0  290.3029
98.5  291.6827
99.0  296.4398
99.5  301.9059
100.0  305.7388
100.5  307.1626
101.0  307.5489
101.5  309.9883
102.0  317.9786
102.5  333.7971
103.0  357.3119
103.5  385.7748
104.0  414.6404
104.5  438.9729
105.0  454.8154
105.5  460.0724
106.0  454.7893
106.5  440.9398
107.0  421.8625
107.5  401.4310
108.0  383.0509
108.5  368.6952
109.0  358.3225
109.5  349.9985
110.0  340.8052
110.5  328.2570
111.0  311.6566
111.5  292.7766
112.0  275.5013
112.5  264.5021
113.0  263.4739
113.5  273.6837
114.0  293.4521
114.5  318.7327
115.0  344.4451
115.5  365.9515
116.0  380.1588
116.5  386.0296
117.0  384.5378
117.5  378.1858
118.0  370.1942
118.5  363.5047
119.0  359.8427
119.5  359.1776
120.0  359.8564
120.5  359.4437
121.0  355.9689
121.5  349.0468
122.0  340.3313
122.5  333.0239
123.0  330.5926
123.5  335.2592
124.0  346.9513
124.5  363.1963
125.0  379.9617
125.5  393.0066
126.0  399.1578
126.5  397.1010
127.0  387.5731
127.5  373.0514
128.0  357.0712
128.5  343.2857
129.0  334.4214
129.5  331.3952
130.0  332.9430
130.5  336.0280
131.0  337.0235
131.5  333.2965
132.0  324.5414
132.5  313.2059
133.0  303.6809
133.5  300.5116
134.0  306.4230
134.5  321.1040
135.0  341.3066
135.5  362.1214
136.0  378.7469
136.5  387.9832
137.0  388.9949
137.5  383.3049
138.0  374.2134
138.5  365.8569
139.0  362.0745
139.5  365.2639
140.0  375.5089
140.5  390.3159
141.0  405.2051
141.5  415.1266
142.0  416.3047
142.5  407.8261
143.0  392.2336
143.5  374.6973
144.0  360.9655
144.5  354.9739
145.0  357.2582
145.5  364.9083
146.0  372.9566
146.5  376.3930
147.0  371.8787
147.5  358.6295
148.0  338.4369
148.5  315.0629
149.0  293.2452
149.5  277.4803
150.0  270.7718
150.5  273.6453
151.0  283.8048
151.5  296.7056
152.0  307.0240
152.5  310.6238
153.0  306.3054
153.5  296.5485
154.0  286.7371
154.5  283.0073
155.0  289.6175
155.5  307.1111
156.0  332.1632
156.5  359.0605
157.0  381.9313
157.5  396.6648
158.0  401.8974
158.5  399.0283
159.0  391.5461
159.5  383.9597
160.0  380.5375
160.5  384.0490
161.0  394.7941
161.5  410.2622
162.0  425.6733
162.5  435.3962
163.0  434.8912
163.5  422.5248
164.0  400.4867
164.5  374.2534
165.0  350.6240
165.5  335.1086
166.0  329.8955
166.5  333.3575
167.0  341.1929
167.5  348.4327
168.0  351.2869
168.5  348.1713
169.0  339.8329
169.5  328.8309
170.0  318.6597
170.5  312.6977
171.0  313.1419
171.5  320.1701
172.0  331.6387
172.5  343.5598
173.0  351.3591
173.5  351.5865
174.0  343.4514
174.5  329.4630
175.0  314.6984
175.5  304.8342
176.0  303.7889
176.5  312.1498
177.0  327.1674
177.5  344.1978
178.0  358.7128
178.5  367.8803
179.0  371.1941
179.5  370.2190
180.0  367.8174
180.5  367.1820
181.0  370.8574
181.5  379.8710
182.0  393.1580
182.5  407.5210
183.0  418.3106
183.5  420.7983
184.0  411.9115
184.5  391.7148
185.0  363.9230
185.5  334.9775
186.0  311.8430
186.5  299.4239
187.0  298.8444
187.5  307.4235
188.0  320.2117
188.5  332.1471
189.0  339.7724
189.5  341.9723
190.0  339.8122
190.5  335.8560
191.0  333.2789
191.5  334.9260
192.0  342.4128
192.5  355.4427
193.0  371.5975
193.5  386.8177
194.0  396.5921
194.5  397.5721
195.0  389.0391
195.5  373.5348
196.0  356.1714
196.5  342.7163
197.0  337.2557
197.5  340.6013
198.0  350.2440
198.5  361.7593
199.0  370.7779
199.5  374.5122
200.0  372.3292
200.5  365.4826
201.0  356.4070
201.5  347.8995
202.0  342.3228
202.5  340.8909
203.0  343.1672
203.5  346.9918
204.0  349.0172
204.5  345.8482
205.0  335.4979
205.5  318.6057
206.0  298.7707
206.5  281.5925
207.0  272.6101
207.5  275.0233
208.0  288.3677
208.5  308.8495
209.0  331.0818
209.5  350.1989
210.0  363.3134
210.5  369.8926
211.0  371.2935
211.5  369.9485
212.0  368.5390
212.5  369.2558
213.0  373.1650
213.5  379.7859
214.0  387.0768
214.5  391.9845
215.0  391.5240
215.5  384.0987
216.0  370.5443
216.5  354.3296
217.0  340.5878
217.5  334.1994
218.0  337.7596
218.5  350.4776
219.0  368.6012
219.5  387.0738
220.0  401.4632
220.5  409.2297
221.0  409.9957
221.5  405.0862
222.0  396.8064
222.5  387.7315
223.0  380.0532
223.5  374.9725
224.0  372.2571
224.5  370.1811
225.0  366.0272
225.5  357.1320
226.0  342.1748
226.5  322.1833
227.0  300.6736
227.5  282.6157
228.0  272.4993
228.5  272.3912
229.0  281.0443
229.5  294.5770
230.0  308.2967
230.5  318.6112
231.0  324.0991
231.5  325.4934
232.0  324.9580
232.5  325.1873
233.0  328.6215
233.5  336.8166
234.0  349.9521
234.5  366.5757
235.0  383.7608
235.5  397.8003
236.0  405.3615
236.5  404.7788
237.0  396.9632
237.5  385.3838
238.0  374.8788
238.5  369.6470
239.0  371.3601
239.5  378.4360
240.0  386.8921
240.5  392.2481
241.0  391.3863
241.5  383.4983
242.0  369.9635
242.5  353.5816
243.0  337.6728
243.5  325.2982
244.0  318.6116
244.5  318.3350
245.0  323.4704
245.5  331.4378
246.0  338.7475
246.5  342.1167
247.0  339.7029
247.5  331.9666
248.0  321.6898
248.5  312.9582
249.0  309.4341
249.5  312.7329
250.0  321.7867
250.5  333.5364
251.0  344.4903
251.5  352.2178
252.0  356.0624
252.5  356.9749
253.0  356.8574
253.5  357.8513
254.0  361.7548
254.5  369.5483
255.0  381.0158
255.5  394.5693
256.0  407.4509
256.5  416.3965
257.0  418.6509
257.5  413.0166
258.0  400.4919
258.5  384.1042
259.0  367.8338
259.5  354.9980
260.0  346.8712
260.5  342.3023
261.0  338.5480
261.5  332.8078
262.0  323.5780
262.5  311.2001
263.0  297.5692
263.5  285.3901
264.0  277.3923
264.5  275.6835
265.0  281.2514
265.5  293.6331
266.0  310.8580
266.5  329.7947
267.0  346.9206
267.5  359.3516
268.0  365.8031
268.5  367.0862
269.0  365.8357
269.5  365.4486
270.0  368.6154
270.5  376.1346
271.0  386.6412
271.5  397.3883
272.0  405.5973
272.5  409.6141
273.0  409.3527
273.5  406.0269
274.0  401.5148
274.5  397.7018
275.0  395.9505
275.5  396.7091
276.0  399.2829
276.5  401.8652
277.0  401.9282
277.5  396.9651
278.0  385.4103
278.5  367.4204
279.0  345.1562
279.5  322.3216
280.0  302.9932
280.5  290.1577
281.0  284.6291
281.5  284.9209
282.0  288.1409
282.5  291.3924
283.0  292.9318
283.5  292.6101
284.0  291.6133
284.5  291.8247
285.0  295.1201
285.5  302.7489
286.0  314.8622
286.5  330.2691
287.0  346.5380
287.5  360.5128
288.0  369.1783
288.5  370.6548
289.0  364.9976
289.5  354.4637
290.0  343.0203
290.5  335.1213
291.0  334.1412
291.5  341.1415
292.0  354.5898
292.5  371.1710
293.0  387.2106
293.5  399.9553
294.0  408.2028
294.5  412.2481
295.0  413.4113
295.5  413.4110
296.0  413.7200
296.5  414.9914
297.0  416.6853
297.5  417.0626
298.0  413.6331
298.5  403.9915
299.0  386.7994
299.5  362.5789
300.0  333.9803
300.5  305.3073
301.0  281.3283
301.5  265.7468
302.0  259.9805
302.5  262.8611
303.0  271.4082
303.5  282.2220
304.0  292.7503
304.5  301.9123
305.0  310.0356
305.5  318.3765
306.0  328.4925
306.5  341.6088
307.0  358.0567
307.5  376.9122
308.0  395.9924
308.5  412.2984
309.0  422.8322
309.5  425.5567
310.0  420.1859
310.5  408.4967
311.0  393.9548
311.5  380.6476
312.0  371.8283
312.5  368.6699
313.0  369.8611
313.5  372.2919
314.0  372.4660
314.5  367.9088
315.0  357.9699
315.5  343.8627
316.0  328.1420
316.5  313.9045
317.0  303.9296
317.5  299.9238
318.0  302.0387
318.5  308.8232
319.0  317.6649
319.5  325.6201
320.0  330.3866
320.5  331.1169
321.0  328.7879
321.5  325.9358
322.0  325.7418
322.5  330.7226
323.0  341.5486
323.5  356.5836
324.0  372.4345
324.5  385.2544
325.0  392.1524
325.5  392.1038
326.0  386.1132
326.5  376.7393
327.0  367.2445
327.5  360.6287
328.0  358.7805
328.5  361.9572
329.0  368.7451
329.5  376.5323
330.0  382.3638
330.5  383.9293
331.0  380.3819
331.5  372.7015
332.0  363.4097
332.5  355.6212
333.0  351.7082
333.5  352.1434
334.0  355.1340
334.5  357.3160
335.0  355.1933
335.5  346.6205
336.0  331.6888
336.5  312.7583
337.0  293.7577
337.5  279.0517
338.0  272.2148
338.5  275.0243
339.0  286.9393
339.5  305.2246
340.0  325.7059
340.5  343.9578
341.0  356.5923
341.5  362.2715
342.0  362.1076
342.5  359.2385
343.0  357.6101
343.5  360.3328
344.0  368.2879
344.5  379.6662
345.0  390.7087
345.5  397.2873
346.0  396.5648
346.5  388.0424
347.0  373.7025
347.5  357.3462
348.0  343.4390
348.5  335.8249
349.0  336.6487
349.5  345.7603
350.0  360.7574
350.5  377.6606
351.0  392.0460
351.5  400.3293
352.0  400.8428
352.5  394.3479
353.0  383.7377
353.5  372.9169
354.0  365.2077
354.5  361.9566
355.0  362.0299
355.5  362.4706
356.0  359.9673
356.5  352.3924
357.0  339.7394
357.5  324.1787
358.0  309.3380
358.5  299.1346
359.0  296.5400
359.5  302.6284
360.0  316.1713
360.5  333.8919
361.0  351.3184
361.5  364.0131
362.0  368.8584
362.5  365.0431
363.0  354.4228
363.5  341.0321
364.0  329.7584
364.5  324.5598
365.0  326.9474
365.5  335.4737
366.0  346.5179
366.5  355.9685
367.0  360.9646
367.5  360.9359
368.0  357.6374
368.5  354.3281
369.0  354.4972
369.5  360.5903
370.0  373.1112
370.5  390.3327
371.0  408.6751
371.5  423.6274
372.0  430.9589
372.5  427.9092
373.0  414.0491
373.5  391.5435
374.0  364.6422
374.5  338.4226
375.0  317.1300
375.5  302.7693
376.0  294.6265
376.5  289.9901
377.0  285.7072
377.5  279.7956
378.0  272.3907
378.5  265.7203
379.0  263.2332
379.5  268.2797
380.0  282.8152
380.5  306.5390
381.0  336.7279
381.5  368.8025
382.0  397.4508
382.5  417.9871
383.0  427.5856
383.5  426.0666
384.0  415.9863
384.5  401.8985
385.0  388.8704
385.5  380.6750
386.0  378.3855
386.5  380.0800
387.0  381.8703
387.5  379.7688
388.0  371.4993
388.5  357.4865
389.0  340.7360
389.5  325.7840
390.0  317.1528
390.5  317.8302
391.0  328.2354
391.5  345.9789
392.0  366.4811
392.5  384.2468
393.0  394.4162
393.5  394.1560
394.0  383.5207
394.5  365.5152
395.0  345.2428
395.5  328.2632
396.0  318.6379
396.5  317.4377
397.0  322.4362
397.5  329.1877
398.0  332.9764
398.5  330.7268
399.0  322.1121
399.5  309.5683
400.0  297.3627
400.5  290.1136
401.0  291.2379
401.5  301.7943
402.0  320.0782
402.5  342.1059
403.0  362.8394
403.5  377.7674
404.0  384.3533
404.5  382.9068
405.0  376.5644
405.5  370.2792
406.0  369.0231
406.5  375.7923
407.0  390.2599
407.5  408.7648
408.0  425.6996
408.5  435.6417
409.0  435.2657
409.5  424.3275
410.0  405.5285
410.5  383.4863
411.0  363.2254
411.5  348.6448
412.0  341.3851
412.5  340.4251
413.0  342.5347
413.5  343.4463
414.0  339.3792
414.5  328.4457
415.0  311.5010
415.5  292.1237
416.0  275.6118
416.5  267.1870
417.0  269.9850
417.5  283.6837
418.0  304.4780
418.5  326.4912
419.0  343.9736
419.5  353.2969
420.0  353.9881
420.5  348.5798
421.0  341.5119
421.5  337.5433
422.0  340.1767
422.5  350.5480
423.0  367.0941
423.5  386.0813
424.0  402.8083
424.5  413.0948
425.0  414.6038
425.5  407.6134
426.0  394.9879
426.5  381.2763
427.0  371.1173
427.5  367.4521
428.0  370.2872
428.5  376.6456
429.0  381.8078
429.5  381.2707
430.0  372.5232
430.5  355.9402
431.0  334.5833
431.5  313.1302
432.0  296.3618
432.5  287.6842
433.0  288.1157
433.5  296.0405
434.0  307.8066
434.5  318.9777
435.0  325.8345
435.5  326.6456
436.0  322.3037
436.5  316.0884
437.0  312.5480
437.5  315.7774
438.0  327.6789
438.5  346.9530
439.0  369.3684
439.5  389.2720
440.0  401.6723
440.5  403.9914
441.0  396.8489
441.5  383.7334
442.0  369.8148
442.5  360.3275
443.0  358.9980
443.5  366.9569
444.0  382.4485
444.5  401.4264
445.0  418.8343
445.5  430.1477
446.0  432.6828
446.5  426.2753
447.0  413.1312
447.5  396.8897
448.0  381.1861
448.5  368.2285
449.0  357.9827
449.5  348.3712
450.0  336.4179
450.5  319.8012
451.0  298.1118
451.5  273.3278
452.0  249.4024
452.5  231.1657
453.0  222.9042
453.5  227.0416
454.0  243.3326
454.5  268.8574
455.0  298.8581
455.5  328.1567
456.0  352.6656
456.5  370.4712
457.0  382.1229
457.5  390.0489
458.0  397.3117
458.5  406.1543
459.0  416.8897
459.5  427.6062
460.0  434.8481
460.5  435.0056
461.0  425.8206
461.5  407.4088
462.0  382.4636
462.5  355.6389
463.0  332.3354
463.5  317.2276
464.0  312.9329
464.5  319.2269
465.0  333.1069
465.5  349.7469
466.0  364.0516
466.5  372.2681
467.0  373.0753
467.5  367.7769
468.0  359.5622
468.5  352.1367
469.0  348.2331
469.5  348.5586
470.0  351.5811
470.5  354.2374
471.0  353.2526
471.5  346.5082
472.0  333.9325
472.5  317.6504
473.0  301.4176
473.5  289.5463
474.0  285.6170
474.5  291.3290
475.0  305.8628
475.5  326.0274
476.0  347.2171
476.5  364.8770
477.0  375.9473
477.5  379.7497
478.0  378.0104
478.5  374.0467
479.0  371.4414
479.5  372.6758
480.0  378.2011
480.5  386.2959
481.0  393.7783
481.5  397.2828
482.0  394.5711
482.5  385.3724
483.0  371.5084
483.5  356.3396
484.0  343.7428
484.5  336.9052
485.0  337.2663
485.5  343.9502
486.0  353.9356
486.5  362.9866
487.0  367.0626
487.5  363.7096
488.0  352.9193
488.5  337.1515
489.0  320.5225
489.5  307.4365
490.0  301.1100
490.5  302.4912
491.0  309.9984
491.5  320.2093
492.0  329.2220
492.5  334.1085
493.0  333.9030
493.5  329.8437
494.0  324.8923
494.5  322.7407
495.0  326.5933
495.5  338.0614
496.0  356.5147
496.5  379.1455
497.0  401.7704
497.5  420.1094
498.0  431.0850
498.5  433.6901
499.0  429.1594
499.5  420.4230
500.0  411.0250
500.5  403.8367
501.0  400.0088
501.5  398.5919
502.0  397.0237
502.5  392.2705
503.0  382.1078
503.5  366.0213
504.0  345.4589
504.5  323.4352
505.0  303.6583
505.5  289.4285
506.0  282.6168
506.5  283.0555
507.0  288.5911
507.5  295.8331
508.0  301.3489
508.5  302.8659
509.0  300.0469
509.5  294.5849
510.0  289.5987
510.5  288.5102
511.0  293.7442
511.5  305.7142
512.0  322.5333
512.5  340.6278
513.0  356.0048
513.5  365.6342
514.0  368.4195
514.5  365.4815
515.0  359.7524
515.5  355.0422
516.0  354.8408
516.5  361.1891
517.0  373.9770
517.5  390.9301
518.0  408.3141
518.5  422.1107
519.0  429.2562
519.5  428.5536
520.0  421.0152
520.5  409.5435
521.0  397.9868
521.5  389.7727
522.0  386.5752
522.5  387.6035
523.0  389.9062
523.5  389.5839
524.0  383.3423
524.5  369.7315
525.0  349.6625
525.5  326.1357
526.0  303.3523
526.5  285.5093
527.0  275.6304
527.5  274.7846
528.0  281.9325
528.5  294.4204
529.0  308.9097
529.5  322.3963
530.0  333.0114
530.5  340.4212
531.0  345.7470
531.5  350.9866
532.0  358.0343
532.5  367.6272
533.0  378.7226
533.5  388.6935
534.0  394.3091
534.5  393.0353
535.0  384.0684
535.5  368.7191
536.0  350.0759
536.5  332.1230
537.0  318.6122
537.5  312.0340
538.0  313.0010
538.5  320.2310
539.0  331.1112
539.5  342.6193
540.0  352.2801
540.5  358.8730
541.0  362.7153
541.5  365.4368
542.0  369.2411
542.5  375.8138
543.0  385.2869
543.5  395.8015
544.0  403.9940
544.5  406.2399
545.0  400.0772
545.5  385.1939
546.0  363.6469
546.5  339.3232
547.0  316.8860
547.5  300.5412
548.0  292.9687
548.5  294.7157
549.0  304.2170
549.5  318.4125
550.0  333.7382
550.5  347.1671
551.0  357.0014
551.5  363.2141
552.0  367.2369
552.5  371.1956
553.0  376.7943
553.5  384.2944
554.0  392.1354
554.5  397.4740
555.0  397.4112
555.5  390.2933
556.0  376.4940
556.5  358.4115
557.0  339.7764
557.5  324.5698
558.0  315.9010
558.5  315.1553
559.0  321.6363
559.5  332.7977
560.0  344.9968
560.5  354.5485
561.0  358.7836
561.5  356.8231
562.0  349.8388
562.5  340.6536
563.0  332.6909
563.5  328.5637
564.0  328.8979
564.5  332.0232
565.0  334.7549
565.5  333.8834
566.0  327.6188
566.5  316.3679
567.0  302.6413
567.5  290.2677
568.0  283.2629
568.5  284.7044
569.0  295.8953
569.5  316.0151
570.0  342.3322
570.5  370.9006
571.0  397.5306
571.5  418.7737
572.0  432.6894
572.5  439.2208
573.0  440.0421
573.5  437.8143
574.0  435.0061
574.5  432.7488
575.0  430.3354
575.5  425.6939
576.0  416.5927
576.5  401.9142
577.0  382.3716
577.5  360.4230
578.0  339.5380
578.5  323.1628
579.0  313.7387
579.5  312.0430
580.0  317.0107
580.5  326.0660
581.0  335.8540
581.5  343.1585
582.0  345.7656
582.5  343.0736
583.0  336.2966
583.5  328.1329
584.0  321.8516
584.5  319.9960
585.0  323.2304
585.5  329.9644
586.0  337.0376
586.5  341.1337
587.0  340.1868
587.5  334.1385
588.0  324.8390
588.5  315.2869
589.0  308.5885
589.5  306.9951
590.0  311.2780
590.5  320.5785
591.0  332.7364
591.5  344.9685
592.0  354.6869
592.5  360.2416
593.0  361.4290
593.5  359.6383
594.0  357.5052
594.5  358.0153
595.0  363.2532
595.5  373.3379
596.0  386.1707
596.5  398.2303
597.0  406.0219
597.5  407.4240
598.0  402.3379
598.5  392.5024
599.0  380.7164
599.5  369.8465
600.0  361.9479
600.5  357.7192
601.0  356.4099
601.5  356.1804
602.0  354.7907
602.5  350.4026
603.0  342.2635
603.5  331.0925
604.0  319.0418
604.5  309.1516
605.0  304.3354
605.5  306.1889
606.0  314.1747
606.5  325.6934
607.0  337.0979
607.5  345.1499
608.0  348.1982
608.5  346.5996
609.0  342.3508
609.5  338.2198
610.0  336.7447
610.5  339.4115
611.0  346.2160
611.5  355.7126
612.0  365.5225
612.5  373.1381
613.0  376.7625
613.5  375.9376
614.0  371.7901
614.5  366.8048
615.0  364.0832
615.5  366.1722
616.0  373.8267
616.5  385.3220
617.0  396.8280
617.5  403.7966
618.0  402.7011
618.5  392.3009
619.0  373.9577
619.5  351.0523
620.0  327.8679
620.5  308.3602
621.0  295.1475
621.5  288.9550
622.0  288.6443
622.5  291.8118
623.0  295.7601
623.5  298.5161
624.0  299.5721
624.5  300.1412
625.0  302.8405
625.5  310.8042
626.0  326.3655
626.5  349.7279
627.0  378.3004
627.5  407.2235
628.0  430.9819
628.5  445.3301
629.0  448.6195
629.5  442.0535
630.0  428.9832
630.5  413.6846
631.0  400.0697
631.5  390.6604
632.0  386.0405
632.5  384.9038
633.0  384.6805
633.5  382.5442
634.0  376.4655
634.5  365.9816
635.0  352.4757
635.5  338.8869
636.0  328.8376
636.5  325.2829
637.0  329.0885
637.5  338.2539
638.0  348.3854
638.5  354.3477
639.0  352.2732
639.5  340.9446
640.0  322.0436
640.5  299.3957
641.0  277.6840
641.5  261.1031
642.0  252.2940
642.5  251.7871
643.0  258.0865
643.5  268.3800
644.0  279.6425
644.5  289.7380
645.0  298.1328
645.5  306.0113
646.0  315.7965
646.5  330.1858
647.0  350.8895
647.5  377.4535
648.0  406.7667
648.5  433.7376
649.0  453.0043
649.5  460.8727
650.0  456.5512
650.5  442.2332
651.0  422.1985
651.5  401.4272
652.0  384.2038
652.5  373.0469
653.0  368.1879
653.5  367.7325
654.0  368.4875
654.5  367.2116
655.0  361.8571
655.5  352.3544
656.0  340.6705
656.5  330.1349
657.0  324.2256
657.5  325.1428
658.0  332.6715
658.5  343.9229
659.0  354.2810
659.5  359.2234
660.0  356.1285
660.5  345.2146
661.0  329.3245
661.5  312.8457
662.0  300.2962
662.5  295.0262
663.0  298.3232
663.5  309.1024
664.0  324.2835
664.5  339.7982
665.0  351.9404
665.5  358.5903
666.0  359.8555
666.5  357.9231
667.0  356.2179
667.5  358.1472
668.0  365.7587
668.5  378.7077
669.0  394.0283
669.5  407.0273
670.0  413.0583
670.5  409.3546
671.0  396.0620
671.5  376.1183
672.0  354.2113
672.5  335.3200
673.0  323.3013
673.5  319.8563
674.0  324.1200
674.5  333.0279
675.0  342.4100
675.5  348.4770
676.0  349.1394
676.5  344.6388
677.0  337.2862
677.5  330.5030
678.0  327.5717
678.5  330.4706
679.0  339.0909
679.5  351.1303
680.0  362.8575
680.5  370.5537
681.0  371.9987
681.5  367.3064
682.0  358.7990
682.5  350.0958
683.0  344.8422
683.5  345.5039
684.0  352.5469
684.5  364.2386
685.0  377.1871
685.5  387.5149
686.0  392.2798
686.5  390.5618
687.0  383.7290
687.5  374.7804
688.0  367.1188
688.5  363.3068
689.0  364.2143
689.5  368.7226
690.0  374.0355
690.5  376.5903
691.0  373.3511
691.5  362.9964
692.0  346.4886
692.5  326.8052
693.0  307.9889
693.5  293.8835
694.0  286.9381
694.5  287.4116
695.0  293.2393
695.5  300.6955
696.0  305.7362
696.5  305.5833
697.0  299.9135
697.5  291.1050
698.0  283.4079
698.5  281.3934
699.0  288.3108
699.5  304.9171
700.0  329.1196
700.5  356.5485
701.0  381.9167
701.5  400.7094
702.0  410.5546
702.5  411.7744
703.0  407.0095
703.5  400.1638
704.0  395.0625
704.5  394.2017
705.0  397.9236
705.5  404.2864
706.0  409.7589
706.5  410.5894
707.0  404.3810
707.5  391.2303
708.0  373.9147
708.5  357.0223
709.0  345.3764
709.5  342.3543
710.0  348.6715
710.5  362.0274
711.0  377.7738
711.5  390.4369
712.0  395.5430
712.5  391.0334
713.0  377.7701
713.5  359.0669
714.0  339.5254
714.5  323.5771
715.0  314.1251
715.5  311.6429
716.0  314.0392
716.5  317.4276
717.0  317.6290
717.5  311.8924
718.0  300.1536
718.5  285.2992
719.0  272.3175
719.5  266.6673
720.0  272.4393
720.5  290.8797
721.0  319.7360
721.5  353.7178
722.0  386.0316
722.5  410.4721
723.0  423.2544
723.5  423.9196
724.0  415.1135
724.5  401.4647
725.0  387.9943
725.5  378.5271
726.0  374.5564
726.5  374.9363
727.0  376.5485
727.5  375.7310
728.0  369.9084
728.5  358.7507
729.0  344.3911
729.5  330.6761
730.0  321.8113
730.5  320.9079
731.0  328.8491
731.5  343.7909
732.0  361.5395
732.5  376.8235
733.0  385.0579
733.5  383.8924
734.0  373.9269
734.5  358.3928
735.0  342.0075
735.5  329.4147
736.0  323.6810
736.5  325.3048
737.0  332.1025
737.5  340.0788
738.0  345.0100
738.5  344.1252
739.0  337.1972
739.5  326.6114
740.0  316.4481
740.5  311.0111
741.0  313.3535
741.5  324.2272
742.0  341.7230
742.5  361.7492
743.0  379.2879
743.5  390.0345
744.0  391.8011
744.5  385.1569
745.0  373.1343
745.5  360.1677
746.0  350.6240
746.5  347.3572
747.0  350.7394
747.5  358.5448
748.0  366.8120
748.5  371.4162
749.0  369.7356
749.5  361.7082
750.0  349.8401
750.5  338.2006
751.0  330.8605
751.5  330.3723
752.0  336.7911
752.5  347.5385
753.0  358.2016
753.5  364.0560
754.0  361.7734
754.5  350.6552
755.0  332.9484
755.5  313.2002
756.0  296.9163
756.5  288.9229
757.0  291.8734
757.5  305.3467
758.0  325.9072
758.5  348.2267
759.0  366.9535
759.5  378.6354
760.0  382.9105
760.5  382.4639
761.0  381.7808
761.5  385.2326
762.0  395.2612
762.5  411.3251
763.0  429.9651
763.5  445.9512
764.0  454.0796
764.5  450.9379
765.0  436.0060
765.5  411.7932
766.0  383.0867
766.5  355.6118
767.0  334.4548
767.5  322.6158
768.0  320.0870
768.5  323.8185
769.0  328.7248
769.5  329.5021
770.0  322.6385
770.5  307.8454
771.0  288.3115
771.5  269.6334
772.0  257.8019
772.5  257.0023
773.0  268.0684
773.5  288.1909
774.0  311.9801
774.5  333.4172
775.0  347.8738
775.5  353.4506
776.0  351.2817
776.5  344.8954
777.0  338.9538
777.5  337.7432
778.0  343.7779
778.5  356.8949
779.0  374.1772
779.5  390.8452
780.0  401.8983
780.5  403.9468
781.0  396.5356
781.5  382.4260
782.0  366.6876
782.5  354.9087
783.0  351.1734
783.5  356.5758
784.0  368.8650
784.5  383.3797
785.0  394.8627
785.5  399.3697
786.0  395.5190
786.5  384.7244
787.0  370.5050
787.5  357.2244
788.0  348.6575
788.5  346.7483
789.0  350.8944
789.5  358.0186
790.0  363.5015
790.5  362.7527
791.0  352.9172
791.5  334.1083
792.0  309.6832
792.5  285.3868
793.0  267.5783
793.5  261.1167
794.0  267.6885
794.5  285.2774
795.0  309.0304
795.5  333.1291
796.0  352.8174
796.5  365.7682
797.0  372.4048
797.5  375.2809
798.0  377.8851
798.5  383.2741
799.0  392.8931
799.5  405.8978
800.0  419.2199
800.5  428.4303
801.0  429.1863
801.5  418.8057
802.0  397.4275
802.5  368.3324
803.0  337.2425
803.5  310.7325
804.0  294.2071
804.5  290.1557
805.0  297.4158
805.5  311.8114
806.0  327.8868
806.5  340.9277
807.0  348.4173
807.5  350.4834
808.0  349.3883
808.5  348.4055
809.0  350.4862
809.5  357.0849
810.0  367.4799
810.5  378.8410
811.0  387.0987
811.5  388.3816
812.0  380.5416
812.5  364.2122
813.0  342.9730
813.5  322.4660
814.0  308.6612
814.5  305.8145
815.0  314.8979
815.5  333.2048
816.0  355.3628
816.5  375.3118
817.0  388.3620
817.5  392.5263
818.0  388.7859
818.5  380.4204
819.0  371.7661
819.5  366.7824
820.0  367.7774
820.5  374.6173
821.0  384.6841
821.5  393.6616
822.0  396.9527
822.5  391.2873
823.0  375.9924
823.5  353.4790
824.0  328.7127
824.5  307.7233
825.0  295.5602
825.5  294.4327
826.0  302.8608
826.5  316.2897
827.0  328.9065
827.5  335.7965
828.0  334.5198
828.5  325.6291
829.0  312.1756
829.5  298.5499
830.0  289.0524
830.5  286.5676
831.0  291.6928
831.5  302.6078
832.0  315.7796
832.5  327.3007
833.0  334.4065
833.5  336.6229
834.0  336.1017
834.5  336.9490
835.0  343.6858
835.5  359.3342
836.0  383.8905
836.5  413.9116
837.0  443.4978
837.5  466.2696
838.0  477.4510
838.5  475.2289
839.0  461.0201
839.5  438.7753
840.0  413.6876
840.5  390.6985
841.0  373.1581
841.5  361.9726
842.0  355.5044
842.5  350.3019
843.0  342.4669
843.5  329.2313
844.0  310.2276
844.5  288.0001
845.0  267.4883
845.5  254.5035
846.0  253.6037
846.5  266.1630
847.0  289.5479
847.5  317.9035
848.0  344.2345
848.5  362.7993
849.0  370.7911
849.5  368.8116
850.0  360.2378
850.5  349.9033
851.0  342.5388
851.5  341.3580
852.0  347.1276
852.5  357.9901
853.0  370.1290
853.5  379.1003
854.0  381.4226
854.5  375.9122
855.0  364.3020
855.5  350.8522
856.0  340.9394
856.5  339.0134
857.0  346.7188
857.5  362.0917
858.0  380.3079
858.5  395.6295
859.0  403.5700
859.5  402.3280
860.0  393.0857
860.5  379.3315
861.0  365.6174
861.5  356.1446
862.0  353.5053
862.5  357.8786
863.0  366.9247
863.5  376.4621
864.0  381.7707
864.5  379.1439
865.0  367.2183
865.5  347.6375
866.0  324.7380
866.5  304.1965
867.0  290.9877
867.5  287.4564
868.0  292.4569
868.5  302.0496
869.0  311.3774
869.5  316.7182
870.0  316.7818
870.5  312.9017
871.0  308.3199
871.5  306.9767
872.0  312.1911
872.5  325.5462
873.0  346.2600
873.5  371.2450
874.0  395.8722
874.5  415.2242
875.0  425.4611
875.5  424.9170
876.0  414.6360
876.5  398.1581
877.0  380.4898
877.5  366.4323
878.0  358.8276
878.5  357.5347
879.0  359.7267
879.5  361.3753
880.0  359.1242
880.5  351.6453
881.0  340.0185
881.5  327.2028
882.0  316.9444
882.5  312.5061
883.0  315.5638
883.5  325.5842
884.0  339.8864
884.5  354.3888
885.0  364.8013
885.5  367.8938
886.0  362.4873
886.5  349.9124
887.0  333.7680
887.5  318.9107
888.0  309.8501
888.5  309.1087
889.0  316.3346
889.5  328.6764
890.0  342.2158
890.5  353.6625
891.0  361.5010
891.5  366.2373
892.0  369.8628
892.5  374.8690
893.0  383.1630
893.5  395.2086
894.0  409.6623
894.5  423.6422
895.0  433.5382
895.5  436.0746
896.0  429.2896
896.5  413.1938
897.0  389.9912
897.5  363.7660
898.0  339.5431
898.5  321.8004
899.0  312.9079
899.5  312.2678
900.0  316.7114
900.5  321.9947
901.0  324.5965
901.5  322.9684
902.0  317.8317
902.5  311.6106
903.0  307.3478
903.5  307.4942
904.0  312.9526
904.5  322.6932
905.0  334.0752
905.5  343.7486
906.0  348.7833
906.5  347.6476
907.0  340.7839
907.5  330.6732
908.0  321.3259
908.5  317.1662
909.0  321.4920
909.5  335.0626
910.0  355.5740
910.5  378.4337
911.0  398.5055
911.5  411.9495
912.0  417.3571
912.5  415.8690
913.0  410.4282
913.5  404.5243
914.0  400.8432
914.5  400.2482
915.0  401.4487
915.5  401.4889
916.0  396.8606
916.5  384.8131
917.0  364.4328
917.5  337.2230
918.0  307.0622
918.5  279.4612
919.0  260.1178
919.5  253.0618
920.0  259.1038
920.5  275.4261
921.0  296.6468
921.5  316.8567
922.0  331.6374
922.5  339.2591
923.0  340.8096
923.5  339.4276
924.0  338.9794
924.5  342.5683
925.0  351.3356
925.5  363.9835
926.0  377.2205
926.5  386.9401
927.0  389.6576
927.5  383.7091
928.0  369.9061
928.5  351.5227
929.0  333.5678
929.5  321.3771
930.0  318.8247
930.5  326.8229
931.0  342.8859
931.5  362.0767
932.0  378.8978
932.5  389.2274
933.0  391.5393
933.5  387.1115
934.0  379.3241
934.5  372.3378
935.0  369.5637
935.5  372.4286
936.0  379.8962
936.5  388.9150
937.0  395.5582
937.5  396.3721
938.0  389.4821
938.5  375.2217
939.0  356.1889
939.5  336.6554
940.0  321.2998
940.5  313.5279
941.0  314.0624
941.5  320.5983
942.0  328.8165
942.5  334.2549
943.0  334.0935
943.5  328.1196
944.0  318.6564
944.5  309.6422
945.0  305.2173
945.5  308.2611
946.0  319.3626
946.5  336.6098
947.0  356.2625
947.5  373.9895
948.0  386.1640
948.5  390.8233
949.0  388.1415
949.5  380.4041
950.0  371.4364
950.5  365.4371
951.0  365.4171
951.5  371.8635
952.0  382.3944
952.5  392.7143
953.0  398.4106
953.5  396.6925
954.0  387.3509
954.5  372.7156
955.0  356.7759
955.5  343.8066
956.0  336.9219
956.5  337.0350
957.0  342.6108
957.5  350.2969
958.0  356.1335
958.5  356.8434
959.0  350.7936
959.5  338.4570
960.0  322.3396
960.5  306.3336
961.0  294.4931
961.5  289.5185
962.0  291.6228
962.5  298.4710
963.0  306.3261
963.5  311.7952
964.0  313.2806
964.5  311.5573
965.0  309.4080
965.5  310.5711
966.0  318.3569
966.5  334.3431
967.0  357.6006
967.5  384.7839
968.0  411.0830
968.5  431.6441
969.0  442.9026
969.5  443.4290
970.0  434.1818
970.5  418.2206
971.0  399.9137
971.5  383.6686
972.0  372.4486
972.5  366.6918
973.0  364.2748
973.5  361.6545
974.0  355.6120
974.5  344.7306
975.0  330.0085
975.5  314.5046
976.0  302.2527
976.5  296.8320
977.0  300.0507
977.5  311.2182
978.0  327.3043
978.5  343.9233
979.0  356.7135
979.5  362.5713
980.0  360.3897
980.5  351.2397
981.0  338.0723
981.5  324.9761
982.0  316.0069
982.5  313.8127
983.0  318.6154
983.5  328.1597
984.0  338.7702
984.5  346.9960
985.0  351.0258
985.5  351.3004
986.0  350.2092
986.5  351.0877
987.0  356.8783
987.5  368.8989
988.0  386.1741
988.5  405.6153
989.0  422.9762
989.5  434.1603
990.0  436.3673
990.5  428.7670
991.0  412.6673
991.5  391.2545
992.0  368.9149
992.5  350.0995
993.0  337.9169
993.5  333.0124
994.0  333.4040
994.5  335.4916
995.0  335.7572
995.5  332.2921
996.0  325.5007
996.5  317.8111
997.0  312.6221
997.5  312.9050
998.0  319.9526
998.5  332.7430
999.0  348.1706
999.5  362.0360
1000.0  370.3570
