0.0  0.366543  1.377036  1.743579
0.5  0.362296  1.381866  1.744162
1.0  0.363103  1.380564  1.743667
1.5  0.367029  1.376610  1.743638
2.0  0.371133  1.372072  1.743205
2.5  0.372560  1.370868  1.743428
3.0  0.370244  1.373274  1.743518
3.5  0.365933  1.377668  1.743601
4.0  0.363449  1.380447  1.743896
4.5  0.366428  1.378006  1.744433
5.0  0.376092  1.368242  1.744334
5.5  0.390563  1.353433  1.743997
6.0  0.405960  1.337393  1.743352
6.5  0.418376  1.325301  1.743678
7.0  0.425536  1.317877  1.743413
7.5  0.427406  1.316468  1.743874
8.0  0.425739  1.317876  1.743615
8.5  0.422997  1.321258  1.744255
9.0  0.421247  1.322822  1.744069
9.5  0.421524  1.322463  1.743986
10.0  0.423810  1.320358  1.744167
10.5  0.427440  1.316471  1.743911
11.0  0.431469  1.312758  1.744227
11.5  0.434627  1.308848  1.743474
12.0  0.434949  1.308851  1.743801
12.5  0.429708  1.313382  1.743089
13.0  0.416258  1.327350  1.743608
13.5  0.393659  1.349557  1.743215
14.0  0.363922  1.379804  1.743727
14.5  0.331739  1.412171  1.743909
15.0  0.302588  1.441680  1.744268
15.5  0.280463  1.463938  1.744401
16.0  0.266635  1.477679  1.744314
16.5  0.260025  1.484266  1.744291
17.0  0.258614  1.485493  1.744107
17.5  0.260851  1.483184  1.744035
18.0  0.266327  1.478070  1.744397
18.5  0.275564  1.468657  1.744221
19.0  0.289291  1.455224  1.744515
19.5  0.307744  1.436519  1.744263
20.0  0.330397  1.414309  1.744706
20.5  0.356229  1.387977  1.744206
21.0  0.384229  1.360067  1.744296
21.5  0.413690  1.331010  1.744699
22.0  0.443927  1.300249  1.744175
22.5  0.473592  1.270669  1.744261
23.0  0.500251  1.243520  1.743771
23.5  0.520881  1.223811  1.744692
24.0  0.533189  1.210742  1.743932
24.5  0.536809  1.207521  1.744330
25.0  0.533365  1.210957  1.744322
25.5  0.525351  1.219896  1.745248
26.0  0.514710  1.229869  1.744579
26.5  0.502138  1.242257  1.744395
27.0  0.487468  1.257132  1.744600
27.5  0.470617  1.274061  1.744679
28.0  0.452341  1.292268  1.744609
28.5  0.434291  1.310087  1.744378
29.0  0.418417  1.326628  1.745045
29.5  0.406124  1.338954  1.745077
30.0  0.397692  1.346909  1.744601
30.5  0.392284  1.352134  1.744418
31.0  0.388548  1.356094  1.744642
31.5  0.385463  1.359612  1.745075
32.0  0.382890  1.361690  1.744579
32.5  0.381421  1.363269  1.744689
33.0  0.381651  1.362979  1.744631
33.5  0.383504  1.361619  1.745123
34.0  0.386262  1.358328  1.744589
34.5  0.389296  1.355212  1.744509
35.0  0.392753  1.353019  1.745771
35.5  0.397451  1.347970  1.745421
36.0  0.404056  1.341204  1.745260
36.5  0.412247  1.332567  1.744815
37.0  0.420645  1.325326  1.745971
37.5  0.427547  1.317655  1.745202
38.0  0.431933  1.313235  1.745168
38.5  0.434049  1.310787  1.744836
39.0  0.435225  1.311079  1.746303
39.5  0.437075  1.309007  1.746083
40.0  0.440563  1.304846  1.745409
40.5  0.445411  1.299891  1.745302
41.0  0.450163  1.295497  1.745660
41.5  0.452850  1.292867  1.745716
42.0  0.451912  1.293185  1.745098
42.5  0.446860  1.298031  1.744891
43.0  0.438302  1.306956  1.745258
43.5  0.427437  1.318145  1.745583
44.0  0.415507  1.330030  1.745538
44.5  0.403699  1.341525  1.745224
45.0  0.393425  1.352471  1.745895
45.5  0.386413  1.359490  1.745904
46.0  0.384209  1.361901  1.746110
46.5  0.387321  1.358255  1.745576
47.0  0.394718  1.350881  1.745599
47.5  0.404149  1.341864  1.746013
48.0  0.413159  1.332052  1.745210
48.5  0.420164  1.325193  1.745358
49.0  0.425004  1.320473  1.745478
49.5  0.428699  1.317483  1.746182
50.0  0.432636  1.312901  1.745537
50.5  0.437652  1.308296  1.745947
51.0  0.443469  1.301920  1.745389
51.5  0.448752  1.297123  1.745875
52.0  0.451737  1.293750  1.745487
52.5  0.451075  1.293965  1.745040
53.0  0.446422  1.298957  1.745379
53.5  0.438421  1.307430  1.745851
54.0  0.428191  1.317701  1.745892
54.5  0.416797  1.328628  1.745425
55.0  0.405148  1.340736  1.745884
55.5  0.394232  1.352010  1.746241
56.0  0.385208  1.361097  1.746305
56.5  0.379014  1.367181  1.746195
57.0  0.375739  1.370236  1.745975
57.5  0.374350  1.371590  1.745941
58.0  0.373105  1.373399  1.746504
58.5  0.370452  1.376277  1.746729
59.0  0.365879  1.380874  1.746753
59.5  0.360199  1.386673  1.746872
60.0  0.355137  1.392580  1.747717
60.5  0.352460  1.395317  1.747778
61.0  0.353117  1.395041  1.748158
61.5  0.356811  1.390677  1.747488
62.0  0.362199  1.386005  1.748204
62.5  0.367592  1.380000  1.747591
63.0  0.371750  1.375824  1.747574
63.5  0.374318  1.373194  1.747513
64.0  0.375679  1.372220  1.747899
64.5  0.376460  1.371958  1.748419
65.0  0.377185  1.370165  1.747349
65.5  0.378336  1.369414  1.747750
66.0  0.380565  1.367388  1.747953
66.5  0.384541  1.363338  1.747879
67.0  0.390333  1.357534  1.747866
67.5  0.396804  1.350960  1.747763
68.0  0.401635  1.345586  1.747221
68.5  0.402152  1.345606  1.747759
69.0  0.396539  1.351331  1.747870
69.5  0.384780  1.362688  1.747468
70.0  0.368842  1.378793  1.747635
70.5  0.352052  1.396531  1.748583
71.0  0.337974  1.410458  1.748432
71.5  0.329313  1.418938  1.748251
72.0  0.327285  1.420755  1.748040
72.5  0.331641  1.417044  1.748685
73.0  0.341248  1.407034  1.748283
73.5  0.354820  1.393278  1.748098
74.0  0.371387  1.376180  1.747567
74.5  0.390324  1.358091  1.748415
75.0  0.411142  1.337304  1.748446
75.5  0.433449  1.314250  1.747699
76.0  0.457150  1.290390  1.747540
76.5  0.482510  1.265678  1.748188
77.0  0.509652  1.239527  1.749180
77.5  0.537630  1.210568  1.748198
78.0  0.563814  1.184690  1.748503
78.5  0.584257  1.164253  1.748510
79.0  0.595010  1.153855  1.748865
79.5  0.593688  1.155900  1.749588
80.0  0.580457  1.168987  1.749445
80.5  0.557989  1.191045  1.749033
81.0  0.530496  1.218697  1.749193
81.5  0.502346  1.247106  1.749452
82.0  0.476827  1.273432  1.750259
82.5  0.455500  1.294860  1.750360
83.0  0.438264  1.311795  1.750059
83.5  0.423971  1.326372  1.750343
84.0  0.411191  1.339181  1.750372
84.5  0.398738  1.351309  1.750047
85.0  0.385839  1.365280  1.751119
85.5  0.372183  1.378770  1.750953
86.0  0.358163  1.392975  1.751138
86.5  0.345244  1.405738  1.750982
87.0  0.335941  1.415332  1.751273
87.5  0.332953  1.418284  1.751237
88.0  0.337729  1.413601  1.751330
88.5  0.349394  1.401513  1.750907
89.0  0.364825  1.385773  1.750598
89.5  0.379933  1.370541  1.750474
90.0  0.391415  1.358975  1.750390
90.5  0.398041  1.352188  1.750229
91.0  0.400906  1.349271  1.750177
91.5  0.402671  1.347494  1.750164
92.0  0.406269  1.345068  1.751337
92.5  0.413687  1.337383  1.751070
93.0  0.425299  1.324575  1.749874
93.5  0.439904  1.310285  1.750189
94.0  0.455298  1.295220  1.750519
94.5  0.468977  1.281738  1.750715
95.0  0.478607  1.271021  1.749629
95.5  0.482203  1.266886  1.749090
96.0  0.478303  1.271946  1.750249
96.5  0.466441  1.284919  1.751360
97.0  0.447738  1.302507  1.750245
97.5  0.424974  1.324797  1.749771
98.0  0.401677  1.348616  1.750293
98.5  0.380603  1.371148  1.751752
99.0  0.362594  1.388870  1.751465
99.5  0.346593  1.403017  1.749610
100.0  0.330769  1.418693  1.749462
100.5  0.314001  1.437348  1.751350
101.0  0.296850  1.454771  1.751621
101.5  0.281587  1.469257  1.750844
102.0  0.271380  1.479519  1.750899
102.5  0.269093  1.482955  1.752048
103.0  0.276272  1.475820  1.752092
103.5  0.292676  1.459547  1.752223
104.0  0.316470  1.435344  1.751814
104.5  0.344885  1.407222  1.752106
105.0  0.374964  1.377059  1.752023
105.5  0.404040  1.347229  1.751268
106.0  0.429863  1.322771  1.752634
106.5  0.450637  1.302285  1.752922
107.0  0.465264  1.286157  1.751421
107.5  0.473752  1.276619  1.750371
108.0  0.477277  1.273285  1.750561
108.5  0.477533  1.274405  1.751938
109.0  0.475637  1.275866  1.751503
109.5  0.471365  1.279217  1.750582
110.0  0.463348  1.287369  1.750717
110.5  0.450123  1.301868  1.751991
111.0  0.431380  1.320412  1.751792
111.5  0.408653  1.342914  1.751567
112.0  0.385111  1.366833  1.751944
112.5  0.364582  1.386738  1.751320
113.0  0.350304  1.401486  1.751789
113.5  0.343938  1.408597  1.752535
114.0  0.345231  1.406985  1.752216
114.5  0.352368  1.399543  1.751910
115.0  0.362775  1.388833  1.751608
115.5  0.373957  1.377920  1.751876
116.0  0.383983  1.369086  1.753069
116.5  0.391584  1.361090  1.752675
117.0  0.396146  1.355598  1.751743
117.5  0.397909  1.354259  1.752168
118.0  0.398222  1.353622  1.751844
118.5  0.399303  1.353501  1.752804
119.0  0.403214  1.348610  1.751824
119.5  0.410526  1.340554  1.751080
120.0  0.419648  1.332146  1.751794
120.5  0.427425  1.324532  1.751957
121.0  0.430686  1.320647  1.751334
121.5  0.427849  1.323250  1.751099
122.0  0.419716  1.332140  1.751856
122.5  0.409174  1.343059  1.752233
123.0  0.400050  1.353014  1.753064
123.5  0.395728  1.356455  1.752183
124.0  0.398080  1.353474  1.751553
124.5  0.407054  1.344683  1.751737
125.0  0.420952  1.331159  1.752111
125.5  0.437125  1.314820  1.751945
126.0  0.452722  1.297674  1.750397
126.5  0.465183  1.284996  1.750180
127.0  0.472503  1.279150  1.751653
127.5  0.473528  1.278434  1.751962
128.0  0.468475  1.283635  1.752109
128.5  0.459377  1.291701  1.751078
129.0  0.449823  1.301700  1.751523
129.5  0.443687  1.309058  1.752745
130.0  0.443364  1.310564  1.753928
130.5  0.448612  1.303639  1.752252
131.0  0.456742  1.294902  1.751644
131.5  0.464013  1.287768  1.751780
132.0  0.467370  1.284150  1.751520
132.5  0.465615  1.285901  1.751517
133.0  0.459557  1.291547  1.751104
133.5  0.451298  1.300417  1.751715
134.0  0.443154  1.308615  1.751768
134.5  0.436758  1.314488  1.751246
135.0  0.432674  1.317427  1.750101
135.5  0.430567  1.321007  1.751574
136.0  0.429666  1.321753  1.751419
136.5  0.429174  1.320674  1.749848
137.0  0.428355  1.321694  1.750050
137.5  0.426417  1.324753  1.751170
138.0  0.422563  1.329429  1.751992
138.5  0.416464  1.335478  1.751943
139.0  0.408882  1.343262  1.752145
139.5  0.401761  1.351295  1.753056
140.0  0.397422  1.355512  1.752934
140.5  0.397283  1.355613  1.752896
141.0  0.401017  1.351643  1.752661
141.5  0.406767  1.346187  1.752954
142.0  0.412226  1.339885  1.752111
142.5  0.415840  1.336975  1.752815
143.0  0.417445  1.335625  1.753070
143.5  0.418071  1.334755  1.752826
144.0  0.419155  1.332911  1.752066
144.5  0.421609  1.330601  1.752210
145.0  0.425219  1.327647  1.752866
145.5  0.428597  1.323412  1.752009
146.0  0.429685  1.322312  1.751996
146.5  0.426504  1.325908  1.752413
147.0  0.417772  1.335945  1.753718
147.5  0.403091  1.350192  1.753283
148.0  0.382804  1.372562  1.755366
148.5  0.357879  1.397348  1.755227
149.0  0.330084  1.425504  1.755589
149.5  0.302228  1.453242  1.755470
150.0  0.277850  1.477795  1.755645
150.5  0.260140  1.495932  1.756071
151.0  0.250598  1.504924  1.755522
151.5  0.248423  1.506836  1.755259
152.0  0.251097  1.504556  1.755653
152.5  0.255821  1.499515  1.755336
153.0  0.260900  1.494482  1.755383
153.5  0.266368  1.489335  1.755703
154.0  0.273681  1.482760  1.756441
154.5  0.284803  1.471726  1.756529
155.0  0.301175  1.455468  1.756643
155.5  0.323023  1.433523  1.756546
156.0  0.349210  1.405886  1.755096
156.5  0.377611  1.378207  1.755817
157.0  0.405782  1.349603  1.755384
157.5  0.431577  1.323431  1.755009
158.0  0.453493  1.299667  1.753160
158.5  0.470747  1.283672  1.754419
159.0  0.483315  1.270708  1.754023
159.5  0.492051  1.262188  1.754240
160.0  0.498669  1.255659  1.754328
160.5  0.505210  1.249791  1.755001
161.0  0.513000  1.241855  1.754855
161.5  0.521688  1.232463  1.754151
162.0  0.529098  1.224733  1.753831
162.5  0.532159  1.222122  1.754281
163.0  0.528362  1.226387  1.754749
163.5  0.516957  1.237613  1.754569
164.0  0.499311  1.255479  1.754790
164.5  0.478392  1.276817  1.755209
165.0  0.457730  1.296373  1.754103
165.5  0.440330  1.315000  1.755330
166.0  0.427923  1.329148  1.757071
166.5  0.420729  1.335700  1.756429
167.0  0.417682  1.337137  1.754819
167.5  0.416913  1.340505  1.757418
168.0  0.416248  1.342769  1.759017
168.5  0.413599  1.347761  1.761359
169.0  0.407365  1.361047  1.768412
169.5  0.396997  1.381028  1.778025
170.0  0.383618  1.401933  1.785551
170.5  0.370180  1.422739  1.792919
171.0  0.360618  1.443056  1.803674
171.5  0.358134  1.452562  1.810696
172.0  0.363549  1.450004  1.813553
172.5  0.374789  1.439984  1.814773
173.0  0.387876  1.428608  1.816484
173.5  0.398757  1.416309  1.815066
174.0  0.404929  1.408206  1.813135
174.5  0.406125  1.405206  1.811331
175.0  0.403969  1.406500  1.810469
175.5  0.401023  1.410108  1.811131
176.0  0.399738  1.412706  1.812444
176.5  0.401730  1.412748  1.814478
177.0  0.407508  1.412593  1.820101
177.5  0.416605  1.412838  1.829442
178.0  0.427886  1.411565  1.839450
178.5  0.439844  1.409308  1.849152
179.0  0.450825  1.409079  1.859904
179.5  0.459325  1.411044  1.870369
180.0  0.464502  1.411984  1.876486
180.5  0.466724  1.413323  1.880047
181.0  0.467665  1.411524  1.879189
181.5  0.469541  1.404001  1.873542
182.0  0.473728  1.390346  1.864074
182.5  0.479628  1.370150  1.849778
183.0  0.484633  1.350111  1.834744
183.5  0.485265  1.334066  1.819330
184.0  0.478815  1.325890  1.804705
184.5  0.464571  1.327760  1.792331
185.0  0.444084  1.338935  1.783019
185.5  0.420550  1.357891  1.778441
186.0  0.397707  1.377440  1.775146
186.5  0.378757  1.395673  1.774430
187.0  0.365660  1.409015  1.774675
187.5  0.358926  1.416961  1.775887
188.0  0.357818  1.419704  1.777522
188.5  0.360748  1.417241  1.777989
189.0  0.365673  1.412372  1.778045
189.5  0.370476  1.406646  1.777122
190.0  0.373458  1.401183  1.774641
190.5  0.374034  1.397710  1.771744
191.0  0.373289  1.395932  1.769222
191.5  0.373802  1.393635  1.767437
192.0  0.378396  1.386748  1.765145
192.5  0.388372  1.378460  1.766832
193.0  0.402361  1.369670  1.772031
193.5  0.416658  1.359760  1.776417
194.0  0.426845  1.356907  1.783752
194.5  0.429724  1.365976  1.795700
195.0  0.424527  1.383276  1.807803
195.5  0.412973  1.404934  1.817907
196.0  0.398404  1.431905  1.830309
196.5  0.384526  1.458117  1.842643
197.0  0.374267  1.473757  1.848024
197.5  0.369085  1.481469  1.850553
198.0  0.368794  1.482412  1.851206
198.5  0.371846  1.476701  1.848547
199.0  0.375853  1.468645  1.844497
199.5  0.378193  1.460446  1.838640
200.0  0.376630  1.455383  1.832012
200.5  0.369973  1.457983  1.827955
201.0  0.358723  1.467308  1.826031
201.5  0.345313  1.478420  1.823733
202.0  0.333453  1.490230  1.823683
202.5  0.326542  1.500116  1.826657
203.0  0.325902  1.504138  1.830041
203.5  0.329995  1.500174  1.830169
204.0  0.335189  1.495960  1.831149
204.5  0.337632  1.496449  1.834081
205.0  0.335112  1.498690  1.833802
205.5  0.327995  1.502062  1.830057
206.0  0.318992  1.505661  1.824653
206.5  0.312104  1.505055  1.817159
207.0  0.311286  1.495881  1.807167
207.5  0.319314  1.477522  1.796836
208.0  0.337110  1.451808  1.788918
208.5  0.363570  1.418327  1.781897
209.0  0.395814  1.379561  1.775375
209.5  0.429715  1.342722  1.772437
210.0  0.460629  1.310874  1.771503
210.5  0.484334  1.291414  1.775748
211.0  0.498177  1.282285  1.780462
211.5  0.502112  1.282831  1.784943
212.0  0.498995  1.290502  1.789498
212.5  0.493549  1.301517  1.795066
213.0  0.490201  1.313279  1.803480
213.5  0.490967  1.316240  1.807207
214.0  0.494689  1.313761  1.808450
214.5  0.498054  1.310206  1.808260
215.0  0.497605  1.310273  1.807878
215.5  0.491500  1.316755  1.808255
216.0  0.480210  1.329408  1.809618
216.5  0.466117  1.345508  1.811625
217.0  0.452477  1.363085  1.815563
217.5  0.442326  1.380462  1.822789
218.0  0.437689  1.395478  1.833167
218.5  0.439244  1.404722  1.843966
219.0  0.446369  1.409236  1.855606
219.5  0.457373  1.412177  1.869550
220.0  0.469745  1.415293  1.885039
220.5  0.480425  1.415784  1.896209
221.0  0.486285  1.416632  1.902917
221.5  0.485051  1.424096  1.909147
222.0  0.476463  1.436473  1.912935
222.5  0.462902  1.449258  1.912160
223.0  0.448685  1.456426  1.905111
223.5  0.438069  1.458906  1.896974
224.0  0.433136  1.457366  1.890502
224.5  0.432967  1.448078  1.881045
225.0  0.434548  1.434485  1.869034
225.5  0.434663  1.425174  1.859836
226.0  0.431507  1.424116  1.855624
226.5  0.425277  1.425177  1.850454
227.0  0.417708  1.426751  1.844459
227.5  0.411066  1.433067  1.844133
228.0  0.407168  1.439736  1.846904
228.5  0.406785  1.439759  1.846544
229.0  0.409547  1.435066  1.844613
229.5  0.414224  1.430268  1.844492
230.0  0.419115  1.424701  1.843816
230.5  0.422311  1.415083  1.837395
231.0  0.421807  1.407143  1.828950
231.5  0.415713  1.406209  1.821922
232.0  0.402912  1.413093  1.816005
232.5  0.384033  1.423008  1.807041
233.0  0.361986  1.436617  1.798603
233.5  0.341243  1.454037  1.795280
234.0  0.325925  1.469429  1.795354
234.5  0.317862  1.477959  1.795820
235.0  0.315981  1.482954  1.798935
235.5  0.317381  1.488509  1.805891
236.0  0.319227  1.495481  1.814708
236.5  0.320240  1.502151  1.822391
237.0  0.321098  1.508586  1.829684
237.5  0.323795  1.513114  1.836909
238.0  0.330520  1.510703  1.841223
238.5  0.342605  1.500509  1.843114
239.0  0.359932  1.483290  1.843222
239.5  0.380916  1.461867  1.842783
240.0  0.402976  1.439178  1.842154
240.5  0.423249  1.418019  1.841268
241.0  0.439201  1.401306  1.840508
241.5  0.448943  1.393146  1.842090
242.0  0.451365  1.391742  1.843107
242.5  0.446406  1.398356  1.844763
243.0  0.435550  1.411528  1.847079
243.5  0.422013  1.426974  1.848987
244.0  0.409945  1.442421  1.852366
244.5  0.402663  1.451497  1.854160
245.0  0.400987  1.452881  1.853868
245.5  0.402919  1.452191  1.855110
246.0  0.404930  1.449775  1.854705
246.5  0.403927  1.446586  1.850514
247.0  0.398701  1.445763  1.844465
247.5  0.390207  1.449629  1.839836
248.0  0.380842  1.454875  1.835717
248.5  0.373305  1.456568  1.829873
249.0  0.369583  1.453629  1.823212
249.5  0.370395  1.449074  1.819469
250.0  0.375163  1.442696  1.817859
250.5  0.382379  1.435145  1.817524
251.0  0.390128  1.427180  1.817308
251.5  0.396511  1.419979  1.816490
252.0  0.399873  1.417613  1.817486
252.5  0.398997  1.421047  1.820044
253.0  0.393549  1.427688  1.821237
253.5  0.384698  1.435499  1.820197
254.0  0.375309  1.444110  1.819419
254.5  0.369031  1.451209  1.820240
255.0  0.368506  1.451163  1.819668
255.5  0.373841  1.445003  1.818845
256.0  0.382538  1.435957  1.818495
256.5  0.390931  1.428904  1.819835
257.0  0.396124  1.426475  1.822599
257.5  0.397227  1.426990  1.824217
258.0  0.395406  1.430612  1.826019
258.5  0.393007  1.435335  1.828343
259.0  0.392372  1.439042  1.831414
259.5  0.394909  1.438496  1.833405
260.0  0.400716  1.433371  1.834087
260.5  0.408765  1.425533  1.834298
261.0  0.417499  1.417180  1.834679
261.5  0.425489  1.407987  1.833476
262.0  0.431821  1.400192  1.832013
262.5  0.436103  1.396491  1.832594
263.0  0.438321  1.394435  1.832756
263.5  0.438947  1.394861  1.833808
264.0  0.439342  1.394374  1.833715
264.5  0.441857  1.392927  1.834785
265.0  0.449001  1.386985  1.835985
265.5  0.461852  1.373849  1.835701
266.0  0.478886  1.356229  1.835115
266.5  0.496271  1.338524  1.834795
267.0  0.509583  1.326460  1.836043
267.5  0.515806  1.320805  1.836611
268.0  0.514457  1.321331  1.835788
268.5  0.507412  1.326604  1.834017
269.0  0.497798  1.334692  1.832490
269.5  0.488640  1.343297  1.831937
270.0  0.481834  1.350099  1.831933
270.5  0.477724  1.351191  1.828915
271.0  0.475318  1.354660  1.829979
271.5  0.472949  1.359045  1.831994
272.0  0.469028  1.364488  1.833516
272.5  0.462540  1.368430  1.830970
273.0  0.453155  1.377145  1.830300
273.5  0.441148  1.391231  1.832379
274.0  0.427511  1.404418  1.831929
274.5  0.414253  1.414604  1.828858
275.0  0.404343  1.423023  1.827366
275.5  0.400711  1.427512  1.828223
276.0  0.404608  1.422700  1.827308
276.5  0.414464  1.408638  1.823102
277.0  0.426287  1.395806  1.822093
277.5  0.435458  1.387815  1.823273
278.0  0.438787  1.383225  1.822012
278.5  0.435654  1.385296  1.820950
279.0  0.427825  1.393741  1.821565
279.5  0.418312  1.404417  1.822729
280.0  0.409982  1.412752  1.822733
280.5  0.404483  1.417658  1.822141
281.0  0.401817  1.418883  1.820700
281.5  0.400584  1.417629  1.818213
282.0  0.398695  1.417997  1.816692
282.5  0.394177  1.421317  1.815494
283.0  0.385690  1.427919  1.813609
283.5  0.372644  1.439718  1.812362
284.0  0.355159  1.459186  1.814345
284.5  0.334248  1.482820  1.817068
285.0  0.312166  1.507411  1.819578
285.5  0.292314  1.531659  1.823973
286.0  0.278124  1.550956  1.829080
286.5  0.271302  1.562109  1.833411
287.0  0.270653  1.566986  1.837639
287.5  0.272541  1.568262  1.840802
288.0  0.272802  1.569189  1.841991
288.5  0.268896  1.572580  1.841476
289.0  0.261066  1.578571  1.839638
289.5  0.252096  1.585963  1.838058
290.0  0.246072  1.589288  1.835360
290.5  0.246877  1.585925  1.832802
291.0  0.256992  1.572813  1.829805
291.5  0.276944  1.551325  1.828269
292.0  0.305393  1.521514  1.826907
292.5  0.339692  1.486365  1.826056
293.0  0.376595  1.449365  1.825960
293.5  0.412828  1.414179  1.827007
294.0  0.445457  1.381572  1.827029
294.5  0.472296  1.354439  1.826736
295.0  0.492512  1.333159  1.825671
295.5  0.507168  1.316125  1.823293
296.0  0.518994  1.301122  1.820116
296.5  0.530958  1.286380  1.817337
297.0  0.544279  1.266460  1.810739
297.5  0.557263  1.246382  1.803646
298.0  0.565923  1.233174  1.799097
298.5  0.566032  1.229205  1.795236
299.0  0.555274  1.235625  1.790898
299.5  0.534282  1.254723  1.789005
300.0  0.506255  1.285418  1.791673
300.5  0.475635  1.319962  1.795597
301.0  0.446627  1.353597  1.800224
301.5  0.422125  1.384024  1.806149
302.0  0.403305  1.409769  1.813073
302.5  0.389843  1.429839  1.819682
303.0  0.380484  1.446027  1.826512
303.5  0.373639  1.459864  1.833502
304.0  0.367741  1.469686  1.837427
304.5  0.361444  1.477822  1.839266
305.0  0.353945  1.487710  1.841654
305.5  0.345627  1.497114  1.842741
306.0  0.338617  1.503248  1.841865
306.5  0.336437  1.504663  1.841100
307.0  0.342371  1.498723  1.841094
307.5  0.357331  1.484551  1.841882
308.0  0.378745  1.465315  1.844059
308.5  0.401420  1.446684  1.848104
309.0  0.419891  1.434011  1.853902
309.5  0.430775  1.429803  1.860579
310.0  0.433895  1.433793  1.867689
310.5  0.431864  1.443140  1.875004
311.0  0.428678  1.451843  1.880521
311.5  0.428109  1.453970  1.882079
312.0  0.432497  1.449059  1.881556
312.5  0.442227  1.435968  1.878195
313.0  0.455883  1.415518  1.871401
313.5  0.470854  1.391897  1.862750
314.0  0.484066  1.367999  1.852065
314.5  0.492583  1.347916  1.840499
315.0  0.494065  1.335708  1.829773
315.5  0.487332  1.333677  1.821009
316.0  0.473113  1.339968  1.813081
316.5  0.454531  1.352332  1.806863
317.0  0.436521  1.368084  1.804605
317.5  0.423923  1.381092  1.805015
318.0  0.419142  1.385346  1.804488
318.5  0.420952  1.383622  1.804574
319.0  0.425311  1.380206  1.805517
319.5  0.427649  1.378536  1.806185
320.0  0.425150  1.379938  1.805088
320.5  0.417824  1.385687  1.803511
321.0  0.408139  1.393522  1.801661
321.5  0.399737  1.400115  1.799851
322.0  0.395992  1.400126  1.796118
322.5  0.398948  1.392757  1.791705
323.0  0.408852  1.381154  1.790005
323.5  0.424235  1.366932  1.791168
324.0  0.442350  1.350713  1.793062
324.5  0.459684  1.336487  1.796171
325.0  0.472436  1.331733  1.804168
325.5  0.477030  1.338310  1.815340
326.0  0.470961  1.356214  1.827175
326.5  0.453928  1.386405  1.840333
327.0  0.428639  1.422869  1.851508
327.5  0.400387  1.461782  1.862169
328.0  0.375111  1.495256  1.870367
328.5  0.356887  1.516167  1.873054
329.0  0.346392  1.525282  1.871674
329.5  0.341286  1.530642  1.871928
330.0  0.338056  1.531253  1.869308
330.5  0.334056  1.528947  1.863003
331.0  0.328635  1.530494  1.859129
331.5  0.323070  1.534708  1.857778
332.0  0.319722  1.535936  1.855658
332.5  0.320990  1.533849  1.854840
333.0  0.328485  1.528370  1.856855
333.5  0.342587  1.517962  1.860549
334.0  0.362362  1.502047  1.864410
334.5  0.385721  1.483652  1.869373
335.0  0.409655  1.465119  1.874774
335.5  0.430508  1.447173  1.877681
336.0  0.444412  1.434253  1.878665
336.5  0.448161  1.428114  1.876274
337.0  0.440472  1.429354  1.869826
337.5  0.423013  1.437508  1.860521
338.0  0.400254  1.448754  1.849008
338.5  0.377825  1.457846  1.835672
339.0  0.360128  1.460659  1.820786
339.5  0.348641  1.458256  1.806897
340.0  0.341879  1.455339  1.797218
340.5  0.336789  1.455312  1.792101
341.0  0.330541  1.459504  1.790045
341.5  0.321741  1.468023  1.789764
342.0  0.310721  1.482652  1.793374
342.5  0.299178  1.501762  1.800940
343.0  0.289562  1.520633  1.810195
343.5  0.284524  1.531644  1.816168
344.0  0.286438  1.533659  1.820096
344.5  0.296947  1.528535  1.825482
345.0  0.316499  1.512600  1.829099
345.5  0.343940  1.483685  1.827626
346.0  0.376372  1.451567  1.827940
346.5  0.409563  1.419840  1.829403
347.0  0.439093  1.388543  1.827637
347.5  0.461974  1.365097  1.827070
348.0  0.477922  1.352990  1.830913
348.5  0.489393  1.348533  1.837926
349.0  0.500123  1.346497  1.846620
349.5  0.513029  1.344907  1.857936
350.0  0.528730  1.345868  1.874597
350.5  0.545484  1.348818  1.894303
351.0  0.560280  1.353285  1.913565
351.5  0.570199  1.363816  1.934015
352.0  0.573301  1.381067  1.954368
352.5  0.568828  1.404004  1.972833
353.0  0.556998  1.428059  1.985058
353.5  0.538749  1.454496  1.993245
354.0  0.515591  1.482426  1.998017
354.5  0.489518  1.505988  1.995506
355.0  0.462801  1.526345  1.989146
355.5  0.437552  1.541061  1.978613
356.0  0.415133  1.550063  1.965196
356.5  0.395666  1.557194  1.952860
357.0  0.378061  1.559717  1.937778
357.5  0.360816  1.566489  1.927304
358.0  0.343353  1.576741  1.920094
358.5  0.327078  1.589385  1.916463
359.0  0.315272  1.599954  1.915226
359.5  0.311672  1.603872  1.915544
360.0  0.318567  1.599695  1.918262
360.5  0.335615  1.585176  1.920791
361.0  0.360041  1.563163  1.923204
361.5  0.387866  1.535270  1.923136
362.0  0.415307  1.505134  1.920441
362.5  0.439632  1.474720  1.914352
363.0  0.459337  1.445975  1.905312
363.5  0.473903  1.417194  1.891097
364.0  0.483495  1.390007  1.873502
364.5  0.488753  1.368145  1.856898
365.0  0.490625  1.349365  1.839991
365.5  0.490123  1.332983  1.823106
366.0  0.487916  1.323995  1.811911
366.5  0.483867  1.323274  1.807142
367.0  0.476772  1.329606  1.806378
367.5  0.464636  1.344907  1.809543
368.0  0.445665  1.369515  1.815180
368.5  0.419637  1.407782  1.827419
369.0  0.388826  1.449978  1.838803
369.5  0.357705  1.491094  1.848798
370.0  0.331380  1.527775  1.859154
370.5  0.313645  1.551125  1.864771
371.0  0.305788  1.561815  1.867604
371.5  0.306676  1.562354  1.869030
372.0  0.313767  1.556507  1.870274
372.5  0.324283  1.545248  1.869531
373.0  0.335951  1.533908  1.869859
373.5  0.347243  1.525544  1.872787
374.0  0.357347  1.521296  1.878643
374.5  0.366100  1.523026  1.889126
375.0  0.373935  1.530393  1.904329
375.5  0.381766  1.540361  1.922127
376.0  0.390669  1.552895  1.943564
376.5  0.401395  1.564121  1.965516
377.0  0.413826  1.572405  1.986231
377.5  0.426655  1.577787  2.004442
378.0  0.437581  1.576910  2.014492
378.5  0.444149  1.576082  2.020231
379.0  0.444960  1.576183  2.021144
379.5  0.440542  1.573145  2.013687
380.0  0.433192  1.566618  1.999810
380.5  0.425806  1.559684  1.985491
381.0  0.420430  1.550357  1.970788
381.5  0.417464  1.535119  1.952583
382.0  0.415885  1.521982  1.937866
382.5  0.414097  1.512745  1.926842
383.0  0.410759  1.506488  1.917247
383.5  0.405174  1.505191  1.910365
384.0  0.397277  1.510383  1.907660
384.5  0.387509  1.521007  1.908516
385.0  0.376755  1.530440  1.907195
385.5  0.366355  1.539630  1.905985
386.0  0.357992  1.548611  1.906603
386.5  0.353313  1.550473  1.903786
387.0  0.353338  1.544432  1.897771
387.5  0.357910  1.530256  1.888166
388.0  0.365523  1.511128  1.876650
388.5  0.373760  1.489848  1.863608
389.0  0.380279  1.472052  1.852331
389.5  0.383906  1.456105  1.840011
390.0  0.385172  1.443657  1.828829
390.5  0.385880  1.440171  1.826051
391.0  0.387925  1.440617  1.828543
391.5  0.392137  1.440836  1.832973
392.0  0.397904  1.443514  1.841418
392.5  0.403690  1.451250  1.854940
393.0  0.407928  1.462308  1.870235
393.5  0.409678  1.473535  1.883213
394.0  0.408783  1.487230  1.896013
394.5  0.405665  1.503583  1.909248
395.0  0.401111  1.517102  1.918213
395.5  0.396234  1.526822  1.923056
396.0  0.392527  1.533228  1.925755
396.5  0.391748  1.532034  1.923782
397.0  0.395431  1.525410  1.920841
397.5  0.404118  1.517992  1.922110
398.0  0.416729  1.504845  1.921574
398.5  0.430568  1.488959  1.919527
399.0  0.442213  1.479917  1.922130
399.5  0.448984  1.480598  1.929582
400.0  0.450215  1.483528  1.933743
400.5  0.447549  1.492479  1.940028
401.0  0.443972  1.507585  1.951557
401.5  0.442160  1.518889  1.961049
402.0  0.443179  1.522664  1.965843
402.5  0.446262  1.527166  1.973428
403.0  0.449603  1.529052  1.978655
403.5  0.451451  1.525504  1.976955
404.0  0.450819  1.521729  1.972548
404.5  0.447590  1.534250  1.981840
405.0  0.442267  1.526006  1.968274
405.5  0.435742  1.545881  1.981623
406.0  0.429256  1.538503  1.967759
406.5  0.424458  1.560889  1.985348
407.0  0.423244  1.544382  1.967626
407.5  0.427208  1.553193  1.980401
408.0  0.436818  1.536385  1.973203
408.5  0.450770  1.527334  1.978104
409.0  0.466070  1.506992  1.973062
409.5  0.479043  1.495981  1.975023
410.0  0.486883  1.490179  1.977062
410.5  0.488880  1.485148  1.974029
411.0  0.486524  1.487457  1.973981
411.5  0.482349  1.495844  1.978194
412.0  0.478273  1.495005  1.973278
412.5  0.474510  1.502497  1.977007
413.0  0.469705  1.500967  1.970672
413.5  0.461997  1.518646  1.980642
414.0  0.450168  1.520740  1.970908
414.5  0.434222  1.541545  1.975767
415.0  0.415241  1.558721  1.973962
415.5  0.394911  1.579316  1.974227
416.0  0.375097  1.599007  1.974104
416.5  0.357683  1.610934  1.968617
417.0  0.344544  1.635836  1.980380
417.5  0.337366  1.629124  1.966490
418.0  0.337139  1.642004  1.979144
418.5  0.343447  1.622782  1.966230
419.0  0.354031  1.623883  1.977914
419.5  0.365135  1.603067  1.968202
420.0  0.372796  1.601055  1.973851
420.5  0.374573  1.595542  1.970115
421.0  0.370756  1.600422  1.971178
421.5  0.364174  1.610794  1.974968
422.0  0.358585  1.614600  1.973185
422.5  0.356598  1.616872  1.973470
423.0  0.358435  1.615542  1.973977
423.5  0.362179  1.609849  1.972028
424.0  0.365100  1.611119  1.976219
424.5  0.365058  1.606910  1.971968
425.0  0.361215  1.615376  1.976591
425.5  0.353989  1.618335  1.972323
426.0  0.344619  1.631688  1.976307
426.5  0.334796  1.640711  1.975507
427.0  0.326490  1.646513  1.973003
427.5  0.321836  1.657267  1.979103
428.0  0.322806  1.650245  1.973051
428.5  0.330569  1.651880  1.982449
429.0  0.344768  1.626510  1.971278
429.5  0.363187  1.618026  1.981213
430.0  0.382243  1.590314  1.972558
430.5  0.398310  1.580195  1.978505
431.0  0.409306  1.563943  1.973249
431.5  0.415668  1.561337  1.977006
432.0  0.420014  1.556708  1.976722
432.5  0.425609  1.551538  1.977147
433.0  0.434548  1.544724  1.979272
433.5  0.446746  1.529648  1.976394
434.0  0.460257  1.517355  1.977612
434.5  0.472466  1.506705  1.979172
435.0  0.481297  1.498316  1.979613
435.5  0.485785  1.491960  1.977745
436.0  0.486003  1.490760  1.976764
436.5  0.482700  1.498027  1.980727
437.0  0.477026  1.502782  1.979808
437.5  0.470431  1.511188  1.981619
438.0  0.464538  1.515082  1.979620
438.5  0.460732  1.516992  1.977724
439.0  0.459418  1.520303  1.979721
439.5  0.459292  1.517487  1.976778
440.0  0.457190  1.523373  1.980563
440.5  0.449000  1.525158  1.974158
441.0  0.431481  1.548699  1.980180
441.5  0.404223  1.573112  1.977335
442.0  0.370586  1.607922  1.978509
442.5  0.336865  1.639785  1.976651
443.0  0.309927  1.669287  1.979213
443.5  0.294552  1.684886  1.979438
444.0  0.291925  1.686170  1.978095
444.5  0.299919  1.678290  1.978209
445.0  0.314674  1.666462  1.981136
445.5  0.332353  1.646890  1.979243
446.0  0.350227  1.629730  1.979957
446.5  0.366919  1.609489  1.976408
447.0  0.382198  1.599318  1.981516
447.5  0.396704  1.582794  1.979498
448.0  0.411761  1.569539  1.981300
448.5  0.429087  1.550391  1.979478
449.0  0.450195  1.528804  1.978999
449.5  0.475448  1.507199  1.982648
450.0  0.503141  1.475559  1.978700
450.5  0.529233  1.450975  1.980208
451.0  0.548222  1.429041  1.977263
451.5  0.555101  1.426552  1.981654
452.0  0.547587  1.430839  1.978426
452.5  0.527414  1.455388  1.982802
453.0  0.499840  1.479932  1.979772
453.5  0.471487  1.510159  1.981646
454.0  0.447696  1.535190  1.982885
454.5  0.430823  1.551703  1.982525
455.0  0.420202  1.562606  1.982808
455.5  0.413384  1.569393  1.982777
456.0  0.407659  1.573556  1.981215
456.5  0.401097  1.582880  1.983977
457.0  0.392918  1.587231  1.980148
457.5  0.383480  1.601329  1.984809
458.0  0.374168  1.604459  1.978627
458.5  0.367225  1.617118  1.984343
459.0  0.365347  1.610824  1.976171
459.5  0.370856  1.611546  1.982402
460.0  0.384555  1.595334  1.979890
460.5  0.404748  1.575126  1.979874
461.0  0.427076  1.551301  1.978377
461.5  0.445639  1.529220  1.974859
462.0  0.455192  1.526793  1.981985
462.5  0.453502  1.520381  1.973882
463.0  0.442567  1.538416  1.980982
463.5  0.427832  1.546330  1.974162
464.0  0.415659  1.566532  1.982191
464.5  0.410422  1.566240  1.976661
465.0  0.412820  1.567522  1.980342
465.5  0.420139  1.558332  1.978470
466.0  0.427913  1.552057  1.979970
466.5  0.431836  1.546994  1.978830
467.0  0.429027  1.549592  1.978618
467.5  0.418479  1.560256  1.978735
468.0  0.401007  1.580237  1.981243
468.5  0.379003  1.599804  1.978807
469.0  0.356090  1.626441  1.982531
469.5  0.336509  1.640664  1.977173
470.0  0.324133  1.656680  1.980813
470.5  0.321238  1.655169  1.976407
471.0  0.327459  1.650980  1.978438
471.5  0.339514  1.636305  1.975819
472.0  0.352125  1.622526  1.974650
472.5  0.360045  1.623261  1.983305
473.0  0.360431  1.611476  1.971907
473.5  0.354316  1.629956  1.984272
474.0  0.346187  1.624187  1.970375
474.5  0.341728  1.645423  1.987151
475.0  0.344954  1.628763  1.973716
475.5  0.356387  1.625577  1.981964
476.0  0.373142  1.603827  1.976969
476.5  0.390512  1.588830  1.979342
477.0  0.403908  1.574720  1.978628
477.5  0.410233  1.565804  1.976036
478.0  0.408426  1.572486  1.980911
478.5  0.399449  1.580375  1.979823
479.0  0.385994  1.595464  1.981458
479.5  0.371975  1.609898  1.981873
480.0  0.361689  1.615629  1.977318
480.5  0.358643  1.623033  1.981676
481.0  0.364320  1.611892  1.976212
481.5  0.377401  1.605503  1.982904
482.0  0.393937  1.582340  1.976277
482.5  0.408663  1.570324  1.978987
483.0  0.417128  1.560555  1.977683
483.5  0.417791  1.557522  1.975313
484.0  0.412988  1.571793  1.984781
484.5  0.408061  1.564470  1.972531
485.0  0.408912  1.578777  1.987690
485.5  0.419238  1.551575  1.970813
486.0  0.438932  1.551813  1.990746
486.5  0.464349  1.507119  1.971468
487.0  0.489949  1.494520  1.984468
487.5  0.510244  1.462706  1.972950
488.0  0.521219  1.462954  1.984174
488.5  0.521001  1.459926  1.980926
489.0  0.510023  1.470834  1.980857
489.5  0.490901  1.491258  1.982158
490.0  0.467982  1.511507  1.979489
490.5  0.446458  1.539777  1.986234
491.0  0.430995  1.550074  1.981069
491.5  0.424218  1.560047  1.984265
492.0  0.425629  1.557167  1.982796
492.5  0.431579  1.550285  1.981864
493.0  0.436567  1.549257  1.985824
493.5  0.435562  1.545801  1.981362
494.0  0.426410  1.558573  1.984984
494.5  0.411120  1.567800  1.978920
495.0  0.395174  1.587294  1.982469
495.5  0.385089  1.597948  1.983037
496.0  0.385467  1.591771  1.977237
496.5  0.397135  1.588148  1.985283
497.0  0.417169  1.551305  1.968474
497.5  0.440419  1.550318  1.990737
498.0  0.461453  1.506653  1.968106
498.5  0.476014  1.511481  1.987494
499.0  0.481744  1.484847  1.966591
499.5  0.478378  1.508956  1.987334
500.0  0.467642  1.506056  1.973698
500.5  0.452880  1.516568  1.969448
501.0  0.438269  1.531121  1.969390
501.5  0.427607  1.543861  1.971468
502.0  0.422949  1.545383  1.968333
502.5  0.423636  1.555840  1.979476
503.0  0.426270  1.541671  1.967941
503.5  0.425909  1.551055  1.976964
504.0  0.418164  1.553871  1.972035
504.5  0.401379  1.575486  1.976865
505.0  0.377765  1.597260  1.975025
505.5  0.352728  1.620795  1.973523
506.0  0.332604  1.645033  1.977637
506.5  0.321972  1.649313  1.971285
507.0  0.322008  1.653451  1.975460
507.5  0.330575  1.641618  1.972193
508.0  0.343645  1.625645  1.969290
508.5  0.357032  1.614833  1.971865
509.0  0.367610  1.596703  1.964313
509.5  0.373817  1.605281  1.979098
510.0  0.375656  1.583570  1.959226
510.5  0.374493  1.605390  1.979883
511.0  0.372696  1.583117  1.955813
511.5  0.373057  1.605243  1.978300
512.0  0.377931  1.580736  1.958668
512.5  0.388238  1.586053  1.974291
513.0  0.402705  1.561153  1.963859
513.5  0.417842  1.550003  1.967845
514.0  0.428941  1.541510  1.970451
514.5  0.431936  1.531390  1.963326
515.0  0.425341  1.550402  1.975743
515.5  0.411192  1.553313  1.964505
516.0  0.394289  1.579371  1.973660
516.5  0.380027  1.584951  1.964978
517.0  0.372024  1.600231  1.972255
517.5  0.370862  1.597556  1.968418
518.0  0.374478  1.593233  1.967710
518.5  0.379653  1.590281  1.969934
519.0  0.383621  1.585275  1.968896
519.5  0.385053  1.584509  1.969562
520.0  0.384274  1.585999  1.970273
520.5  0.382931  1.585064  1.967995
521.0  0.383382  1.590425  1.973807
521.5  0.387986  1.571643  1.959629
522.0  0.398408  1.579116  1.977524
522.5  0.415010  1.542257  1.957267
523.0  0.436447  1.540604  1.977052
523.5  0.459592  1.494866  1.954458
524.0  0.479968  1.494708  1.974676
524.5  0.492806  1.467016  1.959822
525.0  0.494597  1.472436  1.967033
525.5  0.484568  1.483173  1.967741
526.0  0.465264  1.496946  1.962210
526.5  0.441677  1.530801  1.972478
527.0  0.419217  1.539187  1.958404
527.5  0.401576  1.574926  1.976502
528.0  0.389603  1.570964  1.960568
528.5  0.381610  1.595220  1.976830
529.0  0.374664  1.593070  1.967733
529.5  0.366056  1.609997  1.976053
530.0  0.354361  1.616931  1.971292
530.5  0.339913  1.632315  1.972227
531.0  0.324753  1.650290  1.975043
531.5  0.312149  1.662507  1.974656
532.0  0.305743  1.667425  1.973167
532.5  0.308495  1.664334  1.972828
533.0  0.321713  1.649911  1.971624
533.5  0.344470  1.637315  1.981785
534.0  0.373620  1.592135  1.965755
534.5  0.404508  1.575561  1.980069
535.0  0.432267  1.530619  1.962887
535.5  0.453398  1.532276  1.985673
536.0  0.467008  1.493456  1.960464
536.5  0.475039  1.506766  1.981805
537.0  0.481200  1.484066  1.965266
537.5  0.489084  1.490316  1.979400
538.0  0.500451  1.469846  1.970297
538.5  0.514542  1.458513  1.973055
539.0  0.528591  1.448252  1.976843
539.5  0.539028  1.425093  1.964120
540.0  0.542714  1.434678  1.977392
540.5  0.537830  1.429091  1.966922
541.0  0.524326  1.458567  1.982893
541.5  0.503987  1.461701  1.965688
542.0  0.480092  1.496885  1.976977
542.5  0.456617  1.513417  1.970034
543.0  0.437120  1.539684  1.976804
543.5  0.423643  1.547867  1.971510
544.0  0.416027  1.554177  1.970205
544.5  0.411963  1.561164  1.973127
545.0  0.407818  1.566221  1.974039
545.5  0.400063  1.573146  1.973208
546.0  0.386849  1.586261  1.973110
546.5  0.369072  1.597030  1.966102
547.0  0.350319  1.626109  1.976429
547.5  0.335583  1.628332  1.963914
548.0  0.329301  1.649017  1.978318
548.5  0.333713  1.624974  1.958687
549.0  0.348258  1.628681  1.976939
549.5  0.370100  1.589622  1.959722
550.0  0.395251  1.580595  1.975846
550.5  0.419687  1.545298  1.964984
551.0  0.440155  1.526926  1.967082
551.5  0.454658  1.513596  1.968254
552.0  0.462680  1.501149  1.963829
552.5  0.465133  1.511002  1.976134
553.0  0.463911  1.496829  1.960741
553.5  0.461067  1.515895  1.976962
554.0  0.457821  1.505265  1.963085
554.5  0.453804  1.523819  1.977622
555.0  0.446938  1.519651  1.966589
555.5  0.434154  1.540573  1.974726
556.0  0.412827  1.558110  1.970937
556.5  0.382408  1.590653  1.973061
557.0  0.345425  1.626592  1.972017
557.5  0.307214  1.663916  1.971130
558.0  0.274328  1.697352  1.971680
558.5  0.252338  1.723295  1.975632
559.0  0.244078  1.724210  1.968287
559.5  0.249094  1.727983  1.977077
560.0  0.264303  1.701173  1.965476
560.5  0.285318  1.693105  1.978423
561.0  0.307816  1.654532  1.962349
561.5  0.328568  1.648152  1.976720
562.0  0.346050  1.619387  1.965437
562.5  0.360575  1.612299  1.972874
563.0  0.373905  1.595708  1.969612
563.5  0.388345  1.578401  1.966746
564.0  0.405578  1.567073  1.972651
564.5  0.425652  1.539017  1.964669
565.0  0.446556  1.530545  1.977101
565.5  0.464588  1.496981  1.961569
566.0  0.475486  1.497597  1.973083
566.5  0.476036  1.487325  1.963361
567.0  0.465608  1.506639  1.972247
567.5  0.446902  1.517924  1.964826
568.0  0.425364  1.545821  1.971185
568.5  0.407352  1.563618  1.970969
569.0  0.397837  1.571798  1.969634
569.5  0.398737  1.571204  1.969941
570.0  0.408562  1.563484  1.972047
570.5  0.423295  1.547558  1.970853
571.0  0.437896  1.534871  1.972766
571.5  0.447775  1.518982  1.966757
572.0  0.449917  1.524622  1.974538
572.5  0.443602  1.523106  1.966708
573.0  0.430652  1.545921  1.976573
573.5  0.415054  1.553443  1.968497
574.0  0.401840  1.572395  1.974235
574.5  0.395420  1.575415  1.970835
575.0  0.397940  1.572491  1.970431
575.5  0.408347  1.565836  1.974183
576.0  0.422612  1.542762  1.965373
576.5  0.435108  1.539214  1.974322
577.0  0.440728  1.521813  1.962542
577.5  0.436975  1.539660  1.976635
578.0  0.425147  1.538850  1.963996
578.5  0.410021  1.563254  1.973275
579.0  0.398044  1.568908  1.966952
579.5  0.394824  1.579624  1.974448
580.0  0.403064  1.568785  1.971849
580.5  0.421793  1.548585  1.970378
581.0  0.446970  1.523906  1.970876
581.5  0.472916  1.498996  1.971912
582.0  0.493894  1.479233  1.973127
582.5  0.505430  1.466322  1.971752
583.0  0.505268  1.464939  1.970207
583.5  0.493891  1.479429  1.973319
584.0  0.474452  1.496268  1.970721
584.5  0.451953  1.522539  1.974492
585.0  0.431730  1.538381  1.970111
585.5  0.417697  1.556217  1.973914
586.0  0.411006  1.558289  1.969294
586.5  0.409696  1.563322  1.973018
587.0  0.409566  1.562247  1.971813
587.5  0.405998  1.563733  1.969731
588.0  0.396061  1.576176  1.972237
588.5  0.379964  1.589521  1.969485
589.0  0.361179  1.613963  1.975141
589.5  0.345091  1.622362  1.967452
590.0  0.336804  1.638506  1.975311
590.5  0.339125  1.630865  1.969990
591.0  0.351613  1.623114  1.974727
591.5  0.370953  1.596362  1.967314
592.0  0.392247  1.578087  1.970335
592.5  0.410574  1.558473  1.969048
593.0  0.422321  1.547854  1.970174
593.5  0.426073  1.544476  1.970549
594.0  0.422957  1.546425  1.969382
594.5  0.416305  1.554334  1.970639
595.0  0.410624  1.561058  1.971682
595.5  0.410056  1.561726  1.971781
596.0  0.416849  1.554957  1.971806
596.5  0.430418  1.541759  1.972177
597.0  0.447401  1.524050  1.971451
597.5  0.462756  1.506094  1.968851
598.0  0.471522  1.497158  1.968680
598.5  0.470644  1.498712  1.969357
599.0  0.460158  1.510901  1.971059
599.5  0.443205  1.527406  1.970611
600.0  0.424815  1.545650  1.970465
600.5  0.409947  1.560509  1.970456
601.0  0.401624  1.569682  1.971306
601.5  0.399966  1.571888  1.971854
602.0  0.402420  1.569629  1.972049
602.5  0.404895  1.565079  1.969975
603.0  0.403261  1.567868  1.971129
603.5  0.394699  1.576367  1.971066
604.0  0.378616  1.592504  1.971121
604.5  0.356957  1.614244  1.971201
605.0  0.333792  1.638483  1.972275
605.5  0.314215  1.657408  1.971623
606.0  0.302786  1.667222  1.970008
606.5  0.302071  1.671291  1.973361
607.0  0.311795  1.659900  1.971696
607.5  0.328955  1.642088  1.971043
608.0  0.348830  1.619781  1.968611
608.5  0.366555  1.606874  1.973430
609.0  0.378741  1.593344  1.972085
609.5  0.384555  1.588171  1.972726
610.0  0.385840  1.589138  1.974979
610.5  0.386177  1.587648  1.973825
611.0  0.389232  1.584950  1.974182
611.5  0.397112  1.577743  1.974854
612.0  0.409454  1.564689  1.974143
612.5  0.423580  1.551422  1.975002
613.0  0.435536  1.536549  1.972085
613.5  0.441536  1.534573  1.976109
614.0  0.439286  1.532583  1.971869
614.5  0.428842  1.547098  1.975940
615.0  0.412744  1.561889  1.974633
615.5  0.395317  1.579992  1.975309
616.0  0.381264  1.593244  1.974507
616.5  0.374003  1.597292  1.971295
617.0  0.374455  1.603037  1.977492
617.5  0.380799  1.588305  1.969104
618.0  0.389305  1.587969  1.977274
618.5  0.395840  1.572755  1.968595
619.0  0.397466  1.580181  1.977647
619.5  0.393568  1.577858  1.971426
620.0  0.386167  1.589047  1.975215
620.5  0.379282  1.592401  1.971683
621.0  0.377492  1.596126  1.973618
621.5  0.384187  1.591395  1.975582
622.0  0.400162  1.573844  1.974005
622.5  0.423182  1.551017  1.974199
623.0  0.448658  1.523453  1.972111
623.5  0.471134  1.504304  1.975438
624.0  0.486014  1.487730  1.973744
624.5  0.490989  1.482195  1.973184
625.0  0.486776  1.488645  1.975421
625.5  0.476928  1.498049  1.974977
626.0  0.466624  1.508606  1.975230
626.5  0.460740  1.513157  1.973897
627.0  0.461905  1.514171  1.976076
627.5  0.469408  1.507547  1.976955
628.0  0.479498  1.491125  1.970623
628.5  0.486878  1.491188  1.978066
629.0  0.486711  1.483573  1.970284
629.5  0.476330  1.507467  1.983796
630.0  0.456160  1.516006  1.972166
630.5  0.429725  1.557501  1.987226
631.0  0.402754  1.573509  1.976263
631.5  0.381607  1.604722  1.986328
632.0  0.371365  1.608572  1.979937
632.5  0.374208  1.608810  1.983018
633.0  0.388682  1.593471  1.982152
633.5  0.410180  1.569227  1.979407
634.0  0.432481  1.551435  1.983915
634.5  0.449802  1.529538  1.979340
635.0  0.458721  1.524501  1.983222
635.5  0.459366  1.520061  1.979427
636.0  0.455375  1.526936  1.982311
636.5  0.452437  1.531462  1.983900
637.0  0.455777  1.525252  1.981029
637.5  0.467587  1.517005  1.984592
638.0  0.485688  1.492468  1.978156
638.5  0.504120  1.478777  1.982897
639.0  0.515341  1.462319  1.977660
639.5  0.512925  1.465122  1.978047
640.0  0.493649  1.489020  1.982670
640.5  0.458379  1.518001  1.976380
641.0  0.411769  1.573036  1.984805
641.5  0.361062  1.609723  1.970785
642.0  0.314309  1.674967  1.989276
642.5  0.278371  1.690729  1.969099
643.0  0.257157  1.732108  1.989265
643.5  0.250645  1.722093  1.972738
644.0  0.255038  1.729966  1.985004
644.5  0.264127  1.712262  1.976389
645.0  0.271482  1.707881  1.979363
645.5  0.272875  1.708775  1.981650
646.0  0.268100  1.707766  1.975866
646.5  0.261424  1.725154  1.986578
647.0  0.260118  1.718506  1.978623
647.5  0.271376  1.715924  1.987300
648.0  0.298884  1.681211  1.980095
648.5  0.340786  1.644477  1.985263
649.0  0.390145  1.593745  1.983891
649.5  0.437578  1.543721  1.981299
650.0  0.474594  1.507787  1.982381
650.5  0.496135  1.483572  1.979706
651.0  0.501552  1.481873  1.983425
651.5  0.494155  1.487452  1.981607
652.0  0.479821  1.495407  1.975229
652.5  0.465189  1.519249  1.984438
653.0  0.455831  1.515286  1.971118
653.5  0.454763  1.533228  1.987991
654.0  0.461619  1.503183  1.964802
654.5  0.472745  1.514495  1.987240
655.0  0.482253  1.480349  1.962603
655.5  0.483886  1.498600  1.982486
656.0  0.473263  1.493555  1.966818
656.5  0.449864  1.526611  1.976475
657.0  0.417864  1.557920  1.975784
657.5  0.385080  1.585146  1.970226
658.0  0.360024  1.620370  1.980394
658.5  0.348240  1.618017  1.966257
659.0  0.349829  1.635990  1.985820
659.5  0.359602  1.607323  1.966924
660.0  0.369706  1.612270  1.981976
660.5  0.373190  1.597796  1.970985
661.0  0.366707  1.616461  1.983168
661.5  0.351443  1.624797  1.976240
662.0  0.332360  1.648132  1.980491
662.5  0.316412  1.660567  1.976978
663.0  0.310397  1.668719  1.979116
663.5  0.318991  1.663292  1.982282
664.0  0.343358  1.636686  1.980043
664.5  0.380633  1.595017  1.975650
665.0  0.424416  1.561223  1.985640
665.5  0.466229  1.507338  1.973567
666.0  0.497691  1.490133  1.987824
666.5  0.512991  1.451418  1.964410
667.0  0.510927  1.479619  1.990547
667.5  0.495603  1.471623  1.967226
668.0  0.475030  1.517907  1.992937
668.5  0.457765  1.510437  1.968203
669.0  0.449001  1.536510  1.985511
669.5  0.448212  1.552336  2.000547
670.0  0.449765  1.559474  2.009239
670.5  0.446055  1.563957  2.010012
671.0  0.431297  1.574953  2.006251
671.5  0.404099  1.595560  1.999660
672.0  0.367977  1.621546  1.989523
672.5  0.330106  1.647606  1.977712
673.0  0.299110  1.668223  1.967333
673.5  0.282651  1.672550  1.955201
674.0  0.285426  1.659289  1.944715
674.5  0.307953  1.631799  1.939752
675.0  0.346392  1.589624  1.936017
675.5  0.393411  1.539313  1.932724
676.0  0.439934  1.494565  1.934499
676.5  0.477481  1.459351  1.936832
677.0  0.500606  1.439692  1.940299
677.5  0.508760  1.435802  1.944562
678.0  0.506677  1.440302  1.946980
678.5  0.502613  1.442989  1.945602
679.0  0.504685  1.435383  1.940068
679.5  0.516854  1.414634  1.931489
680.0  0.536749  1.382313  1.919063
680.5  0.556646  1.344423  1.901069
681.0  0.567034  1.314284  1.881318
681.5  0.560725  1.304255  1.864981
682.0  0.535562  1.314513  1.850075
682.5  0.494912  1.340397  1.835309
683.0  0.446333  1.380191  1.826524
683.5  0.399260  1.425976  1.825235
684.0  0.362500  1.463511  1.826011
684.5  0.342091  1.486304  1.828396
685.0  0.339902  1.495601  1.835503
685.5  0.353228  1.493144  1.846371
686.0  0.375481  1.478138  1.853619
686.5  0.397904  1.460219  1.858123
687.0  0.412036  1.452546  1.864582
687.5  0.412445  1.458181  1.870625
688.0  0.398880  1.474842  1.873722
688.5  0.376827  1.494833  1.871660
689.0  0.355671  1.513744  1.869415
689.5  0.344744  1.523652  1.868396
690.0  0.348968  1.520908  1.869876
690.5  0.366471  1.503879  1.870350
691.0  0.389595  1.483182  1.872777
691.5  0.408609  1.473099  1.881708
692.0  0.415949  1.478539  1.894488
692.5  0.408906  1.503538  1.912443
693.0  0.389975  1.545152  1.935127
693.5  0.365349  1.595641  1.960990
694.0  0.342546  1.646213  1.988760
694.5  0.328066  1.683605  2.011672
695.0  0.325633  1.704041  2.029674
695.5  0.335288  1.707841  2.043128
696.0  0.353409  1.695213  2.048622
696.5  0.373613  1.672552  2.046166
697.0  0.388414  1.647907  2.036321
697.5  0.391430  1.630859  2.022289
698.0  0.379723  1.627106  2.006829
698.5  0.355524  1.637315  1.992839
699.0  0.326371  1.651219  1.977589
699.5  0.302929  1.662484  1.965412
700.0  0.294863  1.661277  1.956140
700.5  0.306513  1.641006  1.947520
701.0  0.334755  1.609021  1.943776
701.5  0.370383  1.573929  1.944311
702.0  0.402223  1.543762  1.945985
702.5  0.421681  1.526338  1.948019
703.0  0.425568  1.524272  1.949840
703.5  0.416397  1.535839  1.952236
704.0  0.400661  1.552765  1.953426
704.5  0.386203  1.563587  1.949790
705.0  0.379709  1.560457  1.940167
705.5  0.384947  1.544556  1.929503
706.0  0.401981  1.512981  1.914963
706.5  0.427323  1.467660  1.894983
707.0  0.454841  1.421947  1.876788
707.5  0.477304  1.381304  1.858608
708.0  0.488395  1.355980  1.844375
708.5  0.484884  1.348085  1.832969
709.0  0.468290  1.359001  1.827291
709.5  0.445098  1.382072  1.827170
710.0  0.424784  1.406519  1.831304
710.5  0.415950  1.423475  1.839425
711.0  0.422252  1.428168  1.850420
711.5  0.440448  1.423142  1.863589
712.0  0.461861  1.413019  1.874880
712.5  0.476495  1.405044  1.881539
713.0  0.477471  1.413743  1.891214
713.5  0.463623  1.435458  1.899081
714.0  0.439428  1.463189  1.902617
714.5  0.412831  1.488940  1.901770
715.0  0.392199  1.509278  1.901478
715.5  0.383634  1.518943  1.902577
716.0  0.389362  1.514011  1.903372
716.5  0.407421  1.500173  1.907594
717.0  0.432405  1.482230  1.914635
717.5  0.456898  1.465926  1.922824
718.0  0.473311  1.465674  1.938985
718.5  0.475927  1.481234  1.957161
719.0  0.462876  1.510470  1.973346
719.5  0.437438  1.556897  1.994335
720.0  0.407803  1.613117  2.020920
720.5  0.384640  1.654352  2.038991
721.0  0.376885  1.672466  2.049351
721.5  0.387559  1.671359  2.058919
722.0  0.411966  1.651965  2.063931
722.5  0.439529  1.618973  2.058502
723.0  0.458376  1.588585  2.046961
723.5  0.460241  1.576107  2.036348
724.0  0.443407  1.579160  2.022567
724.5  0.412773  1.591132  2.003905
725.0  0.377545  1.610911  1.988456
725.5  0.347820  1.633491  1.981311
726.0  0.331418  1.639863  1.971281
726.5  0.331878  1.628961  1.960839
727.0  0.347955  1.612658  1.960613
727.5  0.374402  1.587430  1.961832
728.0  0.403564  1.555376  1.958940
728.5  0.427399  1.530655  1.958054
729.0  0.439659  1.519810  1.959469
729.5  0.437926  1.516865  1.954791
730.0  0.424892  1.520358  1.945250
730.5  0.408050  1.528794  1.936844
731.0  0.397233  1.527853  1.925087
731.5  0.400509  1.509015  1.909525
732.0  0.420237  1.473847  1.894084
732.5  0.451517  1.431010  1.882527
733.0  0.484094  1.387151  1.871245
733.5  0.506738  1.357428  1.864166
734.0  0.511792  1.353192  1.864984
734.5  0.497815  1.371263  1.869078
735.0  0.469536  1.406781  1.876317
735.5  0.435633  1.454620  1.890253
736.0  0.405524  1.499555  1.905078
736.5  0.386400  1.532528  1.918929
737.0  0.381401  1.549701  1.931102
737.5  0.389202  1.553769  1.942971
738.0  0.404839  1.546873  1.951712
738.5  0.421282  1.525065  1.946347
739.0  0.431375  1.517724  1.949100
739.5  0.429840  1.516978  1.946819
740.0  0.415055  1.531514  1.946569
740.5  0.390059  1.559333  1.949392
741.0  0.362084  1.587533  1.949617
741.5  0.340184  1.608372  1.948556
742.0  0.331509  1.619635  1.951144
742.5  0.337882  1.607046  1.944928
743.0  0.354636  1.598201  1.952837
743.5  0.372569  1.567375  1.939944
744.0  0.382027  1.567474  1.949502
744.5  0.376997  1.565093  1.942090
745.0  0.357320  1.589815  1.947135
745.5  0.328394  1.615068  1.943462
746.0  0.298889  1.645299  1.944188
746.5  0.277630  1.672688  1.950318
747.0  0.270842  1.671473  1.942315
747.5  0.280572  1.672810  1.953382
748.0  0.304529  1.632602  1.937131
748.5  0.337108  1.616826  1.953933
749.0  0.371085  1.568678  1.939763
749.5  0.399576  1.550899  1.950476
750.0  0.417924  1.522737  1.940661
750.5  0.425182  1.523284  1.948466
751.0  0.424693  1.519582  1.944275
751.5  0.423166  1.521974  1.945140
752.0  0.428058  1.518936  1.946994
752.5  0.444012  1.502216  1.946228
753.0  0.470048  1.476579  1.946627
753.5  0.499228  1.443558  1.942786
754.0  0.521258  1.423081  1.944339
754.5  0.526773  1.419557  1.946330
755.0  0.511151  1.432912  1.944063
755.5  0.476229  1.471018  1.947246
756.0  0.429511  1.515236  1.944747
756.5  0.381542  1.567077  1.948619
757.0  0.342588  1.603407  1.945995
757.5  0.319768  1.626037  1.945805
758.0  0.315425  1.632165  1.947590
758.5  0.327022  1.616690  1.943712
759.0  0.348369  1.602026  1.950395
759.5  0.371678  1.567508  1.939186
760.0  0.389892  1.560068  1.949959
760.5  0.398814  1.539853  1.938667
761.0  0.398553  1.548990  1.947543
761.5  0.393745  1.546584  1.940329
762.0  0.392100  1.557082  1.949183
762.5  0.401340  1.546388  1.947729
763.0  0.425522  1.518391  1.943913
763.5  0.462500  1.484256  1.946756
764.0  0.504080  1.443422  1.947502
764.5  0.539046  1.406150  1.945196
765.0  0.557588  1.383475  1.941062
765.5  0.554984  1.390962  1.945946
766.0  0.533049  1.413337  1.946385
766.5  0.499124  1.443847  1.942971
767.0  0.463368  1.482620  1.945988
767.5  0.435480  1.511347  1.946827
768.0  0.421924  1.523004  1.944928
768.5  0.424362  1.519364  1.943726
769.0  0.439566  1.507203  1.946769
769.5  0.460674  1.483867  1.944540
770.0  0.479335  1.460055  1.939390
770.5  0.488227  1.455879  1.944107
771.0  0.483369  1.458515  1.941885
771.5  0.465623  1.475802  1.941425
772.0  0.440726  1.498340  1.939066
772.5  0.417458  1.530049  1.947507
773.0  0.404200  1.537882  1.942082
773.5  0.405164  1.537209  1.942374
774.0  0.418127  1.523618  1.941745
774.5  0.435065  1.510836  1.945900
775.0  0.445518  1.495155  1.940673
775.5  0.441009  1.497363  1.938372
776.0  0.418387  1.527183  1.945569
776.5  0.380835  1.563481  1.944317
777.0  0.336525  1.606219  1.942744
777.5  0.295775  1.648799  1.944574
778.0  0.267844  1.678380  1.946224
778.5  0.258324  1.687128  1.945452
779.0  0.267766  1.676651  1.944417
779.5  0.291776  1.652996  1.944772
780.0  0.322437  1.621870  1.944307
780.5  0.350645  1.593811  1.944456
781.0  0.368808  1.575878  1.944686
781.5  0.373258  1.570917  1.944175
782.0  0.365646  1.581759  1.947405
782.5  0.352613  1.594776  1.947389
783.0  0.343469  1.606578  1.950047
783.5  0.346404  1.603472  1.949876
784.0  0.364792  1.586942  1.951734
784.5  0.395428  1.554274  1.949702
785.0  0.429760  1.519953  1.949714
785.5  0.457538  1.491662  1.949200
786.0  0.471013  1.477117  1.948131
786.5  0.467761  1.481887  1.949648
787.0  0.451168  1.500240  1.951408
787.5  0.428824  1.520280  1.949104
788.0  0.409740  1.542394  1.952134
788.5  0.401433  1.551067  1.952500
789.0  0.407697  1.548539  1.956236
789.5  0.427573  1.526773  1.954346
790.0  0.455682  1.499386  1.955068
790.5  0.483776  1.470665  1.954441
791.0  0.503125  1.452161  1.955286
791.5  0.507183  1.449230  1.956414
792.0  0.493831  1.462006  1.955838
792.5  0.466395  1.488689  1.955084
793.0  0.432796  1.522630  1.955425
793.5  0.402759  1.553591  1.956351
794.0  0.383957  1.574758  1.958715
794.5  0.378781  1.581320  1.960101
795.0  0.383429  1.575374  1.958803
795.5  0.389836  1.568128  1.957964
796.0  0.389469  1.567284  1.956753
796.5  0.377078  1.577142  1.954220
797.0  0.352760  1.601963  1.954723
797.5  0.321795  1.636372  1.958168
798.0  0.292671  1.663345  1.956016
798.5  0.274250  1.682459  1.956709
799.0  0.273012  1.678915  1.951927
799.5  0.291104  1.668202  1.959307
800.0  0.325635  1.628926  1.954561
800.5  0.369338  1.587644  1.956982
801.0  0.412438  1.537709  1.950146
801.5  0.445312  1.511441  1.956754
802.0  0.461337  1.491286  1.952623
802.5  0.459132  1.491382  1.950514
803.0  0.443342  1.509828  1.953170
803.5  0.423284  1.527938  1.951222
804.0  0.409532  1.548128  1.957660
804.5  0.409592  1.542725  1.952316
805.0  0.424635  1.530353  1.954988
805.5  0.448994  1.501929  1.950923
806.0  0.472738  1.480956  1.953694
806.5  0.485973  1.463771  1.949745
807.0  0.482761  1.464759  1.947520
807.5  0.463072  1.488098  1.951170
808.0  0.432389  1.519744  1.952132
808.5  0.399553  1.549303  1.948856
809.0  0.373854  1.572810  1.946664
809.5  0.362270  1.585953  1.948223
810.0  0.367572  1.584865  1.952437
810.5  0.387657  1.554818  1.942475
811.0  0.416235  1.533560  1.949795
811.5  0.444672  1.500072  1.944745
812.0  0.464582  1.487557  1.952139
812.5  0.470535  1.470709  1.941244
813.0  0.462119  1.486610  1.948729
813.5  0.444495  1.500853  1.945348
814.0  0.426839  1.524369  1.951208
814.5  0.418861  1.532754  1.951615
815.0  0.426633  1.517708  1.944341
815.5  0.449702  1.502826  1.952528
816.0  0.481035  1.462949  1.943983
816.5  0.509913  1.444978  1.954892
817.0  0.526276  1.416564  1.942840
817.5  0.524450  1.427234  1.951684
818.0  0.504821  1.440075  1.944896
818.5  0.473189  1.479306  1.952496
819.0  0.438473  1.512099  1.950572
819.5  0.409753  1.542358  1.952111
820.0  0.393570  1.557557  1.951127
820.5  0.392163  1.560006  1.952169
821.0  0.403001  1.549196  1.952196
821.5  0.419664  1.532780  1.952443
822.0  0.433814  1.514312  1.948125
822.5  0.437792  1.516364  1.954156
823.0  0.427240  1.519188  1.946429
823.5  0.402988  1.552052  1.955040
824.0  0.371398  1.574290  1.945688
824.5  0.342609  1.614870  1.957479
825.0  0.326867  1.623270  1.950137
825.5  0.330256  1.623177  1.953433
826.0  0.351839  1.597729  1.949568
826.5  0.383772  1.565518  1.949290
827.0  0.414447  1.540022  1.954469
827.5  0.433067  1.510696  1.943763
828.0  0.433490  1.522975  1.956466
828.5  0.415918  1.526558  1.942476
829.0  0.386196  1.571440  1.957636
829.5  0.353427  1.590079  1.943506
830.0  0.326894  1.629676  1.956570
830.5  0.313231  1.635745  1.948977
831.0  0.314578  1.638726  1.953305
831.5  0.328128  1.624604  1.952732
832.0  0.347149  1.607670  1.954819
832.5  0.363185  1.590906  1.954091
833.0  0.368865  1.582266  1.951131
833.5  0.360601  1.591434  1.952036
834.0  0.340341  1.615689  1.956030
834.5  0.315559  1.635807  1.951366
835.0  0.297037  1.661189  1.958227
835.5  0.294838  1.655185  1.950023
836.0  0.313981  1.643525  1.957506
836.5  0.351903  1.600511  1.952414
837.0  0.399162  1.555434  1.954596
837.5  0.443105  1.509493  1.952598
838.0  0.472681  1.475197  1.947878
838.5  0.482173  1.474331  1.956504
839.0  0.472554  1.472644  1.945198
839.5  0.450444  1.512386  1.962830
840.0  0.425488  1.521658  1.947146
840.5  0.407193  1.556401  1.963594
841.0  0.402094  1.547075  1.949169
841.5  0.411943  1.551013  1.962955
842.0  0.433287  1.521980  1.955267
842.5  0.458555  1.500130  1.958685
843.0  0.478350  1.479525  1.957875
843.5  0.484413  1.471169  1.955581
844.0  0.472498  1.489750  1.962248
844.5  0.444290  1.511465  1.955756
845.0  0.407489  1.554218  1.961707
845.5  0.373604  1.583049  1.956653
846.0  0.353853  1.609084  1.962938
846.5  0.354692  1.604619  1.959311
847.0  0.375051  1.584208  1.959259
847.5  0.406799  1.554800  1.961599
848.0  0.438220  1.519658  1.957878
848.5  0.458743  1.501174  1.959918
849.0  0.462689  1.492152  1.954841
849.5  0.450697  1.508823  1.959520
850.0  0.428792  1.533873  1.962665
850.5  0.405891  1.550521  1.956412
851.0  0.390782  1.572318  1.963100
851.5  0.389460  1.566898  1.956358
852.0  0.403444  1.567057  1.970502
852.5  0.429441  1.518779  1.948220
853.0  0.460372  1.507723  1.968096
853.5  0.487484  1.462721  1.950204
854.0  0.503003  1.465710  1.968713
854.5  0.502663  1.445698  1.948362
855.0  0.487338  1.474395  1.961734
855.5  0.463083  1.495724  1.958807
856.0  0.439226  1.520634  1.959860
856.5  0.424877  1.534169  1.959045
857.0  0.425109  1.532886  1.957995
857.5  0.438556  1.526001  1.964557
858.0  0.457746  1.496900  1.954646
858.5  0.472145  1.488857  1.961002
859.0  0.472445  1.483842  1.956287
859.5  0.454125  1.504786  1.958911
860.0  0.418940  1.540539  1.959478
860.5  0.374112  1.586694  1.960806
861.0  0.329875  1.632757  1.962633
861.5  0.296344  1.663802  1.960145
862.0  0.280638  1.682620  1.963258
862.5  0.285028  1.677538  1.962566
863.0  0.306550  1.653911  1.960462
863.5  0.338160  1.627041  1.965200
864.0  0.371032  1.583018  1.954050
864.5  0.397348  1.569683  1.967031
865.0  0.412746  1.536455  1.949201
865.5  0.417674  1.551672  1.969346
866.0  0.417100  1.530076  1.947177
866.5  0.418483  1.547942  1.966426
867.0  0.428547  1.524064  1.952611
867.5  0.450098  1.510720  1.960819
868.0  0.480335  1.477351  1.957686
868.5  0.511571  1.446482  1.958053
869.0  0.534152  1.430204  1.964356
869.5  0.540199  1.412573  1.952771
870.0  0.526533  1.439642  1.966176
870.5  0.495704  1.462739  1.958443
871.0  0.455020  1.515162  1.970182
871.5  0.414158  1.550633  1.964792
872.0  0.382210  1.584516  1.966725
872.5  0.364998  1.600259  1.965257
873.0  0.363434  1.603579  1.967014
873.5  0.373404  1.595231  1.968635
874.0  0.387245  1.577406  1.964652
874.5  0.396396  1.567832  1.964228
875.0  0.394378  1.571728  1.966106
875.5  0.379197  1.579538  1.958736
876.0  0.354319  1.611729  1.966048
876.5  0.327739  1.629858  1.957597
877.0  0.309243  1.662649  1.971892
877.5  0.306687  1.647143  1.953830
878.0  0.322708  1.646927  1.969636
878.5  0.353336  1.602176  1.955512
879.0  0.389236  1.579164  1.968400
879.5  0.419093  1.538456  1.957550
880.0  0.433646  1.528583  1.962229
880.5  0.428717  1.531497  1.960215
881.0  0.406299  1.550613  1.956912
881.5  0.373644  1.593648  1.967292
882.0  0.340918  1.614627  1.955545
882.5  0.318145  1.651117  1.969262
883.0  0.312232  1.645010  1.957242
883.5  0.324884  1.647318  1.972203
884.0  0.352071  1.611593  1.963664
884.5  0.385330  1.581731  1.967061
885.0  0.414559  1.549822  1.964381
885.5  0.431403  1.534929  1.966331
886.0  0.432090  1.531842  1.963932
886.5  0.418704  1.543814  1.962518
887.0  0.398334  1.563992  1.962326
887.5  0.380291  1.587136  1.967427
888.0  0.372381  1.588461  1.960842
888.5  0.377772  1.590864  1.968635
889.0  0.393819  1.565004  1.958823
889.5  0.413366  1.557874  1.971239
890.0  0.427837  1.530003  1.957840
890.5  0.430665  1.537478  1.968142
891.0  0.419642  1.541739  1.961382
891.5  0.397542  1.570463  1.968005
892.0  0.371101  1.599430  1.970531
892.5  0.348928  1.611278  1.960206
893.0  0.338968  1.635426  1.974394
893.5  0.346113  1.617762  1.963875
894.0  0.370568  1.603772  1.974340
894.5  0.407533  1.548570  1.956102
895.0  0.448469  1.526044  1.974513
895.5  0.483708  1.479542  1.963250
896.0  0.505625  1.462615  1.968241
896.5  0.511273  1.452497  1.963771
897.0  0.503416  1.469098  1.972514
897.5  0.489414  1.480532  1.969945
898.0  0.478211  1.484133  1.962344
898.5  0.476606  1.489551  1.966157
899.0  0.486422  1.475978  1.962400
899.5  0.503882  1.456421  1.960303
900.0  0.521401  1.442168  1.963569
900.5  0.530827  1.430967  1.961794
901.0  0.526614  1.440286  1.966900
901.5  0.507707  1.448352  1.956059
902.0  0.477733  1.487573  1.965306
902.5  0.443767  1.517212  1.960979
903.0  0.414246  1.554503  1.968748
903.5  0.396578  1.560847  1.957425
904.0  0.394976  1.569622  1.964598
904.5  0.409038  1.554539  1.963576
905.0  0.433606  1.527018  1.960624
905.5  0.460130  1.501630  1.961760
906.0  0.479292  1.475818  1.955111
906.5  0.484102  1.482909  1.967011
907.0  0.472367  1.479829  1.952196
907.5  0.447541  1.515936  1.963476
908.0  0.417446  1.536275  1.953722
908.5  0.391226  1.576048  1.967274
909.0  0.375717  1.582274  1.957990
909.5  0.372838  1.590574  1.963411
910.0  0.379166  1.581320  1.960487
910.5  0.387784  1.572741  1.960526
911.0  0.391366  1.566781  1.958147
911.5  0.385054  1.570883  1.955936
912.0  0.368047  1.589651  1.957698
912.5  0.343626  1.613916  1.957542
913.0  0.317927  1.637550  1.955477
913.5  0.298019  1.661896  1.959915
914.0  0.289767  1.666812  1.956578
914.5  0.295961  1.665418  1.961379
915.0  0.315209  1.639649  1.954857
915.5  0.342052  1.617671  1.959723
916.0  0.368507  1.590800  1.959307
916.5  0.386676  1.570383  1.957059
917.0  0.391587  1.571294  1.962881
917.5  0.383174  1.571961  1.955135
918.0  0.366509  1.596664  1.963172
918.5  0.350010  1.603835  1.953844
919.0  0.342199  1.621587  1.963786
919.5  0.348316  1.609280  1.957596
920.0  0.368284  1.593311  1.961595
920.5  0.396929  1.560435  1.957365
921.0  0.426251  1.532228  1.958480
921.5  0.448566  1.512333  1.960899
922.0  0.459124  1.499969  1.959093
922.5  0.457331  1.502124  1.959456
923.0  0.446473  1.512438  1.958911
923.5  0.432359  1.530103  1.962462
924.0  0.421417  1.539741  1.961157
924.5  0.418672  1.537131  1.955804
925.0  0.426053  1.532889  1.958942
925.5  0.441474  1.516896  1.958370
926.0  0.459148  1.496731  1.955879
926.5  0.471267  1.483593  1.954859
927.0  0.470662  1.487527  1.958189
927.5  0.453588  1.505290  1.958878
928.0  0.421524  1.532013  1.953537
928.5  0.381157  1.575962  1.957119
929.0  0.342342  1.611782  1.954124
929.5  0.314687  1.646606  1.961293
930.0  0.304114  1.648241  1.952355
930.5  0.310888  1.647729  1.958617
931.0  0.329938  1.625623  1.955561
931.5  0.353214  1.605111  1.958325
932.0  0.372880  1.580258  1.953138
932.5  0.383966  1.571442  1.955408
933.0  0.385604  1.572849  1.958453
933.5  0.380765  1.573674  1.954439
934.0  0.374897  1.580182  1.955080
934.5  0.373999  1.582164  1.956163
935.0  0.382613  1.573676  1.956289
935.5  0.402207  1.553665  1.955871
936.0  0.430401  1.524371  1.954772
936.5  0.461427  1.495275  1.956702
937.0  0.487836  1.463747  1.951583
937.5  0.503030  1.450524  1.953555
938.0  0.503719  1.451465  1.955184
938.5  0.491309  1.464410  1.955719
939.0  0.471525  1.483752  1.955277
939.5  0.452229  1.502530  1.954759
940.0  0.440265  1.519040  1.959305
940.5  0.438678  1.517775  1.956454
941.0  0.445602  1.511529  1.957131
941.5  0.455283  1.500216  1.955498
942.0  0.460648  1.496664  1.957312
942.5  0.456173  1.498965  1.955138
943.0  0.439832  1.517993  1.957824
943.5  0.413610  1.543654  1.957264
944.0  0.382696  1.574398  1.957094
944.5  0.353853  1.604643  1.958496
945.0  0.333484  1.624961  1.958444
945.5  0.325848  1.631727  1.957575
946.0  0.331814  1.623213  1.955027
946.5  0.348543  1.607733  1.956277
947.0  0.370334  1.589339  1.959673
947.5  0.390532  1.565715  1.956246
948.0  0.403989  1.548635  1.952624
948.5  0.409199  1.546176  1.955374
949.0  0.409182  1.549856  1.959038
949.5  0.410512  1.547587  1.958099
950.0  0.420589  1.534732  1.955321
950.5  0.444187  1.513171  1.957358
951.0  0.480825  1.476067  1.956892
951.5  0.524342  1.434041  1.958383
952.0  0.564959  1.390638  1.955598
952.5  0.592835  1.366438  1.959274
953.0  0.601447  1.355254  1.956701
953.5  0.589461  1.368119  1.957580
954.0  0.560676  1.399095  1.959771
954.5  0.522458  1.438800  1.961258
955.0  0.483411  1.477292  1.960704
955.5  0.450995  1.508587  1.959582
956.0  0.429586  1.529635  1.959221
956.5  0.419399  1.541047  1.960447
957.0  0.416578  1.540663  1.957241
957.5  0.414527  1.546330  1.960856
958.0  0.406264  1.548680  1.954944
958.5  0.387134  1.574080  1.961215
959.0  0.356994  1.598305  1.955299
959.5  0.320932  1.640828  1.961761
960.0  0.287969  1.669627  1.957596
960.5  0.267891  1.695633  1.963524
961.0  0.267315  1.695205  1.962520
961.5  0.286670  1.675634  1.962304
962.0  0.319632  1.644401  1.964033
962.5  0.355395  1.603152  1.958547
963.0  0.382726  1.582194  1.964920
963.5  0.393905  1.562935  1.956840
964.0  0.386967  1.574677  1.961644
964.5  0.365715  1.591223  1.956937
965.0  0.337969  1.623706  1.961675
965.5  0.312927  1.645602  1.958529
966.0  0.298452  1.658986  1.957438
966.5  0.298912  1.659273  1.958185
967.0  0.314031  1.644967  1.958999
967.5  0.339044  1.617844  1.956888
968.0  0.366195  1.591837  1.958032
968.5  0.387256  1.566520  1.953775
969.0  0.396337  1.564045  1.960382
969.5  0.392083  1.562718  1.954802
970.0  0.378383  1.583629  1.962012
970.5  0.363123  1.591432  1.954555
971.0  0.355237  1.606238  1.961476
971.5  0.361059  1.606758  1.967817
972.0  0.381507  1.583749  1.965256
972.5  0.411446  1.544640  1.956086
973.0  0.441645  1.505435  1.947080
973.5  0.462443  1.475107  1.937550
974.0  0.467437  1.457590  1.925027
974.5  0.455632  1.456296  1.911928
975.0  0.431451  1.470197  1.901648
975.5  0.402975  1.492234  1.895208
976.0  0.379291  1.509482  1.888773
976.5  0.367782  1.514726  1.882508
977.0  0.372033  1.506052  1.878085
977.5  0.390823  1.487062  1.877885
978.0  0.418476  1.461860  1.880337
978.5  0.446545  1.436343  1.882888
979.0  0.466431  1.416066  1.882498
979.5  0.472208  1.410818  1.883026
980.0  0.462722  1.421844  1.884565
980.5  0.442161  1.443368  1.885529
981.0  0.418686  1.467168  1.885854
981.5  0.401423  1.478852  1.880275
982.0  0.396863  1.478827  1.875690
982.5  0.406138  1.468037  1.874175
983.0  0.424479  1.447117  1.871596
983.5  0.443194  1.427578  1.870773
984.0  0.453296  1.420219  1.873515
984.5  0.449087  1.432146  1.881233
985.0  0.430190  1.463148  1.893338
985.5  0.401464  1.504066  1.905530
986.0  0.371187  1.547999  1.919187
986.5  0.348391  1.586430  1.934821
987.0  0.340197  1.609870  1.950068
987.5  0.349820  1.610559  1.960380
988.0  0.375684  1.588820  1.964504
988.5  0.411896  1.556447  1.968344
989.0  0.450000  1.521898  1.971898
989.5  0.481564  1.490100  1.971664
990.0  0.500837  1.465217  1.966054
990.5  0.506570  1.454358  1.960928
991.0  0.502279  1.466092  1.968371
991.5  0.494717  1.472082  1.966799
992.0  0.490998  1.472167  1.963165
992.5  0.495463  1.468008  1.963471
993.0  0.507583  1.457466  1.965050
993.5  0.521911  1.446838  1.968748
994.0  0.530199  1.430664  1.960864
994.5  0.524823  1.436173  1.960996
995.0  0.501942  1.457715  1.959656
995.5  0.463115  1.498032  1.961148
996.0  0.414863  1.544723  1.959586
996.5  0.366612  1.582742  1.949354
997.0  0.327897  1.609359  1.937256
997.5  0.305679  1.620715  1.926394
998.0  0.302467  1.609204  1.911671
998.5  0.315685  1.576297  1.891982
999.0  0.338486  1.540082  1.878568
999.5  0.361864  1.508617  1.870481
1000.0  0.377490  1.484112  1.861603
