MANDATORY INPUT VARIABLES:
  NStates =
		 3
  NSteps =
		 1000
  dtI =
		 0.25 (fs)
  ESTEPS =
		 50
  ISTATE =
		 0
  FUNCTIONAL =
		 WB97XD
  BASIS_SET =
		 6-311G
  CHARGE =
		 0
  MULTIPLICITY =
		 1
  MEMORY =
		 5 (GB)
  PARALLEL_FORCES =
		 True
  NAMD_METHOD =
		 EH
  EL_PROP =
		 VV
  MD_ENSEMBLE =
		 NVT
  VELOC =
		 MB
Input looks good.
Submitting electronic structure for step 0.
	Gaussian terminated normally in 77.25 s. (GS_NEW)
	Gaussian terminated normally in 15.42 s. (TD_NEW_S1)
Starting forces for state 2
	Gaussian terminated normally in 9.87 s. (TD_NEW_S2)
Submitting electronic structure for step 1.
	Gaussian terminated normally in 5.61 s. (GS_NEW)
	Gaussian terminated normally in 12.23 s. (TD_NEW_S1)
Starting forces for state 2
	Gaussian terminated normally in 11.97 s. (TD_NEW_S2)
	Gaussian terminated normally in 3.15 s. (DIMER)
OVERLAP Extracted.
Original Overlap
[[ 9.99474282e-01  1.29957747e-03  3.92054547e-03]
 [-3.92200981e-03 -1.80963959e-05  9.99415873e-01]
 [-1.80360759e-06 -4.97170749e-05 -6.97212689e-04]]
Orthogonalized OVERLAP:
[[ 9.99991464e-01  1.29564347e-03  3.92343144e-03]
 [-3.92250648e-03 -7.15671718e-04  9.99992051e-01]
 [ 1.29844106e-03 -9.99998905e-01 -7.10583439e-04]]
Phase Factor f(S0) = 1.000000
Phase Factor f(S1) = -1.000000
Phase Factor f(S2) = -1.000000
Phase-corrected OVERLAP:
[[ 9.99991464e-01 -1.29564347e-03 -3.92343144e-03]
 [-3.92250648e-03  7.15671718e-04 -9.99992051e-01]
 [ 1.29844106e-03  9.99998905e-01  7.10583439e-04]]
Total QM took 44.98 s.
Electronic propagation took 0.00 s.
Electronic Norm.: 1.0 1.0
Submitting electronic structure for step 2.
	Gaussian terminated normally in 5.91 s. (GS_NEW)
	Gaussian terminated normally in 11.94 s. (TD_NEW_S1)
	Gaussian terminated normally in 2.95 s. (DIMER)
OVERLAP Extracted.
Original Overlap
[[ 9.99554153e-01  1.30936857e-03  3.96886363e-03]
 [-1.31281570e-03  9.99531245e-01  8.94672411e-05]
 [-3.97708517e-03 -7.38404006e-05  9.99490927e-01]]
Orthogonalized OVERLAP:
[[ 9.99991240e-01  1.31150241e-03  3.97488593e-03]
 [-1.31182713e-03  9.99999136e-01  7.90869408e-05]
 [-3.97477877e-03 -8.43006112e-05  9.99992097e-01]]
Phase Factor f(S0) = 1.000000
Phase Factor f(S1) = 1.000000
Phase Factor f(S2) = 1.000000
Phase-corrected OVERLAP:
[[ 9.99991240e-01  1.31150241e-03  3.97488593e-03]
 [-1.31182713e-03  9.99999136e-01  7.90869408e-05]
 [-3.97477877e-03 -8.43006112e-05  9.99992097e-01]]
Total QM took 41.38 s.
Electronic propagation took 0.00 s.
Electronic Norm.: 1.0 1.0
Submitting electronic structure for step 3.
	Gaussian terminated normally in 6.19 s. (GS_NEW)
	Gaussian terminated normally in 11.77 s. (TD_NEW_S1)
	Gaussian terminated normally in 3.10 s. (DIMER)
OVERLAP Extracted.
Original Overlap
[[ 9.99517851e-01  1.32315265e-03  3.92118992e-03]
 [-1.30815168e-03  9.99504152e-01  1.36651433e-04]
 [-3.91618907e-03 -1.14308438e-04  9.99462033e-01]]
Orthogonalized OVERLAP:
[[ 9.99991448e-01  1.31601673e-03  3.92073050e-03]
 [-1.31650889e-03  9.99999126e-01  1.22950379e-04]
 [-3.92056527e-03 -1.28111004e-04  9.99992306e-01]]
Phase Factor f(S0) = 1.000000
Phase Factor f(S1) = 1.000000
Phase Factor f(S2) = 1.000000
Phase-corrected OVERLAP:
[[ 9.99991448e-01  1.31601673e-03  3.92073050e-03]
 [-1.31650889e-03  9.99999126e-01  1.22950379e-04]
 [-3.92056527e-03 -1.28111004e-04  9.99992306e-01]]
Total QM took 40.21 s.
Electronic propagation took 0.00 s.
Electronic Norm.: 1.0 1.0
Submitting electronic structure for step 4.
	Gaussian terminated normally in 5.75 s. (GS_NEW)
	Gaussian terminated normally in 72.28 s. (TD_NEW_S1)
Starting forces for state 2
	Gaussian terminated normally in 9.46 s. (TD_NEW_S2)
	Gaussian terminated normally in 3.03 s. (DIMER)
OVERLAP Extracted.
Original Overlap
[[ 9.99502814e-01  1.33015822e-03  3.74577551e-03]
 [-1.30645848e-03  9.99495526e-01  1.61168088e-04]
 [-3.89745365e-03 -1.64389014e-04  9.57322034e-01]]
Orthogonalized OVERLAP:
[[ 9.99991502e-01  1.31862988e-03  3.90601070e-03]
 [-1.31927941e-03  9.99999116e-01  1.63718645e-04]
 [-3.90579136e-03 -1.68870373e-04  9.99992358e-01]]
Phase Factor f(S0) = 1.000000
Phase Factor f(S1) = 1.000000
Phase Factor f(S2) = 1.000000
Phase-corrected OVERLAP:
[[ 9.99991502e-01  1.31862988e-03  3.90601070e-03]
 [-1.31927941e-03  9.99999116e-01  1.63718645e-04]
 [-3.90579136e-03 -1.68870373e-04  9.99992358e-01]]
Total QM took 100.18 s.
Electronic propagation took 0.00 s.
Electronic Norm.: 1.0 1.0
Submitting electronic structure for step 5.
	Gaussian terminated normally in 5.92 s. (GS_NEW)
	Gaussian terminated normally in 12.00 s. (TD_NEW_S1)
	Gaussian terminated normally in 2.76 s. (DIMER)
OVERLAP Extracted.
Original Overlap
[[ 9.99499762e-01  1.31711352e-03 -2.72859695e-03]
 [-1.31553777e-03  9.99501248e-01 -1.27712537e-04]
 [-3.72592203e-03 -1.82351794e-04 -8.78917046e-01]]
Orthogonalized OVERLAP:
[[ 9.99993229e-01  1.31669765e-03 -3.43625258e-03]
 [-1.31726363e-03  9.99999119e-01 -1.62451854e-04]
 [-3.43603565e-03 -1.66977204e-04 -9.99994083e-01]]
Phase Factor f(S0) = 1.000000
Phase Factor f(S1) = 1.000000
Phase Factor f(S2) = -1.000000
Phase-corrected OVERLAP:
[[ 9.99993229e-01  1.31669765e-03  3.43625258e-03]
 [-1.31726363e-03  9.99999119e-01  1.62451854e-04]
 [-3.43603565e-03 -1.66977204e-04  9.99994083e-01]]
Total QM took 40.76 s.
Electronic propagation took 0.00 s.
Electronic Norm.: 1.0 1.0
Submitting electronic structure for step 6.
	Gaussian terminated normally in 6.14 s. (GS_NEW)
	Gaussian terminated normally in 12.41 s. (TD_NEW_S1)
Starting forces for state 2
	Gaussian terminated normally in 9.48 s. (TD_NEW_S2)
	Gaussian terminated normally in 3.17 s. (DIMER)
OVERLAP Extracted.
Original Overlap
[[ 9.99498833e-01  1.31801104e-03 -1.24074256e-03]
 [-1.33033556e-03  9.99493713e-01 -3.96508394e-05]
 [ 2.74858353e-03  1.39581379e-04  8.91723217e-01]]
Orthogonalized OVERLAP:
[[ 9.99996898e-01  1.32475439e-03 -2.10948178e-03]
 [-1.32495320e-03  9.99999118e-01 -9.28519362e-05]
 [ 2.10935691e-03  9.56466127e-05  9.99997771e-01]]
Phase Factor f(S0) = 1.000000
Phase Factor f(S1) = 1.000000
Phase Factor f(S2) = 1.000000
I found a sign error upon phase correcting.
Index Flip: 0 <--> 2
Phase-corrected OVERLAP:
[[ 9.99996898e-01  1.32475439e-03  2.10948178e-03]
 [-1.32495320e-03  9.99999118e-01 -9.28519362e-05]
 [-2.10935691e-03  9.56466127e-05  9.99997771e-01]]
Total QM took 40.43 s.
Electronic propagation took 0.00 s.
Electronic Norm.: 1.0 1.0
Submitting electronic structure for step 7.
	Gaussian terminated normally in 5.53 s. (GS_NEW)
	Gaussian terminated normally in 11.58 s. (TD_NEW_S1)
Starting forces for state 2
	Gaussian terminated normally in 10.98 s. (TD_NEW_S2)
	Gaussian terminated normally in 3.08 s. (DIMER)
OVERLAP Extracted.
Original Overlap
[[ 9.99551129e-01  1.33813621e-03 -6.99154951e-04]
 [-1.34628726e-03  9.99533115e-01 -3.01260489e-06]
 [ 1.21228727e-03  3.95843698e-05  9.90256205e-01]]
Orthogonalized OVERLAP:
[[ 9.99998637e-01  1.34282062e-03 -9.60642066e-04]
 [-1.34284102e-03  9.99999098e-01 -2.05915926e-05]
 [ 9.60613549e-04  2.18815541e-05  9.99999538e-01]]
Phase Factor f(S0) = 1.000000
Phase Factor f(S1) = 1.000000
Phase Factor f(S2) = 1.000000
I found a sign error upon phase correcting.
Index Flip: 0 <--> 2
Phase-corrected OVERLAP:
[[ 9.99998637e-01  1.34282062e-03  9.60642066e-04]
 [-1.34284102e-03  9.99999098e-01 -2.05915926e-05]
 [-9.60613549e-04  2.18815541e-05  9.99999538e-01]]
Total QM took 40.21 s.
Electronic propagation took 0.00 s.
Electronic Norm.: 1.0 1.0
Submitting electronic structure for step 8.
	Gaussian terminated normally in 5.45 s. (GS_NEW)
	Gaussian terminated normally in 99.41 s. (TD_NEW_S1)
Starting forces for state 2
	Gaussian terminated normally in 11.16 s. (TD_NEW_S2)
	Gaussian terminated normally in 3.12 s. (DIMER)
OVERLAP Extracted.
Original Overlap
[[ 9.99571746e-01  1.35063935e-03  3.05271932e-05]
 [-1.34263289e-03  9.99549578e-01  5.16699037e-05]
 [ 7.06349015e-04 -4.08567624e-06  9.80166768e-01]]
Orthogonalized OVERLAP:
[[ 9.99999034e-01  1.34724086e-03 -3.41366011e-04]
 [-1.34723116e-03  9.99999092e-01  2.86447740e-05]
 [ 3.41404292e-04 -2.81848474e-05  9.99999941e-01]]
Phase Factor f(S0) = 1.000000
Phase Factor f(S1) = 1.000000
Phase Factor f(S2) = 1.000000
I found a sign error upon phase correcting.
Index Flip: 0 <--> 2
Phase-corrected OVERLAP:
[[ 9.99999034e-01  1.34724086e-03  3.41366011e-04]
 [-1.34723116e-03  9.99999092e-01  2.86447740e-05]
 [-3.41404292e-04 -2.81848474e-05  9.99999941e-01]]
Total QM took 128.34 s.
Electronic propagation took 0.00 s.
Electronic Norm.: 1.0 1.0
Submitting electronic structure for step 9.
	Gaussian terminated normally in 5.69 s. (GS_NEW)
	Gaussian terminated normally in 12.14 s. (TD_NEW_S1)
Starting forces for state 2
	Gaussian terminated normally in 10.03 s. (TD_NEW_S2)
	Gaussian terminated normally in 3.23 s. (DIMER)
OVERLAP Extracted.
Original Overlap
[[ 9.99500110e-01  1.34946130e-03  5.09549256e-05]
 [-1.34059234e-03  9.99482354e-01  3.41556386e-05]
 [-4.49513132e-05 -4.56620861e-05  9.99495711e-01]]
Orthogonalized OVERLAP:
[[ 9.99999093e-01  1.34570949e-03  4.80078171e-05]
 [-1.34571141e-03  9.99999094e-01  3.98988588e-05]
 [-4.79540813e-05 -3.99634273e-05  9.99999998e-01]]
Phase Factor f(S0) = 1.000000
Phase Factor f(S1) = 1.000000
Phase Factor f(S2) = 1.000000
Phase-corrected OVERLAP:
[[ 9.99999093e-01  1.34570949e-03  4.80078171e-05]
 [-1.34571141e-03  9.99999094e-01  3.98988588e-05]
 [-4.79540813e-05 -3.99634273e-05  9.99999998e-01]]
Total QM took 40.11 s.
Electronic propagation took 0.00 s.
Electronic Norm.: 1.0 1.0
Submitting electronic structure for step 10.
	Gaussian terminated normally in 6.14 s. (GS_NEW)
	Gaussian terminated normally in 11.95 s. (TD_NEW_S1)
Starting forces for state 2
	Gaussian terminated normally in 11.00 s. (TD_NEW_S2)
	Gaussian terminated normally in 2.88 s. (DIMER)
OVERLAP Extracted.
Original Overlap
[[ 9.99373033e-01  1.34895155e-03  3.76714878e-05]
 [-1.35347664e-03  9.99361855e-01  3.90412928e-05]
 [-3.21625008e-05 -5.80174882e-05  9.99366944e-01]]
Orthogonalized OVERLAP:
[[ 9.99999085e-01  1.35206750e-03  3.49782772e-05]
 [-1.35206920e-03  9.99999085e-01  4.85384895e-05]
 [-3.49126179e-05 -4.85857381e-05  9.99999998e-01]]
Phase Factor f(S0) = 1.000000
Phase Factor f(S1) = 1.000000
Phase Factor f(S2) = 1.000000
Phase-corrected OVERLAP:
[[ 9.99999085e-01  1.35206750e-03  3.49782772e-05]
 [-1.35206920e-03  9.99999085e-01  4.85384895e-05]
 [-3.49126179e-05 -4.85857381e-05  9.99999998e-01]]
Total QM took 41.37 s.
Electronic propagation took 0.00 s.
Electronic Norm.: 1.0 1.0
Submitting electronic structure for step 11.
	Gaussian terminated normally in 5.86 s. (GS_NEW)
	Gaussian terminated normally in 13.89 s. (TD_NEW_S1)
Starting forces for state 2
	Gaussian terminated normally in 10.07 s. (TD_NEW_S2)
	Gaussian terminated normally in 3.08 s. (DIMER)
OVERLAP Extracted.
Original Overlap
[[ 9.99367543e-01  1.36225438e-03  2.94175229e-05]
 [-1.36023572e-03  9.99352940e-01  2.09834241e-05]
 [-4.71783687e-05 -4.29842692e-05  9.99357136e-01]]
Orthogonalized OVERLAP:
[[ 9.99999072e-01  1.36211466e-03  3.83516202e-05]
 [-1.36211589e-03  9.99999072e-01  3.19722824e-05]
 [-3.83080347e-05 -3.20244921e-05  9.99999999e-01]]
Phase Factor f(S0) = 1.000000
Phase Factor f(S1) = 1.000000
Phase Factor f(S2) = 1.000000
Phase-corrected OVERLAP:
[[ 9.99999072e-01  1.36211466e-03  3.83516202e-05]
 [-1.36211589e-03  9.99999072e-01  3.19722824e-05]
 [-3.83080347e-05 -3.20244921e-05  9.99999999e-01]]
Total QM took 43.01 s.
Electronic propagation took 0.00 s.
Electronic Norm.: 1.0 1.0
Submitting electronic structure for step 12.
	Gaussian terminated normally in 5.45 s. (GS_NEW)
	Gaussian terminated normally in 13.04 s. (TD_NEW_S1)
Starting forces for state 2
	Gaussian terminated normally in 12.70 s. (TD_NEW_S2)
	Gaussian terminated normally in 3.02 s. (DIMER)
OVERLAP Extracted.
Original Overlap
[[ 9.99427057e-01  1.37731355e-03  3.77669406e-05]
 [-1.37315292e-03  9.99410348e-01  3.56309122e-05]
 [-5.06479593e-05 -3.88159830e-05  9.99422346e-01]]
Orthogonalized OVERLAP:
[[ 9.99999052e-01  1.37603091e-03  4.42595349e-05]
 [-1.37603256e-03  9.99999053e-01  3.72102371e-05]
 [-4.42082905e-05 -3.72711044e-05  9.99999998e-01]]
Phase Factor f(S0) = 1.000000
Phase Factor f(S1) = 1.000000
Phase Factor f(S2) = 1.000000
Phase-corrected OVERLAP:
[[ 9.99999052e-01  1.37603091e-03  4.42595349e-05]
 [-1.37603256e-03  9.99999053e-01  3.72102371e-05]
 [-4.42082905e-05 -3.72711044e-05  9.99999998e-01]]
Total QM took 43.22 s.
Electronic propagation took 0.00 s.
Electronic Norm.: 1.0 1.0
Submitting electronic structure for step 13.
	Gaussian terminated normally in 5.36 s. (GS_NEW)
	Gaussian terminated normally in 12.15 s. (TD_NEW_S1)
Starting forces for state 2
	Gaussian terminated normally in 10.95 s. (TD_NEW_S2)
	Gaussian terminated normally in 3.23 s. (DIMER)
OVERLAP Extracted.
Original Overlap
[[ 9.99466890e-01  1.37211389e-03  4.87856176e-05]
 [-1.39236789e-03  9.99449717e-01  2.80588710e-05]
 [-4.45515420e-05 -2.18021664e-05  9.99465198e-01]]
Orthogonalized OVERLAP:
[[ 9.99999043e-01  1.38298810e-03  4.67086792e-05]
 [-1.38298926e-03  9.99999043e-01  2.49134424e-05]
 [-4.66741795e-05 -2.49780162e-05  9.99999999e-01]]
Phase Factor f(S0) = 1.000000
Phase Factor f(S1) = 1.000000
Phase Factor f(S2) = 1.000000
Phase-corrected OVERLAP:
[[ 9.99999043e-01  1.38298810e-03  4.67086792e-05]
 [-1.38298926e-03  9.99999043e-01  2.49134424e-05]
 [-4.66741795e-05 -2.49780162e-05  9.99999999e-01]]
Total QM took 40.89 s.
Electronic propagation took 0.00 s.
Electronic Norm.: 1.0 1.0
Submitting electronic structure for step 14.
	Gaussian terminated normally in 5.85 s. (GS_NEW)
	Gaussian terminated normally in 12.05 s. (TD_NEW_S1)
Starting forces for state 2
	Gaussian terminated normally in 9.91 s. (TD_NEW_S2)
	Gaussian terminated normally in 3.04 s. (DIMER)
OVERLAP Extracted.
Original Overlap
[[ 9.99446623e-01  1.40032385e-03  2.56250646e-05]
 [-1.41069192e-03  9.99437294e-01  1.20433850e-05]
 [-3.48306721e-05 -1.58858155e-05  9.89298191e-01]]
Orthogonalized OVERLAP:
[[ 9.99999011e-01  1.40629105e-03  3.04101788e-05]
 [-1.40629148e-03  9.99999011e-01  1.40191327e-05]
 [-3.03904337e-05 -1.40618844e-05  9.99999999e-01]]
Phase Factor f(S0) = 1.000000
Phase Factor f(S1) = 1.000000
Phase Factor f(S2) = 1.000000
Phase-corrected OVERLAP:
[[ 9.99999011e-01  1.40629105e-03  3.04101788e-05]
 [-1.40629148e-03  9.99999011e-01  1.40191327e-05]
 [-3.03904337e-05 -1.40618844e-05  9.99999999e-01]]
Total QM took 40.08 s.
Electronic propagation took 0.00 s.
Electronic Norm.: 1.0 1.0
Submitting electronic structure for step 15.
	Gaussian terminated normally in 6.16 s. (GS_NEW)
	Gaussian terminated normally in 11.34 s. (TD_NEW_S1)
Starting forces for state 2
	Gaussian terminated normally in 10.30 s. (TD_NEW_S2)
	Gaussian terminated normally in 3.01 s. (DIMER)
OVERLAP Extracted.
Original Overlap
[[ 9.99375466e-01  1.39952381e-03  2.61716482e-05]
 [-1.38950616e-03  9.99382395e-01  8.79613939e-06]
 [-2.41158129e-05  3.97681959e-07  9.99383097e-01]]
Orthogonalized OVERLAP:
[[ 9.99999026e-01  1.39538015e-03  2.51590352e-05]
 [-1.39538025e-03  9.99999026e-01  4.18492161e-06]
 [-2.51531711e-05 -4.22002396e-06  1.00000000e+00]]
Phase Factor f(S0) = 1.000000
Phase Factor f(S1) = 1.000000
Phase Factor f(S2) = 1.000000
Phase-corrected OVERLAP:
[[ 9.99999026e-01  1.39538015e-03  2.51590352e-05]
 [-1.39538025e-03  9.99999026e-01  4.18492161e-06]
 [-2.51531711e-05 -4.22002396e-06  1.00000000e+00]]
Total QM took 39.98 s.
Electronic propagation took 0.00 s.
Electronic Norm.: 1.0 1.0
Submitting electronic structure for step 16.
	Gaussian terminated normally in 5.68 s. (GS_NEW)
	Gaussian terminated normally in 12.42 s. (TD_NEW_S1)
Starting forces for state 2
	Gaussian terminated normally in 9.72 s. (TD_NEW_S2)
	Gaussian terminated normally in 2.86 s. (DIMER)
OVERLAP Extracted.
Original Overlap
[[ 9.99343072e-01  1.42426668e-03  1.46401425e-05]
 [-1.42919560e-03  9.99342007e-01  3.69585024e-06]
 [-2.59467742e-05 -4.15679412e-06  9.99342772e-01]]
Orthogonalized OVERLAP:
[[ 9.99998981e-01  1.42766827e-03  2.03097520e-05]
 [-1.42766835e-03  9.99998981e-01  3.91039292e-06]
 [-2.03041486e-05 -3.93938452e-06  1.00000000e+00]]
Phase Factor f(S0) = 1.000000
Phase Factor f(S1) = 1.000000
Phase Factor f(S2) = 1.000000
Phase-corrected OVERLAP:
[[ 9.99998981e-01  1.42766827e-03  2.03097520e-05]
 [-1.42766835e-03  9.99998981e-01  3.91039292e-06]
 [-2.03041486e-05 -3.93938452e-06  1.00000000e+00]]
Total QM took 39.76 s.
Electronic propagation took 0.00 s.
Electronic Norm.: 1.0 1.0
Submitting electronic structure for step 17.
	Gaussian terminated normally in 5.89 s. (GS_NEW)
	Gaussian terminated normally in 11.59 s. (TD_NEW_S1)
Starting forces for state 2
	Gaussian terminated normally in 9.71 s. (TD_NEW_S2)
	Gaussian terminated normally in 3.22 s. (DIMER)
OVERLAP Extracted.
Original Overlap
[[ 9.99364612e-01  1.44718604e-03  3.60887712e-05]
 [-1.44332445e-03  9.99347653e-01 -6.39512299e-06]
 [-3.32422191e-05 -2.38442002e-06  9.99354511e-01]]
Orthogonalized OVERLAP:
[[ 9.99998954e-01  1.44618499e-03  3.46894021e-05]
 [-1.44618492e-03  9.99998954e-01 -2.03073993e-06]
 [-3.46923027e-05  1.98057052e-06  9.99999999e-01]]
Phase Factor f(S0) = 1.000000
Phase Factor f(S1) = 1.000000
Phase Factor f(S2) = 1.000000
Phase-corrected OVERLAP:
[[ 9.99998954e-01  1.44618499e-03  3.46894021e-05]
 [-1.44618492e-03  9.99998954e-01 -2.03073993e-06]
 [-3.46923027e-05  1.98057052e-06  9.99999999e-01]]
Total QM took 39.51 s.
Electronic propagation took 0.00 s.
Electronic Norm.: 1.0 1.0
Submitting electronic structure for step 18.
	Gaussian terminated normally in 5.84 s. (GS_NEW)
	Gaussian terminated normally in 11.39 s. (TD_NEW_S1)
Starting forces for state 2
	Gaussian terminated normally in 9.42 s. (TD_NEW_S2)
	Gaussian terminated normally in 3.24 s. (DIMER)
OVERLAP Extracted.
Original Overlap
[[ 9.99359223e-01  1.45978692e-03  3.38241919e-05]
 [-1.43443353e-03  9.99344213e-01 -2.14327034e-08]
 [-1.97820146e-05  8.77455762e-06  9.99353167e-01]]
Orthogonalized OVERLAP:
[[ 9.99998951e-01  1.44804744e-03  2.68140166e-05]
 [-1.44804732e-03  9.99998952e-01 -4.41535651e-06]
 [-2.68203821e-05  4.37652391e-06  1.00000000e+00]]
Phase Factor f(S0) = 1.000000
Phase Factor f(S1) = 1.000000
Phase Factor f(S2) = 1.000000
Phase-corrected OVERLAP:
[[ 9.99998951e-01  1.44804744e-03  2.68140166e-05]
 [-1.44804732e-03  9.99998952e-01 -4.41535651e-06]
 [-2.68203821e-05  4.37652391e-06  1.00000000e+00]]
Total QM took 38.95 s.
Electronic propagation took 0.00 s.
Electronic Norm.: 1.0 1.0
Submitting electronic structure for step 19.
	Gaussian terminated normally in 6.28 s. (GS_NEW)
	Gaussian terminated normally in 12.30 s. (TD_NEW_S1)
Starting forces for state 2
	Gaussian terminated normally in 11.17 s. (TD_NEW_S2)
	Gaussian terminated normally in 2.85 s. (DIMER)
OVERLAP Extracted.
Original Overlap
[[ 9.99311729e-01  1.48495703e-03  1.58999877e-05]
 [-1.45788372e-03  9.99297638e-01  4.56022952e-06]
 [-1.69680898e-05  6.60693958e-06  9.99305660e-01]]
Orthogonalized OVERLAP:
[[ 9.99998916e-01  1.47244255e-03  1.64405288e-05]
 [-1.47244254e-03  9.99998916e-01 -1.03667832e-06]
 [-1.64420374e-05  1.01246946e-06  1.00000000e+00]]
Phase Factor f(S0) = 1.000000
Phase Factor f(S1) = 1.000000
Phase Factor f(S2) = 1.000000
Phase-corrected OVERLAP:
[[ 9.99998916e-01  1.47244255e-03  1.64405288e-05]
 [-1.47244254e-03  9.99998916e-01 -1.03667832e-06]
 [-1.64420374e-05  1.01246946e-06  1.00000000e+00]]
Total QM took 41.84 s.
Electronic propagation took 0.00 s.
Electronic Norm.: 1.0 1.0
Submitting electronic structure for step 20.
	Gaussian terminated normally in 6.11 s. (GS_NEW)
	Gaussian terminated normally in 11.25 s. (TD_NEW_S1)
Starting forces for state 2
	Gaussian terminated normally in 9.55 s. (TD_NEW_S2)
	Gaussian terminated normally in 3.28 s. (DIMER)
OVERLAP Extracted.
Original Overlap
[[ 9.99304823e-01  1.49982167e-03  1.61085949e-05]
 [-1.48256032e-03  9.99290448e-01 -1.45699380e-05]
 [-3.11928970e-05  1.54236362e-05  9.99300933e-01]]
Orthogonalized OVERLAP:
[[ 9.99998886e-01  1.49223766e-03  2.36557632e-05]
 [-1.49223730e-03  9.99998887e-01 -1.50307321e-05]
 [-2.36781662e-05  1.49954153e-05  1.00000000e+00]]
Phase Factor f(S0) = 1.000000
Phase Factor f(S1) = 1.000000
Phase Factor f(S2) = 1.000000
Phase-corrected OVERLAP:
[[ 9.99998886e-01  1.49223766e-03  2.36557632e-05]
 [-1.49223730e-03  9.99998887e-01 -1.50307321e-05]
 [-2.36781662e-05  1.49954153e-05  1.00000000e+00]]
Total QM took 39.29 s.
Electronic propagation took 0.00 s.
Electronic Norm.: 1.0 1.0
Submitting electronic structure for step 21.
	Gaussian terminated normally in 5.29 s. (GS_NEW)
	Gaussian terminated normally in 11.65 s. (TD_NEW_S1)
Starting forces for state 2
	Gaussian terminated normally in 9.61 s. (TD_NEW_S2)
	Gaussian terminated normally in 3.29 s. (DIMER)
OVERLAP Extracted.
Original Overlap
[[ 9.99292321e-01  3.02597454e-05  1.51906133e-03]
 [-1.50090346e-03 -2.84123096e-05  9.99283786e-01]
 [-3.82273501e-05  9.99278152e-01  1.52977960e-05]]
Orthogonalized OVERLAP:
[[ 9.99998858e-01  3.42565328e-05  1.51105699e-03]
 [-1.51105624e-03 -2.18998156e-05  9.99998858e-01]
 [-3.42895856e-05  9.99999999e-01  2.18480270e-05]]
Phase Factor f(S0) = 1.000000
Phase Factor f(S1) = -1.000000
Phase Factor f(S2) = 1.000000
I found a sign error upon phase correcting.
Index Flip: 0 <--> 1
I found a sign error upon phase correcting.
Index Flip: 1 <--> 2
Phase-corrected OVERLAP:
[[ 9.99998858e-01  3.42565328e-05  1.51105699e-03]
 [ 1.51105624e-03  2.18998156e-05 -9.99998858e-01]
 [-3.42895856e-05  9.99999999e-01  2.18480270e-05]]
Total QM took 38.99 s.
Electronic propagation took 0.00 s.
Electronic Norm.: 1.0 1.0
Submitting electronic structure for step 22.
	Gaussian terminated normally in 5.87 s. (GS_NEW)
	Gaussian terminated normally in 13.27 s. (TD_NEW_S1)
Starting forces for state 2
	Gaussian terminated normally in 9.92 s. (TD_NEW_S2)
	Gaussian terminated normally in 2.94 s. (DIMER)
OVERLAP Extracted.
Original Overlap
[[ 9.99236247e-01  1.67377645e-05  1.53265596e-03]
 [-2.08324253e-05  9.99225719e-01  8.38171895e-06]
 [-1.51601752e-03 -1.48122365e-05  9.99226343e-01]]
Orthogonalized OVERLAP:
[[ 9.99998836e-01  1.87931791e-05  1.52550778e-03]
 [-1.88108866e-05  1.00000000e+00  1.15932466e-05]
 [-1.52550756e-03 -1.16219293e-05  9.99998836e-01]]
Phase Factor f(S0) = 1.000000
Phase Factor f(S1) = 1.000000
Phase Factor f(S2) = 1.000000
I found a sign error upon phase correcting.
Index Flip: 1 <--> 2
Phase-corrected OVERLAP:
[[ 9.99998836e-01  1.87931791e-05  1.52550778e-03]
 [-1.88108866e-05  1.00000000e+00 -1.15932466e-05]
 [-1.52550756e-03  1.16219293e-05  9.99998836e-01]]
Total QM took 41.04 s.
Electronic propagation took 0.00 s.
Electronic Norm.: 1.0 1.0
Submitting electronic structure for step 23.
	Gaussian terminated normally in 6.19 s. (GS_NEW)
	Gaussian terminated normally in 13.52 s. (TD_NEW_S1)
Starting forces for state 2
	Gaussian terminated normally in 10.79 s. (TD_NEW_S2)
	Gaussian terminated normally in 3.03 s. (DIMER)
OVERLAP Extracted.
Original Overlap
[[ 9.99253227e-01  2.66695055e-05  1.53009941e-03]
 [-2.91633636e-05  9.99256682e-01  1.71105879e-05]
 [-1.52084340e-03 -1.31038903e-05  9.99251676e-01]]
Orthogonalized OVERLAP:
[[ 9.99998834e-01  2.79241804e-05  1.52661103e-03]
 [-2.79472621e-05  9.99999999e-01  1.50981909e-05]
 [-1.52661061e-03 -1.51408379e-05  9.99998835e-01]]
Phase Factor f(S0) = 1.000000
Phase Factor f(S1) = 1.000000
Phase Factor f(S2) = 1.000000
Phase-corrected OVERLAP:
[[ 9.99998834e-01  2.79241804e-05  1.52661103e-03]
 [-2.79472621e-05  9.99999999e-01  1.50981909e-05]
 [-1.52661061e-03 -1.51408379e-05  9.99998835e-01]]
Total QM took 42.68 s.
Electronic propagation took 0.00 s.
Electronic Norm.: 1.0 1.0
Submitting electronic structure for step 24.
	Gaussian terminated normally in 6.26 s. (GS_NEW)
	Gaussian terminated normally in 12.99 s. (TD_NEW_S1)
	Gaussian terminated normally in 3.41 s. (DIMER)
OVERLAP Extracted.
Original Overlap
[[ 9.99274198e-01  1.40806560e-05  1.55624118e-03]
 [-1.81022546e-05  9.99277261e-01  1.64752289e-05]
 [-1.55339243e-03 -2.94833919e-05  9.99274040e-01]]
Orthogonalized OVERLAP:
[[ 9.99998789e-01  1.60902874e-05  1.55594462e-03]
 [-1.61260703e-05  1.00000000e+00  2.29849849e-05]
 [-1.55594425e-03 -2.30100483e-05  9.99998789e-01]]
Phase Factor f(S0) = 1.000000
Phase Factor f(S1) = 1.000000
Phase Factor f(S2) = 1.000000
Phase-corrected OVERLAP:
[[ 9.99998789e-01  1.60902874e-05  1.55594462e-03]
 [-1.61260703e-05  1.00000000e+00  2.29849849e-05]
 [-1.55594425e-03 -2.30100483e-05  9.99998789e-01]]
Total QM took 42.32 s.
Electronic propagation took 0.00 s.
Electronic Norm.: 1.0 1.0
Submitting electronic structure for step 25.
	Gaussian terminated normally in 5.78 s. (GS_NEW)
	Gaussian terminated normally in 9.29 s. (TD_NEW_S1)
Starting forces for state 2
	Gaussian terminated normally in 7.62 s. (TD_NEW_S2)
	Gaussian terminated normally in 3.04 s. (DIMER)
OVERLAP Extracted.
Original Overlap
[[ 9.99283773e-01  2.59141653e-05  1.56712438e-03]
 [-2.99403118e-05  9.99281076e-01  1.54265125e-05]
 [-1.55976055e-03 -2.97608899e-05  9.99272578e-01]]
Orthogonalized OVERLAP:
[[ 9.99998776e-01  2.79352223e-05  1.56457033e-03]
 [-2.79705998e-05  9.99999999e-01  2.25897848e-05]
 [-1.56456970e-03 -2.26335191e-05  9.99998776e-01]]
Phase Factor f(S0) = 1.000000
Phase Factor f(S1) = 1.000000
Phase Factor f(S2) = 1.000000
Phase-corrected OVERLAP:
[[ 9.99998776e-01  2.79352223e-05  1.56457033e-03]
 [-2.79705998e-05  9.99999999e-01  2.25897848e-05]
 [-1.56456970e-03 -2.26335191e-05  9.99998776e-01]]
Total QM took 34.91 s.
Electronic propagation took 0.00 s.
Electronic Norm.: 1.0 1.0
Submitting electronic structure for step 26.
	Gaussian terminated normally in 5.30 s. (GS_NEW)
	Gaussian terminated normally in 13.99 s. (TD_NEW_S1)
Starting forces for state 2
	Gaussian terminated normally in 9.97 s. (TD_NEW_S2)
	Gaussian terminated normally in 3.13 s. (DIMER)
OVERLAP Extracted.
Original Overlap
[[ 9.99298798e-01  2.73174356e-05  1.58911120e-03]
 [-1.46266564e-05  9.99295016e-01  1.77633982e-05]
 [-1.58239849e-03 -2.42508915e-05  9.99292236e-01]]
Orthogonalized OVERLAP:
[[ 9.99998741e-01  2.09727104e-05  1.58687096e-03]
 [-2.10060616e-05  1.00000000e+00  2.10003110e-05]
 [-1.58687052e-03 -2.10336185e-05  9.99998741e-01]]
Phase Factor f(S0) = 1.000000
Phase Factor f(S1) = 1.000000
Phase Factor f(S2) = 1.000000
Phase-corrected OVERLAP:
[[ 9.99998741e-01  2.09727104e-05  1.58687096e-03]
 [-2.10060616e-05  1.00000000e+00  2.10003110e-05]
 [-1.58687052e-03 -2.10336185e-05  9.99998741e-01]]
Total QM took 41.48 s.
Electronic propagation took 0.00 s.
Electronic Norm.: 1.0 1.0
Submitting electronic structure for step 27.
	Gaussian terminated normally in 5.79 s. (GS_NEW)
	Gaussian terminated normally in 12.68 s. (TD_NEW_S1)
Starting forces for state 2
	Gaussian terminated normally in 8.77 s. (TD_NEW_S2)
	Gaussian terminated normally in 3.13 s. (DIMER)
OVERLAP Extracted.
Original Overlap
[[ 9.99277324e-01  2.12043117e-05  1.59600878e-03]
 [-5.19092588e-06  9.99261608e-01  1.63955122e-05]
 [-1.58943836e-03 -2.52126136e-05  9.99276388e-01]]
Orthogonalized OVERLAP:
[[ 9.99998730e-01  1.31942139e-05  1.59387423e-03]
 [-1.32273871e-05  1.00000000e+00  2.08023634e-05]
 [-1.59387395e-03 -2.08234198e-05  9.99998730e-01]]
Phase Factor f(S0) = 1.000000
Phase Factor f(S1) = 1.000000
Phase Factor f(S2) = 1.000000
Phase-corrected OVERLAP:
[[ 9.99998730e-01  1.31942139e-05  1.59387423e-03]
 [-1.32273871e-05  1.00000000e+00  2.08023634e-05]
 [-1.59387395e-03 -2.08234198e-05  9.99998730e-01]]
Total QM took 39.44 s.
Electronic propagation took 0.00 s.
Electronic Norm.: 1.0 1.0
Submitting electronic structure for step 28.
	Gaussian terminated normally in 5.97 s. (GS_NEW)
	Gaussian terminated normally in 13.79 s. (TD_NEW_S1)
Starting forces for state 2
	Gaussian terminated normally in 11.61 s. (TD_NEW_S2)
	Gaussian terminated normally in 2.91 s. (DIMER)
OVERLAP Extracted.
Original Overlap
[[ 9.99230553e-01  3.54443659e-05  1.62694337e-03]
 [-2.12653910e-05  9.99209437e-01  1.25328387e-05]
 [-1.62182847e-03 -3.26258835e-05  9.99231481e-01]]
Orthogonalized OVERLAP:
[[ 9.99998678e-01  2.83668139e-05  1.62563424e-03]
 [-2.84035389e-05  9.99999999e-01  2.25681439e-05]
 [-1.62563360e-03 -2.26142878e-05  9.99998678e-01]]
Phase Factor f(S0) = 1.000000
Phase Factor f(S1) = 1.000000
Phase Factor f(S2) = 1.000000
Phase-corrected OVERLAP:
[[ 9.99998678e-01  2.83668139e-05  1.62563424e-03]
 [-2.84035389e-05  9.99999999e-01  2.25681439e-05]
 [-1.62563360e-03 -2.26142878e-05  9.99998678e-01]]
Total QM took 43.38 s.
Electronic propagation took 0.00 s.
Electronic Norm.: 1.0 1.0
Submitting electronic structure for step 29.
	Gaussian terminated normally in 6.49 s. (GS_NEW)
	Gaussian terminated normally in 12.03 s. (TD_NEW_S1)
Starting forces for state 2
	Gaussian terminated normally in 9.36 s. (TD_NEW_S2)
	Gaussian terminated normally in 2.92 s. (DIMER)
OVERLAP Extracted.
Original Overlap
[[ 9.99246613e-01  1.79085891e-05  1.62576995e-03]
 [ 4.33853683e-06  9.99242750e-01  1.21253154e-05]
 [-1.64290716e-03 -1.81362388e-05  9.99250863e-01]]
Orthogonalized OVERLAP:
[[ 9.99998662e-01  6.78016503e-06  1.63556509e-03]
 [-6.80491610e-06  1.00000000e+00  1.51274744e-05]
 [-1.63556498e-03 -1.51385841e-05  9.99998662e-01]]
Phase Factor f(S0) = 1.000000
Phase Factor f(S1) = 1.000000
Phase Factor f(S2) = 1.000000
Phase-corrected OVERLAP:
[[ 9.99998662e-01  6.78016503e-06  1.63556509e-03]
 [-6.80491610e-06  1.00000000e+00  1.51274744e-05]
 [-1.63556498e-03 -1.51385841e-05  9.99998662e-01]]
Total QM took 40.21 s.
Electronic propagation took 0.00 s.
Electronic Norm.: 1.0 1.0
Submitting electronic structure for step 30.
	Gaussian terminated normally in 5.53 s. (GS_NEW)
	Gaussian terminated normally in 13.48 s. (TD_NEW_S1)
	Gaussian terminated normally in 3.03 s. (DIMER)
OVERLAP Extracted.
Original Overlap
[[ 9.99235711e-01  1.23653689e-05  1.64981387e-03]
 [-4.82134358e-06  9.99239928e-01  3.44305894e-05]
 [-1.67069579e-03 -2.47907643e-05  9.99248185e-01]]
Orthogonalized OVERLAP:
[[ 9.99998620e-01  8.57112185e-06  1.66151210e-03]
 [-8.62035225e-06  1.00000000e+00  2.96227150e-05]
 [-1.66151185e-03 -2.96369969e-05  9.99998619e-01]]
Phase Factor f(S0) = 1.000000
Phase Factor f(S1) = 1.000000
Phase Factor f(S2) = 1.000000
Phase-corrected OVERLAP:
[[ 9.99998620e-01  8.57112185e-06  1.66151210e-03]
 [-8.62035225e-06  1.00000000e+00  2.96227150e-05]
 [-1.66151185e-03 -2.96369969e-05  9.99998619e-01]]
Total QM took 40.12 s.
Electronic propagation took 0.00 s.
Electronic Norm.: 1.0 1.0
Submitting electronic structure for step 31.
	Gaussian terminated normally in 5.51 s. (GS_NEW)
	Gaussian terminated normally in 12.01 s. (TD_NEW_S1)
Starting forces for state 2
	Gaussian terminated normally in 9.39 s. (TD_NEW_S2)
	Gaussian terminated normally in 2.83 s. (DIMER)
OVERLAP Extracted.
Original Overlap
[[ 9.99235596e-01  8.15969965e-06  1.67135935e-03]
 [-2.17012929e-05  9.99235031e-01  2.70284706e-05]
 [-1.67482994e-03 -2.61566021e-05  9.99246383e-01]]
Orthogonalized OVERLAP:
[[ 9.99998598e-01  1.49192284e-05  1.67436344e-03]
 [-1.49637973e-05  1.00000000e+00  2.66058568e-05]
 [-1.67436304e-03 -2.66308744e-05  9.99998598e-01]]
Phase Factor f(S0) = 1.000000
Phase Factor f(S1) = 1.000000
Phase Factor f(S2) = 1.000000
Phase-corrected OVERLAP:
[[ 9.99998598e-01  1.49192284e-05  1.67436344e-03]
 [-1.49637973e-05  1.00000000e+00  2.66058568e-05]
 [-1.67436304e-03 -2.66308744e-05  9.99998598e-01]]
Total QM took 38.82 s.
Electronic propagation took 0.00 s.
Electronic Norm.: 1.0 1.0
Submitting electronic structure for step 32.
	Gaussian terminated normally in 5.56 s. (GS_NEW)
	Gaussian terminated normally in 12.50 s. (TD_NEW_S1)
Starting forces for state 2
	Gaussian terminated normally in 10.89 s. (TD_NEW_S2)
	Gaussian terminated normally in 3.55 s. (DIMER)
OVERLAP Extracted.
Original Overlap
[[ 9.99275601e-01 -6.19028546e-06  1.69226755e-03]
 [-8.75598970e-06  9.99272951e-01  2.57920938e-05]
 [-1.68765735e-03 -2.61785209e-05  9.99279731e-01]]
Orthogonalized OVERLAP:
[[ 9.99998570e-01  1.26198127e-06  1.69118175e-03]
 [-1.30596964e-06  1.00000000e+00  2.60093278e-05]
 [-1.69118171e-03 -2.60114992e-05  9.99998570e-01]]
Phase Factor f(S0) = 1.000000
Phase Factor f(S1) = 1.000000
Phase Factor f(S2) = 1.000000
Phase-corrected OVERLAP:
[[ 9.99998570e-01  1.26198127e-06  1.69118175e-03]
 [-1.30596964e-06  1.00000000e+00  2.60093278e-05]
 [-1.69118171e-03 -2.60114992e-05  9.99998570e-01]]
Total QM took 41.58 s.
Electronic propagation took 0.00 s.
Electronic Norm.: 1.0 1.0
Submitting electronic structure for step 33.
	Gaussian terminated normally in 5.35 s. (GS_NEW)
	Gaussian terminated normally in 13.70 s. (TD_NEW_S1)
Starting forces for state 2
	Gaussian terminated normally in 10.84 s. (TD_NEW_S2)
	Gaussian terminated normally in 3.41 s. (DIMER)
OVERLAP Extracted.
Original Overlap
[[ 9.99293821e-01 -1.03101813e-05 -1.70226547e-03]
 [-1.16951216e-05 -9.99283436e-01 -1.84228550e-05]
 [-1.70577874e-03  1.79557883e-05 -9.99283535e-01]]
Orthogonalized OVERLAP:
[[ 9.99998546e-01 -1.09947326e-05 -1.70523270e-03]
 [-1.10257728e-05 -1.00000000e+00 -1.81935311e-05]
 [-1.70523250e-03  1.82123061e-05 -9.99998546e-01]]
Phase Factor f(S0) = 1.000000
Phase Factor f(S1) = -1.000000
Phase Factor f(S2) = -1.000000
Phase-corrected OVERLAP:
[[ 9.99998546e-01  1.09947326e-05  1.70523270e-03]
 [-1.10257728e-05  1.00000000e+00  1.81935311e-05]
 [-1.70523250e-03 -1.82123061e-05  9.99998546e-01]]
Total QM took 42.56 s.
Electronic propagation took 0.00 s.
Electronic Norm.: 1.0 1.0
Submitting electronic structure for step 34.
	Gaussian terminated normally in 6.40 s. (GS_NEW)
	Gaussian terminated normally in 12.85 s. (TD_NEW_S1)
Starting forces for state 2
	Gaussian terminated normally in 10.00 s. (TD_NEW_S2)
	Gaussian terminated normally in 3.23 s. (DIMER)
OVERLAP Extracted.
Original Overlap
[[ 9.99307736e-01 -2.31751221e-06 -1.71611039e-03]
 [ 1.50234862e-06  9.99292225e-01  2.21925071e-05]
 [ 1.71807468e-03 -1.52474192e-05  9.99292358e-01]]
Orthogonalized OVERLAP:
[[ 9.99998524e-01 -1.89217654e-06 -1.71829274e-03]
 [ 1.92436507e-06  1.00000000e+00  1.87312023e-05]
 [ 1.71829270e-03 -1.87344813e-05  9.99998524e-01]]
Phase Factor f(S0) = 1.000000
Phase Factor f(S1) = 1.000000
Phase Factor f(S2) = 1.000000
I found a sign error upon phase correcting.
Index Flip: 0 <--> 2
Phase-corrected OVERLAP:
[[ 9.99998524e-01 -1.89217654e-06  1.71829274e-03]
 [ 1.92436507e-06  1.00000000e+00  1.87312023e-05]
 [-1.71829270e-03 -1.87344813e-05  9.99998524e-01]]
Total QM took 41.49 s.
Electronic propagation took 0.00 s.
Electronic Norm.: 1.0 1.0
Submitting electronic structure for step 35.
	Gaussian terminated normally in 5.33 s. (GS_NEW)
	Gaussian terminated normally in 11.77 s. (TD_NEW_S1)
	Gaussian terminated normally in 3.22 s. (DIMER)
OVERLAP Extracted.
Original Overlap
[[ 9.99289243e-01 -1.22543210e-05 -1.75176563e-03]
 [ 1.79819524e-06  9.99289066e-01  1.44404317e-05]
 [ 1.73808574e-03 -1.38701037e-05  9.99285889e-01]]
Orthogonalized OVERLAP:
[[ 9.99998475e-01 -7.01868131e-06 -1.74616706e-03]
 [ 7.04340844e-06  1.00000000e+00  1.41546568e-05]
 [ 1.74616697e-03 -1.41669342e-05  9.99998475e-01]]
Phase Factor f(S0) = 1.000000
Phase Factor f(S1) = 1.000000
Phase Factor f(S2) = 1.000000
I found a sign error upon phase correcting.
Index Flip: 0 <--> 2
Phase-corrected OVERLAP:
[[ 9.99998475e-01 -7.01868131e-06  1.74616706e-03]
 [ 7.04340844e-06  1.00000000e+00  1.41546568e-05]
 [-1.74616697e-03 -1.41669342e-05  9.99998475e-01]]
Total QM took 39.26 s.
Electronic propagation took 0.00 s.
Electronic Norm.: 1.0 1.0
Submitting electronic structure for step 36.
	Gaussian terminated normally in 5.61 s. (GS_NEW)
	Gaussian terminated normally in 11.27 s. (TD_NEW_S1)
Starting forces for state 2
	Gaussian terminated normally in 11.40 s. (TD_NEW_S2)
	Gaussian terminated normally in 3.13 s. (DIMER)
OVERLAP Extracted.
Original Overlap
[[ 9.99350787e-01  6.38192773e-07 -1.77519045e-03]
 [-1.21350938e-05  9.99349835e-01  1.56441026e-05]
 [ 1.76110781e-03 -2.74531719e-05  9.99339589e-01]]
Orthogonalized OVERLAP:
[[ 9.99998435e-01  6.40455351e-06 -1.76930477e-03]
 [-6.36641148e-06  1.00000000e+00  2.15632710e-05]
 [ 1.76930491e-03 -2.15519732e-05  9.99998435e-01]]
Phase Factor f(S0) = 1.000000
Phase Factor f(S1) = 1.000000
Phase Factor f(S2) = 1.000000
I found a sign error upon phase correcting.
Index Flip: 0 <--> 2
Phase-corrected OVERLAP:
[[ 9.99998435e-01  6.40455351e-06  1.76930477e-03]
 [-6.36641148e-06  1.00000000e+00  2.15632710e-05]
 [-1.76930491e-03 -2.15519732e-05  9.99998435e-01]]
Total QM took 40.68 s.
Electronic propagation took 0.00 s.
Electronic Norm.: 1.0 1.0
Submitting electronic structure for step 37.
	Gaussian terminated normally in 5.59 s. (GS_NEW)
	Gaussian terminated normally in 14.87 s. (TD_NEW_S1)
Starting forces for state 2
	Gaussian terminated normally in 10.34 s. (TD_NEW_S2)
	Gaussian terminated normally in 3.03 s. (DIMER)
OVERLAP Extracted.
Original Overlap
[[ 9.99355967e-01 -1.21907784e-05 -1.77614862e-03]
 [ 9.65468006e-06  9.99343543e-01  1.30309662e-05]
 [ 1.75676962e-03 -2.25358282e-05  9.99345512e-01]]
Orthogonalized OVERLAP:
[[ 9.99998438e-01 -1.09183821e-05 -1.76760411e-03]
 [ 1.09498348e-05  1.00000000e+00  1.77843016e-05]
 [ 1.76760391e-03 -1.78036287e-05  9.99998438e-01]]
Phase Factor f(S0) = 1.000000
Phase Factor f(S1) = 1.000000
Phase Factor f(S2) = 1.000000
I found a sign error upon phase correcting.
Index Flip: 0 <--> 2
Phase-corrected OVERLAP:
[[ 9.99998438e-01 -1.09183821e-05  1.76760411e-03]
 [ 1.09498348e-05  1.00000000e+00  1.77843016e-05]
 [-1.76760391e-03 -1.78036287e-05  9.99998438e-01]]
Total QM took 42.86 s.
Electronic propagation took 0.00 s.
Electronic Norm.: 1.0 1.0
Submitting electronic structure for step 38.
	Gaussian terminated normally in 5.28 s. (GS_NEW)
	Gaussian terminated normally in 12.78 s. (TD_NEW_S1)
	Gaussian terminated normally in 2.68 s. (DIMER)
OVERLAP Extracted.
Original Overlap
[[ 9.99268784e-01 -9.60588869e-06 -1.78855010e-03]
 [ 1.54871933e-07  9.99253136e-01  1.60145921e-05]
 [ 1.77552539e-03 -1.14759435e-05  9.99273589e-01]]
Orthogonalized OVERLAP:
[[ 9.99998410e-01 -4.86974035e-06 -1.78333462e-03]
 [ 4.89426332e-06  1.00000000e+00  1.37468248e-05]
 [ 1.78333456e-03 -1.37555310e-05  9.99998410e-01]]
Phase Factor f(S0) = 1.000000
Phase Factor f(S1) = 1.000000
Phase Factor f(S2) = 1.000000
I found a sign error upon phase correcting.
Index Flip: 0 <--> 2
Phase-corrected OVERLAP:
[[ 9.99998410e-01 -4.86974035e-06  1.78333462e-03]
 [ 4.89426332e-06  1.00000000e+00  1.37468248e-05]
 [-1.78333456e-03 -1.37555310e-05  9.99998410e-01]]
Total QM took 40.11 s.
Electronic propagation took 0.00 s.
Electronic Norm.: 1.0 1.0
Submitting electronic structure for step 39.
	Gaussian terminated normally in 4.92 s. (GS_NEW)
	Gaussian terminated normally in 11.90 s. (TD_NEW_S1)
Starting forces for state 2
	Gaussian terminated normally in 9.87 s. (TD_NEW_S2)
	Gaussian terminated normally in 3.23 s. (DIMER)
OVERLAP Extracted.
Original Overlap
[[ 9.99238668e-01  1.61791837e-06 -1.79712187e-03]
 [-9.24212349e-06  9.99221580e-01  1.63691481e-05]
 [ 1.79706472e-03 -7.14260397e-06  9.99231784e-01]]
Orthogonalized OVERLAP:
[[ 9.99998383e-01  5.44892360e-06 -1.79846576e-03]
 [-5.42777088e-06  1.00000000e+00  1.17664147e-05]
 [ 1.79846583e-03 -1.17566340e-05  9.99998383e-01]]
Phase Factor f(S0) = 1.000000
Phase Factor f(S1) = 1.000000
Phase Factor f(S2) = 1.000000
I found a sign error upon phase correcting.
Index Flip: 0 <--> 2
Phase-corrected OVERLAP:
[[ 9.99998383e-01  5.44892360e-06  1.79846576e-03]
 [-5.42777088e-06  1.00000000e+00  1.17664147e-05]
 [-1.79846583e-03 -1.17566340e-05  9.99998383e-01]]
Total QM took 39.01 s.
Electronic propagation took 0.00 s.
Electronic Norm.: 1.0 1.0
Submitting electronic structure for step 40.
	Gaussian terminated normally in 5.77 s. (GS_NEW)
	Gaussian terminated normally in 11.68 s. (TD_NEW_S1)
