0.0  0.373669  1.201219  1.574888
0.5  0.370569  1.204768  1.575337
1.0  0.374418  1.200782  1.575200
1.5  0.382915  1.191950  1.574865
2.0  0.391461  1.182863  1.574324
2.5  0.395005  1.179360  1.574365
3.0  0.390075  1.184176  1.574251
3.5  0.376054  1.198216  1.574270
4.0  0.355210  1.219499  1.574709
4.5  0.331639  1.243554  1.575193
5.0  0.309688  1.265579  1.575267
5.5  0.292554  1.282565  1.575119
6.0  0.281518  1.293762  1.575280
6.5  0.275950  1.299210  1.575160
7.0  0.273878  1.301034  1.574912
7.5  0.272815  1.301982  1.574797
8.0  0.270588  1.304089  1.574678
8.5  0.266042  1.308653  1.574695
9.0  0.259537  1.315197  1.574734
9.5  0.253095  1.321922  1.575018
10.0  0.249987  1.325194  1.575181
10.5  0.253644  1.321833  1.575478
11.0  0.266156  1.309343  1.575500
11.5  0.286963  1.288285  1.575247
12.0  0.312508  1.262433  1.574941
12.5  0.337203  1.237382  1.574585
13.0  0.355339  1.219087  1.574426
13.5  0.363105  1.211126  1.574231
14.0  0.359794  1.214714  1.574508
14.5  0.347784  1.226899  1.574683
15.0  0.331440  1.243722  1.575162
15.5  0.315494  1.259966  1.575459
16.0  0.303581  1.272109  1.575690
16.5  0.297391  1.278172  1.575562
17.0  0.296584  1.278831  1.575416
17.5  0.299324  1.275959  1.575283
18.0  0.303103  1.271925  1.575028
18.5  0.305625  1.269223  1.574848
19.0  0.305581  1.269321  1.574903
19.5  0.303213  1.272086  1.575299
20.0  0.300510  1.274920  1.575430
20.5  0.300804  1.274856  1.575659
21.0  0.307675  1.268426  1.576101
21.5  0.323409  1.252751  1.576160
22.0  0.347645  1.228135  1.575781
22.5  0.376980  1.198383  1.575363
23.0  0.405865  1.169328  1.575193
23.5  0.428476  1.146337  1.574814
24.0  0.440687  1.133973  1.574660
24.5  0.441282  1.133947  1.575229
25.0  0.431997  1.143291  1.575288
25.5  0.416527  1.158869  1.575397
26.0  0.399029  1.177313  1.576342
26.5  0.382750  1.194970  1.577720
27.0  0.369227  1.209377  1.578604
27.5  0.358191  1.221314  1.579505
28.0  0.348047  1.232799  1.580846
28.5  0.336651  1.245303  1.581954
29.0  0.322167  1.260570  1.582737
29.5  0.303855  1.279772  1.583627
30.0  0.282666  1.301698  1.584364
30.5  0.261437  1.323444  1.584881
31.0  0.244428  1.340602  1.585030
31.5  0.236096  1.349150  1.585246
32.0  0.239395  1.346061  1.585455
32.5  0.254317  1.331390  1.585707
33.0  0.277503  1.308651  1.586153
33.5  0.303253  1.284767  1.588020
34.0  0.325557  1.264142  1.589699
34.5  0.340194  1.252037  1.592231
35.0  0.345994  1.248628  1.594623
35.5  0.344822  1.252713  1.597535
36.0  0.340459  1.260384  1.600843
36.5  0.336966  1.266919  1.603885
37.0  0.337200  1.269129  1.606329
37.5  0.341965  1.266091  1.608056
38.0  0.349955  1.258880  1.608836
38.5  0.358331  1.250959  1.609290
39.0  0.363634  1.245627  1.609261
39.5  0.362793  1.245660  1.608453
40.0  0.354053  1.253101  1.607153
40.5  0.337692  1.267716  1.605408
41.0  0.316307  1.286577  1.602884
41.5  0.294412  1.306667  1.601079
42.0  0.277258  1.323297  1.600555
42.5  0.269121  1.330775  1.599896
43.0  0.271755  1.327822  1.599577
43.5  0.283754  1.315365  1.599119
44.0  0.301207  1.297923  1.599131
44.5  0.319335  1.280175  1.599510
45.0  0.334303  1.266081  1.600385
45.5  0.344422  1.256672  1.601094
46.0  0.350317  1.251330  1.601646
46.5  0.354182  1.246918  1.601099
47.0  0.358560  1.240729  1.599289
47.5  0.365207  1.232365  1.597572
48.0  0.374413  1.221125  1.595537
48.5  0.384929  1.207233  1.592162
49.0  0.394372  1.194176  1.588548
49.5  0.399903  1.185774  1.585677
50.0  0.398986  1.184205  1.583191
50.5  0.390117  1.190670  1.580787
51.0  0.373390  1.206103  1.579494
51.5  0.350737  1.228948  1.579685
52.0  0.325628  1.254507  1.580135
52.5  0.302155  1.278231  1.580386
53.0  0.283738  1.297100  1.580838
53.5  0.271991  1.309763  1.581754
54.0  0.266325  1.316298  1.582624
54.5  0.264535  1.318171  1.582706
55.0  0.264042  1.318348  1.582391
55.5  0.263168  1.319389  1.582557
56.0  0.261819  1.320727  1.582546
56.5  0.261355  1.321210  1.582566
57.0  0.263789  1.318772  1.582561
57.5  0.270770  1.312129  1.582898
58.0  0.282782  1.300420  1.583201
58.5  0.298857  1.285703  1.584559
59.0  0.316806  1.269488  1.586293
59.5  0.333807  1.254941  1.588748
60.0  0.347112  1.245628  1.592740
60.5  0.354711  1.242395  1.597106
61.0  0.355853  1.246220  1.602073
61.5  0.351336  1.257682  1.609018
62.0  0.343449  1.270690  1.614139
62.5  0.335448  1.282019  1.617467
63.0  0.330592  1.290690  1.621282
63.5  0.331033  1.294220  1.625253
64.0  0.337042  1.290686  1.627728
64.5  0.346979  1.280648  1.627627
65.0  0.358062  1.268610  1.626671
65.5  0.367548  1.259084  1.626632
66.0  0.373770  1.252668  1.626438
66.5  0.376553  1.248289  1.624842
67.0  0.376935  1.247088  1.624023
67.5  0.376399  1.249314  1.625713
68.0  0.376041  1.251581  1.627622
68.5  0.376033  1.253264  1.629298
69.0  0.375567  1.256128  1.631695
69.5  0.373202  1.262297  1.635498
70.0  0.367417  1.272198  1.639615
70.5  0.357151  1.285889  1.643040
71.0  0.342214  1.303350  1.645564
71.5  0.323511  1.323327  1.646838
72.0  0.303047  1.343959  1.647005
72.5  0.283644  1.361967  1.645611
73.0  0.268314  1.373387  1.641701
73.5  0.259386  1.377390  1.636776
74.0  0.257694  1.373067  1.630761
74.5  0.262225  1.361641  1.623866
75.0  0.270489  1.345724  1.616212
75.5  0.279519  1.330616  1.610134
76.0  0.287055  1.318855  1.605910
76.5  0.292362  1.310073  1.602435
77.0  0.296307  1.304195  1.600502
77.5  0.300734  1.298800  1.599534
78.0  0.307447  1.292238  1.599684
78.5  0.317307  1.282739  1.600046
79.0  0.329814  1.271489  1.601303
79.5  0.343262  1.258363  1.601625
80.0  0.355331  1.245738  1.601070
80.5  0.363796  1.236786  1.600581
81.0  0.367151  1.235095  1.602246
81.5  0.365034  1.235182  1.600217
82.0  0.358427  1.245446  1.603873
82.5  0.349594  1.251640  1.601234
83.0  0.341682  1.263389  1.605071
83.5  0.337917  1.263464  1.601381
84.0  0.340557  1.263016  1.603573
84.5  0.349967  1.252544  1.602511
85.0  0.364278  1.238942  1.603220
85.5  0.379912  1.222209  1.602121
86.0  0.392811  1.207164  1.599974
86.5  0.399843  1.203459  1.603302
87.0  0.399766  1.200539  1.600305
87.5  0.393344  1.210782  1.604126
88.0  0.382671  1.216128  1.598799
88.5  0.370073  1.234346  1.604419
89.0  0.357128  1.243525  1.600653
89.5  0.344216  1.259497  1.603713
90.0  0.330686  1.268863  1.599549
90.5  0.315445  1.287593  1.603038
91.0  0.297639  1.304765  1.602403
91.5  0.277187  1.325379  1.602566
92.0  0.255082  1.346261  1.601343
92.5  0.233459  1.368298  1.601757
93.0  0.215413  1.387722  1.603135
93.5  0.204487  1.399331  1.603818
94.0  0.203821  1.397237  1.601059
94.5  0.215114  1.387823  1.602937
95.0  0.237800  1.362751  1.600551
95.5  0.268890  1.335394  1.604284
96.0  0.303691  1.294402  1.598093
96.5  0.337181  1.264950  1.602131
97.0  0.365450  1.233201  1.598651
97.5  0.386607  1.217073  1.603680
98.0  0.400806  1.200323  1.601130
98.5  0.409507  1.193121  1.602628
99.0  0.414385  1.190226  1.604611
99.5  0.416432  1.186166  1.602598
100.0  0.415596  1.190288  1.605884
100.5  0.410993  1.190833  1.601826
101.0  0.401455  1.205383  1.606838
101.5  0.386115  1.216859  1.602973
102.0  0.364847  1.241835  1.606682
102.5  0.338517  1.265302  1.603820
103.0  0.309074  1.297303  1.606377
103.5  0.279435  1.326316  1.605751
104.0  0.253081  1.353769  1.606850
104.5  0.233321  1.373322  1.606643
105.0  0.222391  1.384534  1.606925
105.5  0.220753  1.385801  1.606554
106.0  0.227002  1.379689  1.606692
106.5  0.238499  1.366346  1.604845
107.0  0.252472  1.354379  1.606851
107.5  0.267068  1.337369  1.604437
108.0  0.281848  1.325800  1.607649
108.5  0.297563  1.313639  1.611202
109.0  0.315370  1.301481  1.616851
109.5  0.335931  1.289369  1.625299
110.0  0.358797  1.274666  1.633463
110.5  0.382348  1.256978  1.639326
111.0  0.404214  1.241769  1.645983
111.5  0.421935  1.232443  1.654378
112.0  0.433573  1.226491  1.660064
112.5  0.438118  1.224715  1.662833
113.0  0.435683  1.229840  1.665524
113.5  0.427504  1.240386  1.667890
114.0  0.415720  1.252351  1.668070
114.5  0.402865  1.262986  1.665851
115.0  0.391108  1.272108  1.663216
115.5  0.381460  1.279748  1.661208
116.0  0.373361  1.284718  1.658079
116.5  0.364943  1.290495  1.655438
117.0  0.353981  1.300070  1.654051
117.5  0.339067  1.315470  1.654537
118.0  0.320441  1.336141  1.656582
118.5  0.300040  1.358233  1.658273
119.0  0.280791  1.380501  1.661291
119.5  0.265502  1.400217  1.665718
120.0  0.255897  1.413879  1.669777
120.5  0.252165  1.421121  1.673286
121.0  0.253118  1.422353  1.675471
121.5  0.256782  1.420375  1.677157
122.0  0.261093  1.415014  1.676106
122.5  0.264463  1.408336  1.672799
123.0  0.266146  1.400818  1.666964
123.5  0.266406  1.393632  1.660038
124.0  0.266518  1.385498  1.652016
124.5  0.268480  1.374760  1.643241
125.0  0.274377  1.360129  1.634506
125.5  0.285445  1.341615  1.627059
126.0  0.301216  1.319260  1.620476
126.5  0.319255  1.298040  1.617295
127.0  0.335827  1.279808  1.615635
127.5  0.347330  1.268164  1.615495
128.0  0.351851  1.264964  1.616815
128.5  0.350057  1.269066  1.619123
129.0  0.344994  1.277417  1.622411
129.5  0.340900  1.282537  1.623438
130.0  0.341609  1.281210  1.622819
130.5  0.349225  1.273487  1.622712
131.0  0.363552  1.258188  1.621740
131.5  0.382345  1.236765  1.619110
132.0  0.402112  1.213604  1.615716
132.5  0.419081  1.193627  1.612708
133.0  0.430044  1.181783  1.611827
133.5  0.432988  1.179071  1.612059
134.0  0.427514  1.184876  1.612391
134.5  0.414990  1.199853  1.614843
135.0  0.398290  1.221558  1.619847
135.5  0.380990  1.245508  1.626498
136.0  0.366127  1.268940  1.635067
136.5  0.354988  1.289086  1.644074
137.0  0.346587  1.306560  1.653147
137.5  0.338247  1.324394  1.662641
138.0  0.327089  1.345119  1.672208
138.5  0.311664  1.368156  1.679820
139.0  0.292883  1.392655  1.685538
139.5  0.273773  1.416676  1.690449
140.0  0.258253  1.435879  1.694132
140.5  0.249568  1.445885  1.695453
141.0  0.249108  1.445610  1.694718
141.5  0.256040  1.437986  1.694026
142.0  0.267742  1.425153  1.692895
142.5  0.280715  1.410860  1.691575
143.0  0.291545  1.400228  1.691773
143.5  0.297679  1.396319  1.693998
144.0  0.297948  1.400061  1.698009
144.5  0.292861  1.411329  1.704190
145.0  0.284614  1.426790  1.711404
145.5  0.276645  1.443301  1.719947
146.0  0.272641  1.456127  1.728768
146.5  0.275163  1.461710  1.736874
147.0  0.284457  1.457832  1.742290
147.5  0.298134  1.446804  1.744938
148.0  0.312075  1.432785  1.744860
148.5  0.322239  1.418888  1.741127
149.0  0.326483  1.407393  1.733877
149.5  0.325492  1.399792  1.725283
150.0  0.322397  1.393359  1.715757
150.5  0.321354  1.384157  1.705511
151.0  0.325778  1.369846  1.695624
151.5  0.337042  1.350262  1.687304
152.0  0.354076  1.326936  1.681012
152.5  0.373863  1.302450  1.676313
153.0  0.392451  1.281483  1.673933
153.5  0.406025  1.267630  1.673655
154.0  0.411765  1.263220  1.674985
154.5  0.408425  1.265507  1.673932
155.0  0.396652  1.275754  1.672407
155.5  0.379003  1.293007  1.672011
156.0  0.359488  1.311839  1.671326
156.5  0.342531  1.325410  1.667941
157.0  0.331546  1.332357  1.663903
157.5  0.327678  1.331073  1.658751
158.0  0.329402  1.323299  1.652701
158.5  0.333328  1.312583  1.645911
159.0  0.335863  1.305357  1.641219
159.5  0.334885  1.302471  1.637356
160.0  0.330593  1.303480  1.634073
160.5  0.325188  1.307486  1.632674
161.0  0.321670  1.312796  1.634467
161.5  0.322394  1.316261  1.638655
162.0  0.328046  1.315375  1.643421
162.5  0.337393  1.312361  1.649754
163.0  0.347753  1.308938  1.656691
163.5  0.355855  1.307593  1.663448
164.0  0.358730  1.311030  1.669760
164.5  0.354413  1.320685  1.675098
165.0  0.342432  1.337039  1.679470
165.5  0.324075  1.358020  1.682095
166.0  0.302366  1.381202  1.683568
166.5  0.281545  1.402919  1.684464
167.0  0.265978  1.418740  1.684718
167.5  0.258717  1.425625  1.684342
168.0  0.260333  1.423671  1.684003
168.5  0.268693  1.416558  1.685252
169.0  0.279968  1.407143  1.687111
169.5  0.290394  1.400311  1.690705
170.0  0.297892  1.398719  1.696611
170.5  0.302713  1.401389  1.704102
171.0  0.306906  1.405316  1.712222
171.5  0.313024  1.407504  1.720528
172.0  0.322770  1.405738  1.728508
172.5  0.336193  1.399541  1.735734
173.0  0.351652  1.390258  1.741910
173.5  0.366395  1.379281  1.745676
174.0  0.377386  1.368253  1.745640
174.5  0.382070  1.361891  1.743961
175.0  0.378932  1.362361  1.741292
175.5  0.367882  1.367647  1.735529
176.0  0.350477  1.378579  1.729056
176.5  0.329878  1.393459  1.723337
177.0  0.310349  1.407260  1.717609
177.5  0.296196  1.416234  1.712430
178.0  0.290367  1.418000  1.708367
178.5  0.293317  1.413439  1.706756
179.0  0.302834  1.403731  1.706565
179.5  0.315070  1.390815  1.705886
180.0  0.326330  1.379058  1.705388
180.5  0.334682  1.370357  1.705040
181.0  0.340567  1.364623  1.705190
181.5  0.346186  1.356770  1.702956
182.0  0.354113  1.343315  1.697428
182.5  0.365875  1.325880  1.691754
183.0  0.381148  1.304239  1.685387
183.5  0.397788  1.280221  1.678008
184.0  0.412512  1.256928  1.669439
184.5  0.421835  1.238913  1.660748
185.0  0.422915  1.231027  1.653942
185.5  0.414157  1.235800  1.649956
186.0  0.395603  1.251504  1.647107
186.5  0.369115  1.276033  1.645148
187.0  0.338251  1.307623  1.645875
187.5  0.307632  1.340618  1.648250
188.0  0.281735  1.369376  1.651111
188.5  0.263404  1.391411  1.654815
189.0  0.252766  1.405785  1.658551
189.5  0.247251  1.414287  1.661538
190.0  0.242914  1.421256  1.664170
190.5  0.236479  1.429281  1.665760
191.0  0.227035  1.439389  1.666424
191.5  0.216540  1.449871  1.666410
192.0  0.208924  1.458026  1.666950
192.5  0.208358  1.457164  1.665523
193.0  0.217533  1.446037  1.663570
193.5  0.236685  1.426111  1.662796
194.0  0.263606  1.400404  1.664010
194.5  0.294421  1.372814  1.667235
195.0  0.324692  1.346784  1.671476
195.5  0.350443  1.326768  1.677210
196.0  0.368951  1.316487  1.685438
196.5  0.379280  1.317018  1.696298
197.0  0.382545  1.325379  1.707924
197.5  0.381744  1.336015  1.717759
198.0  0.380972  1.344509  1.725481
198.5  0.383991  1.348999  1.732990
199.0  0.392576  1.346333  1.738909
199.5  0.405432  1.336743  1.742175
200.0  0.418401  1.322778  1.741179
200.5  0.426080  1.312288  1.738368
201.0  0.424120  1.312650  1.736770
201.5  0.411081  1.324109  1.735190
202.0  0.388975  1.344801  1.733776
202.5  0.362364  1.370129  1.732494
203.0  0.336579  1.397983  1.734562
203.5  0.315923  1.421242  1.737165
204.0  0.302546  1.436947  1.739493
204.5  0.296243  1.446417  1.742660
205.0  0.294998  1.451257  1.746255
205.5  0.295896  1.453253  1.749149
206.0  0.296061  1.454573  1.750634
206.5  0.293465  1.457344  1.750809
207.0  0.287555  1.460440  1.747995
207.5  0.279622  1.463413  1.743035
208.0  0.272690  1.464573  1.737263
208.5  0.270718  1.459417  1.730135
209.0  0.277116  1.443930  1.721046
209.5  0.293071  1.419320  1.712392
210.0  0.316529  1.387136  1.703664
210.5  0.342536  1.352338  1.694874
211.0  0.364994  1.323984  1.688979
211.5  0.379006  1.306603  1.685609
212.0  0.382675  1.301116  1.683791
212.5  0.377532  1.304817  1.682348
213.0  0.367542  1.314931  1.682473
213.5  0.357327  1.327266  1.684593
214.0  0.350458  1.335689  1.686146
214.5  0.348456  1.337424  1.685879
215.0  0.350693  1.334180  1.684873
215.5  0.354957  1.328981  1.683938
216.0  0.358303  1.322179  1.680483
216.5  0.357922  1.316338  1.674260
217.0  0.351888  1.317238  1.669126
217.5  0.339789  1.325519  1.665308
218.0  0.323124  1.336218  1.659342
218.5  0.305222  1.347643  1.652865
219.0  0.290420  1.359529  1.649949
219.5  0.282536  1.365930  1.648466
220.0  0.283166  1.363601  1.646766
220.5  0.290715  1.357187  1.647902
221.0  0.300881  1.352547  1.653427
221.5  0.308519  1.350108  1.658627
222.0  0.310005  1.354213  1.664218
222.5  0.304863  1.364650  1.669512
223.0  0.295872  1.382610  1.678482
223.5  0.287729  1.398142  1.685871
224.0  0.285008  1.404053  1.689061
224.5  0.290403  1.400949  1.691352
225.0  0.303934  1.391143  1.695077
225.5  0.323213  1.375008  1.698222
226.0  0.344429  1.353748  1.698177
226.5  0.363489  1.332214  1.695703
227.0  0.377002  1.318099  1.695101
227.5  0.382976  1.314895  1.697871
228.0  0.381293  1.319287  1.700580
228.5  0.373892  1.328699  1.702591
229.0  0.364453  1.341698  1.706151
229.5  0.357339  1.355093  1.712432
230.0  0.355904  1.364493  1.720396
230.5  0.360787  1.366722  1.727509
231.0  0.369171  1.362524  1.731695
231.5  0.375637  1.359832  1.735468
232.0  0.374448  1.364553  1.739001
232.5  0.362192  1.378231  1.740423
233.0  0.339480  1.399468  1.738948
233.5  0.310926  1.422908  1.733834
234.0  0.283479  1.443611  1.727090
234.5  0.263893  1.455757  1.719650
235.0  0.256428  1.455074  1.711503
235.5  0.261630  1.440428  1.702059
236.0  0.276477  1.417178  1.693655
236.5  0.295595  1.391701  1.687296
237.0  0.312929  1.369635  1.682565
237.5  0.323315  1.354653  1.677969
238.0  0.323695  1.352614  1.676308
238.5  0.313891  1.362925  1.676816
239.0  0.296847  1.379898  1.676745
239.5  0.278078  1.398449  1.676527
240.0  0.264146  1.412283  1.676429
240.5  0.260372  1.416139  1.676511
241.0  0.268590  1.406236  1.674827
241.5  0.286134  1.383516  1.669650
242.0  0.306754  1.356802  1.663555
242.5  0.323227  1.335077  1.658304
243.0  0.330416  1.322299  1.652715
243.5  0.327382  1.317766  1.645149
244.0  0.317689  1.319303  1.636992
244.5  0.307921  1.324065  1.631986
245.0  0.305134  1.324770  1.629904
245.5  0.314261  1.311711  1.625972
246.0  0.336416  1.286478  1.622894
246.5  0.368594  1.256057  1.624651
247.0  0.404710  1.224746  1.629456
247.5  0.437408  1.195544  1.632952
248.0  0.459999  1.175862  1.635861
248.5  0.468061  1.173419  1.641480
249.0  0.460503  1.188342  1.648845
249.5  0.439916  1.213140  1.653056
250.0  0.412000  1.242042  1.654042
250.5  0.383909  1.272194  1.656103
251.0  0.361797  1.298010  1.659807
251.5  0.348433  1.310784  1.659218
252.0  0.342089  1.313352  1.655441
252.5  0.337407  1.317717  1.655124
253.0  0.327939  1.327146  1.655085
253.5  0.309150  1.347657  1.656807
254.0  0.280496  1.378487  1.658983
254.5  0.245813  1.418684  1.664496
255.0  0.212033  1.461592  1.673625
255.5  0.186865  1.495637  1.682502
256.0  0.176315  1.514671  1.690986
256.5  0.182881  1.516972  1.699853
257.0  0.204947  1.502219  1.707166
257.5  0.237447  1.474541  1.711988
258.0  0.273419  1.440614  1.714033
258.5  0.305902  1.408321  1.714223
259.0  0.329686  1.381801  1.711487
259.5  0.342588  1.362395  1.704983
260.0  0.346007  1.352615  1.698622
260.5  0.344460  1.347638  1.692098
261.0  0.343960  1.341907  1.685866
261.5  0.349570  1.328674  1.678244
262.0  0.363092  1.308105  1.671197
262.5  0.382051  1.284664  1.666715
263.0  0.400676  1.265009  1.665685
263.5  0.412428  1.252063  1.664491
264.0  0.412846  1.250856  1.663702
264.5  0.401379  1.262441  1.663820
265.0  0.381539  1.283500  1.665039
265.5  0.359553  1.307109  1.666662
266.0  0.342169  1.325050  1.667219
266.5  0.334459  1.329965  1.664424
267.0  0.338314  1.321044  1.659358
267.5  0.352004  1.303528  1.655532
268.0  0.370840  1.280741  1.651581
268.5  0.388584  1.254504  1.643088
269.0  0.399184  1.235568  1.634752
269.5  0.398407  1.230324  1.628731
270.0  0.385091  1.238506  1.623597
270.5  0.361706  1.256821  1.618527
271.0  0.333900  1.278038  1.611938
271.5  0.308828  1.298274  1.607101
272.0  0.292600  1.313115  1.605715
272.5  0.287818  1.316836  1.604654
273.0  0.292447  1.310513  1.602960
273.5  0.300745  1.301515  1.602260
274.0  0.305853  1.297269  1.603122
274.5  0.302737  1.302315  1.605051
275.0  0.290132  1.317031  1.607163
275.5  0.270814  1.337095  1.607908
276.0  0.250354  1.358257  1.608612
276.5  0.235044  1.374432  1.609476
277.0  0.229787  1.381033  1.610819
277.5  0.236604  1.373248  1.609852
278.0  0.254131  1.353465  1.607596
278.5  0.278119  1.329177  1.607296
279.0  0.302681  1.306102  1.608783
279.5  0.321915  1.288423  1.610338
280.0  0.331515  1.281549  1.613064
280.5  0.330088  1.286577  1.616665
281.0  0.319842  1.301799  1.621641
281.5  0.306231  1.322122  1.628353
282.0  0.296329  1.340001  1.636330
282.5  0.296174  1.347019  1.643193
283.0  0.308112  1.341367  1.649479
283.5  0.329508  1.324538  1.654046
284.0  0.353686  1.300795  1.654481
284.5  0.372728  1.282597  1.655325
285.0  0.380743  1.275385  1.656128
285.5  0.376077  1.279068  1.655145
286.0  0.361666  1.289603  1.651269
286.5  0.343688  1.304109  1.647797
287.0  0.329247  1.315513  1.644760
287.5  0.324009  1.318093  1.642103
288.0  0.330507  1.309422  1.639928
288.5  0.347518  1.291031  1.638548
289.0  0.370547  1.266093  1.636640
289.5  0.393132  1.242112  1.635245
290.0  0.408573  1.226648  1.635221
290.5  0.411730  1.227912  1.639642
291.0  0.400583  1.235812  1.636395
291.5  0.377168  1.259685  1.636853
292.0  0.347424  1.289996  1.637420
292.5  0.319579  1.319530  1.639109
293.0  0.301285  1.337196  1.638481
293.5  0.296556  1.338724  1.635280
294.0  0.304028  1.338344  1.642372
294.5  0.317588  1.317712  1.635299
295.0  0.329121  1.309233  1.638354
295.5  0.331993  1.299471  1.631465
296.0  0.323587  1.318817  1.642404
296.5  0.305981  1.326641  1.632622
297.0  0.284814  1.355107  1.639921
297.5  0.267067  1.368516  1.635582
298.0  0.258676  1.382439  1.641115
298.5  0.262768  1.375504  1.638272
299.0  0.278916  1.359841  1.638757
299.5  0.303466  1.332766  1.636233
300.0  0.330662  1.306030  1.636692
300.5  0.354193  1.283291  1.637484
301.0  0.368838  1.269035  1.637873
301.5  0.371944  1.265630  1.637574
302.0  0.364375  1.274497  1.638872
302.5  0.350486  1.286420  1.636906
303.0  0.336763  1.304574  1.641337
303.5  0.329320  1.307970  1.637290
304.0  0.331195  1.310893  1.642088
304.5  0.340827  1.295559  1.636385
305.0  0.352664  1.288152  1.640816
305.5  0.359672  1.278080  1.637753
306.0  0.356454  1.284628  1.641083
306.5  0.341495  1.299053  1.640549
307.0  0.317662  1.321965  1.639627
307.5  0.291018  1.352765  1.643783
308.0  0.268658  1.371350  1.640007
308.5  0.256452  1.391544  1.647996
309.0  0.257432  1.381328  1.638760
309.5  0.271175  1.374156  1.645331
310.0  0.294192  1.346694  1.640886
310.5  0.321023  1.326537  1.647560
311.0  0.345690  1.296308  1.641998
311.5  0.363246  1.280969  1.644215
312.0  0.371175  1.271735  1.642911
312.5  0.370317  1.272870  1.643188
313.0  0.364833  1.279729  1.644562
313.5  0.360843  1.285550  1.646393
314.0  0.363918  1.281267  1.645185
314.5  0.376373  1.265659  1.642032
315.0  0.395793  1.248527  1.644320
315.5  0.415731  1.235096  1.650827
316.0  0.428337  1.224652  1.652988
316.5  0.427611  1.226083  1.653695
317.0  0.411722  1.247889  1.659611
317.5  0.383514  1.285397  1.668910
318.0  0.349264  1.326209  1.675473
318.5  0.316417  1.363865  1.680282
319.0  0.291242  1.393576  1.684819
319.5  0.277191  1.411678  1.688869
320.0  0.274326  1.416660  1.690986
320.5  0.279761  1.411813  1.691574
321.0  0.288771  1.402057  1.690828
321.5  0.296179  1.390981  1.687160
322.0  0.297782  1.384329  1.682111
322.5  0.291612  1.385603  1.677215
323.0  0.278782  1.392158  1.670940
323.5  0.263443  1.402148  1.665591
324.0  0.251514  1.410012  1.661526
324.5  0.248312  1.409682  1.657994
325.0  0.256015  1.400160  1.656176
325.5  0.272320  1.382029  1.654348
326.0  0.291183  1.362479  1.653662
326.5  0.305403  1.345975  1.651378
327.0  0.309702  1.340309  1.650011
327.5  0.302845  1.348955  1.651800
328.0  0.287942  1.366420  1.654362
328.5  0.271071  1.383036  1.654107
329.0  0.258990  1.393761  1.652751
329.5  0.256894  1.392505  1.649399
330.0  0.266973  1.377233  1.644206
330.5  0.288069  1.351971  1.640039
331.0  0.316300  1.320167  1.636467
331.5  0.346267  1.284826  1.631092
332.0  0.372455  1.251441  1.623896
332.5  0.390595  1.227434  1.618029
333.0  0.398815  1.217156  1.615971
333.5  0.398337  1.217315  1.615652
334.0  0.393298  1.221739  1.615037
334.5  0.389369  1.226377  1.615745
335.0  0.391380  1.227717  1.619096
335.5  0.400876  1.221117  1.621993
336.0  0.414937  1.207944  1.622881
336.5  0.427097  1.197117  1.624215
337.0  0.430065  1.190991  1.621056
337.5  0.418888  1.204745  1.623633
338.0  0.393088  1.230540  1.623627
338.5  0.356924  1.265182  1.622106
339.0  0.317894  1.304166  1.622060
339.5  0.284237  1.338825  1.623063
340.0  0.262444  1.360230  1.622674
340.5  0.255582  1.366585  1.622167
341.0  0.262823  1.358311  1.621135
341.5  0.280094  1.343141  1.623235
342.0  0.301422  1.318711  1.620133
342.5  0.320575  1.302860  1.623435
343.0  0.332652  1.287292  1.619944
343.5  0.335432  1.288439  1.623871
344.0  0.330148  1.289502  1.619650
344.5  0.321248  1.302951  1.624199
345.0  0.314843  1.307481  1.622323
345.5  0.316119  1.308777  1.624896
346.0  0.326754  1.296804  1.623558
346.5  0.343734  1.280198  1.623932
347.0  0.360389  1.263970  1.624358
347.5  0.369232  1.252793  1.622025
348.0  0.365189  1.259497  1.624686
348.5  0.347696  1.276383  1.624080
349.0  0.320877  1.305007  1.625884
349.5  0.291958  1.333770  1.625728
350.0  0.268739  1.359519  1.628258
350.5  0.257135  1.370242  1.627377
351.0  0.259593  1.367639  1.627232
351.5  0.274721  1.354674  1.629395
352.0  0.298017  1.329822  1.627840
352.5  0.323270  1.303038  1.626308
353.0  0.344194  1.282164  1.626358
353.5  0.356013  1.272385  1.628398
354.0  0.356763  1.270048  1.626810
354.5  0.347981  1.276460  1.624441
355.0  0.334405  1.294599  1.629004
355.5  0.322403  1.305339  1.627742
356.0  0.317488  1.314408  1.631896
356.5  0.321908  1.305966  1.627875
357.0  0.333592  1.295877  1.629468
357.5  0.347102  1.279828  1.626930
358.0  0.356176  1.275620  1.631796
358.5  0.356549  1.272662  1.629211
359.0  0.347747  1.280056  1.627803
359.5  0.333174  1.294449  1.627623
360.0  0.318679  1.313564  1.632243
360.5  0.310328  1.323210  1.633538
361.0  0.312312  1.318313  1.630624
361.5  0.325674  1.306193  1.631867
362.0  0.348155  1.284336  1.632491
362.5  0.374979  1.258996  1.633974
363.0  0.400185  1.232184  1.632369
363.5  0.418106  1.213921  1.632027
364.0  0.424721  1.207701  1.632423
364.5  0.418700  1.212059  1.630759
365.0  0.401861  1.231203  1.633064
365.5  0.378740  1.254613  1.633353
366.0  0.355104  1.278198  1.633302
366.5  0.335784  1.298396  1.634180
367.0  0.322726  1.309990  1.632717
367.5  0.314301  1.321114  1.635415
368.0  0.306301  1.325342  1.631644
368.5  0.294170  1.342350  1.636521
369.0  0.275327  1.357101  1.632428
369.5  0.250509  1.386873  1.637382
370.0  0.223658  1.410295  1.633953
370.5  0.200536  1.436206  1.636742
371.0  0.186738  1.448605  1.635343
371.5  0.185885  1.451305  1.637190
372.0  0.198584  1.435967  1.634551
372.5  0.222400  1.412967  1.635368
373.0  0.252679  1.383563  1.636242
373.5  0.283842  1.351091  1.634933
374.0  0.310788  1.324230  1.635019
374.5  0.330123  1.306990  1.637114
375.0  0.341005  1.294790  1.635795
375.5  0.345355  1.289048  1.634403
376.0  0.347193  1.287972  1.635165
376.5  0.351072  1.285954  1.637025
377.0  0.360084  1.272103  1.632187
377.5  0.374324  1.261082  1.635406
378.0  0.390654  1.245310  1.635964
378.5  0.403993  1.230967  1.634961
379.0  0.409522  1.221438  1.630960
379.5  0.404728  1.229987  1.634715
380.0  0.390409  1.247047  1.637457
380.5  0.370320  1.264358  1.634678
381.0  0.349747  1.285314  1.635061
381.5  0.333684  1.301720  1.635404
382.0  0.325277  1.315278  1.640556
382.5  0.325062  1.313445  1.638507
383.0  0.331097  1.308735  1.639833
383.5  0.339806  1.295053  1.634859
384.0  0.347167  1.292890  1.640056
384.5  0.349914  1.289012  1.638926
385.0  0.346537  1.290501  1.637038
385.5  0.337883  1.298594  1.636477
386.0  0.327126  1.311224  1.638350
386.5  0.318899  1.319866  1.638765
387.0  0.317636  1.319144  1.636780
387.5  0.325642  1.310691  1.636333
388.0  0.341784  1.297227  1.639011
388.5  0.361563  1.274640  1.636203
389.0  0.378681  1.257414  1.636095
389.5  0.387381  1.246662  1.634042
390.0  0.384523  1.253810  1.638333
390.5  0.370538  1.264301  1.634839
391.0  0.349026  1.286396  1.635422
391.5  0.325319  1.311211  1.636529
392.0  0.304652  1.331956  1.636608
392.5  0.290617  1.346356  1.636973
393.0  0.284331  1.351302  1.635633
393.5  0.284465  1.353302  1.637767
394.0  0.287963  1.348142  1.636105
394.5  0.291143  1.347607  1.638750
395.0  0.290900  1.344807  1.635707
395.5  0.285791  1.348221  1.634013
396.0  0.276757  1.355935  1.632692
396.5  0.267159  1.362214  1.629373
397.0  0.261889  1.366851  1.628740
397.5  0.265596  1.363654  1.629249
398.0  0.280647  1.348260  1.628907
398.5  0.305787  1.323845  1.629632
399.0  0.336272  1.292098  1.628370
399.5  0.365515  1.262864  1.628380
400.0  0.387477  1.242933  1.630410
400.5  0.398691  1.231167  1.629858
401.0  0.399137  1.227239  1.626376
401.5  0.391781  1.234059  1.625840
402.0  0.381170  1.244253  1.625422
402.5  0.371726  1.252302  1.624028
403.0  0.366371  1.253337  1.619709
403.5  0.365843  1.252093  1.617937
404.0  0.368774  1.250850  1.619625
404.5  0.372341  1.244989  1.617330
405.0  0.373227  1.241816  1.615044
405.5  0.368668  1.246902  1.615570
406.0  0.357418  1.262470  1.619888
406.5  0.340416  1.281536  1.621952
407.0  0.320833  1.299561  1.620393
407.5  0.303245  1.315954  1.619198
408.0  0.291996  1.330340  1.622336
408.5  0.289340  1.336683  1.626023
409.0  0.294287  1.331301  1.625589
409.5  0.302843  1.318846  1.621688
410.0  0.309606  1.311070  1.620676
410.5  0.309966  1.314125  1.624090
411.0  0.301860  1.323234  1.625094
411.5  0.286423  1.338194  1.624618
412.0  0.267419  1.356755  1.624174
412.5  0.249852  1.375209  1.625061
413.0  0.238368  1.385415  1.623783
413.5  0.235979  1.389216  1.625195
414.0  0.243421  1.382941  1.626362
414.5  0.259208  1.369514  1.628721
415.0  0.280207  1.349843  1.630050
415.5  0.302555  1.327848  1.630403
416.0  0.322711  1.308840  1.631550
416.5  0.338466  1.290985  1.629451
417.0  0.349641  1.278845  1.628486
417.5  0.358114  1.270057  1.628172
418.0  0.366945  1.259756  1.626701
418.5  0.378768  1.244482  1.623250
419.0  0.394135  1.228198  1.622334
419.5  0.410717  1.211542  1.622259
420.0  0.423918  1.194681  1.618599
420.5  0.428673  1.186886  1.615558
421.0  0.421536  1.195903  1.617439
421.5  0.402096  1.215896  1.617992
422.0  0.373180  1.242656  1.615836
422.5  0.339929  1.276367  1.616296
423.0  0.308227  1.309625  1.617851
423.5  0.283109  1.332599  1.615707
424.0  0.267620  1.349262  1.616882
424.5  0.262363  1.357995  1.620358
425.0  0.265705  1.354395  1.620100
425.5  0.274473  1.343472  1.617946
426.0  0.284932  1.334635  1.619568
426.5  0.293880  1.326957  1.620837
427.0  0.299658  1.318754  1.618412
427.5  0.302779  1.314302  1.617082
428.0  0.305790  1.314230  1.620020
428.5  0.312168  1.308122  1.620290
429.0  0.324520  1.291554  1.616074
429.5  0.342877  1.271132  1.614008
430.0  0.364064  1.248428  1.612491
430.5  0.382610  1.229258  1.611868
431.0  0.392817  1.218054  1.610871
431.5  0.390976  1.218316  1.609292
432.0  0.376751  1.232093  1.608845
432.5  0.353251  1.254386  1.607637
433.0  0.325952  1.281915  1.607867
433.5  0.301024  1.305965  1.606989
434.0  0.283645  1.323242  1.606887
434.5  0.276814  1.331783  1.608597
435.0  0.280845  1.326967  1.607812
435.5  0.293559  1.313916  1.607475
436.0  0.311025  1.295331  1.606356
436.5  0.328662  1.278798  1.607459
437.0  0.342515  1.266045  1.608560
437.5  0.350457  1.259627  1.610084
438.0  0.352908  1.258927  1.611834
438.5  0.352657  1.260482  1.613139
439.0  0.353598  1.261710  1.615309
439.5  0.358741  1.258419  1.617160
440.0  0.368444  1.250847  1.619290
440.5  0.379856  1.240773  1.620629
441.0  0.387979  1.231736  1.619715
441.5  0.387806  1.232105  1.619911
442.0  0.376474  1.244396  1.620870
442.5  0.354457  1.264940  1.619397
443.0  0.325446  1.292175  1.617621
443.5  0.295146  1.321586  1.616732
444.0  0.269592  1.346771  1.616363
444.5  0.253540  1.361335  1.614875
445.0  0.249384  1.364331  1.613714
445.5  0.256754  1.356097  1.612851
446.0  0.272813  1.340862  1.613675
446.5  0.293100  1.320787  1.613886
447.0  0.312755  1.300616  1.613370
447.5  0.327918  1.283747  1.611665
448.0  0.336976  1.275228  1.612205
448.5  0.341197  1.274338  1.615535
449.0  0.344284  1.273635  1.617919
449.5  0.350742  1.266034  1.616776
450.0  0.363588  1.251846  1.615434
450.5  0.382528  1.236253  1.618782
451.0  0.403627  1.217370  1.620996
451.5  0.420742  1.200385  1.621127
452.0  0.427984  1.193227  1.621211
452.5  0.421982  1.202582  1.624565
453.0  0.403000  1.225869  1.628868
453.5  0.374658  1.256396  1.631054
454.0  0.342616  1.289866  1.632482
454.5  0.312827  1.321836  1.634663
455.0  0.289964  1.347000  1.636964
455.5  0.276391  1.361881  1.638272
456.0  0.271840  1.366283  1.638123
456.5  0.273748  1.363439  1.637186
457.0  0.278129  1.357268  1.635398
457.5  0.280816  1.354473  1.635289
458.0  0.278838  1.354439  1.633277
458.5  0.271592  1.361305  1.632897
459.0  0.261325  1.371856  1.633181
459.5  0.252475  1.381698  1.634173
460.0  0.249876  1.384541  1.634417
460.5  0.256490  1.377986  1.634476
461.0  0.271819  1.361903  1.633722
461.5  0.291905  1.343641  1.635546
462.0  0.310974  1.326529  1.637503
462.5  0.323833  1.318321  1.642154
463.0  0.327826  1.317811  1.645637
463.5  0.323595  1.322578  1.646173
464.0  0.314531  1.329661  1.644193
464.5  0.305396  1.337368  1.642764
465.0  0.300703  1.341209  1.641912
465.5  0.303396  1.336978  1.640375
466.0  0.314107  1.321542  1.635649
466.5  0.331080  1.298097  1.629176
467.0  0.350692  1.274084  1.624776
467.5  0.368412  1.253139  1.621551
468.0  0.380038  1.240847  1.620885
468.5  0.382999  1.235535  1.618534
469.0  0.377392  1.243066  1.620458
469.5  0.366300  1.254577  1.620877
470.0  0.354966  1.264953  1.619919
470.5  0.348863  1.272983  1.621846
471.0  0.351355  1.271365  1.622720
471.5  0.362111  1.258547  1.620658
472.0  0.377176  1.243998  1.621173
472.5  0.390698  1.231661  1.622359
473.0  0.397394  1.222864  1.620259
473.5  0.394536  1.223052  1.617588
474.0  0.382697  1.236331  1.619028
474.5  0.365198  1.256564  1.621762
475.0  0.346711  1.270829  1.617540
475.5  0.331646  1.286826  1.618472
476.0  0.322841  1.297373  1.620214
476.5  0.320846  1.300053  1.620899
477.0  0.323908  1.293679  1.617587
477.5  0.328551  1.287454  1.616006
478.0  0.330616  1.286079  1.616695
478.5  0.326534  1.290759  1.617293
479.0  0.314591  1.301380  1.615971
479.5  0.295832  1.319857  1.615689
480.0  0.274153  1.343885  1.618038
480.5  0.255258  1.361692  1.616951
481.0  0.244616  1.372691  1.617306
481.5  0.245189  1.370508  1.615698
482.0  0.256087  1.360944  1.617031
482.5  0.272900  1.343052  1.615952
483.0  0.289599  1.327159  1.616759
483.5  0.301004  1.312851  1.613856
484.0  0.304661  1.309263  1.613924
484.5  0.301443  1.313650  1.615093
485.0  0.294872  1.320426  1.615298
485.5  0.289647  1.325397  1.615044
486.0  0.289986  1.326100  1.616086
486.5  0.298302  1.317678  1.615980
487.0  0.314527  1.302338  1.616865
487.5  0.336176  1.279760  1.615936
488.0  0.359067  1.258479  1.617546
488.5  0.378504  1.239530  1.618034
489.0  0.390672  1.229118  1.619790
489.5  0.393917  1.223523  1.617441
490.0  0.389537  1.228313  1.617850
490.5  0.381644  1.236480  1.618123
491.0  0.375859  1.244198  1.620057
491.5  0.377102  1.240652  1.617754
492.0  0.387340  1.229485  1.616825
492.5  0.404445  1.214048  1.618493
493.0  0.422835  1.194886  1.617721
493.5  0.435642  1.181200  1.616842
494.0  0.437336  1.178391  1.615727
494.5  0.425624  1.192264  1.617888
495.0  0.401997  1.213668  1.615665
495.5  0.370956  1.245195  1.616151
496.0  0.338431  1.281352  1.619783
496.5  0.310006  1.311502  1.621508
497.0  0.289477  1.330574  1.620051
497.5  0.278046  1.340742  1.618787
498.0  0.274272  1.346984  1.621256
498.5  0.274721  1.348451  1.623172
499.0  0.275128  1.347609  1.622737
499.5  0.271862  1.350417  1.622279
500.0  0.263340  1.361768  1.625108
500.5  0.250971  1.375576  1.626548
501.0  0.239108  1.388156  1.627264
501.5  0.233696  1.396808  1.630504
502.0  0.239868  1.396216  1.636084
502.5  0.259457  1.381609  1.641066
503.0  0.289693  1.354874  1.644568
503.5  0.323890  1.322621  1.646511
504.0  0.353819  1.296832  1.650650
504.5  0.372606  1.280373  1.652979
505.0  0.376877  1.278630  1.655506
505.5  0.367438  1.289722  1.657159
506.0  0.348533  1.308985  1.657518
506.5  0.326208  1.331166  1.657374
507.0  0.306411  1.350490  1.656901
507.5  0.293387  1.362015  1.655402
508.0  0.288714  1.365468  1.654183
508.5  0.291150  1.360231  1.651381
509.0  0.297254  1.351619  1.648873
509.5  0.302623  1.345777  1.648400
510.0  0.303463  1.345883  1.649346
510.5  0.298120  1.352827  1.650947
511.0  0.288074  1.362808  1.650883
511.5  0.277854  1.371540  1.649394
512.0  0.273605  1.379327  1.652931
512.5  0.280597  1.371721  1.652318
513.0  0.300725  1.351318  1.652042
513.5  0.331269  1.318940  1.650209
514.0  0.365649  1.286047  1.651696
514.5  0.395805  1.257962  1.653768
515.0  0.415016  1.233514  1.648530
515.5  0.419929  1.231205  1.651135
516.0  0.411181  1.235854  1.647035
516.5  0.392694  1.261771  1.654465
517.0  0.370167  1.278221  1.648389
517.5  0.349344  1.302784  1.652128
518.0  0.334525  1.314332  1.648858
518.5  0.327639  1.324246  1.651885
519.0  0.328010  1.320935  1.648945
519.5  0.332830  1.317372  1.650202
520.0  0.338208  1.314030  1.652238
520.5  0.340572  1.310348  1.650920
521.0  0.338076  1.312972  1.651048
521.5  0.331546  1.319016  1.650562
522.0  0.324453  1.329298  1.653751
522.5  0.321649  1.331340  1.652989
523.0  0.327172  1.324371  1.651543
523.5  0.342056  1.311007  1.653063
524.0  0.363327  1.287496  1.650823
524.5  0.384816  1.267265  1.652082
525.0  0.399406  1.252407  1.651813
525.5  0.401610  1.250193  1.651803
526.0  0.389353  1.262608  1.651961
526.5  0.364388  1.286118  1.650506
527.0  0.331481  1.322064  1.653545
527.5  0.296854  1.354790  1.651644
528.0  0.266474  1.389204  1.655678
528.5  0.244626  1.407311  1.651937
529.0  0.233069  1.424380  1.657449
529.5  0.230888  1.421999  1.652887
530.0  0.235043  1.421401  1.656443
530.5  0.241491  1.410355  1.651846
531.0  0.246663  1.408772  1.655435
531.5  0.248916  1.405827  1.654742
532.0  0.249454  1.407202  1.656656
532.5  0.252172  1.402949  1.655122
533.0  0.262163  1.394627  1.656789
533.5  0.283296  1.372607  1.655904
534.0  0.315972  1.337369  1.653342
534.5  0.356280  1.298825  1.655106
535.0  0.397128  1.259371  1.656499
535.5  0.430782  1.225107  1.655889
536.0  0.451541  1.206045  1.657587
536.5  0.457384  1.199563  1.656947
537.0  0.450125  1.209937  1.660061
537.5  0.434347  1.219395  1.653742
538.0  0.415716  1.240911  1.656627
538.5  0.399272  1.255983  1.655255
539.0  0.388153  1.272662  1.660816
539.5  0.382952  1.275307  1.658260
540.0  0.381773  1.273792  1.655565
540.5  0.380933  1.272815  1.653748
541.0  0.376169  1.277223  1.653392
541.5  0.364133  1.293954  1.658087
542.0  0.343817  1.311066  1.654883
542.5  0.317417  1.340117  1.657534
543.0  0.290070  1.362311  1.652381
543.5  0.268227  1.386201  1.654429
544.0  0.257101  1.397541  1.654642
544.5  0.258317  1.398293  1.656610
545.0  0.269073  1.385606  1.654679
545.5  0.283314  1.369575  1.652889
546.0  0.294339  1.358639  1.652978
546.5  0.297490  1.355978  1.653467
547.0  0.291733  1.361998  1.653730
547.5  0.279681  1.374599  1.654280
548.0  0.266351  1.386247  1.652598
548.5  0.257322  1.398730  1.656052
549.0  0.256969  1.396367  1.653336
549.5  0.267225  1.388671  1.655896
550.0  0.287117  1.367107  1.654223
550.5  0.313053  1.344932  1.657985
551.0  0.339758  1.313437  1.653195
551.5  0.361624  1.293045  1.654669
552.0  0.374260  1.282096  1.656356
552.5  0.375892  1.280778  1.656670
553.0  0.368145  1.286789  1.654934
553.5  0.355701  1.297592  1.653292
554.0  0.344615  1.311681  1.656296
554.5  0.339766  1.312952  1.652718
555.0  0.342593  1.314851  1.657444
555.5  0.350390  1.306638  1.657027
556.0  0.357597  1.298921  1.656518
556.5  0.358404  1.292736  1.651139
557.0  0.349303  1.304579  1.653881
557.5  0.330451  1.326184  1.656635
558.0  0.305473  1.351089  1.656562
558.5  0.280063  1.374966  1.655030
559.0  0.260082  1.395916  1.655997
559.5  0.249828  1.407009  1.656837
560.0  0.250955  1.402808  1.653763
560.5  0.262210  1.390170  1.652380
561.0  0.279971  1.377833  1.657805
561.5  0.299353  1.355044  1.654397
562.0  0.315602  1.339049  1.654651
562.5  0.325506  1.326767  1.652273
563.0  0.328494  1.329952  1.658446
563.5  0.327038  1.325795  1.652834
564.0  0.325957  1.329907  1.655864
564.5  0.330566  1.323363  1.653929
565.0  0.344224  1.312168  1.656392
565.5  0.366453  1.286364  1.652816
566.0  0.392713  1.260110  1.652823
566.5  0.416076  1.237852  1.653928
567.0  0.429960  1.222028  1.651988
567.5  0.430579  1.222422  1.653002
568.0  0.418095  1.234321  1.652416
568.5  0.396224  1.258584  1.654808
569.0  0.370732  1.281747  1.652479
569.5  0.347486  1.306084  1.653570
570.0  0.330742  1.322616  1.653358
570.5  0.322090  1.330344  1.652433
571.0  0.320282  1.333776  1.654058
571.5  0.321876  1.331587  1.653464
572.0  0.322462  1.330054  1.652517
572.5  0.318130  1.335802  1.653932
573.0  0.306861  1.351544  1.658405
573.5  0.289486  1.373237  1.662722
574.0  0.269857  1.395129  1.664986
574.5  0.253911  1.415411  1.669322
575.0  0.247656  1.428743  1.676399
575.5  0.254697  1.428471  1.683168
576.0  0.274469  1.413202  1.687671
576.5  0.302166  1.391397  1.693563
577.0  0.330537  1.364997  1.695534
577.5  0.352647  1.343950  1.696597
578.0  0.364294  1.336632  1.700926
578.5  0.365109  1.337114  1.702223
579.0  0.358147  1.342528  1.700676
579.5  0.348393  1.352791  1.701185
580.0  0.340869  1.359733  1.700602
580.5  0.338977  1.357491  1.696469
581.0  0.343516  1.349245  1.692761
581.5  0.352564  1.342846  1.695410
582.0  0.362201  1.336045  1.698245
582.5  0.367793  1.327952  1.695745
583.0  0.365541  1.330336  1.695877
583.5  0.353878  1.345539  1.699417
584.0  0.334394  1.367580  1.701974
584.5  0.311864  1.392084  1.703948
585.0  0.293125  1.415455  1.708580
585.5  0.284848  1.427666  1.712514
586.0  0.290903  1.421939  1.712842
586.5  0.310553  1.403464  1.714017
587.0  0.338467  1.377112  1.715579
587.5  0.366710  1.345965  1.712675
588.0  0.387713  1.319923  1.707636
588.5  0.396845  1.306007  1.702851
589.0  0.393571  1.305201  1.698772
589.5  0.381021  1.310761  1.691782
590.0  0.364412  1.320806  1.685218
590.5  0.349072  1.330638  1.679710
591.0  0.338710  1.335879  1.674589
591.5  0.334390  1.336369  1.670760
592.0  0.334404  1.333329  1.667733
592.5  0.334986  1.328685  1.663671
593.0  0.331633  1.330829  1.662461
593.5  0.320660  1.341416  1.662077
594.0  0.300648  1.363728  1.664376
594.5  0.273362  1.391516  1.664878
595.0  0.243780  1.419731  1.663511
595.5  0.218913  1.443303  1.662216
596.0  0.205539  1.453779  1.659319
596.5  0.207607  1.449039  1.656645
597.0  0.224497  1.429395  1.653892
597.5  0.251135  1.398718  1.649852
598.0  0.279974  1.366140  1.646114
598.5  0.303882  1.341243  1.645125
599.0  0.318559  1.328777  1.647336
599.5  0.323595  1.324441  1.648036
600.0  0.322005  1.326913  1.648918
600.5  0.318721  1.336150  1.654871
601.0  0.318700  1.342107  1.660807
601.5  0.325265  1.339358  1.664623
602.0  0.339092  1.332793  1.671885
602.5  0.358043  1.321560  1.679603
603.0  0.377824  1.303479  1.681303
603.5  0.393271  1.289151  1.682421
604.0  0.399954  1.287547  1.687501
604.5  0.395727  1.295457  1.691185
605.0  0.381802  1.306456  1.688258
605.5  0.362856  1.325195  1.688052
606.0  0.345841  1.346781  1.692622
606.5  0.337552  1.353457  1.691008
607.0  0.341836  1.347833  1.689669
607.5  0.357756  1.336238  1.693993
608.0  0.379768  1.317481  1.697249
608.5  0.399906  1.298212  1.698118
609.0  0.410833  1.293349  1.704182
609.5  0.408334  1.306500  1.714834
610.0  0.392333  1.330153  1.722486
610.5  0.366371  1.360932  1.727303
611.0  0.336067  1.399796  1.735863
611.5  0.307261  1.437022  1.744283
612.0  0.284396  1.463774  1.748170
612.5  0.269514  1.482729  1.752244
613.0  0.262002  1.496343  1.758344
613.5  0.259069  1.496599  1.755668
614.0  0.256822  1.495658  1.752480
614.5  0.251678  1.499900  1.751578
615.0  0.241831  1.502777  1.744608
615.5  0.228339  1.510630  1.738969
616.0  0.215337  1.518455  1.733792
616.5  0.208969  1.520066  1.729035
617.0  0.215091  1.508573  1.723664
617.5  0.236612  1.483561  1.720173
618.0  0.271795  1.446696  1.718491
618.5  0.314545  1.402317  1.716861
619.0  0.356599  1.358636  1.715235
619.5  0.390485  1.325932  1.716418
620.0  0.411834  1.306266  1.718100
620.5  0.420232  1.296805  1.717037
621.0  0.418602  1.298350  1.716952
621.5  0.411696  1.304325  1.716021
622.0  0.404366  1.306175  1.710541
622.5  0.400150  1.304615  1.704765
623.0  0.400453  1.299499  1.699952
623.5  0.404404  1.287603  1.692007
624.0  0.409296  1.271076  1.680372
624.5  0.411501  1.262182  1.673683
625.0  0.407642  1.264493  1.672136
625.5  0.395842  1.271505  1.667347
626.0  0.376718  1.286232  1.662950
626.5  0.353700  1.313908  1.667608
627.0  0.332236  1.339888  1.672124
627.5  0.317885  1.356620  1.674505
628.0  0.313942  1.364781  1.678723
628.5  0.319823  1.365060  1.684883
629.0  0.331154  1.358040  1.689194
629.5  0.341610  1.350821  1.692431
630.0  0.345512  1.349685  1.695197
630.5  0.339907  1.359425  1.699332
631.0  0.325320  1.375886  1.701206
631.5  0.305145  1.394523  1.699668
632.0  0.284205  1.414844  1.699049
632.5  0.267129  1.432866  1.699995
633.0  0.257080  1.443711  1.700791
633.5  0.255082  1.444391  1.699473
634.0  0.260009  1.441687  1.701696
634.5  0.269106  1.437669  1.706775
635.0  0.278885  1.433735  1.712621
635.5  0.286210  1.433805  1.720015
636.0  0.289357  1.439929  1.729286
636.5  0.288809  1.452762  1.741571
637.0  0.287377  1.465900  1.753277
637.5  0.289316  1.473857  1.763173
638.0  0.298495  1.475753  1.774247
638.5  0.316321  1.467820  1.784140
639.0  0.340545  1.447138  1.787683
639.5  0.365762  1.425530  1.791291
640.0  0.385446  1.406338  1.791784
640.5  0.394487  1.395903  1.790391
641.0  0.390980  1.399124  1.790104
641.5  0.376616  1.409516  1.786132
642.0  0.355755  1.425853  1.781608
642.5  0.333793  1.444601  1.778394
643.0  0.315482  1.461067  1.776549
643.5  0.303725  1.473135  1.776860
644.0  0.299055  1.477987  1.777042
644.5  0.299801  1.477033  1.776834
645.0  0.302796  1.477077  1.779873
645.5  0.304411  1.479933  1.784344
646.0  0.301739  1.485727  1.787467
646.5  0.293711  1.496140  1.789851
647.0  0.281844  1.508868  1.790712
647.5  0.270231  1.520256  1.790486
648.0  0.264414  1.522130  1.786544
648.5  0.269276  1.508735  1.778011
649.0  0.286763  1.482953  1.769716
649.5  0.314647  1.443903  1.758550
650.0  0.347124  1.400363  1.747488
650.5  0.377024  1.361727  1.738751
651.0  0.398465  1.328821  1.727286
651.5  0.408717  1.307970  1.716688
652.0  0.408623  1.303431  1.712054
652.5  0.401690  1.311665  1.713355
653.0  0.392493  1.321970  1.714463
653.5  0.385052  1.329274  1.714326
654.0  0.381672  1.335195  1.716867
654.5  0.382463  1.341818  1.724281
655.0  0.385510  1.344596  1.730106
655.5  0.387550  1.342542  1.730092
656.0  0.384950  1.346134  1.731085
656.5  0.374800  1.358987  1.733787
657.0  0.355957  1.375847  1.731804
657.5  0.329788  1.398511  1.728299
658.0  0.300253  1.424686  1.724939
658.5  0.272964  1.450006  1.722970
659.0  0.253306  1.467224  1.720530
659.5  0.244298  1.475626  1.719924
660.0  0.245330  1.477644  1.722974
660.5  0.252543  1.474866  1.727409
661.0  0.260703  1.474010  1.734712
661.5  0.265544  1.478139  1.743683
662.0  0.265420  1.489798  1.755218
662.5  0.261637  1.504971  1.766608
663.0  0.257578  1.521315  1.778893
663.5  0.257200  1.533718  1.790918
664.0  0.263557  1.539272  1.802830
664.5  0.277814  1.535243  1.813058
665.0  0.298951  1.520390  1.819341
665.5  0.324109  1.499537  1.823647
666.0  0.349394  1.478294  1.827688
666.5  0.370861  1.459428  1.830289
667.0  0.385495  1.444872  1.830367
667.5  0.391997  1.435256  1.827253
668.0  0.391211  1.434912  1.826123
668.5  0.385968  1.440517  1.826485
669.0  0.380181  1.445823  1.826003
669.5  0.377345  1.448213  1.825557
670.0  0.379032  1.448309  1.827340
670.5  0.384188  1.447284  1.831472
671.0  0.389693  1.448551  1.838244
671.5  0.391903  1.453319  1.845221
672.0  0.388368  1.462925  1.851293
672.5  0.378872  1.478341  1.857213
673.0  0.365427  1.496649  1.862076
673.5  0.351399  1.510859  1.862258
674.0  0.340225  1.518780  1.859004
674.5  0.334254  1.529687  1.863941
675.0  0.334063  1.519447  1.853510
675.5  0.338365  1.528999  1.867363
676.0  0.344488  1.509801  1.854289
676.5  0.349215  1.519812  1.869027
677.0  0.349735  1.504673  1.854408
677.5  0.344488  1.519768  1.864256
678.0  0.333682  1.522424  1.856106
678.5  0.319353  1.547058  1.866412
679.0  0.304849  1.559222  1.864071
679.5  0.293763  1.572672  1.866435
680.0  0.288594  1.580299  1.868893
680.5  0.289700  1.576633  1.866333
681.0  0.295096  1.573418  1.868515
681.5  0.301322  1.565294  1.866616
682.0  0.304959  1.561661  1.866620
682.5  0.304079  1.565337  1.869416
683.0  0.298950  1.567896  1.866846
683.5  0.291778  1.580182  1.871960
684.0  0.285715  1.579922  1.865637
684.5  0.283588  1.588284  1.871872
685.0  0.286833  1.579522  1.866355
685.5  0.294935  1.576029  1.870964
686.0  0.305525  1.561976  1.867500
686.5  0.315053  1.552318  1.867372
687.0  0.319857  1.550175  1.870032
687.5  0.317323  1.544744  1.862067
688.0  0.306859  1.565847  1.872706
688.5  0.290366  1.571881  1.862247
689.0  0.271992  1.604914  1.876906
689.5  0.257097  1.604965  1.862061
690.0  0.250629  1.625304  1.875933
690.5  0.255443  1.609391  1.864834
691.0  0.271276  1.602023  1.873299
691.5  0.294898  1.569304  1.864202
692.0  0.321400  1.548510  1.869910
692.5  0.346007  1.524739  1.870746
693.0  0.365596  1.506101  1.871697
693.5  0.379362  1.489334  1.868696
694.0  0.388514  1.478549  1.867063
694.5  0.395324  1.472970  1.868293
695.0  0.401967  1.470280  1.872248
695.5  0.409564  1.456623  1.866186
696.0  0.417673  1.451911  1.869583
696.5  0.424337  1.436217  1.860554
697.0  0.426628  1.445387  1.872015
697.5  0.421544  1.441536  1.863080
698.0  0.407068  1.461280  1.868349
698.5  0.383122  1.475691  1.858813
699.0  0.352112  1.513516  1.865628
699.5  0.318775  1.540728  1.859503
700.0  0.289142  1.571585  1.860726
700.5  0.268793  1.595391  1.864184
701.0  0.261000  1.596151  1.857151
701.5  0.265573  1.599995  1.865568
702.0  0.279029  1.578634  1.857664
702.5  0.296024  1.573077  1.869102
703.0  0.311364  1.546010  1.857374
703.5  0.321692  1.544417  1.866109
704.0  0.326236  1.534299  1.860534
704.5  0.326510  1.538968  1.865478
705.0  0.325298  1.538149  1.863448
705.5  0.325390  1.539929  1.865318
706.0  0.328507  1.541517  1.870025
706.5  0.334699  1.537191  1.871890
707.0  0.342287  1.529430  1.871717
707.5  0.348352  1.524420  1.872772
708.0  0.349615  1.518425  1.868040
708.5  0.343535  1.531026  1.874561
709.0  0.329349  1.538533  1.867882
709.5  0.308754  1.568652  1.877406
710.0  0.285857  1.582273  1.868129
710.5  0.266215  1.612866  1.879080
711.0  0.255110  1.616223  1.871333
711.5  0.255685  1.620566  1.876251
712.0  0.267787  1.604543  1.872330
712.5  0.288102  1.586106  1.874208
713.0  0.311524  1.565351  1.876875
713.5  0.333056  1.539862  1.872918
714.0  0.349383  1.527542  1.876926
714.5  0.359565  1.512395  1.871959
715.0  0.364768  1.519382  1.884149
715.5  0.367356  1.511222  1.878578
716.0  0.369779  1.512817  1.882596
716.5  0.373624  1.501858  1.875482
717.0  0.379091  1.503961  1.883052
717.5  0.384940  1.492451  1.877391
718.0  0.388913  1.488020  1.876933
718.5  0.388505  1.486806  1.875310
719.0  0.381909  1.495836  1.877746
719.5  0.368919  1.510063  1.878981
720.0  0.351429  1.523877  1.875306
720.5  0.333238  1.538928  1.872167
721.0  0.318988  1.557420  1.876408
721.5  0.312493  1.561626  1.874119
722.0  0.315161  1.562239  1.877400
722.5  0.325286  1.542408  1.867693
723.0  0.338648  1.540082  1.878730
723.5  0.350148  1.517863  1.868011
724.0  0.355676  1.522389  1.878065
724.5  0.353422  1.513974  1.867396
725.0  0.344196  1.532157  1.876354
725.5  0.330832  1.541955  1.872788
726.0  0.317046  1.557361  1.874407
726.5  0.306201  1.569301  1.875502
727.0  0.300342  1.572348  1.872690
727.5  0.299691  1.574537  1.874228
728.0  0.302681  1.567701  1.870382
728.5  0.306491  1.568866  1.875356
729.0  0.307963  1.563782  1.871745
729.5  0.304705  1.569481  1.874186
730.0  0.296085  1.577810  1.873894
730.5  0.283752  1.589176  1.872928
731.0  0.271328  1.603621  1.874949
731.5  0.263180  1.611872  1.875052
732.0  0.262653  1.612408  1.875060
732.5  0.270560  1.605682  1.876242
733.0  0.284745  1.589847  1.874593
733.5  0.300960  1.577812  1.878773
734.0  0.314627  1.559370  1.873997
734.5  0.322597  1.558071  1.880668
735.0  0.324164  1.547927  1.872091
735.5  0.321047  1.560313  1.881359
736.0  0.316556  1.555584  1.872140
736.5  0.314349  1.568561  1.882910
737.0  0.317232  1.557985  1.875217
737.5  0.326308  1.555333  1.881641
738.0  0.340646  1.536836  1.877482
738.5  0.357505  1.521384  1.878889
739.0  0.373077  1.507190  1.880267
739.5  0.383587  1.495076  1.878663
740.0  0.386536  1.492723  1.879259
740.5  0.381727  1.494548  1.876275
741.0  0.371616  1.509786  1.881402
741.5  0.360642  1.519171  1.879813
742.0  0.353528  1.523466  1.876995
742.5  0.353189  1.526889  1.880078
743.0  0.359258  1.513264  1.872522
743.5  0.368094  1.506183  1.874278
744.0  0.374329  1.495339  1.869667
744.5  0.373147  1.502704  1.875851
745.0  0.362205  1.508609  1.870813
745.5  0.342406  1.531562  1.873968
746.0  0.317454  1.554604  1.872058
746.5  0.292547  1.579439  1.871986
747.0  0.272795  1.603454  1.876249
747.5  0.261829  1.606165  1.867995
748.0  0.260908  1.612492  1.873399
748.5  0.268660  1.598024  1.866684
749.0  0.281492  1.593231  1.874723
749.5  0.294585  1.569431  1.864016
750.0  0.303305  1.566543  1.869848
750.5  0.304752  1.558086  1.862837
751.0  0.298980  1.567704  1.866684
751.5  0.289334  1.576250  1.865583
752.0  0.281490  1.585106  1.866596
752.5  0.281281  1.584110  1.865391
753.0  0.292114  1.573237  1.865351
753.5  0.313264  1.552169  1.865433
754.0  0.340011  1.526844  1.866855
754.5  0.365585  1.504193  1.869778
755.0  0.383885  1.488094  1.871979
755.5  0.391668  1.483724  1.875393
756.0  0.389364  1.492672  1.882036
756.5  0.380477  1.509396  1.889873
757.0  0.370091  1.525598  1.895689
757.5  0.363112  1.535209  1.898321
758.0  0.362790  1.538755  1.901545
758.5  0.369814  1.534300  1.904114
759.0  0.382111  1.520765  1.902876
759.5  0.395350  1.500741  1.896091
760.0  0.404066  1.483245  1.887311
760.5  0.403215  1.478713  1.881928
761.0  0.389868  1.484540  1.874408
761.5  0.364549  1.497323  1.861872
762.0  0.331628  1.519894  1.851521
762.5  0.298272  1.549158  1.847430
763.0  0.272055  1.572662  1.844717
763.5  0.258090  1.580224  1.838314
764.0  0.257089  1.575714  1.832803
764.5  0.265399  1.566779  1.832178
765.0  0.276977  1.556510  1.833487
765.5  0.286179  1.546117  1.832296
766.0  0.289987  1.541409  1.831396
766.5  0.288804  1.543268  1.832072
767.0  0.285827  1.545444  1.831272
767.5  0.285531  1.543842  1.829373
768.0  0.291939  1.534334  1.826272
768.5  0.307208  1.514030  1.821238
769.0  0.330823  1.479982  1.810805
769.5  0.359514  1.442260  1.801774
770.0  0.387884  1.404806  1.792690
770.5  0.409639  1.375548  1.785188
771.0  0.419221  1.358721  1.777943
771.5  0.413502  1.360650  1.774152
772.0  0.393054  1.377834  1.770888
772.5  0.362411  1.407147  1.769558
773.0  0.328897  1.443018  1.771915
773.5  0.300194  1.476464  1.776658
774.0  0.281559  1.501686  1.783245
774.5  0.274050  1.515368  1.789418
775.0  0.274673  1.523284  1.797957
775.5  0.278292  1.526924  1.805217
776.0  0.280219  1.532001  1.812220
776.5  0.278175  1.537184  1.815358
777.0  0.272930  1.544338  1.817268
777.5  0.267654  1.550403  1.818057
778.0  0.266504  1.552608  1.819112
778.5  0.273061  1.545235  1.818296
779.0  0.289068  1.530004  1.819072
779.5  0.313757  1.507973  1.821730
780.0  0.343833  1.480186  1.824019
780.5  0.374123  1.455099  1.829222
781.0  0.398756  1.440134  1.838890
781.5  0.412667  1.435642  1.848309
782.0  0.413116  1.444958  1.858075
782.5  0.400756  1.466782  1.867539
783.0  0.379720  1.497523  1.877243
783.5  0.356407  1.531251  1.887658
784.0  0.337186  1.555986  1.893172
784.5  0.325946  1.565726  1.891673
785.0  0.322713  1.564890  1.887603
785.5  0.324081  1.561341  1.885422
786.0  0.325182  1.554839  1.880021
786.5  0.322080  1.546232  1.868312
787.0  0.313420  1.542623  1.856043
787.5  0.300787  1.546434  1.847221
788.0  0.287883  1.553632  1.841514
788.5  0.279088  1.557657  1.836745
789.0  0.277962  1.552509  1.830471
789.5  0.286099  1.539788  1.825887
790.0  0.302586  1.523223  1.825809
790.5  0.324111  1.505265  1.829376
791.0  0.345702  1.485852  1.831554
791.5  0.361933  1.467967  1.829900
792.0  0.368407  1.462386  1.830794
792.5  0.363183  1.468181  1.831365
793.0  0.347712  1.480478  1.828190
793.5  0.326780  1.495185  1.821965
794.0  0.307147  1.507609  1.814756
794.5  0.295119  1.510335  1.805453
795.0  0.294022  1.498011  1.792033
795.5  0.302870  1.475509  1.778379
796.0  0.316974  1.450063  1.767038
796.5  0.330185  1.426316  1.756500
797.0  0.337533  1.407838  1.745372
797.5  0.337036  1.399972  1.737008
798.0  0.330040  1.401555  1.731595
798.5  0.320298  1.409167  1.729465
799.0  0.312381  1.415616  1.727998
799.5  0.310059  1.421071  1.731130
800.0  0.315114  1.420803  1.735917
800.5  0.326819  1.410524  1.737343
801.0  0.342121  1.399211  1.741332
801.5  0.356439  1.387968  1.744406
802.0  0.364902  1.380908  1.745810
802.5  0.363815  1.384074  1.747890
803.0  0.352021  1.395090  1.747111
803.5  0.331764  1.411473  1.743237
804.0  0.308537  1.433650  1.742187
804.5  0.289597  1.453282  1.742879
805.0  0.281405  1.461106  1.742511
805.5  0.287004  1.454901  1.741905
806.0  0.304671  1.439561  1.744233
806.5  0.328664  1.424325  1.752988
807.0  0.351687  1.412980  1.764666
807.5  0.367805  1.408532  1.776337
808.0  0.374444  1.411729  1.786173
808.5  0.372808  1.426880  1.799688
809.0  0.366898  1.448808  1.815706
809.5  0.361744  1.464747  1.826492
810.0  0.361588  1.471775  1.833362
810.5  0.368511  1.471460  1.839971
811.0  0.381816  1.462016  1.843832
811.5  0.398204  1.445761  1.843965
812.0  0.412645  1.427969  1.840614
812.5  0.419718  1.416521  1.836239
813.0  0.415164  1.416436  1.831601
813.5  0.397334  1.430287  1.827620
814.0  0.368116  1.458613  1.826730
814.5  0.332868  1.494206  1.827074
815.0  0.299004  1.527876  1.826880
815.5  0.273481  1.554519  1.828000
816.0  0.260144  1.572420  1.832564
816.5  0.258275  1.580250  1.838525
817.0  0.263172  1.578788  1.841960
817.5  0.268475  1.575747  1.844222
818.0  0.268986  1.579435  1.848421
818.5  0.262633  1.586859  1.849492
819.0  0.250904  1.598653  1.849556
819.5  0.237871  1.608017  1.845889
820.0  0.228472  1.611412  1.839884
820.5  0.226733  1.604122  1.830855
821.0  0.234495  1.588077  1.822573
821.5  0.250913  1.560192  1.811105
822.0  0.272746  1.521549  1.794295
822.5  0.295289  1.484750  1.780039
823.0  0.313684  1.458524  1.772208
823.5  0.324330  1.435982  1.760313
824.0  0.326117  1.422627  1.748744
824.5  0.321095  1.421241  1.742337
825.0  0.314178  1.425909  1.740087
825.5  0.311630  1.428144  1.739774
826.0  0.318647  1.420281  1.738928
826.5  0.337007  1.399954  1.736961
827.0  0.364029  1.373724  1.737753
827.5  0.393523  1.347998  1.741521
828.0  0.418282  1.321793  1.740075
828.5  0.432857  1.302513  1.735370
829.0  0.435354  1.294887  1.730241
829.5  0.427675  1.299342  1.727017
830.0  0.414406  1.310066  1.724472
830.5  0.400992  1.318877  1.719869
831.0  0.391898  1.320913  1.712810
831.5  0.389263  1.315965  1.705228
832.0  0.392355  1.313453  1.705808
832.5  0.397859  1.314328  1.712186
833.0  0.400868  1.314036  1.714904
833.5  0.396328  1.321456  1.717785
834.0  0.380637  1.347481  1.728119
834.5  0.353064  1.388012  1.741076
835.0  0.316541  1.435433  1.751974
835.5  0.277341  1.486518  1.763859
836.0  0.243361  1.531367  1.774728
836.5  0.221384  1.559943  1.781327
837.0  0.214420  1.569974  1.784395
837.5  0.220507  1.566366  1.786873
838.0  0.233692  1.554456  1.788148
838.5  0.246715  1.539222  1.785937
839.0  0.254001  1.527264  1.781266
839.5  0.253628  1.524444  1.778072
840.0  0.247625  1.530393  1.778018
840.5  0.240837  1.537300  1.778138
841.0  0.238994  1.541605  1.780600
841.5  0.246740  1.538244  1.784984
842.0  0.266167  1.522846  1.789013
842.5  0.296176  1.500718  1.796894
843.0  0.332688  1.472874  1.805562
843.5  0.369614  1.443113  1.812727
844.0  0.400319  1.418273  1.818593
844.5  0.419321  1.406381  1.825702
845.0  0.423881  1.406207  1.830088
845.5  0.415032  1.416631  1.831663
846.0  0.397496  1.430605  1.828101
846.5  0.378178  1.445694  1.823872
847.0  0.363550  1.457858  1.821408
847.5  0.357015  1.455895  1.812911
848.0  0.357614  1.445255  1.802869
848.5  0.360805  1.435897  1.796702
849.0  0.360877  1.426988  1.787866
849.5  0.353691  1.422287  1.775978
850.0  0.338456  1.429762  1.768217
850.5  0.317966  1.449962  1.767928
851.0  0.297494  1.468679  1.766173
851.5  0.282975  1.476728  1.759703
852.0  0.279174  1.476244  1.755417
852.5  0.288325  1.468848  1.757173
853.0  0.309515  1.450780  1.760294
853.5  0.338852  1.421286  1.760138
854.0  0.370323  1.385246  1.755569
854.5  0.397185  1.354022  1.751207
855.0  0.413669  1.337652  1.751321
855.5  0.416694  1.333286  1.749980
856.0  0.407027  1.333918  1.740945
856.5  0.389264  1.340726  1.729990
857.0  0.370237  1.353205  1.723442
857.5  0.356240  1.363729  1.719968
858.0  0.350284  1.363203  1.713487
858.5  0.350860  1.354267  1.705127
859.0  0.352888  1.347703  1.700591
859.5  0.350303  1.352712  1.703015
860.0  0.338858  1.367545  1.706403
860.5  0.317861  1.391725  1.709586
861.0  0.290316  1.425066  1.715382
861.5  0.261759  1.460195  1.721954
862.0  0.238454  1.490107  1.728561
862.5  0.225602  1.508702  1.734304
863.0  0.226028  1.512860  1.738887
863.5  0.239546  1.502072  1.741617
864.0  0.263017  1.479359  1.742376
864.5  0.291018  1.451765  1.742783
865.0  0.317037  1.427917  1.744954
865.5  0.335097  1.410291  1.745388
866.0  0.341533  1.404543  1.746076
866.5  0.336370  1.411177  1.747547
867.0  0.323539  1.425935  1.749473
867.5  0.309464  1.447202  1.756666
868.0  0.300372  1.462564  1.762935
868.5  0.299575  1.466172  1.765747
869.0  0.306211  1.467048  1.773259
869.5  0.316072  1.468793  1.784865
870.0  0.323960  1.469517  1.793477
870.5  0.326166  1.472443  1.798608
871.0  0.321914  1.482212  1.804126
871.5  0.313367  1.498281  1.811648
872.0  0.304518  1.511837  1.816354
872.5  0.299637  1.517336  1.816974
873.0  0.301877  1.510925  1.812802
873.5  0.312395  1.498124  1.810519
874.0  0.330105  1.478381  1.808487
874.5  0.351944  1.449933  1.801877
875.0  0.373505  1.419895  1.793400
875.5  0.389972  1.396547  1.786519
876.0  0.397330  1.385571  1.782901
876.5  0.393722  1.387008  1.780730
877.0  0.380485  1.396704  1.777189
877.5  0.362148  1.414203  1.776351
878.0  0.344955  1.432757  1.777712
878.5  0.334320  1.443814  1.778134
879.0  0.332451  1.447582  1.780033
879.5  0.337513  1.442946  1.780459
880.0  0.344782  1.433449  1.778231
880.5  0.349054  1.427724  1.776778
881.0  0.346951  1.426378  1.773330
881.5  0.338087  1.430676  1.768764
882.0  0.324842  1.438376  1.763218
882.5  0.311166  1.446367  1.757533
883.0  0.301080  1.449619  1.750699
883.5  0.297426  1.444321  1.741747
884.0  0.301162  1.433764  1.734925
884.5  0.311241  1.418384  1.729625
885.0  0.324917  1.400181  1.725097
885.5  0.338311  1.383007  1.721318
886.0  0.347195  1.373408  1.720603
886.5  0.348020  1.374561  1.722580
887.0  0.339151  1.388183  1.727334
887.5  0.321866  1.409547  1.731413
888.0  0.300448  1.436379  1.736827
888.5  0.280883  1.457822  1.738706
889.0  0.268512  1.472402  1.740914
889.5  0.265791  1.477146  1.742938
890.0  0.271466  1.472877  1.744343
890.5  0.281596  1.463062  1.744658
891.0  0.291740  1.451179  1.742919
891.5  0.299033  1.442931  1.741964
892.0  0.303175  1.440958  1.744133
892.5  0.306127  1.439966  1.746094
893.0  0.310940  1.437305  1.748245
893.5  0.320359  1.431448  1.751807
894.0  0.335759  1.420777  1.756536
894.5  0.356657  1.407634  1.764291
895.0  0.380806  1.391839  1.772645
895.5  0.404663  1.376022  1.780685
896.0  0.424046  1.363581  1.787627
896.5  0.434904  1.361430  1.796334
897.0  0.434281  1.368423  1.802703
897.5  0.421395  1.387701  1.809096
898.0  0.398453  1.409646  1.808099
898.5  0.370520  1.436093  1.806612
899.0  0.344056  1.468092  1.812148
899.5  0.324509  1.490442  1.814952
900.0  0.314171  1.495575  1.809746
900.5  0.311531  1.495920  1.807452
901.0  0.312477  1.496092  1.808569
901.5  0.312576  1.501634  1.814210
902.0  0.309157  1.503659  1.812816
902.5  0.302243  1.505806  1.808049
903.0  0.294181  1.516498  1.810678
903.5  0.288407  1.520186  1.808592
904.0  0.288015  1.523948  1.811964
904.5  0.294668  1.513012  1.807680
905.0  0.308111  1.502417  1.810528
905.5  0.326281  1.480423  1.806704
906.0  0.345792  1.461347  1.807139
906.5  0.362583  1.446093  1.808677
907.0  0.372678  1.430705  1.803384
907.5  0.373119  1.424186  1.797305
908.0  0.363040  1.429014  1.792054
908.5  0.344485  1.441245  1.785730
909.0  0.322284  1.456044  1.778329
909.5  0.302581  1.469801  1.772381
910.0  0.290410  1.475410  1.765819
910.5  0.287543  1.471716  1.759260
911.0  0.291859  1.463726  1.755585
911.5  0.298604  1.454157  1.752761
912.0  0.302794  1.450920  1.753714
912.5  0.301440  1.451876  1.753316
913.0  0.294617  1.459332  1.753949
913.5  0.285156  1.467492  1.752648
914.0  0.277353  1.476416  1.753769
914.5  0.275337  1.481182  1.756520
915.0  0.281703  1.472065  1.753768
915.5  0.296757  1.450470  1.747227
916.0  0.318477  1.427381  1.745858
916.5  0.343030  1.402527  1.745556
917.0  0.365611  1.372848  1.738459
917.5  0.381455  1.352915  1.734370
918.0  0.386981  1.350703  1.737684
918.5  0.380972  1.360080  1.741052
919.0  0.365376  1.376265  1.741641
919.5  0.345118  1.399732  1.744850
920.0  0.326567  1.424456  1.751023
920.5  0.315082  1.443050  1.758132
921.0  0.312822  1.452505  1.765326
921.5  0.318008  1.452340  1.770349
922.0  0.326026  1.447396  1.773422
922.5  0.331664  1.447467  1.779131
923.0  0.331298  1.454375  1.785672
923.5  0.324101  1.464237  1.788338
924.0  0.312035  1.474573  1.786608
924.5  0.298924  1.486753  1.785678
925.0  0.289124  1.500584  1.789707
925.5  0.286230  1.503271  1.789502
926.0  0.292132  1.494899  1.787031
926.5  0.306536  1.483688  1.790224
927.0  0.326999  1.467627  1.794625
927.5  0.349416  1.444815  1.794231
928.0  0.368959  1.430000  1.798959
928.5  0.381375  1.427911  1.809286
929.0  0.384416  1.431266  1.815682
929.5  0.378834  1.444175  1.823009
930.0  0.368300  1.464414  1.832714
930.5  0.357964  1.482486  1.840450
931.0  0.352182  1.492613  1.844794
931.5  0.352522  1.496175  1.848697
932.0  0.357144  1.493441  1.850585
932.5  0.361804  1.487205  1.849008
933.0  0.361829  1.483055  1.844883
933.5  0.354023  1.486471  1.840495
934.0  0.337724  1.497783  1.835507
934.5  0.314836  1.513995  1.828831
935.0  0.289099  1.536115  1.825214
935.5  0.265016  1.556867  1.821883
936.0  0.246750  1.569399  1.816149
936.5  0.237224  1.578407  1.815631
937.0  0.237507  1.580955  1.818462
937.5  0.246598  1.569679  1.816277
938.0  0.261660  1.552531  1.814191
938.5  0.278795  1.540334  1.819129
939.0  0.294288  1.524771  1.819059
939.5  0.306011  1.506710  1.812721
940.0  0.314374  1.494841  1.809215
940.5  0.322202  1.486756  1.808958
941.0  0.333353  1.466940  1.800293
941.5  0.350640  1.437820  1.788460
942.0  0.374153  1.411579  1.785732
942.5  0.400904  1.379406  1.780310
943.0  0.425938  1.342680  1.768618
943.5  0.444239  1.319870  1.764109
944.0  0.452439  1.312369  1.764808
944.5  0.449680  1.313847  1.763527
945.0  0.437533  1.324853  1.762386
945.5  0.419255  1.350328  1.769583
946.0  0.398792  1.375289  1.774081
946.5  0.379818  1.394299  1.774117
947.0  0.364929  1.415880  1.780809
947.5  0.355069  1.432467  1.787536
948.0  0.349251  1.438232  1.787482
948.5  0.344718  1.442095  1.786813
949.0  0.337711  1.451969  1.789680
949.5  0.324808  1.465109  1.789917
950.0  0.304488  1.482538  1.787026
950.5  0.278198  1.508150  1.786348
951.0  0.250224  1.535834  1.786058
951.5  0.226170  1.559291  1.785461
952.0  0.210673  1.576919  1.787592
952.5  0.205524  1.584605  1.790128
953.0  0.209176  1.584567  1.793742
953.5  0.217803  1.583091  1.800895
954.0  0.227201  1.580626  1.807827
954.5  0.234510  1.581933  1.816443
955.0  0.239090  1.588261  1.827352
955.5  0.242420  1.594222  1.836642
956.0  0.247328  1.596672  1.844000
956.5  0.256982  1.593905  1.850887
957.0  0.273928  1.584970  1.858897
957.5  0.299318  1.562350  1.861668
958.0  0.332394  1.527959  1.860353
958.5  0.370291  1.490220  1.860512
959.0  0.408325  1.449709  1.858034
959.5  0.440892  1.411992  1.852884
960.0  0.462962  1.387223  1.850185
960.5  0.471708  1.375402  1.847111
961.0  0.467589  1.375023  1.842612
961.5  0.454184  1.387661  1.841845
962.0  0.436682  1.402910  1.839592
962.5  0.419673  1.424524  1.844197
963.0  0.405354  1.443992  1.849346
963.5  0.393050  1.457199  1.850249
964.0  0.380145  1.470889  1.851034
964.5  0.363769  1.489296  1.853065
965.0  0.342332  1.510824  1.853156
965.5  0.316300  1.532333  1.848633
966.0  0.288119  1.553728  1.841847
966.5  0.261547  1.572782  1.834329
967.0  0.240736  1.585012  1.825749
967.5  0.229303  1.585898  1.815202
968.0  0.229485  1.574076  1.803562
968.5  0.241464  1.552247  1.793711
969.0  0.262998  1.523405  1.786403
969.5  0.289587  1.491033  1.780620
970.0  0.315386  1.459186  1.774572
970.5  0.334785  1.439514  1.774299
971.0  0.344200  1.431865  1.776065
971.5  0.343270  1.435573  1.778842
972.0  0.334791  1.444676  1.779467
972.5  0.323330  1.460875  1.784205
973.0  0.313172  1.472993  1.786165
973.5  0.306658  1.479440  1.786098
974.0  0.303701  1.482032  1.785733
974.5  0.302510  1.484064  1.786573
975.0  0.300940  1.484884  1.785824
975.5  0.297697  1.484667  1.782364
976.0  0.292917  1.484379  1.777297
976.5  0.288076  1.486251  1.774327
977.0  0.285472  1.489580  1.775052
977.5  0.287555  1.485182  1.772737
978.0  0.296282  1.474309  1.770591
978.5  0.312547  1.463787  1.776334
979.0  0.335726  1.449355  1.785081
979.5  0.363430  1.427264  1.790694
980.0  0.391676  1.409461  1.801136
980.5  0.415651  1.398228  1.813879
981.0  0.431013  1.394266  1.825279
981.5  0.435295  1.402287  1.837581
982.0  0.428754  1.421006  1.849760
982.5  0.414162  1.443147  1.857309
983.0  0.395577  1.466391  1.861968
983.5  0.376716  1.490896  1.867612
984.0  0.359743  1.514170  1.873913
984.5  0.344999  1.528259  1.873258
985.0  0.331599  1.536847  1.868446
985.5  0.318416  1.549845  1.868261
986.0  0.304902  1.566726  1.871628
986.5  0.291452  1.580650  1.872102
987.0  0.279332  1.593093  1.872425
987.5  0.270334  1.603874  1.874208
988.0  0.266339  1.613501  1.879839
988.5  0.268868  1.619628  1.888496
989.0  0.278646  1.617365  1.896010
989.5  0.295197  1.605906  1.901103
990.0  0.316596  1.588048  1.904644
990.5  0.339581  1.568229  1.907810
991.0  0.360213  1.552507  1.912720
991.5  0.375001  1.536436  1.911437
992.0  0.382061  1.522989  1.905051
992.5  0.381732  1.512570  1.894302
993.0  0.376224  1.507173  1.883398
993.5  0.368473  1.502090  1.870563
994.0  0.360789  1.495251  1.856041
994.5  0.354037  1.487748  1.841785
995.0  0.347654  1.483519  1.831173
995.5  0.340362  1.483265  1.823627
996.0  0.331057  1.484769  1.815827
996.5  0.319431  1.491250  1.810681
997.0  0.306145  1.504584  1.810729
997.5  0.292617  1.520234  1.812851
998.0  0.280613  1.532001  1.812614
998.5  0.271799  1.540570  1.812368
999.0  0.267349  1.543756  1.811105
999.5  0.267637  1.543950  1.811586
1000.0  0.272033  1.537400  1.809433
