Submitted batch job 14486131
MANDATORY INPUT VARIABLES:
  NStates =
		 4
  NSteps =
		 500
  dtI =
		 0.5 (fs)
  ESTEPS =
		 200
  ISTATE =
		 2
  FUNCTIONAL =
		 AM1
  BASIS_SET =
		 STO-5G
  CHARGE =
		 0
  MULTIPLICITY =
		 1
  MEMORY =
		 30 (GB)
  PARALLEL_FORCES =
		 True
  NAMD_METHOD =
		 GFSH
  EL_PROP =
		 VV
  MD_ENSEMBLE =
		 NVE
  VELOC =
		 READ
Input looks good.
Submitting electronic structure for step 0.
	Gaussian terminated normally in 4.01 s. (GS_NEW)
Submitted batch job 14486132
Submitted batch job 14486133
Submitted batch job 14486134
Starting forces for state 1
	Gaussian terminated normally in 5.01 s. (TD_NEW_S1)
Starting forces for state 3
	Gaussian terminated normally in 7.23 s. (TD_NEW_S3)
Starting forces for state 2
	Gaussian terminated normally in 8.10 s. (TD_NEW_S2)
Submitted batch job 14486135
Using active state forces. F = F(S2)
Using active state forces. F = F(S2)
Submitting electronic structure for step 1.
	Gaussian terminated normally in 5.07 s. (GS_NEW)
Submitted batch job 14486136
Submitted batch job 14486137
Submitted batch job 14486138
Starting forces for state 2
	Gaussian terminated normally in 8.13 s. (TD_NEW_S2)
Starting forces for state 1
	Gaussian terminated normally in 8.26 s. (TD_NEW_S1)
Starting forces for state 3
	Gaussian terminated normally in 9.01 s. (TD_NEW_S3)
Submitted batch job 14486139
Submitted batch job 14486140
	Gaussian terminated normally in 5.13 s. (DIMER)
	TD_NEW_S1 DIM_INFO TIME (BRADEN): 0.05 s
	TD_NEW_S1 GET_MO TIME: 0.01 s
	TD_NEW_S1 GET_CI TIME: 0.03 s
	TD_OLD_S1 GET_MO TIME: 0.01 s
	TD_OLD_S1 GET_CI TIME: 0.02 s
	DIMER TIME: 2.41 s
	G16_NAC.py main: 2.53 s
	gau_nac() (G16_NAC.py): 0.0 s
gau_nac prepare 0.01 s
WFN OVERLAP FORTRAN TOOK 0.24 s
gau_nac dump 1.02 s
	gau_nac.worker() (G16_NAC.py): 1.27 s
	GET_OVERLAP OVERALL TIME (G16_TD.py): 3.82 s
Orthogonalized [S.T @ S] :
[[ 1. -0. -0.  0.]
 [-0.  1.  0.  0.]
 [-0.  0.  1.  0.]
 [ 0.  0.  0.  1.]]
	GET_NACT OVERALL TIME (G16_TD.py): 0.0 s
	GET_APPROX NACR OVERALL TIME (G16_TD.py): 0.0 s
Total QM took 23.82 s.
Electronic propagation took 0.01 s.
Electronic Norm.: 1.0
SUM_POP_DECREASE = 1.5189269576665332e-05
j, dP_j, dP_AS, Prob_j: 0 1.4881184112173812e-05 1.5189269576665332e-05 1.4881184112173812e-05
j, dP_j, dP_AS, Prob_j: 1 7.386959959614228e-09 1.5189269576665332e-05 7.386959959614228e-09
j, dP_j, dP_AS, Prob_j: 3 3.0069850626612877e-07 1.5189269576665332e-05 3.0069850626612877e-07
HOP PROB: [1.48811841e-05 7.38695996e-09 0.00000000e+00 3.00698506e-07]
RANDOM: 0.0 0.18734218384521217 1.4881184112173812e-05
RANDOM: 1.4881184112173812e-05 0.18734218384521217 1.4888571072133426e-05
RANDOM: 1.4888571072133426e-05 0.18734218384521217 1.4888571072133426e-05
Using active state forces. F = F(S2)
Total MD Step took 23.85 s.
Using active state forces. F = F(S2)
Submitting electronic structure for step 2.
	Gaussian terminated normally in 5.08 s. (GS_NEW)
Submitted batch job 14486141
Submitted batch job 14486142
Submitted batch job 14486143
Starting forces for state 1
	Gaussian terminated normally in 6.07 s. (TD_NEW_S1)
Starting forces for state 2
	Gaussian terminated normally in 7.01 s. (TD_NEW_S2)
Starting forces for state 3
	Gaussian terminated normally in 8.12 s. (TD_NEW_S3)
Submitted batch job 14486144
Submitted batch job 14486145
	Gaussian terminated normally in 6.11 s. (DIMER)
	TD_NEW_S1 DIM_INFO TIME (BRADEN): 0.06 s
	TD_NEW_S1 GET_MO TIME: 0.01 s
	TD_NEW_S1 GET_CI TIME: 0.03 s
	TD_OLD_S1 GET_MO TIME: 0.01 s
	TD_OLD_S1 GET_CI TIME: 0.03 s
	DIMER TIME: 2.23 s
	G16_NAC.py main: 2.36 s
	gau_nac() (G16_NAC.py): 0.0 s
gau_nac prepare 0.01 s
WFN OVERLAP FORTRAN TOOK 0.11 s
gau_nac dump 1.01 s
	gau_nac.worker() (G16_NAC.py): 1.13 s
	GET_OVERLAP OVERALL TIME (G16_TD.py): 3.52 s
Orthogonalized [S.T @ S] :
[[ 1.  0. -0. -0.]
 [ 0.  1. -0. -0.]
 [-0. -0.  1. -0.]
 [-0. -0. -0.  1.]]
	GET_NACT OVERALL TIME (G16_TD.py): 0.0 s
	GET_APPROX NACR OVERALL TIME (G16_TD.py): 0.0 s
Total QM took 23.91 s.
Electronic propagation took 0.01 s.
Electronic Norm.: 1.0
SUM_POP_DECREASE = 7.031159899184569e-05
j, dP_j, dP_AS, Prob_j: 0 6.9535108178557e-05 7.031159899184569e-05 6.953616438210314e-05
j, dP_j, dP_AS, Prob_j: 1 2.037533744666775e-08 7.031159899184569e-05 2.0375646937861888e-08
j, dP_j, dP_AS, Prob_j: 3 7.561154769296601e-07 7.031159899184569e-05 7.561269619459193e-07
HOP PROB: [6.95361644e-05 2.03756469e-08 0.00000000e+00 7.56126962e-07]
RANDOM: 0.0 0.9389395804525252 6.953616438210314e-05
RANDOM: 6.953616438210314e-05 0.9389395804525252 6.9556540029041e-05
RANDOM: 6.9556540029041e-05 0.9389395804525252 6.9556540029041e-05
Using active state forces. F = F(S2)
Total MD Step took 23.93 s.
Using active state forces. F = F(S2)
Submitting electronic structure for step 3.
	Gaussian terminated normally in 5.07 s. (GS_NEW)
Submitted batch job 14486146
Submitted batch job 14486147
Submitted batch job 14486148
Starting forces for state 1
	Gaussian terminated normally in 5.01 s. (TD_NEW_S1)
Starting forces for state 3
	Gaussian terminated normally in 7.11 s. (TD_NEW_S3)
Starting forces for state 2
	Gaussian terminated normally in 8.10 s. (TD_NEW_S2)
Submitted batch job 14486149
Submitted batch job 14486151
	Gaussian terminated normally in 6.12 s. (DIMER)
	TD_NEW_S1 DIM_INFO TIME (BRADEN): 0.05 s
	TD_NEW_S1 GET_MO TIME: 0.01 s
	TD_NEW_S1 GET_CI TIME: 0.03 s
	TD_OLD_S1 GET_MO TIME: 0.01 s
	TD_OLD_S1 GET_CI TIME: 0.03 s
	DIMER TIME: 2.25 s
	G16_NAC.py main: 2.37 s
	gau_nac() (G16_NAC.py): 0.0 s
gau_nac prepare 0.0 s
WFN OVERLAP FORTRAN TOOK 0.1 s
gau_nac dump 1.02 s
	gau_nac.worker() (G16_NAC.py): 1.13 s
	GET_OVERLAP OVERALL TIME (G16_TD.py): 3.53 s
Orthogonalized [S.T @ S] :
[[ 1. -0. -0. -0.]
 [-0.  1.  0. -0.]
 [-0.  0.  1.  0.]
 [-0. -0.  0.  1.]]
	GET_NACT OVERALL TIME (G16_TD.py): 0.0 s
	GET_APPROX NACR OVERALL TIME (G16_TD.py): 0.0 s
Total QM took 23.89 s.
Electronic propagation took 0.01 s.
Electronic Norm.: 1.0
SUM_POP_DECREASE = 0.00016839691704839677
j, dP_j, dP_AS, Prob_j: 0 0.0001673789276790655 0.00016839691704839677 0.00016739323994647342
j, dP_j, dP_AS, Prob_j: 1 1.767441064787953e-08 0.00016839691704839677 1.7675921954559393e-08
j, dP_j, dP_AS, Prob_j: 3 1.000314958386911e-06 0.00016839691704839677 1.0004004934980215e-06
HOP PROB: [1.67393240e-04 1.76759220e-08 0.00000000e+00 1.00040049e-06]
RANDOM: 0.0 0.9501112797249543 0.00016739323994647342
RANDOM: 0.00016739323994647342 0.9501112797249543 0.00016741091586842797
RANDOM: 0.00016741091586842797 0.9501112797249543 0.00016741091586842797
Using active state forces. F = F(S2)
Total MD Step took 23.91 s.
Using active state forces. F = F(S2)
Submitting electronic structure for step 4.
	Gaussian terminated normally in 5.11 s. (GS_NEW)
Submitted batch job 14486152
Submitted batch job 14486153
Submitted batch job 14486154
Starting forces for state 1
	Gaussian terminated normally in 7.01 s. (TD_NEW_S1)
Starting forces for state 3
	Gaussian terminated normally in 7.13 s. (TD_NEW_S3)
Starting forces for state 2
	Gaussian terminated normally in 9.13 s. (TD_NEW_S2)
Submitted batch job 14486155
Submitted batch job 14486157
	Gaussian terminated normally in 5.17 s. (DIMER)
	TD_NEW_S1 DIM_INFO TIME (BRADEN): 0.05 s
	TD_NEW_S1 GET_MO TIME: 0.01 s
	TD_NEW_S1 GET_CI TIME: 0.03 s
	TD_OLD_S1 GET_MO TIME: 0.01 s
	TD_OLD_S1 GET_CI TIME: 0.03 s
	DIMER TIME: 2.22 s
	G16_NAC.py main: 2.34 s
	gau_nac() (G16_NAC.py): 0.0 s
gau_nac prepare 0.01 s
WFN OVERLAP FORTRAN TOOK 0.1 s
gau_nac dump 1.02 s
	gau_nac.worker() (G16_NAC.py): 1.13 s
	GET_OVERLAP OVERALL TIME (G16_TD.py): 3.5 s
Orthogonalized [S.T @ S] :
[[ 1. -0.  0.  0.]
 [-0.  1. -0. -0.]
 [ 0. -0.  1. -0.]
 [ 0. -0. -0.  1.]]
	GET_NACT OVERALL TIME (G16_TD.py): 0.0 s
	GET_APPROX NACR OVERALL TIME (G16_TD.py): 0.0 s
Total QM took 23.97 s.
Electronic propagation took 0.01 s.
Electronic Norm.: 1.0
SUM_POP_DECREASE = 0.00031493141890692744
j, dP_j, dP_AS, Prob_j: 0 0.0003138613577939184 0.00031493141890692744 0.00031394106673557674
j, dP_j, dP_AS, Prob_j: 1 7.69650885648634e-09 0.00031493141890692744 7.69846347931639e-09
j, dP_j, dP_AS, Prob_j: 3 1.0623646026280757e-06 0.00031493141890692744 1.0626344031499557e-06
HOP PROB: [3.13941067e-04 7.69846348e-09 0.00000000e+00 1.06263440e-06]
RANDOM: 0.0 0.5993588400304827 0.00031394106673557674
RANDOM: 0.00031394106673557674 0.5993588400304827 0.00031394876519905607
RANDOM: 0.00031394876519905607 0.5993588400304827 0.00031394876519905607
Using active state forces. F = F(S2)
Total MD Step took 24.00 s.
Using active state forces. F = F(S2)
Submitting electronic structure for step 5.
	Gaussian terminated normally in 5.09 s. (GS_NEW)
Submitted batch job 14486158
Submitted batch job 14486159
Submitted batch job 14486160
Starting forces for state 1
	Gaussian terminated normally in 7.11 s. (TD_NEW_S1)
Starting forces for state 3
	Gaussian terminated normally in 7.14 s. (TD_NEW_S3)
Starting forces for state 2
	Gaussian terminated normally in 9.01 s. (TD_NEW_S2)
Submitted batch job 14486161
Submitted batch job 14486162
	Gaussian terminated normally in 6.62 s. (DIMER)
	TD_NEW_S1 DIM_INFO TIME (BRADEN): 0.05 s
	TD_NEW_S1 GET_MO TIME: 0.01 s
	TD_NEW_S1 GET_CI TIME: 0.03 s
	TD_OLD_S1 GET_MO TIME: 0.01 s
	TD_OLD_S1 GET_CI TIME: 0.03 s
	DIMER TIME: 2.22 s
	G16_NAC.py main: 2.35 s
	gau_nac() (G16_NAC.py): 0.0 s
gau_nac prepare 0.01 s
WFN OVERLAP FORTRAN TOOK 0.1 s
gau_nac dump 1.05 s
	gau_nac.worker() (G16_NAC.py): 1.16 s
	GET_OVERLAP OVERALL TIME (G16_TD.py): 3.53 s
Orthogonalized [S.T @ S] :
[[ 1. -0. -0. -0.]
 [-0.  1. -0. -0.]
 [-0. -0.  1.  0.]
 [-0. -0.  0.  1.]]
	GET_NACT OVERALL TIME (G16_TD.py): 0.0 s
	GET_APPROX NACR OVERALL TIME (G16_TD.py): 0.0 s
Total QM took 25.21 s.
Electronic propagation took 0.01 s.
Electronic Norm.: 1.0
SUM_POP_DECREASE = 0.0005058553806219052
j, dP_j, dP_AS, Prob_j: 0 0.0005049017243486631 0.0005058488171423292 0.0005051825358227799
j, dP_j, dP_AS, Prob_j: 1 -6.563479576011965e-09 0.0005058488171423292 -6.567129990114737e-09
j, dP_j, dP_AS, Prob_j: 3 9.536562729760789e-07 0.0005058488171423292 9.541866685182226e-07
HOP PROB: [5.05182536e-04 0.00000000e+00 0.00000000e+00 9.54186669e-07]
RANDOM: 0.0 0.27700016955531526 0.0005051825358227799
RANDOM: 0.0005051825358227799 0.27700016955531526 0.0005051825358227799
RANDOM: 0.0005051825358227799 0.27700016955531526 0.0005051825358227799
Using active state forces. F = F(S2)
Total MD Step took 25.23 s.
Using active state forces. F = F(S2)
Submitting electronic structure for step 6.
	Gaussian terminated normally in 6.08 s. (GS_NEW)
Submitted batch job 14486163
Submitted batch job 14486164
Submitted batch job 14486165
Starting forces for state 1
	Gaussian terminated normally in 8.01 s. (TD_NEW_S1)
Starting forces for state 3
	Gaussian terminated normally in 11.13 s. (TD_NEW_S3)
Starting forces for state 2
	Gaussian terminated normally in 11.28 s. (TD_NEW_S2)
Submitted batch job 14486166
Submitted batch job 14486167
	Gaussian terminated normally in 5.12 s. (DIMER)
	TD_NEW_S1 DIM_INFO TIME (BRADEN): 0.05 s
	TD_NEW_S1 GET_MO TIME: 0.01 s
	TD_NEW_S1 GET_CI TIME: 0.03 s
	TD_OLD_S1 GET_MO TIME: 0.01 s
	TD_OLD_S1 GET_CI TIME: 0.03 s
	DIMER TIME: 2.21 s
	G16_NAC.py main: 2.34 s
	gau_nac() (G16_NAC.py): 0.0 s
gau_nac prepare 0.0 s
WFN OVERLAP FORTRAN TOOK 0.1 s
gau_nac dump 1.01 s
	gau_nac.worker() (G16_NAC.py): 1.12 s
	GET_OVERLAP OVERALL TIME (G16_TD.py): 3.48 s
Orthogonalized [S.T @ S] :
[[ 1. -0.  0. -0.]
 [-0.  1.  0. -0.]
 [ 0.  0.  1.  0.]
 [-0. -0.  0.  1.]]
	GET_NACT OVERALL TIME (G16_TD.py): 0.0 s
	GET_APPROX NACR OVERALL TIME (G16_TD.py): 0.0 s
Total QM took 27.00 s.
Electronic propagation took 0.01 s.
Electronic Norm.: 1.0
SUM_POP_DECREASE = 0.0007341663597421632
j, dP_j, dP_AS, Prob_j: 0 0.000733402650167375 0.0007341478750831909 0.0007341731845223964
j, dP_j, dP_AS, Prob_j: 1 -1.84846589723522e-08 0.0007341478750831909 -1.8504079497729087e-08
j, dP_j, dP_AS, Prob_j: 3 7.63709573609241e-07 0.0007341478750831909 7.645119493077611e-07
HOP PROB: [7.34173185e-04 0.00000000e+00 0.00000000e+00 7.64511949e-07]
RANDOM: 0.0 0.8790278415425474 0.0007341731845223964
RANDOM: 0.0007341731845223964 0.8790278415425474 0.0007341731845223964
RANDOM: 0.0007341731845223964 0.8790278415425474 0.0007341731845223964
Using active state forces. F = F(S2)
Total MD Step took 27.01 s.
Using active state forces. F = F(S2)
Submitting electronic structure for step 7.
	Gaussian terminated normally in 5.13 s. (GS_NEW)
Submitted batch job 14486168
Submitted batch job 14486169
Submitted batch job 14486170
Starting forces for state 2
	Gaussian terminated normally in 6.01 s. (TD_NEW_S2)
Starting forces for state 1
	Gaussian terminated normally in 6.31 s. (TD_NEW_S1)
Starting forces for state 3
	Gaussian terminated normally in 10.24 s. (TD_NEW_S3)
Submitted batch job 14486171
Submitted batch job 14486173
	Gaussian terminated normally in 5.11 s. (DIMER)
	TD_NEW_S1 DIM_INFO TIME (BRADEN): 0.07 s
	TD_NEW_S1 GET_MO TIME: 0.01 s
	TD_NEW_S1 GET_CI TIME: 0.02 s
	TD_OLD_S1 GET_MO TIME: 0.01 s
	TD_OLD_S1 GET_CI TIME: 0.03 s
	DIMER TIME: 2.23 s
	G16_NAC.py main: 2.37 s
	gau_nac() (G16_NAC.py): 0.0 s
gau_nac prepare 0.01 s
WFN OVERLAP FORTRAN TOOK 0.11 s
gau_nac dump 1.01 s
	gau_nac.worker() (G16_NAC.py): 1.12 s
	GET_OVERLAP OVERALL TIME (G16_TD.py): 3.51 s
Orthogonalized [S.T @ S] :
[[ 1.  0. -0.  0.]
 [ 0.  1.  0. -0.]
 [-0.  0.  1. -0.]
 [ 0. -0. -0.  1.]]
OLD:
 [[ 9.9994647e-01  1.0344390e-02 -4.9240000e-05  2.2288000e-04]
 [ 4.8390000e-05  8.2540000e-05  1.0000000e+00  2.8130000e-05]
 [ 1.0344420e-02 -9.9994649e-01  8.2030000e-05 -1.0299000e-04]
 [-2.2180000e-04 -1.0529000e-04 -2.8110000e-05  9.9999997e-01]]
I found a sign error upon phase correcting.
Index Flip: 0 <--> 1
NEW:
 [[ 9.9994647e-01 -1.0344390e-02 -4.9240000e-05  2.2288000e-04]
 [-4.8390000e-05  8.2540000e-05  1.0000000e+00  2.8130000e-05]
 [ 1.0344420e-02 -9.9994649e-01  8.2030000e-05 -1.0299000e-04]
 [-2.2180000e-04 -1.0529000e-04 -2.8110000e-05  9.9999997e-01]]
[S.T @ S] after sign fix:
[[ 1.000000e+00 -2.068769e-02 -9.677000e-05 -0.000000e+00]
 [-2.068769e-02  1.000000e+00  1.020000e-06 -4.610000e-06]
 [-9.677000e-05  1.020000e-06  1.000000e+00 -0.000000e+00]
 [-0.000000e+00 -4.610000e-06 -0.000000e+00  1.000000e+00]]
Orthogonalized [S.T @ S] :
[[ 1. -0. -0.  0.]
 [-0.  1.  0.  0.]
 [-0.  0.  1.  0.]
 [ 0.  0.  0.  1.]]
[S.T @ S] after sign fix and second orthogonalization:
[[ 1. -0. -0.  0.]
 [-0.  1.  0.  0.]
 [-0.  0.  1.  0.]
 [ 0.  0.  0.  1.]]
OLD:
 [[ 9.9999998e-01  0.0000000e+00 -8.6000000e-07  2.2289000e-04]
 [ 8.5000000e-07  8.2290000e-05  1.0000000e+00  2.8130000e-05]
 [ 3.0000000e-08 -9.9999999e-01  8.2290000e-05 -1.0530000e-04]
 [-2.2289000e-04 -1.0530000e-04 -2.8120000e-05  9.9999997e-01]]
I found a sign error upon phase correcting.
Index Flip: 1 <--> 2
NEW:
 [[ 9.9999998e-01  0.0000000e+00 -8.6000000e-07  2.2289000e-04]
 [ 8.5000000e-07  8.2290000e-05 -1.0000000e+00  2.8130000e-05]
 [ 3.0000000e-08  9.9999999e-01  8.2290000e-05 -1.0530000e-04]
 [-2.2289000e-04 -1.0530000e-04 -2.8120000e-05  9.9999997e-01]]
[S.T @ S] after sign fix:
[[ 1.0000e+00  6.0000e-08 -1.7000e-06  0.0000e+00]
 [ 6.0000e-08  1.0000e+00  1.0000e-08 -2.1059e-04]
 [-1.7000e-06  1.0000e-08  1.0000e+00 -5.6260e-05]
 [ 0.0000e+00 -2.1059e-04 -5.6260e-05  1.0000e+00]]
Orthogonalized [S.T @ S] :
[[ 1.  0. -0.  0.]
 [ 0.  1.  0. -0.]
 [-0.  0.  1. -0.]
 [ 0. -0. -0.  1.]]
[S.T @ S] after sign fix and second orthogonalization:
[[ 1.  0. -0.  0.]
 [ 0.  1.  0. -0.]
 [-0.  0.  1. -0.]
 [ 0. -0. -0.  1.]]
	GET_NACT OVERALL TIME (G16_TD.py): 0.01 s
	GET_APPROX NACR OVERALL TIME (G16_TD.py): 0.0 s
Total QM took 25.14 s.
Electronic propagation took 0.01 s.
Electronic Norm.: 1.0
SUM_POP_DECREASE = 0.9981911532622865
j, dP_j, dP_AS, Prob_j: 0 4.1556827035755736e-08 0.9981911117012843 4.163213058141507e-08
j, dP_j, dP_AS, Prob_j: 1 0.9981911117054599 0.9981911117012843 0.9999998958528247
j, dP_j, dP_AS, Prob_j: 3 -4.1561002230306926e-08 0.9981911117012843 -4.163631334167751e-08
HOP PROB: [4.16321306e-08 9.99999896e-01 0.00000000e+00 0.00000000e+00]
RANDOM: 0.0 0.8155043178669735 4.163213058141507e-08
RANDOM: 4.163213058141507e-08 0.8155043178669735 0.9999999374849553
SATISFIED PROBABILITY CRITERION 2 --> 1
RANDOM: 0.9999999374849553 0.8155043178669735 0.9999999374849553
TRY HOPPING FROM 2 --> 3
 ##### Hopping from S2-->S1 #####
Using active state forces. F = F(S1)
Total MD Step took 25.16 s.
Using active state forces. F = F(S1)
Submitting electronic structure for step 8.
	Gaussian terminated normally in 5.07 s. (GS_NEW)
Submitted batch job 14486174
Submitted batch job 14486175
Submitted batch job 14486176
Starting forces for state 3
	Gaussian terminated normally in 8.10 s. (TD_NEW_S3)
Starting forces for state 2
	Gaussian terminated normally in 9.01 s. (TD_NEW_S2)
Starting forces for state 1
	Gaussian terminated normally in 9.12 s. (TD_NEW_S1)
Submitted batch job 14486178
Submitted batch job 14486180
	Gaussian terminated normally in 5.11 s. (DIMER)
	TD_NEW_S1 DIM_INFO TIME (BRADEN): 0.05 s
	TD_NEW_S1 GET_MO TIME: 0.01 s
	TD_NEW_S1 GET_CI TIME: 0.03 s
	TD_OLD_S1 GET_MO TIME: 0.01 s
	TD_OLD_S1 GET_CI TIME: 0.03 s
	DIMER TIME: 2.24 s
	G16_NAC.py main: 2.37 s
	gau_nac() (G16_NAC.py): 0.0 s
gau_nac prepare 0.0 s
WFN OVERLAP FORTRAN TOOK 0.11 s
gau_nac dump 1.01 s
	gau_nac.worker() (G16_NAC.py): 1.12 s
	GET_OVERLAP OVERALL TIME (G16_TD.py): 3.51 s
Orthogonalized [S.T @ S] :
[[ 1.  0. -0.  0.]
 [ 0.  1. -0. -0.]
 [-0. -0.  1.  0.]
 [ 0. -0.  0.  1.]]
OLD:
 [[ 9.9993653e-01 -1.1258720e-02 -2.2950000e-04 -3.4279000e-04]
 [ 1.1258810e-02  9.9993659e-01  8.0740000e-05  2.0068000e-04]
 [ 2.2859000e-04 -8.3330000e-05  9.9999997e-01  3.0900000e-05]
 [ 3.4050000e-04 -2.0453000e-04 -3.1000000e-05  9.9999992e-01]]
I found a sign error upon phase correcting.
Index Flip: 1 <--> 2
NEW:
 [[ 9.9993653e-01 -1.1258720e-02 -2.2950000e-04 -3.4279000e-04]
 [ 1.1258810e-02  9.9993659e-01 -8.0740000e-05  2.0068000e-04]
 [ 2.2859000e-04  8.3330000e-05  9.9999997e-01  3.0900000e-05]
 [ 3.4050000e-04 -2.0453000e-04 -3.1000000e-05  9.9999992e-01]]
[S.T @ S] after sign fix:
[[ 1.00e+00  4.00e-08 -1.82e-06  0.00e+00]
 [ 4.00e-08  1.00e+00  5.18e-06  1.00e-08]
 [-1.82e-06  5.18e-06  1.00e+00 -3.00e-08]
 [ 0.00e+00  1.00e-08 -3.00e-08  1.00e+00]]
Orthogonalized [S.T @ S] :
[[ 1. -0.  0.  0.]
 [-0.  1.  0.  0.]
 [ 0.  0.  1.  0.]
 [ 0.  0.  0.  1.]]
[S.T @ S] after sign fix and second orthogonalization:
[[ 1. -0.  0.  0.]
 [-0.  1.  0.  0.]
 [ 0.  0.  1.  0.]
 [ 0.  0.  0.  1.]]
	GET_NACT OVERALL TIME (G16_TD.py): 0.0 s
	GET_APPROX NACR OVERALL TIME (G16_TD.py): 0.0 s
Total QM took 23.97 s.
Electronic propagation took 0.01 s.
Electronic Norm.: 1.0
SUM_POP_DECREASE = 0.0010817040148214528
j, dP_j, dP_AS, Prob_j: 0 0.001081704014821676 0.0010808864297487952 0.0010828451452452612
j, dP_j, dP_AS, Prob_j: 2 -3.777937115791068e-08 0.0010808864297487952 -3.781922604355545e-08
j, dP_j, dP_AS, Prob_j: 3 -7.798057014996859e-07 0.0010808864297487952 -7.806283479891816e-07
HOP PROB: [0.00108285 0.         0.         0.        ]
RANDOM: 0.0 0.20469510485713738 0.0010828451452452612
RANDOM: 0.0010828451452452612 0.20469510485713738 0.0010828451452452612
RANDOM: 0.0010828451452452612 0.20469510485713738 0.0010828451452452612
Using active state forces. F = F(S1)
Total MD Step took 23.99 s.
Using active state forces. F = F(S1)
Submitting electronic structure for step 9.
	Gaussian terminated normally in 5.07 s. (GS_NEW)
Submitted batch job 14486181
Submitted batch job 14486182
Submitted batch job 14486183
Starting forces for state 3
	Gaussian terminated normally in 8.16 s. (TD_NEW_S3)
Starting forces for state 1
	Gaussian terminated normally in 8.34 s. (TD_NEW_S1)
Starting forces for state 2
	Gaussian terminated normally in 9.01 s. (TD_NEW_S2)
Submitted batch job 14486184
Submitted batch job 14486185
	Gaussian terminated normally in 6.58 s. (DIMER)
	TD_NEW_S1 DIM_INFO TIME (BRADEN): 0.06 s
	TD_NEW_S1 GET_MO TIME: 0.01 s
	TD_NEW_S1 GET_CI TIME: 0.02 s
	TD_OLD_S1 GET_MO TIME: 0.01 s
	TD_OLD_S1 GET_CI TIME: 0.03 s
	DIMER TIME: 2.27 s
	G16_NAC.py main: 2.4 s
	gau_nac() (G16_NAC.py): 0.0 s
gau_nac prepare 0.01 s
WFN OVERLAP FORTRAN TOOK 0.1 s
gau_nac dump 1.02 s
	gau_nac.worker() (G16_NAC.py): 1.13 s
	GET_OVERLAP OVERALL TIME (G16_TD.py): 3.56 s
Orthogonalized [S.T @ S] :
[[ 1.  0. -0.  0.]
 [ 0.  1.  0. -0.]
 [-0.  0.  1.  0.]
 [ 0. -0.  0.  1.]]
	GET_NACT OVERALL TIME (G16_TD.py): 0.0 s
	GET_APPROX NACR OVERALL TIME (G16_TD.py): 0.0 s
Total QM took 25.25 s.
Electronic propagation took 0.01 s.
Electronic Norm.: 1.0
SUM_POP_DECREASE = 0.001342511140948804
j, dP_j, dP_AS, Prob_j: 0 0.0013424916947008393 0.0013414638845382632 0.0013453321224392281
j, dP_j, dP_AS, Prob_j: 2 1.9446249255750277e-08 0.0013414638845382632 1.9487393395421073e-08
j, dP_j, dP_AS, Prob_j: 3 -1.047256410540921e-06 0.0013414638845382632 -1.0494721830253598e-06
HOP PROB: [1.34533212e-03 0.00000000e+00 1.94873934e-08 0.00000000e+00]
RANDOM: 0.0 0.33479093916517166 0.0013453321224392281
RANDOM: 0.0013453321224392281 0.33479093916517166 0.0013453321224392281
RANDOM: 0.0013453321224392281 0.33479093916517166 0.0013453516098326235
Using active state forces. F = F(S1)
Total MD Step took 25.27 s.
Using active state forces. F = F(S1)
Submitting electronic structure for step 10.
	Gaussian terminated normally in 5.07 s. (GS_NEW)
Submitted batch job 14486186
Submitted batch job 14486187
Submitted batch job 14486188
Starting forces for state 1
	Gaussian terminated normally in 7.01 s. (TD_NEW_S1)
Starting forces for state 3
	Gaussian terminated normally in 7.11 s. (TD_NEW_S3)
Starting forces for state 2
	Gaussian terminated normally in 9.11 s. (TD_NEW_S2)
Submitted batch job 14486189
Submitted batch job 14486191
	Gaussian terminated normally in 6.50 s. (DIMER)
	TD_NEW_S1 DIM_INFO TIME (BRADEN): 0.05 s
	TD_NEW_S1 GET_MO TIME: 0.01 s
	TD_NEW_S1 GET_CI TIME: 0.03 s
	TD_OLD_S1 GET_MO TIME: 0.01 s
	TD_OLD_S1 GET_CI TIME: 0.03 s
	DIMER TIME: 2.24 s
	G16_NAC.py main: 2.36 s
	gau_nac() (G16_NAC.py): 0.0 s
gau_nac prepare 0.0 s
WFN OVERLAP FORTRAN TOOK 0.11 s
gau_nac dump 1.02 s
	gau_nac.worker() (G16_NAC.py): 1.13 s
	GET_OVERLAP OVERALL TIME (G16_TD.py): 3.52 s
Orthogonalized [S.T @ S] :
[[ 1. -0. -0. -0.]
 [-0.  1.  0.  0.]
 [-0.  0.  1.  0.]
 [-0.  0.  0.  1.]]
	GET_NACT OVERALL TIME (G16_TD.py): 0.0 s
	GET_APPROX NACR OVERALL TIME (G16_TD.py): 0.0 s
Total QM took 25.29 s.
Electronic propagation took 0.01 s.
Electronic Norm.: 1.0
SUM_POP_DECREASE = 0.0015670833937485617
j, dP_j, dP_AS, Prob_j: 0 0.0015670833937492263 0.001565872554274983 0.0015725262438675705
j, dP_j, dP_AS, Prob_j: 2 -1.0285130080983904e-08 0.001565872554274983 -1.0320852762815491e-08
j, dP_j, dP_AS, Prob_j: 3 -1.2005543434977268e-06 0.001565872554274983 -1.204724151803175e-06
HOP PROB: [0.00157253 0.         0.         0.        ]
RANDOM: 0.0 0.07382448948159825 0.0015725262438675705
RANDOM: 0.0015725262438675705 0.07382448948159825 0.0015725262438675705
RANDOM: 0.0015725262438675705 0.07382448948159825 0.0015725262438675705
Using active state forces. F = F(S1)
Total MD Step took 25.31 s.
Using active state forces. F = F(S1)
Submitting electronic structure for step 11.
	Gaussian terminated normally in 5.06 s. (GS_NEW)
Submitted batch job 14486192
Submitted batch job 14486193
Submitted batch job 14486194
Starting forces for state 2
	Gaussian terminated normally in 5.01 s. (TD_NEW_S2)
Starting forces for state 3
	Gaussian terminated normally in 6.12 s. (TD_NEW_S3)
Starting forces for state 1
	Gaussian terminated normally in 7.16 s. (TD_NEW_S1)
Submitted batch job 14486195
Submitted batch job 14486196
	Gaussian terminated normally in 5.21 s. (DIMER)
	TD_NEW_S1 DIM_INFO TIME (BRADEN): 0.06 s
	TD_NEW_S1 GET_MO TIME: 0.01 s
	TD_NEW_S1 GET_CI TIME: 0.03 s
	TD_OLD_S1 GET_MO TIME: 0.01 s
	TD_OLD_S1 GET_CI TIME: 0.03 s
	DIMER TIME: 2.23 s
	G16_NAC.py main: 2.36 s
	gau_nac() (G16_NAC.py): 0.0 s
gau_nac prepare 0.01 s
WFN OVERLAP FORTRAN TOOK 0.1 s
gau_nac dump 1.03 s
	gau_nac.worker() (G16_NAC.py): 1.14 s
	GET_OVERLAP OVERALL TIME (G16_TD.py): 3.53 s
Orthogonalized [S.T @ S] :
[[ 1.  0.  0.  0.]
 [ 0.  1.  0. -0.]
 [ 0.  0.  1. -0.]
 [ 0. -0. -0.  1.]]
	GET_NACT OVERALL TIME (G16_TD.py): 0.0 s
	GET_APPROX NACR OVERALL TIME (G16_TD.py): 0.0 s
Total QM took 22.08 s.
Electronic propagation took 0.01 s.
Electronic Norm.: 1.0
SUM_POP_DECREASE = 0.0017319828828327576
j, dP_j, dP_AS, Prob_j: 0 0.001731982882832623 0.0017308254230793407 0.0017409176674292929
j, dP_j, dP_AS, Prob_j: 2 -7.55933294178631e-09 0.0017308254230793407 -7.598329292269238e-09
j, dP_j, dP_AS, Prob_j: 3 -1.1499004204752147e-06 0.0017308254230793407 -1.1558324147613033e-06
HOP PROB: [0.00174092 0.         0.         0.        ]
RANDOM: 0.0 0.46516665575698113 0.0017409176674292929
RANDOM: 0.0017409176674292929 0.46516665575698113 0.0017409176674292929
RANDOM: 0.0017409176674292929 0.46516665575698113 0.0017409176674292929
Using active state forces. F = F(S1)
Total MD Step took 22.09 s.
Using active state forces. F = F(S1)
Submitting electronic structure for step 12.
	Gaussian terminated normally in 5.08 s. (GS_NEW)
Submitted batch job 14486197
Submitted batch job 14486198
Submitted batch job 14486199
Starting forces for state 1
	Gaussian terminated normally in 5.01 s. (TD_NEW_S1)
Starting forces for state 3
	Gaussian terminated normally in 9.13 s. (TD_NEW_S3)
Starting forces for state 2
	Gaussian terminated normally in 10.16 s. (TD_NEW_S2)
Submitted batch job 14486200
Submitted batch job 14486201
	Gaussian terminated normally in 5.12 s. (DIMER)
	TD_NEW_S1 DIM_INFO TIME (BRADEN): 0.05 s
	TD_NEW_S1 GET_MO TIME: 0.01 s
	TD_NEW_S1 GET_CI TIME: 0.02 s
	TD_OLD_S1 GET_MO TIME: 0.01 s
	TD_OLD_S1 GET_CI TIME: 0.03 s
	DIMER TIME: 2.23 s
	G16_NAC.py main: 2.36 s
	gau_nac() (G16_NAC.py): 0.0 s
gau_nac prepare 0.0 s
WFN OVERLAP FORTRAN TOOK 0.1 s
gau_nac dump 1.02 s
	gau_nac.worker() (G16_NAC.py): 1.12 s
	GET_OVERLAP OVERALL TIME (G16_TD.py): 3.51 s
Orthogonalized [S.T @ S] :
[[ 1. -0.  0. -0.]
 [-0.  1.  0.  0.]
 [ 0.  0.  1. -0.]
 [-0.  0. -0.  1.]]
	GET_NACT OVERALL TIME (G16_TD.py): 0.0 s
	GET_APPROX NACR OVERALL TIME (G16_TD.py): 0.0 s
Total QM took 24.94 s.
Electronic propagation took 0.01 s.
Electronic Norm.: 1.0
SUM_POP_DECREASE = 0.0018195035303793228
j, dP_j, dP_AS, Prob_j: 0 0.0018195035303796526 0.0018188858007845976 0.0018326820636718618
j, dP_j, dP_AS, Prob_j: 2 -3.5815536184876077e-09 0.0018188858007845976 -3.6074945539191666e-09
j, dP_j, dP_AS, Prob_j: 3 -6.14148041106621e-07 0.0018188858007845976 -6.185962712259546e-07
HOP PROB: [0.00183268 0.         0.         0.        ]
RANDOM: 0.0 0.45862080310017417 0.0018326820636718618
RANDOM: 0.0018326820636718618 0.45862080310017417 0.0018326820636718618
RANDOM: 0.0018326820636718618 0.45862080310017417 0.0018326820636718618
Using active state forces. F = F(S1)
Total MD Step took 24.95 s.
Using active state forces. F = F(S1)
Submitting electronic structure for step 13.
	Gaussian terminated normally in 6.10 s. (GS_NEW)
Submitted batch job 14486202
Submitted batch job 14486203
Submitted batch job 14486204
Starting forces for state 1
	Gaussian terminated normally in 6.01 s. (TD_NEW_S1)
Starting forces for state 3
	Gaussian terminated normally in 7.12 s. (TD_NEW_S3)
Starting forces for state 2
	Gaussian terminated normally in 9.27 s. (TD_NEW_S2)
Submitted batch job 14486207
Submitted batch job 14486208
	Gaussian terminated normally in 5.12 s. (DIMER)
	TD_NEW_S1 DIM_INFO TIME (BRADEN): 0.05 s
	TD_NEW_S1 GET_MO TIME: 0.01 s
	TD_NEW_S1 GET_CI TIME: 0.03 s
	TD_OLD_S1 GET_MO TIME: 0.01 s
	TD_OLD_S1 GET_CI TIME: 0.03 s
	DIMER TIME: 2.26 s
	G16_NAC.py main: 2.39 s
	gau_nac() (G16_NAC.py): 0.0 s
gau_nac prepare 0.01 s
WFN OVERLAP FORTRAN TOOK 0.11 s
gau_nac dump 1.04 s
	gau_nac.worker() (G16_NAC.py): 1.15 s
	GET_OVERLAP OVERALL TIME (G16_TD.py): 3.57 s
Orthogonalized [S.T @ S] :
[[ 1.  0.  0.  0.]
 [ 0.  1. -0. -0.]
 [ 0. -0.  1.  0.]
 [ 0. -0.  0.  1.]]
	GET_NACT OVERALL TIME (G16_TD.py): 0.0 s
	GET_APPROX NACR OVERALL TIME (G16_TD.py): 0.0 s
Total QM took 25.19 s.
Electronic propagation took 0.01 s.
Electronic Norm.: 1.0
SUM_POP_DECREASE = 0.0018084449538126777
j, dP_j, dP_AS, Prob_j: 0 0.0018075955982088214 0.0018084414617007827 0.0018246467051638174
j, dP_j, dP_AS, Prob_j: 2 -3.492111895024813e-09 0.0018084414617007827 -3.52505309795753e-09
j, dP_j, dP_AS, Prob_j: 3 8.493556033040526e-07 0.0018084414617007827 8.573676018114144e-07
HOP PROB: [1.82464671e-03 0.00000000e+00 0.00000000e+00 8.57367602e-07]
RANDOM: 0.0 0.6979369983332614 0.0018246467051638174
RANDOM: 0.0018246467051638174 0.6979369983332614 0.0018246467051638174
RANDOM: 0.0018246467051638174 0.6979369983332614 0.0018246467051638174
Using active state forces. F = F(S1)
Total MD Step took 25.21 s.
Using active state forces. F = F(S1)
Submitting electronic structure for step 14.
	Gaussian terminated normally in 5.11 s. (GS_NEW)
Submitted batch job 14486209
Submitted batch job 14486210
Submitted batch job 14486211
Starting forces for state 3
	Gaussian terminated normally in 5.01 s. (TD_NEW_S3)
Starting forces for state 2
	Gaussian terminated normally in 6.09 s. (TD_NEW_S2)
Starting forces for state 1
	Gaussian terminated normally in 6.14 s. (TD_NEW_S1)
Submitted batch job 14486212
Submitted batch job 14486213
	Gaussian terminated normally in 5.21 s. (DIMER)
	TD_NEW_S1 DIM_INFO TIME (BRADEN): 0.05 s
	TD_NEW_S1 GET_MO TIME: 0.01 s
	TD_NEW_S1 GET_CI TIME: 0.03 s
	TD_OLD_S1 GET_MO TIME: 0.01 s
	TD_OLD_S1 GET_CI TIME: 0.03 s
	DIMER TIME: 2.24 s
	G16_NAC.py main: 2.37 s
	gau_nac() (G16_NAC.py): 0.0 s
gau_nac prepare 0.01 s
WFN OVERLAP FORTRAN TOOK 0.1 s
gau_nac dump 1.03 s
	gau_nac.worker() (G16_NAC.py): 1.13 s
	GET_OVERLAP OVERALL TIME (G16_TD.py): 3.53 s
Orthogonalized [S.T @ S] :
[[ 1. -0. -0. -0.]
 [-0.  1. -0. -0.]
 [-0. -0.  1.  0.]
 [-0. -0.  0.  1.]]
	GET_NACT OVERALL TIME (G16_TD.py): 0.0 s
	GET_APPROX NACR OVERALL TIME (G16_TD.py): 0.0 s
Total QM took 21.06 s.
Electronic propagation took 0.01 s.
Electronic Norm.: 1.0
SUM_POP_DECREASE = 0.001343972880152644
j, dP_j, dP_AS, Prob_j: 0 0.0013338481394798481 0.001343972880152644 0.001348895385525805
j, dP_j, dP_AS, Prob_j: 2 3.0920185440069447e-09 0.001343972880152644 3.126899849032026e-09
j, dP_j, dP_AS, Prob_j: 3 1.0121648654434887e-05 0.001343972880152644 1.0235831771077688e-05
HOP PROB: [1.34889539e-03 0.00000000e+00 3.12689985e-09 1.02358318e-05]
RANDOM: 0.0 0.7805195554812066 0.001348895385525805
RANDOM: 0.001348895385525805 0.7805195554812066 0.001348895385525805
RANDOM: 0.001348895385525805 0.7805195554812066 0.001348898512425654
Using active state forces. F = F(S1)
Total MD Step took 21.08 s.
Using active state forces. F = F(S1)
Submitting electronic structure for step 15.
	Gaussian terminated normally in 5.10 s. (GS_NEW)
Submitted batch job 14486214
Submitted batch job 14486215
Submitted batch job 14486216
Starting forces for state 3
	Gaussian terminated normally in 5.01 s. (TD_NEW_S3)
Starting forces for state 2
	Gaussian terminated normally in 7.09 s. (TD_NEW_S2)
Starting forces for state 1
	Gaussian terminated normally in 8.14 s. (TD_NEW_S1)
Submitted batch job 14486217
Submitted batch job 14486218
	Gaussian terminated normally in 5.12 s. (DIMER)
	TD_NEW_S1 DIM_INFO TIME (BRADEN): 0.05 s
	TD_NEW_S1 GET_MO TIME: 0.01 s
	TD_NEW_S1 GET_CI TIME: 0.03 s
	TD_OLD_S1 GET_MO TIME: 0.01 s
	TD_OLD_S1 GET_CI TIME: 0.03 s
	DIMER TIME: 2.25 s
	G16_NAC.py main: 2.38 s
	gau_nac() (G16_NAC.py): 0.0 s
gau_nac prepare 0.01 s
WFN OVERLAP FORTRAN TOOK 0.1 s
gau_nac dump 1.02 s
	gau_nac.worker() (G16_NAC.py): 1.13 s
	GET_OVERLAP OVERALL TIME (G16_TD.py): 3.53 s
Orthogonalized [S.T @ S] :
[[ 1.  0. -0.  0.]
 [ 0.  1. -0. -0.]
 [-0. -0.  1.  0.]
 [ 0. -0.  0.  1.]]
OLD:
 [[ 9.9997204e-01 -7.4745400e-03  1.8597000e-04 -1.3351000e-04]
 [ 7.4744800e-03  9.9997195e-01 -1.7000000e-07 -4.7824000e-04]
 [-1.8596000e-04  1.5600000e-06  9.9999998e-01  3.7300000e-06]
 [ 1.3708000e-04  4.7723000e-04 -3.7100000e-06  9.9999988e-01]]
I found a sign error upon phase correcting.
Index Flip: 1 <--> 3
NEW:
 [[ 9.9997204e-01 -7.4745400e-03  1.8597000e-04 -1.3351000e-04]
 [ 7.4744800e-03  9.9997195e-01 -1.7000000e-07  4.7824000e-04]
 [-1.8596000e-04  1.5600000e-06  9.9999998e-01  3.7300000e-06]
 [ 1.3708000e-04 -4.7723000e-04 -3.7100000e-06  9.9999988e-01]]
[S.T @ S] after sign fix:
[[ 1.00e+00 -1.30e-07 -0.00e+00  7.15e-06]
 [-1.30e-07  1.00e+00  0.00e+00  2.00e-06]
 [-0.00e+00  0.00e+00  1.00e+00 -0.00e+00]
 [ 7.15e-06  2.00e-06 -0.00e+00  1.00e+00]]
Orthogonalized [S.T @ S] :
[[ 1.  0.  0. -0.]
 [ 0.  1.  0.  0.]
 [ 0.  0.  1.  0.]
 [-0.  0.  0.  1.]]
[S.T @ S] after sign fix and second orthogonalization:
[[ 1.  0.  0. -0.]
 [ 0.  1.  0.  0.]
 [ 0.  0.  1.  0.]
 [-0.  0.  0.  1.]]
	GET_NACT OVERALL TIME (G16_TD.py): 0.0 s
	GET_APPROX NACR OVERALL TIME (G16_TD.py): 0.0 s
Total QM took 23.00 s.
Electronic propagation took 0.01 s.
Electronic Norm.: 1.0
SUM_POP_DECREASE = 0.0017178793628703781
j, dP_j, dP_AS, Prob_j: 0 0.0017146216941273315 0.0017178793628703781 0.0017363243747606785
j, dP_j, dP_AS, Prob_j: 2 6.570161728661407e-09 0.0017178793628703781 6.653323001025425e-09
j, dP_j, dP_AS, Prob_j: 3 3.2510985826829426e-06 0.0017178793628703781 3.292249090978247e-06
HOP PROB: [1.73632437e-03 0.00000000e+00 6.65332300e-09 3.29224909e-06]
RANDOM: 0.0 0.32544872194840035 0.0017363243747606785
RANDOM: 0.0017363243747606785 0.32544872194840035 0.0017363243747606785
RANDOM: 0.0017363243747606785 0.32544872194840035 0.0017363310280836795
Using active state forces. F = F(S1)
Total MD Step took 23.01 s.
Using active state forces. F = F(S1)
Submitting electronic structure for step 16.
	Gaussian terminated normally in 6.06 s. (GS_NEW)
Submitted batch job 14486219
Submitted batch job 14486220
Submitted batch job 14486221
Starting forces for state 3
	Gaussian terminated normally in 7.06 s. (TD_NEW_S3)
Starting forces for state 2
	Gaussian terminated normally in 8.01 s. (TD_NEW_S2)
Starting forces for state 1
	Gaussian terminated normally in 8.12 s. (TD_NEW_S1)
Submitted batch job 14486223
Submitted batch job 14486224
	Gaussian terminated normally in 4.02 s. (DIMER)
	TD_NEW_S1 DIM_INFO TIME (BRADEN): 0.06 s
	TD_NEW_S1 GET_MO TIME: 0.01 s
	TD_NEW_S1 GET_CI TIME: 0.03 s
	TD_OLD_S1 GET_MO TIME: 0.01 s
	TD_OLD_S1 GET_CI TIME: 0.03 s
	DIMER TIME: 2.22 s
	G16_NAC.py main: 2.36 s
	gau_nac() (G16_NAC.py): 0.0 s
gau_nac prepare 0.0 s
WFN OVERLAP FORTRAN TOOK 0.1 s
gau_nac dump 1.05 s
	gau_nac.worker() (G16_NAC.py): 1.16 s
	GET_OVERLAP OVERALL TIME (G16_TD.py): 3.55 s
Orthogonalized [S.T @ S] :
[[ 1.  0.  0.  0.]
 [ 0.  1. -0. -0.]
 [ 0. -0.  1. -0.]
 [ 0. -0. -0.  1.]]
OLD:
 [[ 9.9998450e-01 -5.5633400e-03  1.7686000e-04 -1.1781000e-04]
 [ 5.5631500e-03  9.9998342e-01 -1.9600000e-06 -1.4897900e-03]
 [-1.7684000e-04  2.9700000e-06  9.9999998e-01  1.4890000e-05]
 [ 1.2610000e-04  1.4891100e-03 -1.4880000e-05  9.9999888e-01]]
I found a sign error upon phase correcting.
Index Flip: 1 <--> 3
NEW:
 [[ 9.9998450e-01 -5.5633400e-03  1.7686000e-04 -1.1781000e-04]
 [ 5.5631500e-03  9.9998342e-01 -1.9600000e-06  1.4897900e-03]
 [-1.7684000e-04  2.9700000e-06  9.9999998e-01  1.4890000e-05]
 [ 1.2610000e-04 -1.4891100e-03 -1.4880000e-05  9.9999888e-01]]
[S.T @ S] after sign fix:
[[ 1.000e+00 -3.800e-07  0.000e+00  1.658e-05]
 [-3.800e-07  1.000e+00  4.000e-08  1.310e-06]
 [ 0.000e+00  4.000e-08  1.000e+00 -1.000e-08]
 [ 1.658e-05  1.310e-06 -1.000e-08  1.000e+00]]
Orthogonalized [S.T @ S] :
[[ 1. -0. -0.  0.]
 [-0.  1. -0.  0.]
 [-0. -0.  1. -0.]
 [ 0.  0. -0.  1.]]
[S.T @ S] after sign fix and second orthogonalization:
[[ 1. -0. -0.  0.]
 [-0.  1. -0.  0.]
 [-0. -0.  1. -0.]
 [ 0.  0. -0.  1.]]
	GET_NACT OVERALL TIME (G16_TD.py): 0.0 s
	GET_APPROX NACR OVERALL TIME (G16_TD.py): 0.0 s
Total QM took 22.83 s.
Electronic propagation took 0.01 s.
Electronic Norm.: 1.0
SUM_POP_DECREASE = 0.0013599080548188924
j, dP_j, dP_AS, Prob_j: 0 0.0013467203330956804 0.0013599080548188924 0.0013661429070345994
j, dP_j, dP_AS, Prob_j: 2 6.830453813858771e-09 0.0013599080548188924 6.928963497700173e-09
j, dP_j, dP_AS, Prob_j: 3 1.3180891271070592e-05 0.0013599080548188924 1.3370987781089671e-05
HOP PROB: [1.36614291e-03 0.00000000e+00 6.92896350e-09 1.33709878e-05]
RANDOM: 0.0 0.6031487401148037 0.0013661429070345994
RANDOM: 0.0013661429070345994 0.6031487401148037 0.0013661429070345994
RANDOM: 0.0013661429070345994 0.6031487401148037 0.0013661498359980972
Using active state forces. F = F(S1)
Total MD Step took 22.84 s.
Using active state forces. F = F(S1)
Submitting electronic structure for step 17.
	Gaussian terminated normally in 5.06 s. (GS_NEW)
Submitted batch job 14486226
Submitted batch job 14486227
Submitted batch job 14486228
Starting forces for state 3
	Gaussian terminated normally in 6.01 s. (TD_NEW_S3)
Starting forces for state 1
	Gaussian terminated normally in 8.10 s. (TD_NEW_S1)
Starting forces for state 2
	Gaussian terminated normally in 8.15 s. (TD_NEW_S2)
Submitted batch job 14486229
Submitted batch job 14486230
	Gaussian terminated normally in 5.09 s. (DIMER)
	TD_NEW_S1 DIM_INFO TIME (BRADEN): 0.06 s
	TD_NEW_S1 GET_MO TIME: 0.01 s
	TD_NEW_S1 GET_CI TIME: 0.03 s
	TD_OLD_S1 GET_MO TIME: 0.01 s
	TD_OLD_S1 GET_CI TIME: 0.03 s
	DIMER TIME: 2.23 s
	G16_NAC.py main: 2.36 s
	gau_nac() (G16_NAC.py): 0.0 s
gau_nac prepare 0.0 s
WFN OVERLAP FORTRAN TOOK 0.11 s
gau_nac dump 1.02 s
	gau_nac.worker() (G16_NAC.py): 1.13 s
	GET_OVERLAP OVERALL TIME (G16_TD.py): 3.52 s
Orthogonalized [S.T @ S] :
[[ 1.  0.  0.  0.]
 [ 0.  1. -0.  0.]
 [ 0. -0.  1.  0.]
 [ 0.  0.  0.  1.]]
OLD:
 [[ 9.9998980e-01 -3.4096900e-03  1.9148000e-04  2.9567000e-03]
 [ 3.3972200e-03  9.9998536e-01  5.6300000e-06  4.2125900e-03]
 [-1.9154000e-04 -5.0400000e-06  9.9999998e-01  1.3070000e-05]
 [-2.9710200e-03 -4.2025000e-03 -1.3660000e-05  9.9998676e-01]]
I found a sign error upon phase correcting.
Index Flip: 0 <--> 3
NEW:
 [[ 9.9998980e-01 -3.4096900e-03  1.9148000e-04 -2.9567000e-03]
 [ 3.3972200e-03  9.9998536e-01  5.6300000e-06  4.2125900e-03]
 [-1.9154000e-04 -5.0400000e-06  9.9999998e-01  1.3070000e-05]
 [ 2.9710200e-03 -4.2025000e-03 -1.3660000e-05  9.9998676e-01]]
[S.T @ S] after sign fix:
[[ 1.000e+00 -2.497e-05 -8.000e-08  2.862e-05]
 [-2.497e-05  1.000e+00 -0.000e+00  2.016e-05]
 [-8.000e-08 -0.000e+00  1.000e+00 -1.130e-06]
 [ 2.862e-05  2.016e-05 -1.130e-06  1.000e+00]]
Orthogonalized [S.T @ S] :
[[ 1. -0. -0.  0.]
 [-0.  1. -0.  0.]
 [-0. -0.  1. -0.]
 [ 0.  0. -0.  1.]]
[S.T @ S] after sign fix and second orthogonalization:
[[ 1. -0. -0.  0.]
 [-0.  1. -0.  0.]
 [-0. -0.  1. -0.]
 [ 0.  0. -0.  1.]]
	GET_NACT OVERALL TIME (G16_TD.py): 0.0 s
	GET_APPROX NACR OVERALL TIME (G16_TD.py): 0.0 s
Total QM took 22.97 s.
Electronic propagation took 0.01 s.
Electronic Norm.: 1.0
SUM_POP_DECREASE = 0.000912997764368817
j, dP_j, dP_AS, Prob_j: 0 0.0008587758374985627 0.000912997764368817 0.0008723646583457454
j, dP_j, dP_AS, Prob_j: 2 1.1967284493872005e-08 0.000912997764368817 1.2156648560620991e-08
j, dP_j, dP_AS, Prob_j: 3 5.420995958550876e-05 0.000912997764368817 5.5067749705787644e-05
HOP PROB: [8.72364658e-04 0.00000000e+00 1.21566486e-08 5.50677497e-05]
RANDOM: 0.0 0.5062588698075157 0.0008723646583457454
RANDOM: 0.0008723646583457454 0.5062588698075157 0.0008723646583457454
RANDOM: 0.0008723646583457454 0.5062588698075157 0.000872376814994306
Using active state forces. F = F(S1)
Total MD Step took 22.98 s.
Using active state forces. F = F(S1)
Submitting electronic structure for step 18.
	Gaussian terminated normally in 5.06 s. (GS_NEW)
Submitted batch job 14486231
Submitted batch job 14486232
Submitted batch job 14486233
Starting forces for state 1
	Gaussian terminated normally in 5.01 s. (TD_NEW_S1)
Starting forces for state 2
	Gaussian terminated normally in 6.10 s. (TD_NEW_S2)
Starting forces for state 3
	Gaussian terminated normally in 8.32 s. (TD_NEW_S3)
Submitted batch job 14486234
Submitted batch job 14486237
	Gaussian terminated normally in 5.92 s. (DIMER)
