0.0  1.30468690
0.5  1.27393773
1.0  1.23629193
1.5  1.20576623
2.0  1.19197162
2.5  1.19860643
3.0  1.22140529
3.5  1.25285061
4.0  1.28394628
4.5  1.30591612
5.0  1.31335082
5.5  1.30369276
6.0  1.28046564
6.5  1.24835765
7.0  1.21788661
7.5  1.19873833
8.0  1.19960919
8.5  1.22202090
9.0  1.26090392
9.5  1.30293027
10.0  1.33320016
10.5  1.34134931
11.0  1.32881685
11.5  1.30547964
12.0  1.28460316
12.5  1.27608504
13.0  1.28427776
13.5  1.30523049
14.0  1.33218038
14.5  1.35532088
15.0  1.36750437
15.5  1.36242984
16.0  1.33895953
16.5  1.29907564
17.0  1.25013154
17.5  1.20253707
18.0  1.16669435
18.5  1.15245227
19.0  1.16188237
19.5  1.19102276
20.0  1.22610055
20.5  1.25304843
21.0  1.26182305
21.5  1.25336131
22.0  1.23569727
22.5  1.22132626
23.0  1.21941601
23.5  1.23112823
24.0  1.25349160
24.5  1.27976780
25.0  1.30198587
25.5  1.31335184
26.0  1.30859467
26.5  1.28776450
27.0  1.25230471
27.5  1.21035236
28.0  1.17041111
28.5  1.14440245
29.0  1.14064126
29.5  1.16230711
30.0  1.20308989
30.5  1.24897318
31.0  1.28478188
31.5  1.29938620
32.0  1.29269276
32.5  1.27291752
33.0  1.25429849
33.5  1.24580728
34.0  1.25159235
34.5  1.26905488
35.0  1.29243707
35.5  1.31364210
36.0  1.32528971
36.5  1.32301743
37.0  1.30423721
37.5  1.27038431
38.0  1.22786312
38.5  1.18586129
39.0  1.15551134
39.5  1.14547171
40.0  1.15937854
40.5  1.19201639
41.0  1.23137277
41.5  1.26037357
42.0  1.27048401
42.5  1.25968041
43.0  1.23794361
43.5  1.21709280
44.0  1.20707171
44.5  1.21222543
45.0  1.23116127
45.5  1.25786743
46.0  1.28489634
46.5  1.30525343
47.0  1.31322701
47.5  1.30661951
48.0  1.28665599
48.5  1.25817992
49.0  1.23006059
49.5  1.21216159
50.0  1.21316382
50.5  1.23541029
51.0  1.27247424
51.5  1.31127314
52.0  1.33704990
52.5  1.33963570
53.0  1.31877403
53.5  1.28556501
54.0  1.25201845
54.5  1.23041151
55.0  1.22419149
55.5  1.23355574
56.0  1.25241959
56.5  1.27396606
57.0  1.29013879
57.5  1.29643206
58.0  1.28972375
58.5  1.27099633
59.0  1.24579086
59.5  1.22171788
60.0  1.20849959
60.5  1.21379132
61.0  1.24013516
61.5  1.28163675
62.0  1.32458576
62.5  1.35438017
63.0  1.35991839
63.5  1.34178961
64.0  1.30940294
64.5  1.27721969
65.0  1.25614582
65.5  1.25172235
66.0  1.26361793
66.5  1.28476308
67.0  1.30888633
67.5  1.32695229
68.0  1.33343997
68.5  1.32372463
69.0  1.30015984
69.5  1.26636954
70.0  1.23028174
70.5  1.20126745
71.0  1.18809851
71.5  1.19341835
72.0  1.21157445
72.5  1.23136340
73.0  1.23928490
73.5  1.22803319
74.0  1.20059033
74.5  1.16616686
75.0  1.13770927
75.5  1.12437521
76.0  1.13019749
76.5  1.15265364
77.0  1.18532268
77.5  1.22045713
78.0  1.25174656
78.5  1.27259746
79.0  1.28091457
79.5  1.27751282
80.0  1.26549431
80.5  1.25295325
81.0  1.24713029
81.5  1.25563670
82.0  1.27920379
82.5  1.31196796
83.0  1.34036474
83.5  1.35119679
84.0  1.33744650
84.5  1.30253607
85.0  1.25868908
85.5  1.21968530
86.0  1.19631298
86.5  1.19318338
87.0  1.20563705
87.5  1.22734346
88.0  1.25085933
88.5  1.26894474
89.0  1.27437302
89.5  1.26730070
90.0  1.24775395
90.5  1.22198787
91.0  1.19686515
91.5  1.18255077
92.0  1.18651406
92.5  1.21136906
93.0  1.25098032
93.5  1.29163141
94.0  1.31920849
94.5  1.32427407
95.0  1.30844867
95.5  1.28283533
96.0  1.26076281
96.5  1.25138693
97.0  1.25871945
97.5  1.27998500
98.0  1.30800880
98.5  1.33483584
99.0  1.35253457
99.5  1.35615355
100.0  1.34402001
100.5  1.31656464
101.0  1.27961525
101.5  1.24004538
102.0  1.20861498
102.5  1.19248708
103.0  1.19776076
103.5  1.21983427
104.0  1.24684774
104.5  1.26658976
105.0  1.27007302
105.5  1.25796931
106.0  1.23924552
106.5  1.22716646
107.0  1.22990297
107.5  1.25014551
108.0  1.28349306
108.5  1.32143373
109.0  1.35477454
109.5  1.37723044
110.0  1.38311239
110.5  1.37097811
111.0  1.34426325
111.5  1.30895920
112.0  1.27408425
112.5  1.24973994
113.0  1.24393926
113.5  1.25981769
114.0  1.29153905
114.5  1.32613053
115.0  1.34956927
115.5  1.35279513
116.0  1.33758817
116.5  1.31360051
117.0  1.29466660
117.5  1.29037186
118.0  1.30269912
118.5  1.32890447
119.0  1.36029413
119.5  1.38881888
120.0  1.40870900
120.5  1.41272267
121.0  1.39913322
121.5  1.37153661
122.0  1.33419321
122.5  1.29433310
123.0  1.26187202
123.5  1.24600027
124.0  1.25025640
124.5  1.26915608
125.0  1.29085252
125.5  1.30245705
126.0  1.29407590
126.5  1.26688532
127.0  1.23053403
127.5  1.20018528
128.0  1.18623677
128.5  1.19002655
129.0  1.20832248
129.5  1.23608222
130.0  1.26455013
130.5  1.28431827
131.0  1.29074152
131.5  1.28349712
132.0  1.26401957
132.5  1.23663730
133.0  1.21000617
133.5  1.19339348
134.0  1.19544838
134.5  1.21920777
135.0  1.26089509
135.5  1.30683023
136.0  1.34114999
136.5  1.35424924
137.0  1.34600032
137.5  1.32578957
138.0  1.30486824
138.5  1.29441576
139.0  1.29921860
139.5  1.31527398
140.0  1.33737301
140.5  1.35884655
141.0  1.37237792
141.5  1.37118270
142.0  1.35499846
142.5  1.32493588
143.0  1.28554626
143.5  1.24604417
144.0  1.21958224
144.5  1.21395345
145.0  1.23367567
145.5  1.27602989
146.0  1.32668471
146.5  1.36841575
147.0  1.39078264
147.5  1.39164064
148.0  1.37713249
148.5  1.35982274
149.0  1.34768540
149.5  1.34817609
150.0  1.35878305
150.5  1.37433846
151.0  1.38821211
151.5  1.39733445
152.0  1.39673062
152.5  1.38228327
153.0  1.35445973
153.5  1.31931740
154.0  1.28216587
154.5  1.25242241
155.0  1.23914226
155.5  1.24568636
156.0  1.26898436
156.5  1.29489164
157.0  1.31144938
157.5  1.30836134
158.0  1.28616936
158.5  1.24984640
159.0  1.21775269
159.5  1.18979435
160.0  1.18643624
160.5  1.18891621
161.0  1.21423358
161.5  1.23082453
162.0  1.26074542
162.5  1.27322625
163.0  1.28498046
163.5  1.28087521
164.0  1.27346509
164.5  1.26313493
165.0  1.25641215
165.5  1.27031978
166.0  1.29225638
166.5  1.33249393
167.0  1.36484891
167.5  1.38815670
168.0  1.38167975
168.5  1.35577972
169.0  1.31426631
169.5  1.27288632
170.0  1.24506424
170.5  1.23205476
171.0  1.23737717
171.5  1.25278317
172.0  1.26919789
172.5  1.28760261
173.0  1.29088167
173.5  1.29168045
174.0  1.26802560
174.5  1.24863894
175.0  1.21227053
175.5  1.19870183
176.0  1.18602845
176.5  1.20381294
177.0  1.23176888
177.5  1.26789695
178.0  1.29344876
178.5  1.29822969
179.0  1.28821806
179.5  1.26183790
180.0  1.24191342
180.5  1.22979331
181.0  1.23444059
181.5  1.25356133
182.0  1.27977996
182.5  1.31248707
183.0  1.33804293
183.5  1.35718480
184.0  1.36047449
184.5  1.35273550
185.0  1.33166648
185.5  1.30317717
186.0  1.28411213
186.5  1.27074748
187.0  1.28462094
187.5  1.29942305
188.0  1.33095793
188.5  1.33955487
189.0  1.34365779
189.5  1.31937394
190.0  1.29516252
190.5  1.27077162
191.0  1.26230043
191.5  1.26923574
192.0  1.28994910
192.5  1.32174947
193.0  1.35082470
193.5  1.37498232
194.0  1.38684661
194.5  1.38217985
195.0  1.36533588
195.5  1.33028200
196.0  1.29570884
196.5  1.26043831
197.0  1.24551850
197.5  1.24418781
198.0  1.26270785
198.5  1.28941505
199.0  1.30468593
199.5  1.31368579
200.0  1.29675719
200.5  1.28156149
201.0  1.25463071
201.5  1.25462428
202.0  1.25820548
202.5  1.28409977
203.0  1.30914704
203.5  1.33988788
204.0  1.36058154
204.5  1.36907775
205.0  1.36125122
205.5  1.33677244
206.0  1.29927532
206.5  1.25715415
207.0  1.21788448
207.5  1.19652849
208.0  1.18916246
208.5  1.20589971
209.0  1.22308602
209.5  1.24450219
210.0  1.24181777
210.5  1.23172347
211.0  1.20854737
211.5  1.19200482
212.0  1.18858122
212.5  1.19854797
213.0  1.23072701
213.5  1.26224815
214.0  1.30528729
214.5  1.33308906
215.0  1.35881190
215.5  1.35947670
216.0  1.35254025
216.5  1.32573647
217.0  1.29787781
217.5  1.27090406
218.0  1.25849536
218.5  1.26565293
219.0  1.28762922
219.5  1.31433204
220.0  1.33699420
220.5  1.33928060
221.0  1.32631192
221.5  1.29342424
222.0  1.27205628
222.5  1.24760063
223.0  1.24874623
223.5  1.25181572
224.0  1.27396650
224.5  1.28776941
225.0  1.30324867
225.5  1.30906321
226.0  1.30210019
226.5  1.28637812
227.0  1.25598748
227.5  1.23299752
228.0  1.20938726
228.5  1.20920313
229.0  1.22660324
229.5  1.26618896
230.0  1.31001271
230.5  1.34663348
231.0  1.36553617
231.5  1.36358142
232.0  1.34571634
232.5  1.32548221
233.0  1.30993290
233.5  1.31061438
234.0  1.31373826
234.5  1.33215646
235.0  1.34121121
235.5  1.35871323
236.0  1.35497397
236.5  1.35155574
237.0  1.32856474
237.5  1.30279889
238.0  1.27253045
238.5  1.25104585
239.0  1.24927671
239.5  1.26332433
240.0  1.29867864
240.5  1.33606283
241.0  1.36892411
241.5  1.37561028
242.0  1.36313835
242.5  1.33675601
243.0  1.30795079
243.5  1.28667795
244.0  1.27560779
244.5  1.27906932
245.0  1.28713132
245.5  1.29615880
246.0  1.30563201
246.5  1.30273536
247.0  1.29826548
247.5  1.27320712
248.0  1.25698133
248.5  1.22976797
249.0  1.22465271
249.5  1.22758603
250.0  1.25876603
250.5  1.30076545
251.0  1.34419767
251.5  1.37483322
252.0  1.38101975
252.5  1.36708110
253.0  1.33587636
253.5  1.30571114
254.0  1.28220251
254.5  1.27409287
255.0  1.27721176
255.5  1.29054635
256.0  1.30644768
256.5  1.31503025
257.0  1.31770687
257.5  1.30429266
258.0  1.28180672
258.5  1.24980689
259.0  1.21455545
259.5  1.19278016
260.0  1.18161315
260.5  1.20064289
261.0  1.22343856
261.5  1.26341443
262.0  1.28048611
262.5  1.29102227
263.0  1.26946852
263.5  1.24721936
264.0  1.22116212
264.5  1.21175630
265.0  1.21517420
265.5  1.23816177
266.0  1.27322512
266.5  1.30906690
267.0  1.34167065
267.5  1.36747879
268.0  1.37737286
268.5  1.37637371
269.0  1.35969234
269.5  1.34599158
270.0  1.32924366
270.5  1.33226553
271.0  1.34582083
271.5  1.37250108
272.0  1.39460651
272.5  1.40216953
273.0  1.39116093
273.5  1.35161251
274.0  1.30834335
274.5  1.25670472
275.0  1.23259777
275.5  1.21596859
276.0  1.22484855
276.5  1.23919498
277.0  1.26586158
277.5  1.28631876
278.0  1.30081591
278.5  1.30546936
279.0  1.29926936
279.5  1.28162900
280.0  1.26423590
280.5  1.25267943
281.0  1.25948364
281.5  1.27740129
282.0  1.31545167
282.5  1.34340993
283.0  1.36936872
283.5  1.36242278
284.0  1.34476825
284.5  1.31386546
285.0  1.29052921
285.5  1.28349831
286.0  1.29012784
286.5  1.32149832
287.0  1.34892866
287.5  1.38594022
288.0  1.40723515
288.5  1.42145822
289.0  1.40941136
289.5  1.38657979
290.0  1.34571592
290.5  1.30196609
291.0  1.26248703
291.5  1.24079276
292.0  1.23778215
292.5  1.24937007
293.0  1.26265568
293.5  1.27143822
294.0  1.25794068
294.5  1.23643239
295.0  1.19868305
295.5  1.17903135
296.0  1.16650658
296.5  1.18438391
297.0  1.20918837
297.5  1.25525070
298.0  1.29866626
298.5  1.33785385
299.0  1.36767645
299.5  1.37678440
300.0  1.37374312
300.5  1.34920023
301.0  1.32762521
301.5  1.30396402
302.0  1.29979128
302.5  1.30587177
303.0  1.32739026
303.5  1.34783943
304.0  1.35339766
304.5  1.33996009
305.0  1.30775233
305.5  1.26819863
306.0  1.23458363
306.5  1.21045651
307.0  1.20976966
307.5  1.21777171
308.0  1.24614198
308.5  1.26340445
309.0  1.28916023
309.5  1.29221064
310.0  1.29379450
310.5  1.26951616
311.0  1.24854161
311.5  1.22159034
312.0  1.20585113
312.5  1.20914889
313.0  1.23236748
313.5  1.27421075
314.0  1.31363394
314.5  1.34813611
315.0  1.35844384
315.5  1.35188491
316.0  1.33358886
316.5  1.31430191
317.0  1.30836636
317.5  1.31219407
318.0  1.33110866
318.5  1.35124083
319.0  1.37322569
319.5  1.38552782
320.0  1.38477856
320.5  1.37128898
321.0  1.33769288
321.5  1.30739799
322.0  1.26461197
322.5  1.24546870
323.0  1.23330867
323.5  1.25538148
324.0  1.28567986
324.5  1.32706644
325.0  1.35450443
325.5  1.36527274
326.0  1.35771508
326.5  1.33907337
327.0  1.32213459
327.5  1.31218628
328.0  1.31517373
328.5  1.32866607
329.0  1.34563951
329.5  1.36198741
330.0  1.36718838
330.5  1.36474505
331.0  1.34051355
331.5  1.30874188
332.0  1.26784396
332.5  1.23331255
333.0  1.21384687
333.5  1.20820137
334.0  1.23663501
334.5  1.27268839
335.0  1.32297361
335.5  1.34577743
336.0  1.36046925
336.5  1.34424393
337.0  1.32763528
337.5  1.30530088
338.0  1.29753266
338.5  1.30236265
339.0  1.31859578
339.5  1.33965490
340.0  1.36090542
340.5  1.37458079
341.0  1.37425206
341.5  1.35598152
342.0  1.32622650
342.5  1.28293586
343.0  1.25097545
343.5  1.22347572
344.0  1.22273829
344.5  1.23287212
345.0  1.26455238
345.5  1.29042273
346.0  1.30398598
346.5  1.29803565
347.0  1.26887497
347.5  1.24001915
348.0  1.20392065
348.5  1.19605558
349.0  1.19348292
349.5  1.22095625
350.0  1.24486841
350.5  1.28089524
351.0  1.30780218
351.5  1.33084477
352.0  1.33530942
352.5  1.32559894
353.0  1.30795473
353.5  1.29296772
354.0  1.28804914
354.5  1.30044870
355.0  1.32144287
355.5  1.35714134
356.0  1.38120429
356.5  1.39764680
357.0  1.37579477
357.5  1.34515723
358.0  1.29195016
358.5  1.25266518
359.0  1.21764624
359.5  1.20807870
360.0  1.21528882
360.5  1.23005667
361.0  1.25274295
361.5  1.26729022
362.0  1.28371942
362.5  1.27808889
363.0  1.27213881
363.5  1.25368358
364.0  1.24552762
364.5  1.24690789
365.0  1.26761318
365.5  1.30532250
366.0  1.35211429
366.5  1.39293019
367.0  1.41550393
367.5  1.41225887
368.0  1.38921279
368.5  1.34867595
369.0  1.32059858
369.5  1.29740169
370.0  1.30357987
370.5  1.31192342
371.0  1.34630589
371.5  1.36747440
372.0  1.39437822
372.5  1.40072279
373.0  1.39505141
373.5  1.37360005
374.0  1.33932289
374.5  1.30723802
375.0  1.28198156
375.5  1.28260261
376.0  1.29379406
376.5  1.31926831
377.0  1.33958002
377.5  1.34624142
378.0  1.33029685
378.5  1.29573299
379.0  1.25627175
379.5  1.22020957
380.0  1.20212579
380.5  1.20386431
381.0  1.22331000
381.5  1.25764191
382.0  1.29125603
382.5  1.33316570
383.0  1.35314781
383.5  1.36973139
384.0  1.35529798
384.5  1.34272262
385.0  1.31961890
385.5  1.31051459
386.0  1.30929356
386.5  1.32637069
387.0  1.35113773
387.5  1.37489811
388.0  1.38164843
388.5  1.36473321
389.0  1.33278845
389.5  1.29253683
390.0  1.25573623
390.5  1.23583763
391.0  1.22884212
391.5  1.24392918
392.0  1.26308055
392.5  1.28681091
393.0  1.30304517
393.5  1.31115699
394.0  1.30008252
394.5  1.27339254
395.0  1.24574668
395.5  1.21045672
396.0  1.19542385
396.5  1.19129713
397.0  1.22174607
397.5  1.25098913
398.0  1.29540978
398.5  1.31674031
399.0  1.32699385
399.5  1.31463632
400.0  1.29784152
400.5  1.28375376
401.0  1.27909854
401.5  1.29045109
402.0  1.31469503
402.5  1.34493039
403.0  1.37547837
403.5  1.39713723
404.0  1.41035935
404.5  1.39914838
405.0  1.37550465
405.5  1.33047829
406.0  1.29227755
406.5  1.25993678
407.0  1.24982240
407.5  1.25589410
408.0  1.27362427
408.5  1.29777351
409.0  1.30633070
409.5  1.30786500
410.0  1.28679788
410.5  1.27074690
411.0  1.24874993
411.5  1.25032577
412.0  1.25802171
412.5  1.28665850
413.0  1.31681553
413.5  1.35008871
414.0  1.37691746
414.5  1.38817722
415.0  1.38050722
415.5  1.35825648
416.0  1.32221345
416.5  1.29165713
417.0  1.26672438
417.5  1.27079954
418.0  1.28802687
418.5  1.32785288
419.0  1.36156358
419.5  1.39167106
420.0  1.39666798
420.5  1.38604510
421.0  1.36773660
421.5  1.34476612
422.0  1.33472204
422.5  1.33123797
423.0  1.34699473
423.5  1.36129508
424.0  1.38590452
424.5  1.39668446
425.0  1.39863470
425.5  1.37976610
426.0  1.34518641
426.5  1.29972322
427.0  1.25477227
427.5  1.22282368
428.0  1.21470639
428.5  1.22402054
429.0  1.25011473
429.5  1.27691986
430.0  1.30329554
430.5  1.30280724
431.0  1.29475534
431.5  1.26438349
432.0  1.24736318
432.5  1.23175917
433.0  1.23916899
433.5  1.25326422
434.0  1.28028161
434.5  1.31321186
435.0  1.33912056
435.5  1.35964639
436.0  1.35713575
436.5  1.34793741
437.0  1.31942709
437.5  1.29748745
438.0  1.27723093
438.5  1.27825572
439.0  1.29990920
439.5  1.33124041
440.0  1.35939653
440.5  1.37249351
441.0  1.36495459
441.5  1.33602754
442.0  1.29565784
442.5  1.26348917
443.0  1.23387459
443.5  1.23396486
444.0  1.23348490
444.5  1.25646922
445.0  1.27382196
445.5  1.29857991
446.0  1.30359522
446.5  1.30441390
447.0  1.28706137
447.5  1.26413973
448.0  1.24873695
448.5  1.24957612
449.0  1.26758308
449.5  1.30060217
450.0  1.35375893
450.5  1.39957449
451.0  1.42422890
451.5  1.42601042
452.0  1.40335027
452.5  1.36746088
453.0  1.32650956
453.5  1.30221448
454.0  1.29138546
454.5  1.29579092
455.0  1.31486111
455.5  1.33720424
456.0  1.36208410
456.5  1.36747209
457.0  1.36820269
457.5  1.34396574
458.0  1.32615411
458.5  1.29913809
459.0  1.29435207
459.5  1.29919318
460.0  1.32798993
460.5  1.36257378
461.0  1.39614364
461.5  1.41300853
462.0  1.40496459
462.5  1.37544689
463.0  1.33386305
463.5  1.29091578
464.0  1.26547706
464.5  1.25284090
465.0  1.26579950
465.5  1.28215418
466.0  1.31258190
466.5  1.33417714
467.0  1.35242023
467.5  1.35341753
468.0  1.34229861
468.5  1.32673543
469.0  1.30528114
469.5  1.30268559
470.0  1.30804362
470.5  1.34124153
471.0  1.37054290
471.5  1.40806955
472.0  1.42136635
472.5  1.41806605
473.0  1.38857633
473.5  1.34829721
474.0  1.31111038
474.5  1.28996747
475.0  1.28349982
475.5  1.29673408
476.0  1.31995258
476.5  1.34890352
477.0  1.36448166
477.5  1.37421879
478.0  1.35802045
478.5  1.33495388
479.0  1.29272175
479.5  1.25891195
480.0  1.22921103
480.5  1.22109105
481.0  1.22890694
481.5  1.24783758
482.0  1.27576708
482.5  1.28518959
483.0  1.28552003
483.5  1.25803540
484.0  1.23415108
484.5  1.20745291
485.0  1.20515458
485.5  1.21828065
486.0  1.25552874
486.5  1.30060401
487.0  1.35106111
487.5  1.39341086
488.0  1.41801049
488.5  1.42066934
489.0  1.40190910
489.5  1.37115637
490.0  1.33679903
490.5  1.31380781
491.0  1.30072931
491.5  1.30159352
492.0  1.31418288
492.5  1.32853582
493.0  1.32910348
493.5  1.31178670
494.0  1.28054143
494.5  1.24198114
495.0  1.21539339
495.5  1.20102190
496.0  1.20812227
496.5  1.23907590
497.0  1.28198114
497.5  1.32464914
498.0  1.35814950
498.5  1.37729051
499.0  1.37658746
499.5  1.35726980
500.0  1.32564953
500.5  1.29802640
501.0  1.28421476
501.5  1.28783817
502.0  1.31112316
502.5  1.34474667
503.0  1.38533213
503.5  1.41726316
504.0  1.42946866
504.5  1.42220952
505.0  1.40361613
505.5  1.38824510
506.0  1.38581326
506.5  1.39611265
507.0  1.41703859
507.5  1.44477131
508.0  1.46991394
508.5  1.48239058
509.0  1.47460288
509.5  1.44546514
510.0  1.40007399
510.5  1.34580073
511.0  1.29777696
511.5  1.26504790
512.0  1.25748704
512.5  1.27048544
513.0  1.29856750
513.5  1.33100576
514.0  1.35176924
514.5  1.35550515
515.0  1.34197431
515.5  1.32002408
516.0  1.29724985
516.5  1.28299329
517.0  1.28561019
517.5  1.30232327
518.0  1.32960240
518.5  1.35771805
519.0  1.37702936
519.5  1.38392722
520.0  1.36949018
520.5  1.34317655
521.0  1.30941445
521.5  1.28119213
522.0  1.26392234
522.5  1.26475989
523.0  1.28353948
523.5  1.31333224
524.0  1.34209874
524.5  1.35681067
525.0  1.34873771
525.5  1.32090437
526.0  1.28406285
526.5  1.24860200
527.0  1.22693822
527.5  1.22623271
528.0  1.24259662
528.5  1.27283866
529.0  1.30416909
529.5  1.32764130
530.0  1.33640669
530.5  1.32802316
531.0  1.30652518
531.5  1.27881756
532.0  1.25876745
532.5  1.25393409
533.0  1.27063789
533.5  1.30975067
534.0  1.35739133
534.5  1.40094010
535.0  1.42673934
535.5  1.42438360
536.0  1.39701745
536.5  1.35700449
537.0  1.31730174
537.5  1.29373641
538.0  1.29082998
538.5  1.30913544
539.0  1.34174533
539.5  1.37862760
540.0  1.40663462
540.5  1.41756407
541.0  1.40955796
541.5  1.38457869
542.0  1.35162057
542.5  1.32047957
543.0  1.30745010
543.5  1.31636695
544.0  1.34425815
544.5  1.38591954
545.0  1.42755565
545.5  1.45412896
546.0  1.45541716
546.5  1.43162440
547.0  1.39072592
547.5  1.35014844
548.0  1.32357327
548.5  1.31576963
549.0  1.32226137
549.5  1.34480966
550.0  1.36824966
550.5  1.38467083
551.0  1.38498801
551.5  1.36752062
552.0  1.33676680
552.5  1.30120763
553.0  1.27411620
553.5  1.26128940
554.0  1.27060740
554.5  1.30077369
555.0  1.34860832
555.5  1.39280298
556.0  1.42169088
556.5  1.42705056
557.0  1.40914722
557.5  1.37813422
558.0  1.34564429
558.5  1.32583785
559.0  1.32126489
559.5  1.34106077
560.0  1.36622077
560.5  1.39522378
561.0  1.41567181
561.5  1.41978532
562.0  1.40765841
562.5  1.37932389
563.0  1.34548757
563.5  1.31783014
564.0  1.30309111
564.5  1.30531846
565.0  1.32646236
565.5  1.35861641
566.0  1.39026739
566.5  1.40446172
567.0  1.39402185
567.5  1.36704365
568.0  1.33205514
568.5  1.30132544
569.0  1.28326124
569.5  1.28940259
570.0  1.31712608
570.5  1.35646109
571.0  1.40115410
571.5  1.44016261
572.0  1.46330033
572.5  1.46808989
573.0  1.45422297
573.5  1.43378260
574.0  1.41065503
574.5  1.39579757
575.0  1.39637974
575.5  1.41172475
576.0  1.43115920
576.5  1.44452797
577.0  1.44168124
577.5  1.41282974
578.0  1.36270801
578.5  1.30124823
579.0  1.24489497
579.5  1.20787644
580.0  1.19557749
580.5  1.21168342
581.0  1.24082620
581.5  1.27882997
582.0  1.31103181
582.5  1.32877002
583.0  1.32716994
583.5  1.31083417
584.0  1.28667578
584.5  1.26406916
585.0  1.25502496
585.5  1.26340922
586.0  1.28981314
586.5  1.32404812
587.0  1.35960480
587.5  1.37698742
588.0  1.37432988
588.5  1.34875322
589.0  1.31098215
589.5  1.28291804
590.0  1.26594878
590.5  1.27902338
591.0  1.30432613
591.5  1.35098034
592.0  1.38941289
592.5  1.42347236
593.0  1.43093499
593.5  1.41899564
594.0  1.38484872
594.5  1.34183209
595.0  1.30228575
595.5  1.27530403
596.0  1.26539521
596.5  1.27621285
597.0  1.30113229
597.5  1.32640862
598.0  1.33476254
598.5  1.32869221
599.0  1.30466142
599.5  1.27532699
600.0  1.24649473
600.5  1.23924956
601.0  1.25267729
601.5  1.29129318
602.0  1.34039786
602.5  1.38271285
603.0  1.41809202
603.5  1.42587127
604.0  1.42169640
604.5  1.39130722
605.0  1.36262691
605.5  1.33025331
606.0  1.31760065
606.5  1.32120953
607.0  1.34588425
607.5  1.38091770
608.0  1.41253199
608.5  1.42538933
609.0  1.41225432
609.5  1.37698269
610.0  1.33334144
610.5  1.29238708
611.0  1.26695567
611.5  1.25665952
612.0  1.27342442
612.5  1.29339929
613.0  1.31791319
613.5  1.32177779
614.0  1.31122021
614.5  1.28195345
615.0  1.24141438
615.5  1.20137485
616.0  1.16600639
616.5  1.15601259
617.0  1.16527030
617.5  1.20751837
618.0  1.25556959
618.5  1.30887382
619.0  1.34292845
619.5  1.35482199
620.0  1.33601147
620.5  1.30863284
621.0  1.28354116
621.5  1.27540143
622.0  1.28952369
622.5  1.32064390
623.0  1.35744895
623.5  1.39446230
624.0  1.40943131
624.5  1.40642359
625.0  1.37501372
625.5  1.33995581
626.0  1.29046804
626.5  1.25782024
627.0  1.23871187
627.5  1.24812553
628.0  1.27711805
628.5  1.32348674
629.0  1.36939618
629.5  1.39165051
630.0  1.39066728
630.5  1.35828441
631.0  1.31738194
631.5  1.27538729
632.0  1.25719692
632.5  1.25869550
633.0  1.28210717
633.5  1.31899444
634.0  1.34902545
634.5  1.36622396
635.0  1.36128570
635.5  1.33667832
636.0  1.29995818
636.5  1.26220642
637.0  1.23833154
637.5  1.22931072
638.0  1.25638346
638.5  1.29726890
639.0  1.35875741
639.5  1.40627839
640.0  1.44102153
640.5  1.43661856
641.0  1.40861342
641.5  1.36428173
642.0  1.32155949
642.5  1.29898977
643.0  1.29991080
643.5  1.32315871
644.0  1.35527183
644.5  1.38732109
645.0  1.39963861
645.5  1.39296804
646.0  1.36775560
646.5  1.32551018
647.0  1.28310066
647.5  1.24886549
648.0  1.23512474
648.5  1.24315040
649.0  1.27179038
649.5  1.31225353
650.0  1.34375381
650.5  1.36158770
651.0  1.34072495
651.5  1.30601629
652.0  1.25184066
652.5  1.21809697
653.0  1.19766119
653.5  1.21734969
654.0  1.25934455
654.5  1.31756427
655.0  1.37134537
655.5  1.40804480
656.0  1.42160651
656.5  1.41046224
657.0  1.38492311
657.5  1.35415196
658.0  1.33092554
658.5  1.32181157
659.0  1.32905813
659.5  1.35912512
660.0  1.38841889
660.5  1.41264628
661.0  1.40876785
661.5  1.37823510
662.0  1.31558863
662.5  1.24433376
663.0  1.18765804
663.5  1.15775964
664.0  1.16123803
664.5  1.18420508
665.0  1.23352776
665.5  1.27392365
666.0  1.30692696
666.5  1.30987096
667.0  1.30443086
667.5  1.28044384
668.0  1.25681593
668.5  1.23844364
669.0  1.23897496
669.5  1.25982269
670.0  1.29790772
670.5  1.34407064
671.0  1.38085864
671.5  1.39264196
672.0  1.37931227
672.5  1.33433706
673.0  1.28341236
673.5  1.23533835
674.0  1.21772569
674.5  1.22753866
675.0  1.27188759
675.5  1.32123168
676.0  1.37084175
676.5  1.40285349
677.0  1.40855914
677.5  1.39629104
678.0  1.35841254
678.5  1.32749101
679.0  1.29717587
679.5  1.29182137
680.0  1.29841434
680.5  1.32824681
681.0  1.36588170
681.5  1.40273739
682.0  1.41497636
682.5  1.39425502
683.0  1.34453917
683.5  1.28834107
684.0  1.24201272
684.5  1.22400599
685.0  1.23242619
685.5  1.27249325
686.0  1.31806232
686.5  1.36688597
687.0  1.38791381
687.5  1.39455382
688.0  1.36830651
688.5  1.33470328
689.0  1.29317791
689.5  1.26525110
690.0  1.25681487
690.5  1.27173499
691.0  1.31007372
691.5  1.36002922
692.0  1.40994550
692.5  1.42985230
693.0  1.42222353
693.5  1.38219799
694.0  1.33410666
694.5  1.29337903
695.0  1.27522892
695.5  1.28735174
696.0  1.32017416
696.5  1.36099839
697.0  1.39234438
697.5  1.39962671
698.0  1.38134843
698.5  1.33252506
699.0  1.27500457
699.5  1.20871587
700.0  1.16632085
700.5  1.13446739
701.0  1.14652432
701.5  1.17619581
702.0  1.23178266
702.5  1.27844968
703.0  1.30953347
703.5  1.31001106
704.0  1.28800138
704.5  1.25921089
705.0  1.24057826
705.5  1.24760890
706.0  1.28138236
706.5  1.33912928
707.0  1.40277416
707.5  1.45326964
708.0  1.47813446
708.5  1.47026063
709.0  1.44034321
709.5  1.38902502
710.0  1.33690187
710.5  1.28937020
711.0  1.26022238
711.5  1.25763977
712.0  1.27170674
712.5  1.30544217
713.0  1.32886373
713.5  1.33881085
714.0  1.30685755
714.5  1.26071302
715.0  1.19820114
715.5  1.15483984
716.0  1.13342448
716.5  1.15190454
717.0  1.19194073
717.5  1.24430767
718.0  1.29194938
718.5  1.32144199
719.0  1.32885679
719.5  1.31213453
720.0  1.28090782
720.5  1.24948606
721.0  1.22532985
721.5  1.22626152
722.0  1.24734108
722.5  1.29559829
723.0  1.35116576
723.5  1.40611951
724.0  1.43445268
724.5  1.43149477
725.0  1.39427621
725.5  1.34577373
726.0  1.30777965
726.5  1.28468100
727.0  1.29419698
727.5  1.31551123
728.0  1.35391660
728.5  1.37569081
729.0  1.38435316
729.5  1.36345126
730.0  1.32795728
730.5  1.27944253
731.0  1.23571687
731.5  1.20336500
732.0  1.19770792
732.5  1.21973867
733.0  1.26585167
733.5  1.32350363
734.0  1.37825463
734.5  1.40178183
735.0  1.39552533
735.5  1.35501453
736.0  1.31145987
736.5  1.26840906
737.0  1.25380756
737.5  1.26793231
738.0  1.30757593
738.5  1.35775537
739.0  1.39417636
739.5  1.41771382
740.0  1.40984683
740.5  1.38791867
741.0  1.34446760
741.5  1.30683309
742.0  1.27536665
742.5  1.26605941
743.0  1.28043896
743.5  1.31717955
744.0  1.36122132
744.5  1.39521072
745.0  1.40073428
745.5  1.37309424
746.0  1.31382640
746.5  1.24793433
747.0  1.18838417
747.5  1.16374399
748.0  1.16147012
748.5  1.19414077
749.0  1.23122514
749.5  1.27092607
750.0  1.28645479
750.5  1.28740926
751.0  1.26819594
751.5  1.23843391
752.0  1.21334002
752.5  1.19831672
753.0  1.20839942
753.5  1.23877453
754.0  1.29572965
754.5  1.35355558
755.0  1.40229882
755.5  1.41771787
756.0  1.39901103
756.5  1.35137012
757.0  1.29126137
757.5  1.24331398
758.0  1.22222496
758.5  1.23401626
759.0  1.26844812
759.5  1.30878466
760.0  1.34539118
760.5  1.35890693
761.0  1.35521867
761.5  1.32399613
762.0  1.29322280
762.5  1.25435356
763.0  1.23552155
763.5  1.23229252
764.0  1.25901241
764.5  1.30126492
765.0  1.34928980
765.5  1.38796704
766.0  1.39622291
766.5  1.37099397
767.0  1.31527931
767.5  1.25321976
768.0  1.20296457
768.5  1.18258608
769.0  1.19518624
769.5  1.23511126
770.0  1.28495690
770.5  1.32891275
771.0  1.35567945
771.5  1.36085394
772.0  1.34175156
772.5  1.31225359
773.0  1.28259761
773.5  1.26366931
774.0  1.26268459
774.5  1.28539687
775.0  1.32699893
775.5  1.37614989
776.0  1.41517945
776.5  1.42813203
777.0  1.40781236
777.5  1.36058054
778.0  1.30646681
778.5  1.26801664
779.0  1.25594322
779.5  1.27680912
780.0  1.31914903
780.5  1.36668335
781.0  1.40489135
781.5  1.41971868
782.0  1.40772441
782.5  1.37174173
783.0  1.32077392
783.5  1.26593653
784.0  1.22222344
784.5  1.20119130
785.0  1.20689512
785.5  1.23332605
786.0  1.27041601
786.5  1.30375799
787.0  1.31612353
787.5  1.29614361
788.0  1.25449675
788.5  1.21165979
789.0  1.18452042
789.5  1.19037878
790.0  1.22945007
790.5  1.28959971
791.0  1.35749755
791.5  1.41503007
792.0  1.44759157
792.5  1.44990675
793.0  1.42359587
793.5  1.38102440
794.0  1.33271755
794.5  1.29248693
795.0  1.27232529
795.5  1.27669214
796.0  1.30188922
796.5  1.33552885
797.0  1.35593045
797.5  1.35068392
798.0  1.31333091
798.5  1.25328040
799.0  1.18938237
799.5  1.14282181
800.0  1.12836194
800.5  1.14799469
801.0  1.19197133
801.5  1.24213165
802.0  1.28664856
802.5  1.30870806
803.0  1.30599698
803.5  1.28221538
804.0  1.24673785
804.5  1.21112669
805.0  1.19076279
805.5  1.19202289
806.0  1.22206750
806.5  1.27534548
807.0  1.33656512
807.5  1.38798196
808.0  1.41086565
808.5  1.39872121
809.0  1.36156838
809.5  1.31883517
810.0  1.28755009
810.5  1.28554939
811.0  1.30503487
811.5  1.35011000
812.0  1.38778537
812.5  1.42010516
813.0  1.41951199
813.5  1.39953570
814.0  1.34857572
814.5  1.29138965
815.0  1.23487513
815.5  1.19781610
816.0  1.18543332
816.5  1.20194265
817.0  1.24580597
817.5  1.30440137
818.0  1.35088820
818.5  1.37601647
819.0  1.36353703
819.5  1.33082003
820.0  1.28458740
820.5  1.25985631
821.0  1.25533954
821.5  1.28263553
822.0  1.32516654
822.5  1.37309468
823.0  1.40995032
823.5  1.42175438
824.0  1.41263190
824.5  1.37662684
825.0  1.33568352
825.5  1.28910059
826.0  1.26419404
826.5  1.25292823
827.0  1.27638068
827.5  1.31873157
828.0  1.37163878
828.5  1.41459977
829.0  1.42845494
829.5  1.40794404
830.0  1.36098769
830.5  1.30273994
831.0  1.26094116
831.5  1.24366229
832.0  1.25860669
832.5  1.28569157
833.0  1.32750515
833.5  1.35035317
834.0  1.35862741
834.5  1.33920841
835.0  1.31091345
835.5  1.27024893
836.0  1.23126615
836.5  1.21202867
837.0  1.21174031
837.5  1.24403000
838.0  1.28740919
838.5  1.34891430
839.0  1.39168017
839.5  1.41178743
840.0  1.39283854
840.5  1.35358412
841.0  1.30301475
841.5  1.26675245
842.0  1.25531763
842.5  1.27273457
843.0  1.30663435
843.5  1.34634744
844.0  1.37194310
844.5  1.38098634
845.0  1.35729496
845.5  1.32576792
846.0  1.27591393
846.5  1.24203817
847.0  1.21106311
847.5  1.21397674
848.0  1.23197255
848.5  1.27830879
849.0  1.32493093
849.5  1.35890958
850.0  1.36675276
850.5  1.33922692
851.0  1.29111982
851.5  1.23422683
852.0  1.20369926
852.5  1.19636593
853.0  1.22070038
853.5  1.26442931
854.0  1.31228901
854.5  1.35174007
855.0  1.36654197
855.5  1.36240774
856.0  1.33852066
856.5  1.30991021
857.0  1.28321157
857.5  1.26968103
858.0  1.28310540
858.5  1.31073739
859.0  1.36228726
859.5  1.40669060
860.0  1.44580497
860.5  1.44090448
861.0  1.41491648
861.5  1.35795774
862.0  1.30610866
862.5  1.26726926
863.0  1.26107362
863.5  1.28539322
864.0  1.32680610
864.5  1.37105880
865.0  1.40085993
865.5  1.41063952
866.0  1.39813674
866.5  1.36861295
867.0  1.33314661
867.5  1.29573166
868.0  1.27753276
868.5  1.27552837
869.0  1.29796734
869.5  1.33240832
870.0  1.37083782
870.5  1.39562231
871.0  1.38866382
871.5  1.35868107
872.0  1.29858146
872.5  1.25625739
873.0  1.22273785
873.5  1.23232405
874.0  1.26283704
874.5  1.31797975
875.0  1.36653810
875.5  1.40885141
876.0  1.42422605
876.5  1.41733703
877.0  1.39099314
877.5  1.35275046
878.0  1.31583421
878.5  1.28845088
879.0  1.27615954
879.5  1.28785327
880.0  1.31033742
880.5  1.34440921
881.0  1.35891129
881.5  1.35835002
882.0  1.32346455
882.5  1.27858885
883.0  1.22948366
883.5  1.20443009
884.0  1.20752044
884.5  1.23790595
885.0  1.28876994
885.5  1.33643941
886.0  1.37881335
886.5  1.39133956
887.0  1.39263351
887.5  1.36598353
888.0  1.33759971
888.5  1.30264878
889.0  1.28437574
889.5  1.27829067
890.0  1.28931287
890.5  1.31493585
891.0  1.34565120
891.5  1.36537718
892.0  1.36054689
892.5  1.32749839
893.0  1.28658609
893.5  1.24078059
894.0  1.22036211
894.5  1.22356384
895.0  1.26262607
895.5  1.30368569
896.0  1.35272362
896.5  1.37925679
897.0  1.38766054
897.5  1.37167693
898.0  1.33807383
898.5  1.30159417
899.0  1.26261900
899.5  1.24427446
900.0  1.23627914
900.5  1.25916421
901.0  1.28976618
901.5  1.33122657
902.0  1.35641200
902.5  1.36141756
903.0  1.34275122
903.5  1.30424465
904.0  1.27030106
904.5  1.25760634
905.0  1.26828117
905.5  1.30439841
906.0  1.34772205
906.5  1.39053244
907.0  1.41044421
907.5  1.41791974
908.0  1.39257087
908.5  1.36448218
909.0  1.31924710
909.5  1.29181965
910.0  1.26996912
910.5  1.27546979
911.0  1.30389412
911.5  1.34705647
912.0  1.39852009
912.5  1.43517679
913.0  1.44874746
913.5  1.43038971
914.0  1.39637494
914.5  1.35964070
915.0  1.33575767
915.5  1.33639437
916.0  1.35393995
916.5  1.38177603
917.0  1.40052684
917.5  1.40673226
918.0  1.39051989
918.5  1.35442366
919.0  1.30914159
919.5  1.25353582
920.0  1.21403057
920.5  1.18106168
921.0  1.18476230
921.5  1.20019719
922.0  1.24689366
922.5  1.29032422
923.0  1.33531905
923.5  1.35274840
924.0  1.34727587
924.5  1.32752558
925.0  1.30234744
925.5  1.29396235
926.0  1.30454408
926.5  1.33531821
927.0  1.36762158
927.5  1.39807051
928.0  1.41739542
928.5  1.41028939
929.0  1.38861557
929.5  1.35390356
930.0  1.31977154
930.5  1.28340563
931.0  1.26359935
931.5  1.25794809
932.0  1.27249361
932.5  1.30107710
933.0  1.32641306
933.5  1.35117654
934.0  1.34616001
934.5  1.32628839
935.0  1.28561516
935.5  1.25531392
936.0  1.22946634
936.5  1.23744230
937.0  1.25709250
937.5  1.28941072
938.0  1.31632739
938.5  1.33573176
939.0  1.34360371
939.5  1.33722711
940.0  1.32052429
940.5  1.30432448
941.0  1.29177841
941.5  1.29326870
942.0  1.30407926
942.5  1.33812740
943.0  1.37323513
943.5  1.41382499
944.0  1.43221412
944.5  1.43115354
945.0  1.40195396
945.5  1.35566472
946.0  1.30976855
946.5  1.27699538
947.0  1.27639985
947.5  1.28211666
948.0  1.30768767
948.5  1.32416085
949.0  1.34002553
949.5  1.33717374
950.0  1.32732056
950.5  1.30801946
951.0  1.28909834
951.5  1.27433677
952.0  1.27348834
952.5  1.28654511
953.0  1.31455166
953.5  1.34945528
954.0  1.38609291
954.5  1.39996099
955.0  1.40040999
955.5  1.36885806
956.0  1.33430490
956.5  1.29643050
957.0  1.28525894
957.5  1.28897309
958.0  1.31943058
958.5  1.35485838
959.0  1.38502771
959.5  1.40876071
960.0  1.41524055
960.5  1.41070631
961.0  1.39308142
961.5  1.37736403
962.0  1.35750528
962.5  1.34744324
963.0  1.34877363
963.5  1.36126571
964.0  1.38251958
964.5  1.39826947
965.0  1.40235787
965.5  1.38462391
966.0  1.34671804
966.5  1.30143845
967.0  1.26120492
967.5  1.24859540
968.0  1.26317298
968.5  1.29982798
969.0  1.34101394
969.5  1.38094682
970.0  1.41090993
970.5  1.42434417
971.0  1.42211362
971.5  1.40882006
972.0  1.39078704
972.5  1.37364162
973.0  1.36086649
973.5  1.35725896
974.0  1.36634948
974.5  1.38247999
975.0  1.39817816
975.5  1.40277437
976.0  1.39122657
976.5  1.36002805
977.0  1.31957803
977.5  1.29378057
978.0  1.28818553
978.5  1.30605986
979.0  1.34371121
979.5  1.39004278
980.0  1.43395616
980.5  1.46472159
981.0  1.47689494
981.5  1.47528094
982.0  1.46037572
982.5  1.43852775
983.0  1.41702601
983.5  1.39868897
984.0  1.38761787
984.5  1.38751606
985.0  1.39814145
985.5  1.41227208
986.0  1.41373574
986.5  1.39755430
987.0  1.36796622
987.5  1.33391819
988.0  1.30751867
988.5  1.29978028
989.0  1.31156833
989.5  1.34051224
990.0  1.37152755
990.5  1.39196946
991.0  1.39674850
991.5  1.38215552
992.0  1.35646692
992.5  1.32490092
993.0  1.28811663
993.5  1.25954920
994.0  1.24296781
994.5  1.24406387
995.0  1.26358511
995.5  1.29551784
996.0  1.33333983
996.5  1.36593361
997.0  1.38114818
997.5  1.38063916
998.0  1.37194808
998.5  1.36404922
999.0  1.37054998
999.5  1.39334606
1000.0  1.42439967
