0.0  0.330642  1.471069  1.801711
0.5  0.333617  1.469019  1.802636
1.0  0.347033  1.454365  1.801398
1.5  0.366053  1.435848  1.801901
2.0  0.384879  1.416199  1.801078
2.5  0.398098  1.402976  1.801074
3.0  0.402199  1.398913  1.801111
3.5  0.396889  1.404127  1.801016
4.0  0.385575  1.416360  1.801934
4.5  0.374394  1.427437  1.801831
5.0  0.369789  1.432699  1.802487
5.5  0.375562  1.426442  1.802004
6.0  0.390995  1.411012  1.802007
6.5  0.411175  1.390238  1.801413
7.0  0.429403  1.371618  1.801021
7.5  0.440297  1.360734  1.801030
8.0  0.441960  1.359252  1.801212
8.5  0.436350  1.365154  1.801504
9.0  0.428036  1.373918  1.801954
9.5  0.422215  1.379906  1.802121
10.0  0.422891  1.380022  1.802913
10.5  0.431785  1.370462  1.802246
11.0  0.448066  1.354844  1.802910
11.5  0.468712  1.332978  1.801690
12.0  0.489228  1.313239  1.802467
12.5  0.504630  1.296527  1.801157
13.0  0.510681  1.291264  1.801945
13.5  0.505311  1.295804  1.801116
14.0  0.489794  1.312193  1.801987
14.5  0.468971  1.333143  1.802114
15.0  0.449930  1.353045  1.802975
15.5  0.439287  1.363727  1.803014
16.0  0.440274  1.362460  1.802734
16.5  0.451278  1.350968  1.802245
17.0  0.466764  1.335161  1.801925
17.5  0.480097  1.322127  1.802224
18.0  0.486640  1.315427  1.802067
18.5  0.485564  1.316964  1.802527
19.0  0.479755  1.323227  1.802981
19.5  0.474230  1.329474  1.803704
20.0  0.474033  1.330056  1.804089
20.5  0.482495  1.320675  1.803170
21.0  0.500331  1.303275  1.803606
21.5  0.525581  1.277384  1.802965
22.0  0.554109  1.249329  1.803438
22.5  0.580407  1.222297  1.802704
23.0  0.598618  1.203953  1.802571
23.5  0.603814  1.199189  1.803003
24.0  0.593489  1.209477  1.802966
24.5  0.568800  1.234853  1.803654
25.0  0.534785  1.268391  1.803176
25.5  0.498949  1.305516  1.804465
26.0  0.468430  1.335665  1.804095
26.5  0.447017  1.357650  1.804668
27.0  0.433716  1.370053  1.803769
27.5  0.423731  1.380179  1.803910
28.0  0.411295  1.392931  1.804227
28.5  0.392710  1.411342  1.804051
29.0  0.368067  1.436214  1.804280
29.5  0.341102  1.463599  1.804701
30.0  0.317611  1.487618  1.805229
30.5  0.303365  1.502229  1.805595
31.0  0.302396  1.503046  1.805442
31.5  0.316071  1.489325  1.805396
32.0  0.342972  1.461690  1.804662
32.5  0.379314  1.425433  1.804747
33.0  0.419663  1.384410  1.804073
33.5  0.457911  1.346583  1.804494
34.0  0.488555  1.315781  1.804336
34.5  0.508184  1.296275  1.804460
35.0  0.516702  1.287743  1.804444
35.5  0.517492  1.287191  1.804684
36.0  0.515986  1.289641  1.805628
36.5  0.516946  1.288060  1.805006
37.0  0.521828  1.283467  1.805295
37.5  0.527834  1.275840  1.803674
38.0  0.529331  1.274852  1.804183
38.5  0.520858  1.282367  1.803224
39.0  0.499986  1.304326  1.804312
39.5  0.468630  1.335066  1.803697
40.0  0.432409  1.371852  1.804261
40.5  0.398678  1.405979  1.804657
41.0  0.374252  1.431027  1.805278
41.5  0.363670  1.441520  1.805190
42.0  0.368388  1.436634  1.805022
42.5  0.386807  1.418158  1.804966
43.0  0.414843  1.389888  1.804731
43.5  0.446790  1.357010  1.803801
44.0  0.476453  1.328144  1.804597
44.5  0.498578  1.305560  1.804138
45.0  0.510419  1.295463  1.805882
45.5  0.512863  1.292868  1.805731
46.0  0.510294  1.296181  1.806475
46.5  0.508751  1.296641  1.805392
47.0  0.512913  1.293701  1.806614
47.5  0.523416  1.282069  1.805486
48.0  0.536121  1.270123  1.806244
48.5  0.543874  1.261135  1.805009
49.0  0.539791  1.264792  1.804583
49.5  0.520276  1.285059  1.805336
50.0  0.486405  1.318761  1.805167
50.5  0.443344  1.364697  1.808041
51.0  0.398451  1.408917  1.807368
51.5  0.359057  1.448870  1.807927
52.0  0.330720  1.477010  1.807730
52.5  0.316316  1.491855  1.808171
53.0  0.315867  1.491489  1.807356
53.5  0.326881  1.479717  1.806598
54.0  0.345002  1.461606  1.806608
54.5  0.365008  1.441346  1.806354
55.0  0.382169  1.423762  1.805931
55.5  0.393790  1.412186  1.805975
56.0  0.400329  1.406282  1.806612
56.5  0.405314  1.401998  1.807312
57.0  0.413674  1.393076  1.806750
57.5  0.429053  1.378544  1.807597
58.0  0.451516  1.355135  1.806652
58.5  0.477066  1.330623  1.807689
59.0  0.499330  1.307002  1.806331
59.5  0.512448  1.294592  1.807039
60.0  0.513554  1.292193  1.805747
60.5  0.503710  1.303643  1.807353
61.0  0.487128  1.320661  1.807790
61.5  0.469371  1.338962  1.808333
62.0  0.455431  1.352940  1.808371
62.5  0.448424  1.359339  1.807763
63.0  0.449109  1.359371  1.808480
63.5  0.456083  1.351712  1.807795
64.0  0.466349  1.342331  1.808679
64.5  0.476062  1.331287  1.807349
65.0  0.481473  1.326055  1.807528
65.5  0.480100  1.327983  1.808083
66.0  0.471920  1.336380  1.808300
66.5  0.459980  1.348389  1.808368
67.0  0.449719  1.358893  1.808612
67.5  0.446855  1.362524  1.809379
68.0  0.454630  1.353849  1.808479
68.5  0.471951  1.336646  1.808597
69.0  0.493643  1.313974  1.807617
69.5  0.512764  1.295581  1.808345
70.0  0.523707  1.284105  1.807811
70.5  0.524425  1.283988  1.808413
71.0  0.516872  1.291805  1.808677
71.5  0.505771  1.302195  1.807966
72.0  0.496560  1.312894  1.809454
72.5  0.493476  1.315061  1.808538
73.0  0.498416  1.309978  1.808394
73.5  0.510702  1.296054  1.806756
74.0  0.527506  1.280044  1.807550
74.5  0.544596  1.261940  1.806537
75.0  0.557206  1.249618  1.806824
75.5  0.561072  1.243899  1.804971
76.0  0.553641  1.252229  1.805870
76.5  0.535204  1.270717  1.805921
77.0  0.509301  1.296806  1.806107
77.5  0.481789  1.324708  1.806497
78.0  0.458572  1.348871  1.807443
78.5  0.442963  1.364790  1.807753
79.0  0.434174  1.372721  1.806895
79.5  0.427900  1.378428  1.806329
80.0  0.418714  1.387341  1.806055
80.5  0.402895  1.402728  1.805623
81.0  0.380234  1.426418  1.806652
81.5  0.354102  1.451805  1.805907
82.0  0.330030  1.477364  1.807394
82.5  0.313655  1.493276  1.806932
83.0  0.308926  1.498980  1.807906
83.5  0.317117  1.490206  1.807323
84.0  0.336765  1.471259  1.808024
84.5  0.364251  1.443046  1.807296
85.0  0.394685  1.411868  1.806553
85.5  0.422884  1.384432  1.807316
86.0  0.444435  1.361691  1.806126
86.5  0.456826  1.350797  1.807623
87.0  0.460355  1.345982  1.806337
87.5  0.458215  1.349870  1.808085
88.0  0.455293  1.352261  1.807554
88.5  0.455906  1.352802  1.808707
89.0  0.461545  1.346791  1.808336
89.5  0.469987  1.338430  1.808417
90.0  0.476416  1.330710  1.807126
90.5  0.475976  1.331178  1.807155
91.0  0.466351  1.341283  1.807633
91.5  0.449056  1.359098  1.808154
92.0  0.428988  1.379024  1.808011
92.5  0.412624  1.395725  1.808348
93.0  0.405787  1.403273  1.809060
93.5  0.411853  1.397796  1.809649
94.0  0.430914  1.378629  1.809543
94.5  0.459942  1.350223  1.810165
95.0  0.493645  1.314502  1.808147
95.5  0.525664  1.283159  1.808823
96.0  0.549871  1.257862  1.807732
96.5  0.561719  1.247969  1.809688
97.0  0.559514  1.247761  1.807275
97.5  0.545177  1.264512  1.809689
98.0  0.523922  1.285077  1.808999
98.5  0.502491  1.308230  1.810721
99.0  0.486445  1.322663  1.809108
99.5  0.477745  1.331709  1.809453
100.0  0.473995  1.335393  1.809388
100.5  0.469825  1.338967  1.808792
101.0  0.459667  1.349113  1.808780
101.5  0.440467  1.367853  1.808320
102.0  0.413077  1.395441  1.808518
102.5  0.381913  1.427766  1.809678
103.0  0.353295  1.457872  1.811167
103.5  0.333327  1.477556  1.810884
104.0  0.326139  1.483593  1.809732
104.5  0.332991  1.476975  1.809965
105.0  0.352276  1.458178  1.810455
105.5  0.380169  1.431382  1.811552
106.0  0.411581  1.397643  1.809224
106.5  0.441263  1.367190  1.808453
107.0  0.465001  1.343108  1.808109
107.5  0.480759  1.329895  1.810653
108.0  0.489382  1.320777  1.810159
108.5  0.494297  1.315019  1.809316
109.0  0.499959  1.314074  1.814033
109.5  0.509521  1.313131  1.822652
110.0  0.522900  1.310995  1.833894
110.5  0.536389  1.310761  1.847150
111.0  0.544150  1.317398  1.861548
111.5  0.540794  1.334860  1.875653
112.0  0.523755  1.364678  1.888433
112.5  0.494380  1.404176  1.898556
113.0  0.457466  1.450050  1.907517
113.5  0.419654  1.494860  1.914514
114.0  0.387468  1.530966  1.918434
114.5  0.365716  1.554512  1.920228
115.0  0.356645  1.564758  1.921404
115.5  0.359882  1.561426  1.921308
116.0  0.372914  1.547755  1.920669
116.5  0.391875  1.529432  1.921307
117.0  0.412525  1.511130  1.923655
117.5  0.431394  1.497246  1.928640
118.0  0.446939  1.491899  1.938839
118.5  0.460219  1.494966  1.955185
119.0  0.474461  1.503741  1.978203
119.5  0.493325  1.515109  2.008434
120.0  0.518516  1.527748  2.046263
120.5  0.548080  1.543273  2.091353
121.0  0.576539  1.564349  2.140889
121.5  0.596913  1.596320  2.193233
122.0  0.603566  1.641940  2.245506
122.5  0.594414  1.698760  2.293174
123.0  0.571560  1.760405  2.331965
123.5  0.540325  1.822264  2.362590
124.0  0.507331  1.877118  2.384449
124.5  0.478502  1.916849  2.395351
125.0  0.457688  1.940122  2.397810
125.5  0.446164  1.948904  2.395068
126.0  0.442904  1.944647  2.387551
126.5  0.445251  1.931080  2.376330
127.0  0.449716  1.915773  2.365489
127.5  0.452833  1.904936  2.357768
128.0  0.452117  1.900725  2.352842
128.5  0.447031  1.905764  2.352795
129.0  0.439491  1.919742  2.359233
129.5  0.433338  1.940164  2.373502
130.0  0.432588  1.963003  2.395591
130.5  0.439169  1.986590  2.425759
131.0  0.451427  2.010222  2.461650
131.5  0.464425  2.038415  2.502840
132.0  0.471964  2.073426  2.545390
132.5  0.469228  2.113709  2.582936
133.0  0.454688  2.155838  2.610526
133.5  0.430504  2.193991  2.624494
134.0  0.401484  2.218124  2.619608
134.5  0.373276  2.221624  2.594900
135.0  0.350610  2.202543  2.553153
135.5  0.336200  2.162502  2.498702
136.0  0.330513  2.107818  2.438331
136.5  0.332218  2.046086  2.378303
137.0  0.338919  1.986149  2.325068
137.5  0.347891  1.933198  2.281089
138.0  0.356746  1.892473  2.249219
138.5  0.364131  1.864273  2.228405
139.0  0.370393  1.845899  2.216292
139.5  0.377820  1.833384  2.211204
140.0  0.389971  1.821186  2.211157
140.5  0.410005  1.802535  2.212540
141.0  0.438712  1.774026  2.212739
141.5  0.473422  1.737983  2.211405
142.0  0.508581  1.698552  2.207133
142.5  0.537819  1.660431  2.198250
143.0  0.556389  1.628053  2.184442
143.5  0.562770  1.602203  2.164973
144.0  0.558791  1.581296  2.140087
144.5  0.548435  1.561136  2.109571
145.0  0.536027  1.538184  2.074211
145.5  0.524654  1.511120  2.035775
146.0  0.515403  1.479876  1.995279
146.5  0.507558  1.448261  1.955818
147.0  0.499437  1.421117  1.920553
147.5  0.489337  1.402425  1.891762
148.0  0.476181  1.394346  1.870527
148.5  0.459821  1.397812  1.857633
149.0  0.441181  1.412560  1.853741
149.5  0.422391  1.433758  1.856149
150.0  0.406690  1.456579  1.863269
150.5  0.397724  1.476099  1.873823
151.0  0.398153  1.487230  1.885383
151.5  0.408135  1.486979  1.895114
152.0  0.424681  1.478458  1.903138
152.5  0.442500  1.465675  1.908176
153.0  0.456076  1.453455  1.909531
153.5  0.461909  1.445903  1.907812
154.0  0.459837  1.443722  1.903560
154.5  0.452880  1.443528  1.896407
155.0  0.445805  1.443658  1.889463
155.5  0.443138  1.440333  1.883471
156.0  0.447453  1.432616  1.880069
156.5  0.458576  1.423223  1.881800
157.0  0.473882  1.416892  1.890774
157.5  0.489395  1.417433  1.906828
158.0  0.501140  1.428892  1.930032
158.5  0.506254  1.454127  1.960381
159.0  0.503617  1.490604  1.994221
159.5  0.494061  1.533760  2.027821
160.0  0.480234  1.578466  2.058700
160.5  0.466060  1.618473  2.084533
161.0  0.455629  1.647230  2.102859
161.5  0.451642  1.661190  2.112832
162.0  0.454015  1.660880  2.114895
162.5  0.459517  1.651803  2.111321
163.0  0.462915  1.641240  2.104154
163.5  0.459208  1.635659  2.094866
164.0  0.445893  1.639955  2.085848
164.5  0.424181  1.654073  2.078254
165.0  0.398690  1.675422  2.074112
165.5  0.375846  1.698476  2.074322
166.0  0.361720  1.716806  2.078526
166.5  0.360142  1.727171  2.087312
167.0  0.371717  1.730344  2.102061
167.5  0.393954  1.727216  2.121170
168.0  0.422268  1.721418  2.143686
168.5  0.451413  1.716867  2.168280
169.0  0.476837  1.717139  2.193976
169.5  0.495694  1.722382  2.218076
170.0  0.507393  1.730957  2.238350
170.5  0.513617  1.738839  2.252457
171.0  0.517712  1.740670  2.258382
171.5  0.523353  1.733636  2.256989
172.0  0.532772  1.714517  2.247289
172.5  0.545303  1.684121  2.229424
173.0  0.557165  1.649204  2.206369
173.5  0.562850  1.617818  2.180668
174.0  0.557553  1.597101  2.154654
174.5  0.539441  1.590000  2.129442
175.0  0.510688  1.596177  2.106865
175.5  0.476878  1.612157  2.089035
176.0  0.445153  1.629784  2.074937
176.5  0.421921  1.642891  2.064812
177.0  0.410985  1.648294  2.059279
177.5  0.412697  1.645981  2.058678
178.0  0.424262  1.637242  2.061504
178.5  0.440908  1.624976  2.065884
179.0  0.457420  1.613507  2.070927
179.5  0.469556  1.607004  2.076560
180.0  0.475036  1.606081  2.081116
180.5  0.473988  1.608002  2.081990
181.0  0.468786  1.609168  2.077954
181.5  0.463202  1.604542  2.067744
182.0  0.460929  1.589966  2.050895
182.5  0.463843  1.565448  2.029291
183.0  0.470767  1.533435  2.004202
183.5  0.477529  1.500496  1.978025
184.0  0.478492  1.475519  1.954011
184.5  0.468906  1.465121  1.934028
185.0  0.446951  1.472763  1.919714
185.5  0.414560  1.498108  1.912669
186.0  0.376778  1.535566  1.912345
186.5  0.340056  1.577061  1.917117
187.0  0.310243  1.614972  1.925215
187.5  0.291037  1.643733  1.934770
188.0  0.283356  1.660787  1.944142
188.5  0.285687  1.665474  1.951161
189.0  0.295104  1.660413  1.955516
189.5  0.308442  1.649159  1.957601
190.0  0.323280  1.634363  1.957643
190.5  0.338527  1.617746  1.956274
191.0  0.354635  1.599706  1.954342
191.5  0.373424  1.580303  1.953727
192.0  0.397417  1.559544  1.956961
192.5  0.428649  1.536533  1.965181
193.0  0.467223  1.510335  1.977559
193.5  0.510351  1.484929  1.995280
194.0  0.552590  1.465790  2.018380
194.5  0.587438  1.458904  2.046342
195.0  0.609607  1.465643  2.075250
195.5  0.616894  1.486647  2.103541
196.0  0.610800  1.521387  2.132186
196.5  0.595716  1.561740  2.157456
197.0  0.577124  1.599644  2.176768
197.5  0.559598  1.630962  2.190560
198.0  0.545400  1.654322  2.199722
198.5  0.534128  1.669061  2.203189
199.0  0.523412  1.678429  2.201841
199.5  0.510233  1.688753  2.198987
200.0  0.492277  1.702631  2.194909
200.5  0.468885  1.721632  2.190516
201.0  0.441436  1.745838  2.187275
201.5  0.413216  1.775655  2.188871
202.0  0.388813  1.805818  2.194631
202.5  0.373065  1.831412  2.204477
203.0  0.369590  1.849869  2.219459
203.5  0.379310  1.859835  2.239145
204.0  0.399663  1.861805  2.261469
204.5  0.425151  1.859356  2.284508
205.0  0.449177  1.858128  2.307305
205.5  0.466410  1.861056  2.327467
206.0  0.474582  1.866215  2.340797
206.5  0.474961  1.870613  2.345574
207.0  0.471423  1.869658  2.341082
207.5  0.468643  1.859079  2.327722
208.0  0.470186  1.836258  2.306444
208.5  0.477256  1.801863  2.279119
209.0  0.488483  1.759983  2.248466
209.5  0.500668  1.717198  2.217866
210.0  0.510033  1.679570  2.189604
210.5  0.513435  1.653490  2.166926
211.0  0.509187  1.641900  2.151087
211.5  0.497432  1.642841  2.140273
212.0  0.480150  1.654166  2.134316
212.5  0.460824  1.671957  2.132782
213.0  0.443663  1.691011  2.134674
213.5  0.432332  1.703587  2.135919
214.0  0.428527  1.705212  2.133739
214.5  0.431117  1.697161  2.128278
215.0  0.436491  1.683104  2.119595
215.5  0.440137  1.666085  2.106222
216.0  0.438707  1.649142  2.087849
216.5  0.431528  1.634051  2.065580
217.0  0.420855  1.621748  2.042603
217.5  0.410831  1.609656  2.020486
218.0  0.405672  1.594643  2.000315
218.5  0.407901  1.576528  1.984429
219.0  0.417349  1.558609  1.975959
219.5  0.431305  1.544208  1.975513
220.0  0.445644  1.538122  1.983766
220.5  0.456380  1.542772  1.999152
221.0  0.460983  1.560366  2.021350
221.5  0.459032  1.587726  2.046758
222.0  0.452153  1.622507  2.074661
222.5  0.443506  1.657888  2.101395
223.0  0.437042  1.687433  2.124475
223.5  0.436572  1.706272  2.142844
224.0  0.444609  1.711393  2.156002
224.5  0.461210  1.702638  2.163848
225.0  0.483431  1.684365  2.167796
225.5  0.506001  1.662152  2.168153
226.0  0.523191  1.642648  2.165839
226.5  0.531050  1.632612  2.163662
227.0  0.528943  1.633913  2.162857
227.5  0.519676  1.646651  2.166327
228.0  0.508215  1.667467  2.175682
228.5  0.499601  1.692309  2.191909
229.0  0.496909  1.719086  2.215995
229.5  0.500062  1.747227  2.247288
230.0  0.505914  1.779832  2.285746
230.5  0.509521  1.819806  2.329327
231.0  0.506005  1.867682  2.373688
231.5  0.492290  1.923950  2.416240
232.0  0.468105  1.985660  2.453765
232.5  0.436071  2.044780  2.480852
233.0  0.401031  2.096968  2.497998
233.5  0.368904  2.135240  2.504144
234.0  0.345279  2.155217  2.500495
234.5  0.333859  2.155904  2.489763
235.0  0.335138  2.138742  2.473880
235.5  0.345947  2.110564  2.456511
236.0  0.360424  2.079994  2.440418
236.5  0.372233  2.057398  2.429631
237.0  0.377078  2.046586  2.423665
237.5  0.374340  2.049119  2.423459
238.0  0.367140  2.062303  2.429443
238.5  0.360926  2.078635  2.439560
239.0  0.361235  2.090329  2.451564
239.5  0.371573  2.090166  2.461739
240.0  0.392165  2.074984  2.467149
240.5  0.419988  2.046027  2.466015
241.0  0.449922  2.006352  2.456274
241.5  0.476463  1.957990  2.434454
242.0  0.495320  1.905597  2.400918
242.5  0.504419  1.853845  2.358264
243.0  0.504209  1.805832  2.310041
243.5  0.497415  1.763416  2.260831
244.0  0.488389  1.726906  2.215294
244.5  0.482036  1.695395  2.177431
245.0  0.482299  1.665999  2.148297
245.5  0.490539  1.638703  2.129242
246.0  0.504638  1.616382  2.121021
246.5  0.519562  1.602263  2.121825
247.0  0.529375  1.598553  2.127927
247.5  0.529776  1.607948  2.137723
248.0  0.519917  1.629366  2.149283
248.5  0.502702  1.656189  2.158890
249.0  0.483551  1.680381  2.163932
249.5  0.468269  1.697647  2.165916
250.0  0.460909  1.700301  2.161210
250.5  0.462463  1.686977  2.149440
251.0  0.470817  1.663520  2.134337
251.5  0.481842  1.629167  2.111010
252.0  0.491059  1.593179  2.084237
252.5  0.495140  1.559661  2.054801
253.0  0.492797  1.533481  2.026277
253.5  0.484942  1.516697  2.001640
254.0  0.474351  1.509273  1.983624
254.5  0.464986  1.509849  1.974835
255.0  0.460989  1.515182  1.976171
255.5  0.465293  1.523687  1.988980
256.0  0.478183  1.535828  2.014011
256.5  0.496571  1.550132  2.046703
257.0  0.514674  1.569917  2.084590
257.5  0.526042  1.598159  2.124201
258.0  0.526038  1.636906  2.162944
258.5  0.513587  1.684018  2.197605
259.0  0.491449  1.734030  2.225478
259.5  0.465014  1.781836  2.246850
260.0  0.440237  1.822432  2.262668
260.5  0.421592  1.850131  2.271723
261.0  0.410840  1.862934  2.273774
261.5  0.406960  1.866686  2.273646
262.0  0.407087  1.867461  2.274548
262.5  0.407886  1.867358  2.275245
263.0  0.406753  1.871769  2.278522
263.5  0.402517  1.886935  2.289452
264.0  0.395678  1.912931  2.308608
264.5  0.388338  1.947449  2.335786
265.0  0.383857  1.988882  2.372739
265.5  0.386025  2.031131  2.417156
266.0  0.397653  2.067471  2.465124
266.5  0.418981  2.093237  2.512218
267.0  0.446830  2.105654  2.552483
267.5  0.475230  2.106709  2.581940
268.0  0.497465  2.099928  2.597393
268.5  0.508545  2.088609  2.597154
269.0  0.506938  2.073730  2.580668
269.5  0.494813  2.057571  2.552383
270.0  0.476860  2.039074  2.515934
270.5  0.458325  2.017072  2.475397
271.0  0.443098  1.991676  2.434774
271.5  0.432635  1.964798  2.397433
272.0  0.425997  1.940212  2.366208
272.5  0.420841  1.921112  2.341953
273.0  0.414789  1.910335  2.325124
273.5  0.406544  1.909057  2.315601
274.0  0.396436  1.914909  2.311346
274.5  0.386395  1.926411  2.312806
275.0  0.379581  1.937529  2.317110
275.5  0.379776  1.943196  2.322972
276.0  0.390438  1.938493  2.328931
276.5  0.413387  1.919207  2.332594
277.0  0.447520  1.883174  2.330694
277.5  0.488366  1.835113  2.323479
278.0  0.529068  1.779747  2.308815
278.5  0.562553  1.724293  2.286846
279.0  0.583883  1.672423  2.256306
279.5  0.591639  1.627069  2.218708
280.0  0.587817  1.589277  2.177094
280.5  0.576441  1.556513  2.132955
281.0  0.561657  1.527808  2.089465
281.5  0.546134  1.502519  2.048653
282.0  0.530384  1.482351  2.012734
282.5  0.513107  1.470398  1.983505
283.0  0.492276  1.468398  1.960674
283.5  0.466387  1.480683  1.947070
284.0  0.435362  1.503798  1.939160
284.5  0.400846  1.534937  1.935783
285.0  0.365974  1.569081  1.935055
285.5  0.334825  1.602873  1.937699
286.0  0.311697  1.629142  1.940839
286.5  0.300153  1.642562  1.942715
287.0  0.301882  1.639618  1.941500
287.5  0.315764  1.621384  1.937148
288.0  0.337836  1.591210  1.929046
288.5  0.362528  1.554473  1.917001
289.0  0.384757  1.519338  1.904095
289.5  0.401845  1.489134  1.890979
290.0  0.414304  1.462768  1.877071
290.5  0.425143  1.440502  1.865645
291.0  0.438148  1.421279  1.859426
291.5  0.455939  1.403839  1.859778
292.0  0.478691  1.388223  1.866915
292.5  0.503975  1.377698  1.881673
293.0  0.527678  1.377078  1.904756
293.5  0.545497  1.385721  1.931218
294.0  0.554332  1.405222  1.959554
294.5  0.553080  1.434817  1.987897
295.0  0.542742  1.470466  2.013208
295.5  0.526036  1.508393  2.034429
296.0  0.506818  1.544019  2.050837
296.5  0.489368  1.572694  2.062062
297.0  0.477404  1.590467  2.067871
297.5  0.472827  1.598120  2.070948
298.0  0.474724  1.596214  2.070938
298.5  0.479401  1.590454  2.069855
299.0  0.481831  1.587250  2.069080
299.5  0.477969  1.592612  2.070582
300.0  0.466782  1.606849  2.073631
300.5  0.450928  1.628533  2.079461
301.0  0.435792  1.654386  2.090178
301.5  0.427312  1.679965  2.107277
302.0  0.429575  1.701278  2.130853
302.5  0.443171  1.717617  2.160788
303.0  0.464955  1.732284  2.197239
303.5  0.489207  1.752045  2.241252
304.0  0.509594  1.783704  2.293298
304.5  0.521110  1.827651  2.348761
305.0  0.521347  1.881280  2.402627
305.5  0.510874  1.942425  2.453299
306.0  0.492911  2.004184  2.497095
306.5  0.472523  2.059100  2.531623
307.0  0.455434  2.097770  2.553205
307.5  0.446442  2.117120  2.563562
308.0  0.447710  2.116010  2.563720
308.5  0.457665  2.098224  2.555888
309.0  0.471312  2.071342  2.542654
309.5  0.482146  2.044287  2.526433
310.0  0.484850  2.025487  2.510336
310.5  0.477481  2.020788  2.498269
311.0  0.462174  2.027864  2.490037
311.5  0.444138  2.043343  2.487481
312.0  0.429503  2.061872  2.491375
312.5  0.422922  2.078295  2.501217
313.0  0.425871  2.091795  2.517666
313.5  0.436229  2.104809  2.541038
314.0  0.449172  2.119220  2.568392
314.5  0.458883  2.137805  2.596688
315.0  0.460352  2.162264  2.622616
315.5  0.450749  2.191904  2.642653
316.0  0.430141  2.222056  2.652197
316.5  0.401601  2.246021  2.647622
317.0  0.370724  2.256670  2.627394
317.5  0.344471  2.247556  2.592027
318.0  0.329287  2.216469  2.545756
318.5  0.328894  2.164022  2.492916
319.0  0.342712  2.096376  2.439089
319.5  0.365894  2.025256  2.391149
320.0  0.391200  1.961608  2.352807
320.5  0.411887  1.914436  2.326323
321.0  0.424206  1.887402  2.311608
321.5  0.428432  1.879960  2.308392
322.0  0.428204  1.884984  2.313188
322.5  0.428652  1.892240  2.320892
323.0  0.434215  1.895951  2.330166
323.5  0.446985  1.889277  2.336262
324.0  0.466103  1.872787  2.338890
324.5  0.488245  1.847895  2.336140
325.0  0.508825  1.817384  2.326209
325.5  0.523377  1.785164  2.308541
326.0  0.528731  1.756672  2.285403
326.5  0.523852  1.734471  2.258323
327.0  0.510292  1.717670  2.227962
327.5  0.492156  1.705054  2.197210
328.0  0.475296  1.694158  2.169453
328.5  0.465604  1.682384  2.147989
329.0  0.466796  1.668092  2.134888
329.5  0.478695  1.653624  2.132320
330.0  0.497108  1.644784  2.141892
330.5  0.515547  1.645510  2.161057
331.0  0.527970  1.662296  2.190266
331.5  0.531131  1.694756  2.225887
332.0  0.525476  1.740114  2.265590
332.5  0.514395  1.790473  2.304868
333.0  0.502410  1.841325  2.343735
333.5  0.493214  1.884004  2.377218
334.0  0.488371  1.864254  2.352625
334.5  0.487041  1.883182  2.370222
335.0  0.486625  1.870004  2.356630
335.5  0.483873  1.877299  2.361172
336.0  0.475980  1.882901  2.358881
336.5  0.461434  1.892936  2.354370
337.0  0.440563  1.914193  2.354756
337.5  0.415772  1.936112  2.351883
338.0  0.391335  1.955021  2.346356
338.5  0.372473  1.982426  2.354899
339.0  0.363689  1.970414  2.334104
339.5  0.366864  1.991330  2.358193
340.0  0.380099  1.941607  2.321706
340.5  0.398192  1.963613  2.361805
341.0  0.414714  1.904071  2.318785
341.5  0.424709  1.931372  2.356081
342.0  0.426670  1.896478  2.323147
342.5  0.422892  1.923276  2.346168
343.0  0.418214  1.918252  2.336466
343.5  0.417827  1.918383  2.336210
344.0  0.425152  1.925053  2.350205
344.5  0.440623  1.891280  2.331903
345.0  0.461711  1.895672  2.357383
345.5  0.483961  1.847893  2.331854
346.0  0.502468  1.854540  2.357008
346.5  0.513211  1.825057  2.338268
347.0  0.513986  1.842188  2.356173
347.5  0.504934  1.841550  2.346485
348.0  0.488726  1.864481  2.353207
348.5  0.470232  1.883347  2.353579
349.0  0.455452  1.899433  2.354885
349.5  0.449645  1.905546  2.355191
350.0  0.455242  1.902042  2.357284
350.5  0.470564  1.881477  2.352041
351.0  0.490232  1.874306  2.364538
351.5  0.507251  1.838411  2.345661
352.0  0.515795  1.851725  2.367520
352.5  0.513379  1.823438  2.336817
353.0  0.501517  1.870542  2.372060
353.5  0.484763  1.850649  2.335412
354.0  0.468694  1.905248  2.373942
354.5  0.457740  1.878588  2.336328
355.0  0.453726  1.918108  2.371834
355.5  0.455582  1.890131  2.345713
356.0  0.460141  1.904057  2.364198
356.5  0.463475  1.890801  2.354276
357.0  0.462212  1.895486  2.357699
357.5  0.454507  1.907441  2.361948
358.0  0.440642  1.915025  2.355667
358.5  0.423261  1.941413  2.364674
359.0  0.407053  1.948102  2.355154
359.5  0.397631  1.965061  2.362692
360.0  0.399638  1.960419  2.360057
360.5  0.414701  1.942698  2.357399
361.0  0.440318  1.922505  2.362823
361.5  0.470426  1.879260  2.349686
362.0  0.497547  1.864753  2.362300
362.5  0.515480  1.827812  2.343292
363.0  0.521299  1.837240  2.358539
363.5  0.515898  1.827253  2.343150
364.0  0.503053  1.846973  2.350025
364.5  0.487569  1.861779  2.349348
365.0  0.473337  1.864191  2.337528
365.5  0.462054  1.893769  2.355823
366.0  0.452992  1.874841  2.327833
366.5  0.443694  1.917613  2.361307
367.0  0.431141  1.892570  2.323711
367.5  0.412911  1.946052  2.358963
368.0  0.388099  1.940888  2.328988
368.5  0.357923  1.995081  2.353005
369.0  0.325932  2.012273  2.338204
369.5  0.297550  2.050962  2.348512
370.0  0.278783  2.071319  2.350102
370.5  0.274264  2.072158  2.346423
371.0  0.285391  2.069844  2.355234
371.5  0.309566  2.039110  2.348677
372.0  0.341116  2.011584  2.352700
372.5  0.373537  1.982484  2.356021
373.0  0.402013  1.949994  2.352007
373.5  0.425023  1.936437  2.361460
374.0  0.444419  1.904311  2.348731
374.5  0.464101  1.902631  2.366732
375.0  0.487928  1.859745  2.347673
375.5  0.517792  1.844679  2.362472
376.0  0.552597  1.799210  2.351807
376.5  0.588455  1.765573  2.354028
377.0  0.619864  1.739084  2.358947
377.5  0.641257  1.702071  2.343328
378.0  0.648395  1.719846  2.368241
378.5  0.639351  1.697100  2.336451
379.0  0.615073  1.759901  2.374974
379.5  0.579443  1.755186  2.334629
380.0  0.538656  1.838484  2.377140
380.5  0.499757  1.841964  2.341721
381.0  0.468597  1.907685  2.376282
381.5  0.447955  1.903140  2.351094
382.0  0.436771  1.936323  2.373094
382.5  0.431032  1.929660  2.360692
383.0  0.425929  1.944658  2.370587
383.5  0.418260  1.949403  2.367663
384.0  0.407959  1.960565  2.368525
384.5  0.398119  1.970491  2.368610
385.0  0.393603  1.976066  2.369669
385.5  0.398881  1.966664  2.365545
386.0  0.416006  1.954665  2.370670
386.5  0.443559  1.912232  2.355791
387.0  0.476940  1.895573  2.372513
387.5  0.509729  1.832660  2.342390
388.0  0.535455  1.838166  2.373621
388.5  0.549150  1.783532  2.332682
389.0  0.548380  1.823987  2.372367
389.5  0.533743  1.795887  2.329630
390.0  0.508789  1.856780  2.365569
390.5  0.479243  1.856195  2.335438
391.0  0.451464  1.905785  2.357249
391.5  0.430441  1.917391  2.347833
392.0  0.418085  1.927471  2.345555
392.5  0.412652  1.942393  2.355045
393.0  0.409723  1.930507  2.340229
393.5  0.404324  1.958523  2.362846
394.0  0.393256  1.949049  2.342305
394.5  0.376617  1.982812  2.359429
395.0  0.357952  1.988733  2.346684
395.5  0.343046  2.013769  2.356815
396.0  0.337830  2.017909  2.355739
396.5  0.346182  2.005070  2.351252
397.0  0.368481  1.987468  2.355948
397.5  0.401431  1.946995  2.348426
398.0  0.439114  1.913418  2.352532
398.5  0.474718  1.876314  2.351032
399.0  0.502280  1.837893  2.340173
399.5  0.518025  1.838984  2.357010
400.0  0.521154  1.807601  2.328756
400.5  0.513991  1.854429  2.368420
401.0  0.501348  1.822159  2.323507
401.5  0.489059  1.882438  2.371496
402.0  0.481984  1.845492  2.327476
402.5  0.482229  1.887277  2.369506
403.0  0.488402  1.850253  2.338656
403.5  0.496327  1.866760  2.363088
404.0  0.500896  1.851749  2.352645
404.5  0.498225  1.858251  2.356477
405.0  0.487230  1.877758  2.364987
405.5  0.470061  1.888188  2.358249
406.0  0.451329  1.921129  2.372458
406.5  0.436416  1.925963  2.362380
407.0  0.429529  1.942788  2.372317
407.5  0.432245  1.936226  2.368471
408.0  0.443114  1.923087  2.366201
408.5  0.458352  1.916485  2.374837
409.0  0.473160  1.884340  2.357500
409.5  0.483101  1.893754  2.376855
410.0  0.485175  1.862667  2.347842
410.5  0.478530  1.899145  2.377675
411.0  0.464754  1.879671  2.344425
411.5  0.447599  1.927590  2.375188
412.0  0.431986  1.911539  2.343525
412.5  0.422447  1.940841  2.363288
413.0  0.421533  1.930812  2.352345
413.5  0.428906  1.921145  2.350051
414.0  0.441562  1.920802  2.362365
414.5  0.455079  1.880258  2.335337
415.0  0.465309  1.905916  2.371224
415.5  0.469803  1.862190  2.331994
416.0  0.468431  1.905922  2.374352
416.5  0.463033  1.871285  2.334318
417.0  0.456335  1.914553  2.370888
417.5  0.450604  1.891803  2.342408
418.0  0.446679  1.918345  2.365024
418.5  0.443765  1.906962  2.350727
419.0  0.439958  1.918359  2.358317
419.5  0.433112  1.922298  2.355410
420.0  0.421632  1.934108  2.355740
420.5  0.405047  1.949702  2.354749
421.0  0.384368  1.972692  2.357060
421.5  0.362224  1.986527  2.348751
422.0  0.342580  2.019948  2.362529
422.5  0.329905  2.008958  2.338862
423.0  0.327873  2.040768  2.368641
423.5  0.338094  1.989979  2.328073
424.0  0.359448  2.009711  2.369159
424.5  0.388433  1.936602  2.325034
425.0  0.420410  1.944718  2.365128
425.5  0.451206  1.881617  2.332823
426.0  0.478405  1.874312  2.352717
426.5  0.501830  1.847350  2.349180
427.0  0.523045  1.819173  2.342217
427.5  0.544118  1.823038  2.367156
428.0  0.566198  1.769997  2.336195
428.5  0.588579  1.789203  2.377782
429.0  0.608685  1.729347  2.338032
429.5  0.622889  1.758980  2.381870
430.0  0.627687  1.721399  2.349087
430.5  0.620706  1.760686  2.381392
431.0  0.601344  1.757903  2.359248
431.5  0.571058  1.807866  2.378924
432.0  0.533329  1.838458  2.371787
432.5  0.493221  1.883598  2.376818
433.0  0.456420  1.921607  2.378027
433.5  0.427871  1.943462  2.371333
434.0  0.410440  1.969360  2.379800
434.5  0.404182  1.965362  2.369543
435.0  0.406577  1.966545  2.373122
435.5  0.413681  1.955296  2.368977
436.0  0.421687  1.939302  2.360989
436.5  0.428259  1.943681  2.371941
437.0  0.433121  1.911371  2.344492
437.5  0.437698  1.942552  2.380250
438.0  0.443992  1.887243  2.331235
438.5  0.453228  1.932642  2.385870
439.0  0.464936  1.858710  2.323646
439.5  0.476919  1.908066  2.384985
440.0  0.486037  1.841183  2.327220
440.5  0.489320  1.891428  2.380748
441.0  0.484884  1.856238  2.341122
441.5  0.472409  1.901473  2.373882
442.0  0.453223  1.902671  2.355895
442.5  0.430130  1.938082  2.368212
443.0  0.406949  1.959925  2.366874
443.5  0.387741  1.978916  2.366657
444.0  0.375767  1.996204  2.371970
444.5  0.372503  1.995625  2.368128
445.0  0.377163  1.990372  2.367535
445.5  0.387019  1.984784  2.371803
446.0  0.398461  1.962224  2.360685
446.5  0.408390  1.967478  2.375868
447.0  0.415346  1.929876  2.345222
447.5  0.419939  1.957397  2.377335
448.0  0.424360  1.909621  2.333981
448.5  0.431198  1.943759  2.374956
449.0  0.442071  1.885387  2.327458
449.5  0.456738  1.905494  2.362231
450.0  0.473066  1.861140  2.334206
450.5  0.487784  1.854344  2.342128
451.0  0.497524  1.852995  2.350519
451.5  0.499711  1.822400  2.322112
452.0  0.493116  1.875135  2.368251
452.5  0.478124  1.838103  2.316227
453.0  0.456803  1.921025  2.377828
453.5  0.432674  1.891646  2.324319
454.0  0.410078  1.969743  2.379821
454.5  0.393127  1.950518  2.343645
455.0  0.384550  1.995387  2.379937
455.5  0.384918  1.976219  2.361137
456.0  0.392649  1.986256  2.378906
456.5  0.404850  1.967784  2.372634
457.0  0.418639  1.961082  2.379721
457.5  0.432368  1.947895  2.380263
458.0  0.446193  1.933628  2.379821
458.5  0.461709  1.919881  2.381590
459.0  0.480828  1.898785  2.379613
459.5  0.504443  1.868833  2.373276
460.0  0.531595  1.849672  2.381267
460.5  0.559520  1.802028  2.361548
461.0  0.584419  1.798301  2.382720
461.5  0.602426  1.741096  2.343522
462.0  0.610377  1.777122  2.387499
462.5  0.606305  1.723085  2.329390
463.0  0.589806  1.801689  2.391496
463.5  0.562285  1.758915  2.321200
464.0  0.526910  1.863473  2.390383
464.5  0.488067  1.840872  2.328939
465.0  0.450313  1.936474  2.386786
465.5  0.417168  1.923840  2.341008
466.0  0.390252  1.986883  2.377135
466.5  0.369193  1.987278  2.356471
467.0  0.352383  2.018450  2.370834
467.5  0.338241  2.029656  2.367896
468.0  0.326383  2.040419  2.366802
468.5  0.318113  2.053227  2.371340
469.0  0.315919  2.051614  2.367533
469.5  0.322203  2.049901  2.372105
470.0  0.337915  2.032312  2.370227
470.5  0.361860  2.000515  2.362376
471.0  0.391027  1.983184  2.374211
471.5  0.421589  1.930318  2.351907
472.0  0.449920  1.926110  2.376031
472.5  0.473192  1.865560  2.338752
473.0  0.489581  1.886782  2.376363
473.5  0.498381  1.831249  2.329630
474.0  0.500122  1.867960  2.368082
474.5  0.496577  1.834413  2.330990
475.0  0.490408  1.861320  2.351728
475.5  0.484395  1.861838  2.346233
476.0  0.480481  1.853091  2.333573
476.5  0.479073  1.882592  2.361666
477.0  0.478975  1.841067  2.320042
477.5  0.478074  1.896897  2.374971
478.0  0.474512  1.847371  2.321883
478.5  0.467810  1.909677  2.377486
479.0  0.459381  1.874231  2.333611
479.5  0.452110  1.923855  2.375965
480.0  0.449144  1.901184  2.350328
480.5  0.452494  1.922193  2.374687
481.0  0.462232  1.902198  2.364430
481.5  0.476634  1.895707  2.372341
482.0  0.493021  1.878343  2.371364
482.5  0.508683  1.865421  2.374105
483.0  0.521430  1.854067  2.375497
483.5  0.529789  1.845284  2.375073
484.0  0.533097  1.835765  2.368862
484.5  0.531614  1.847436  2.379050
485.0  0.526563  1.832391  2.358954
485.5  0.519870  1.863839  2.383708
486.0  0.513524  1.831509  2.345033
486.5  0.508768  1.879569  2.388337
487.0  0.505484  1.826758  2.332242
487.5  0.502168  1.889394  2.391562
488.0  0.496576  1.831514  2.328091
488.5  0.486827  1.902056  2.388883
489.0  0.472456  1.859942  2.332398
489.5  0.454876  1.926403  2.381279
490.0  0.436964  1.908852  2.345816
490.5  0.421903  1.952356  2.374259
491.0  0.411897  1.951560  2.363457
491.5  0.407444  1.959018  2.366461
492.0  0.407471  1.965305  2.372776
492.5  0.410067  1.952789  2.362856
493.0  0.413232  1.962361  2.375594
493.5  0.415309  1.948784  2.364093
494.0  0.415134  1.959781  2.374916
494.5  0.412179  1.957192  2.369371
495.0  0.406750  1.959734  2.366485
495.5  0.400106  1.972331  2.372438
496.0  0.394231  1.961875  2.356106
496.5  0.391182  1.984242  2.375424
497.0  0.392237  1.952625  2.344862
497.5  0.397243  1.975282  2.372525
498.0  0.404554  1.932491  2.337044
498.5  0.411657  1.948650  2.360307
499.0  0.416268  1.924611  2.340878
499.5  0.417380  1.926671  2.344051
500.0  0.415744  1.937448  2.353192
500.5  0.413482  1.910928  2.324411
501.0  0.413015  1.953265  2.366279
501.5  0.415911  1.899767  2.315678
502.0  0.422311  1.949089  2.371400
502.5  0.431155  1.891410  2.322566
503.0  0.440855  1.926669  2.367523
503.5  0.449843  1.887969  2.337812
504.0  0.456758  1.904211  2.360970
504.5  0.460452  1.893198  2.353650
505.0  0.460156  1.897368  2.357524
505.5  0.455878  1.910445  2.366323
506.0  0.448760  1.911731  2.360491
506.5  0.441013  1.931019  2.372032
507.0  0.435299  1.934099  2.369398
507.5  0.433775  1.936996  2.370771
508.0  0.437262  1.937497  2.374760
508.5  0.445010  1.917442  2.362452
509.0  0.455191  1.927882  2.383073
509.5  0.465923  1.890863  2.356786
510.0  0.476294  1.908978  2.385272
510.5  0.486821  1.864141  2.350962
511.0  0.499049  1.884841  2.383889
511.5  0.514472  1.836236  2.350707
512.0  0.533421  1.842183  2.375604
512.5  0.554583  1.803259  2.357843
513.0  0.575342  1.788050  2.363392
513.5  0.592559  1.775435  2.367994
514.0  0.603236  1.747764  2.351000
514.5  0.604858  1.771460  2.376319
515.0  0.595646  1.748041  2.343687
515.5  0.574970  1.809484  2.384453
516.0  0.543877  1.802782  2.346659
516.5  0.505350  1.879387  2.384737
517.0  0.463921  1.887839  2.351759
517.5  0.424615  1.956901  2.381516
518.0  0.391594  1.969447  2.361041
518.5  0.367085  2.006491  2.373577
519.0  0.351082  2.014071  2.365154
519.5  0.341944  2.025474  2.367418
520.0  0.337593  2.031653  2.369246
520.5  0.336724  2.026580  2.363304
521.0  0.339400  2.023528  2.362928
521.5  0.346743  2.015455  2.362198
522.0  0.359957  1.995048  2.355005
522.5  0.379318  1.987614  2.366931
523.0  0.403763  1.934558  2.338321
523.5  0.431161  1.938958  2.370119
524.0  0.458852  1.871286  2.330139
524.5  0.483985  1.890094  2.374079
525.0  0.503649  1.824896  2.328545
525.5  0.515136  1.851559  2.366695
526.0  0.516574  1.822585  2.339158
526.5  0.507741  1.851448  2.359189
527.0  0.490541  1.865816  2.356357
527.5  0.468717  1.880441  2.349158
528.0  0.446809  1.921657  2.368467
528.5  0.428773  1.919101  2.347873
529.0  0.416893  1.959125  2.376018
529.5  0.411462  1.938206  2.349669
530.0  0.411324  1.962953  2.374276
530.5  0.414959  1.945722  2.360681
531.0  0.421526  1.951156  2.372681
531.5  0.431282  1.936401  2.367683
532.0  0.445179  1.924580  2.369759
532.5  0.463931  1.910498  2.374429
533.0  0.487239  1.880051  2.367290
533.5  0.513655  1.856071  2.369726
534.0  0.541026  1.828269  2.369295
534.5  0.566976  1.797414  2.364391
535.0  0.589008  1.785550  2.374558
535.5  0.604379  1.751030  2.355408
536.0  0.610243  1.771934  2.382177
536.5  0.604364  1.741706  2.346070
537.0  0.586118  1.800768  2.386886
537.5  0.557159  1.787294  2.344453
538.0  0.521223  1.865514  2.386737
538.5  0.483072  1.863419  2.346492
539.0  0.447033  1.934988  2.382020
539.5  0.415813  1.941484  2.357297
540.0  0.390113  1.985167  2.375280
540.5  0.369147  1.995035  2.364183
541.0  0.351763  2.016840  2.368603
541.5  0.337549  2.034587  2.372135
542.0  0.327341  2.039545  2.366886
542.5  0.322858  2.050985  2.373843
543.0  0.325776  2.043456  2.369232
543.5  0.336880  2.034533  2.371413
544.0  0.355792  2.015239  2.371031
544.5  0.381207  1.983555  2.364762
545.0  0.411128  1.967143  2.378271
545.5  0.442808  1.916077  2.358885
546.0  0.472661  1.904659  2.377320
546.5  0.496641  1.858925  2.355567
547.0  0.511282  1.861676  2.372958
547.5  0.514921  1.841137  2.356057
548.0  0.508377  1.854774  2.363151
548.5  0.494630  1.867003  2.361633
549.0  0.477617  1.873108  2.350725
549.5  0.460742  1.908275  2.369017
550.0  0.445771  1.897212  2.342983
550.5  0.432578  1.942121  2.374699
551.0  0.419790  1.921063  2.340852
551.5  0.405960  1.965149  2.371109
552.0  0.390692  1.953944  2.344636
552.5  0.375129  1.990224  2.365353
553.0  0.361576  1.990778  2.352354
553.5  0.352548  2.006016  2.358564
554.0  0.349890  2.010189  2.360079
554.5  0.354470  2.004001  2.358471
555.0  0.366344  1.993821  2.360165
555.5  0.384909  1.977520  2.362429
556.0  0.408711  1.950617  2.359328
556.5  0.435214  1.932485  2.367699
557.0  0.461083  1.890021  2.351104
557.5  0.483157  1.888356  2.371513
558.0  0.499646  1.851440  2.351086
558.5  0.510784  1.860780  2.371564
559.0  0.518524  1.836827  2.355351
559.5  0.525406  1.845891  2.371297
560.0  0.533234  1.831669  2.364903
560.5  0.542199  1.819514  2.361713
561.0  0.550853  1.825447  2.376301
561.5  0.556902  1.800569  2.357471
562.0  0.558416  1.825195  2.383610
562.5  0.554851  1.798466  2.353316
563.0  0.547347  1.842646  2.389993
563.5  0.538144  1.821488  2.359632
564.0  0.529493  1.861160  2.390653
564.5  0.522780  1.843817  2.366597
565.0  0.518327  1.868218  2.386545
565.5  0.515721  1.859805  2.375526
566.0  0.514102  1.867990  2.382092
566.5  0.512126  1.865458  2.377584
567.0  0.507883  1.870154  2.378037
567.5  0.499292  1.881132  2.380424
568.0  0.485057  1.893553  2.378610
568.5  0.465639  1.910142  2.375781
569.0  0.443533  1.937309  2.380842
569.5  0.422536  1.945116  2.367651
570.0  0.406323  1.978605  2.384928
570.5  0.397047  1.961875  2.358922
571.0  0.394603  1.994130  2.388733
571.5  0.396885  1.955058  2.351943
572.0  0.400865  1.988951  2.389816
572.5  0.403973  1.943861  2.347834
573.0  0.405142  1.977608  2.382751
573.5  0.405002  1.951256  2.356258
574.0  0.405190  1.968902  2.374092
574.5  0.407283  1.956408  2.363692
575.0  0.412086  1.954230  2.366316
575.5  0.419646  1.953596  2.373242
576.0  0.429660  1.932063  2.361723
576.5  0.441619  1.934545  2.376164
577.0  0.454443  1.906033  2.360476
577.5  0.466096  1.905185  2.371281
578.0  0.473852  1.890743  2.364595
578.5  0.475343  1.892281  2.367625
579.0  0.469806  1.896779  2.366585
579.5  0.458671  1.904949  2.363621
580.0  0.445101  1.923962  2.369063
580.5  0.432719  1.931243  2.363962
581.0  0.424234  1.940076  2.364309
581.5  0.420620  1.948213  2.368833
582.0  0.421193  1.935738  2.356931
582.5  0.424433  1.949216  2.373649
583.0  0.429088  1.919058  2.348145
583.5  0.434922  1.945344  2.380266
584.0  0.442683  1.900768  2.343452
584.5  0.453313  1.928834  2.382147
585.0  0.466976  1.880547  2.347523
585.5  0.482650  1.892805  2.375455
586.0  0.498567  1.859490  2.358057
586.5  0.513040  1.856891  2.369931
587.0  0.524922  1.847617  2.372539
587.5  0.533345  1.830242  2.363588
588.0  0.537207  1.843961  2.381169
588.5  0.535099  1.830014  2.365113
589.0  0.525939  1.858910  2.384848
589.5  0.509864  1.857568  2.367432
590.0  0.488674  1.894385  2.383058
590.5  0.465418  1.912389  2.377807
591.0  0.443337  1.935920  2.379257
591.5  0.424733  1.957486  2.382219
592.0  0.410367  1.964267  2.374633
592.5  0.399648  1.986818  2.386465
593.0  0.391477  1.980755  2.372231
593.5  0.385269  1.996204  2.381473
594.0  0.381561  1.991184  2.372745
594.5  0.381792  1.992774  2.374566
595.0  0.387347  1.990155  2.377502
595.5  0.398496  1.961733  2.360229
596.0  0.413975  1.972530  2.386505
596.5  0.431504  1.918896  2.350400
597.0  0.448729  1.941753  2.390482
597.5  0.463811  1.879083  2.342894
598.0  0.475327  1.918820  2.394147
598.5  0.481907  1.867661  2.349568
599.0  0.482242  1.904261  2.386503
599.5  0.475652  1.883363  2.359015
600.0  0.462788  1.920341  2.383130
600.5  0.445823  1.925920  2.371744
601.0  0.427876  1.949721  2.377597
601.5  0.411921  1.968886  2.380806
602.0  0.399760  1.978972  2.378733
602.5  0.391596  1.989103  2.380699
603.0  0.386388  1.991747  2.378135
603.5  0.382826  1.994615  2.377442
604.0  0.380403  2.000949  2.381352
604.5  0.379995  1.986329  2.366323
605.0  0.383571  2.003732  2.387302
605.5  0.393154  1.965155  2.358309
606.0  0.409672  1.978423  2.388096
606.5  0.432456  1.921327  2.353783
607.0  0.459619  1.922080  2.381699
607.5  0.488832  1.868712  2.357544
608.0  0.517786  1.850013  2.367798
608.5  0.544105  1.825912  2.370018
609.0  0.565181  1.787899  2.353080
609.5  0.578459  1.805923  2.384382
610.0  0.582248  1.762744  2.344992
610.5  0.576529  1.818451  2.394980
611.0  0.563150  1.783489  2.346639
611.5  0.545197  1.852076  2.397272
612.0  0.525839  1.838853  2.364692
612.5  0.507231  1.895528  2.402759
613.0  0.489995  1.889637  2.379632
613.5  0.473511  1.924715  2.398226
614.0  0.456866  1.933995  2.390861
614.5  0.439976  1.956426  2.396402
615.0  0.424264  1.972459  2.396724
615.5  0.412441  1.984835  2.397275
616.0  0.407451  1.989413  2.396864
616.5  0.411232  1.988970  2.400202
617.0  0.424049  1.968206  2.392255
617.5  0.444685  1.956107  2.400791
618.0  0.471024  1.910341  2.381365
618.5  0.500389  1.909837  2.410226
619.0  0.529489  1.843017  2.372506
619.5  0.554454  1.855157  2.409611
620.0  0.571422  1.789284  2.360706
620.5  0.577586  1.837969  2.415555
621.0  0.572119  1.786161  2.358280
621.5  0.556383  1.851310  2.407693
622.0  0.533293  1.830146  2.363439
622.5  0.506181  1.891638  2.397818
623.0  0.477717  1.895404  2.373121
623.5  0.449358  1.939860  2.389218
624.0  0.421509  1.967852  2.389361
624.5  0.394244  1.984403  2.378646
625.0  0.368138  2.025344  2.393483
625.5  0.344673  2.030741  2.375413
626.0  0.325867  2.070855  2.396722
626.5  0.313376  2.062321  2.375698
627.0  0.307742  2.081975  2.389716
627.5  0.308430  2.073047  2.381477
628.0  0.314621  2.071610  2.386231
628.5  0.325951  2.063833  2.389784
629.0  0.342471  2.033267  2.375739
629.5  0.363864  2.023720  2.387584
630.0  0.388702  1.979317  2.368019
630.5  0.414508  1.968280  2.382788
631.0  0.438617  1.928779  2.367396
631.5  0.459220  1.910152  2.369372
632.0  0.475867  1.900131  2.375998
632.5  0.489182  1.865429  2.354611
633.0  0.500072  1.886192  2.386264
633.5  0.508926  1.831411  2.340337
634.0  0.515276  1.875362  2.390638
634.5  0.518083  1.816288  2.334372
635.0  0.516511  1.872630  2.389141
635.5  0.510715  1.835206  2.345921
636.0  0.502107  1.879269  2.381376
636.5  0.492801  1.870014  2.362815
637.0  0.484491  1.888511  2.373002
637.5  0.477566  1.902845  2.380411
638.0  0.471164  1.902214  2.373378
638.5  0.464145  1.924977  2.389122
639.0  0.456142  1.919255  2.375397
639.5  0.447828  1.946792  2.394620
640.0  0.440289  1.948200  2.388489
640.5  0.434186  1.956735  2.390921
641.0  0.429469  1.965047  2.394515
641.5  0.425799  1.958302  2.384101
642.0  0.423214  1.980343  2.403557
642.5  0.422442  1.952009  2.374452
643.0  0.424617  1.979648  2.404265
643.5  0.430589  1.937248  2.367837
644.0  0.440268  1.964619  2.404886
644.5  0.452402  1.913696  2.366098
645.0  0.464954  1.930548  2.395503
645.5  0.475949  1.895042  2.370991
646.0  0.484358  1.902468  2.386826
646.5  0.490493  1.894525  2.385018
647.0  0.495586  1.874379  2.369965
647.5  0.500755  1.894082  2.394837
648.0  0.506098  1.856181  2.362279
648.5  0.510596  1.892290  2.402885
649.0  0.512852  1.847291  2.360143
649.5  0.511962  1.895030  2.406992
650.0  0.507773  1.860051  2.367824
650.5  0.500481  1.903452  2.403934
651.0  0.490141  1.886364  2.376505
651.5  0.476656  1.921350  2.398006
652.0  0.460257  1.925058  2.385315
652.5  0.441986  1.949981  2.391968
653.0  0.423718  1.967163  2.390881
653.5  0.407605  1.976816  2.384422
654.0  0.395259  1.995446  2.390705
654.5  0.387091  1.993385  2.380476
655.0  0.382210  2.001747  2.383957
655.5  0.378948  1.998552  2.377500
656.0  0.375848  1.996133  2.371981
656.5  0.372604  2.013733  2.386337
657.0  0.370418  1.979108  2.349526
657.5  0.371455  2.017193  2.388648
658.0  0.377672  1.959107  2.336779
658.5  0.389792  1.999319  2.389111
659.0  0.407127  1.925327  2.332454
659.5  0.428214  1.952048  2.380262
660.0  0.451570  1.894712  2.346282
660.5  0.475897  1.891310  2.367208
661.0  0.499770  1.863181  2.362951
661.5  0.521385  1.833893  2.355278
662.0  0.538844  1.840892  2.379736
662.5  0.550850  1.806057  2.356906
663.0  0.557290  1.830707  2.387998
663.5  0.559269  1.805300  2.364569
664.0  0.558525  1.832600  2.391125
664.5  0.556555  1.821469  2.378024
665.0  0.553906  1.836991  2.390897
665.5  0.549955  1.839572  2.389527
666.0  0.543327  1.841173  2.384500
666.5  0.532758  1.860376  2.393134
667.0  0.517989  1.863506  2.381495
667.5  0.500162  1.897433  2.397595
668.0  0.481426  1.897781  2.379206
668.5  0.463983  1.920421  2.384404
669.0  0.449275  1.930318  2.379593
669.5  0.437866  1.940348  2.378214
670.0  0.429925  1.958902  2.388826
670.5  0.425613  1.935409  2.361022
671.0  0.424893  1.974345  2.399238
671.5  0.427001  1.927480  2.354481
672.0  0.430274  1.972732  2.403006
672.5  0.432699  1.918694  2.351393
673.0  0.432865  1.973248  2.406113
673.5  0.430630  1.929272  2.359902
674.0  0.427076  1.973270  2.400346
674.5  0.423777  1.946854  2.370632
675.0  0.421854  1.975753  2.397606
675.5  0.421295  1.962438  2.383733
676.0  0.420913  1.971875  2.392788
676.5  0.418968  1.969590  2.388558
677.0  0.414173  1.974302  2.388475
677.5  0.406574  1.982644  2.389217
678.0  0.397723  1.991180  2.388903
678.5  0.389984  1.991861  2.381845
679.0  0.385357  2.001629  2.386986
679.5  0.384699  1.984032  2.368731
680.0  0.387853  2.001795  2.389647
680.5  0.394386  1.962839  2.357225
681.0  0.404071  1.985909  2.389980
681.5  0.416603  1.931534  2.348137
682.0  0.430921  1.952485  2.383406
682.5  0.444977  1.908694  2.353671
683.0  0.456343  1.914787  2.371129
683.5  0.463289  1.902252  2.365542
684.0  0.465580  1.889319  2.354899
684.5  0.464477  1.918162  2.382639
685.0  0.462002  1.887415  2.349417
685.5  0.459909  1.930755  2.390664
686.0  0.458889  1.891243  2.350132
686.5  0.458395  1.933811  2.392206
687.0  0.457144  1.908131  2.365275
687.5  0.454051  1.938232  2.392283
688.0  0.449088  1.927661  2.376750
688.5  0.443528  1.942168  2.385696
689.0  0.439350  1.947576  2.386926
689.5  0.438210  1.952240  2.390450
690.0  0.440779  1.950104  2.390883
690.5  0.446954  1.943623  2.390577
691.0  0.456606  1.931285  2.387891
691.5  0.469951  1.931592  2.401542
692.0  0.487027  1.896377  2.383404
692.5  0.506740  1.896364  2.403103
693.0  0.526435  1.849646  2.376081
693.5  0.542558  1.866813  2.409371
694.0  0.552028  1.822393  2.374421
694.5  0.553413  1.855994  2.409407
695.0  0.547246  1.831938  2.379184
695.5  0.535418  1.870059  2.405477
696.0  0.520118  1.868218  2.388336
696.5  0.502930  1.895427  2.398357
697.0  0.484504  1.912925  2.397429
697.5  0.464905  1.924980  2.389885
698.0  0.444373  1.965055  2.409428
698.5  0.423972  1.963847  2.387819
699.0  0.405613  2.006656  2.412269
699.5  0.391338  1.995601  2.386939
700.0  0.382366  2.029164  2.411530
700.5  0.378732  2.011533  2.390264
701.0  0.379912  2.027289  2.407201
701.5  0.385873  2.009761  2.395634
702.0  0.397461  2.001388  2.398849
702.5  0.415597  1.984025  2.399621
703.0  0.439900  1.955463  2.395364
703.5  0.467924  1.933836  2.401760
704.0  0.495697  1.896196  2.391892
704.5  0.519199  1.877388  2.396587
705.0  0.535776  1.854373  2.390149
705.5  0.544669  1.840779  2.385448
706.0  0.546558  1.847150  2.393709
706.5  0.542577  1.831670  2.374247
707.0  0.533436  1.863660  2.397096
707.5  0.519125  1.843281  2.362407
708.0  0.499325  1.900736  2.400061
708.5  0.474245  1.885572  2.359817
709.0  0.445364  1.949384  2.394748
709.5  0.415468  1.949703  2.365171
710.0  0.387826  1.998567  2.386392
710.5  0.364998  2.012615  2.377613
711.0  0.348207  2.029947  2.378155
711.5  0.337774  2.046494  2.384268
712.0  0.334130  2.040237  2.374367
712.5  0.338320  2.052708  2.391028
713.0  0.351405  2.028924  2.380329
713.5  0.373269  2.012930  2.386199
714.0  0.401938  1.981660  2.383598
714.5  0.434053  1.950130  2.384183
715.0  0.466150  1.923950  2.390101
715.5  0.495846  1.888063  2.383909
716.0  0.522216  1.872103  2.394319
716.5  0.545290  1.844798  2.390087
717.0  0.565111  1.824106  2.389217
717.5  0.580976  1.812730  2.393706
718.0  0.591284  1.792064  2.383348
718.5  0.594107  1.812784  2.406891
719.0  0.588185  1.789885  2.378070
719.5  0.573779  1.837079  2.410858
720.0  0.552758  1.820257  2.373015
720.5  0.527765  1.885581  2.413347
721.0  0.500996  1.876444  2.377440
721.5  0.473552  1.936314  2.409866
722.0  0.445901  1.938821  2.384722
722.5  0.418921  1.986014  2.404934
723.0  0.394442  2.000882  2.395324
723.5  0.374668  2.026554  2.401222
724.0  0.360986  2.042176  2.403162
724.5  0.353234  2.045613  2.398847
725.0  0.350030  2.054018  2.404049
725.5  0.349838  2.049486  2.399324
726.0  0.351929  2.049282  2.401212
726.5  0.356601  2.048439  2.405040
727.0  0.364615  2.030369  2.394985
727.5  0.376306  2.031636  2.407941
728.0  0.390935  1.993565  2.384500
728.5  0.406704  1.998666  2.405370
729.0  0.421434  1.955122  2.376556
729.5  0.433586  1.970247  2.403833
730.0  0.442972  1.933146  2.376118
730.5  0.450624  1.942053  2.392676
731.0  0.457789  1.919752  2.377541
731.5  0.464783  1.915673  2.380455
732.0  0.470648  1.919631  2.390279
732.5  0.473994  1.896563  2.370556
733.0  0.474253  1.920343  2.394596
733.5  0.472237  1.891176  2.363413
734.0  0.469484  1.931758  2.401242
734.5  0.467049  1.907103  2.374152
735.0  0.464795  1.932464  2.397260
735.5  0.461735  1.915503  2.377237
736.0  0.457036  1.935460  2.392496
736.5  0.450884  1.939110  2.389994
737.0  0.444597  1.947416  2.392013
737.5  0.439992  1.950272  2.390264
738.0  0.438449  1.952217  2.390666
738.5  0.440246  1.949980  2.390226
739.0  0.444530  1.951380  2.395909
739.5  0.449942  1.929896  2.379838
740.0  0.455543  1.940556  2.396099
740.5  0.461423  1.913879  2.375303
741.0  0.468528  1.933515  2.402042
741.5  0.477720  1.897034  2.374754
742.0  0.488800  1.905981  2.394782
742.5  0.500353  1.879116  2.379469
743.0  0.510638  1.883177  2.393815
743.5  0.518782  1.874592  2.393374
744.0  0.525178  1.857308  2.382486
744.5  0.530753  1.873004  2.403757
745.0  0.535783  1.847080  2.382863
745.5  0.539313  1.874360  2.413673
746.0  0.539629  1.843189  2.382818
746.5  0.535375  1.879154  2.414530
747.0  0.526434  1.861399  2.387833
747.5  0.514011  1.901251  2.415262
748.0  0.499936  1.900965  2.400902
748.5  0.485686  1.926194  2.411880
749.0  0.471709  1.933409  2.405119
749.5  0.457460  1.951624  2.409084
750.0  0.442132  1.966155  2.408286
750.5  0.425671  1.980812  2.406483
751.0  0.409400  1.996013  2.405413
751.5  0.395668  2.011360  2.407028
752.0  0.386645  2.012702  2.399347
752.5  0.383093  2.025660  2.408753
753.0  0.384138  2.002910  2.387048
753.5  0.388254  2.022613  2.410867
754.0  0.394556  1.981552  2.376107
754.5  0.403221  2.011937  2.415158
755.0  0.414739  1.956109  2.370847
755.5  0.428775  1.983385  2.412160
756.0  0.443746  1.931691  2.375437
756.5  0.457444  1.950769  2.408212
757.0  0.468161  1.914758  2.382919
757.5  0.475469  1.921233  2.396702
758.0  0.480132  1.915512  2.395643
758.5  0.483302  1.907821  2.391122
759.0  0.485547  1.915564  2.401111
759.5  0.486284  1.901388  2.387672
760.0  0.483976  1.920577  2.404553
760.5  0.477037  1.914018  2.391055
761.0  0.464986  1.938831  2.403817
761.5  0.449126  1.948322  2.397448
762.0  0.432187  1.963941  2.396128
762.5  0.417045  1.982630  2.399675
763.0  0.405407  1.985716  2.391122
763.5  0.397506  2.003932  2.401438
764.0  0.392993  1.996052  2.389045
764.5  0.392072  2.002134  2.394206
765.0  0.395758  1.997119  2.392878
765.5  0.405005  1.977677  2.382683
766.0  0.419593  1.983206  2.402799
766.5  0.437805  1.930827  2.368632
767.0  0.457171  1.952412  2.409583
767.5  0.475630  1.889281  2.364911
768.0  0.492277  1.921129  2.413405
768.5  0.507228  1.862241  2.369469
769.0  0.520832  1.885913  2.406745
769.5  0.532758  1.850487  2.383245
770.0  0.541544  1.857734  2.399278
770.5  0.544917  1.851788  2.396704
771.0  0.540784  1.851727  2.392511
771.5  0.528405  1.877360  2.405765
772.0  0.509004  1.882437  2.391440
772.5  0.485320  1.928661  2.413981
773.0  0.460287  1.940753  2.401039
773.5  0.435805  1.977042  2.412847
774.0  0.412605  1.995218  2.407823
774.5  0.391223  2.017283  2.408507
775.0  0.373050  2.042277  2.415327
775.5  0.360335  2.041566  2.401900
776.0  0.355084  2.067092  2.422176
776.5  0.357835  2.038186  2.396021
777.0  0.367342  2.053810  2.421153
777.5  0.381351  2.008903  2.390253
778.0  0.397779  2.018704  2.416484
778.5  0.415452  1.976128  2.391579
779.0  0.433985  1.967352  2.401337
779.5  0.453063  1.945778  2.398842
780.0  0.471679  1.916582  2.388262
780.5  0.487859  1.918036  2.405894
781.0  0.499144  1.877565  2.376709
781.5  0.503646  1.913036  2.416682
782.0  0.501106  1.874672  2.375778
782.5  0.493221  1.927676  2.420897
783.0  0.482829  1.893106  2.375935
783.5  0.472337  1.947045  2.419382
784.0  0.462534  1.928062  2.390595
784.5  0.452739  1.958151  2.410890
785.0  0.442162  1.951544  2.393706
785.5  0.431245  1.976296  2.407541
786.0  0.421849  1.982882  2.404731
786.5  0.416210  1.986102  2.402312
787.0  0.415658  1.985259  2.400917
787.5  0.420088  1.982060  2.402148
788.0  0.428423  1.968063  2.396486
788.5  0.439502  1.966701  2.406203
789.0  0.452655  1.931936  2.384591
789.5  0.467609  1.942683  2.410292
790.0  0.483915  1.885739  2.369655
790.5  0.500376  1.913815  2.414191
791.0  0.514941  1.850968  2.365909
791.5  0.525275  1.887382  2.412657
792.0  0.529777  1.838556  2.368332
792.5  0.528479  1.869950  2.398428
793.0  0.523150  1.861642  2.384791
793.5  0.516312  1.868812  2.385124
794.0  0.509701  1.890879  2.400580
794.5  0.503303  1.872358  2.375661
795.0  0.495797  1.921391  2.417188
795.5  0.486067  1.893965  2.380033
796.0  0.474511  1.946524  2.421035
796.5  0.463054  1.927053  2.390107
797.0  0.453993  1.970837  2.424830
797.5  0.448702  1.954055  2.402756
798.0  0.447166  1.972374  2.419541
798.5  0.448524  1.968252  2.416776
799.0  0.451961  1.967175  2.419136
799.5  0.457232  1.965314  2.422546
800.0  0.464461  1.947412  2.411873
800.5  0.473454  1.951164  2.424618
801.0  0.483070  1.927049  2.410119
801.5  0.491121  1.928091  2.419212
802.0  0.495020  1.913015  2.408035
802.5  0.492944  1.916793  2.409737
803.0  0.484862  1.925810  2.410672
803.5  0.472699  1.921074  2.393773
804.0  0.459277  1.961952  2.421228
804.5  0.446609  1.932384  2.378994
805.0  0.434795  1.992792  2.427587
805.5  0.422430  1.949506  2.371936
806.0  0.408215  2.024022  2.432238
806.5  0.392370  1.980112  2.372482
807.0  0.376734  2.049386  2.426120
807.5  0.363673  2.021264  2.384937
808.0  0.354868  2.072161  2.427029
808.5  0.350910  2.048418  2.399329
809.0  0.351773  2.065996  2.417769
809.5  0.357496  2.053226  2.410722
810.0  0.368410  2.046979  2.415389
810.5  0.384714  2.028359  2.413074
811.0  0.405736  2.006750  2.412486
811.5  0.429417  1.981750  2.411167
812.0  0.452464  1.959405  2.411870
812.5  0.471268  1.930556  2.401824
813.0  0.483281  1.930692  2.413973
813.5  0.488182  1.901029  2.389211
814.0  0.488048  1.930267  2.418315
814.5  0.486194  1.890655  2.376849
815.0  0.485264  1.930857  2.416122
815.5  0.485850  1.882168  2.368018
816.0  0.486645  1.921238  2.407883
816.5  0.485873  1.885360  2.371234
817.0  0.482695  1.906084  2.388779
817.5  0.477505  1.908925  2.386430
818.0  0.471216  1.901419  2.372635
818.5  0.464444  1.940599  2.405042
819.0  0.457388  1.907982  2.365371
819.5  0.450348  1.965418  2.415766
820.0  0.444262  1.924903  2.369165
820.5  0.440690  1.978548  2.419237
821.0  0.441137  1.945849  2.386987
821.5  0.446118  1.976596  2.422714
822.0  0.454499  1.945666  2.400165
822.5  0.463601  1.954205  2.417806
823.0  0.470158  1.941659  2.411817
823.5  0.471810  1.944729  2.416539
824.0  0.468391  1.948092  2.416483
824.5  0.462146  1.956338  2.418484
825.0  0.456507  1.961962  2.418469
825.5  0.454069  1.966179  2.420248
826.0  0.455147  1.955012  2.410158
826.5  0.457977  1.964386  2.422363
827.0  0.460227  1.938561  2.398788
827.5  0.460459  1.967859  2.428318
828.0  0.458490  1.928026  2.386516
828.5  0.454765  1.979957  2.434722
829.0  0.449658  1.928003  2.377661
829.5  0.443386  1.995999  2.439384
830.0  0.436441  1.941417  2.377857
830.5  0.429967  2.003892  2.433860
831.0  0.425610  1.958051  2.383661
831.5  0.424815  1.999997  2.424812
832.0  0.427973  1.968883  2.396856
832.5  0.433950  1.979431  2.413382
833.0  0.440350  1.967210  2.407560
833.5  0.444551  1.965437  2.409988
834.0  0.445092  1.971555  2.416647
834.5  0.442651  1.963161  2.405812
835.0  0.439861  1.977561  2.417422
835.5  0.439821  1.970947  2.410767
836.0  0.444167  1.970766  2.414933
836.5  0.452080  1.963007  2.415087
837.0  0.461007  1.947887  2.408893
837.5  0.468459  1.948654  2.417113
838.0  0.473450  1.922708  2.396158
838.5  0.476609  1.945630  2.422239
839.0  0.479246  1.907936  2.387182
839.5  0.482355  1.930090  2.412445
840.0  0.486273  1.893203  2.379476
840.5  0.490996  1.913329  2.404325
841.0  0.496615  1.894022  2.390636
841.5  0.503391  1.885753  2.389144
842.0  0.511355  1.890880  2.402236
842.5  0.519738  1.853478  2.373217
843.0  0.526672  1.891410  2.418083
843.5  0.529525  1.839180  2.368705
844.0  0.525901  1.889081  2.414981
844.5  0.514932  1.856910  2.371842
845.0  0.498138  1.919963  2.418101
845.5  0.479113  1.912441  2.391554
846.0  0.461934  1.949459  2.411393
846.5  0.449132  1.954305  2.403437
847.0  0.440625  1.967220  2.407845
847.5  0.434373  1.979729  2.414101
848.0  0.428165  1.985778  2.413943
848.5  0.421115  1.999497  2.420612
849.0  0.413936  2.004673  2.418610
849.5  0.408213  2.009420  2.417633
850.0  0.405523  2.023408  2.428931
850.5  0.407037  2.006219  2.413257
851.0  0.413574  2.018956  2.432531
851.5  0.425711  1.980467  2.406178
852.0  0.443595  1.999133  2.442727
852.5  0.466455  1.937574  2.404029
853.0  0.492108  1.945699  2.437807
853.5  0.516868  1.884587  2.401455
854.0  0.536141  1.899259  2.435400
854.5  0.545704  1.858265  2.403969
855.0  0.543238  1.870961  2.414199
855.5  0.529372  1.881413  2.410785
856.0  0.507455  1.898629  2.406085
856.5  0.481927  1.939669  2.421596
857.0  0.456153  1.943415  2.399568
857.5  0.431168  1.998591  2.429759
858.0  0.406165  1.992237  2.398402
858.5  0.380154  2.050820  2.430974
859.0  0.353387  2.050125  2.403511
859.5  0.327608  2.097824  2.425432
860.0  0.305334  2.104986  2.410320
860.5  0.288998  2.130527  2.419524
861.0  0.280529  2.135563  2.416091
861.5  0.281362  2.132854  2.414215
862.0  0.292471  2.122640  2.415110
862.5  0.314146  2.096119  2.410264
863.0  0.345518  2.066769  2.412287
863.5  0.384121  2.025658  2.409778
864.0  0.425859  1.974282  2.400141
864.5  0.465651  1.946791  2.412442
865.0  0.498725  1.890869  2.389594
865.5  0.522169  1.896197  2.418366
866.0  0.535984  1.842371  2.378355
866.5  0.542869  1.873027  2.415896
867.0  0.546567  1.829398  2.375965
867.5  0.549646  1.860485  2.410131
868.0  0.552159  1.833206  2.385366
868.5  0.552052  1.845138  2.397190
869.0  0.546816  1.847955  2.394770
869.5  0.535070  1.852726  2.387796
870.0  0.517142  1.888629  2.405771
870.5  0.494767  1.889387  2.384153
871.0  0.470508  1.941471  2.411979
871.5  0.447362  1.943914  2.391276
872.0  0.428491  1.983766  2.412257
872.5  0.416853  1.982971  2.399824
873.0  0.414598  1.992747  2.407345
873.5  0.422347  1.983037  2.405383
874.0  0.438652  1.967509  2.406162
874.5  0.459966  1.949717  2.409683
875.0  0.481329  1.923739  2.405069
875.5  0.497776  1.908875  2.406651
876.0  0.506028  1.906580  2.412608
876.5  0.505732  1.893520  2.399252
877.0  0.499407  1.916347  2.415754
877.5  0.490897  1.899462  2.390358
878.0  0.483167  1.940085  2.423252
878.5  0.476897  1.908108  2.385005
879.0  0.470747  1.957115  2.427862
879.5  0.462811  1.925492  2.388303
880.0  0.451972  1.975482  2.427455
880.5  0.438374  1.957353  2.395727
881.0  0.423154  2.000747  2.423900
881.5  0.408049  1.997890  2.405938
882.0  0.395179  2.023069  2.418249
882.5  0.386886  2.027052  2.413938
883.0  0.385377  2.028555  2.413933
883.5  0.392121  2.025913  2.418034
884.0  0.407167  2.008982  2.416149
884.5  0.428703  1.988968  2.417671
885.0  0.453161  1.961333  2.414494
885.5  0.476017  1.937072  2.413090
886.0  0.493192  1.923640  2.416832
886.5  0.502577  1.902156  2.404733
887.0  0.504924  1.913940  2.418864
887.5  0.503368  1.891255  2.394623
888.0  0.501615  1.912389  2.414004
888.5  0.501791  1.888613  2.390404
889.0  0.503427  1.908564  2.411992
889.5  0.504175  1.887517  2.391692
890.0  0.501543  1.897634  2.399177
890.5  0.494296  1.903765  2.398060
891.0  0.482809  1.905614  2.388423
891.5  0.468636  1.935269  2.403905
892.0  0.453915  1.925182  2.379097
892.5  0.440974  1.968082  2.409056
893.0  0.432066  1.948146  2.380211
893.5  0.429040  1.977445  2.406485
894.0  0.432898  1.949072  2.381969
894.5  0.443319  1.957251  2.400571
895.0  0.458408  1.936501  2.394909
895.5  0.474869  1.927109  2.401978
896.0  0.488761  1.911209  2.399970
896.5  0.496742  1.900556  2.397297
897.0  0.497409  1.905426  2.402835
897.5  0.492033  1.911658  2.403691
898.0  0.484045  1.914075  2.398121
898.5  0.477284  1.928758  2.406042
899.0  0.473968  1.922141  2.396108
899.5  0.473731  1.937844  2.411575
900.0  0.474287  1.920671  2.394958
900.5  0.472999  1.938378  2.411377
901.0  0.468146  1.932900  2.401047
901.5  0.459272  1.947012  2.406284
902.0  0.446909  1.962413  2.409322
902.5  0.432241  1.968751  2.400992
903.0  0.416960  2.005179  2.422139
903.5  0.403153  1.998565  2.401718
904.0  0.393000  2.036585  2.429585
904.5  0.388234  2.012092  2.400327
905.0  0.389521  2.042222  2.431743
905.5  0.396030  2.009918  2.405948
906.0  0.405467  2.019774  2.425241
906.5  0.414713  1.997517  2.412230
907.0  0.420975  2.004034  2.425008
907.5  0.423031  1.996171  2.419201
908.0  0.421876  2.000540  2.422416
908.5  0.420155  2.004125  2.424280
909.0  0.420488  2.001798  2.422286
909.5  0.423705  1.995503  2.419208
910.0  0.428286  1.995137  2.423423
910.5  0.431406  1.982330  2.413737
911.0  0.430688  1.997241  2.427929
911.5  0.425373  1.982834  2.408207
912.0  0.416354  2.013537  2.429891
912.5  0.405499  1.996656  2.402155
913.0  0.394964  2.034977  2.429940
913.5  0.386847  2.016345  2.403191
914.0  0.383045  2.036191  2.419235
914.5  0.385056  2.024321  2.409376
915.0  0.393608  2.021933  2.415541
915.5  0.408226  2.010942  2.419168
916.0  0.426985  1.977789  2.404774
916.5  0.446711  1.975693  2.422404
917.0  0.463779  1.938083  2.401862
917.5  0.475394  1.948761  2.424155
918.0  0.480897  1.922772  2.403669
918.5  0.482312  1.940480  2.422792
919.0  0.483527  1.926822  2.410349
919.5  0.488262  1.933007  2.421268
920.0  0.498000  1.918559  2.416559
920.5  0.511291  1.907848  2.419139
921.0  0.524835  1.893844  2.418679
921.5  0.535407  1.883134  2.418542
922.0  0.541240  1.874411  2.415651
922.5  0.542271  1.884772  2.427043
923.0  0.539629  1.871146  2.410775
923.5  0.535016  1.900197  2.435214
924.0  0.530297  1.877515  2.407813
924.5  0.527225  1.910472  2.437697
925.0  0.527126  1.875875  2.403001
925.5  0.530491  1.903969  2.434459
926.0  0.536570  1.866549  2.403120
926.5  0.543221  1.879721  2.422942
927.0  0.547196  1.865674  2.412869
927.5  0.545003  1.867823  2.412826
928.0  0.534210  1.888382  2.422592
928.5  0.514705  1.894180  2.408886
929.0  0.489162  1.944199  2.433361
929.5  0.462131  1.947960  2.410091
930.0  0.437973  1.997254  2.435227
930.5  0.418839  1.996909  2.415748
931.0  0.404060  2.032682  2.436742
931.5  0.391278  2.032737  2.424015
932.0  0.378308  2.053350  2.431658
932.5  0.364413  2.067597  2.432010
933.0  0.350470  2.080279  2.430749
933.5  0.338426  2.094796  2.433222
934.0  0.330666  2.095848  2.426515
934.5  0.329549  2.107310  2.436859
935.0  0.337034  2.093794  2.430829
935.5  0.354260  2.073054  2.427314
936.0  0.381067  2.053062  2.434130
936.5  0.415616  2.001093  2.416708
937.0  0.454321  1.984093  2.438415
937.5  0.492329  1.911512  2.403841
938.0  0.524600  1.917122  2.441722
938.5  0.547409  1.851051  2.398460
939.0  0.559661  1.885522  2.445183
939.5  0.563201  1.838104  2.401304
940.0  0.561619  1.876065  2.437684
940.5  0.558039  1.848521  2.406560
941.0  0.553255  1.880285  2.433541
941.5  0.545540  1.870374  2.415914
942.0  0.532132  1.885638  2.417769
942.5  0.511176  1.908382  2.419558
943.0  0.482837  1.934157  2.416994
943.5  0.449222  1.969180  2.418403
944.0  0.413650  1.999404  2.413054
944.5  0.379901  2.037184  2.417085
945.0  0.351693  2.069236  2.420928
945.5  0.332296  2.074666  2.406962
946.0  0.324129  2.098290  2.422419
946.5  0.328302  2.069833  2.398135
947.0  0.344196  2.075775  2.419972
947.5  0.369295  2.026295  2.395591
948.0  0.399492  2.011581  2.411073
948.5  0.430016  1.971438  2.401454
949.0  0.456850  1.941998  2.398848
949.5  0.478068  1.937637  2.415706
950.0  0.494310  1.890003  2.384312
950.5  0.507836  1.922449  2.430285
951.0  0.520595  1.861644  2.382239
951.5  0.532564  1.897764  2.430327
952.0  0.541564  1.846283  2.387847
952.5  0.544562  1.882177  2.426739
953.0  0.539330  1.863510  2.402840
953.5  0.525329  1.895001  2.420330
954.0  0.503610  1.917028  2.420638
954.5  0.476249  1.945944  2.422193
955.0  0.445895  1.985205  2.431099
955.5  0.415534  2.010943  2.426477
956.0  0.388299  2.049586  2.437885
956.5  0.367124  2.068038  2.435162
957.0  0.354222  2.083061  2.437283
957.5  0.350509  2.090880  2.441389
958.0  0.355233  2.073996  2.429229
958.5  0.366066  2.085159  2.451225
959.0  0.379843  2.044129  2.423972
959.5  0.393821  2.059904  2.453725
960.0  0.406892  2.007347  2.414239
960.5  0.419901  2.034990  2.454891
961.0  0.434583  1.975632  2.410216
961.5  0.451670  1.994440  2.446110
962.0  0.469546  1.944542  2.414088
962.5  0.484605  1.949137  2.433743
963.0  0.493043  1.933442  2.426485
963.5  0.492694  1.928096  2.420789
964.0  0.483743  1.955960  2.439703
964.5  0.468219  1.943942  2.412161
965.0  0.449022  2.003069  2.452090
965.5  0.429184  1.983535  2.412718
966.0  0.411557  2.042360  2.453916
966.5  0.398699  2.020643  2.419343
967.0  0.392714  2.061848  2.454562
967.5  0.394915  2.034572  2.429487
968.0  0.405408  2.043513  2.448921
968.5  0.422780  2.016338  2.439118
969.0  0.444200  1.995412  2.439612
969.5  0.466132  1.973732  2.439864
970.0  0.485594  1.950293  2.435888
970.5  0.501418  1.939835  2.441253
971.0  0.514631  1.915667  2.430298
971.5  0.527453  1.904283  2.431736
972.0  0.541369  1.892623  2.433992
972.5  0.555703  1.863279  2.418981
973.0  0.567811  1.871310  2.439120
973.5  0.574667  1.825706  2.400373
974.0  0.574505  1.871566  2.446071
974.5  0.567373  1.826298  2.393670
975.0  0.554617  1.890720  2.445337
975.5  0.538050  1.855354  2.393404
976.0  0.519461  1.921506  2.440967
976.5  0.500548  1.905699  2.406248
977.0  0.482985  1.944085  2.427070
977.5  0.468339  1.963542  2.431881
978.0  0.457757  1.965666  2.423423
978.5  0.451542  1.988259  2.439801
979.0  0.448831  1.971062  2.419893
979.5  0.447677  2.000324  2.448002
980.0  0.445704  1.980036  2.425740
980.5  0.441248  2.009376  2.450624
981.0  0.434430  2.003457  2.437887
981.5  0.427314  2.019759  2.447073
982.0  0.422714  2.022607  2.445321
982.5  0.422238  2.020980  2.443218
983.0  0.425049  2.026752  2.451801
983.5  0.428396  2.007461  2.435857
984.0  0.429473  2.024022  2.453495
984.5  0.427091  2.006046  2.433138
985.0  0.422022  2.034104  2.456126
985.5  0.416154  2.020908  2.437062
986.0  0.411389  2.033292  2.444680
986.5  0.409036  2.030883  2.439919
987.0  0.409788  2.021062  2.430850
987.5  0.413939  2.039070  2.453009
988.0  0.421513  1.995380  2.416893
988.5  0.432137  2.026345  2.458482
989.0  0.444774  1.962488  2.407262
989.5  0.457516  2.008376  2.465892
990.0  0.467764  1.942121  2.409885
990.5  0.472951  1.987951  2.460902
991.0  0.471697  1.942126  2.413823
991.5  0.464775  1.989893  2.454668
992.0  0.455081  1.972839  2.427920
992.5  0.446241  2.003821  2.450062
993.0  0.440581  1.996133  2.436714
993.5  0.437892  2.004890  2.442781
994.0  0.435933  2.004873  2.440806
994.5  0.432164  2.006573  2.438737
995.0  0.425294  2.010257  2.435551
995.5  0.415699  2.020278  2.435977
996.0  0.404866  2.022082  2.426948
996.5  0.394625  2.043981  2.438606
997.0  0.386713  2.025242  2.411955
997.5  0.382686  2.058120  2.440806
998.0  0.383896  2.008876  2.392772
998.5  0.391333  2.050421  2.441754
999.0  0.405290  1.983447  2.388737
999.5  0.424967  2.010728  2.435695
1000.0  0.448271  1.946045  2.394315
