0.0  1.22557416
0.5  1.23680196
1.0  1.24116388
1.5  1.24262509
2.0  1.24594502
2.5  1.25479679
3.0  1.27002908
3.5  1.28937722
4.0  1.30891885
4.5  1.32382710
5.0  1.33013086
5.5  1.32565358
6.0  1.31131086
6.5  1.29007141
7.0  1.26634615
7.5  1.24467963
8.0  1.22865535
8.5  1.21978211
9.0  1.21680966
9.5  1.21696220
10.0  1.21636281
10.5  1.21141956
11.0  1.20132805
11.5  1.18792468
12.0  1.17532429
12.5  1.16807740
13.0  1.16960326
13.5  1.18077019
14.0  1.19995730
14.5  1.22336013
15.0  1.24636943
15.5  1.26556401
16.0  1.27931657
16.5  1.28765511
17.0  1.29243118
17.5  1.29664978
18.0  1.30306012
18.5  1.31350137
19.0  1.32744237
19.5  1.34250896
20.0  1.35489734
20.5  1.36071660
21.0  1.35743848
21.5  1.34533849
22.0  1.32720503
22.5  1.30871339
23.0  1.29478200
23.5  1.28900523
24.0  1.29138241
24.5  1.29939886
25.0  1.30817013
25.5  1.31283941
26.0  1.30996590
26.5  1.29878939
27.0  1.28107860
27.5  1.26021305
28.0  1.24073712
28.5  1.22715599
29.0  1.22186857
29.5  1.22455777
30.0  1.23279297
30.5  1.24178777
31.0  1.24706780
31.5  1.24468970
32.0  1.23417431
32.5  1.21787459
33.0  1.20072773
33.5  1.18802220
34.0  1.18319632
34.5  1.18723013
35.0  1.19832769
35.5  1.21236308
36.0  1.22492541
36.5  1.23221603
37.0  1.23320388
37.5  1.22896341
38.0  1.22291121
38.5  1.21951009
39.0  1.22269286
39.5  1.23526425
40.0  1.25755380
40.5  1.28588926
41.0  1.31519918
41.5  1.34031255
42.0  1.35676726
42.5  1.36307738
43.0  1.36091442
43.5  1.35415068
44.0  1.34868973
44.5  1.34836303
45.0  1.35383277
45.5  1.36255296
46.0  1.37123097
46.5  1.37607476
47.0  1.37350752
47.5  1.36228187
48.0  1.34455267
48.5  1.32261145
49.0  1.30130472
49.5  1.28457438
50.0  1.27571959
50.5  1.27460461
51.0  1.27802639
51.5  1.28238219
52.0  1.28328616
52.5  1.27746967
53.0  1.26355669
53.5  1.24440629
54.0  1.22582447
54.5  1.21289523
55.0  1.20947028
55.5  1.21599424
56.0  1.23086607
56.5  1.25086154
57.0  1.27202137
57.5  1.29050465
58.0  1.30308620
58.5  1.31046991
59.0  1.31425427
59.5  1.31708661
60.0  1.32125692
60.5  1.32853809
61.0  1.33912662
61.5  1.34951698
62.0  1.35585043
62.5  1.35439643
63.0  1.34271964
63.5  1.32223847
64.0  1.29787688
64.5  1.27594159
65.0  1.26109004
65.5  1.25647351
66.0  1.26293128
66.5  1.27741520
67.0  1.29505369
67.5  1.31099070
68.0  1.32188886
68.5  1.32649352
69.0  1.32617340
69.5  1.32468395
70.0  1.32558782
70.5  1.33210155
71.0  1.34666406
71.5  1.36810958
72.0  1.39307422
72.5  1.41647066
73.0  1.43314972
73.5  1.44039329
74.0  1.43878277
74.5  1.43162811
75.0  1.42395831
75.5  1.42139778
76.0  1.42644707
76.5  1.43830802
77.0  1.45218679
77.5  1.46219806
78.0  1.46305268
78.5  1.45237491
79.0  1.42853179
79.5  1.39369503
80.0  1.35378860
80.5  1.31537436
81.0  1.28303466
81.5  1.26119052
82.0  1.25050630
82.5  1.24858029
83.0  1.25088068
83.5  1.25226797
84.0  1.24913686
84.5  1.24167114
85.0  1.23230701
85.5  1.22531107
86.0  1.22488962
86.5  1.23377308
87.0  1.25127848
87.5  1.27420438
88.0  1.29754588
88.5  1.31688205
89.0  1.32920740
89.5  1.33407387
90.0  1.33296540
90.5  1.33049678
91.0  1.33117539
91.5  1.33848103
92.0  1.35463302
92.5  1.37860391
93.0  1.40648226
93.5  1.43243040
94.0  1.45087813
94.5  1.45786972
95.0  1.45305806
95.5  1.44074513
96.0  1.42573246
96.5  1.41412001
97.0  1.40961166
97.5  1.41230359
98.0  1.41987875
98.5  1.42773529
99.0  1.43307140
99.5  1.43410898
100.0  1.43015290
100.5  1.42232545
101.0  1.41542712
101.5  1.41362984
102.0  1.41937402
102.5  1.43332634
103.0  1.45363821
103.5  1.47474039
104.0  1.49156987
104.5  1.49685839
105.0  1.48855500
105.5  1.46840517
106.0  1.44078303
106.5  1.41252810
107.0  1.39031929
107.5  1.37781320
108.0  1.37537558
108.5  1.37958849
109.0  1.38590840
109.5  1.38953789
110.0  1.38669717
110.5  1.37693392
111.0  1.36159818
111.5  1.34452426
112.0  1.32996124
112.5  1.32234886
113.0  1.32426980
113.5  1.33530128
114.0  1.35170051
114.5  1.36834509
115.0  1.38112157
115.5  1.38629862
116.0  1.38578392
116.5  1.38255945
117.0  1.38264758
117.5  1.39069209
118.0  1.40968759
118.5  1.43695094
119.0  1.46702140
119.5  1.49510772
120.0  1.51531916
120.5  1.52352165
121.0  1.51948821
121.5  1.50420333
122.0  1.48251652
122.5  1.46108682
123.0  1.44512511
123.5  1.43650505
124.0  1.43511913
124.5  1.43867257
125.0  1.44225872
125.5  1.44062041
126.0  1.43070288
126.5  1.41392292
127.0  1.39502780
127.5  1.37946709
128.0  1.37181070
128.5  1.37464469
129.0  1.38759381
129.5  1.40663662
130.0  1.42647063
130.5  1.44278611
131.0  1.45257991
131.5  1.45497005
132.0  1.45141310
132.5  1.44600218
133.0  1.44324665
133.5  1.44586910
134.0  1.45501156
134.5  1.46932589
135.0  1.48412958
135.5  1.49302885
136.0  1.49076427
136.5  1.47664212
137.0  1.45565601
137.5  1.42563257
138.0  1.40197866
138.5  1.38212933
139.0  1.37484151
139.5  1.37623634
140.0  1.38261126
140.5  1.39210938
141.0  1.39537419
141.5  1.39758342
142.0  1.38988180
142.5  1.38179017
143.0  1.37035130
143.5  1.36534613
144.0  1.36786430
144.5  1.37924935
145.0  1.39984763
145.5  1.42307264
146.0  1.44548740
146.5  1.46031030
147.0  1.46214075
147.5  1.45962181
148.0  1.44451396
148.5  1.44059096
149.0  1.43055990
149.5  1.44372397
150.0  1.44981588
150.5  1.47285870
151.0  1.48255730
151.5  1.49643773
152.0  1.49540934
152.5  1.48937227
153.0  1.47697476
153.5  1.46264561
154.0  1.45362834
154.5  1.44808997
155.0  1.45396541
155.5  1.46621549
156.0  1.48014789
156.5  1.49453116
157.0  1.49496208
157.5  1.49036145
158.0  1.47135359
158.5  1.45096748
159.0  1.43376260
159.5  1.41762083
160.0  1.42218872
160.5  1.41755833
161.0  1.43423853
161.5  1.42961430
162.0  1.43893008
162.5  1.42131678
163.0  1.40897174
163.5  1.38370294
164.0  1.35958271
164.5  1.34277292
165.0  1.32786522
165.5  1.33403583
166.0  1.33831083
166.5  1.35853873
167.0  1.37171891
167.5  1.38534265
168.0  1.38790944
168.5  1.38354683
169.0  1.38052590
169.5  1.37912333
170.0  1.38798686
170.5  1.40540280
171.0  1.42733368
171.5  1.46182711
172.0  1.47819692
172.5  1.50705906
173.0  1.50312151
173.5  1.51688517
174.0  1.49384046
174.5  1.49609751
175.0  1.47365592
175.5  1.47881163
176.0  1.47279789
176.5  1.48403196
177.0  1.48803506
177.5  1.48857993
178.0  1.48164834
178.5  1.45882696
179.0  1.43492239
179.5  1.40304197
180.0  1.37919156
180.5  1.36500174
181.0  1.35643565
181.5  1.36705227
182.0  1.37115221
182.5  1.38734221
183.0  1.38532080
183.5  1.38890923
184.0  1.38366100
184.5  1.37117997
185.0  1.37305473
185.5  1.35891931
186.0  1.38495355
186.5  1.38468690
187.0  1.42938816
187.5  1.44042827
188.0  1.47636102
188.5  1.48087040
189.0  1.48590190
189.5  1.47925530
190.0  1.46271570
190.5  1.46244492
191.0  1.47035257
191.5  1.48766196
192.0  1.50876166
192.5  1.52855984
193.0  1.54205197
193.5  1.54447803
194.0  1.53428600
194.5  1.51360701
195.0  1.48685239
195.5  1.46202566
196.0  1.44426923
196.5  1.43810333
197.0  1.44521479
197.5  1.46711090
198.0  1.49842075
198.5  1.53149123
199.0  1.56022776
199.5  1.58283780
200.0  1.60033778
200.5  1.61463685
201.0  1.62971831
201.5  1.65075592
202.0  1.67667832
202.5  1.70404923
203.0  1.73058896
203.5  1.75166721
204.0  1.76381314
204.5  1.76528557
205.0  1.75837694
205.5  1.74811693
206.0  1.73924541
206.5  1.73683933
207.0  1.74321157
207.5  1.75996021
208.0  1.78318074
208.5  1.80610564
209.0  1.82040695
209.5  1.81906695
210.0  1.80095078
210.5  1.76691612
211.0  1.72234552
211.5  1.67486130
212.0  1.63146831
212.5  1.59495330
213.0  1.56703686
213.5  1.54559226
214.0  1.52924775
214.5  1.51709876
215.0  1.50482212
215.5  1.49348605
216.0  1.48552430
216.5  1.48399259
217.0  1.48807169
217.5  1.49904713
218.0  1.51708355
218.5  1.53874158
219.0  1.55784298
219.5  1.56906044
220.0  1.56906236
220.5  1.55813773
221.0  1.54097472
221.5  1.52564220
222.0  1.51993108
222.5  1.52900752
223.0  1.55655579
223.5  1.59813622
224.0  1.64937729
224.5  1.70390456
225.0  1.75669940
225.5  1.80313982
226.0  1.84048406
226.5  1.87074850
227.0  1.89647772
227.5  1.91963009
228.0  1.94263073
228.5  1.96543840
229.0  1.98567176
229.5  2.00027590
230.0  2.00347348
230.5  1.99382966
231.0  1.97263536
231.5  1.94628756
232.0  1.92235480
232.5  1.90959956
233.0  1.91330811
233.5  1.93227557
234.0  1.96309623
234.5  1.99842269
235.0  2.03014346
235.5  2.05004034
236.0  2.05418709
236.5  2.04130270
237.0  2.01338012
237.5  1.97395642
238.0  1.93054664
238.5  1.88978484
239.0  1.85425595
239.5  1.82551808
240.0  1.80398055
240.5  1.78781540
241.0  1.77289461
241.5  1.75682093
242.0  1.74362545
242.5  1.73617690
243.0  1.73832274
243.5  1.75210861
244.0  1.77509410
244.5  1.80250385
245.0  1.82633529
245.5  1.84226769
246.0  1.84703471
246.5  1.83898287
247.0  1.82030570
247.5  1.79634557
248.0  1.77399498
248.5  1.76142604
249.0  1.76331284
249.5  1.78143861
250.0  1.81327135
250.5  1.85465183
251.0  1.89955665
251.5  1.94181131
252.0  1.97662609
252.5  2.00484850
253.0  2.03240022
253.5  2.05852986
254.0  2.08468913
254.5  2.11275156
255.0  2.13655420
255.5  2.15164670
256.0  2.15629218
256.5  2.14927999
257.0  2.13144887
257.5  2.10540990
258.0  2.07997483
258.5  2.05955902
259.0  2.05104492
259.5  2.05825728
260.0  2.07947349
260.5  2.11014614
261.0  2.14179381
261.5  2.16653396
262.0  2.17761820
262.5  2.17240849
263.0  2.15216279
263.5  2.12007667
264.0  2.08549532
264.5  2.05563649
265.0  2.03076504
265.5  2.01070276
266.0  1.99628933
266.5  1.98591703
267.0  1.97560721
267.5  1.96552643
268.0  1.95768179
268.5  1.95318335
269.0  1.95265688
269.5  1.95817687
270.0  1.97037613
270.5  1.98742828
271.0  2.00338485
271.5  2.01238662
272.0  2.00994189
272.5  1.99397656
273.0  1.96588662
273.5  1.93144497
274.0  1.90085019
274.5  1.88228206
275.0  1.88029193
275.5  1.89517057
276.0  1.92447553
276.5  1.96207294
277.0  2.00195435
277.5  2.03930911
278.0  2.07122133
278.5  2.09777194
279.0  2.12085014
279.5  2.14255721
280.0  2.16603196
280.5  2.19456275
281.0  2.22671972
281.5  2.25833601
282.0  2.28390144
282.5  2.29830191
283.0  2.30124823
283.5  2.29316341
284.0  2.27870693
284.5  2.26683910
285.0  2.26605014
285.5  2.27770328
286.0  2.30153640
286.5  2.33119182
287.0  2.36140948
287.5  2.38334306
288.0  2.39083020
288.5  2.38351140
289.0  2.36013370
289.5  2.32363685
290.0  2.28109679
290.5  2.24105657
291.0  2.20760032
291.5  2.18312053
292.0  2.16877994
292.5  2.16110529
293.0  2.15426522
293.5  2.14534667
294.0  2.13497290
294.5  2.12429370
295.0  2.11578809
295.5  2.11522140
296.0  2.12309704
296.5  2.13793248
297.0  2.15513366
297.5  2.16952362
298.0  2.17909436
298.5  2.18202051
299.0  2.17911749
299.5  2.17342084
300.0  2.16935498
300.5  2.17082438
301.0  2.18301918
301.5  2.20958412
302.0  2.24572265
302.5  2.28607857
303.0  2.32478890
303.5  2.35575661
304.0  2.37275478
304.5  2.37423112
305.0  2.36681361
305.5  2.35730911
306.0  2.35001035
306.5  2.34798651
307.0  2.35272193
307.5  2.35940182
308.0  2.36386110
308.5  2.36201717
309.0  2.35231673
309.5  2.33513903
310.0  2.31110344
310.5  2.28602260
311.0  2.26375583
311.5  2.24887145
312.0  2.24317179
312.5  2.24618652
313.0  2.25159776
313.5  2.25575206
314.0  2.25131089
314.5  2.23594788
315.0  2.20921628
315.5  2.17885214
316.0  2.15413135
316.5  2.13836101
317.0  2.13432720
317.5  2.14189163
318.0  2.15885327
318.5  2.17866213
319.0  2.19427333
319.5  2.20477211
320.0  2.20935836
320.5  2.21024472
321.0  2.21124122
321.5  2.21553655
322.0  2.22579884
322.5  2.24644022
323.0  2.27542639
323.5  2.30650968
324.0  2.33259808
324.5  2.34894649
325.0  2.35386298
325.5  2.34550378
326.0  2.32940166
326.5  2.31269291
327.0  2.30414817
327.5  2.30424059
328.0  2.30911738
328.5  2.31440365
329.0  2.31881048
329.5  2.31786176
330.0  2.30630068
330.5  2.28497544
331.0  2.25799952
331.5  2.23127768
332.0  2.21028803
332.5  2.19901396
333.0  2.19671105
333.5  2.20641269
334.0  2.22257667
334.5  2.23812903
335.0  2.24698759
335.5  2.24550803
336.0  2.23841977
336.5  2.23000263
337.0  2.23066947
337.5  2.24059384
338.0  2.26602498
338.5  2.30266400
339.0  2.34750195
339.5  2.39062834
340.0  2.42758336
340.5  2.45338028
341.0  2.46476796
341.5  2.46066623
342.0  2.44548186
342.5  2.42491651
343.0  2.40212367
343.5  2.38242693
344.0  2.36567114
344.5  2.35051486
345.0  2.33275271
345.5  2.30896882
346.0  2.28040071
346.5  2.24611124
347.0  2.21370353
347.5  2.18929596
348.0  2.17645777
348.5  2.17571157
349.0  2.18289222
349.5  2.19306748
350.0  2.20120814
350.5  2.20263838
351.0  2.19462042
351.5  2.17849764
352.0  2.15755446
352.5  2.14033609
353.0  2.13096701
353.5  2.13584663
354.0  2.15555665
354.5  2.19075580
355.0  2.23532830
355.5  2.27927903
356.0  2.31480831
356.5  2.34234850
357.0  2.36190201
357.5  2.37425188
358.0  2.38725657
358.5  2.40482667
359.0  2.42675718
359.5  2.44834743
360.0  2.46817698
360.5  2.47946975
361.0  2.48079882
361.5  2.47178651
362.0  2.45534666
362.5  2.43521005
363.0  2.41900503
363.5  2.41191636
364.0  2.41761332
364.5  2.43927171
365.0  2.47125024
365.5  2.50596797
366.0  2.53224362
366.5  2.54340002
367.0  2.53667591
367.5  2.51154309
368.0  2.47588763
368.5  2.43856889
369.0  2.40738911
369.5  2.38164941
370.0  2.36354260
370.5  2.35277014
371.0  2.34616056
371.5  2.33821509
372.0  2.32918431
372.5  2.31886924
373.0  2.30821562
373.5  2.30005039
374.0  2.29723665
374.5  2.30203959
375.0  2.31328754
375.5  2.32969441
376.0  2.34443591
376.5  2.35040010
377.0  2.34414577
377.5  2.32646485
378.0  2.30610223
378.5  2.28985908
379.0  2.28942873
379.5  2.30972241
380.0  2.35318752
380.5  2.41380725
381.0  2.48383070
381.5  2.55374136
382.0  2.61630950
382.5  2.66499055
383.0  2.69739015
383.5  2.71500945
384.0  2.72056018
384.5  2.72057281
385.0  2.71774069
385.5  2.71936484
386.0  2.72168888
386.5  2.72246934
387.0  2.71730077
387.5  2.70511943
388.0  2.68204344
388.5  2.65521501
389.0  2.63389690
389.5  2.62313900
390.0  2.62518573
390.5  2.64005516
391.0  2.66490630
391.5  2.68718523
392.0  2.70222857
392.5  2.70183591
393.0  2.68123947
393.5  2.64107555
394.0  2.58780894
394.5  2.52807468
395.0  2.46855300
395.5  2.41991724
396.0  2.38863989
396.5  2.37650729
397.0  2.37694722
397.5  2.38566910
398.0  2.39755514
398.5  2.40916587
399.0  2.41944494
399.5  2.43313158
400.0  2.44963027
400.5  2.46940370
401.0  2.49404383
401.5  2.51562493
402.0  2.52861177
402.5  2.53143674
403.0  2.52002053
403.5  2.49823208
404.0  2.46986875
404.5  2.44455697
405.0  2.42803903
405.5  2.42675590
406.0  2.44758720
406.5  2.49102233
407.0  2.55129347
407.5  2.61785614
408.0  2.68269342
408.5  2.73780282
409.0  2.78050552
409.5  2.80954297
410.0  2.83183284
410.5  2.85256089
411.0  2.87567713
411.5  2.89830826
412.0  2.91895949
412.5  2.93427083
413.0  2.94039403
413.5  2.93733562
414.0  2.92752635
414.5  2.91285304
415.0  2.89896346
415.5  2.89311876
416.0  2.90174524
416.5  2.92426481
417.0  2.95918211
417.5  2.99958856
418.0  3.03306978
418.5  3.04998114
419.0  3.04266266
419.5  3.00904794
420.0  2.95783959
420.5  2.89754680
421.0  2.84029426
421.5  2.79466271
422.0  2.76568518
422.5  2.75038484
423.0  2.74712920
423.5  2.75134114
424.0  2.75979554
424.5  2.76773516
425.0  2.77231906
425.5  2.77313674
426.0  2.77322972
426.5  2.77649361
427.0  2.78245839
427.5  2.79026751
428.0  2.79678973
428.5  2.79613224
429.0  2.78578553
429.5  2.76432589
430.0  2.73628445
430.5  2.70684738
431.0  2.68993092
431.5  2.69490437
432.0  2.72200683
432.5  2.76859024
433.0  2.83170923
433.5  2.90394391
434.0  2.97336211
434.5  3.03302688
435.0  3.07993179
435.5  3.11357034
436.0  3.13533462
436.5  3.14776907
437.0  3.15512052
437.5  3.16445392
438.0  3.17654331
438.5  3.18827050
439.0  3.19407665
439.5  3.19246755
440.0  3.18373899
440.5  3.17141944
441.0  3.15621976
441.5  3.14715182
442.0  3.15197928
442.5  3.16926472
443.0  3.19349201
443.5  3.21626667
444.0  3.23348917
444.5  3.23853787
445.0  3.22498273
445.5  3.19143836
446.0  3.14197224
446.5  3.08275356
447.0  3.02129970
447.5  2.96772569
448.0  2.92791705
448.5  2.90439979
449.0  2.89584188
449.5  2.89624579
450.0  2.89916845
450.5  2.90052618
451.0  2.89817267
451.5  2.89711751
452.0  2.90059172
452.5  2.91282110
453.0  2.93405614
453.5  2.95900724
454.0  2.98262285
454.5  3.00214097
455.0  3.01520663
455.5  3.01942678
456.0  3.01458527
456.5  3.00725613
457.0  3.00525977
457.5  3.01347416
458.0  3.03199844
458.5  3.06627760
459.0  3.11413392
459.5  3.16483645
460.0  3.20745455
460.5  3.23729117
461.0  3.25085455
461.5  3.24456201
462.0  3.22761120
462.5  3.21060994
463.0  3.19718670
463.5  3.18799685
464.0  3.18956083
464.5  3.19784931
465.0  3.20438264
465.5  3.20782379
466.0  3.20971512
466.5  3.20689351
467.0  3.20037133
467.5  3.19763124
468.0  3.20321433
468.5  3.21484776
469.0  3.23587458
469.5  3.26212302
470.0  3.28843186
470.5  3.30296340
471.0  3.30164597
471.5  3.28396808
472.0  3.25260367
472.5  3.21424368
473.0  3.18136516
473.5  3.16086347
474.0  3.15634918
474.5  3.16294166
475.0  3.17556449
475.5  3.18965686
476.0  3.19618106
476.5  3.19136085
477.0  3.17267798
477.5  3.14568947
478.0  3.11168770
478.5  3.07964680
479.0  3.05509897
479.5  3.04435423
480.0  3.04547035
480.5  3.05826704
481.0  3.07909049
481.5  3.09944812
482.0  3.11453885
482.5  3.12904797
483.0  3.14946069
483.5  3.17572311
484.0  3.20687704
484.5  3.24696997
485.0  3.29407207
485.5  3.33777811
486.0  3.36981250
486.5  3.38931360
487.0  3.39517487
487.5  3.38671932
488.0  3.36566040
488.5  3.33945294
489.0  3.31810789
489.5  3.30281621
490.0  3.29848633
490.5  3.30221252
491.0  3.30920419
491.5  3.31498464
492.0  3.31265892
492.5  3.29921260
493.0  3.27663951
493.5  3.25167573
494.0  3.23193474
494.5  3.22225455
495.0  3.22138101
495.5  3.23089259
496.0  3.24517251
496.5  3.25923658
497.0  3.27100483
497.5  3.27364097
498.0  3.27089485
498.5  3.26545225
499.0  3.25752767
499.5  3.25295673
500.0  3.25595103
500.5  3.26502827
501.0  3.27580889
501.5  3.28320761
502.0  3.28305973
502.5  3.27045621
503.0  3.24209451
503.5  3.20314105
504.0  3.16618418
504.5  3.13814819
505.0  3.12088725
505.5  3.11913855
506.0  3.13215832
506.5  3.15659690
507.0  3.18224948
507.5  3.20496585
508.0  3.22225127
508.5  3.23008885
509.0  3.23239089
509.5  3.23269769
510.0  3.23587150
510.5  3.24585978
511.0  3.26507202
511.5  3.29523369
512.0  3.32532681
512.5  3.35273471
513.0  3.37221329
513.5  3.38666496
514.0  3.39700453
514.5  3.40283154
515.0  3.41658905
515.5  3.43789035
516.0  3.46703663
516.5  3.49684763
517.0  3.52315008
517.5  3.53978346
518.0  3.54067577
518.5  3.52370359
519.0  3.49259492
519.5  3.45269243
520.0  3.40934257
520.5  3.37053372
521.0  3.34432430
521.5  3.33480211
522.0  3.33725748
522.5  3.34768884
523.0  3.36080388
523.5  3.37215469
524.0  3.37435777
524.5  3.37009064
525.0  3.36340143
525.5  3.35566055
526.0  3.35135147
526.5  3.35203363
527.0  3.35402452
527.5  3.35341286
528.0  3.34519704
528.5  3.33297310
529.0  3.31713608
529.5  3.29864452
530.0  3.27970662
530.5  3.26834639
531.0  3.26914240
531.5  3.28099685
532.0  3.30127124
532.5  3.32995803
533.0  3.35710566
533.5  3.37225690
534.0  3.37195175
534.5  3.35744932
535.0  3.33576291
535.5  3.31098208
536.0  3.29272586
536.5  3.28708646
537.0  3.29997415
537.5  3.32551842
538.0  3.36029659
538.5  3.40013076
539.0  3.44062782
539.5  3.47986189
540.0  3.51557041
540.5  3.54833684
541.0  3.58016655
541.5  3.61772187
542.0  3.65823517
542.5  3.69835225
543.0  3.73686995
543.5  3.76831233
544.0  3.78472394
544.5  3.78097674
545.0  3.75888439
545.5  3.72559535
546.0  3.69166950
546.5  3.66212782
547.0  3.64416027
547.5  3.63948436
548.0  3.64759018
548.5  3.66223123
549.0  3.67645228
549.5  3.68509274
550.0  3.68488069
550.5  3.67443639
551.0  3.65189623
551.5  3.62210245
552.0  3.58680010
552.5  3.55131254
553.0  3.51851960
553.5  3.48923721
554.0  3.46337890
554.5  3.43954895
555.0  3.41943529
555.5  3.40304436
556.0  3.39773910
556.5  3.40449775
557.0  3.42733862
557.5  3.46553248
558.0  3.51519933
558.5  3.56512740
559.0  3.60630076
559.5  3.63528854
560.0  3.64766183
560.5  3.64050132
561.0  3.61483659
561.5  3.57791150
562.0  3.54230113
562.5  3.51173634
563.0  3.49391482
563.5  3.49191678
564.0  3.50749197
564.5  3.53606410
565.0  3.57030591
565.5  3.60806755
566.0  3.64811146
566.5  3.69083667
567.0  3.73683694
567.5  3.79087899
568.0  3.85401449
568.5  3.91579917
569.0  3.97087280
569.5  4.01856828
570.0  4.05196419
570.5  4.06514493
571.0  4.05990906
571.5  4.04185162
572.0  4.01504024
572.5  3.98649234
573.0  3.96230795
573.5  3.94886224
574.0  3.94700638
574.5  3.95351403
575.0  3.96187305
575.5  3.96218332
576.0  3.95091749
576.5  3.92444237
577.0  3.88841955
577.5  3.84454367
578.0  3.79886309
578.5  3.75581038
579.0  3.71746715
579.5  3.68414625
580.0  3.65502669
580.5  3.62612121
581.0  3.60443978
581.5  3.59237498
582.0  3.58429030
582.5  3.58626416
583.0  3.60413213
583.5  3.63723240
584.0  3.68193211
584.5  3.73507888
585.0  3.79081311
585.5  3.83751543
586.0  3.86468406
586.5  3.87235806
587.0  3.85844794
587.5  3.82871868
588.0  3.79387616
588.5  3.76425220
589.0  3.74292387
589.5  3.72969666
590.0  3.72719529
590.5  3.73500724
591.0  3.74576020
591.5  3.75640152
592.0  3.76882656
592.5  3.78530999
593.0  3.80418001
593.5  3.82479613
594.0  3.85523789
594.5  3.89601843
595.0  3.94052345
595.5  3.98522110
596.0  4.02640849
596.5  4.05576306
597.0  4.06727446
597.5  4.06600134
598.0  4.06207493
598.5  4.05692177
599.0  4.05667077
599.5  4.07377605
600.0  4.09993929
600.5  4.12893264
601.0  4.15895259
601.5  4.18889132
602.0  4.20993492
602.5  4.21591219
603.0  4.21106482
603.5  4.19774880
604.0  4.17486618
604.5  4.14549314
605.0  4.11524852
605.5  4.08575866
606.0  4.05428689
606.5  4.01843591
607.0  3.97980790
607.5  3.94182403
608.0  3.90574698
608.5  3.90427372
609.0  3.89455229
609.5  3.88877206
610.0  3.91493651
610.5  3.92612638
611.0  3.96446329
611.5  3.97930116
612.0  4.00482709
612.5  4.01829304
613.0  4.01234111
613.5  4.01024447
614.0  3.99060995
614.5  3.99168925
615.0  3.98060132
615.5  3.98512001
616.0  4.00326242
616.5  4.00424805
617.0  4.03438467
617.5  4.00989136
618.0  4.03295195
618.5  3.97933916
619.0  3.98988069
619.5  3.93897383
620.0  3.95592221
620.5  3.92996835
621.0  3.95525185
621.5  3.95730127
622.0  3.96973702
622.5  3.97203740
623.0  3.96391455
623.5  3.95792594
624.0  3.93501063
624.5  3.91843331
625.0  3.90318768
625.5  3.89242168
626.0  3.90816437
626.5  3.91233715
627.0  3.94039827
627.5  3.94426892
628.0  3.95860181
628.5  3.95066069
629.0  3.92999590
629.5  3.92221358
630.0  3.89616324
630.5  3.91037037
631.0  3.88650030
631.5  3.91970837
632.0  3.90898398
632.5  3.93462658
633.0  3.92102518
633.5  3.91868627
634.0  3.89646670
634.5  3.87028319
635.0  3.85798771
635.5  3.83364786
636.0  3.83782641
636.5  3.83661422
637.0  3.86576851
637.5  3.88903449
638.0  3.92124000
638.5  3.94401042
639.0  3.95278348
639.5  3.95588940
640.0  3.95916441
640.5  3.96672414
641.0  3.98519411
641.5  4.00139968
642.0  4.03794795
642.5  4.05646764
643.0  4.09325784
643.5  4.09311954
644.0  4.10659882
644.5  4.08145154
645.0  4.06926978
645.5  4.03418058
646.0  4.01229213
646.5  3.98787401
647.0  3.97277428
647.5  3.96797800
648.0  3.96134956
648.5  3.96350680
649.0  3.94463286
649.5  3.93077795
650.0  3.90245378
650.5  3.88256910
651.0  3.86614260
651.5  3.86291773
652.0  3.86838212
652.5  3.88489556
653.0  3.90462223
653.5  3.92131176
654.0  3.93333682
654.5  3.93855748
655.0  3.93764914
655.5  3.93071230
656.0  3.92001405
656.5  3.91423689
657.0  3.91707938
657.5  3.92697691
658.0  3.94073323
658.5  3.95463461
659.0  3.96313654
659.5  3.96712723
660.0  3.95061564
660.5  3.93410671
661.0  3.90927995
661.5  3.90407834
662.0  3.89871436
662.5  3.90876638
663.0  3.92265336
663.5  3.94451598
664.0  3.96364867
664.5  3.97116963
665.0  3.97699084
665.5  3.97451566
666.0  3.96658548
666.5  3.95829635
667.0  3.95531831
667.5  3.96472028
668.0  3.97480717
668.5  3.99989665
669.0  4.02009591
669.5  4.03669581
670.0  4.04149137
670.5  4.02734004
671.0  4.01414036
671.5  3.98222437
672.0  3.98143207
672.5  3.95298627
673.0  3.96208005
673.5  3.94635915
674.0  3.96945224
674.5  3.95749316
675.0  3.95732882
675.5  3.93158508
676.0  3.91728097
676.5  3.89395003
677.0  3.87094111
677.5  3.85142703
678.0  3.84496184
678.5  3.85328988
679.0  3.86790455
679.5  3.88222305
680.0  3.89050914
680.5  3.89408412
681.0  3.88178601
681.5  3.85858029
682.0  3.84296728
682.5  3.83986046
683.0  3.85301648
683.5  3.87965020
684.0  3.91503720
684.5  3.95618225
685.0  4.00053572
685.5  4.03512312
686.0  4.05168879
686.5  4.05394678
687.0  4.05002967
687.5  4.03968905
688.0  4.02302620
688.5  4.01224370
689.0  4.01253412
689.5  4.01971055
690.0  4.03177155
690.5  4.04138152
691.0  4.04818609
691.5  4.05164724
692.0  4.05384742
692.5  4.05740006
693.0  4.06577262
693.5  4.08067909
694.0  4.10337642
694.5  4.12371115
695.0  4.13005249
695.5  4.12948532
696.0  4.11358203
696.5  4.08262969
697.0  4.04124888
697.5  3.99251503
698.0  3.94115188
698.5  3.89807143
699.0  3.87105858
699.5  3.86393429
700.0  3.86631759
700.5  3.87510909
701.0  3.88512825
701.5  3.89162203
702.0  3.88841381
702.5  3.87886971
703.0  3.86627802
703.5  3.85258105
704.0  3.84163274
704.5  3.82990592
705.0  3.81446544
705.5  3.79318156
706.0  3.76658655
706.5  3.73569976
707.0  3.70033386
707.5  3.66846525
708.0  3.64485359
708.5  3.63452333
709.0  3.64579309
709.5  3.68064622
710.0  3.72789224
710.5  3.78396264
711.0  3.85004199
711.5  3.90714300
712.0  3.93913091
712.5  3.95533630
713.0  3.96771871
713.5  3.96876467
714.0  3.96362684
714.5  3.96896846
715.0  3.98311347
715.5  4.00169740
716.0  4.02290829
716.5  4.04624698
717.0  4.06600871
717.5  4.07790859
718.0  4.08474447
718.5  4.09109016
719.0  4.09281933
719.5  4.09080995
720.0  4.08688185
720.5  4.07994514
721.0  4.06494613
721.5  4.03571603
722.0  3.98696949
722.5  3.91887168
723.0  3.83619821
723.5  3.74795690
724.0  3.66602031
724.5  3.59840607
725.0  3.54694901
725.5  3.51503500
726.0  3.50570380
726.5  3.50805325
727.0  3.50841699
727.5  3.51078463
728.0  3.51302033
728.5  3.51033540
729.0  3.49856497
729.5  3.48548136
730.0  3.47297962
730.5  3.45890253
731.0  3.44415120
731.5  3.42907885
732.0  3.40854517
732.5  3.37876290
733.0  3.34477591
733.5  3.31080481
734.0  3.28530858
734.5  3.28064791
735.0  3.30433460
735.5  3.35297415
736.0  3.41841101
736.5  3.50072693
737.0  3.58713176
737.5  3.66171307
738.0  3.72094993
738.5  3.75802440
739.0  3.77689949
739.5  3.77797227
740.0  3.76939058
740.5  3.76035113
741.0  3.75385277
741.5  3.75243165
742.0  3.75795611
742.5  3.76853501
743.0  3.77507055
743.5  3.77956511
744.0  3.78454075
744.5  3.79211934
745.0  3.80256731
745.5  3.82027279
746.0  3.84343683
746.5  3.86476248
747.0  3.87551487
747.5  3.87400315
748.0  3.85757473
748.5  3.81868074
749.0  3.76129610
749.5  3.68873812
750.0  3.61184291
750.5  3.53792015
751.0  3.47438550
751.5  3.42739001
752.0  3.39584316
752.5  3.37797493
753.0  3.36832302
753.5  3.36116135
754.0  3.35182710
754.5  3.33891868
755.0  3.32329844
755.5  3.31231948
756.0  3.30471060
756.5  3.29506617
757.0  3.31118662
757.5  3.29425059
758.0  3.32596254
758.5  3.28196419
759.0  3.31731736
759.5  3.25411836
760.0  3.27598351
760.5  3.21317740
761.0  3.21889243
761.5  3.19840367
762.0  3.18814879
762.5  3.22482509
763.0  3.19436181
763.5  3.26431199
764.0  3.21532813
764.5  3.26945870
765.0  3.21474501
765.5  3.24933087
766.0  3.21906372
766.5  3.23076186
767.0  3.23503879
767.5  3.25509515
768.0  3.27870549
768.5  3.28857821
769.0  3.29606280
769.5  3.30705223
770.0  3.29260101
770.5  3.30361769
771.0  3.25492820
771.5  3.28087608
772.0  3.23526060
772.5  3.28178065
773.0  3.24214294
773.5  3.29407496
774.0  3.27728781
774.5  3.30315928
775.0  3.29516211
775.5  3.28387519
776.0  3.30216541
776.5  3.26578886
777.0  3.31391360
777.5  3.28579886
778.0  3.34634817
778.5  3.32059135
779.0  3.36677261
779.5  3.34564339
780.0  3.35886181
780.5  3.33381685
781.0  3.31888365
781.5  3.29696140
782.0  3.27255309
782.5  3.25754107
783.0  3.24900956
783.5  3.23103961
784.0  3.24771583
784.5  3.21869151
785.0  3.25105225
785.5  3.18887953
786.0  3.22293808
786.5  3.16851260
787.0  3.20467852
787.5  3.17831000
788.0  3.20391459
788.5  3.22449263
789.0  3.22907293
789.5  3.27540273
790.0  3.24780270
790.5  3.29730979
791.0  3.25848000
791.5  3.28881564
792.0  3.25112002
792.5  3.26970435
793.0  3.26239622
793.5  3.27576715
794.0  3.28649913
794.5  3.30004821
795.0  3.30908681
795.5  3.31125100
796.0  3.29441682
796.5  3.29529116
797.0  3.25889390
797.5  3.27741185
798.0  3.24176293
798.5  3.28173076
799.0  3.25532131
799.5  3.29892494
800.0  3.29127537
800.5  3.31208841
801.0  3.30712268
801.5  3.29643338
802.0  3.30718578
802.5  3.26934199
803.0  3.28846464
803.5  3.25014998
804.0  3.28684482
804.5  3.26175599
805.0  3.28945561
805.5  3.27011275
806.0  3.27760100
806.5  3.25542667
807.0  3.23515282
807.5  3.21225799
808.0  3.19268975
808.5  3.17616715
809.0  3.17908069
809.5  3.17040735
810.0  3.18893337
810.5  3.16837088
811.0  3.19374454
811.5  3.16953530
812.0  3.19352268
812.5  3.16815185
813.0  3.17795005
813.5  3.17522825
814.0  3.18471940
814.5  3.21017386
815.0  3.21171800
815.5  3.25413491
816.0  3.25183894
816.5  3.27988429
817.0  3.26352644
817.5  3.27110206
818.0  3.25895106
818.5  3.25921078
819.0  3.25747932
819.5  3.25961907
820.0  3.26209761
820.5  3.27076670
821.0  3.26403957
821.5  3.26739548
822.0  3.24219557
822.5  3.24414393
823.0  3.21096787
823.5  3.20768025
824.0  3.18041913
824.5  3.18445713
825.0  3.18089269
825.5  3.19049024
826.0  3.20448150
826.5  3.20836183
827.0  3.22353541
827.5  3.21313297
828.0  3.22334478
828.5  3.21042532
829.0  3.22719948
829.5  3.23117597
830.0  3.25671683
830.5  3.27182903
831.0  3.29074497
831.5  3.30505135
832.0  3.31470947
832.5  3.31589680
833.0  3.30816832
833.5  3.29513267
834.0  3.29058281
834.5  3.27368233
835.0  3.27452675
835.5  3.26517892
836.0  3.28059886
836.5  3.27466839
837.0  3.27567689
837.5  3.26113949
838.0  3.24936168
838.5  3.22949897
839.0  3.20640123
839.5  3.19668749
840.0  3.19021421
840.5  3.19417379
841.0  3.20026872
841.5  3.20676966
842.0  3.21102184
842.5  3.20991281
843.0  3.20953694
843.5  3.20039833
844.0  3.18769223
844.5  3.17918121
845.0  3.17226178
845.5  3.17747048
846.0  3.18056896
846.5  3.20075932
847.0  3.21540622
847.5  3.23653324
848.0  3.24157698
848.5  3.24540748
849.0  3.24835373
849.5  3.25197465
850.0  3.25553911
850.5  3.26407846
851.0  3.27599004
851.5  3.30011607
852.0  3.30789231
852.5  3.33158912
853.0  3.32728005
853.5  3.33970462
854.0  3.32392215
854.5  3.32495079
855.0  3.29751408
855.5  3.29271193
856.0  3.27728384
856.5  3.26572814
857.0  3.26572654
857.5  3.25540480
858.0  3.25752307
858.5  3.22700195
859.0  3.22439538
859.5  3.19835660
860.0  3.19300817
860.5  3.16912495
861.0  3.17140450
861.5  3.17408182
862.0  3.17617097
862.5  3.17647987
863.0  3.17887025
863.5  3.18058316
864.0  3.18142573
864.5  3.16624055
865.0  3.17831722
865.5  3.16038640
866.0  3.18193921
866.5  3.16730605
867.0  3.20694439
867.5  3.20986391
868.0  3.24306091
868.5  3.25107882
869.0  3.25700179
869.5  3.26994109
870.0  3.24800529
870.5  3.26933870
871.0  3.24750654
871.5  3.27737855
872.0  3.26210138
872.5  3.28975759
873.0  3.28708413
873.5  3.29521188
874.0  3.28976415
874.5  3.28268876
875.0  3.26821453
875.5  3.25288979
876.0  3.22893890
876.5  3.22516186
877.0  3.20137505
877.5  3.22159361
878.0  3.19969908
878.5  3.23496218
879.0  3.21416243
879.5  3.23988323
880.0  3.21311798
880.5  3.22268124
881.0  3.21520204
881.5  3.21255181
882.0  3.23036301
882.5  3.22307016
883.0  3.26231899
883.5  3.25190890
884.0  3.29004188
884.5  3.26981581
885.0  3.29215920
885.5  3.27486590
886.0  3.27446274
886.5  3.25686242
887.0  3.24786657
887.5  3.24576988
888.0  3.24531349
888.5  3.24693864
889.0  3.26051197
889.5  3.24373125
890.0  3.26063391
890.5  3.21967718
891.0  3.24281877
891.5  3.19246581
892.0  3.21939813
892.5  3.19640009
893.0  3.21363362
893.5  3.21377073
894.0  3.21137806
894.5  3.24302596
895.0  3.21248306
895.5  3.24751195
896.0  3.21285677
896.5  3.24212095
897.0  3.20325055
897.5  3.22619135
898.0  3.21627574
898.5  3.23169502
899.0  3.23807343
899.5  3.25497964
900.0  3.26453698
900.5  3.26260528
901.0  3.25271198
901.5  3.25965680
902.0  3.23782780
902.5  3.25608673
903.0  3.22715821
903.5  3.27194056
904.0  3.23473338
904.5  3.27833497
905.0  3.24311513
905.5  3.28089585
906.0  3.24723338
906.5  3.25576651
907.0  3.24537254
907.5  3.23490524
908.0  3.24835702
908.5  3.22530251
909.0  3.26899993
909.5  3.24946990
910.0  3.29759969
910.5  3.27077919
911.0  3.29749232
911.5  3.27280248
912.0  3.27496636
912.5  3.25847215
913.0  3.25349504
913.5  3.25012737
914.0  3.24717893
914.5  3.24741976
915.0  3.24989816
915.5  3.23259262
916.0  3.24232965
916.5  3.20024907
917.0  3.22340954
917.5  3.16423316
918.0  3.19235147
918.5  3.14290775
919.0  3.18277092
919.5  3.16791359
920.0  3.19828780
920.5  3.21952683
921.0  3.22468417
921.5  3.26474029
922.0  3.23827511
922.5  3.27881698
923.0  3.24892594
923.5  3.28831508
924.0  3.27117719
924.5  3.29904739
925.0  3.30256935
925.5  3.31790873
926.0  3.32305102
926.5  3.32307703
927.0  3.31654624
927.5  3.31323540
928.0  3.28088651
928.5  3.28184479
929.0  3.23289300
929.5  3.25621565
930.0  3.20383386
930.5  3.24528637
931.0  3.20471563
931.5  3.24657616
932.0  3.21178940
932.5  3.23112604
933.0  3.21935482
933.5  3.21844251
934.0  3.23100397
934.5  3.21645840
935.0  3.25240543
935.5  3.23624585
936.0  3.27490711
936.5  3.25593656
937.0  3.28394613
937.5  3.27643106
938.0  3.28706264
938.5  3.27534489
939.0  3.26444468
939.5  3.26659778
940.0  3.25588683
940.5  3.25833382
941.0  3.25430426
941.5  3.24980892
942.0  3.25915545
942.5  3.22468553
943.0  3.24096800
943.5  3.18819937
944.0  3.22629889
944.5  3.17436810
945.0  3.21134787
945.5  3.17691424
946.0  3.20252415
946.5  3.19909601
947.0  3.19673263
947.5  3.21320284
948.0  3.19526148
948.5  3.22746905
949.0  3.20264357
949.5  3.23279363
950.0  3.22385423
950.5  3.25277328
951.0  3.26191472
951.5  3.28198124
952.0  3.29545423
952.5  3.30334500
953.0  3.30261011
953.5  3.29870177
954.0  3.28030126
954.5  3.28687085
955.0  3.25697644
955.5  3.27628342
956.0  3.23508290
956.5  3.26594062
957.0  3.22227379
957.5  3.25142818
958.0  3.20716630
958.5  3.22300262
959.0  3.18967628
959.5  3.18878151
960.0  3.17427903
960.5  3.16535030
961.0  3.17560353
961.5  3.17134360
962.0  3.20197918
962.5  3.20159170
963.0  3.22635313
963.5  3.22982491
964.0  3.24373006
964.5  3.24860520
965.0  3.25586475
965.5  3.27491683
966.0  3.28258571
966.5  3.29640677
967.0  3.31084710
967.5  3.31366658
968.0  3.33458596
968.5  3.31532461
969.0  3.33814465
969.5  3.30090766
970.0  3.31058430
970.5  3.26799189
971.0  3.26676681
971.5  3.24071887
972.0  3.22745928
972.5  3.21711667
973.0  3.19755936
973.5  3.19847269
974.0  3.16792277
974.5  3.16287431
975.0  3.14357327
975.5  3.14182506
976.0  3.13270578
976.5  3.13494723
977.0  3.14393377
977.5  3.15262606
978.0  3.16799292
978.5  3.19243690
979.0  3.20549625
979.5  3.23678762
980.0  3.24256708
980.5  3.28413170
981.0  3.28141796
981.5  3.31858415
982.0  3.31445157
982.5  3.34538307
983.0  3.34719090
983.5  3.35927483
984.0  3.35077849
984.5  3.34177405
985.0  3.33636171
985.5  3.31122579
986.0  3.29872454
986.5  3.26982568
987.0  3.25651808
987.5  3.22828509
988.0  3.20716817
988.5  3.18457076
989.0  3.16087343
989.5  3.14431171
990.0  3.12434847
990.5  3.11605071
991.0  3.10885172
991.5  3.10698049
992.0  3.11870886
992.5  3.12749196
993.0  3.15997229
993.5  3.17596518
994.0  3.20990608
994.5  3.21969985
995.0  3.25152705
995.5  3.26004900
996.0  3.27553512
996.5  3.28266004
997.0  3.29415490
997.5  3.30201830
998.0  3.30227614
998.5  3.30101803
999.0  3.29667772
999.5  3.28549616
1000.0  3.28068002
