0.0  0.367924  1.483956  1.851880
0.5  0.337170  1.515678  1.852847
1.0  0.317409  1.535964  1.853374
1.5  0.314687  1.538751  1.853438
2.0  0.330285  1.522806  1.853091
2.5  0.360912  1.491849  1.852761
3.0  0.399681  1.452643  1.852324
3.5  0.437620  1.413994  1.851614
4.0  0.465770  1.385426  1.851196
4.5  0.477869  1.373459  1.851328
5.0  0.473149  1.378498  1.851648
5.5  0.457918  1.394412  1.852330
6.0  0.444225  1.408965  1.853190
6.5  0.444937  1.408938  1.853875
7.0  0.467063  1.386497  1.853559
7.5  0.507240  1.345494  1.852734
8.0  0.552616  1.299120  1.851736
8.5  0.586770  1.264272  1.851042
9.0  0.597056  1.253548  1.850604
9.5  0.579409  1.271764  1.851173
10.0  0.538922  1.312946  1.851868
10.5  0.486960  1.365749  1.852709
11.0  0.436779  1.416684  1.853463
11.5  0.399492  1.454336  1.853828
12.0  0.381486  1.472535  1.854020
12.5  0.383516  1.470297  1.853812
13.0  0.401173  1.452239  1.853412
13.5  0.426231  1.426426  1.852657
14.0  0.448587  1.403574  1.852161
14.5  0.458749  1.392880  1.851629
15.0  0.450773  1.400591  1.851363
15.5  0.425069  1.426832  1.851901
16.0  0.389733  1.463099  1.852832
16.5  0.358789  1.495052  1.853841
17.0  0.346834  1.507540  1.854374
17.5  0.362026  1.492065  1.854091
18.0  0.401396  1.452004  1.853400
18.5  0.451665  1.400535  1.852199
19.0  0.495287  1.356027  1.851313
19.5  0.518077  1.332498  1.850576
20.0  0.514390  1.336697  1.851087
20.5  0.488029  1.363911  1.851940
21.0  0.449586  1.403120  1.852707
21.5  0.412152  1.441081  1.853232
22.0  0.387221  1.466440  1.853662
22.5  0.381899  1.472084  1.853983
23.0  0.397678  1.455915  1.853593
23.5  0.430567  1.422563  1.853130
24.0  0.472189  1.380360  1.852549
24.5  0.511627  1.340258  1.851885
25.0  0.538029  1.313288  1.851316
25.5  0.543853  1.307611  1.851464
26.0  0.528105  1.323843  1.851948
26.5  0.498028  1.354926  1.852953
27.0  0.467453  1.386492  1.853944
27.5  0.451211  1.403102  1.854312
28.0  0.457782  1.396694  1.854476
28.5  0.484464  1.369131  1.853596
29.0  0.518394  1.333924  1.852318
29.5  0.542874  1.308599  1.851473
30.0  0.545059  1.306136  1.851195
30.5  0.520890  1.331217  1.852107
31.0  0.475663  1.377469  1.853132
31.5  0.421134  1.432632  1.853766
32.0  0.371181  1.483426  1.854606
32.5  0.337736  1.517490  1.855227
33.0  0.327991  1.527478  1.855469
33.5  0.343110  1.512086  1.855196
34.0  0.378308  1.476116  1.854424
34.5  0.424012  1.429885  1.853897
35.0  0.467946  1.385237  1.853183
35.5  0.498095  1.355034  1.853129
36.0  0.506331  1.346365  1.852696
36.5  0.491860  1.361616  1.853476
37.0  0.462844  1.391671  1.854516
37.5  0.434349  1.421186  1.855535
38.0  0.422229  1.434071  1.856300
38.5  0.435424  1.420488  1.855913
39.0  0.471158  1.383854  1.855013
39.5  0.516240  1.337659  1.853899
40.0  0.553624  1.299571  1.853194
40.5  0.570082  1.282918  1.853001
41.0  0.560945  1.292511  1.853456
41.5  0.530502  1.323632  1.854134
42.0  0.489159  1.366067  1.855227
42.5  0.449352  1.406566  1.855918
43.0  0.421852  1.434229  1.856081
43.5  0.413275  1.442890  1.856165
44.0  0.424948  1.431198  1.856146
44.5  0.452937  1.403354  1.856291
45.0  0.489012  1.366301  1.855313
45.5  0.522426  1.332034  1.854460
46.0  0.542519  1.311204  1.853723
46.5  0.541965  1.312494  1.854458
47.0  0.519931  1.335509  1.855439
47.5  0.483656  1.371807  1.855462
48.0  0.446752  1.408905  1.855658
48.5  0.423789  1.432871  1.856660
49.0  0.423286  1.435085  1.858371
49.5  0.443198  1.414246  1.857444
50.0  0.471911  1.383995  1.855906
50.5  0.494150  1.360791  1.854941
51.0  0.498021  1.357259  1.855280
51.5  0.479427  1.376336  1.855763
52.0  0.442452  1.413607  1.856059
52.5  0.396724  1.459374  1.856098
53.0  0.353618  1.503352  1.856971
53.5  0.322865  1.534514  1.857379
54.0  0.310287  1.547003  1.857289
54.5  0.316804  1.540682  1.857485
55.0  0.338491  1.518501  1.856992
55.5  0.367488  1.488764  1.856252
56.0  0.393677  1.461144  1.854820
56.5  0.407173  1.447015  1.854188
57.0  0.401491  1.453301  1.854792
57.5  0.376674  1.479634  1.856308
58.0  0.340914  1.516086  1.857000
58.5  0.308913  1.548362  1.857275
59.0  0.296421  1.561149  1.857569
59.5  0.312954  1.544743  1.857697
60.0  0.356814  1.500988  1.857803
60.5  0.415782  1.440772  1.856554
61.0  0.473119  1.381715  1.854834
61.5  0.515079  1.339562  1.854641
62.0  0.535785  1.319878  1.855663
62.5  0.537818  1.318325  1.856143
63.0  0.529514  1.327058  1.856572
63.5  0.521047  1.336073  1.857121
64.0  0.520968  1.336605  1.857574
64.5  0.534023  1.323213  1.857236
65.0  0.560309  1.296477  1.856787
65.5  0.595485  1.261645  1.857131
66.0  0.631743  1.224705  1.856447
66.5  0.659405  1.196795  1.856201
67.0  0.669156  1.186926  1.856082
67.5  0.654771  1.201001  1.855773
68.0  0.615800  1.239882  1.855683
68.5  0.558987  1.297632  1.856619
69.0  0.497075  1.360913  1.857989
69.5  0.444503  1.414096  1.858600
70.0  0.411468  1.446682  1.858150
70.5  0.399523  1.458147  1.857670
71.0  0.401490  1.455842  1.857332
71.5  0.405780  1.451234  1.857014
72.0  0.402363  1.453835  1.856198
72.5  0.387032  1.469283  1.856315
73.0  0.362274  1.495523  1.857797
73.5  0.335296  1.522920  1.858215
74.0  0.314785  1.543329  1.858114
74.5  0.307935  1.550158  1.858093
75.0  0.318505  1.540078  1.858583
75.5  0.346075  1.512628  1.858704
76.0  0.386248  1.472518  1.858767
76.5  0.431555  1.425600  1.857156
77.0  0.472917  1.384194  1.857112
77.5  0.501677  1.354584  1.856262
78.0  0.512087  1.344084  1.856170
78.5  0.503684  1.353055  1.856739
79.0  0.482403  1.374583  1.856986
79.5  0.459115  1.398712  1.857828
80.0  0.445329  1.413349  1.858678
80.5  0.447724  1.410434  1.858159
81.0  0.464651  1.392841  1.857492
81.5  0.486984  1.369953  1.856937
82.0  0.502912  1.353522  1.856433
82.5  0.503696  1.352447  1.856143
83.0  0.487243  1.369438  1.856681
83.5  0.458230  1.399587  1.857817
84.0  0.425582  1.432956  1.858538
84.5  0.399011  1.459505  1.858516
85.0  0.386044  1.472688  1.858732
85.5  0.390256  1.468742  1.858999
86.0  0.410772  1.447734  1.858506
86.5  0.442766  1.415706  1.858472
87.0  0.478683  1.378820  1.857503
87.5  0.509979  1.347037  1.857016
88.0  0.529312  1.327538  1.856851
88.5  0.532945  1.322676  1.855621
89.0  0.522670  1.333555  1.856225
89.5  0.506097  1.351120  1.857217
90.0  0.494265  1.363855  1.858120
90.5  0.496799  1.361335  1.858134
91.0  0.516792  1.340648  1.857440
91.5  0.548515  1.308156  1.856670
92.0  0.579697  1.276766  1.856463
92.5  0.597154  1.258991  1.856145
93.0  0.592479  1.262994  1.855473
93.5  0.564943  1.290299  1.855242
94.0  0.520869  1.336105  1.856974
94.5  0.470615  1.387763  1.858377
95.0  0.424920  1.434214  1.859134
95.5  0.391955  1.467545  1.859500
96.0  0.375645  1.483940  1.859585
96.5  0.375251  1.485120  1.860370
97.0  0.385942  1.474348  1.860289
97.5  0.400095  1.458520  1.858616
98.0  0.409187  1.448849  1.858036
98.5  0.406191  1.452041  1.858232
99.0  0.388218  1.470163  1.858381
99.5  0.358574  1.499922  1.858496
100.0  0.326934  1.532969  1.859902
100.5  0.306509  1.553627  1.860136
101.0  0.308550  1.552379  1.860929
101.5  0.336610  1.524107  1.860716
102.0  0.384004  1.475962  1.859966
102.5  0.436354  1.422248  1.858601
103.0  0.477840  1.380105  1.857945
103.5  0.497591  1.360328  1.857919
104.0  0.493057  1.365264  1.858321
104.5  0.469545  1.389141  1.858686
105.0  0.437104  1.421546  1.858651
105.5  0.406669  1.452679  1.859348
106.0  0.386877  1.472973  1.859850
106.5  0.382198  1.477785  1.859983
107.0  0.392361  1.467561  1.859922
107.5  0.412795  1.444697  1.857492
108.0  0.435830  1.421589  1.857419
108.5  0.452566  1.405577  1.858144
109.0  0.455376  1.403356  1.858732
109.5  0.440758  1.418673  1.859431
110.0  0.411690  1.449324  1.861014
110.5  0.378063  1.485126  1.863189
111.0  0.353956  1.511811  1.865767
111.5  0.352026  1.515070  1.867096
112.0  0.377442  1.489854  1.867296
112.5  0.424929  1.442837  1.867766
113.0  0.480980  1.386017  1.866998
113.5  0.530009  1.336514  1.866523
114.0  0.560831  1.305103  1.865934
114.5  0.570226  1.296275  1.866501
115.0  0.562610  1.304615  1.867224
115.5  0.547017  1.321426  1.868444
116.0  0.533296  1.335114  1.868410
116.5  0.529005  1.338611  1.867616
117.0  0.537633  1.329848  1.867482
117.5  0.558100  1.308952  1.867052
118.0  0.585211  1.281999  1.867210
118.5  0.610819  1.254446  1.865266
119.0  0.625637  1.240621  1.866258
119.5  0.621716  1.243541  1.865257
120.0  0.595347  1.270063  1.865410
120.5  0.549465  1.316370  1.865835
121.0  0.494092  1.372941  1.867033
121.5  0.443572  1.426816  1.870388
122.0  0.410961  1.457712  1.868672
122.5  0.402094  1.467814  1.869908
123.0  0.412832  1.454948  1.867780
123.5  0.431342  1.437297  1.868639
124.0  0.444052  1.422526  1.866578
124.5  0.441713  1.425383  1.867096
125.0  0.422572  1.445577  1.868149
125.5  0.391864  1.476448  1.868313
126.0  0.358850  1.510628  1.869478
126.5  0.333210  1.535641  1.868851
127.0  0.322169  1.548625  1.870794
127.5  0.328883  1.540355  1.869238
128.0  0.352034  1.517925  1.869958
128.5  0.386287  1.482952  1.869239
129.0  0.423391  1.445853  1.869244
129.5  0.453868  1.413323  1.867192
130.0  0.469387  1.397342  1.866729
130.5  0.465610  1.401896  1.867506
131.0  0.444638  1.424098  1.868735
131.5  0.415494  1.453157  1.868651
132.0  0.391366  1.478086  1.869452
132.5  0.383943  1.485216  1.869160
133.0  0.397558  1.472367  1.869925
133.5  0.426753  1.441767  1.868520
134.0  0.459039  1.410139  1.869178
134.5  0.481171  1.386900  1.868072
135.0  0.485172  1.383998  1.869170
135.5  0.471101  1.397095  1.868195
136.0  0.446019  1.423911  1.869929
136.5  0.420572  1.450759  1.871331
137.0  0.405131  1.466986  1.872117
137.5  0.406845  1.465589  1.872434
138.0  0.428118  1.443572  1.871690
138.5  0.466390  1.405723  1.872113
139.0  0.514877  1.355333  1.870210
139.5  0.563989  1.307060  1.871049
140.0  0.603367  1.266620  1.869987
140.5  0.624515  1.246260  1.870776
141.0  0.623698  1.245358  1.869055
141.5  0.604059  1.267269  1.871328
142.0  0.575406  1.296265  1.871671
142.5  0.550630  1.322478  1.873108
143.0  0.539703  1.332589  1.872292
143.5  0.544370  1.327203  1.871574
144.0  0.556984  1.313273  1.870258
144.5  0.564398  1.305522  1.869920
145.0  0.554516  1.314739  1.869255
145.5  0.521677  1.347621  1.869299
146.0  0.468458  1.400758  1.869216
146.5  0.403930  1.467304  1.871235
147.0  0.340040  1.531416  1.871457
147.5  0.287915  1.585575  1.873490
148.0  0.255233  1.617969  1.873202
148.5  0.244978  1.628758  1.873736
149.0  0.255385  1.617337  1.872722
149.5  0.280706  1.591238  1.871944
150.0  0.312541  1.560116  1.872657
150.5  0.341699  1.528220  1.869918
151.0  0.360610  1.510567  1.871177
151.5  0.365989  1.503940  1.869929
152.0  0.360771  1.511724  1.872495
152.5  0.353851  1.519382  1.873233
153.0  0.356689  1.518585  1.875275
153.5  0.377698  1.496814  1.874512
154.0  0.417340  1.455990  1.873329
154.5  0.467137  1.407206  1.874343
155.0  0.513435  1.359624  1.873059
155.5  0.543633  1.329717  1.873351
156.0  0.551295  1.321306  1.872601
156.5  0.537828  1.335544  1.873373
157.0  0.510806  1.363286  1.874092
157.5  0.480495  1.394503  1.874998
158.0  0.456358  1.419438  1.875796
158.5  0.444609  1.431420  1.876029
159.0  0.447136  1.428762  1.875898
159.5  0.461578  1.413923  1.875501
160.0  0.482188  1.392512  1.874700
160.5  0.501249  1.373890  1.875139
161.0  0.510998  1.362199  1.873197
161.5  0.506020  1.367449  1.873470
162.0  0.485719  1.387116  1.872835
162.5  0.455770  1.420256  1.876026
163.0  0.427176  1.447569  1.874744
163.5  0.412288  1.464498  1.876785
164.0  0.419115  1.455216  1.874331
164.5  0.446998  1.429621  1.876619
165.0  0.486538  1.386998  1.873535
165.5  0.524041  1.349813  1.873855
166.0  0.547824  1.324765  1.872589
166.5  0.552811  1.321007  1.873818
167.0  0.541515  1.331985  1.873500
167.5  0.521793  1.352441  1.874235
168.0  0.503142  1.372228  1.875369
168.5  0.493271  1.382432  1.875703
169.0  0.495973  1.379709  1.875682
169.5  0.510469  1.364116  1.874584
170.0  0.531932  1.343227  1.875159
170.5  0.552748  1.321881  1.874629
171.0  0.564225  1.310629  1.874854
171.5  0.558689  1.315611  1.874300
172.0  0.531914  1.342228  1.874142
172.5  0.485416  1.389147  1.874563
173.0  0.427512  1.448202  1.875714
173.5  0.371802  1.504614  1.876417
174.0  0.332658  1.544569  1.877227
174.5  0.319254  1.556559  1.875813
175.0  0.331364  1.544881  1.876246
175.5  0.359635  1.516720  1.876355
176.0  0.390354  1.485199  1.875553
176.5  0.411834  1.462481  1.874315
177.0  0.418923  1.456587  1.875510
177.5  0.413870  1.462610  1.876480
178.0  0.404074  1.471970  1.876045
178.5  0.398480  1.479901  1.878382
179.0  0.404272  1.474667  1.878938
179.5  0.424794  1.455741  1.880536
180.0  0.458860  1.418741  1.877601
180.5  0.501140  1.376345  1.877485
181.0  0.543260  1.334022  1.877281
181.5  0.575415  1.302672  1.878087
182.0  0.588522  1.287982  1.876505
182.5  0.576894  1.299608  1.876502
183.0  0.540897  1.337104  1.878001
183.5  0.488279  1.391720  1.879999
184.0  0.432631  1.448828  1.881459
184.5  0.388552  1.491965  1.880516
185.0  0.365351  1.514220  1.879571
185.5  0.362856  1.517004  1.879860
186.0  0.372071  1.508563  1.880635
186.5  0.380358  1.498133  1.878492
187.0  0.377876  1.499715  1.877592
187.5  0.361738  1.517819  1.879557
188.0  0.336347  1.543888  1.880234
188.5  0.310722  1.569931  1.880653
189.0  0.294695  1.586391  1.881085
189.5  0.295645  1.587022  1.882667
190.0  0.316658  1.566011  1.882669
190.5  0.356143  1.525772  1.881916
191.0  0.408531  1.474701  1.883233
191.5  0.465551  1.415406  1.880958
192.0  0.517846  1.362250  1.880096
192.5  0.556949  1.320814  1.877762
193.0  0.577639  1.301550  1.879189
193.5  0.580166  1.299436  1.879602
194.0  0.571082  1.309033  1.880115
194.5  0.561317  1.319153  1.880470
195.0  0.561410  1.320569  1.881978
195.5  0.575984  1.304809  1.880793
196.0  0.600875  1.276963  1.877839
196.5  0.624983  1.252584  1.877567
197.0  0.635779  1.241144  1.876924
197.5  0.625099  1.250276  1.875375
198.0  0.592189  1.284231  1.876420
198.5  0.543163  1.334910  1.878072
199.0  0.488007  1.390380  1.878387
199.5  0.436957  1.441748  1.878704
200.0  0.397640  1.482149  1.879789
200.5  0.373632  1.505717  1.879349
201.0  0.364349  1.514648  1.878997
201.5  0.365855  1.513630  1.879485
202.0  0.372121  1.506900  1.879021
202.5  0.376490  1.503427  1.879917
203.0  0.373395  1.506056  1.879451
203.5  0.360351  1.518704  1.879054
204.0  0.339702  1.539597  1.879299
204.5  0.318979  1.561923  1.880902
205.0  0.308659  1.572895  1.881554
205.5  0.317490  1.564169  1.881659
206.0  0.347548  1.539450  1.886997
206.5  0.392175  1.493441  1.885616
207.0  0.438486  1.447922  1.886408
207.5  0.473075  1.413297  1.886372
208.0  0.487588  1.399591  1.887179
208.5  0.481397  1.405314  1.886711
209.0  0.460726  1.426300  1.887026
209.5  0.435464  1.452174  1.887638
210.0  0.415438  1.472055  1.887494
210.5  0.407547  1.479562  1.887108
211.0  0.414322  1.473688  1.888010
211.5  0.433912  1.453020  1.886932
212.0  0.461027  1.425047  1.886074
212.5  0.488424  1.397717  1.886141
213.0  0.508659  1.377380  1.886039
213.5  0.516111  1.369050  1.885162
214.0  0.509137  1.377208  1.886345
214.5  0.491645  1.395737  1.887382
215.0  0.472827  1.414926  1.887753
215.5  0.464070  1.424094  1.888164
216.0  0.473720  1.414844  1.888564
216.5  0.502343  1.384741  1.887083
217.0  0.541622  1.344627  1.886250
217.5  0.577937  1.307664  1.885601
218.0  0.598574  1.288741  1.887314
218.5  0.597022  1.290283  1.887304
219.0  0.574881  1.311566  1.886446
219.5  0.540252  1.348499  1.888751
220.0  0.504129  1.386022  1.890151
220.5  0.476594  1.412190  1.888784
221.0  0.464068  1.424953  1.889020
221.5  0.468076  1.422394  1.890470
222.0  0.485406  1.403583  1.888990
222.5  0.509222  1.378221  1.887443
223.0  0.530719  1.355222  1.885941
223.5  0.541123  1.344764  1.885886
224.0  0.534021  1.352006  1.886027
224.5  0.507822  1.379489  1.887311
225.0  0.467462  1.420264  1.887725
225.5  0.423938  1.464439  1.888377
226.0  0.390696  1.498945  1.889641
226.5  0.377760  1.511823  1.889583
227.0  0.386636  1.502902  1.889537
227.5  0.409306  1.479680  1.888986
228.0  0.432213  1.455528  1.887741
228.5  0.442812  1.443216  1.886029
229.0  0.434902  1.452710  1.887612
229.5  0.410349  1.478012  1.888361
230.0  0.377269  1.509874  1.887142
230.5  0.346334  1.541586  1.887920
231.0  0.327024  1.563234  1.890258
231.5  0.325006  1.565737  1.890742
232.0  0.341022  1.547145  1.888168
232.5  0.371175  1.520903  1.892079
233.0  0.408142  1.483657  1.891799
233.5  0.442908  1.449370  1.892279
234.0  0.466767  1.425919  1.892686
234.5  0.473510  1.420645  1.894156
235.0  0.461649  1.431715  1.893364
235.5  0.435883  1.458451  1.894334
236.0  0.406518  1.488332  1.894850
236.5  0.385886  1.509038  1.894924
237.0  0.382687  1.512864  1.895551
237.5  0.397273  1.498035  1.895308
238.0  0.421136  1.473695  1.894831
238.5  0.441276  1.453138  1.894414
239.0  0.446787  1.447139  1.893926
239.5  0.433811  1.460149  1.893960
240.0  0.406653  1.487961  1.894614
240.5  0.375380  1.521816  1.897197
241.0  0.351716  1.543802  1.895518
241.5  0.345107  1.550698  1.895805
242.0  0.360104  1.536593  1.896697
242.5  0.395455  1.500949  1.896404
243.0  0.444744  1.448774  1.893518
243.5  0.498138  1.395515  1.893653
244.0  0.544744  1.352290  1.897034
244.5  0.575199  1.316362  1.891561
245.0  0.584202  1.306346  1.890547
245.5  0.572540  1.320377  1.892917
246.0  0.547740  1.347600  1.895340
246.5  0.522209  1.369587  1.891796
247.0  0.508580  1.384673  1.893253
247.5  0.513841  1.380255  1.894096
248.0  0.535541  1.357137  1.892678
248.5  0.562732  1.327915  1.890647
249.0  0.581373  1.307089  1.888462
249.5  0.580957  1.308355  1.889312
250.0  0.558759  1.330126  1.888886
250.5  0.520152  1.369490  1.889642
251.0  0.475787  1.414859  1.890646
251.5  0.437543  1.454587  1.892130
252.0  0.414879  1.476418  1.891297
252.5  0.412492  1.478652  1.891144
253.0  0.429513  1.463052  1.892565
253.5  0.460048  1.431404  1.891452
254.0  0.494704  1.394751  1.889455
254.5  0.522767  1.367414  1.890181
255.0  0.534753  1.355023  1.889776
255.5  0.525078  1.365318  1.890396
256.0  0.494298  1.395154  1.889452
256.5  0.449910  1.439534  1.889444
257.0  0.404558  1.484893  1.889450
257.5  0.371399  1.520218  1.891617
258.0  0.358282  1.533577  1.891859
258.5  0.363920  1.527225  1.891145
259.0  0.378628  1.511816  1.890444
259.5  0.389354  1.497825  1.887178
260.0  0.385986  1.502039  1.888025
260.5  0.365512  1.520670  1.886182
261.0  0.332491  1.556256  1.888748
261.5  0.296546  1.591437  1.887983
262.0  0.268613  1.619552  1.888164
262.5  0.257545  1.630985  1.888531
263.0  0.267925  1.621952  1.889877
263.5  0.299294  1.589492  1.888786
264.0  0.346613  1.542313  1.888925
264.5  0.401566  1.487670  1.889235
265.0  0.454418  1.434367  1.888784
265.5  0.496253  1.390320  1.886573
266.0  0.521448  1.367093  1.888541
266.5  0.529875  1.358632  1.888507
267.0  0.527751  1.361399  1.889150
267.5  0.525939  1.361871  1.887810
268.0  0.535432  1.355442  1.890874
268.5  0.561774  1.326017  1.887791
269.0  0.601592  1.288866  1.890458
269.5  0.643701  1.243202  1.886903
270.0  0.674342  1.213235  1.887578
270.5  0.683415  1.203338  1.886753
271.0  0.668336  1.219720  1.888056
271.5  0.634129  1.254693  1.888822
272.0  0.590627  1.298511  1.889137
272.5  0.548627  1.340317  1.888945
273.0  0.516602  1.370831  1.887433
273.5  0.498768  1.390469  1.889237
274.0  0.494649  1.392932  1.887582
274.5  0.499823  1.388752  1.888575
275.0  0.507358  1.379865  1.887223
275.5  0.509555  1.377851  1.887405
276.0  0.499802  1.384722  1.884525
276.5  0.474523  1.410647  1.885170
277.0  0.434936  1.452219  1.887155
277.5  0.387826  1.498277  1.886102
278.0  0.344191  1.540032  1.884223
278.5  0.315367  1.569753  1.885120
279.0  0.307945  1.578976  1.886921
279.5  0.320333  1.565899  1.886232
280.0  0.343344  1.541943  1.885287
280.5  0.364716  1.520676  1.885393
281.0  0.374825  1.509635  1.884460
281.5  0.370448  1.515261  1.885708
282.0  0.355106  1.530049  1.885155
282.5  0.336640  1.548572  1.885213
283.0  0.323683  1.563202  1.886885
283.5  0.322564  1.561726  1.884290
284.0  0.335485  1.550398  1.885883
284.5  0.360189  1.523197  1.883386
285.0  0.390882  1.495053  1.885934
285.5  0.419943  1.463931  1.883875
286.0  0.439933  1.445397  1.885330
286.5  0.445519  1.439407  1.884926
287.0  0.435137  1.449988  1.885125
287.5  0.412092  1.473948  1.886040
288.0  0.384511  1.501853  1.886364
288.5  0.363390  1.526339  1.889730
289.0  0.358628  1.529273  1.887901
289.5  0.374464  1.513677  1.888141
290.0  0.406958  1.479544  1.886502
290.5  0.445478  1.440775  1.886253
291.0  0.477690  1.406735  1.884426
291.5  0.495167  1.389620  1.884787
292.0  0.496624  1.387240  1.883863
292.5  0.487631  1.396905  1.884536
293.0  0.477669  1.408579  1.886248
293.5  0.476297  1.410235  1.886532
294.0  0.489929  1.396798  1.886727
294.5  0.520016  1.366136  1.886152
295.0  0.562817  1.321710  1.884527
295.5  0.610520  1.274801  1.885321
296.0  0.653236  1.232372  1.885608
296.5  0.681378  1.204028  1.885406
297.0  0.687995  1.193690  1.881684
297.5  0.670741  1.212787  1.883528
298.0  0.633079  1.249439  1.882518
298.5  0.584012  1.303053  1.887065
299.0  0.535709  1.347332  1.883041
299.5  0.499191  1.386605  1.885796
300.0  0.479737  1.405572  1.885309
300.5  0.474602  1.411741  1.886343
301.0  0.474686  1.408377  1.883063
301.5  0.469334  1.413742  1.883076
302.0  0.451476  1.434208  1.885684
302.5  0.420450  1.463272  1.883722
303.0  0.381633  1.502573  1.884207
303.5  0.343818  1.540947  1.884765
304.0  0.315880  1.570771  1.886651
304.5  0.304048  1.582451  1.886499
305.0  0.310409  1.576784  1.887193
305.5  0.332741  1.555831  1.888572
306.0  0.365412  1.521421  1.886832
306.5  0.400927  1.484890  1.885817
307.0  0.431705  1.455158  1.886863
307.5  0.451827  1.433586  1.885414
308.0  0.458595  1.427688  1.886283
308.5  0.453602  1.431663  1.885266
309.0  0.442712  1.446326  1.889039
309.5  0.434289  1.453601  1.887890
310.0  0.435758  1.452942  1.888700
310.5  0.449863  1.436358  1.886221
311.0  0.472815  1.415893  1.888708
311.5  0.495767  1.393351  1.889119
312.0  0.508958  1.376390  1.885348
312.5  0.506147  1.381543  1.887690
313.0  0.487031  1.401627  1.888658
313.5  0.456836  1.435518  1.892355
314.0  0.423872  1.464041  1.887913
314.5  0.396466  1.495720  1.892186
315.0  0.380483  1.511106  1.891588
315.5  0.378039  1.515162  1.893201
316.0  0.387509  1.502918  1.890427
316.5  0.404505  1.488882  1.893387
317.0  0.423363  1.468498  1.891861
317.5  0.438676  1.454308  1.892983
318.0  0.446664  1.445982  1.892646
318.5  0.446300  1.445605  1.891905
319.0  0.440027  1.451095  1.891122
319.5  0.433533  1.460919  1.894453
320.0  0.434023  1.459524  1.893547
320.5  0.447080  1.445558  1.892638
321.0  0.473476  1.417991  1.891467
321.5  0.507935  1.387142  1.895076
322.0  0.540974  1.349216  1.890189
322.5  0.563010  1.327199  1.890210
323.0  0.568412  1.320680  1.889092
323.5  0.557431  1.336057  1.893488
324.0  0.535472  1.352871  1.888343
324.5  0.510538  1.380269  1.890807
325.0  0.490252  1.401054  1.891306
325.5  0.479531  1.412194  1.891725
326.0  0.479493  1.411687  1.891180
326.5  0.487622  1.401983  1.889605
327.0  0.498917  1.392636  1.891554
327.5  0.507508  1.381637  1.889145
328.0  0.508307  1.383429  1.891736
328.5  0.498393  1.389727  1.888120
329.0  0.477993  1.412081  1.890074
329.5  0.450872  1.438017  1.888889
330.0  0.423688  1.467041  1.890729
330.5  0.403966  1.486383  1.890349
331.0  0.396985  1.493074  1.890058
331.5  0.402966  1.486969  1.889935
332.0  0.416366  1.472846  1.889211
332.5  0.428102  1.460773  1.888875
333.0  0.429655  1.458147  1.887802
333.5  0.416785  1.470531  1.887316
334.0  0.391034  1.496921  1.887955
334.5  0.358695  1.529233  1.887928
335.0  0.328198  1.561849  1.890047
335.5  0.307203  1.581060  1.888262
336.0  0.300405  1.586482  1.886887
336.5  0.308504  1.581456  1.889960
337.0  0.328371  1.560659  1.889031
337.5  0.354179  1.534479  1.888658
338.0  0.379082  1.503943  1.883024
338.5  0.397046  1.491860  1.888906
339.0  0.404528  1.483069  1.887597
339.5  0.401738  1.486351  1.888088
340.0  0.393095  1.493009  1.886104
340.5  0.386315  1.504625  1.890940
341.0  0.389781  1.502010  1.891791
341.5  0.408810  1.478950  1.887760
342.0  0.442574  1.447325  1.889899
342.5  0.483706  1.406434  1.890140
343.0  0.521248  1.368429  1.889677
343.5  0.545443  1.341198  1.886640
344.0  0.551725  1.337523  1.889247
344.5  0.542063  1.346642  1.888706
345.0  0.523526  1.365351  1.888877
345.5  0.505264  1.382842  1.888106
346.0  0.495382  1.394247  1.889629
346.5  0.498683  1.391841  1.890524
347.0  0.515700  1.371589  1.887290
347.5  0.542955  1.344984  1.887939
348.0  0.574113  1.313962  1.888076
348.5  0.601655  1.286737  1.888392
349.0  0.618703  1.268217  1.886920
349.5  0.620820  1.266042  1.886862
350.0  0.607518  1.281051  1.888569
350.5  0.582920  1.304043  1.886963
351.0  0.554859  1.332795  1.887654
351.5  0.532058  1.353110  1.885168
352.0  0.520257  1.368349  1.888605
352.5  0.519285  1.366431  1.885716
353.0  0.523015  1.365821  1.888836
353.5  0.522455  1.363709  1.886164
354.0  0.510225  1.378124  1.888349
354.5  0.483880  1.403279  1.887159
355.0  0.446629  1.441671  1.888300
355.5  0.405632  1.484029  1.889661
356.0  0.369168  1.520194  1.889362
356.5  0.343971  1.547696  1.891667
357.0  0.333582  1.555641  1.889223
357.5  0.337904  1.551385  1.889289
358.0  0.353756  1.534391  1.888147
358.5  0.375976  1.514003  1.889979
359.0  0.398656  1.489071  1.887727
359.5  0.416309  1.471524  1.887833
360.0  0.425058  1.462392  1.887450
360.5  0.423861  1.463968  1.887829
361.0  0.415342  1.470880  1.886221
361.5  0.405400  1.482656  1.888056
362.0  0.401022  1.487185  1.888207
362.5  0.406891  1.482787  1.889678
363.0  0.422600  1.465342  1.887942
363.5  0.442389  1.448575  1.890965
364.0  0.457824  1.431301  1.889126
364.5  0.461895  1.427082  1.888978
365.0  0.452204  1.436341  1.888546
365.5  0.431725  1.457700  1.889425
366.0  0.407227  1.483309  1.890536
366.5  0.386516  1.501882  1.888399
367.0  0.375819  1.515821  1.891640
367.5  0.378159  1.510944  1.889103
368.0  0.392999  1.497744  1.890744
368.5  0.416928  1.470950  1.887878
369.0  0.444863  1.446037  1.890899
369.5  0.471271  1.416945  1.888216
370.0  0.491160  1.398551  1.889711
370.5  0.501008  1.386954  1.887963
371.0  0.499768  1.390298  1.890067
371.5  0.489659  1.399362  1.889021
372.0  0.475897  1.413476  1.889373
372.5  0.464804  1.426752  1.891555
373.0  0.460791  1.430131  1.890921
373.5  0.463932  1.426009  1.889941
374.0  0.469834  1.420683  1.890517
374.5  0.472105  1.418312  1.890417
375.0  0.465937  1.424456  1.890394
375.5  0.450663  1.438941  1.889603
376.0  0.430036  1.461274  1.891310
376.5  0.410474  1.479494  1.889968
377.0  0.398433  1.492962  1.891395
377.5  0.398154  1.492211  1.890364
378.0  0.410519  1.480841  1.891361
378.5  0.433170  1.456159  1.889329
379.0  0.461541  1.428314  1.889855
379.5  0.490239  1.399687  1.889926
380.0  0.514210  1.373836  1.888045
380.5  0.529527  1.359231  1.888758
381.0  0.533994  1.352997  1.886991
381.5  0.527809  1.362579  1.890388
382.0  0.514038  1.372743  1.886781
382.5  0.498164  1.391393  1.889557
383.0  0.486196  1.403037  1.889233
383.5  0.481895  1.407624  1.889520
384.0  0.484674  1.404002  1.888675
384.5  0.489713  1.399040  1.888753
385.0  0.490464  1.400276  1.890740
385.5  0.482069  1.406865  1.888934
386.0  0.463716  1.423491  1.887207
386.5  0.438832  1.450031  1.888863
387.0  0.413376  1.477425  1.890801
387.5  0.393362  1.496768  1.890130
388.0  0.382739  1.505135  1.887874
388.5  0.382317  1.506859  1.889175
389.0  0.389901  1.501159  1.891060
389.5  0.401348  1.487949  1.889296
390.0  0.411997  1.476048  1.888045
390.5  0.417920  1.469516  1.887436
391.0  0.416721  1.472376  1.889097
391.5  0.408013  1.478047  1.886061
392.0  0.393764  1.493109  1.886873
392.5  0.378347  1.507842  1.886189
393.0  0.367676  1.521666  1.889342
393.5  0.367090  1.521468  1.888558
394.0  0.378701  1.509739  1.888440
394.5  0.399816  1.488565  1.888381
395.0  0.423803  1.462392  1.886194
395.5  0.443153  1.443852  1.887005
396.0  0.453013  1.433779  1.886792
396.5  0.453197  1.436394  1.889592
397.0  0.447849  1.439979  1.887828
397.5  0.443304  1.445579  1.888883
398.0  0.445417  1.442704  1.888121
398.5  0.457495  1.432515  1.890011
399.0  0.479461  1.408323  1.887784
399.5  0.508278  1.379994  1.888272
400.0  0.539233  1.348948  1.888180
400.5  0.567418  1.320542  1.887960
401.0  0.588826  1.298083  1.886909
401.5  0.600932  1.286958  1.887890
402.0  0.603033  1.285666  1.888699
402.5  0.596649  1.291263  1.887912
403.0  0.585694  1.301155  1.886849
403.5  0.575668  1.313073  1.888741
404.0  0.571497  1.317881  1.889378
404.5  0.574887  1.314126  1.889013
405.0  0.582925  1.302893  1.885818
405.5  0.589179  1.299148  1.888327
406.0  0.586833  1.299957  1.886790
406.5  0.572002  1.315003  1.887004
407.0  0.545361  1.340562  1.885923
407.5  0.511512  1.377278  1.888790
408.0  0.476747  1.412354  1.889101
408.5  0.446510  1.442059  1.888569
409.0  0.423596  1.465992  1.889588
409.5  0.407656  1.482298  1.889955
410.0  0.395958  1.495574  1.891532
410.5  0.384896  1.502939  1.887835
411.0  0.371517  1.518730  1.890247
411.5  0.354403  1.534222  1.888625
412.0  0.333817  1.557671  1.891488
412.5  0.311496  1.579696  1.891192
413.0  0.290539  1.600247  1.890785
413.5  0.275253  1.616086  1.891339
414.0  0.270307  1.623525  1.893832
414.5  0.278897  1.616630  1.895527
415.0  0.300676  1.592548  1.893224
415.5  0.330949  1.561177  1.892125
416.0  0.362069  1.530215  1.892284
416.5  0.386538  1.507225  1.893763
417.0  0.400075  1.494566  1.894641
417.5  0.403048  1.491562  1.894610
418.0  0.399747  1.495460  1.895207
418.5  0.396175  1.501644  1.897819
419.0  0.397525  1.500257  1.897782
419.5  0.406392  1.491853  1.898245
420.0  0.422250  1.474834  1.897085
420.5  0.442179  1.457724  1.899903
421.0  0.462315  1.434702  1.897017
421.5  0.479271  1.419470  1.898741
422.0  0.490935  1.405844  1.896779
422.5  0.496640  1.403207  1.899847
423.0  0.497135  1.400816  1.897952
423.5  0.494693  1.404610  1.899302
424.0  0.493010  1.404606  1.897616
424.5  0.496255  1.403634  1.899888
425.0  0.507127  1.392834  1.899961
425.5  0.524928  1.373638  1.898566
426.0  0.545100  1.352881  1.897981
426.5  0.560942  1.337335  1.898277
427.0  0.566676  1.331129  1.897805
427.5  0.560148  1.334956  1.895104
428.0  0.543702  1.353402  1.897104
428.5  0.523001  1.374693  1.897694
429.0  0.504595  1.391761  1.896355
429.5  0.493425  1.403434  1.896859
430.0  0.491244  1.406473  1.897717
430.5  0.496401  1.402077  1.898478
431.0  0.504866  1.392051  1.896917
431.5  0.511929  1.384135  1.896064
432.0  0.513746  1.382614  1.896360
432.5  0.508200  1.388921  1.897122
433.0  0.495060  1.401405  1.896465
433.5  0.475872  1.419343  1.895215
434.0  0.453834  1.443300  1.897134
434.5  0.433319  1.463507  1.896826
435.0  0.418546  1.480918  1.899464
435.5  0.411588  1.486195  1.897783
436.0  0.410862  1.487443  1.898306
436.5  0.411387  1.484380  1.895767
437.0  0.407028  1.489237  1.896265
437.5  0.393591  1.504935  1.898527
438.0  0.371031  1.525408  1.896439
438.5  0.343686  1.552734  1.896420
439.0  0.318630  1.578372  1.897002
439.5  0.303061  1.597078  1.900139
440.0  0.301872  1.595707  1.897579
440.5  0.316224  1.581131  1.897355
441.0  0.343484  1.553734  1.897218
441.5  0.378405  1.519740  1.898145
442.0  0.414947  1.482936  1.897883
442.5  0.447988  1.448709  1.896697
443.0  0.474329  1.421964  1.896292
443.5  0.492968  1.403305  1.896274
444.0  0.505024  1.391723  1.896747
444.5  0.513495  1.383981  1.897476
445.0  0.522502  1.375266  1.897767
445.5  0.535572  1.362966  1.898539
446.0  0.553363  1.343494  1.896857
446.5  0.572268  1.323149  1.895417
447.0  0.585283  1.308790  1.894072
447.5  0.585048  1.309297  1.894345
448.0  0.567460  1.326325  1.893785
448.5  0.533834  1.359878  1.893711
449.0  0.490654  1.404268  1.894922
449.5  0.447284  1.448900  1.896185
450.0  0.412843  1.484927  1.897770
450.5  0.393482  1.501899  1.895381
451.0  0.390926  1.505146  1.896073
451.5  0.402595  1.493327  1.895922
452.0  0.423076  1.475486  1.898561
452.5  0.446260  1.448000  1.894260
453.0  0.467247  1.428605  1.895852
453.5  0.483376  1.411663  1.895040
454.0  0.494391  1.402672  1.897063
454.5  0.502153  1.394317  1.896470
455.0  0.510113  1.386472  1.896585
455.5  0.522176  1.372795  1.894971
456.0  0.540727  1.354652  1.895378
456.5  0.564537  1.331843  1.896380
457.0  0.588088  1.306428  1.894515
457.5  0.603286  1.288389  1.891675
458.0  0.602903  1.288813  1.891715
458.5  0.583830  1.309354  1.893184
459.0  0.548437  1.345724  1.894161
459.5  0.503588  1.390287  1.893875
460.0  0.458052  1.437062  1.895113
460.5  0.419549  1.475092  1.894640
461.0  0.392489  1.502453  1.894942
461.5  0.377045  1.518048  1.895093
462.0  0.369702  1.525911  1.895613
462.5  0.364975  1.531184  1.896159
463.0  0.357560  1.537534  1.895095
463.5  0.344071  1.553837  1.897909
464.0  0.323832  1.572413  1.896245
464.5  0.298853  1.598637  1.897490
465.0  0.273460  1.622410  1.895870
465.5  0.253673  1.643255  1.896928
466.0  0.245858  1.651136  1.896993
466.5  0.254378  1.640831  1.895209
467.0  0.279116  1.618142  1.897258
467.5  0.314601  1.580473  1.895073
468.0  0.351806  1.544362  1.896168
468.5  0.381876  1.510013  1.891890
469.0  0.399710  1.494126  1.893836
469.5  0.405597  1.488102  1.893699
470.0  0.404424  1.491124  1.895548
470.5  0.403237  1.491990  1.895227
471.0  0.408378  1.486382  1.894761
471.5  0.423280  1.471952  1.895232
472.0  0.447516  1.447239  1.894755
472.5  0.477287  1.418163  1.895450
473.0  0.507008  1.387759  1.894766
473.5  0.531254  1.362689  1.893943
474.0  0.546250  1.348707  1.894958
474.5  0.550481  1.344996  1.895476
475.0  0.544700  1.350874  1.895574
475.5  0.531877  1.361210  1.893087
476.0  0.517048  1.376975  1.894023
476.5  0.506358  1.389836  1.896194
477.0  0.504837  1.394065  1.898902
477.5  0.513775  1.381723  1.895499
478.0  0.529554  1.365991  1.895545
478.5  0.545114  1.351793  1.896907
479.0  0.553419  1.344355  1.897775
479.5  0.550826  1.347640  1.898466
480.0  0.538559  1.358197  1.896755
480.5  0.521824  1.375928  1.897752
481.0  0.507360  1.389274  1.896633
481.5  0.500700  1.397932  1.898632
482.0  0.504186  1.390766  1.894952
482.5  0.516318  1.380013  1.896331
483.0  0.532531  1.361239  1.893770
483.5  0.546953  1.348648  1.895600
484.0  0.554362  1.339471  1.893832
484.5  0.551509  1.344487  1.895996
485.0  0.537483  1.357439  1.894922
485.5  0.513489  1.381826  1.895315
486.0  0.482610  1.412851  1.895461
486.5  0.449565  1.447174  1.896739
487.0  0.419835  1.476429  1.896264
487.5  0.397771  1.498034  1.895804
488.0  0.384441  1.511452  1.895892
488.5  0.376792  1.520671  1.897462
489.0  0.369100  1.526922  1.896022
489.5  0.356065  1.538327  1.894392
490.0  0.335732  1.557734  1.893467
490.5  0.310667  1.584009  1.894676
491.0  0.286977  1.610580  1.897557
491.5  0.271930  1.624578  1.896507
492.0  0.271278  1.625962  1.897240
492.5  0.287305  1.607309  1.894614
493.0  0.318161  1.579034  1.897194
493.5  0.358637  1.538314  1.896951
494.0  0.402008  1.495431  1.897440
494.5  0.442137  1.452645  1.894782
495.0  0.474967  1.417793  1.892760
495.5  0.498994  1.395172  1.894166
496.0  0.514994  1.380415  1.895408
496.5  0.525567  1.371806  1.897374
497.0  0.534580  1.359364  1.893944
497.5  0.546009  1.348306  1.894315
498.0  0.562017  1.332675  1.894692
498.5  0.581134  1.315741  1.896875
499.0  0.598056  1.297213  1.895269
499.5  0.605720  1.287521  1.893241
500.0  0.598686  1.294281  1.892967
500.5  0.575901  1.318472  1.894373
501.0  0.541396  1.354873  1.896269
501.5  0.502814  1.392560  1.895374
502.0  0.468662  1.427961  1.896623
502.5  0.445491  1.450743  1.896233
503.0  0.435938  1.461351  1.897288
503.5  0.438216  1.458723  1.896938
504.0  0.447145  1.446593  1.893739
504.5  0.456322  1.439420  1.895742
505.0  0.460488  1.436383  1.896871
505.5  0.457101  1.442435  1.899536
506.0  0.446615  1.448962  1.895576
506.5  0.431888  1.466897  1.898786
507.0  0.417377  1.479128  1.896505
507.5  0.408233  1.489664  1.897897
508.0  0.408836  1.487557  1.896392
508.5  0.420697  1.476207  1.896905
509.0  0.440886  1.456209  1.897095
509.5  0.462426  1.434391  1.896817
510.0  0.476989  1.419114  1.896103
510.5  0.478487  1.417577  1.896064
511.0  0.465589  1.432975  1.898564
511.5  0.442019  1.455805  1.897824
512.0  0.414811  1.483032  1.897843
512.5  0.391567  1.507175  1.898742
513.0  0.377841  1.522254  1.900096
513.5  0.375476  1.525725  1.901201
514.0  0.382334  1.518247  1.900580
514.5  0.393479  1.506972  1.900451
515.0  0.403320  1.497745  1.901065
515.5  0.407793  1.493972  1.901765
516.0  0.405592  1.496049  1.901640
516.5  0.398106  1.502595  1.900701
517.0  0.388570  1.514053  1.902624
517.5  0.381216  1.519115  1.900331
518.0  0.380559  1.520526  1.901086
518.5  0.390283  1.510743  1.901026
519.0  0.411507  1.491318  1.902825
519.5  0.441351  1.460520  1.901871
520.0  0.473194  1.426926  1.900120
520.5  0.499018  1.403046  1.902064
521.0  0.512706  1.388436  1.901142
521.5  0.512462  1.391265  1.903727
522.0  0.501192  1.400777  1.901969
522.5  0.484956  1.419527  1.904484
523.0  0.470425  1.432452  1.902877
523.5  0.462422  1.442172  1.904594
524.0  0.462364  1.442628  1.904992
524.5  0.468041  1.437041  1.905082
525.0  0.474768  1.428241  1.903009
525.5  0.477458  1.424433  1.901891
526.0  0.472686  1.431247  1.903933
526.5  0.459817  1.445373  1.905190
527.0  0.440879  1.462578  1.903457
527.5  0.419728  1.482579  1.902307
528.0  0.401250  1.502811  1.904062
528.5  0.390674  1.514125  1.904800
529.0  0.392434  1.511327  1.903761
529.5  0.408392  1.495716  1.904108
530.0  0.436333  1.466226  1.902559
530.5  0.470085  1.433163  1.903248
531.0  0.501711  1.400658  1.902369
531.5  0.524715  1.378507  1.903223
532.0  0.536508  1.365372  1.901880
532.5  0.538949  1.363831  1.902780
533.0  0.536971  1.366231  1.903201
533.5  0.536168  1.368589  1.904757
534.0  0.540415  1.364483  1.904898
534.5  0.550351  1.352180  1.902531
535.0  0.563201  1.341756  1.904957
535.5  0.573960  1.332361  1.906321
536.0  0.577436  1.329034  1.906470
536.5  0.570223  1.333880  1.904103
537.0  0.551757  1.353679  1.905436
537.5  0.524186  1.379806  1.903992
538.0  0.491582  1.412359  1.903941
538.5  0.459089  1.442887  1.901975
539.0  0.432025  1.472160  1.904185
539.5  0.414556  1.491301  1.905856
540.0  0.407989  1.496290  1.904278
540.5  0.409697  1.491726  1.901423
541.0  0.413761  1.489585  1.903347
541.5  0.413414  1.493099  1.906514
542.0  0.404074  1.502342  1.906416
542.5  0.385373  1.517635  1.903008
543.0  0.361282  1.543771  1.905054
543.5  0.338520  1.569094  1.907614
544.0  0.324081  1.583118  1.907198
544.5  0.322831  1.581788  1.904619
545.0  0.335906  1.569063  1.904969
545.5  0.360375  1.546600  1.906975
546.0  0.390279  1.515574  1.905853
546.5  0.418680  1.487046  1.905727
547.0  0.439872  1.464915  1.904787
547.5  0.450867  1.456068  1.906935
548.0  0.451788  1.454691  1.906479
548.5  0.445496  1.461886  1.907382
549.0  0.436908  1.468451  1.905359
549.5  0.431947  1.474464  1.906411
550.0  0.435742  1.473025  1.908767
550.5  0.450310  1.455888  1.906198
551.0  0.473003  1.432229  1.905232
551.5  0.497052  1.409158  1.906210
552.0  0.514309  1.393612  1.907921
552.5  0.518745  1.384895  1.903640
553.0  0.508854  1.394971  1.903825
553.5  0.487955  1.417406  1.905361
554.0  0.462648  1.442130  1.904778
554.5  0.440356  1.466907  1.907263
555.0  0.426960  1.480367  1.907327
555.5  0.425198  1.480694  1.905893
556.0  0.434230  1.469211  1.903441
556.5  0.450407  1.453370  1.903777
557.0  0.468900  1.435317  1.904217
557.5  0.485456  1.418103  1.903559
558.0  0.497529  1.404116  1.901645
558.5  0.504550  1.397466  1.902017
559.0  0.507678  1.395958  1.903636
559.5  0.509432  1.394162  1.903594
560.0  0.513031  1.391063  1.904095
560.5  0.521024  1.380957  1.901981
561.0  0.533463  1.369771  1.903234
561.5  0.546840  1.354556  1.901396
562.0  0.554919  1.347032  1.901951
562.5  0.551349  1.349409  1.900758
563.0  0.532595  1.368568  1.901163
563.5  0.499565  1.404068  1.903633
564.0  0.457276  1.446517  1.903793
564.5  0.413005  1.491434  1.904439
565.0  0.373921  1.530659  1.904580
565.5  0.345090  1.558980  1.904070
566.0  0.328389  1.573316  1.901704
566.5  0.322550  1.579702  1.902251
567.0  0.324193  1.578480  1.902673
567.5  0.329404  1.573940  1.903344
568.0  0.335142  1.567915  1.903057
568.5  0.339940  1.561580  1.901520
569.0  0.343901  1.557482  1.901383
569.5  0.348448  1.554789  1.903237
570.0  0.356136  1.548803  1.904939
570.5  0.370192  1.534506  1.904698
571.0  0.393247  1.508660  1.901907
571.5  0.425487  1.477786  1.903273
572.0  0.463407  1.439941  1.903348
572.5  0.500355  1.402823  1.903178
573.0  0.528920  1.372471  1.901390
573.5  0.543888  1.357563  1.901451
574.0  0.544157  1.358820  1.902977
574.5  0.532778  1.371682  1.904460
575.0  0.515405  1.388507  1.903912
575.5  0.498088  1.404544  1.902631
576.0  0.485338  1.419604  1.904941
576.5  0.479067  1.425575  1.904642
577.0  0.478604  1.426042  1.904645
577.5  0.481608  1.421111  1.902719
578.0  0.485385  1.419179  1.904564
578.5  0.487913  1.417726  1.905638
579.0  0.488188  1.417713  1.905902
579.5  0.486053  1.416371  1.902423
580.0  0.482077  1.420503  1.902580
580.5  0.477732  1.427035  1.904767
581.0  0.475390  1.431626  1.907016
581.5  0.477510  1.429931  1.907441
582.0  0.485125  1.419789  1.904914
582.5  0.496651  1.405753  1.902404
583.0  0.508113  1.395180  1.903293
583.5  0.514913  1.389755  1.904669
584.0  0.514139  1.390903  1.905042
584.5  0.506039  1.397807  1.903846
585.0  0.493905  1.409557  1.903462
585.5  0.482578  1.421384  1.903962
586.0  0.476429  1.429281  1.905710
586.5  0.477700  1.427300  1.905000
587.0  0.485787  1.417134  1.902921
587.5  0.497610  1.404290  1.901900
588.0  0.508839  1.394814  1.903653
588.5  0.515379  1.389040  1.904419
589.0  0.514441  1.390401  1.904842
589.5  0.504878  1.400512  1.905390
590.0  0.487053  1.417928  1.904981
590.5  0.462789  1.444083  1.906872
591.0  0.435496  1.471237  1.906733
591.5  0.409849  1.496330  1.906179
592.0  0.390458  1.514984  1.905442
592.5  0.379884  1.526765  1.906650
593.0  0.377277  1.531030  1.908307
593.5  0.378711  1.527256  1.905968
594.0  0.379195  1.522437  1.901631
594.5  0.375173  1.526282  1.901455
595.0  0.366149  1.536998  1.903147
595.5  0.354720  1.549222  1.903941
596.0  0.345270  1.557629  1.902899
596.5  0.342105  1.561001  1.903106
597.0  0.347826  1.553741  1.901567
597.5  0.362479  1.540870  1.903349
598.0  0.383678  1.521404  1.905081
598.5  0.407540  1.498825  1.906365
599.0  0.429939  1.475553  1.905492
599.5  0.447454  1.457132  1.904586
600.0  0.457711  1.448480  1.906191
600.5  0.459421  1.447210  1.906630
601.0  0.452706  1.452996  1.905702
601.5  0.439781  1.464805  1.904585
602.0  0.425171  1.479821  1.904991
602.5  0.414536  1.491978  1.906514
603.0  0.412284  1.495049  1.907333
603.5  0.419424  1.487463  1.906886
604.0  0.433224  1.474031  1.907256
604.5  0.448942  1.458229  1.907171
605.0  0.462434  1.445594  1.908028
605.5  0.472044  1.433382  1.905426
606.0  0.478905  1.427166  1.906070
606.5  0.485840  1.421937  1.907778
607.0  0.495704  1.415336  1.911039
607.5  0.509983  1.400821  1.910804
608.0  0.528215  1.375969  1.904184
608.5  0.548307  1.354482  1.902789
609.0  0.567491  1.336293  1.903785
609.5  0.583278  1.321191  1.904469
610.0  0.593835  1.309899  1.903734
610.5  0.597709  1.303915  1.901624
611.0  0.593512  1.309701  1.903213
611.5  0.580375  1.324338  1.904714
612.0  0.559060  1.344307  1.903367
612.5  0.532660  1.369444  1.902104
613.0  0.505791  1.399328  1.905119
613.5  0.482458  1.423686  1.906144
614.0  0.464061  1.440945  1.905005
614.5  0.449008  1.454074  1.903082
615.0  0.434146  1.468678  1.902824
615.5  0.416912  1.486607  1.903519
616.0  0.396824  1.506334  1.903158
616.5  0.375623  1.525935  1.901558
617.0  0.356286  1.546086  1.902372
617.5  0.341614  1.562281  1.903896
618.0  0.333128  1.570252  1.903380
618.5  0.330697  1.572079  1.902776
619.0  0.333002  1.569586  1.902588
619.5  0.338480  1.566693  1.905173
620.0  0.346123  1.557356  1.903478
620.5  0.355520  1.547916  1.903436
621.0  0.366186  1.538331  1.904516
621.5  0.376972  1.527821  1.904793
622.0  0.386431  1.515237  1.901668
622.5  0.394046  1.508520  1.902566
623.0  0.401156  1.502323  1.903479
623.5  0.410477  1.494250  1.904726
624.0  0.424365  1.478429  1.902794
624.5  0.443129  1.458782  1.901911
625.0  0.464650  1.437409  1.902060
625.5  0.485526  1.418032  1.903558
626.0  0.502797  1.399198  1.901995
626.5  0.515155  1.387412  1.902567
627.0  0.523052  1.378512  1.901564
627.5  0.527898  1.373479  1.901378
628.0  0.530975  1.371299  1.902274
628.5  0.532672  1.369426  1.902098
629.0  0.532449  1.371322  1.903772
629.5  0.529529  1.373227  1.902757
630.0  0.523916  1.379439  1.903356
630.5  0.516983  1.385388  1.902371
631.0  0.511022  1.390979  1.902001
631.5  0.507921  1.393926  1.901848
632.0  0.508039  1.394085  1.902124
632.5  0.510333  1.390702  1.901035
633.0  0.513667  1.387506  1.901173
633.5  0.517991  1.384483  1.902474
634.0  0.524208  1.378837  1.903046
634.5  0.532837  1.368918  1.901755
635.0  0.542723  1.359796  1.902519
635.5  0.550998  1.350582  1.901580
636.0  0.554342  1.346071  1.900412
636.5  0.550634  1.350904  1.901538
637.0  0.539888  1.362313  1.902200
637.5  0.524018  1.377431  1.901449
638.0  0.505704  1.396161  1.901864
638.5  0.487026  1.414196  1.901221
639.0  0.468512  1.433122  1.901635
639.5  0.449033  1.451060  1.900093
640.0  0.426634  1.475574  1.902208
640.5  0.399946  1.500736  1.900682
641.0  0.369387  1.531278  1.900665
641.5  0.337346  1.563037  1.900383
642.0  0.307215  1.595108  1.902323
642.5  0.282060  1.620610  1.902669
643.0  0.263988  1.637672  1.901660
643.5  0.254431  1.647941  1.902372
644.0  0.254547  1.646555  1.901102
644.5  0.264890  1.636945  1.901835
645.0  0.284509  1.615018  1.899527
645.5  0.310444  1.589784  1.900228
646.0  0.338405  1.559678  1.898083
646.5  0.364421  1.533003  1.897423
647.0  0.386462  1.510971  1.897433
647.5  0.405093  1.492660  1.897754
648.0  0.422887  1.475159  1.898046
648.5  0.442990  1.453958  1.896948
649.0  0.467520  1.428857  1.896377
649.5  0.496398  1.401263  1.897662
650.0  0.527026  1.370959  1.897985
650.5  0.554970  1.341191  1.896161
651.0  0.575441  1.321344  1.896784
651.5  0.584949  1.314217  1.899166
652.0  0.582340  1.314069  1.896409
652.5  0.568792  1.327439  1.896231
653.0  0.547102  1.352979  1.900081
653.5  0.520973  1.378754  1.899727
654.0  0.494582  1.404678  1.899260
654.5  0.472034  1.426486  1.898520
655.0  0.456293  1.445790  1.902083
655.5  0.447952  1.451217  1.899169
656.0  0.444828  1.455064  1.899892
656.5  0.442987  1.453350  1.896337
657.0  0.438792  1.459213  1.898005
657.5  0.430798  1.468561  1.899358
658.0  0.420501  1.478376  1.898877
658.5  0.411699  1.486338  1.898037
659.0  0.408925  1.489690  1.898615
659.5  0.415669  1.483135  1.898804
660.0  0.433035  1.465316  1.898351
660.5  0.459247  1.439102  1.898349
661.0  0.490195  1.409232  1.899427
661.5  0.520802  1.378294  1.899096
662.0  0.546599  1.350550  1.897149
662.5  0.564734  1.333585  1.898318
663.0  0.574091  1.324972  1.899062
663.5  0.574889  1.322313  1.897201
664.0  0.568380  1.329930  1.898310
664.5  0.556732  1.342702  1.899434
665.0  0.542603  1.356407  1.899010
665.5  0.528114  1.369025  1.897139
666.0  0.513756  1.384868  1.898623
666.5  0.498131  1.399867  1.897998
667.0  0.478929  1.416641  1.895571
667.5  0.454559  1.442296  1.896855
668.0  0.425427  1.473484  1.898911
668.5  0.394177  1.505453  1.899630
669.0  0.364899  1.532593  1.897492
669.5  0.341801  1.557971  1.899772
670.0  0.327924  1.572006  1.899930
670.5  0.324333  1.576869  1.901202
671.0  0.329980  1.567405  1.897385
671.5  0.342264  1.556314  1.898579
672.0  0.358033  1.541289  1.899321
672.5  0.374531  1.524108  1.898639
673.0  0.389852  1.507970  1.897822
673.5  0.402886  1.495221  1.898107
674.0  0.413224  1.488013  1.901236
674.5  0.421367  1.479413  1.900779
675.0  0.428917  1.470714  1.899632
675.5  0.438105  1.462675  1.900780
676.0  0.450545  1.451873  1.902419
676.5  0.466027  1.434820  1.900847
677.0  0.482310  1.418940  1.901251
677.5  0.496188  1.404860  1.901048
678.0  0.505124  1.390895  1.896019
678.5  0.508451  1.387449  1.895900
679.0  0.507523  1.392647  1.900170
679.5  0.504900  1.393945  1.898846
680.0  0.503106  1.395840  1.898946
680.5  0.503543  1.394577  1.898120
681.0  0.505982  1.394682  1.900664
681.5  0.508799  1.390430  1.899230
682.0  0.509885  1.390123  1.900009
682.5  0.507794  1.389762  1.897556
683.0  0.502460  1.394951  1.897411
683.5  0.494985  1.403187  1.898172
684.0  0.486719  1.412712  1.899431
684.5  0.478510  1.423079  1.901589
685.0  0.470798  1.428624  1.899423
685.5  0.464213  1.437400  1.901613
686.0  0.459759  1.442557  1.902315
686.5  0.458185  1.446149  1.904335
687.0  0.459144  1.442344  1.901488
687.5  0.461015  1.442775  1.903790
688.0  0.461707  1.440007  1.901715
688.5  0.459868  1.441305  1.901172
689.0  0.455680  1.444550  1.900229
689.5  0.450789  1.449876  1.900665
690.0  0.447469  1.451865  1.899335
690.5  0.447498  1.451731  1.899229
691.0  0.451244  1.447201  1.898445
691.5  0.457292  1.442257  1.899548
692.0  0.462770  1.437102  1.899872
692.5  0.464340  1.435565  1.899905
693.0  0.459475  1.439194  1.898669
693.5  0.447390  1.454190  1.901580
694.0  0.429103  1.471380  1.900483
694.5  0.406723  1.495036  1.901759
695.0  0.382721  1.514987  1.897708
695.5  0.359723  1.541228  1.900952
696.0  0.340556  1.558749  1.899305
696.5  0.327811  1.571678  1.899490
697.0  0.322798  1.577518  1.900317
697.5  0.324669  1.575399  1.900068
698.0  0.330640  1.568886  1.899526
698.5  0.337352  1.560446  1.897798
699.0  0.342579  1.557234  1.899812
699.5  0.346251  1.551793  1.898044
700.0  0.350383  1.549806  1.900189
700.5  0.358087  1.540070  1.898158
701.0  0.372230  1.525517  1.897747
701.5  0.394245  1.505129  1.899373
702.0  0.423463  1.476650  1.900114
702.5  0.457174  1.439841  1.897015
703.0  0.491441  1.403317  1.894759
703.5  0.522403  1.377062  1.899465
704.0  0.547400  1.352552  1.899953
704.5  0.565326  1.329278  1.894604
705.0  0.576198  1.318472  1.894670
705.5  0.580638  1.318626  1.899264
706.0  0.579847  1.320789  1.900636
706.5  0.575817  1.322338  1.898155
707.0  0.570956  1.326803  1.897760
707.5  0.566919  1.332130  1.899048
708.0  0.563490  1.334003  1.897494
708.5  0.558588  1.340940  1.899528
709.0  0.549547  1.346743  1.896291
709.5  0.534828  1.363833  1.898661
710.0  0.515066  1.380579  1.895645
710.5  0.492951  1.406659  1.899610
711.0  0.472174  1.425903  1.898077
711.5  0.456039  1.444869  1.900907
712.0  0.446304  1.454202  1.900506
712.5  0.442642  1.458481  1.901123
713.0  0.442894  1.457721  1.900614
713.5  0.444095  1.457806  1.901901
714.0  0.443848  1.456279  1.900127
714.5  0.441285  1.459123  1.900409
715.0  0.437015  1.463896  1.900911
715.5  0.432236  1.467748  1.899984
716.0  0.427965  1.471464  1.899429
716.5  0.425087  1.474904  1.899991
717.0  0.424844  1.474622  1.899466
717.5  0.428735  1.470637  1.899372
718.0  0.437519  1.459937  1.897456
718.5  0.450194  1.448730  1.898924
719.0  0.464028  1.433992  1.898021
719.5  0.475794  1.423265  1.899059
720.0  0.483342  1.414277  1.897618
720.5  0.486489  1.412496  1.898985
721.0  0.486800  1.411193  1.897993
721.5  0.486537  1.412432  1.898969
722.0  0.487399  1.412360  1.899759
722.5  0.489582  1.407689  1.897271
723.0  0.491543  1.405994  1.897538
723.5  0.490601  1.405266  1.895868
724.0  0.484186  1.413921  1.898106
724.5  0.471173  1.423860  1.895033
725.0  0.452469  1.444743  1.897212
725.5  0.430398  1.466675  1.897073
726.0  0.407366  1.489989  1.897354
726.5  0.384970  1.511358  1.896328
727.0  0.364235  1.533707  1.897942
727.5  0.346445  1.552867  1.899312
728.0  0.333420  1.563759  1.897179
728.5  0.326790  1.570984  1.897774
729.0  0.326987  1.569305  1.896292
729.5  0.332962  1.563554  1.896516
730.0  0.342903  1.552903  1.895806
730.5  0.355412  1.540903  1.896315
731.0  0.370285  1.526865  1.897150
731.5  0.388450  1.507345  1.895795
732.0  0.411153  1.484235  1.895388
732.5  0.438831  1.458500  1.897331
733.0  0.470209  1.425634  1.895843
733.5  0.502083  1.392845  1.894929
734.0  0.530042  1.362640  1.892682
734.5  0.549979  1.346003  1.895982
735.0  0.559700  1.335641  1.895341
735.5  0.559662  1.338207  1.897869
736.0  0.552316  1.342731  1.895047
736.5  0.540589  1.355854  1.896443
737.0  0.526746  1.369465  1.896211
737.5  0.512352  1.384807  1.897159
738.0  0.498842  1.398105  1.896947
738.5  0.487652  1.408699  1.896351
739.0  0.479581  1.417305  1.896885
739.5  0.474079  1.424055  1.898135
740.0  0.469306  1.431041  1.900348
740.5  0.463086  1.433551  1.896637
741.0  0.454162  1.442695  1.896858
741.5  0.442999  1.454335  1.897334
742.0  0.431744  1.468742  1.900485
742.5  0.423425  1.474432  1.897857
743.0  0.420716  1.477073  1.897790
743.5  0.424724  1.473411  1.898135
744.0  0.434317  1.464304  1.898621
744.5  0.446404  1.449912  1.896316
745.0  0.457180  1.438520  1.895700
745.5  0.463753  1.434138  1.897892
746.0  0.465156  1.432254  1.897410
746.5  0.462158  1.434295  1.896452
747.0  0.456243  1.439226  1.895470
747.5  0.448767  1.446052  1.894819
748.0  0.440837  1.455949  1.896785
748.5  0.433544  1.460808  1.894352
749.0  0.427783  1.466915  1.894698
749.5  0.423601  1.470016  1.893617
750.0  0.419741  1.476264  1.896005
750.5  0.414012  1.479868  1.893880
751.0  0.404383  1.488344  1.892727
751.5  0.390149  1.502833  1.892983
752.0  0.372520  1.520446  1.892966
752.5  0.354405  1.539416  1.893821
753.0  0.339558  1.551874  1.891431
753.5  0.331373  1.562662  1.894035
754.0  0.331731  1.560760  1.892491
754.5  0.340292  1.553761  1.894053
755.0  0.354681  1.539215  1.893896
755.5  0.371636  1.521873  1.893508
756.0  0.388611  1.504868  1.893479
756.5  0.404895  1.488841  1.893736
757.0  0.421536  1.472493  1.894029
757.5  0.440334  1.452767  1.893101
758.0  0.462808  1.429562  1.892370
758.5  0.489787  1.403381  1.893168
759.0  0.521328  1.370832  1.892160
759.5  0.556419  1.335410  1.891829
760.0  0.592504  1.299126  1.891631
760.5  0.625522  1.266973  1.892495
761.0  0.650876  1.242804  1.893680
761.5  0.664981  1.228361  1.893342
762.0  0.666528  1.227178  1.893706
762.5  0.656850  1.236741  1.893591
763.0  0.639352  1.255885  1.895237
763.5  0.618334  1.275658  1.893992
764.0  0.597615  1.297800  1.895415
764.5  0.579345  1.314781  1.894126
765.0  0.563403  1.333328  1.896731
765.5  0.547731  1.346259  1.893990
766.0  0.529624  1.365963  1.895587
766.5  0.507356  1.384659  1.892015
767.0  0.481181  1.412331  1.893512
767.5  0.453107  1.440771  1.893878
768.0  0.425877  1.469272  1.895149
768.5  0.402090  1.491388  1.893478
769.0  0.383915  1.509301  1.893216
769.5  0.372930  1.520771  1.893700
770.0  0.369541  1.523178  1.892719
770.5  0.372266  1.520278  1.892545
771.0  0.377747  1.516197  1.893945
771.5  0.381884  1.511721  1.893605
772.0  0.381545  1.508871  1.890415
772.5  0.375856  1.514264  1.890120
773.0  0.366471  1.525372  1.891843
773.5  0.356828  1.536969  1.893796
774.0  0.350835  1.542678  1.893513
774.5  0.351428  1.541215  1.892643
775.0  0.359400  1.532036  1.891436
775.5  0.372940  1.518520  1.891460
776.0  0.388198  1.503361  1.891559
776.5  0.400812  1.491548  1.892360
777.0  0.407673  1.483574  1.891247
777.5  0.407936  1.484138  1.892074
778.0  0.402827  1.486886  1.889713
778.5  0.394764  1.496878  1.891642
779.0  0.386680  1.504138  1.890818
779.5  0.381732  1.510384  1.892116
780.0  0.382854  1.508527  1.891380
780.5  0.391736  1.497900  1.889636
781.0  0.407772  1.482596  1.890368
781.5  0.427919  1.463051  1.890970
782.0  0.447846  1.444972  1.892818
782.5  0.463735  1.426590  1.890325
783.0  0.473766  1.417784  1.891550
783.5  0.478655  1.413563  1.892218
784.0  0.481241  1.413701  1.894942
784.5  0.485448  1.409924  1.895372
785.0  0.494904  1.400149  1.895053
785.5  0.511545  1.384712  1.896257
786.0  0.534615  1.362061  1.896676
786.5  0.560610  1.335983  1.896592
787.0  0.584378  1.310020  1.894397
787.5  0.600879  1.294544  1.895423
788.0  0.606618  1.291620  1.898238
788.5  0.600164  1.298576  1.898740
789.0  0.581998  1.314771  1.896769
789.5  0.554361  1.341277  1.895638
790.0  0.521138  1.377609  1.898747
790.5  0.487234  1.412906  1.900141
791.0  0.457151  1.440966  1.898116
791.5  0.433421  1.462772  1.896192
792.0  0.415979  1.481567  1.897545
792.5  0.402884  1.495783  1.898667
793.0  0.391834  1.506494  1.898328
793.5  0.381517  1.516047  1.897564
794.0  0.372218  1.524396  1.896614
794.5  0.365677  1.532607  1.898285
795.0  0.364471  1.533593  1.898064
795.5  0.371095  1.527998  1.899094
796.0  0.386883  1.509676  1.896559
796.5  0.411046  1.486030  1.897076
797.0  0.440367  1.454925  1.895292
797.5  0.469891  1.427325  1.897216
798.0  0.494365  1.402761  1.897126
798.5  0.509624  1.386678  1.896302
799.0  0.513356  1.382368  1.895724
799.5  0.505337  1.391971  1.897308
800.0  0.487517  1.411046  1.898563
800.5  0.463849  1.433131  1.896980
801.0  0.439380  1.457287  1.896667
801.5  0.418560  1.478969  1.897529
802.0  0.403615  1.494600  1.898215
802.5  0.394022  1.502422  1.896443
803.0  0.387371  1.507187  1.894558
803.5  0.380959  1.515147  1.896107
804.0  0.373169  1.524184  1.897353
804.5  0.364112  1.532548  1.896660
805.0  0.355587  1.540404  1.895991
805.5  0.350593  1.545875  1.896468
806.0  0.352534  1.545658  1.898192
806.5  0.364141  1.533124  1.897265
807.0  0.386369  1.511358  1.897727
807.5  0.417747  1.478399  1.896146
808.0  0.454628  1.442851  1.897480
808.5  0.492240  1.404719  1.896958
809.0  0.525909  1.370880  1.896789
809.5  0.551960  1.345422  1.897382
810.0  0.568323  1.329081  1.897404
810.5  0.575079  1.322109  1.897188
811.0  0.574688  1.320563  1.895252
811.5  0.571286  1.327591  1.898877
812.0  0.568953  1.329655  1.898609
812.5  0.569876  1.327759  1.897635
813.0  0.573582  1.321032  1.894614
813.5  0.577636  1.319416  1.897052
814.0  0.579134  1.319715  1.898849
814.5  0.576001  1.323210  1.899211
815.0  0.567567  1.328549  1.896116
815.5  0.554498  1.341528  1.896026
816.0  0.538426  1.360565  1.898992
816.5  0.521449  1.377591  1.899040
817.0  0.505534  1.390915  1.896449
817.5  0.491917  1.404153  1.896070
818.0  0.480767  1.415888  1.896654
818.5  0.471327  1.427682  1.899009
819.0  0.462367  1.435584  1.897952
819.5  0.452530  1.444132  1.896662
820.0  0.440493  1.454875  1.895368
820.5  0.425327  1.472469  1.897796
821.0  0.407274  1.488853  1.896127
821.5  0.388408  1.509003  1.897411
822.0  0.372265  1.524408  1.896673
822.5  0.362284  1.535147  1.897431
823.0  0.360017  1.536750  1.896767
823.5  0.364364  1.531495  1.895859
824.0  0.372211  1.524788  1.896999
824.5  0.379870  1.516197  1.896067
825.0  0.384372  1.513173  1.897545
825.5  0.384134  1.510376  1.894510
826.0  0.379033  1.518457  1.897490
826.5  0.370180  1.525922  1.896103
827.0  0.359504  1.537322  1.896826
827.5  0.349175  1.544285  1.893460
828.0  0.340964  1.553865  1.894829
828.5  0.335811  1.560690  1.896501
829.0  0.333789  1.562686  1.896475
829.5  0.334318  1.561022  1.895339
830.0  0.336308  1.558321  1.894629
830.5  0.338269  1.557028  1.895297
831.0  0.338833  1.558231  1.897064
831.5  0.337798  1.559315  1.897113
832.0  0.337008  1.559646  1.896654
832.5  0.340108  1.554500  1.894608
833.0  0.351027  1.544928  1.895955
833.5  0.372133  1.526542  1.898675
834.0  0.403232  1.495365  1.898597
834.5  0.441852  1.454906  1.896757
835.0  0.484319  1.409505  1.893824
835.5  0.526865  1.371433  1.898298
836.0  0.566315  1.331201  1.897516
836.5  0.600384  1.297314  1.897698
837.0  0.627766  1.269085  1.896851
837.5  0.648089  1.251186  1.899275
838.0  0.661683  1.238807  1.900490
838.5  0.669172  1.231085  1.900257
839.0  0.671099  1.227962  1.899060
839.5  0.667726  1.229701  1.897426
840.0  0.658942  1.241570  1.900512
840.5  0.644117  1.253890  1.898007
841.0  0.622082  1.277529  1.899611
841.5  0.591718  1.306552  1.898270
842.0  0.553164  1.349183  1.902347
842.5  0.508849  1.391128  1.899977
843.0  0.463319  1.438076  1.901395
843.5  0.421731  1.478624  1.900355
844.0  0.387950  1.512352  1.900302
844.5  0.363436  1.536253  1.899689
845.0  0.347389  1.553477  1.900866
845.5  0.337743  1.562768  1.900511
846.0  0.332279  1.567488  1.899767
846.5  0.329387  1.572376  1.901763
847.0  0.328434  1.574461  1.902895
847.5  0.329791  1.570235  1.900025
848.0  0.334566  1.566921  1.901487
848.5  0.344038  1.558236  1.902274
849.0  0.358954  1.545087  1.904041
849.5  0.379059  1.520487  1.899546
850.0  0.403047  1.501496  1.904543
850.5  0.428757  1.474953  1.903710
851.0  0.453309  1.450434  1.903742
851.5  0.473283  1.426748  1.900030
852.0  0.485427  1.418661  1.904087
852.5  0.487977  1.416246  1.904223
853.0  0.481811  1.419540  1.901351
853.5  0.470403  1.433845  1.904248
854.0  0.458366  1.445909  1.904275
854.5  0.449502  1.455214  1.904716
855.0  0.445523  1.455577  1.901099
855.5  0.445979  1.460691  1.906670
856.0  0.449074  1.456433  1.905508
856.5  0.452684  1.450478  1.903161
857.0  0.455138  1.447331  1.902469
857.5  0.455674  1.449067  1.904742
858.0  0.454612  1.451225  1.905837
858.5  0.453238  1.450979  1.904217
859.0  0.453371  1.452229  1.905600
859.5  0.456739  1.450078  1.906817
860.0  0.464464  1.442182  1.906646
860.5  0.476862  1.432924  1.909786
861.0  0.493361  1.418788  1.912148
861.5  0.512298  1.401008  1.913306
862.0  0.530752  1.382181  1.912933
862.5  0.545014  1.370552  1.915566
863.0  0.551912  1.366252  1.918164
863.5  0.550291  1.368479  1.918771
864.0  0.541532  1.376667  1.918199
864.5  0.528667  1.389127  1.917794
865.0  0.514777  1.401625  1.916402
865.5  0.501735  1.414372  1.916107
866.0  0.489898  1.423839  1.913737
866.5  0.478594  1.432915  1.911509
867.0  0.466874  1.441665  1.908540
867.5  0.454114  1.452310  1.906424
868.0  0.440351  1.464931  1.905283
868.5  0.426367  1.478245  1.904613
869.0  0.413495  1.491169  1.904665
869.5  0.403205  1.499920  1.903124
870.0  0.396659  1.504597  1.901256
870.5  0.394549  1.508366  1.902916
871.0  0.397213  1.505939  1.903152
871.5  0.404672  1.497075  1.901747
872.0  0.416240  1.485095  1.901334
872.5  0.429998  1.472077  1.902074
873.0  0.442935  1.458205  1.901139
873.5  0.452083  1.449390  1.901473
874.0  0.455952  1.445703  1.901655
874.5  0.455157  1.448076  1.903233
875.0  0.451803  1.453951  1.905754
875.5  0.448192  1.458026  1.906217
876.0  0.445749  1.462844  1.908593
876.5  0.444657  1.465743  1.910401
877.0  0.444083  1.470254  1.914337
877.5  0.442650  1.475252  1.917902
878.0  0.438951  1.480967  1.919919
878.5  0.432040  1.487573  1.919612
879.0  0.421840  1.497716  1.919556
879.5  0.409328  1.511941  1.921269
880.0  0.396307  1.525390  1.921696
880.5  0.384875  1.535528  1.920404
881.0  0.376877  1.539883  1.916760
881.5  0.373549  1.540737  1.914287
882.0  0.375282  1.538436  1.913718
882.5  0.381335  1.530252  1.911587
883.0  0.389733  1.520219  1.909952
883.5  0.397808  1.510460  1.908268
884.0  0.403400  1.505412  1.908812
884.5  0.406013  1.502602  1.908615
885.0  0.407067  1.500792  1.907859
885.5  0.409092  1.498804  1.907896
886.0  0.414466  1.493212  1.907678
886.5  0.424481  1.483020  1.907501
887.0  0.439067  1.467188  1.906254
887.5  0.457035  1.448198  1.905234
888.0  0.476534  1.429541  1.906075
888.5  0.495536  1.410011  1.905548
889.0  0.512349  1.392347  1.904696
889.5  0.526060  1.378467  1.904526
890.0  0.536742  1.370049  1.906791
890.5  0.545226  1.363861  1.909087
891.0  0.552514  1.357998  1.910512
891.5  0.559198  1.353908  1.913106
892.0  0.565178  1.350732  1.915910
892.5  0.569680  1.350181  1.919861
893.0  0.571348  1.352693  1.924041
893.5  0.568467  1.360752  1.929219
894.0  0.559579  1.372175  1.931754
894.5  0.544423  1.392624  1.937047
895.0  0.524599  1.412969  1.937568
895.5  0.503321  1.434726  1.938047
896.0  0.484285  1.454951  1.939236
896.5  0.470324  1.470227  1.940551
897.0  0.462564  1.476899  1.939463
897.5  0.460332  1.477956  1.938288
898.0  0.461623  1.475875  1.937498
898.5  0.463795  1.474041  1.937836
899.0  0.464337  1.474261  1.938598
899.5  0.461627  1.477444  1.939071
900.0  0.455525  1.486122  1.941647
900.5  0.447486  1.498688  1.946173
901.0  0.439946  1.510400  1.950346
901.5  0.435163  1.517671  1.952834
902.0  0.434068  1.522872  1.956939
902.5  0.435742  1.526057  1.961799
903.0  0.437667  1.527516  1.965184
903.5  0.436498  1.531204  1.967701
904.0  0.429113  1.540636  1.969748
904.5  0.413795  1.557318  1.971114
905.0  0.391204  1.576317  1.967522
905.5  0.364577  1.598275  1.962852
906.0  0.338845  1.621102  1.959947
906.5  0.319007  1.635448  1.954455
907.0  0.308599  1.639894  1.948493
907.5  0.308916  1.634741  1.943657
908.0  0.319114  1.620743  1.939857
908.5  0.336841  1.599879  1.936720
909.0  0.359056  1.575654  1.934710
909.5  0.382842  1.550941  1.933784
910.0  0.406167  1.528471  1.934638
910.5  0.428413  1.507275  1.935688
911.0  0.450436  1.486378  1.936814
911.5  0.473927  1.462963  1.936890
912.0  0.500301  1.436083  1.936385
912.5  0.529611  1.405379  1.934990
913.0  0.560021  1.373619  1.933640
913.5  0.587972  1.345217  1.933189
914.0  0.608884  1.327831  1.936715
914.5  0.618286  1.318969  1.937255
915.0  0.613244  1.324457  1.937701
915.5  0.593636  1.347271  1.940908
916.0  0.562567  1.383668  1.946235
916.5  0.525519  1.425644  1.951163
917.0  0.488594  1.468081  1.956676
917.5  0.456736  1.506273  1.963009
918.0  0.432671  1.538232  1.970903
918.5  0.416759  1.559981  1.976740
919.0  0.407510  1.573850  1.981360
919.5  0.402417  1.582756  1.985174
920.0  0.398943  1.589353  1.988296
920.5  0.395497  1.594327  1.989825
921.0  0.392193  1.596140  1.988333
921.5  0.390995  1.596632  1.987626
922.0  0.395013  1.591609  1.986622
922.5  0.407134  1.576608  1.983741
923.0  0.428555  1.552082  1.980636
923.5  0.457877  1.521132  1.979010
924.0  0.491035  1.488684  1.979718
924.5  0.522073  1.456450  1.978522
925.0  0.544682  1.433601  1.978284
925.5  0.554147  1.425419  1.979565
926.0  0.548965  1.433553  1.982518
926.5  0.531302  1.455938  1.987241
927.0  0.506001  1.487173  1.993174
927.5  0.478702  1.519339  1.998042
928.0  0.454042  1.545816  1.999858
928.5  0.434573  1.567781  2.002354
929.0  0.420534  1.588170  2.008703
929.5  0.410213  1.601098  2.011311
930.0  0.400693  1.607672  2.008365
930.5  0.388865  1.612002  2.000867
931.0  0.372607  1.624146  1.996753
931.5  0.351876  1.640519  1.992395
932.0  0.329238  1.656693  1.985930
932.5  0.309458  1.669487  1.978946
933.0  0.298117  1.674371  1.972488
933.5  0.299664  1.668838  1.968502
934.0  0.315616  1.651112  1.966728
934.5  0.343591  1.621778  1.965369
935.0  0.377720  1.586995  1.964715
935.5  0.410568  1.552794  1.963363
936.0  0.435909  1.528149  1.964059
936.5  0.451060  1.514889  1.965949
937.0  0.457580  1.510333  1.967913
937.5  0.460118  1.507397  1.967515
938.0  0.464226  1.504430  1.968656
938.5  0.474274  1.495563  1.969837
939.0  0.492217  1.479224  1.971441
939.5  0.517292  1.455323  1.972616
940.0  0.546404  1.427796  1.974200
940.5  0.574914  1.401339  1.976253
941.0  0.597723  1.381366  1.979089
941.5  0.610526  1.371540  1.982066
942.0  0.611017  1.378300  1.989317
942.5  0.599636  1.394631  1.994267
943.0  0.579521  1.420070  1.999590
943.5  0.555595  1.446407  2.002002
944.0  0.533040  1.472924  2.005964
944.5  0.515597  1.495047  2.010644
945.0  0.504216  1.504784  2.008999
945.5  0.496707  1.511264  2.007972
946.0  0.488855  1.522889  2.011745
946.5  0.476721  1.533870  2.010591
947.0  0.458957  1.545986  2.004943
947.5  0.437753  1.567830  2.005582
948.0  0.417945  1.589373  2.007318
948.5  0.404978  1.600389  2.005368
949.0  0.402856  1.601078  2.003934
949.5  0.412923  1.593215  2.006138
950.0  0.433625  1.573106  2.006731
950.5  0.461034  1.543095  2.004129
951.0  0.489820  1.515696  2.005516
951.5  0.514477  1.493489  2.007967
952.0  0.530555  1.476685  2.007240
952.5  0.535615  1.471302  2.006917
953.0  0.529585  1.481271  2.010856
953.5  0.514449  1.497596  2.012046
954.0  0.493489  1.516945  2.010434
954.5  0.470365  1.539711  2.010077
955.0  0.448145  1.562949  2.011094
955.5  0.428296  1.579868  2.008165
956.0  0.410058  1.594733  2.004791
956.5  0.390848  1.610759  2.001607
957.0  0.367913  1.627828  1.995741
957.5  0.340355  1.651393  1.991748
958.0  0.310206  1.678442  1.988649
958.5  0.281877  1.704649  1.986527
959.0  0.260432  1.725425  1.985857
959.5  0.249766  1.736423  1.986189
960.0  0.251518  1.734922  1.986440
960.5  0.264924  1.723744  1.988667
961.0  0.287402  1.703101  1.990502
961.5  0.315516  1.675713  1.991229
962.0  0.345997  1.646975  1.992972
962.5  0.376531  1.616399  1.992930
963.0  0.406051  1.586186  1.992237
963.5  0.434454  1.557835  1.992289
964.0  0.462005  1.529865  1.991869
964.5  0.488909  1.504408  1.993317
965.0  0.515309  1.479964  1.995273
965.5  0.541387  1.455998  1.997385
966.0  0.567050  1.432240  1.999289
966.5  0.591200  1.411460  2.002660
967.0  0.611386  1.394052  2.005437
967.5  0.624509  1.382000  2.006509
968.0  0.628330  1.380034  2.008364
968.5  0.622671  1.387169  2.009840
969.0  0.609504  1.399724  2.009227
969.5  0.591958  1.416416  2.008373
970.0  0.572999  1.435830  2.008829
970.5  0.554466  1.453626  2.008092
971.0  0.536770  1.468546  2.005316
971.5  0.519224  1.483909  2.003134
972.0  0.500770  1.500247  2.001017
972.5  0.480810  1.517704  1.998513
973.0  0.459793  1.535224  1.995018
973.5  0.439215  1.554052  1.993267
974.0  0.421004  1.571818  1.992822
974.5  0.406723  1.585019  1.991742
975.0  0.397191  1.593539  1.990730
975.5  0.392758  1.596854  1.989612
976.0  0.393705  1.594813  1.988517
976.5  0.400073  1.588464  1.988537
977.0  0.410908  1.578281  1.989189
977.5  0.423787  1.565155  1.988942
978.0  0.435373  1.551641  1.987015
978.5  0.442752  1.544717  1.987469
979.0  0.444545  1.542599  1.987144
979.5  0.441108  1.543317  1.984425
980.0  0.433876  1.547576  1.981452
980.5  0.424454  1.554762  1.979216
981.0  0.413951  1.563697  1.977648
981.5  0.402760  1.573289  1.976049
982.0  0.390759  1.583681  1.974439
982.5  0.377811  1.595284  1.973095
983.0  0.364351  1.607845  1.972197
983.5  0.351726  1.620419  1.972145
984.0  0.342013  1.630146  1.972158
984.5  0.337325  1.635782  1.973107
985.0  0.339058  1.635070  1.974127
985.5  0.347655  1.626847  1.974502
986.0  0.363000  1.611166  1.974166
986.5  0.384832  1.590704  1.975536
987.0  0.412537  1.563569  1.976106
987.5  0.444451  1.529029  1.973480
988.0  0.477576  1.496315  1.973892
988.5  0.508282  1.470546  1.978828
989.0  0.533611  1.444620  1.978231
989.5  0.552239  1.427752  1.979991
990.0  0.564522  1.420398  1.984920
990.5  0.571829  1.415613  1.987443
991.0  0.575685  1.415657  1.991342
991.5  0.577138  1.414940  1.992078
992.0  0.576493  1.419524  1.996016
992.5  0.573433  1.428153  2.001586
993.0  0.567467  1.435168  2.002635
993.5  0.558519  1.440745  1.999264
994.0  0.547317  1.450145  1.997463
994.5  0.535239  1.466817  2.002057
995.0  0.523620  1.478845  2.002466
995.5  0.513014  1.486742  1.999756
996.0  0.503105  1.499675  2.002780
996.5  0.493392  1.514877  2.008269
997.0  0.483986  1.527407  2.011393
997.5  0.475630  1.537089  2.012719
998.0  0.468913  1.552117  2.021030
998.5  0.463498  1.562036  2.025535
999.0  0.458177  1.569852  2.028029
999.5  0.451618  1.577016  2.028634
1000.0  0.443108  1.584197  2.027305
