0.0  245.2828
0.5  224.7799
1.0  211.6063
1.5  209.7913
2.0  220.1898
2.5  240.6080
3.0  266.4537
3.5  291.7467
4.0  310.5133
4.5  318.5794
5.0  315.4329
5.5  305.2789
6.0  296.1500
6.5  296.6250
7.0  311.3752
7.5  338.1600
8.0  368.4107
8.5  391.1803
9.0  398.0373
9.5  386.2725
10.0  359.2811
10.5  324.6401
11.0  291.1860
11.5  266.3282
12.0  254.3237
12.5  255.6770
13.0  267.4487
13.5  284.1541
14.0  299.0582
14.5  305.8327
15.0  300.5151
15.5  283.3791
16.0  259.8219
16.5  239.1928
17.0  231.2223
17.5  241.3509
18.0  267.5975
18.5  301.1098
19.0  330.1911
19.5  345.3848
20.0  342.9269
20.5  325.3527
21.0  299.7241
21.5  274.7677
22.0  258.1476
22.5  254.5992
23.0  265.1183
23.5  287.0447
24.0  314.7925
24.5  341.0846
25.0  358.6858
25.5  362.5690
26.0  352.0699
26.5  332.0186
27.0  311.6350
27.5  300.8071
28.0  305.1880
28.5  322.9763
29.0  345.5960
29.5  361.9160
30.0  363.3724
30.5  347.2603
31.0  317.1087
31.5  280.7562
32.0  247.4538
32.5  225.1576
33.0  218.6609
33.5  228.7402
34.0  252.2055
34.5  282.6747
35.0  311.9638
35.5  332.0634
36.0  337.5539
36.5  327.9065
37.0  308.5629
37.5  289.5661
38.0  281.4858
38.5  290.2828
39.0  314.1056
39.5  344.1598
40.0  369.0824
40.5  380.0547
41.0  373.9632
41.5  353.6681
42.0  326.1062
42.5  299.5682
43.0  281.2347
43.5  275.5166
44.0  283.2985
44.5  301.9582
45.0  326.0080
45.5  348.2838
46.0  361.6792
46.5  361.3099
47.0  346.6204
47.5  322.4370
48.0  297.8348
48.5  282.5258
49.0  282.1909
49.5  295.4653
50.0  314.6075
50.5  329.4333
51.0  332.0141
51.5  319.6177
52.0  294.9680
52.5  264.4825
53.0  235.7456
53.5  215.2432
54.0  206.8578
54.5  211.2023
55.0  225.6607
55.5  244.9919
56.0  262.4510
56.5  271.4488
57.0  267.6608
57.5  251.1163
58.0  227.2762
58.5  205.9418
59.0  197.6138
59.5  208.6357
60.0  237.8763
60.5  277.1878
61.0  315.4123
61.5  343.3861
62.0  357.1903
62.5  358.5451
63.0  353.0096
63.5  347.3650
64.0  347.3121
64.5  356.0154
65.0  373.5396
65.5  396.9903
66.0  421.1618
66.5  439.6036
67.0  446.1038
67.5  436.5142
68.0  410.5336
68.5  372.6582
69.0  331.3836
69.5  296.3354
70.0  274.3120
70.5  266.3487
71.0  267.6601
71.5  270.5199
72.0  268.2423
72.5  258.0210
73.0  241.5161
73.5  223.5306
74.0  209.8568
74.5  205.2898
75.0  212.3369
75.5  230.7168
76.0  257.4990
76.5  287.7035
77.0  315.2783
77.5  334.4516
78.0  341.3911
78.5  335.7895
79.0  321.6022
79.5  306.0769
80.0  296.8861
80.5  298.4830
81.0  309.7675
81.5  324.6560
82.0  335.2744
82.5  335.7970
83.0  324.8284
83.5  305.4865
84.0  283.7216
84.5  266.0074
85.0  257.3625
85.5  260.1708
86.0  273.8478
86.5  295.1774
87.0  319.1219
87.5  339.9858
88.0  352.8750
88.5  355.2969
89.0  348.4464
89.5  337.3978
90.0  329.5097
90.5  331.1994
91.0  344.5281
91.5  365.6764
92.0  386.4645
92.5  398.1028
93.0  394.9859
93.5  376.6285
94.0  347.2460
94.5  313.7431
95.0  283.2797
95.5  261.3034
96.0  250.4302
96.5  250.1672
97.0  257.2944
97.5  266.7303
98.0  272.7911
98.5  270.7937
99.0  258.8118
99.5  239.0494
100.0  217.9557
100.5  204.3390
101.0  205.6999
101.5  224.4064
102.0  256.0029
102.5  290.9025
103.0  318.5601
103.5  331.7272
104.0  328.7047
104.5  313.0298
105.0  291.4028
105.5  271.1127
106.0  257.9178
106.5  254.7987
107.0  261.5743
107.5  275.1967
108.0  290.5531
108.5  301.7108
109.0  303.5841
109.5  293.8387
110.0  274.4603
110.5  252.0418
111.0  235.9706
111.5  234.6841
112.0  251.6281
112.5  283.2861
113.0  320.6534
113.5  353.3392
114.0  373.8875
114.5  380.1504
115.0  375.0731
115.5  364.6782
116.0  355.5307
116.5  352.6698
117.0  358.4221
117.5  372.0668
118.0  390.1408
118.5  407.2130
119.0  417.0913
119.5  414.4774
120.0  396.8979
120.5  366.3102
121.0  329.3946
121.5  295.7144
122.0  273.9738
122.5  268.0629
123.0  275.2213
123.5  287.5616
124.0  296.0345
124.5  294.4754
125.0  281.7146
125.5  261.2430
126.0  239.2334
126.5  222.1402
127.0  214.7792
127.5  219.2555
128.0  234.6891
128.5  257.5247
129.0  282.2606
129.5  302.5787
130.0  312.9245
130.5  310.4068
131.0  296.4251
131.5  276.9963
132.0  260.9110
132.5  255.9621
133.0  265.0385
133.5  284.5021
134.0  306.0263
134.5  320.7810
135.0  323.4480
135.5  314.0672
136.0  297.3459
136.5  280.3816
137.0  270.0876
137.5  271.2303
138.0  285.4121
138.5  310.9267
139.0  343.2510
139.5  375.9925
140.0  402.2446
140.5  416.3435
141.0  415.7984
141.5  402.7059
142.0  383.6039
142.5  367.0869
143.0  359.8018
143.5  362.9135
144.0  371.3227
144.5  376.2652
145.0  369.6771
145.5  347.7849
146.0  312.3055
146.5  269.2869
147.0  226.6934
147.5  191.9433
148.0  170.1553
148.5  163.3187
149.0  170.2569
149.5  187.1374
150.0  208.3605
150.5  227.7992
151.0  240.4068
151.5  243.9929
152.0  240.5143
152.5  235.9006
153.0  237.7928
153.5  251.7984
154.0  278.2264
154.5  311.4247
155.0  342.2899
155.5  362.4223
156.0  367.5299
156.5  358.5522
157.0  340.5374
157.5  320.3303
158.0  304.2387
158.5  296.4058
159.0  298.0908
159.5  307.7187
160.0  321.4586
160.5  334.1663
161.0  340.6654
161.5  337.3470
162.0  323.8127
162.5  303.8467
163.0  284.7837
163.5  274.8584
164.0  279.4097
164.5  297.9987
165.0  324.3584
165.5  349.3608
166.0  365.2159
166.5  368.5406
167.0  361.0100
167.5  347.8623
168.0  335.4278
168.5  328.8472
169.0  330.6485
169.5  340.3125
170.0  354.6212
170.5  368.4987
171.0  376.1499
171.5  372.4593
172.0  354.6094
172.5  323.6108
173.0  285.0079
173.5  247.8681
174.0  221.7717
174.5  212.8362
175.0  220.9097
175.5  239.7569
176.0  260.2360
176.5  274.5560
177.0  279.2822
177.5  275.9132
178.0  269.3829
178.5  265.6537
179.0  269.5146
179.5  283.1962
180.0  305.9069
180.5  334.0932
181.0  362.1731
181.5  383.6100
182.0  392.3482
182.5  384.5963
183.0  360.5982
183.5  325.5194
184.0  288.4208
184.5  259.0344
185.0  243.5676
185.5  241.9041
186.0  248.0475
186.5  253.5721
187.0  251.9176
187.5  241.1586
188.0  224.2311
188.5  207.1482
189.0  196.4630
189.5  197.0968
190.0  211.1055
190.5  237.4290
191.0  272.3541
191.5  310.3674
192.0  345.2307
192.5  371.2993
193.0  385.0930
193.5  386.7776
194.0  380.7210
194.5  374.2113
195.0  374.2731
195.5  383.9892
196.0  400.5834
196.5  416.6554
197.0  423.8529
197.5  416.7329
198.0  394.7928
198.5  362.1085
199.0  325.3382
199.5  291.3044
200.0  265.0933
200.5  249.0882
201.0  242.8993
201.5  243.9034
202.0  248.0808
202.5  250.9931
203.0  248.9301
203.5  240.2338
204.0  226.4683
204.5  212.6527
205.0  205.7726
205.5  211.6603
206.0  231.6985
206.5  261.4499
207.0  292.3243
207.5  315.3833
208.0  325.0586
208.5  320.9312
209.0  307.1509
209.5  290.3091
210.0  276.9590
210.5  271.6978
211.0  276.2149
211.5  289.2744
212.0  307.3514
212.5  325.6162
213.0  339.1062
213.5  344.0743
214.0  339.4244
214.5  327.7631
215.0  315.2178
215.5  309.3802
216.0  315.8133
216.5  334.8952
217.0  361.0816
217.5  385.2911
218.0  399.0490
218.5  398.0145
219.0  383.2537
219.5  360.1679
220.0  336.0858
220.5  317.7292
221.0  309.3786
221.5  312.0509
222.0  323.6043
222.5  339.4814
223.0  353.8127
223.5  360.7484
224.0  356.0143
224.5  338.5483
225.0  311.6412
225.5  282.6254
226.0  260.4643
226.5  251.8401
227.0  257.7571
227.5  272.8705
228.0  288.1423
228.5  295.2082
229.0  289.9347
229.5  273.5659
230.0  251.5124
230.5  230.8890
231.0  218.0163
231.5  216.6704
232.0  227.3483
232.5  247.4502
233.0  272.0945
233.5  295.2722
234.0  311.1779
234.5  315.6736
235.0  307.7660
235.5  290.5889
236.0  271.0119
236.5  257.2572
237.0  255.1246
237.5  264.8486
238.0  280.7571
238.5  294.1839
239.0  297.8579
239.5  289.2073
240.0  271.1023
240.5  250.2534
241.0  234.4772
241.5  230.0710
242.0  240.0691
242.5  263.6366
243.0  296.4962
243.5  332.0921
244.0  363.1628
244.5  383.4662
245.0  389.4678
245.5  381.6936
246.0  365.1599
246.5  348.1394
247.0  339.0531
247.5  342.5606
248.0  357.0271
248.5  375.1545
249.0  387.5821
249.5  387.3048
250.0  372.5063
250.5  346.7677
251.0  317.1911
251.5  291.6955
252.0  276.5860
252.5  274.9945
253.0  286.3423
253.5  306.6988
254.0  329.8027
254.5  348.5111
255.0  356.5017
255.5  350.0519
256.0  329.5322
256.5  299.9400
257.0  269.7051
257.5  247.5993
258.0  238.8546
258.5  242.6132
259.0  252.4183
259.5  259.5690
260.0  257.3242
260.5  243.6748
261.0  221.6610
261.5  197.6971
262.0  179.0751
262.5  171.6970
263.0  178.6166
263.5  199.5294
264.0  231.0752
264.5  267.7106
265.0  302.9451
265.5  330.8352
266.0  347.6323
266.5  353.2499
267.0  351.8342
267.5  350.6259
268.0  356.9547
268.5  374.5158
269.0  401.0610
269.5  429.1342
270.0  449.5616
270.5  455.6102
271.0  445.5572
271.5  422.7526
272.0  393.7511
272.5  365.7515
273.0  344.4013
273.5  332.5118
274.0  329.7663
274.5  333.2154
275.0  338.2386
275.5  339.7031
276.0  333.2016
276.5  316.3487
277.0  289.9574
277.5  258.5504
278.0  229.4608
278.5  210.2447
279.0  205.2968
279.5  213.5550
280.0  228.8963
280.5  243.1443
281.0  249.8833
281.5  246.9651
282.0  236.7375
282.5  224.4268
283.0  215.7888
283.5  215.0425
284.0  223.6565
284.5  240.1260
285.0  260.5879
285.5  279.9623
286.0  293.2885
286.5  297.0127
287.0  290.0914
287.5  274.7278
288.0  256.3405
288.5  242.2603
289.0  239.0854
289.5  249.6429
290.0  271.3051
290.5  296.9855
291.0  318.4603
291.5  330.1110
292.0  331.0825
292.5  325.0874
293.0  318.4460
293.5  317.5314
294.0  326.6192
294.5  346.6771
295.0  375.2116
295.5  407.0134
296.0  435.4907
296.5  454.2523
297.0  458.6631
297.5  447.1608
298.0  422.0527
298.5  389.3412
299.0  357.1395
299.5  332.7941
300.0  319.8247
300.5  316.4014
301.0  316.4573
301.5  312.8892
302.0  300.9843
302.5  280.2998
303.0  254.4223
303.5  229.2121
304.0  210.5866
304.5  202.6988
305.0  206.9396
305.5  221.8274
306.0  243.6080
306.5  267.2848
307.0  287.8035
307.5  301.2181
308.0  305.7299
308.5  302.4017
309.0  295.1416
309.5  289.5261
310.0  290.5054
310.5  299.9086
311.0  315.2100
311.5  330.5116
312.0  339.3053
312.5  337.4315
313.0  324.6875
313.5  304.5575
314.0  282.5810
314.5  264.3106
315.0  253.6551
315.5  252.0263
316.0  258.3395
316.5  269.6701
317.0  282.2417
317.5  292.4507
318.0  297.7761
318.5  297.5336
319.0  293.3512
319.5  289.0223
320.0  289.3489
320.5  298.0530
321.0  315.6507
321.5  338.6230
322.0  360.6491
322.5  375.3403
323.0  378.9413
323.5  371.6208
324.0  356.9811
324.5  340.3588
325.0  326.8347
325.5  319.6875
326.0  319.6617
326.5  325.0817
327.0  332.6116
327.5  338.3388
328.0  338.8715
328.5  332.2617
329.0  318.6620
329.5  300.5812
330.0  282.4588
330.5  269.3106
331.0  264.6563
331.5  268.6438
332.0  277.5772
332.5  285.4012
333.0  286.4366
333.5  277.8566
334.0  260.6891
334.5  239.1303
335.0  218.7987
335.5  204.8017
336.0  200.2701
336.5  205.6693
337.0  218.9142
337.5  236.1196
338.0  252.7212
338.5  264.6971
339.0  269.6851
339.5  267.8251
340.0  262.0634
340.5  257.5432
341.0  259.8539
341.5  272.5400
342.0  295.0493
342.5  322.4705
343.0  347.4989
343.5  363.6284
344.0  367.8164
344.5  361.3756
345.0  349.0171
345.5  336.8424
346.0  330.2544
346.5  332.4552
347.0  343.8003
347.5  361.9697
348.0  382.7423
348.5  401.1035
349.0  412.4684
349.5  413.8801
350.0  405.0118
350.5  388.6135
351.0  369.9061
351.5  354.7052
352.0  346.8378
352.5  346.1903
353.0  348.6765
353.5  348.3034
354.0  340.1500
354.5  322.5870
355.0  297.7525
355.5  270.4215
356.0  246.1118
356.5  229.3142
357.0  222.3883
357.5  225.2694
358.0  235.8370
358.5  250.6507
359.0  265.7706
359.5  277.5391
360.0  283.3722
360.5  282.5740
361.0  276.8945
361.5  270.2666
362.0  267.3482
362.5  271.2604
363.0  281.7330
363.5  294.9263
364.0  305.2162
364.5  307.9302
365.0  301.4694
365.5  287.8168
366.0  271.4845
366.5  257.6774
367.0  250.5461
367.5  252.1060
368.0  261.9996
368.5  277.9518
369.0  296.5752
369.5  314.1804
370.0  327.4402
370.5  334.0054
371.0  333.1789
371.5  326.4390
372.0  317.2646
372.5  309.8690
373.0  307.1937
373.5  309.2879
374.0  313.2227
374.5  314.7368
375.0  310.6249
375.5  300.4419
376.0  286.6908
376.5  273.6494
377.0  265.6220
377.5  265.4357
378.0  273.6796
378.5  288.7801
379.0  307.6941
379.5  326.8257
380.0  342.8066
380.5  353.0180
381.0  355.9958
381.5  351.8724
382.0  342.6921
382.5  332.1092
383.0  324.1308
383.5  321.2636
384.0  323.1158
384.5  326.4752
385.0  326.9759
385.5  321.3791
386.0  309.1441
386.5  292.5545
387.0  275.5839
387.5  262.2416
388.0  255.1595
388.5  254.8778
389.0  259.9338
389.5  267.5652
390.0  274.6648
390.5  278.6133
391.0  277.8143
391.5  272.0088
392.0  262.5095
392.5  252.2316
393.0  245.1172
393.5  244.7270
394.0  252.4673
394.5  266.5441
395.0  282.5350
395.5  295.4351
396.0  302.0087
396.5  302.1316
397.0  298.5660
397.5  295.5358
398.0  296.9444
398.5  304.9969
399.0  319.6408
399.5  338.8517
400.0  359.4886
400.5  378.2784
401.0  392.5507
401.5  400.6215
402.0  402.0223
402.5  397.7661
403.0  390.4629
403.5  383.7787
404.0  380.9981
404.5  383.2578
405.0  388.6164
405.5  392.7858
406.0  391.2223
406.5  381.3344
407.0  363.5741
407.5  341.0077
408.0  317.8315
408.5  297.6733
409.0  282.3972
409.5  271.7709
410.0  263.9718
410.5  256.5974
411.0  247.6778
411.5  236.2688
412.0  222.5448
412.5  207.6637
413.0  193.6925
413.5  183.5021
414.0  180.2049
414.5  185.9311
415.0  200.4507
415.5  220.6324
416.0  241.3792
416.5  257.6917
417.0  266.7165
417.5  268.6985
418.0  266.4982
418.5  264.1167
419.0  265.0167
419.5  270.9280
420.0  281.5002
420.5  294.7861
421.0  308.2103
421.5  319.5138
422.0  327.2898
422.5  331.0930
423.0  331.4236
423.5  329.7950
424.0  328.6733
424.5  330.8366
425.0  338.0848
425.5  349.9517
426.0  363.4002
426.5  373.9612
427.0  377.7843
427.5  373.4320
428.0  362.4677
428.5  348.6673
429.0  336.3965
429.5  328.9499
430.0  327.4963
430.5  330.9338
431.0  336.5774
431.5  341.2857
432.0  342.4972
432.5  338.8002
433.0  330.0402
433.5  317.2481
434.0  302.5562
434.5  288.8795
435.0  279.0308
435.5  274.3919
436.0  273.9083
436.5  274.2580
437.0  271.3519
437.5  262.3940
438.0  247.3538
438.5  229.1241
439.0  212.4197
439.5  202.0405
440.0  201.2483
440.5  210.8160
441.0  228.9896
441.5  252.2699
442.0  276.6313
442.5  298.6588
443.0  316.2192
443.5  328.6456
444.0  336.6829
444.5  342.3299
445.0  348.3345
445.5  357.0482
446.0  368.9086
446.5  381.5123
447.0  390.1884
447.5  390.0321
448.0  378.3066
448.5  355.8891
449.0  327.1025
449.5  298.1897
450.0  275.2289
450.5  262.3214
451.0  260.6177
451.5  268.3969
452.0  282.0504
452.5  297.5066
453.0  311.4981
453.5  322.2510
454.0  329.5938
454.5  334.7687
455.0  340.0754
455.5  348.1174
456.0  360.4845
456.5  376.3579
457.0  392.0584
457.5  402.1905
458.0  401.9353
458.5  389.2199
459.0  365.6246
459.5  335.7251
460.0  305.3678
460.5  279.6991
461.0  261.6595
461.5  251.3635
462.0  246.4681
462.5  243.3165
463.0  238.3734
463.5  229.3809
464.0  215.8878
464.5  199.2353
465.0  182.3068
465.5  169.1154
466.0  163.9052
466.5  169.5852
467.0  186.0773
467.5  209.7339
468.0  234.5376
468.5  254.5842
469.0  266.4735
469.5  270.3979
470.0  269.6161
470.5  268.8244
471.0  272.2523
471.5  282.1868
472.0  298.3439
472.5  318.1914
473.0  338.0050
473.5  354.1692
474.0  364.1669
474.5  366.9872
475.0  363.1331
475.5  354.5844
476.0  344.6987
476.5  337.5721
477.0  336.5577
477.5  342.5169
478.0  353.0359
478.5  363.4097
479.0  368.9461
479.5  367.2170
480.0  359.0391
480.5  347.8825
481.0  338.2399
481.5  333.8000
482.0  336.1237
482.5  344.2122
483.0  355.0207
483.5  364.6351
484.0  369.5745
484.5  367.6725
485.0  358.3218
485.5  342.3259
486.0  321.7399
486.5  299.7099
487.0  279.8900
487.5  265.1805
488.0  256.2937
488.5  251.1946
489.0  246.0670
489.5  237.3766
490.0  223.8215
490.5  207.1110
491.0  191.3181
491.5  181.2863
492.0  180.8519
492.5  191.5367
493.0  212.1073
493.5  239.0915
494.0  268.0056
494.5  294.7578
495.0  316.6446
495.5  332.6626
496.0  343.3291
496.5  350.3783
497.0  356.3869
497.5  364.0063
498.0  374.6779
498.5  387.4226
499.0  398.7041
499.5  403.8132
500.0  399.1240
500.5  383.9337
501.0  360.9305
501.5  335.2091
502.0  312.4415
502.5  296.9938
503.0  290.6252
503.5  292.1439
504.0  298.0970
504.5  304.2145
505.0  306.9923
505.5  304.7338
506.0  297.7432
506.5  287.9255
507.0  278.2511
507.5  272.1555
508.0  272.5572
508.5  280.4649
509.0  293.9238
509.5  308.2840
510.0  317.9928
510.5  318.9912
511.0  310.3929
511.5  294.6796
512.0  276.5406
512.5  261.0445
513.0  251.8943
513.5  250.3172
514.0  254.8891
514.5  262.3191
515.0  268.8802
515.5  271.8619
516.0  270.3944
516.5  265.4039
517.0  259.0470
517.5  254.1440
518.0  253.7061
518.5  260.1889
519.0  274.3379
519.5  294.2342
520.0  315.4629
520.5  332.6788
521.0  341.8043
521.5  341.6415
522.0  334.1280
522.5  323.3042
523.0  313.6168
523.5  308.2815
524.0  308.2430
524.5  312.0273
525.0  316.5119
525.5  318.3052
526.0  315.1241
526.5  306.5447
527.0  293.9192
527.5  279.8187
528.0  267.5002
528.5  260.4496
529.0  261.6226
529.5  272.2612
530.0  290.8885
530.5  313.3901
531.0  334.4742
531.5  349.8102
532.0  357.6723
532.5  359.2994
533.0  357.9804
533.5  357.4453
534.0  360.2767
534.5  366.9004
535.0  375.4671
535.5  382.6402
536.0  384.9571
536.5  380.1486
537.0  367.8378
537.5  349.4574
538.0  327.7216
538.5  306.0590
539.0  288.0169
539.5  276.3706
540.0  271.9925
540.5  273.1312
541.0  275.8409
541.5  275.6097
542.0  269.3830
542.5  256.9153
543.0  240.8548
543.5  225.6800
544.0  216.0538
544.5  215.2205
545.0  223.9375
545.5  240.2501
546.0  260.1862
546.5  279.1203
547.0  293.2482
547.5  300.5781
548.0  301.1921
548.5  296.9973
549.0  291.2719
549.5  287.9649
550.0  290.4947
550.5  300.2069
551.0  315.3356
551.5  331.3680
552.0  342.8724
552.5  345.8301
553.0  339.2360
553.5  325.3033
554.0  308.4317
554.5  293.5709
555.0  284.6402
555.5  283.4656
556.0  289.4868
556.5  300.2713
557.0  312.6001
557.5  323.6373
558.0  331.6863
558.5  336.3669
559.0  338.4522
559.5  339.6215
560.0  342.0210
560.5  347.3492
561.0  355.6421
561.5  364.5599
562.0  369.9458
562.5  367.5660
563.0  355.0634
563.5  333.0435
564.0  304.8506
564.5  275.3365
565.0  249.2807
565.5  230.0597
566.0  218.9258
566.5  215.0330
567.0  216.1288
567.5  219.6027
568.0  223.4277
568.5  226.6267
569.0  229.2675
569.5  232.2985
570.0  237.4241
570.5  246.7949
571.0  262.1648
571.5  283.6582
572.0  308.9380
572.5  333.5698
573.0  352.6131
573.5  362.5920
574.0  362.7716
574.5  355.1854
575.0  343.6033
575.5  332.0585
576.0  323.5585
576.5  319.3782
577.0  319.0692
577.5  321.0721
578.0  323.5897
578.5  325.2751
579.0  325.4587
579.5  324.0352
580.0  321.3845
580.5  318.4878
581.0  316.9265
581.5  318.3399
582.0  323.4164
582.5  331.1007
583.0  338.7423
583.5  343.2757
584.0  342.7593
584.5  337.3593
585.0  329.2700
585.5  321.7188
586.0  317.6193
586.5  318.4669
587.0  323.8580
587.5  331.7400
588.0  339.2261
588.5  343.5858
589.0  342.9607
589.5  336.5856
590.0  324.7019
590.5  308.5261
591.0  290.3307
591.5  273.2328
592.0  260.3050
592.5  253.2561
593.0  251.5182
593.5  252.4743
594.0  252.7964
594.5  250.1154
595.0  244.0995
595.5  236.4798
596.0  230.1798
596.5  228.0701
597.0  231.8843
597.5  241.6528
598.0  255.7852
598.5  271.6933
599.0  286.6259
599.5  298.3024
600.0  305.1405
600.5  306.2804
601.0  301.8037
601.5  293.1871
602.0  283.4470
602.5  276.3575
603.0  274.8561
603.5  279.6159
604.0  288.8161
604.5  299.2948
605.0  308.2892
605.5  314.6960
606.0  319.2697
606.5  323.8936
607.0  330.4691
607.5  339.9887
608.0  352.1431
608.5  365.5383
609.0  378.3275
609.5  388.8517
610.0  395.8902
610.5  398.4724
611.0  395.6750
611.5  386.9168
612.0  372.7064
612.5  355.1064
613.0  337.1941
613.5  321.6388
614.0  309.3737
614.5  299.3385
615.0  289.4308
615.5  277.9414
616.0  264.5490
616.5  250.4153
617.0  237.5240
617.5  227.7430
618.0  222.0852
618.5  220.4649
619.0  222.0015
619.5  225.6536
620.0  230.7485
620.5  237.0130
621.0  244.1237
621.5  251.3145
622.0  257.6207
622.5  262.6975
623.0  267.4372
623.5  273.6511
624.0  282.9103
624.5  295.4190
625.0  309.7669
625.5  323.6841
626.0  335.1981
626.5  343.4369
627.0  348.7014
627.5  351.9323
628.0  353.9833
628.5  355.1147
629.0  354.9661
629.5  353.0196
630.0  349.2775
630.5  344.6554
631.0  340.6813
631.5  338.6142
632.0  338.6924
632.5  340.2218
633.0  342.4445
633.5  345.3272
634.0  349.4723
634.5  355.2245
635.0  361.8153
635.5  367.3317
636.0  369.5610
636.5  367.0891
637.0  359.9252
637.5  349.3451
638.0  337.1357
638.5  324.6837
639.0  312.3414
639.5  299.3555
640.0  284.4228
640.5  266.6307
641.0  246.2579
641.5  224.8975
642.0  204.8100
642.5  188.0397
643.0  175.9918
643.5  169.6209
644.0  169.6979
644.5  176.5931
645.0  189.6725
645.5  206.9626
646.0  225.6033
646.5  242.9472
647.0  257.6413
647.5  270.0623
648.0  281.9247
648.5  295.3267
649.0  311.6802
649.5  330.9323
650.0  351.3509
650.5  369.9800
651.0  383.6270
651.5  389.9660
652.0  388.2269
652.5  379.1946
653.0  364.7345
653.5  347.3153
654.0  329.7215
654.5  314.6896
655.0  304.1953
655.5  298.6348
656.0  296.5520
656.5  295.3247
657.0  292.5278
657.5  287.1983
658.0  280.3338
658.5  274.4661
659.0  272.6166
659.5  277.1126
660.0  288.6897
660.5  306.1646
661.0  326.7967
661.5  347.2014
662.0  364.3992
662.5  376.4891
663.0  382.7270
663.5  383.2592
664.0  378.9200
664.5  371.1550
665.0  361.7353
665.5  352.0761
666.0  342.5038
666.5  332.0872
667.0  319.2861
667.5  303.0393
668.0  283.6178
668.5  262.7846
669.0  243.2662
669.5  227.8671
670.0  218.6160
670.5  216.2221
671.0  219.9868
671.5  228.1762
672.0  238.6884
672.5  249.6871
673.0  259.9016
673.5  268.5908
674.0  275.4825
674.5  280.9110
675.0  285.9450
675.5  292.0700
676.0  300.3634
676.5  310.6846
677.0  321.5402
677.5  330.7919
678.0  336.7491
678.5  338.9673
679.0  338.3488
679.5  336.6002
680.0  335.4039
680.5  335.6952
681.0  337.3211
681.5  339.1995
682.0  339.9235
682.5  338.5293
683.0  334.9733
683.5  329.9902
684.0  324.4791
684.5  319.0065
685.0  313.8655
685.5  309.4755
686.0  306.5057
686.5  305.4570
687.0  306.0959
687.5  307.3434
688.0  307.8050
688.5  306.5784
689.0  303.7863
689.5  300.5261
690.0  298.3129
690.5  298.3321
691.0  300.8295
691.5  304.8610
692.0  308.5132
692.5  309.5601
693.0  306.3166
693.5  298.2602
694.0  286.0685
694.5  271.1487
695.0  255.1475
695.5  239.8155
696.0  227.0372
696.5  218.5410
697.0  215.1987
697.5  216.4462
698.0  220.4263
698.5  224.9016
699.0  228.3857
699.5  230.8337
700.0  233.5885
700.5  238.7248
701.0  248.1532
701.5  262.8297
702.0  282.3090
702.5  304.7828
703.0  327.6276
703.5  348.2688
704.0  364.9334
704.5  376.8838
705.0  384.1320
705.5  387.0918
706.0  386.5646
706.5  383.8782
707.0  380.6376
707.5  377.9459
708.0  375.6602
708.5  372.3921
709.0  366.3647
709.5  356.5518
710.0  343.3770
710.5  328.6338
711.0  314.7827
711.5  304.0258
712.0  297.5362
712.5  295.0946
713.0  295.2624
713.5  296.0633
714.0  295.8988
714.5  294.1902
715.0  291.3433
715.5  288.1575
716.0  285.3101
716.5  283.3914
717.0  283.2294
717.5  285.8231
718.0  291.6791
718.5  300.1292
719.0  309.3520
719.5  317.1957
720.0  322.2277
720.5  324.3261
721.0  324.5330
721.5  324.3581
722.0  324.9328
722.5  326.3878
723.0  327.6956
723.5  327.0674
724.0  322.7904
724.5  314.1152
725.0  301.6462
725.5  286.9319
726.0  271.5772
726.5  256.6465
727.0  242.8231
727.5  230.9636
728.0  222.2802
728.5  217.8597
729.0  217.9915
729.5  221.9746
730.0  228.6020
730.5  236.9412
731.0  246.8564
731.5  258.9667
732.0  274.1022
732.5  292.5542
733.0  313.4729
733.5  334.7222
734.0  353.3614
734.5  366.6526
735.0  373.1333
735.5  373.1080
736.0  368.2105
736.5  360.3926
737.0  351.1639
737.5  341.5679
738.0  332.5614
738.5  325.1014
739.0  319.7206
739.5  316.0529
740.0  312.8709
740.5  308.7241
741.0  302.7749
741.5  295.3324
742.0  287.8291
742.5  282.2835
743.0  280.4774
743.5  283.1494
744.0  289.5450
744.5  297.6026
745.0  304.7867
745.5  309.1689
746.0  310.1041
746.5  308.1050
747.0  304.1623
747.5  299.1778
748.0  293.8910
748.5  289.0291
749.0  285.1888
749.5  282.4007
750.0  279.8274
750.5  276.0078
751.0  269.5887
751.5  260.0996
752.0  248.3466
752.5  236.2702
753.0  226.3718
753.5  220.9156
754.0  221.1539
754.5  226.8613
755.0  236.4543
755.5  247.7571
756.0  259.0741
756.5  269.9301
757.0  281.0243
757.5  293.5558
758.0  308.5388
758.5  326.5246
759.0  347.5520
759.5  370.9458
760.0  395.0030
760.5  417.0146
761.0  433.9171
761.5  443.3208
762.0  444.3521
762.5  437.8998
763.0  426.2345
763.5  412.2225
764.0  398.4098
764.5  386.2303
765.0  375.6023
765.5  365.1543
766.0  353.0826
766.5  338.2376
767.0  320.7871
767.5  302.0711
768.0  283.9180
768.5  268.0602
769.0  255.9435
769.5  248.6199
770.0  246.3604
770.5  248.1775
771.0  251.8317
771.5  254.5896
772.0  254.3630
772.5  250.5709
773.0  244.3141
773.5  237.8851
774.0  233.8900
774.5  234.2850
775.0  239.6000
775.5  248.6267
776.0  258.7987
776.5  267.2080
777.0  271.7821
777.5  271.9575
778.0  268.5510
778.5  263.1762
779.0  257.7866
779.5  254.4880
780.0  255.2357
780.5  261.1574
781.0  271.8479
781.5  285.2796
782.0  298.5638
782.5  309.1566
783.0  315.8443
783.5  319.1033
784.0  320.8276
784.5  323.6318
785.0  329.9360
785.5  341.0303
786.0  356.4102
786.5  373.7397
787.0  389.5852
787.5  400.5857
788.0  404.4122
788.5  400.1091
789.0  387.9988
789.5  369.5740
790.0  347.4253
790.5  324.8229
791.0  304.7671
791.5  288.9470
792.0  277.3190
792.5  268.5891
793.0  261.2224
793.5  254.3445
794.0  248.1451
794.5  243.7849
795.0  242.9809
795.5  247.3969
796.0  257.9219
796.5  274.0308
797.0  293.5780
797.5  313.2607
798.0  329.5764
798.5  339.7491
799.0  342.2371
799.5  336.8912
800.0  325.0113
800.5  309.2328
801.0  292.9198
801.5  279.0397
802.0  269.0765
802.5  262.6810
803.0  258.2470
803.5  253.9730
804.0  248.7796
804.5  242.7414
805.0  237.0577
805.5  233.7289
806.0  235.0225
806.5  242.7605
807.0  257.5792
807.5  278.4978
808.0  303.0855
808.5  328.1600
809.0  350.6061
809.5  367.9737
810.0  378.8822
810.5  383.3859
811.0  383.1255
811.5  380.8576
812.0  379.3022
812.5  379.9173
813.0  382.3879
813.5  385.0908
814.0  386.0893
814.5  384.0008
815.0  378.3778
815.5  369.6654
816.0  358.9509
816.5  347.6329
817.0  337.0229
817.5  327.9447
818.0  320.5110
818.5  314.2181
819.0  308.2448
819.5  301.6866
820.0  293.6623
820.5  283.5516
821.0  271.5159
821.5  258.9384
822.0  248.1767
822.5  241.5225
823.0  240.0113
823.5  242.9091
824.0  248.1407
824.5  253.2466
825.0  256.2483
825.5  256.0892
826.0  252.6888
826.5  246.7867
827.0  239.6692
827.5  232.7833
828.0  227.3095
828.5  223.8738
829.0  222.5257
829.5  222.8786
830.0  224.2050
830.5  225.5126
831.0  225.8889
831.5  225.1990
832.0  224.6721
832.5  226.7386
833.0  234.0182
833.5  248.0887
834.0  268.8213
834.5  294.5677
835.0  322.8792
835.5  351.2433
836.0  377.5434
836.5  400.2560
837.0  418.5106
837.5  432.0595
838.0  441.1218
838.5  446.1145
839.0  447.3990
839.5  445.1504
840.0  439.2949
840.5  429.4114
841.0  414.7216
841.5  394.4787
842.0  368.7761
842.5  339.2324
843.0  308.8791
843.5  281.1541
844.0  258.6335
844.5  242.2906
845.0  231.5925
845.5  225.1622
846.0  221.5190
846.5  219.5915
847.0  218.9562
847.5  219.8605
848.0  223.0441
848.5  229.3585
849.0  239.3027
849.5  252.7063
850.0  268.6981
850.5  285.8379
851.0  302.2057
851.5  315.5218
852.0  323.6178
852.5  325.3179
853.0  321.2076
853.5  313.6018
854.0  305.5772
854.5  299.6681
855.0  297.0152
855.5  297.3194
856.0  299.3827
856.5  301.7890
857.0  303.4252
857.5  303.7829
858.0  303.0746
858.5  302.1585
859.0  302.2476
859.5  304.4927
860.0  309.6429
860.5  317.9078
861.0  328.9070
861.5  341.5318
862.0  353.8347
862.5  363.3425
863.0  367.9410
863.5  366.8610
864.0  361.0212
864.5  352.4444
865.0  343.1849
865.5  334.4902
866.0  326.5984
866.5  319.0626
867.0  311.2495
867.5  302.7425
868.0  293.5675
868.5  284.2448
869.0  275.6636
869.5  268.8030
870.0  264.4395
870.5  263.0330
871.0  264.8087
871.5  269.7813
872.0  277.4932
872.5  286.6651
873.0  295.2898
873.5  301.3885
874.0  303.9680
874.5  303.4381
875.0  301.2022
875.5  298.7945
876.0  297.1659
876.5  296.4383
877.0  296.0553
877.5  295.0999
878.0  292.6343
878.5  288.0264
879.0  281.2269
879.5  272.8853
880.0  264.2045
880.5  256.5836
881.0  251.2515
881.5  249.0330
882.0  250.1881
882.5  254.2232
883.0  259.8219
883.5  265.2052
884.0  268.9336
884.5  270.6755
885.0  271.3780
885.5  272.7277
886.0  276.3105
886.5  282.9871
887.0  292.7110
887.5  304.6903
888.0  317.6893
888.5  330.3575
889.0  341.5658
889.5  350.7064
890.0  357.8280
890.5  363.4839
891.0  368.3429
891.5  372.7985
892.0  376.7854
892.5  379.7869
893.0  380.8986
893.5  378.9778
894.0  373.0525
894.5  362.9489
895.0  349.7329
895.5  335.5473
896.0  322.8565
896.5  313.5493
897.0  308.3757
897.5  306.8879
898.0  307.7485
898.5  309.1966
899.0  309.5580
899.5  307.7513
900.0  303.6835
900.5  298.3237
901.0  293.2973
901.5  290.1086
902.0  289.3784
902.5  290.4949
903.0  291.7783
903.5  290.9984
904.0  286.0751
904.5  275.8636
905.0  260.8028
905.5  243.0513
906.0  225.8965
906.5  212.6714
907.0  205.7325
907.5  205.9441
908.0  212.7427
908.5  224.5606
909.0  239.3703
909.5  255.2283
910.0  270.7778
910.5  285.6090
911.0  300.2905
911.5  315.9515
912.0  333.5342
912.5  353.0738
913.0  373.3473
913.5  391.9814
914.0  405.9226
914.5  412.1908
915.0  408.8294
915.5  395.7575
916.0  375.0448
916.5  350.3460
917.0  325.7294
917.5  304.4907
918.0  288.4472
918.5  277.8396
919.0  271.6731
919.5  268.2783
920.0  265.9620
920.5  263.6649
921.0  261.4621
921.5  260.6630
922.0  263.3423
922.5  271.4226
923.0  285.7033
923.5  305.2517
924.0  327.3564
924.5  348.0485
925.0  363.1216
925.5  369.4311
926.0  365.9764
926.5  354.2016
927.0  337.3342
927.5  319.1350
928.0  302.6944
928.5  289.7153
929.0  280.3559
929.5  273.4753
930.0  267.1289
930.5  259.2431
931.0  248.4046
931.5  234.5839
932.0  219.4918
932.5  206.3056
933.0  198.7446
933.5  199.7760
934.0  210.4109
934.5  229.0607
935.0  251.8136
935.5  273.7122
936.0  290.6061
936.5  300.7065
937.0  305.0530
937.5  306.7454
938.0  309.4839
938.5  316.1828
939.0  328.1446
939.5  344.8615
940.0  364.2693
940.5  383.2762
941.0  398.4819
941.5  407.0172
942.0  407.3446
942.5  399.7572
943.0  386.3472
943.5  370.3966
944.0  355.3602
944.5  343.7311
945.0  336.1437
945.5  331.1383
946.0  325.9034
946.5  317.8141
947.0  305.9716
947.5  291.8350
948.0  278.6303
948.5  269.9856
949.0  268.5709
949.5  275.2818
950.0  289.0834
950.5  307.3559
951.0  326.5470
951.5  342.9847
952.0  353.7035
952.5  357.0769
953.0  353.0567
953.5  342.9661
954.0  328.9924
954.5  313.5769
955.0  298.7632
955.5  285.5308
956.0  273.3718
956.5  260.5653
957.0  245.2752
957.5  226.9031
958.0  206.8043
958.5  187.9183
959.0  173.6210
959.5  166.5107
960.0  167.6787
960.5  176.6157
961.0  191.6011
961.5  210.3440
962.0  230.6648
962.5  251.0208
963.0  270.7007
963.5  289.6361
964.0  308.0033
964.5  325.9395
965.0  343.5393
965.5  360.9249
966.0  378.0331
966.5  394.1333
967.0  407.5904
967.5  416.3397
968.0  418.8866
968.5  415.1143
969.0  406.3357
969.5  394.6384
970.0  381.9995
970.5  369.6439
971.0  357.8467
971.5  346.1497
972.0  333.8464
972.5  320.5398
973.0  306.5288
973.5  292.8097
974.0  280.6692
974.5  271.1486
975.0  264.7942
975.5  261.8385
976.0  262.4698
976.5  266.7154
977.0  273.9387
977.5  282.5244
978.0  290.2490
978.5  295.1679
979.0  296.3634
979.5  294.0718
980.0  289.2504
980.5  282.9694
981.0  275.9676
981.5  268.5068
982.0  260.5058
982.5  251.8741
983.0  242.9008
983.5  234.4838
984.0  228.0084
984.5  224.8833
985.0  226.0384
985.5  231.7699
986.0  242.0001
986.5  256.5550
987.0  275.0243
987.5  296.3007
988.0  318.3842
988.5  338.8544
989.0  355.7405
989.5  368.1591
990.0  376.3479
990.5  381.2194
991.0  383.7903
991.5  384.7589
992.0  384.3285
992.5  382.2885
993.0  378.3113
993.5  372.3462
994.0  364.8781
994.5  356.8263
995.0  349.0801
995.5  342.0096
996.0  335.4032
996.5  328.9282
997.0  322.6573
997.5  317.0868
998.0  312.6084
998.5  308.9989
999.0  305.4515
999.5  301.0787
1000.0  295.4054
